
Objective value: 
2.55652e-05
4789.31
4970.73
4937.11
4922.67
4921.64
4928.51
4921.93
4918.85
4915.87
4910.61
4904.36
4900.64
4899.72
4901.11
4903.67
4907.78
4916.39
4935.19
4950.7
4934.63
4921.29
4912.76
4906.13
4900.25
4894.67
4889.45
4886.34
4885.9
4886.74
4888.95
4893.19
4900.82
4914.6
4935.37
4940.47
4928.35
4918.51
4911.66
4906.08
4901.16
4896.59
4892.48
4889.85
4889.35
4890.29
4892.62
4896.98
4904.94
4920.83
4957.1
4980.88
4952.07
4936.61
4929.11
4923.28
4918.53
4914.21
4910.39
4907.77
4907.11
4907.84
4909.63
4912.64
4917.23
4923.87
4932.29
4939.16
4939.63
4935.54
4930.75
4926.33
4922.27
4918.5
4915.11
4912.75
4912.26
4913.28
4915.43
4918.79
4923.58
4929.77
4936.12
4939.67
4939.02
4936.12
4932.75
4929.45
4926.33
4923.39
4920.8
4918.97
4918.48
4919.28
4921.14
4924.11
4928.42
4934.39
4941.99
4949.39
4952.65
4951.13
4947.86
4944.57
4941.57
4938.97
4936.88
4935.54
4935.18
4935.92
4937.72
4940.57
4944.53
4949.48
4954.64
4958.33
4959.17
4957.72
4955.31
4952.64
4950
4947.48
4945.19
4943.33
4942.21
4941.95
4942.37
4943.22
4944.29
4945.42
4946.39
4947.06
4947.3
4947.09
4946.48
4945.59
4944.53
4943.46
4942.58
4942.09
4942.18
4942.96
4944.48
4946.81
