
Dual Residual: 
1
372015
114001
45106.5
26633.3
26368.3
19434.2
12586
9251.94
8196.16
7638.72
6992.36
6091.72
5187.93
4505.24
4100.59
3925.45
3753.89
3483.35
3124.5
2767.1
2504.04
2365.26
2305.32
2257.25
2181.29
2096.5
2042.35
2033.92
2052.51
2063.71
2060.35
2032.3
1984.48
1928.09
1870.22
1809.13
1741.6
1667.11
1592.4
1526.66
1478.36
1453.17
1445.07
1448.65
1458.52
1470.56
1482.51
1492.9
1499.71
1499.89
1489.89
1466.58
1428.11
1374.27
1306.5
1227.54
1140.81
1047.24
957.933
877.236
810.879
763.674
738.716
736.202
722.09
740.553
784.783
833.756
884.097
932.331
974.969
1010.73
1039.46
1061.64
1077.82
1088.73
1094.76
1096.01
1092.45
1083.95
1070.71
1053.42
1033.29
1011.91
991.09
972.697
958.626
949.584
947.33
951.732
962.208
977.642
996.464
1015.49
1035.48
1054.78
1072.51
1088.06
1101.05
1111.57
1119.97
1126.24
1130.4
1132.4
1132.12
1129.37
1123.94
1115.63
1104.28
1089.9
1072.62
1052.7
1030.58
1007.08
982.634
957.826
933.179
908.992
885.371
862.277
839.557
816.996
794.372
771.527
748.431
725.233
702.301
680.229
659.818
642.015
627.826
618.185
613.816
615.104
622.015
634.098
650.553
670.346
692.335
715.376
738.4
760.457
780.739
798.588
813.499
825.109
833.192
837.648
838.495
835.856
829.955
821.099
809.672
796.125
780.962
764.728
747.992
731.335
715.326
700.501
687.341
676.246
667.514
661.323
657.722
656.634
656.733
660.12
665.204
671.431
678.344
685.519
692.56
699.101
704.809
709.381
712.545
714.068
713.759
711.471
707.105
700.608
691.974
681.242
668.493
653.85
637.476
619.576
600.398
580.23
559.412
538.328
517.411
497.142
478.033
460.618
445.425
432.936
423.547
417.521
414.951
415.75
419.657
426.271
435.105
445.632
457.331
469.723
482.388
495.046
507.523
519.596
531.134
542.074
552.408
562.172
571.438
580.301
588.87
597.256
605.56
613.865
622.228
630.674
639.194
647.745
656.248
664.598
672.662
680.287
687.308
693.55
698.836
702.991
705.849
707.253
707.064
705.16
701.443
695.838
688.298
678.806
667.376
654.055
638.926
622.106
603.753
584.066
563.281
541.682
519.595
497.394
475.496
454.36
434.477
416.361
400.514
387.404
377.412
370.791
367.629
367.831
371.128
377.11
385.279
395.096
406.029
417.581
429.315
440.855
451.894
462.191
471.565
479.892
487.101
493.163
498.093
501.943
504.794
506.756
507.958
508.549
508.686
508.531
508.245
507.98
507.873
508.042
508.576
509.538
510.954
512.82
515.098
517.719
520.589
523.591
526.594
529.456
532.031
534.175
535.751
536.63
536.703
535.876
534.074
531.249
527.373
522.445
516.489
509.254
501.448
492.873
483.616
473.812
463.622
453.224
442.809
432.572
422.708
413.403
404.833
397.158
390.496
384.928
380.493
377.184
374.949
373.702
373.324
373.68
374.621
376.004
377.69
379.561
381.516
383.482
385.413
387.287
389.11
390.913
392.744
394.669
396.764
399.111
401.79
404.876
408.429
412.495
417.096
422.234
427.884
433.998
440.505
447.314
454.318
461.399
468.43
475.281
481.822
487.926
493.473
498.354
502.47
505.736
508.082
509.452
509.809
509.13
507.409
504.658
500.904
496.188
490.567
484.111
476.903
469.035
460.61
451.737
442.532
433.113
423.601
414.114
404.769
395.675
386.933
378.634
370.858
363.668
357.113
351.229
346.035
341.536
337.727
334.592
332.109
330.252
328.993
328.305
328.165
328.552
329.452
330.852
332.746
335.129
337.994
341.338
345.151
349.419
354.122
359.231
364.712
370.518
376.595
382.883
389.312
395.808
402.292
408.682
414.896
420.849
426.462
431.656
436.359
440.501
444.023
446.87
448.996
450.365
450.948
450.728
449.695
447.849
445.201
441.771
437.586
432.684
427.109
420.916
414.164
406.919
399.254
391.246
382.977
374.532
365.997
357.462
349.015
340.744
332.735
325.072
317.832
311.088
304.906
299.343
294.448
290.258
286.802
284.096
282.148
280.952
280.496
280.758
281.71
283.314
285.533
288.32
291.63
295.412
299.615
304.188
309.078
314.23
319.591
325.108
330.725
336.389
342.046
347.643
353.129
358.452
363.563
368.414
372.961
377.162
380.976
384.369
387.309
389.767
391.72
393.151
394.045
394.393
394.191
393.442
392.152
390.332
387.999
385.175
381.884
378.158
374.03
369.537
364.721
359.624
354.292
348.772
343.112
337.361
331.569
325.785
320.055
314.428
308.947
303.656
298.595
293.8
289.305
285.141
281.336
277.911
274.888
272.281
270.103
268.362
267.064
266.208
265.794
265.816
266.264
267.127
268.39
270.034
272.038
274.378
277.029
279.959
283.14
286.536
290.114
293.838
297.669
301.571
305.506
309.435
313.322
317.129
320.821
324.365
327.727
330.879
333.791
336.438
338.797
340.847
342.57
343.951
344.976
345.634
345.919
345.823
345.344
344.48
343.231
341.598
339.586
337.2
334.445
331.33
327.862
324.053
319.914
315.458
310.698
305.651
300.336
294.772
288.984
282.996
276.84
270.549
264.162
257.724
251.283
244.897
238.628
232.546
226.726
221.252
216.211
211.693
207.79
204.591
202.177
200.619
199.973
200.273
201.533
203.745
206.877
210.875
215.672
221.184
227.321
233.985
241.078
248.5
256.155
263.952
271.801
279.621
287.335
294.869
302.16
309.144
315.768
321.98
327.733
332.988
337.707
341.857
345.41
348.342
350.632
352.264
353.224
353.504
353.096
351.998
350.211
347.738
344.587
340.769
336.295
331.184
325.454
319.129
312.236
304.803
296.865
288.459
279.627
270.415
260.875
251.065
241.05
230.903
220.708
210.557
200.558
190.834
181.524
172.784
164.788
157.723
151.783
147.154
143.998
142.43
142.502
144.197
147.423
152.038
157.86
164.695
172.348
180.636
189.392
198.467
207.731
217.07
226.386
235.591
244.61
253.378
261.837
269.936
277.63
284.88
291.651
297.914
303.642
308.813
313.407
317.408
320.803
323.58
325.734
327.257
328.148
328.406
328.033
327.033
325.411
323.177
320.34
316.912
312.908
308.343
303.235
297.604
291.473
284.866
277.811
270.337
262.478
254.27
245.754
236.974
227.981
218.831
209.586
200.32
191.113
182.058
173.263
164.848
156.951
149.725
143.333
137.947
133.731
130.832
129.355
129.357
130.832
133.716
137.895
143.223
149.533
156.659
164.435
172.71
181.344
190.213
199.206
208.228
217.192
226.022
234.651
243.02
251.075
258.77
266.061
272.911
279.286
285.156
290.495
295.279
299.489
303.107
306.12
308.516
310.288
311.427
311.933
311.803
311.039
309.644
307.624
304.987
301.744
297.906
293.487
288.504
282.975
276.92
270.361
263.322
255.831
247.915
239.608
230.943
221.959
212.699
203.21
193.545
183.766
173.941
164.153
154.498
145.089
136.063
127.582
119.838
113.05
107.458
103.301
100.789
100.058
101.141
103.959
108.337
114.046
120.838
128.473
136.738
145.448
154.446
163.601
172.805
181.964
191
199.847
208.446
216.747
224.707
232.288
239.456
246.183
252.44
258.207
263.464
268.192
272.377
276.006
279.071
281.562
283.475
284.806
285.554
285.721
285.308
284.321
282.768
280.656
277.996
274.801
271.084
266.861
262.15
256.97
251.343
245.294
238.848
232.035
224.886
217.438
209.729
201.802
193.705
185.492
177.225
168.97
160.806
152.823
145.12
137.812
131.029
124.91
119.604
115.26
112.017
109.985
109.232
109.777
111.581
114.557
118.584
123.518
129.208
135.504
142.265
149.363
156.682
164.121
171.59
179.012
186.319
193.451
200.356
206.988
213.308
219.28
224.873
230.059
234.815
239.12
242.957
246.311
249.17
251.525
253.368
254.696
255.505
255.796
255.571
254.834
253.59
251.848
249.618
246.911
243.741
240.123
236.074
231.613
226.761
221.54
215.974
210.091
203.92
197.492
190.842
184.008
177.032
169.959
162.841
155.736
148.707
141.828
135.179
128.852
122.948
117.577
112.857
108.906
105.833
103.734
102.673
102.678
103.733
105.783
108.74
112.494
116.926
121.914
127.343
133.106
139.106
145.259
151.489
157.732
163.929
170.031
175.994
181.78
187.355
192.69
197.757
202.536
207.003
211.144
214.94
218.38
221.451
224.144
226.451
228.366
229.885
231.004
231.721
232.038
231.955
231.475
230.602
229.341
227.699
225.683
223.302
220.567
217.486
214.074
210.344
206.31
201.988
197.396
192.552
187.479
182.198
176.735
171.116
165.371
159.533
153.638
147.727
141.843
136.037
130.363
124.882
119.662
114.775
110.3
106.318
102.911
100.157
98.1218
96.8586
96.3975
96.7442
97.8789
99.7581
102.319
105.487
109.179
113.307
117.788
122.541
127.491
132.57
137.717
142.875
147.996
153.037
157.958
162.725
167.308
171.681
175.819
179.702
183.312
186.634
189.655
192.362
194.748
196.805
198.528
199.913
200.958
201.664
202.03
202.061
201.761
201.135
200.191
198.936
197.382
195.539
193.419
191.038
188.409
185.551
182.482
179.221
175.791
172.214
168.515
164.722
160.863
156.969
153.072
149.207
145.411
141.721
138.177
134.82
131.691
128.828
126.272
124.058
122.216
120.775
119.751
119.156
118.992
119.251
119.919
120.972
122.379
124.105
126.109
128.352
130.789
133.379
136.079
138.849
141.652
144.451
147.215
149.912
152.516
155
157.344
159.525
161.528
163.337
164.938
166.32
167.476
168.397
169.079
169.519
169.715
169.668
169.379
168.854
168.096
167.114
165.916
164.512
162.913
161.134
159.187
157.089
154.858
152.512
150.071
147.556
144.989
142.395
139.797
137.222
134.695
132.244
129.894
127.674
125.609
123.724
122.043
120.588
119.378
118.427
117.747
117.346
117.227
117.388
117.823
118.523
119.472
120.654
122.048
123.633
125.383
127.275
129.282
131.379
133.541
135.743
137.961
140.172
142.355
144.489
146.556
148.537
150.416
152.179
153.812
155.304
156.642
157.818
158.823
159.652
160.298
160.756
161.025
161.102
160.986
160.678
160.179
159.492
158.621
157.569
156.343
154.95
153.397
151.692
149.845
147.866
145.768
143.56
141.258
138.874
136.424
133.923
131.387
128.834
126.282
123.75
121.257
118.823
116.469
114.215
112.083
110.091
108.261
106.611
105.157
103.916
102.899
102.116
101.575
101.277
101.223
101.407
101.821
102.455
103.293
104.321
105.519
106.868
108.348
109.937
111.616
113.363
115.159
116.985
118.823
120.655
122.467
124.244
125.971
127.638
129.231
130.743
132.163
133.484
134.7
135.805
136.793
137.662
138.408
139.03
139.527
139.898
140.144
140.267
140.267
140.148
139.914
139.567
139.112
138.555
137.9
137.153
136.321
135.41
134.426
133.377
132.271
131.114
129.915
128.682
127.422
126.144
124.855
123.565
122.28
121.008
119.758
118.536
117.349
116.204
115.108
114.064
113.08
112.158
111.302
110.515
109.799
109.155
108.583
108.083
107.652
107.289
106.991
106.753
106.571
106.44
106.354
106.308
106.295
106.31
106.345
106.395
106.453
106.515
106.573
106.624
106.664
106.688
106.693
106.677
106.639
106.577
106.492
106.384
106.255
106.106
105.94
105.762
105.575
105.384
105.193
105.009
104.836
104.68
104.547
104.442
104.37
104.337
104.347
104.403
104.509
104.667
104.877
105.142
105.459
105.828
106.247
106.712
107.219
107.764
108.34
108.943
109.564
110.198
110.837
111.473
112.099
112.707
113.29
113.839
114.349
114.811
115.22
115.568
115.851
116.063
116.198
116.254
116.226
116.111
115.906
115.61
115.221
114.739
114.164
113.497
112.738
111.891
110.957
109.942
108.847
107.679
106.443
105.146
103.793
102.393
100.954
99.4848
97.9942
96.4923
94.9895
93.4963
92.0238
90.5831
89.1854
87.8418
86.5633
85.3605
84.2433
83.2209
82.3016
81.4927
80.7999
80.2278
79.7794
79.4562
79.258
79.1831
79.2286
79.3898
79.6612
80.0359
80.5064
81.0644
81.701
82.407
83.173
83.9895
84.8471
85.7364
86.6484
87.5744
88.506
89.4351
90.3543
91.2566
92.1353
92.9843
93.7982
94.5719
95.3007
95.9806
96.608
97.1799
97.6937
98.1472
98.5388
98.8672
99.1317
99.3321
99.4684
99.5412
99.5514
99.5004
99.39
99.2222
98.9996
98.725
98.4014
98.0324
97.6215
97.1728
96.6903
96.1784
95.6414
95.0839
94.5106
93.9258
93.3342
92.7402
92.1481
91.562
90.9857
90.4228
89.8766
89.3499
88.8451
88.3645
87.9094
87.4812
87.0805
86.7074
86.3617
86.0428
85.7496
85.4805
85.2338
85.0073
84.7987
84.6053
84.4245
84.2533
84.0888
83.9282
83.7685
83.6069
83.4407
83.2673
83.0845
82.8901
82.6821
82.459
82.2195
81.9625
81.6873
81.3935
81.0811
80.7503
80.4018
80.0365
79.6557
79.2609
78.854
78.4371
78.0127
77.5834
77.1521
76.7218
76.2956
75.877
75.4692
75.0757
74.6999
74.345
74.0144
73.711
73.4379
73.1976
72.9925
72.8247
72.696
72.6077
72.5609
72.5563
72.5941
72.6741
72.796
72.9589
73.1616
73.4026
73.6802
73.9925
74.3372
74.7118
75.1138
75.5406
75.9892
76.4569
76.9406
77.4374
77.9443
78.4583
78.9763
79.4954
80.0126
80.525
81.0298
81.524
82.005
82.47
82.9163
83.3415
83.7429
84.1181
84.4648
84.7807
85.0637
85.3117
85.5228
85.695
85.8268
85.9166
85.9629
85.9646
85.9205
85.8298
85.6917
85.5058
85.2717
84.9894
84.6589
84.2808
83.8554
83.3839
82.867
82.3064
81.7034
81.0599
80.3779
79.6599
78.9081
78.1256
77.3151
76.4799
75.6235
74.7493
73.8611
72.9629
72.0588
71.1529
70.2496
69.3533
68.4685
67.5997
66.7515
65.9282
65.1344
64.3743
63.6521
62.9718
62.3371
61.7513
61.2177
60.7388
60.3169
59.9537
59.6506
59.4083
59.227
59.1063
59.0455
59.0431
59.0973
59.2059
59.3663
59.5755
59.8302
60.1272
60.4627
60.8333
61.2352
61.6648
62.1186
62.5931
63.0848
63.5907
64.1078
64.633
65.1639
65.6978
66.2324
66.7657
67.2955
67.82
68.3375
68.8464
69.3452
69.8324
70.3067
70.7668
71.2114
71.6392
72.0492
72.4401
72.8107
73.1598
73.4863
73.789
74.0666
74.3181
74.5423
74.7379
74.9039
75.0391
75.1425
75.2131
75.2499
75.2519
75.2184
75.1487
75.0421
74.8981
74.7163
74.4966
74.2386
73.9426
73.6088
73.2374
72.829
72.3844
71.9045
71.3903
70.8433
70.2648
69.6565
69.0203
68.3582
67.6725
66.9657
66.2403
65.499
64.7448
63.9808
63.2102
62.4362
61.6624
60.8921
60.129
59.3767
58.6389
57.919
57.2208
56.5477
55.903
55.2902
54.7122
54.1719
53.6719
53.2147
52.8021
52.436
52.1175
51.8477
51.627
51.4555
51.3328
51.2581
51.2303
51.2478
51.3086
51.4104
51.5506
51.7264
51.9347
52.1721
52.4354
52.7211
53.0258
53.3459
53.6781
54.0191
54.3657
54.715
55.064
55.4102
55.7512
56.0848
56.4091
56.7225
57.0233
57.3106
57.5832
57.8405
58.082
58.3073
58.5162
58.709
58.8857
59.0467
59.1926
59.3239
59.4413
59.5456
59.6377
59.7183
59.7885
59.849
59.9007
59.9446
59.9813
60.0116
60.0362
60.0557
60.0704
60.0808
60.0872
60.0895
60.088
60.0824
60.0724
60.0578
60.0381
60.0126
59.9806
59.9413
59.894
59.8375
59.771
59.6934
59.6035
59.5004
59.3828
59.2498
59.1003
58.9332
58.7477
58.5428
58.3179
58.0721
57.8048
57.5157
57.2044
56.8705
56.5142
56.1353
55.7343
55.3113
54.867
54.402
53.9173
53.4138
52.8927
52.3556
51.8037
51.239
50.6631
50.0782
49.4865
48.8901
48.2916
47.6936
47.0987
46.5097
45.9295
45.361
44.8072
44.2711
43.7558
43.2642
42.7994
42.3642
41.9614
41.5937
41.2636
40.9733
40.7251
40.5207
40.3617
40.2494
40.1848
40.1685
40.2006
40.2812
40.4096
40.585
40.8062
41.0715
41.3789
41.7261
42.1104
42.529
42.9787
43.4561
43.9577
44.4797
45.0185
45.5703
46.1311
46.6973
47.265
47.8306
48.3905
48.9412
49.4796
50.0023
50.5065
50.9893
51.4481
51.8806
52.2844
52.6575
52.9981
53.3045
53.5753
53.8092
54.0052
54.1623
54.2799
54.3575
54.3948
54.3917
54.3483
54.2649
54.1419
53.9801
53.7803
53.5435
53.2711
52.9643
52.6248
52.2545
51.8551
51.4289
50.9781
50.505
50.0122
49.5024
48.9782
48.4427
47.8986
47.349
46.797
46.2457
45.6981
45.1575
44.6267
44.1088
43.6067
43.1232
42.6607
42.2216
41.8081
41.422
41.0649
40.738
40.4422
40.1781
39.9457
39.7451
39.5755
39.4363
39.3263
39.2439
39.1876
39.1556
39.1457
39.1558
39.1837
39.2272
39.2838
39.3513
39.4275
39.5102
39.5975
39.6873
39.7778
39.8676
39.955
40.0388
40.1178
40.1913
40.2585
40.3187
40.3718
40.4175
40.4558
40.4871
40.5115
40.5298
40.5425
40.5504
40.5545
40.5558
40.5556
40.5548
40.555
40.5573
40.5632
40.574
40.5911
40.6159
40.6497
40.6937
40.7492
40.8172
40.8989
40.9951
41.1065
41.2337
41.3773
41.5375
41.7142
41.9075
42.117
42.3421
42.5821
42.836
43.1026
43.3806
43.6683
43.9641
44.2659
44.5717
44.8792
45.1862
45.4902
45.7886
46.0791
46.3588
46.6254
46.8763
47.1088
47.3206
47.5092
47.6724
47.808
47.914
47.9883
48.0294
48.0355
48.0054
47.9378
47.8317
47.6864
47.5013
47.2761
47.0107
46.7054
46.3604
45.9767
45.5551
45.0969
44.6038
44.0774
43.5201
42.9343
42.3227
41.6885
41.0351
40.3662
39.6859
38.9986
38.3091
37.6223
36.9435
36.2783
35.6324
35.0119
34.4227
33.8707
33.362
32.9022
32.4966
32.1498
31.8661
31.6488
31.5
31.4213
31.4128
31.4739
31.6026
31.7961
32.051
32.3629
32.7269
33.1377
33.5898
34.0775
34.595
35.1368
35.6971
36.2708
36.8527
37.4379
38.022
38.6007
39.1702
39.7268
40.2673
40.7888
41.2885
41.7642
42.2137
42.6352
43.0272
43.3884
43.7177
44.0143
44.2775
44.507
44.7026
44.8642
44.9919
45.086
45.1471
45.1758
45.1727
45.1387
45.075
44.9824
44.8624
44.7162
44.5452
44.351
44.1352
43.8994
43.6454
43.3749
43.09
42.7923
42.4839
42.1667
41.8426
41.5136
41.1816
40.8485
40.5161
40.1863
39.8608
39.5413
39.2292
38.9262
38.6335
38.3525
38.0842
37.8295
37.5894
37.3644
37.155
36.9615
36.7841
36.6227
36.4771
36.3468
36.2314
36.13
36.0418
35.9658
35.9009
35.8459
35.7994
35.7602
35.7269
35.6982
35.6727
35.6492
35.6265
35.6035
35.5792
35.5528
35.5236
35.4911
35.4551
35.4152
35.3717
35.3247
35.2747
35.2223
35.1683
35.1136
35.0594
35.0069
34.9574
34.9123
34.873
34.8411
34.818
34.8052
34.8039
34.8154
34.8408
34.8811
34.9371
35.0092
35.0979
35.2033
35.3253
35.4635
35.6175
35.7865
35.9695
36.1653
36.3728
36.5904
36.8166
37.0497
37.288
37.5297
37.7729
38.0158
38.2566
38.4933
38.7242
38.9475
39.1614
39.3644
39.5548
39.731
39.8917
40.0356
40.1612
40.2676
40.3536
40.4182
40.4606
40.48
40.4758
40.4474
40.3944
40.3165
40.2133
40.0849
39.9312
39.7523
39.5485
39.3201
39.0676
38.7915
38.4926
38.1716
37.8295
37.4674
37.0865
36.688
36.2734
35.8443
35.4024
34.9494
34.4873
34.0181
33.544
33.0673
32.5903
32.1155
31.6456
31.183
30.7306
30.2911
29.8672
29.4617
29.0775
28.7171
28.3832
28.0783
27.8049
27.565
27.3608
27.194
27.066
26.9781
26.9312
26.9259
26.9624
27.0406
27.16
27.3198
27.5188
27.7555
28.0281
28.3345
28.6722
29.0387
29.4311
29.8465
30.2817
30.7337
31.1992
31.6751
32.1582
32.6454
33.1338
33.6206
34.1031
34.5788
35.0452
35.5003
35.9419
36.3683
36.7778
37.169
37.5405
37.8911
38.2198
38.5258
38.8082
39.0666
39.3002
39.5087
39.6917
39.849
39.9804
40.0856
40.1646
40.2174
40.2438
40.244
40.2178
40.1655
40.087
39.9824
39.8518
39.6954
39.5131
39.3052
39.0717
38.8128
38.5287
38.2195
37.8856
37.527
37.1443
36.7377
36.3076
35.8547
35.3795
34.8827
34.3653
33.8281
33.2724
32.6993
32.1103
31.507
30.8913
30.2652
29.6309
28.9909
28.3479
27.705
27.0653
26.4323
25.8099
25.202
24.6128
24.0469
23.5089
23.0032
22.5348
22.108
21.7273
21.3966
21.1195
20.8989
20.7373
20.6362
20.5968
20.6192
20.7034
20.8483
21.0527
21.3146
21.6319
22.0017
22.4211
22.8866
23.3945
23.9408
24.5214
25.132
25.7683
26.4261
27.1011
27.7894
28.487
29.1903
29.8959
30.6004
31.301
31.9948
32.6791
33.3517
34.0103
34.6528
35.2773
35.882
36.4651
37.025
37.5602
38.0692
38.5505
39.0027
39.4245
39.8145
40.1715
40.4942
40.7815
41.0324
41.2457
41.4206
41.5564
41.6522
41.7076
41.722
41.6951
41.6266
41.5162
41.3639
41.1697
40.9335
40.6555
40.3358
39.9747
39.5723
39.1292
38.6456
38.1221
37.5592
36.9576
36.3181
35.6414
34.9285
34.1805
33.3987
32.5843
31.7388
30.8638
29.9612
29.033
28.0813
27.1086
26.1176
25.1116
24.0938
23.0684
22.0401
21.0143
19.9975
18.9977
18.0243
17.0888
16.2051
15.3893
14.6597
14.0356
13.5347
13.1701
12.947
12.861
12.9013
13.0564
13.3193
13.6879
14.1616
14.7381
15.4131
16.1801
17.0302
17.952
18.9317
19.9542
21.0041
22.0667
23.1287
24.1792
25.2092
26.2123
27.1837
28.1203
29.0202
29.8823
30.7058
31.4906
32.2366
32.9444
33.6148
34.2487
34.8477
35.4135
35.9479
36.4527
36.9294
37.3791
37.8024
38.1993
38.5692
38.9107
39.2221
39.5013
39.7461
39.9545
40.1245
40.2549
40.3447
40.3936
40.4019
40.3703
40.2999
40.1922
40.0484
39.8703
39.659
39.4159
39.1419
38.8378
38.5039
38.1406
37.7478
37.3254
36.873
36.3903
35.8769
35.3326
34.7571
34.1506
33.5135
32.8464
32.1503
31.4266
30.6771
29.9038
29.1091
28.2957
27.4665
26.6244
25.7726
24.9143
24.0528
23.1911
22.3325
21.4802
20.6372
19.8069
18.9924
18.1975
17.4261
16.6825
15.972
15.3004
14.6745
14.1018
13.5902
13.1478
12.7815
12.4971
12.298
12.186
12.1613
12.2246
12.3771
12.621
12.9585
13.3913
13.9188
14.5382
15.2432
16.0242
16.868
17.7595
18.6825
19.6214
20.562
21.493
22.4056
23.294
24.1546
24.9859
25.7878
26.5615
27.3083
28.0299
28.7281
29.4044
30.0601
30.6962
31.3134
31.9123
32.4932
33.056
33.6002
34.125
34.629
35.1106
35.5674
35.9969
36.3966
36.7635
37.0952
37.3893
37.6439
37.8577
38.03
38.1607
38.2502
38.2995
38.3097
38.2823
38.2185
38.1197
37.9868
37.8205
37.6211
37.3888
37.1232
36.8237
36.4898
36.1206
35.7156
35.274
34.7955
34.2798
33.7272
33.138
32.5133
31.8542
31.1624
30.4402
29.6899
28.9144
28.1169
27.3008
26.4697
25.6273
24.7775
23.9243
23.0714
22.2229
21.3826
20.5544
19.7423
18.9503
18.1828
17.4444
16.74
16.075
15.4555
14.8877
14.3783
13.9338
13.5599
13.2619
13.0432
12.9062
12.8521
12.8812
12.9942
13.1915
13.4731
13.8385
14.2857
14.8107
15.4072
16.0666
16.7783
17.5299
18.3087
19.102
19.8982
20.6874
21.4618
22.2158
22.9456
23.6494
24.3268
24.9786
25.606
26.211
26.7956
27.3616
27.9108
28.4446
28.9641
29.4701
29.9628
30.442
30.9074
31.3577
31.7916
32.2073
32.6025
32.975
33.322
33.6411
33.93
34.1864
34.4088
34.5958
34.7468
34.8617
34.9407
34.9847
34.9948
34.9723
34.9186
34.835
34.7229
34.5831
34.4165
34.2234
34.0041
33.7585
33.4863
33.1871
32.8604
32.5059
32.1232
31.7122
31.273
30.8062
30.3125
29.7931
29.2498
28.6845
28.0998
27.4985
26.8837
26.2588
25.6276
24.9939
24.3613
23.7339
23.1153
22.5092
21.9189
21.3475
20.798
20.2729
19.7744
19.3048
18.8656
18.4588
18.0857
17.7478
17.4467
17.1838
16.9605
16.7782
16.6381
16.5415
16.4892
16.4817
16.5191
16.601
16.7264
16.8936
17.1003
17.3436
17.62
17.9256
18.2562
18.6073
18.9744
19.3535
19.7405
20.132
20.5251
20.9175
21.3075
21.6938
22.0758
22.4534
22.8265
23.1955
23.5609
23.9231
24.2825
24.6394
24.9938
25.3456
25.6943
26.0394
26.38
26.715
27.0431
27.363
27.6734
27.9726
28.2592
28.5319
28.7894
29.0305
29.2541
29.4594
29.6457
29.8125
29.9593
30.0859
30.1921
30.2778
30.343
30.3877
30.4118
30.4154
30.3985
30.3609
30.3027
30.2239
30.1244
30.0043
29.8638
29.7029
29.522
29.3215
29.102
28.8641
28.6087
28.3367
28.0493
27.7477
27.4333
27.1075
26.7718
26.4279
26.0774
25.7218
25.3628
25.0021
24.6411
24.2814
23.9244
23.5715
23.2239
22.883
22.5498
22.2256
21.9114
21.6082
21.3172
21.0392
20.7753
20.5265
20.2936
20.0776
19.8793
19.6994
19.5387
19.3977
19.277
19.1768
19.0973
19.0387
19.0007
18.9833
18.9861
19.0085
19.05
19.11
19.1876
19.2822
19.393
19.519
19.6596
19.8139
19.9813
20.1608
20.352
20.5539
20.7661
20.9878
21.2184
21.4572
21.7034
21.9564
22.2154
22.4794
22.7476
23.0191
23.2929
23.5678
23.8429
24.1168
24.3885
24.6568
24.9204
25.1781
25.4286
25.6709
25.9036
26.1258
26.3361
26.5336
26.7173
26.8861
27.0392
27.1757
27.2948
27.3959
27.4782
27.5413
27.5845
27.6076
27.6101
27.5918
27.5526
27.4924
27.4112
27.3092
27.1865
27.0437
26.881
26.6991
26.4986
26.2804
26.0453
25.7943
25.5286
25.2494
24.958
24.6559
24.3445
24.0255
23.7007
23.3717
23.0404
22.7087
22.3785
22.0518
21.7305
21.4166
21.1121
20.8188
20.5384
20.2729
20.0237
19.7923
19.58
19.388
19.2171
19.0682
18.9415
18.8376
18.7562
18.6973
18.6603
18.6447
18.6496
18.6739
18.7165
18.7761
18.8513
18.9405
19.0423
19.155
19.2772
19.4074
19.5442
19.6861
19.8321
19.9809
20.1316
20.2833
20.4354
20.5872
20.7382
20.8883
21.037
21.1844
21.3302
21.4746
21.6175
21.759
21.8992
22.0382
22.176
22.3127
22.4481
22.5824
22.7154
22.8468
22.9766
23.1043
23.2297
23.3524
23.4719
23.5876
23.6992
23.8059
23.9072
24.0025
24.091
24.1722
24.2453
24.3096
24.3646
24.4094
24.4436
24.4665
24.4775
24.4761
24.462
24.4346
24.3938
24.3392
24.2707
24.1882
24.0919
23.9818
23.8581
23.7213
23.5718
23.4101
23.2369
23.0529
22.8591
22.6563
22.4455
22.228
22.0047
21.7771
21.5463
21.3137
21.0807
20.8486
20.6189
20.393
20.1723
19.9581
19.7518
19.5546
19.3678
19.1925
19.0296
18.8801
18.7448
18.6243
18.5192
18.4296
18.3559
18.2981
18.256
18.2294
18.2178
18.2209
18.2379
18.268
18.3106
18.3647
18.4295
18.504
18.5873
18.6786
18.7769
18.8814
18.9914
19.1061
19.225
19.3474
19.4728
19.601
19.7314
19.8638
19.9979
20.1337
20.2708
20.4092
20.5488
20.6893
20.8308
20.973
21.1159
21.2591
21.4026
21.546
21.689
21.8313
21.9725
22.1121
22.2498
22.3848
22.5168
22.6449
22.7687
22.8875
23.0004
23.1068
23.2059
23.2969
23.3791
23.4516
23.5137
23.5647
23.6036
23.6299
23.6429
23.6418
23.626
23.5952
23.5486
23.4861
23.4071
23.3116
23.1994
23.0704
22.9248
22.7627
22.5844
22.3903
22.181
21.9571
21.7194
21.4687
21.2062
20.9328
20.65
20.3758
20.0732
19.7667
19.4567
19.1445
18.8318
18.5207
18.213
17.9109
17.6168
17.3328
17.0612
16.8041
16.5636
16.3415
16.1396
15.9596
15.8029
15.6707
15.5638
15.4829
15.4284
15.4
15.3975
15.42
15.4667
15.5362
15.6272
15.7382
15.8674
16.0131
16.1738
16.3475
16.5327
16.7278
16.9312
17.1414
17.357
17.5768
17.7996
18.0241
18.2494
18.4745
18.6987
18.9211
19.1411
19.3582
19.5718
19.7815
19.9869
20.1877
20.3835
20.5743
20.7596
20.9393
21.1132
21.281
21.4426
21.5976
21.746
21.8873
22.0214
22.1479
22.2665
22.3769
22.4787
22.5716
22.6551
22.7289
22.7926
22.8456
22.8877
22.9184
22.9373
22.9439
22.938
22.9191
22.887
22.8412
22.7815
22.7077
22.6195
22.5169
22.3996
22.2676
22.121
21.9597
21.7839
21.5938
21.3895
21.1715
20.9402
20.696
20.4394
20.1712
19.892
19.6028
19.3043
18.9978
18.6841
18.3646
18.0405
17.7133
17.3844
17.0553
16.7278
16.4035
16.0842
15.7719
15.4684
15.1757
14.8957
14.6304
14.3817
14.1515
13.9416
13.7535
13.5888
13.4487
13.3343
13.2464
13.1854
13.1516
13.1449
13.1648
13.2108
13.2819
13.377
13.4949
13.6339
13.7926
13.9694
14.1626
14.3705
14.5916
14.8241
15.0667
15.3177
15.576
15.8401
16.1089
16.3813
16.6561
16.9326
17.2097
17.4866
17.7627
18.0371
18.3091
18.5783
18.8439
19.1053
19.3621
19.6137
19.8595
20.099
20.3317
20.5571
20.7747
20.9839
21.1843
21.3752
21.5562
21.7268
21.8864
22.0345
22.1706
22.2942
22.4047
22.5018
22.5848
22.6534
22.707
22.7454
22.768
22.7745
22.7646
22.7379
22.6943
22.6333
22.555
22.459
22.3454
22.2141
22.065
21.8982
21.7138
21.5121
21.2931
21.0573
20.8049
20.5363
20.2521
19.9527
19.6389
19.3112
18.9704
18.6175
18.2532
17.8786
17.4947
17.1028
16.7042
16.3001
15.892
15.4816
15.0705
14.6606
14.2538
13.8522
13.458
13.0737
12.7016
12.3444
12.0048
11.6858
11.3901
11.1207
10.8803
10.6715
10.4969
10.3584
10.2576
10.1957
10.1733
10.1901
10.2456
10.3385
10.467
10.629
10.822
11.0433
11.2902
11.5599
11.8496
12.1567
12.4786
12.8128
13.1573
13.5099
13.8687
14.232
14.5981
14.9656
15.3331
15.6995
16.0635
16.4241
16.7803
17.1313
17.4762
17.8142
18.1445
18.4665
18.7795
19.0829
19.3761
19.6585
19.9295
20.1886
20.4353
20.6691
20.8896
21.0962
21.2885
21.4661
21.6285
21.7754
21.9064
22.0212
22.1193
22.2005
22.2644
22.3108
22.3394
22.35
22.3424
22.3164
22.2719
22.2088
22.1268
22.0262
21.9067
21.7684
21.6114
21.4358
21.2416
21.0292
20.7986
20.5502
20.2843
20.0011
19.7012
19.3848
19.0526
18.705
18.3426
17.9661
17.5762
17.1735
16.7589
16.3334
15.8977
15.453
15.0003
14.5409
14.0761
13.6072
13.1358
12.6637
12.1927
11.7248
11.2625
10.8082
10.3648
9.93559
9.52402
9.13404
8.76995
8.43638
8.13818
7.8803
7.66755
7.50431
7.39416
7.33959
7.34173
7.40018
7.51311
7.67741
7.88898
8.14314
8.4349
8.75926
9.11142
9.48689
9.88156
10.2917
10.7141
11.1457
11.584
12.0266
12.4715
12.9169
13.3611
13.8027
14.2404
14.6729
15.0993
15.5184
15.9294
16.3313
16.7235
17.1051
17.4755
17.834
18.1799
18.5127
18.8318
19.1366
19.4267
19.7016
19.9607
20.2037
20.4301
20.6396
20.8317
21.0061
21.1624
21.3004
21.4197
21.5201
21.6014
21.6632
21.7055
21.7281
21.7307
21.7134
21.676
21.6184
21.5406
21.4427
21.3247
21.1866
21.0285
20.8506
20.653
20.4359
20.1996
19.9443
19.6703
19.3779
19.0676
18.7397
18.3947
18.0331
17.6553
17.262
16.8537
16.4311
15.9949
15.5459
15.0848
14.6126
14.1301
13.6383
13.1385
12.6316
12.1191
11.6025
11.0833
10.5633
10.0448
9.53004
9.02183
8.52346
8.03876
7.57229
7.12943
6.71652
6.34091
6.01086
5.73527
5.52303
5.38207
5.31815
5.33383
5.42787
5.59549
5.82926
6.12035
6.45953
6.83807
7.24811
7.68282
8.13642
8.60403
9.08158
9.56567
10.0534
10.5424
11.0305
11.516
11.9973
12.4731
12.9421
13.4032
13.8555
14.2982
14.7303
15.1511
15.5601
15.9565
16.3397
16.7093
17.0646
17.4053
17.7308
18.0407
18.3346
18.6121
18.8729
19.1166
19.343
19.5516
19.7424
19.9148
20.0689
20.2043
20.3208
20.4183
20.4966
20.5555
20.5951
20.6151
20.6156
20.5964
20.5577
20.4993
20.4213
20.3238
20.2069
20.0707
19.9154
19.741
19.5479
19.3363
19.1064
18.8586
18.5931
18.3104
18.0109
17.6949
17.3631
17.0158
16.6538
16.2775
15.8877
15.485
15.0702
14.6441
14.2077
13.7619
13.3076
12.8461
12.3786
11.9065
11.4313
10.9546
10.4783
10.0047
9.53601
9.07515
8.62525
8.18997
7.77354
7.38077
7.01713
6.68865
6.40185
6.16341
5.9797
5.85618
5.79672
5.803
5.87425
6.00733
6.19723
6.43764
6.72175
7.04271
7.39405
7.76991
8.16509
8.57505
8.99591
9.42429
9.85731
10.2925
10.7277
11.161
11.5908
12.0157
12.4344
12.8458
13.2488
13.6426
14.0263
14.3992
14.7606
15.1099
15.4465
15.7699
16.0796
16.3752
16.6562
16.9223
17.1731
17.4084
17.6278
17.831
18.0179
18.1882
18.3417
18.4783
18.5978
18.7
18.785
18.8526
18.9027
18.9354
18.9506
18.9483
18.9286
18.8916
18.8373
18.7659
18.6775
18.5722
18.4504
18.3121
18.1577
17.9875
17.8018
17.6008
17.3852
17.1551
16.9112
16.6538
16.3836
16.1012
15.8071
15.5021
15.1868
14.8622
14.5289
14.188
13.8404
13.4872
13.1295
12.7685
12.4057
12.0424
11.6803
11.3209
10.9663
10.6183
10.2791
9.95112
9.63678
9.33873
9.05974
8.80267
8.5704
8.36579
8.19151
8.05002
7.94333
7.87299
7.83989
7.84427
7.88565
7.96288
8.0742
8.21736
8.38974
8.58848
8.81061
9.05313
9.31311
9.58773
9.87435
10.1705
10.4739
10.7824
11.0941
11.4073
11.7204
12.0319
12.3405
12.6451
12.9446
13.2379
13.5242
13.8027
14.0727
14.3334
14.5843
14.8248
15.0544
15.2726
15.4791
15.6735
15.8554
16.0245
16.1806
16.3234
16.4528
16.5686
16.6705
16.7586
16.8327
16.8927
16.9387
16.9705
16.9882
16.9919
16.9816
16.9573
16.9192
16.8675
16.8022
16.7236
16.6318
16.5272
16.4099
16.2802
16.1385
15.9852
15.8205
15.645
15.459
15.2631
15.0578
14.8435
14.621
14.3908
14.1537
13.9104
13.6616
13.4083
13.1512
12.8914
12.6298
12.3676
12.1058
11.8458
11.5886
11.3358
11.0887
10.8488
10.6176
10.3967
10.1877
9.9921
9.81161
9.64774
9.50197
9.37566
9.27002
9.18607
9.1246
9.08616
9.07101
9.07913
9.11021
9.16365
9.23861
9.33402
9.44862
9.581
9.72962
9.89291
10.0692
10.2569
10.4544
10.66
10.8724
11.0898
11.3111
11.5349
11.7598
11.9848
12.2088
12.4308
12.6497
12.8648
13.0752
13.2802
13.4791
13.6712
13.8559
14.0328
14.2013
14.361
14.5115
14.6524
14.7834
14.9041
15.0144
15.1139
15.2026
15.2801
15.3464
15.4014
15.4449
15.477
15.4975
15.5064
15.5038
15.4897
15.4641
15.4272
15.379
15.3196
15.2492
15.168
15.0762
14.9739
14.8615
14.7392
14.6073
14.4662
14.3161
14.1575
13.9908
13.8164
13.6348
13.4465
13.2521
13.0521
12.8473
12.6381
12.4255
12.2101
11.9927
11.7742
11.5556
11.3377
11.1216
10.9085
10.6992
10.4952
10.2976
10.1076
9.92645
9.75557
9.59619
9.4496
9.31703
9.19965
9.09854
9.01468
8.94886
8.90174
8.87379
8.86524
8.87613
8.90628
8.9553
9.02259
9.10739
9.20876
9.32565
9.4569
9.60126
9.75744
9.92415
10.1
10.2838
10.4742
10.6699
10.8698
11.0727
11.2774
11.483
11.6884
11.8927
12.095
12.2945
12.4905
12.6821
12.8688
13.0499
13.2248
13.393
13.5539
13.7071
13.8523
13.9889
14.1167
14.2353
14.3444
14.4437
14.5332
14.6124
14.6813
14.7396
14.7874
14.8244
14.8506
14.8659
14.8703
14.8639
14.8465
14.8182
14.7792
14.7294
14.669
14.5981
14.5167
14.4252
14.3237
14.2123
14.0913
13.961
13.8215
13.6733
13.5166
13.3518
13.1792
12.9992
12.8123
12.619
12.4196
12.2147
12.005
11.7909
11.5731
11.3524
11.1293
10.9048
10.6796
10.4546
10.2308
10.0091
9.79058
9.57642
9.36778
9.16587
8.972
8.7875
8.61371
8.45203
8.30382
8.17042
8.05311
7.95307
7.87137
7.80891
7.7664
7.74432
7.74294
7.76225
7.802
7.86172
7.94068
8.038
8.15261
8.28331
8.42881
8.58776
8.75877
8.94044
9.13141
9.3303
9.53583
9.74671
9.96176
10.1798
10.3998
10.6208
10.8417
11.0616
11.2798
11.4953
11.7076
11.9159
12.1195
12.3178
12.5103
12.6965
12.8758
13.0478
13.2121
13.3683
13.516
13.655
13.7848
13.9052
14.0159
14.1168
14.2076
14.2881
14.3582
14.4176
14.4664
14.5043
14.5313
14.5474
14.5524
14.5464
14.5294
14.5013
14.4622
14.4122
14.3512
14.2794
14.197
14.1039
14.0004
13.8865
13.7626
13.6286
13.485
13.3319
13.1695
12.9982
12.8182
12.6299
12.4336
12.2296
12.0184
11.8005
11.5762
11.346
11.1106
10.8704
10.6262
10.3785
10.1281
9.87573
9.62232
9.36875
9.116
8.86517
8.61741
8.37399
8.13627
7.90572
7.68392
7.47253
7.2733
7.08808
6.91871
6.76707
6.63499
6.52417
6.43615
6.37221
6.33335
6.32015
6.33284
6.3712
6.43461
6.52209
6.63234
6.76381
6.91478
7.08342
7.26783
7.46613
7.67649
7.89712
8.12633
8.36252
8.60422
8.85003
9.09866
9.34892
9.59971
9.85002
10.0989
10.3455
10.589
10.8286
11.0638
11.2937
11.5179
11.7358
11.9468
12.1506
12.3466
12.5344
12.7137
12.8842
13.0454
13.1971
13.339
13.4709
13.5926
13.7037
13.8042
13.8938
13.9724
14.04
14.0963
14.1412
14.1748
14.1969
14.2076
14.2067
14.1942
14.1703
14.1348
14.0879
14.0296
13.96
13.8791
13.7872
13.6842
13.5703
13.4458
13.3106
13.1652
13.0096
12.844
12.6688
12.4841
12.2903
12.0877
11.8765
11.6571
11.4299
11.1953
10.9537
10.7055
10.4512
10.1914
9.92663
9.65748
9.38463
9.10878
8.83073
8.55135
8.27157
7.99244
7.71512
7.44087
7.17113
6.90745
6.65159
6.40547
6.17121
5.95109
5.74758
5.56328
5.40083
5.26286
5.15181
5.06985
5.01867
4.99934
5.01226
5.05708
5.13273
5.23755
5.36938
5.52576
5.70405
5.90155
6.11565
6.34384
6.58378
6.83332
7.09049
7.35353
7.62082
7.89093
8.16256
8.43453
8.70577
8.97534
9.24236
9.50602
9.76561
10.0205
10.2699
10.5135
10.7506
10.9808
11.2037
11.4187
11.6255
11.8239
12.0133
12.1936
12.3644
12.5255
12.6766
12.8176
12.9481
13.0681
13.1773
13.2756
13.3629
13.439
13.5039
13.5575
13.5996
13.6302
13.6494
13.657
13.6531
13.6376
13.6107
13.5722
13.5223
13.461
13.3884
13.3046
13.2097
13.1039
12.9871
12.8597
12.7217
12.5734
12.4149
12.2464
12.0682
11.8805
11.6837
11.4778
11.2633
11.0406
10.8098
10.5714
10.3258
10.0734
9.81465
9.55004
9.2801
9.00539
8.72653
8.4442
8.15913
7.87215
7.58415
7.29615
7.00927
6.72476
6.44408
6.16882
5.90082
5.64216
5.39518
5.1625
4.94703
4.75191
4.58045
4.43602
4.32182
4.24066
4.19467
4.18511
4.21217
4.27495
4.37159
4.49946
4.65543
4.83613
5.03815
5.25824
5.49334
5.7407
5.99783
6.26254
6.53287
6.80713
7.08381
7.36157
7.63922
7.91573
8.19015
8.46163
8.72941
8.9928
9.25117
9.50395
9.7506
9.99063
10.2236
10.4491
10.6667
10.8762
11.077
11.2691
11.452
11.6255
11.7893
11.9433
12.0872
12.2209
12.3442
12.4569
12.5589
12.65
12.7303
12.7995
12.8577
12.9046
12.9405
12.965
12.9784
12.9805
12.9714
12.9511
12.9197
12.8772
12.8237
12.7592
12.6839
12.5979
12.5013
12.3942
12.2769
12.1494
12.012
11.8649
11.7083
11.5423
11.3674
11.1837
10.9916
10.7913
10.5832
10.3675
10.1448
9.91542
9.67973
9.43821
9.19137
8.93973
8.68387
8.4244
8.16199
7.89738
7.63139
7.36489
7.09886
6.8344
6.57272
6.31517
6.06326
5.81869
5.58334
5.3593
5.14887
4.95454
4.77895
4.62485
4.49493
4.39173
4.31743
4.27371
4.26151
4.28101
4.33157
4.41177
4.5196
4.6526
4.80805
4.98314
5.17513
5.38137
5.59943
5.82708
6.06231
6.30331
6.54847
6.79636
7.0457
7.29536
7.54431
7.79164
8.03653
8.27824
8.51608
8.74945
8.97779
9.20059
9.41737
9.6277
9.83119
10.0275
10.2162
10.3971
10.5698
10.7341
10.8897
11.0365
11.1742
11.3027
11.4217
11.5311
11.6309
11.7208
11.8008
11.8707
11.9306
11.9804
12.02
12.0494
12.0687
12.0777
12.0765
12.0653
12.0439
12.0125
11.9711
11.9199
11.8589
11.7883
11.7082
11.6188
11.5202
11.4126
11.2961
11.1711
11.0377
10.8962
10.7469
10.59
10.4258
10.2547
10.077
9.89306
9.70328
9.50809
9.30792
9.10325
8.89461
8.68252
8.46759
8.25045
8.03176
7.81228
7.59279
7.37416
7.1573
6.94322
6.73302
6.52786
6.32901
6.13782
5.95573
5.78425
5.62495
5.47945
5.34936
5.23621
5.14148
5.06644
5.01213
4.97932
4.96841
4.97944
5.01209
5.06565
5.13913
5.23125
5.34056
5.46547
5.60433
5.75548
5.91728
6.08815
6.26659
6.45118
6.64062
6.83369
7.02926
7.22632
7.42391
7.62117
7.8173
8.01158
8.20335
8.39199
8.57693
8.75767
8.93373
9.10466
9.27008
9.42961
9.5829
9.72965
9.86957
10.0024
10.1279
10.2459
10.3561
10.4584
10.5526
10.6386
10.7162
10.7854
10.8461
10.8982
10.9417
10.9764
11.0024
11.0198
11.0284
11.0283
11.0195
11.0022
10.9763
10.942
10.8993
10.8484
10.7893
10.7223
10.6475
10.5651
10.4753
10.3782
10.2741
10.1632
10.0459
9.92234
9.79286
9.65778
9.51744
9.37221
9.22248
9.06864
8.91114
8.75045
8.58705
8.42146
8.25426
8.08601
7.91736
7.74895
7.5815
7.41574
7.25245
7.09245
6.93661
6.78581
6.64097
6.50306
6.37302
6.25183
6.14045
6.0398
5.95076
5.87414
5.81065
5.76088
5.72531
5.70424
5.69779
5.70595
5.72849
5.76504
5.81508
5.87794
5.95286
6.03896
6.13533
6.24099
6.35495
6.47621
6.60379
6.73671
6.87406
7.01492
7.15844
7.30381
7.45026
7.59707
7.74356
7.88909
8.03307
8.17495
8.3142
8.45035
8.58295
8.71157
8.83585
8.95542
9.06995
9.17914
9.28271
9.38041
9.47199
9.55726
9.63602
9.70809
9.77334
9.83163
9.88283
9.92687
9.96365
9.99312
10.0152
10.03
10.0373
10.0373
10.0298
10.0151
9.99306
9.96384
9.92749
9.88413
9.83388
9.77686
9.71325
9.64319
9.56689
9.48455
9.39638
9.30264
9.20359
9.0995
8.99068
8.87745
8.76016
8.63916
8.51485
8.38765
8.258
8.12635
7.9932
7.85908
7.72452
7.59009
7.45642
7.32411
7.19384
7.06628
6.94214
6.82214
6.70702
6.59752
6.49439
6.39838
6.31019
6.23052
6.16001
6.09927
6.04879
6.00903
5.98031
5.96289
5.95687
5.96227
5.97898
6.00677
6.04531
6.09417
6.15284
6.22073
6.29717
6.38149
6.47294
6.57078
6.67426
6.7826
6.89505
7.01089
7.12939
7.24986
7.37163
7.49406
7.61655
7.73852
7.85941
7.9787
8.09592
8.21059
8.32228
8.43058
8.53512
8.63554
8.73151
8.82272
8.90888
8.98973
9.06503
9.13455
9.19809
9.25547
9.30652
9.35111
9.38908
9.42035
9.44481
9.46239
9.47302
9.47667
9.47331
9.46293
9.44553
9.42115
9.38981
9.35158
9.30653
9.25475
9.19635
9.13144
9.06018
8.98273
8.89925
8.80996
8.71506
8.6148
8.50943
8.39923
8.28451
8.16559
8.04282
7.91658
7.78727
7.65532
7.5212
7.3854
7.24844
7.11089
6.97334
6.83643
6.70081
6.56719
6.43633
6.30897
6.18595
6.06807
5.9562
5.8512
5.75392
5.66521
5.5859
5.51675
5.45846
5.41167
5.37688
5.35449
5.34477
5.34784
5.36366
5.39206
5.43272
5.4852
5.54893
5.62326
5.70745
5.8007
5.90219
6.01105
6.12642
6.24744
6.37326
6.50305
6.63602
6.77138
6.90842
7.04642
7.18474
7.32272
7.4598
7.5954
7.729
7.8601
7.98825
8.113
8.23394
8.35069
8.4629
8.57022
8.67235
8.76898
8.85986
8.94473
9.02335
9.09552
9.16103
9.21971
9.2714
9.31595
9.35323
9.38312
9.40553
9.42038
9.42759
9.42712
9.41892
9.40297
9.37927
9.34781
9.30863
9.26175
9.20722
9.14512
9.07552
8.99852
8.91422
8.82276
8.72428
8.61894
8.50691
8.3884
8.26362
8.1328
7.9962
7.8541
7.70679
7.5546
7.39789
7.23704
7.07246
6.9046
6.73395
6.56104
6.38645
6.2108
6.03479
5.85915
5.68472
5.51237
5.3431
5.17795
5.01809
4.86475
4.71927
4.58305
4.45756
4.34431
4.24479
4.16044
4.09258
4.04237
4.01071
3.99819
4.00507
4.03124
4.07625
4.13931
4.21937
4.31518
4.42534
4.54838
4.6828
4.82712
4.9799
5.13978
5.30549
5.47584
5.64972
5.82611
6.00409
6.18281
6.36146
6.53934
6.71578
6.89017
7.06194
7.23057
7.39558
7.55653
7.713
7.8646
8.01098
8.1518
8.28675
8.41554
8.5379
8.65359
8.76236
8.86401
8.95834
9.04516
9.12431
9.19563
9.25898
9.31424
9.36131
9.40008
9.43046
9.45239
9.46581
9.47067
9.46694
9.4546
9.43364
9.40406
9.36589
9.31914
9.26386
9.2001
9.12792
9.04741
8.95865
8.86173
8.75679
8.64393
8.52331
8.39506
8.25936
8.11639
7.96633
7.8094
7.64581
7.4758
7.29964
7.11759
6.92996
6.73705
6.5392
6.3368
6.13024
5.91995
5.70642
5.49018
5.27181
5.05197
4.8314
4.61094
4.39156
4.17438
3.96069
3.752
3.55012
3.35713
3.17549
3.00804
2.85796
2.72878
2.62409
2.54733
2.50138
2.48809
2.50801
2.56024
2.64263
2.75213
2.88521
3.03824
3.20777
3.39067
3.58417
3.78591
3.99387
4.20632
4.42179
4.63903
4.85698
5.07468
5.29133
5.50622
5.71869
5.9282
6.13422
6.33628
6.53396
6.72688
6.91467
7.097
7.27356
7.44406
7.60824
7.76585
7.91666
8.06044
8.197
8.32614
8.4477
8.56151
8.66742
8.76529
8.855
8.93643
9.00949
9.07407
9.1301
9.17751
9.21623
9.24623
9.26746
9.2799
9.28353
9.27835
9.26435
9.24155
9.20998
9.16967
9.12067
9.06304
8.99682
8.92211
8.83899
8.74754
8.64788
8.54012
8.42438
8.3008
8.16951
8.03068
7.88447
7.73105
7.5706
7.40331
7.2294
7.04908
6.86257
6.67012
6.47198
6.26841
6.05971
5.84617
5.62811
5.40589
5.17986
4.95045
4.71808
4.48327
4.24656
4.0086
3.77012
3.532
3.2953
3.06132
2.83168
2.60849
2.39443
2.19304
2.00893
1.84794
1.71718
1.62435
1.5764
1.57745
1.62724
1.72121
1.85217
2.01232
2.19462
2.39326
2.60373
2.82255
3.04709
3.2753
3.50558
3.73668
3.96756
4.19738
4.42542
4.65107
4.8738
5.09314
5.30867
5.52002
5.72683
5.92879
6.12561
6.31701
6.50274
6.68256
6.85625
7.0236
7.18441
7.33851
7.48571
7.62586
7.7588
7.8844
8.00253
8.11306
8.21588
8.3109
8.39802
8.47716
8.54826
8.61123
8.66605
8.71265
8.751
8.78108
8.80288
8.81638
8.82159
8.81852
8.80719
8.78763
8.75988
8.72398
8.68
8.628
8.56806
8.50025
8.42468
8.34144
8.25065
8.15242
8.04689
7.9342
7.81449
7.68792
7.55467
7.41489
7.26879
7.11657
6.95842
6.79457
6.62526
6.45073
6.27124
6.08706
5.8985
5.70586
5.50948
5.30973
5.10699
4.9017
4.69433
4.4854
4.27551
4.06531
3.85559
3.64722
3.44127
3.23896
3.0418
2.85157
2.67047
2.50111
2.34662
2.21061
2.09711
2.01021
1.95365
1.93012
1.94075
1.98476
2.05967
2.16184
2.2871
2.4313
2.59064
2.76182
2.94205
3.12904
3.32089
3.51604
3.71319
3.91127
4.10937
4.30671
4.50263
4.69654
4.88795
5.07639
5.26146
5.4428
5.62008
5.79299
5.96126
6.12462
6.28286
6.43574
6.58306
6.72465
6.86031
6.98989
7.11325
7.23023
7.34072
7.44459
7.54175
7.63208
7.71552
7.79197
7.86137
7.92366
7.9788
8.02673
8.06744
8.10089
8.12707
8.14598
8.15763
8.16202
8.15917
8.14912
8.1319
8.10757
8.07617
8.03778
7.99247
7.94033
7.88143
7.81589
7.74382
7.66533
7.58056
7.48964
7.39272
7.28996
7.18153
7.06761
6.94838
6.82406
6.69486
6.561
6.42273
6.2803
6.134
5.98411
5.83095
5.67485
5.51618
5.35531
5.19268
5.02873
4.86396
4.69892
4.53419
4.37045
4.2084
4.04886
3.89272
3.74097
3.59471
3.45514
3.32358
3.20147
3.0903
2.99163
2.90702
2.83795
2.7857
2.75131
2.73547
2.73841
2.75994
2.79941
2.85581
2.92782
3.01393
3.11255
3.22207
3.34089
3.46755
3.60066
3.73897
3.88133
4.02673
4.17424
4.32306
4.47245
4.62175
4.77038
4.9178
5.06355
5.20719
5.34832
5.48659
5.62169
5.7533
5.88115
6.00501
6.12462
6.2398
6.35034
6.45606
6.5568
6.65241
6.74276
6.82772
6.90718
6.98105
7.04922
7.11162
7.16819
7.21886
7.26359
7.30234
7.33507
7.36178
7.38244
7.39706
7.40564
7.4082
7.40477
7.39538
7.38007
7.3589
7.33193
7.29923
7.26088
7.21697
7.1676
7.11287
7.0529
6.98782
6.91777
6.84289
6.76335
6.67931
6.59095
6.49846
6.40206
6.30194
6.19836
6.09155
5.98177
5.8693
5.75444
5.63749
5.51879
5.39869
5.27757
5.15582
5.03389
4.91222
4.79129
4.67162
4.55377
4.43831
4.32585
4.21704
4.11257
4.01312
3.91942
3.83221
3.75221
3.68014
3.61668
3.56246
3.51803
3.48385
3.46027
3.4475
3.44561
3.45453
3.47404
3.5038
3.54333
3.59207
3.64936
3.71451
3.78676
3.86536
3.94956
4.03861
4.13177
4.22836
4.32771
4.4292
4.53224
4.63628
4.7408
4.84534
4.94945
5.05272
5.15477
5.25525
5.35383
5.45022
5.54413
5.63531
5.72353
5.80856
5.8902
5.96828
6.04263
6.11308
6.17951
6.24178
6.29978
6.35342
6.4026
6.44724
6.48727
6.52265
6.55332
6.57926
6.60042
6.61681
6.62841
6.63523
6.63728
6.63458
6.62717
6.61509
6.59839
6.57714
6.55139
6.52124
6.48676
6.44807
6.40526
6.35846
6.3078
6.25341
6.19545
6.13407
6.06944
6.00175
5.93119
5.85796
5.78229
5.7044
5.62453
5.54294
5.4599
5.37569
5.29062
5.20498
5.11911
5.03335
4.94806
4.8636
4.78035
4.69872
4.6191
4.54191
4.46758
4.39652
4.32916
4.26592
4.2072
4.1534
4.10489
4.06201
4.02507
3.99431
3.96997
3.95218
3.94107
3.93665
3.93891
3.94776
3.96305
3.98459
4.0121
4.04529
4.08382
4.12732
4.1754
4.22763
4.28359
4.34285
4.40497
4.46954
4.53613
4.60433
4.67374
4.74398
4.81468
4.8855
4.95609
5.02615
5.09538
5.16348
5.2302
5.29529
5.35851
5.41965
5.47851
5.53488
5.58861
5.63953
5.6875
5.73237
5.77402
5.81235
5.84725
5.87865
5.90645
5.9306
5.95105
5.96774
5.98064
5.98973
5.995
5.99644
5.99406
5.98787
5.9779
5.96419
5.94678
5.92573
5.9011
5.87297
5.84142
5.80654
5.76845
5.72726
5.68309
5.63608
5.58638
5.53415
5.47955
5.42277
5.364
5.30343
5.2413
5.17782
5.11324
5.0478
4.98176
4.91541
4.84903
4.78291
4.71737
4.65272
4.58928
4.52738
4.46737
4.40959
4.35436
4.30204
4.25295
4.20741
4.16573
4.1282
4.09509
4.06664
4.04304
4.02448
4.01109
4.00296
4.00013
4.0026
4.01034
4.02325
4.04121
4.06404
4.09153
4.12345
4.15954
4.19949
4.243
4.28975
4.3394
4.39161
4.44605
4.50235
4.56019
4.61924
4.67915
4.73963
4.80034
4.86101
4.92133
4.98104
5.03988
5.09759
5.15393
5.20869
5.26165
5.3126
5.36137
5.40777
5.45163
5.49281
5.53117
5.56656
5.59887
5.628
5.65383
5.67628
5.69527
5.71073
5.72261
5.73084
5.73539
5.73623
5.73334
5.7267
5.71632
5.7022
5.68435
5.66281
5.63761
5.60879
5.57641
5.54054
5.50125
5.45863
5.41277
5.36379
5.31179
5.25692
5.19931
5.13912
5.07652
5.01168
4.94479
4.87608
4.80575
4.73404
4.66121
4.58752
4.51327
4.43875
4.36427
4.29019
4.21685
4.14461
4.07388
4.00504
3.9385
3.8747
3.81406
3.757
3.70397
3.65537
3.61162
3.5731
3.54015
3.5131
3.49221
3.47771
3.46973
3.46838
3.47369
3.48562
3.50405
3.52883
3.55973
3.59646
3.63871
3.68612
3.73829
3.79483
3.85531
3.9193
3.98636
4.05607
4.128
4.20174
4.27688
4.35304
4.42984
4.50692
4.58395
4.6606
4.73656
4.81153
4.88523
4.95741
5.02782
5.09621
5.16237
5.22609
5.28717
5.34544
5.40071
5.45284
5.50166
5.54704
5.58885
5.62697
5.66129
5.69172
5.71816
5.74052
5.75874
5.77276
5.78251
5.78795
5.78905
5.78576
5.77808
5.76599
5.74948
5.72855
5.70323
5.67353
5.63947
5.60111
5.55847
5.51163
5.46063
5.40557
5.34651
5.28356
5.21681
5.14639
5.0724
4.995
4.91433
4.83055
4.74383
4.65437
4.56238
4.46806
4.37167
4.27346
4.17372
4.07276
3.9709
3.86851
3.76599
3.66375
3.56226
3.46203
3.3636
3.26756
3.17456
3.08526
3.00039
2.92073
2.84704
2.78015
2.72085
2.66991
2.62805
2.59591
2.57401
2.56272
2.56224
2.57261
2.59367
2.62511
2.66644
2.71708
2.77634
2.84345
2.91762
2.99807
3.08399
3.17462
3.26922
3.36709
3.4676
3.57013
3.67411
3.77903
3.8844
3.98977
4.09474
4.19893
4.30197
4.40354
4.50334
4.60109
4.69651
4.78938
4.87945
4.96652
5.05039
5.13087
5.20778
5.28097
5.35029
5.41559
5.47674
5.53363
5.58613
5.63415
5.6776
5.71637
5.75041
5.77963
5.80397
5.82338
5.83781
5.84722
5.85158
5.85086
5.84504
5.83411
5.81806
5.79691
5.77065
5.73931
5.7029
5.66146
5.61503
5.56365
5.50738
5.44626
5.38037
5.30978
5.23457
5.15484
5.07066
4.98216
4.88944
4.79263
4.69185
4.58724
4.47896
4.36717
4.25203
4.13375
4.01251
3.88855
3.76209
3.6334
3.50277
3.3705
3.23696
3.10253
2.96766
2.83285
2.69869
2.56584
2.43509
2.30735
2.18371
2.06542
1.95398
1.85109
1.75871
1.67896
1.61405
1.5661
1.53691
1.52765
1.53874
1.56969
1.61926
1.68561
1.76661
1.86005
1.96381
2.07596
2.19482
2.31891
2.44698
2.57797
2.71096
2.8452
2.98
3.11479
3.24908
3.3824
3.51438
3.64466
3.77291
3.89886
4.02223
4.14279
4.2603
4.37457
4.48539
4.59259
4.69601
4.79547
4.89084
4.98198
5.06875
5.15103
5.22872
5.30171
5.36989
5.43318
5.49149
5.54475
5.59288
5.63583
5.67353
5.70593
5.73299
5.75467
5.77095
5.78178
5.78716
5.78707
5.78151
5.77046
5.75395
5.73198
5.70456
5.67173
5.6335
5.58992
5.54103
5.48686
5.42748
5.36294
5.29331
5.21864
5.13903
5.05455
4.96528
4.87131
4.77275
4.66969
4.56224
4.45051
4.33462
4.21469
4.09085
3.96323
3.83198
3.69724
3.55916
3.4179
3.27363
3.12652
2.97676
2.82455
2.67009
2.51362
2.3554
2.1957
2.03486
1.87326
1.71139
1.54985
1.38947
1.23139
1.07733
0.929978
0.793732
0.675931
