
Objective value: 
55821.3
9482.37
14495.1
23656.2
27817.2
27477.9
26578.4
25616.3
25404.5
26240.4
29070.1
33261.7
37736.5
42069.1
45468.3
47447.6
48351.6
48558.2
48460.9
48063
47509.4
46953.6
46455.6
46022.6
45808.8
45885
46237.7
46786.9
47246.7
47596.7
47922.2
48218.9
48478.1
48684.7
48774.8
48755
48643.9
48460.5
48226.2
47963.5
47672.5
47260.1
46804.5
46361.8
45954.3
45602.8
45254.2
44947.6
44711.3
44546.5
44449.1
44410.6
44419.8
44466
44540
44635.4
44748.2
44826.6
44883.3
44950.6
45034.9
45140.2
45267.9
45417.2
45585.9
45770.3
45965.5
46165.6
46364.2
46554.6
46730.4
46886.3
47017.8
47121.6
47178.7
47167
47111.7
47005.7
46855.7
46667.8
46445.4
46190.8
45905.7
45591.6
45250
44882.2
44489.9
44075.5
43641.6
43191.8
42730.2
42261.4
41790.2
41321.7
40860.4
40410.6
39976.2
39560.3
39165.3
38793.3
38445.5
38123
37826.5
37556.4
37312.9
37096.1
36905.9
36742
36604
36491.5
36403.6
36339.5
36298.3
36278.8
36279.5
36299.2
36336.3
36389.3
36456.6
36536.8
36628.5
36730.3
36838.7
36951.5
37070
37194.9
37326.1
37463.1
37605.5
37752.9
37905.2
38062.4
38224.7
38392.1
38564.5
38741.9
38923.9
39110.2
39300.3
39493.6
39689.5
39887.2
40085.9
40284.8
40482.9
40679.5
40873.6
41064.6
41251.6
41434.2
41611.7
41784
41950.8
42056.9
42150.9
42248
42351.3
42461.6
42579
42702.4
42831.1
42964.5
43102.4
43244.3
43389.9
43538.8
43690.3
43843.7
43998.4
44153.4
44307.8
44423.4
44532.7
44642.3
44753
44864.3
44974.1
45080
45179.7
45271
45352.1
45421.3
45476.4
45506.9
45514.2
45498.3
45446.4
45363.6
45253.6
45119.4
44964.1
44790.3
44600.9
44398.2
44184.8
43962.9
43735
43503.4
43270.4
43038.4
42809.3
42585.2
42367.7
42158.2
41957.8
41767.4
41587.5
41418.5
41260.6
41113.8
40978
40852.9
40738.3
40633.8
40538.9
40453.1
40375.8
40306.4
40244
40187.8
40136.9
40090.5
40047.5
40007
39968
39929.7
39891.1
39851.7
39810.8
39767.9
39722.7
39675
39624.8
39572.2
39517.5
39461.1
39403.6
39345.5
39287.7
39230.8
39175.7
39123.3
39074.4
39029.9
38990.6
38957.4
38931
38912.2
38901.6
38899.9
38907.6
38925.3
38953.2
38991.9
39041.5
39102.3
39174.3
39257.4
39351.8
39457
39572.9
39699.1
39834.9
39979.9
40133.2
40294.2
40461.8
40635
40812.8
40994.1
41177.5
41362
41546.2
41713.6
41837.2
41961.6
42088.5
42218.8
42351.7
42485.4
42618
42747.9
42873.5
42993.5
43106.9
43212.6
43309.6
43397.2
43474.8
43542
43598.6
43636.7
43658.2
43664.8
43658.2
43639.5
43609.7
43570.1
43521.8
43466
43404
43337.1
43266.7
43194.1
43120.5
43047.2
42975.2
42905.5
42838.9
42776
42717.3
42663
42613.1
42567.5
42525.8
42487.5
42452.1
42418.9
42387
42355.8
42324.4
42292.1
42258.1
42222
42183.1
42141.1
42095.4
42046.1
41992.8
41935.5
41874.2
41809.1
41740.2
41667.8
41592.1
41513.4
41431.9
41348.1
41262.2
41174.7
41085.8
40996.1
40905.8
40815.5
40725.5
40636.5
40548.7
40462.8
40379.3
40298.6
40221.3
40148
40079.1
40015.2
39956.7
39904.1
39857.9
39818.4
39785.9
39760.7
39743
39732.8
39730.4
39735.6
39748.4
39768.7
39796.2
39830.6
39871.8
39919.2
39972.6
40031.4
40095.2
40163.5
40235.8
40311.7
40390.5
40471.7
40554.9
40639.5
40725.1
40811.1
40897.1
40982.6
41067.3
41150.6
41232.3
41311.9
41389.1
41463.7
41535.2
41603.6
41668.6
41729.9
41787.5
41841.3
41891.1
41937
41978.8
42016.8
42050.8
42081.1
42107.8
42131
42150.9
42167.7
42181.7
42193.2
42202.2
42209.2
42214.4
42218
42220.2
42221.4
42221.8
42221.4
42220.6
42219.4
42218
42216.4
42214.8
42213.1
42211.4
42209.6
42207.6
42205.4
42202.9
42200
42196.4
42192.1
42186.9
42180.6
42173
42164.1
42153.5
42141.3
42127.1
42110.9
42092.6
42072.1
42049.3
42024.2
41996.6
41966.6
41934.2
41899.5
41862.4
41823
41781.5
41737.9
41692.4
41645.1
41596.2
41545.8
41494.2
41441.4
41387.9
41333.7
41279.2
41224.4
41169.8
41115.5
41061.9
41009
40957.3
40907
40858.3
40811.4
40766.6
40724.2
40684.3
40647.1
40612.9
40581.8
40554
40529.5
40508.7
40491.4
40477.9
40468.1
40462.1
40460
40461.6
40467
40476.2
40488.9
40505.2
40524.9
40547.9
40574
40603
40634.9
40669.4
40706.2
40745.3
40786.3
40829.2
40873.6
40919.5
40966.5
41014.5
41063.3
41112.7
41162.6
41212.7
41263
41313.1
41363.1
41412.7
41461.9
41510.4
41558.2
41605.2
41651.2
41696.1
41739.9
41782.4
41823.5
41863.2
41901.4
41937.9
41972.8
42005.9
42037.1
42066.3
42093.6
42118.7
42141.7
42162.4
42180.9
42197
42210.6
42221.8
42230.4
42236.5
42240
42240.9
42239.1
42234.6
42227.5
42217.8
42205.4
42190.4
42172.9
42152.9
42130.5
42105.7
42078.7
42049.4
42018.2
41984.9
41949.9
41913.2
41874.9
41835.3
41794.4
41752.5
41709.8
41666.3
41622.3
41578
41533.6
41489.3
41445.3
41401.6
41358.6
41316.5
41275.3
41235.2
41196.4
41159.1
41123.2
41089.1
41056.7
41026.2
40997.6
40971
40946.4
40923.9
40903.5
40885.2
40869
40855
40843
40833
40825
40819
40814.9
40812.6
40812.1
40813.3
40816.1
40820.5
40826.3
40833.6
40842.1
40852
40863
40875.1
40888.3
40902.5
40917.6
40933.6
40950.4
40968
40986.4
41005.5
41025.3
41045.7
41066.7
41088.3
41110.5
41133.3
41156.6
41180.3
41204.6
41229.3
41254.5
41280.1
41306.1
41332.4
41359
41385.9
41413.1
41440.4
41467.9
41495.5
41523
41550.6
41578
41605.2
41632.1
41658.6
41684.7
41710.3
41735.1
41759.3
41782.6
41804.9
41826.2
41846.3
41865.2
41882.8
41898.9
41913.5
41926.6
41938
41947.6
41955.5
41961.6
41965.8
41968.2
41968.6
41967.2
41963.8
41958.5
41951.4
41942.4
41931.6
41919.1
41904.9
41889.1
41871.7
41853
41832.8
41811.4
41788.8
41765.3
41740.7
41715.4
41689.4
41662.8
41635.7
41608.3
41580.7
41553
41525.3
41497.8
41470.4
41443.5
41416.9
41390.9
41365.5
41340.7
41316.8
41293.6
41271.3
41250
41229.6
41210.2
41191.8
41174.5
41158.3
41143.1
41129
41116.1
41104.2
41093.4
41083.7
41075.1
41067.6
41061.1
41055.6
41051.1
41047.6
41045.1
41043.4
41042.7
41042.8
41043.8
41045.5
41048.1
41051.3
41055.3
41060
41065.3
41071.2
41077.8
41085
41092.8
41101.1
41109.9
41119.3
41129.3
41139.7
41150.7
41162.1
41174.1
41186.5
41199.4
41212.8
41226.6
41240.9
41255.6
41270.8
41286.4
41302.4
41318.9
41335.6
41352.8
41370.2
41388
41406
41424.3
41442.7
41461.3
41480.1
41498.8
41517.6
41536.3
41554.9
41573.4
41591.6
41609.4
41626.9
41643.9
41660.3
41676.2
41691.3
41705.7
41719.3
41732.1
41743.9
41754.8
41764.7
41773.5
41781.3
41788
41793.6
41798.1
41801.5
41803.8
41804.9
41804.8
41803.6
41801.4
41798
41793.5
41787.9
41781.3
41773.7
41765.1
41755.6
41745.1
41733.8
41721.8
41708.9
41695.4
41681.2
41666.4
41651.2
41635.4
41619.3
41602.8
41586
41569
41551.9
41534.6
41517.3
41500.1
41482.9
41465.9
41449
41432.4
41416.1
41400.2
41384.6
41369.5
41354.8
41340.7
41327.1
41314.1
41301.7
41289.8
41278.6
41267.9
41257.7
41247.9
41238.6
41229.6
41220.9
41212.5
41204.3
41196.4
41188.8
41181.4
41174.4
41167.7
41161.5
41155.6
41150.3
41145.4
41141
41137.1
41133.8
41131
41128.7
41127.1
41125.9
41125.4
41125.4
41126
41127.2
41129
41131.4
41134.4
41138
41142.1
41146.9
41152.2
41158.2
41164.7
41171.8
41179.5
41187.7
41196.5
41205.9
41215.8
41226.3
41237.3
41248.7
41260.7
41273.2
41286.1
41299.4
41313.2
41327.4
41341.9
41356.7
41371.9
41387.3
41403
41418.8
41434.9
41451
41467.2
41483.4
41499.5
41515.4
41531.1
41546.5
41561.5
41576
41590
41603.3
41616
41628
41639.4
41650
41660
41669.3
41677.8
41685.7
41693
41699.5
41705.4
41710.6
41715.2
41719.1
41722.3
41724.9
41726.8
41728.1
41728.8
41728.9
41728.3
41727.2
41725.4
41723.1
41720.3
41716.8
41712.9
41708.4
41703.5
41698
41692.1
41685.7
41679
41671.8
41664.2
41656.3
41648
41639.4
41630.5
41621.3
41611.9
41602.2
41592.3
41582.1
41571.8
41561.2
41550.5
41539.7
41528.6
41517.4
41506.1
41494.6
41482.9
41471
41458.9
41446.7
41434.2
41421.6
41408.8
41395.8
41382.7
41369.4
41356.1
41342.7
41329.3
41315.9
41302.6
41289.4
41276.4
41263.5
41250.9
41238.5
41226.5
41214.9
41203.6
41192.7
41182.4
41172.5
41163.2
41154.4
41146.2
41138.7
41131.8
41125.7
41120.2
41115.5
41111.5
41108.4
41106
41104.5
41103.7
41103.9
41104.9
41106.7
41109.4
41113
41117.4
41122.7
41128.8
41135.8
41143.6
41152.2
41161.6
41171.7
41182.6
41194.1
41206.4
41219.3
41232.7
41246.8
41261.3
41276.2
41291.5
41307.1
41323
41339
41355
41371.1
41387.1
41402.9
41418.6
41434.1
41449.3
41464.2
41478.7
41493
41506.8
41520.3
41533.4
41546
41558.3
41570
41581.3
41592.1
41602.4
41612.2
41621.5
41630.2
41638.4
41646
41653.1
41659.6
41665.5
41670.8
41675.5
41679.6
41683.2
41686.1
41688.5
41690.3
41691.5
41692.1
41692.2
41691.8
41690.7
41689.2
41687.1
41684.5
41681.4
41677.8
41673.7
41669.2
41664.2
41658.7
41652.9
41646.5
41639.8
41632.6
41625
41617
41608.6
41599.7
41590.4
41580.8
41570.7
41560.2
41549.3
41538
41526.3
41514.4
41502.1
41489.5
41476.8
41463.8
41450.7
41437.4
41424.2
41410.9
41397.6
41384.4
41371.3
41358.4
41345.6
41333.2
41321
41309.1
41297.6
41286.5
41275.8
41265.7
41256
41246.9
41238.3
41230.3
41223
41216.2
41210.2
41204.8
41200.2
41196.2
41193
41190.6
41188.8
41187.8
41187.6
41188.2
41189.5
41191.5
41194.3
41197.8
41202.1
41207
41212.6
41218.8
41225.6
41233
41240.9
41249.1
41257.8
41266.7
41275.8
41285.1
41294.5
41303.9
41313.4
41322.9
41332.3
41341.7
41351.1
41360.4
41369.6
41378.8
41387.9
41396.9
41405.8
41414.6
41423.2
41431.7
41440.1
41448.3
41456.4
41464.2
41471.9
41479.4
41486.7
41493.7
41500.6
41507.2
41513.6
41519.7
41525.7
41531.3
41536.8
41541.9
41546.8
41551.5
41555.9
41560.1
41564
41567.6
41571
41574.1
41576.9
41579.5
41581.9
41584
41585.8
41587.4
41588.8
41589.9
41590.8
41591.5
41591.9
41592.1
41592.1
41591.8
41591.2
41590.2
41588.9
41587.1
41584.8
41582
41578.6
41574.5
41569.9
41564.6
41558.7
41552.3
41545.5
41538.2
41530.5
41522.5
41514.3
41505.8
41497.1
41488.2
41479.3
41470.3
41461.2
41452.2
41443.1
41434.2
41425.3
41416.5
41407.9
41399.5
41391.3
41383.2
41375.5
41368
41360.7
41353.8
41347.2
41340.9
41335
41329.4
41324.2
41319.3
41314.8
41310.8
41307.1
41303.8
41300.9
41298.4
41296.3
41294.6
41293.3
41292.4
41291.9
41291.8
41292.1
41292.7
41293.7
41295
41296.7
41298.6
41300.8
41303.1
41305.7
41308.3
41310.9
41313.4
41315.8
41318.1
41320.2
41322.1
41323.8
41325.3
41326.7
41328
41329.2
41330.4
41331.6
41332.7
41334
41335.3
41336.6
41338.1
41339.8
41341.5
41343.4
41345.6
41347.9
41350.4
41353.1
41356
41359.2
41362.7
41366.3
41370.3
41374.5
41378.9
41383.7
41388.7
41394
41399.5
41405.3
41411.3
41417.6
41424.2
41431
41437.9
41445.1
41452.5
41460.1
41467.8
41475.7
41483.7
41491.8
41500
41508.2
41516.5
41524.9
41533.3
41541.7
41550
41558.3
41566.4
41574.5
41582.2
41589.7
41596.8
41603.5
41609.5
41614.9
41619.5
41623.4
41626.5
41628.8
41630.3
41631
41631.1
41630.5
41629.3
41627.4
41625
41622.1
41618.6
41614.7
41610.3
41605.5
41600.2
41594.5
41588.5
41582.1
41575.4
41568.4
41561.1
41553.5
41545.7
41537.7
41529.5
41521.1
41512.6
41503.9
41495.2
41486.4
41477.5
41468.6
41459.7
41450.8
41441.9
41433.1
41424.4
41415.8
41407.3
41399
41390.8
41382.8
41375
41367.4
41360.1
41352.9
41346
41339.4
41333
41326.9
41321.2
41315.6
41310.4
41305.5
41300.9
41296.5
41292.3
41288.4
41284.6
41280.9
41277.4
41274
41270.6
41267.2
41264
41260.8
41257.8
41254.9
41252.1
41249.6
41247.3
41245.3
41243.6
41242.3
41241.2
41240.6
41240.3
41240.5
41241
41242
41243.4
41245.3
41247.6
41250.3
41253.5
41257.2
41261.3
41265.8
41270.8
41276.2
41282.1
41288.4
41295
41302.1
41309.5
41317.3
41325.5
41334
41342.7
41351.8
41361.1
41370.7
41380.5
41390.5
41400.7
41410.9
41421.3
41431.8
41442.3
41452.9
41463.4
41473.9
41484.3
41494.5
41504.6
41514.6
41524.3
41533.7
41542.8
41551.6
41559.9
41567.9
41575.4
41582.4
41588.8
41594.8
41600.2
41605
41609.2
41612.9
41615.9
41618.5
41620.4
41621.8
41622.6
41622.9
41622.7
41621.9
41620.7
41619
41616.8
41614.2
41611.2
41607.7
41603.9
41599.7
41595.1
41590.2
41585
41579.4
41573.6
41567.5
41561.2
41554.7
41547.9
41541
41533.8
41526.6
41519.2
41511.7
41504.1
41496.4
41488.6
41480.8
41473
41465.2
41457.3
41449.5
41441.7
41433.9
41426.2
41418.6
41411
41403.5
41396.2
41388.9
41381.7
41374.7
41367.9
41361.1
41354.6
41348.2
41342
41335.9
41330.1
41324.4
41318.9
41313.6
41308.5
41303.6
41298.9
41294.3
41290.1
41286
41282.1
41278.5
41275.1
41272
41269.2
41266.7
41264.4
41262.5
41260.9
41259.6
41258.7
41258.1
41257.9
41258.2
41258.7
41259.7
41261.1
41262.9
41265.1
41267.8
41270.8
41274.3
41278.1
41282.4
41287.1
41292.2
41297.6
41303.5
41309.7
41316.3
41323.2
41330.4
41338
41345.8
41354
41362.4
41371
41379.9
41388.9
41398.1
41407.5
41416.9
41426.5
41436.2
41445.8
41455.5
41465.2
41474.8
41484.4
41493.8
41503.1
41512.2
41521.2
41529.9
41538.3
41546.5
41554.4
41561.9
41569
41575.8
41582.1
41587.9
41593.3
41598.2
41602.6
41606.4
41609.7
41612.5
41614.7
41616.3
41617.4
41617.8
41617.8
41617.1
41615.9
41614.2
41611.9
41609.1
41605.8
41602
41597.7
41592.9
41587.7
41582.1
41576.1
41569.7
41562.9
41555.8
41548.3
41540.6
41532.6
41524.4
41515.9
41507.3
41498.5
41489.5
41480.4
41471.3
41462
41452.7
41443.4
41434.1
41424.8
41415.6
41406.4
41397.3
41388.3
41379.5
41370.8
41362.3
41353.9
41345.8
41337.8
41330.1
41322.7
41315.4
41308.5
41301.8
41295.4
41289.2
41283.4
41277.8
41272.6
41267.6
41263
41258.6
41254.6
41251
41247.7
41244.7
41242.1
41239.8
41238
41236.5
41235.5
41234.8
41234.6
41234.8
41235.5
41236.5
41238.1
41240
41242.4
41245.3
41248.6
41252.4
41256.5
41261.2
41266.2
41271.7
41277.6
41283.8
41290.5
41297.5
41304.9
41312.6
41320.7
41329
41337.6
41346.5
41355.6
41365
41374.5
41384.2
41394
41403.9
41413.9
41423.9
41434
41444.1
41454.1
41464.1
41474
41483.7
41493.3
41502.7
41512
41520.9
41529.6
41538.1
41546.1
41553.9
41561.3
41568.3
41574.9
41581
41586.8
41592
41596.8
41601.1
41604.9
41608.2
41611
41613.3
41615.1
41616.3
41617.1
41617.3
41617.1
41616.4
41615.2
41613.5
41611.3
41608.7
41605.7
41602.3
41598.4
41594.2
41589.6
41584.6
41579.3
41573.7
41567.8
41561.6
41555.1
41548.4
41541.4
41534.3
41526.9
41519.4
41511.7
41503.8
41495.9
41487.8
41479.6
41471.4
41463.2
41454.8
41446.5
41438.2
41429.9
41421.6
41413.3
41405.1
41397
41389
41381
41373.2
41365.6
41358.1
41350.7
41343.6
41336.6
41329.9
41323.4
41317.1
41311.2
41305.5
41300.1
41295
41290.2
41285.8
41281.8
41278.1
41274.8
41271.9
41269.4
41267.4
41265.7
41264.5
41263.7
41263.3
41263.4
41264
41265
41266.4
41268.3
41270.6
41273.4
41276.5
41280.1
41284.1
41288.5
41293.3
41298.5
41304
41309.9
41316.1
41322.6
41329.3
41336.4
41343.7
41351.2
41358.9
41366.8
41374.8
41383
41391.2
41399.5
41407.8
41416.1
41424.4
41432.6
41440.7
41448.7
41456.4
41464
41471.3
41478.2
41484.9
41491.3
41497.2
41502.8
41508
41512.8
41517.2
41521.2
41524.8
41527.9
41530.7
41533
41535
41536.5
41537.7
41538.5
41538.9
41539
41538.7
41538.1
41537.2
41535.9
41534.4
41532.5
41530.4
41528.1
41525.4
41522.6
41519.5
41516.2
41512.7
41509.1
41505.2
41501.3
41497.1
41492.9
41488.5
41484
41479.5
41474.8
41470.1
41465.4
41460.6
41455.7
41450.9
41446
41441.1
41436.2
41431.4
41426.5
41421.7
41416.9
41412.1
41407.3
41402.6
41397.9
41393.3
41388.7
41384.2
41379.7
41375.3
41371
41366.8
41362.6
41358.6
41354.7
41350.9
41347.3
41343.9
41340.6
41337.6
41334.7
41332.1
41329.7
41327.6
41325.8
41324.2
41322.9
41322
41321.3
41321
41321
41321.4
41322.1
41323.2
41324.6
41326.4
41328.5
41331
41333.8
41337
41340.5
41344.3
41348.5
41353
41357.8
41362.9
41368.4
41374.1
41380
41386.2
41392.7
41399.4
41406.4
41413.5
41420.9
41428.4
41436.1
41443.8
41451.7
41459.7
41467.6
41475.5
41483.2
41490.8
41498
41504.9
41511.3
41517.3
41522.7
41527.6
41531.9
41535.6
41538.8
41541.5
41543.7
41545.5
41546.8
41547.6
41548.1
41548.1
41547.8
41547.2
41546.2
41544.9
41543.3
41541.4
41539.2
41536.8
41534.1
41531.2
41528.1
41524.8
41521.3
41517.6
41513.8
41509.7
41505.6
41501.3
41497
41492.5
41488
41483.4
41478.8
41474.2
41469.6
41465
41460.5
41456
41451.5
41447.1
41442.7
41438.4
41434.2
41430
41425.9
41421.9
41418
41414.2
41410.4
41406.8
41403.2
41399.8
41396.5
41393.3
41390.2
41387.2
41384.4
41381.7
41379.2
41376.8
41374.5
41372.3
41370.3
41368.3
41366.4
41364.6
41362.7
41360.8
41359
41357
41355.1
41353.1
41351.1
41349.1
41347.1
41345.2
41343.3
41341.6
41340
41338.5
41337.2
41336.1
41335.2
41334.5
41334
41333.8
41333.8
41334.1
41334.7
41335.6
41336.7
41338.1
41339.8
41341.8
41344
41346.5
41349.3
41352.3
41355.6
41359.1
41362.8
41366.8
41370.9
41375.3
41379.8
41384.5
41389.3
41394.2
41399.3
41404.4
41409.6
41414.9
41420.2
41425.5
41430.7
41436
41441.2
41446.3
41451.3
41456.1
41460.8
41465.4
41469.7
41473.8
41477.6
41481.2
41484.5
41487.5
41490.2
41492.6
41494.7
41496.5
41497.9
41498.9
41499.7
41500.1
41500.2
41500
41499.4
41498.6
41497.5
41496.1
41494.5
41492.6
41490.5
41488.2
41485.7
41483
41480.2
41477.2
41474.2
41471
41467.7
41464.4
41461
41457.6
41454.2
41450.8
41447.4
41444.1
41440.8
41437.6
41434.5
41431.4
41428.5
41425.7
41423
41420.5
41418.1
41415.9
41413.9
41412.1
41410.5
41409.1
41408
41407
41406.3
41405.9
41405.8
41405.9
41406.2
41406.8
41407.6
41408.6
41409.8
41411.1
41412.4
41413.7
41414.9
41415.9
41416.9
41417.6
41418.1
41418.4
41418.6
41418.6
41418.4
41418.2
41417.9
41417.6
41417.2
41416.9
41416.5
41416.2
41416
41415.8
41415.6
41415.6
41415.6
41415.7
41416
41416.3
41416.7
41417.3
41417.9
41418.7
41419.6
41420.6
41421.6
41422.8
41424.1
41425.5
41427
41428.6
41430.3
41432
41433.9
41435.9
41437.9
41440
41442.2
41444.4
41446.7
41449
41451.4
41453.7
41456
41458.3
41460.5
41462.7
41464.8
41466.8
41468.7
41470.4
41472.1
41473.5
41474.8
41475.9
41476.9
41477.6
41478.2
41478.5
41478.6
41478.4
41478
41477.4
41476.5
41475.4
41473.9
41472.3
41470.3
41468.1
41465.6
41462.8
41459.8
41456.5
41453
41449.3
41445.4
41441.3
41437.1
41432.7
41428.2
41423.7
41419
41414.4
41409.7
41405
41400.3
41395.7
41391.2
41386.7
41382.3
41378.1
41374
41370.1
41366.3
41362.7
41359.3
41356.2
41353.2
41350.5
41348
41345.7
41343.7
41342
41340.5
41339.2
41338.2
41337.5
41337
41336.8
41336.9
41337.2
41337.8
41338.6
41339.6
41340.9
41342.4
41344.1
41346.1
41348.2
41350.5
41353
41355.6
41358.4
41361.3
41364.3
41367.5
41370.7
41374.1
41377.5
41380.9
41384.4
41388
41391.6
41395.2
41398.8
41402.5
41406.1
41409.7
41413.3
41417
41420.6
41424.1
41427.7
41431.2
41434.7
41438.1
41441.5
41444.9
41448.2
41451.5
41454.8
41457.9
41461.1
41464.1
41467.1
41470
41472.9
41475.7
41478.4
41481
41483.5
41486
41488.3
41490.5
41492.6
41494.6
41496.5
41498.3
41499.9
41501.4
41502.7
41503.9
41505
41505.9
41506.7
41507.3
41507.7
41508
41508
41508
41507.7
41507.3
41506.6
41505.8
41504.8
41503.6
41502.2
41500.5
41498.7
41496.7
41494.4
41492
41489.3
41486.5
41483.4
41480.1
41476.7
41473.1
41469.3
41465.3
41461.3
41457.1
41452.7
41448.3
41443.9
41439.3
41434.7
41430.1
41425.5
41420.8
41416.2
41411.7
41407.1
41402.7
41398.3
41394.1
41389.9
41385.9
41382
41378.3
41374.7
41371.3
41368.1
41365.1
41362.2
41359.6
41357.2
41355
41353.1
41351.4
41349.9
41348.6
41347.6
41346.9
41346.3
41346
41346
41346.1
41346.5
41347.2
41348
41349
41350.3
41351.7
41353.4
41355.2
41357.2
41359.3
41361.6
41364
41366.6
41369.3
41372
41374.9
41377.9
41381
41384.1
41387.3
41390.5
41393.8
41397.1
41400.5
41403.8
41407.2
41410.6
41413.9
41417.3
41420.6
41423.9
41427.2
41430.4
41433.6
41436.8
41439.8
41442.9
41445.8
41448.7
41451.5
41454.2
41456.9
41459.4
41461.9
41464.2
41466.4
41468.5
41470.5
41472.4
41474.1
41475.7
41477.2
41478.5
41479.6
41480.6
41481.5
41482.2
41482.7
41483.1
41483.3
41483.3
41483.2
41482.9
41482.4
41481.7
41480.9
41479.9
41478.7
41477.3
41475.8
41474.1
41472.3
41470.3
41468.2
41465.9
41463.5
41461
41458.3
41455.5
41452.6
41449.7
41446.6
41443.5
41440.3
41437
41433.7
41430.4
41427.1
41423.7
41420.4
41417
41413.7
41410.4
41407.1
41403.9
41400.8
41397.8
41394.8
41391.9
41389.2
41386.5
41384
41381.6
41379.3
41377.1
41375.1
41373.3
41371.6
41370.1
41368.7
41367.5
41366.5
41365.6
41364.9
41364.4
41364
41363.8
41363.8
41364
41364.3
41364.7
41365.4
41366.1
41367.1
41368.2
41369.4
41370.8
41372.3
41373.9
41375.7
41377.6
41379.6
41381.7
41383.9
41386.2
41388.7
41391.2
41393.8
41396.5
41399.2
41402.1
41405
41407.9
41410.9
41414
41417.1
41420.2
41423.3
41426.5
41429.7
41432.9
41436.1
41439.2
41442.4
41445.5
41448.6
41451.7
41454.7
41457.7
41460.6
41463.4
41466.1
41468.8
41471.3
41473.8
41476.1
41478.3
41480.4
41482.3
41484.1
41485.8
41487.3
41488.6
41489.7
41490.7
41491.5
41492.1
41492.5
41492.7
41492.7
41492.5
41492.2
41491.6
41490.8
41489.9
41488.7
41487.4
41485.9
41484.2
41482.4
41480.4
41478.2
41475.9
41473.4
41470.8
41468
41465.2
41462.2
41459.2
41456.1
41452.8
41449.6
41446.2
41442.8
41439.4
41436
41432.5
41429.1
41425.6
41422.2
41418.8
41415.5
41412.2
41408.9
41405.8
41402.7
41399.7
41396.8
41394.1
41391.4
41388.9
41386.5
41384.3
41382.2
41380.2
41378.5
41376.9
41375.4
41374.2
41373.1
41372.2
41371.5
41371
41370.7
41370.6
41370.7
41370.9
41371.4
41372
41372.7
41373.7
41374.7
41375.9
41377.2
41378.5
41379.9
41381.4
41382.8
41384.3
41385.7
41387.1
41388.4
41389.7
41391
41392.2
41393.3
41394.4
41395.5
41396.6
41397.7
41398.7
41399.7
41400.8
41401.8
41402.9
41404
41405.1
41406.2
41407.4
41408.6
41409.9
41411.2
41412.5
41413.9
41415.3
41416.8
41418.3
41419.9
41421.5
41423.1
41424.8
41426.6
41428.3
41430.1
41431.9
41433.7
41435.6
41437.4
41439.3
41441.2
41443
41444.9
41446.7
41448.5
41450.3
41452
41453.7
41455.3
41456.9
41458.3
41459.7
41461
41462.2
41463.3
41464.2
41465.1
41465.8
41466.4
41466.8
41467.1
41467.3
41467.4
41467.3
41467
41466.6
41466.1
41465.5
41464.7
41463.8
41462.8
41461.7
41460.5
41459.2
41457.8
41456.3
41454.7
41453.1
41451.4
41449.7
41448
41446.2
41444.4
41442.6
41440.8
41439
41437.3
41435.5
41433.8
41432.2
41430.6
41429
41427.6
41426.2
41424.8
41423.6
41422.4
41421.3
41420.3
41419.4
41418.5
41417.7
41417
41416.4
41415.8
41415.3
41414.8
41414.4
41414
41413.6
41413.2
41412.8
41412.4
41411.9
41411.5
41411
41410.5
41410
41409.4
41408.9
41408.3
41407.7
41407.1
41406.6
41406
41405.4
41404.9
41404.3
41403.8
41403.4
41402.9
41402.5
41402.2
41401.9
41401.6
41401.4
41401.2
41401.1
41401.1
41401.1
41401.1
41401.2
41401.4
41401.6
41401.9
41402.3
41402.7
41403.2
41403.7
41404.4
41405.1
41405.8
41406.7
41407.7
41408.7
41409.8
41411
41412.2
41413.5
41414.9
41416.4
41417.9
41419.4
41421
41422.6
41424.2
41425.9
41427.6
41429.3
41431.1
41432.8
41434.6
41436.4
41438.2
41440
41441.8
41443.7
41445.6
41447.5
41449.5
41451.6
41453.7
41455.9
41458.2
41460.5
41462.9
41465.4
41468
41470.6
41473.2
41475.8
41478.3
41480.7
41482.8
41484.7
41486.3
41487.4
41488.2
41488.5
41488.4
41487.9
41486.9
41485.6
41483.8
41481.8
41479.4
41476.8
41474
41471
41467.9
41464.6
41461.3
41457.9
41454.4
41450.9
41447.4
41444
41440.5
41437.2
41433.8
41430.6
41427.4
41424.3
41421.3
41418.5
41415.7
41413
41410.5
41408.1
41405.8
41403.6
41401.6
41399.7
41397.9
41396.3
41394.8
41393.5
41392.3
41391.3
41390.4
41389.7
41389.1
41388.6
41388.2
41388
41387.9
41387.8
41387.9
41388
41388.2
41388.5
41388.8
41389.1
41389.5
41390
41390.4
41390.8
41391.3
41391.8
41392.3
41392.8
41393.3
41393.8
41394.3
41394.8
41395.4
41396
41396.6
41397.3
41398
41398.7
41399.5
41400.4
41401.4
41402.5
41403.6
41404.8
41406.2
41407.6
41409.2
41410.9
41412.7
41414.6
41416.7
41418.9
41421.2
41423.6
41426.2
41428.9
41431.7
41434.6
41437.7
41440.8
41444
41447.3
41450.6
41454
41457.3
41460.5
41463.7
41466.8
41469.8
41472.6
41475.1
41477.5
41479.5
41481.4
41482.9
41484.1
41485.1
41485.7
41486.1
41486.2
41486
41485.6
41485
41484.1
41483.1
41481.8
41480.5
41479
41477.3
41475.6
41473.8
41471.8
41469.9
41467.8
41465.7
41463.6
41461.4
41459.2
41457
41454.8
41452.6
41450.3
41448.1
41445.9
41443.6
41441.4
41439.2
41437
41434.9
41432.7
41430.6
41428.6
41426.6
41424.6
41422.7
41420.8
41419
41417.2
41415.6
41414
41412.4
41410.9
41409.5
41408.1
41406.8
41405.5
41404.3
41403.2
41402
41401
41399.9
41398.9
41398
41397.1
41396.2
41395.4
41394.7
41394
41393.3
41392.8
41392.4
41392
41391.8
41391.7
41391.7
41391.9
41392.3
41392.8
41393.5
41394.4
41395.5
41396.8
41398.4
41400.1
41402
41404
41406.2
41408.6
41410.9
41413.3
41415.7
41417.9
41420.1
41422.2
41424.1
41425.9
41427.5
41429
41430.3
41431.4
41432.4
41433.3
41434
41430
41427.3
41425.7
41424.7
41424.1
41423.7
41423.5
41423.4
41423.5
41423.7
41424
41424.4
41424.8
41425.3
41425.9
41426.4
41427.1
41427.8
41428.6
41429.5
41430.5
41431.5
41432.6
41433.7
41434.8
41436
41437.1
41438.3
41439.4
41440.5
41441.7
41442.8
41443.9
41445
41446.1
41447.2
41448.3
41449.3
41450.3
41451.2
41452.1
41452.9
41453.6
41454.2
41454.7
41455.1
41455.3
41455.4
41455.3
41455.1
41454.8
41454.3
41453.6
41452.8
41451.9
41450.9
41449.7
41448.4
41447
41445.6
41444
41442.4
41440.7
41439
41437.2
41435.4
41433.6
41431.9
41430.1
41428.3
41426.6
41425
41423.4
41421.8
41420.3
41418.9
41417.5
41416.2
41415
41413.9
41412.8
41411.8
41410.9
41410.1
41409.4
41408.7
41408.1
41407.6
41407.2
41406.9
41406.6
41406.4
41406.3
41406.2
41406.2
41406.3
41406.4
41406.5
41406.7
41406.9
41407.2
41407.5
41407.8
41408.2
41408.6
41408.9
41409.3
41409.8
41410.2
41410.6
41411.1
41411.6
41412.1
41412.6
41413.1
41413.6
41414.1
41414.7
41415.3
41415.9
41416.5
41417.1
41417.7
41418.4
41419
41419.7
41420.4
41421.1
41421.8
41422.5
41423.2
41424
41424.7
41425.4
41426.1
41426.9
41427.6
41428.3
41429
41429.7
41430.3
41431
41431.6
41432.3
41432.9
41433.5
41434
41434.5
41435
41435.5
41435.9
41436.3
41436.6
41436.9
41437.1
41437.3
41437.4
41437.5
41437.5
41437.5
41437.4
41437.3
41437
41436.8
41436.5
41436.1
41435.7
41435.2
41434.7
41434.1
41433.5
41432.9
41432.2
41431.5
41430.8
41430.1
41429.3
41428.6
41427.9
41427.1
41426.4
41425.6
41424.9
41424.2
41423.5
41422.8
41422.2
41421.5
41420.9
41420.3
41419.7
41419.2
41418.6
41418.1
41417.6
41417.1
41416.6
41416.1
41415.6
41415.2
41414.7
41414.3
41413.8
41413.4
41413
41412.6
41412.1
41411.7
41411.3
41410.9
41410.5
41410.1
41409.8
41409.4
41409.1
41408.8
41408.5
41408.2
41407.9
41407.7
41407.6
41407.4
41407.3
41407.3
41407.2
41407.3
41407.3
41407.5
41407.6
41407.9
41408.1
41408.5
41408.8
41409.3
41409.8
41410.3
41410.9
41411.5
41412.2
41412.9
41413.6
41414.4
41415.3
41416.1
41417
41417.9
41418.9
41419.8
41420.8
41421.7
41422.7
41423.7
41424.6
41425.6
41426.6
41427.5
41428.4
41429.4
41430.2
41431.1
41432
41432.8
41433.6
41434.3
41435
41435.7
41436.4
41437
41437.6
41438.1
41438.7
41439.1
41439.6
41440
41440.4
41440.7
41441
41441.3
41441.5
41441.7
41441.9
41442
41442.1
41442.2
41442.3
41442.3
41442.2
41442.2
41442.1
41442
41441.8
41441.6
41441.4
41441.1
41440.8
41440.5
41440.1
41439.7
41439.3
41438.8
41438.3
41437.8
41437.2
41436.7
41436
41435.4
41434.7
41434
41433.3
41432.5
41431.8
41431
41430.2
41429.4
41428.5
41427.7
41426.9
41426
41425.2
41424.4
41423.6
41422.7
41421.9
41421.2
41420.4
41419.6
41418.9
41418.2
41417.5
41416.9
41416.3
41415.7
41415.1
41414.6
41414.1
41413.6
41413.2
41412.8
41412.4
41412.1
41411.8
41411.6
41411.3
41411.1
41411
41410.8
41410.7
41410.7
41410.6
41410.6
41410.6
41410.7
41410.7
41410.8
41410.9
41411.1
41411.2
41411.4
41411.6
41411.8
41412.1
41412.3
41412.6
41412.9
41413.2
41413.5
41413.8
41414.1
41414.5
41414.9
41415.3
41415.6
41416
41416.4
41416.9
41417.3
41417.7
41418.1
41418.6
41419
41419.5
41419.9
41420.4
41420.8
41421.2
41421.7
41422.1
41422.5
41422.9
41423.3
41423.7
41424.1
41424.5
41424.8
41425.1
41425.5
41425.8
41426
41426.3
41426.5
41426.7
41426.9
41427.1
41427.2
41427.3
41427.4
41427.5
41427.5
41427.5
41427.5
41427.4
41427.4
41427.3
41427.1
41427
41426.8
41426.6
41426.4
41426.2
41425.9
41425.7
41425.4
41425.1
41424.8
41424.5
41424.1
41423.8
41423.5
41423.1
41422.8
41422.5
41422.2
41421.9
41421.5
41421.3
41421
41420.7
41420.5
41420.2
41420
41419.9
41419.7
41419.6
41419.4
41419.4
41419.3
41419.3
41419.3
41419.3
41419.3
41419.4
41419.5
41419.7
41419.8
41420
41420.2
41420.5
41420.7
41421
41421.3
41421.7
41422
41422.4
41422.8
41423.2
41423.6
41424.1
41424.5
41425
41425.4
41425.9
41426.4
41426.8
41427.3
41427.8
41428.3
41428.7
41429.2
41429.7
41430.1
41430.5
41431
41431.4
41431.8
41432.2
41432.6
41432.9
41433.3
41433.6
41433.9
41434.2
41434.5
41434.7
41434.9
41435.1
41435.3
41435.5
41435.6
41435.7
41435.8
41435.9
41435.9
41435.9
41435.9
41435.9
41435.8
41435.7
41435.6
41435.5
41435.3
41435.1
41434.9
41434.7
41434.4
41434.1
41433.8
41433.5
41433.2
41432.8
41432.4
41432
41431.6
41431.1
41430.6
41430.2
41429.7
41429.2
41428.6
41428.1
41427.6
41427
41426.4
41425.9
41425.3
41424.7
41424.1
41423.5
41422.9
41422.3
41421.7
41421.2
41420.6
41420
41419.4
41418.8
41418.3
41417.7
41417.2
41416.7
41416.2
41415.7
41415.2
41414.7
41414.2
41413.8
41413.4
41413
41412.6
41412.3
41411.9
41411.6
41411.4
41411.1
41410.9
41410.6
41410.4
41410.3
41410.1
41410
41409.9
41409.9
41409.8
41409.8
41409.9
41409.9
41410
41410
41410.2
41410.3
41410.5
41410.7
41410.9
41411.1
41411.3
41411.6
41411.9
41412.2
41412.6
41412.9
41413.3
41413.7
41414.1
41414.5
41414.9
41415.3
41415.8
41416.2
41416.7
41417.2
41417.7
41418.1
41418.6
41419.1
41419.6
41420.1
41420.6
41421.1
41421.6
41422.1
41422.5
41423
41423.5
41423.9
41424.4
41424.8
41425.3
41425.7
41426.1
41426.5
41426.9
41427.2
41427.6
41427.9
41428.2
41428.6
41428.8
41429.1
41429.4
41429.6
41429.8
41430.1
41430.2
41430.4
41430.6
41430.7
41430.9
41431
41431.1
41431.1
41431.2
41431.2
41431.3
41431.3
41431.3
41431.3
41431.3
41431.2
41431.2
41431.1
41431
41431
41430.9
41430.8
41430.6
41430.5
41430.4
41430.2
41430.1
41429.9
41429.8
41429.6
41429.4
41429.2
41429
41428.8
41428.6
41428.4
41428.2
41428
41427.8
41427.6
41427.4
41427.2
41427
41426.8
41426.6
41426.3
41426.1
41425.9
41425.7
41425.5
41425.3
41425.2
41425
41424.8
41424.6
41424.5
41424.3
41424.2
41424
41423.9
41423.8
41423.7
41423.6
41423.5
41423.4
41423.3
41423.2
41423.2
41423.1
41423.1
41423.1
41423.1
41423.1
41423.1
41423.1
41423.1
41423.2
41423.2
41423.3
41423.3
41423.4
41423.5
41423.6
41423.7
41423.8
41423.9
41424
41424.1
41424.3
41424.4
41424.5
41424.7
41424.8
41424.9
41425.1
41425.2
41425.4
41425.5
41425.7
41425.8
41425.9
41426.1
41426.2
41426.3
41426.4
41426.5
41426.6
41426.7
41426.8
41426.9
41427
41427
41427.1
41427.1
41427.2
41427.2
41427.2
41427.2
41427.2
41427.1
41427.1
41427.1
41427
41426.9
41426.8
41426.7
41426.6
41426.5
41426.3
41426.2
41426
41425.8
41425.6
41425.4
41425.2
41425
41424.7
41424.5
41424.2
41423.9
41423.7
41423.4
41423.1
41422.8
41422.4
41422.1
41421.8
41421.4
41421.1
41420.8
41420.4
41420.1
41419.7
41419.3
41419
41418.6
41418.3
41417.9
41417.6
41417.2
41416.9
41416.5
41416.2
41415.9
41415.5
41415.2
41414.9
41414.6
41414.4
41414.1
41413.8
41413.6
41413.3
41413.1
41412.9
41412.7
41412.6
41412.4
41412.3
41412.2
41412.1
41412
41412
41411.9
41411.9
41411.9
41412
41412
41412.1
41412.2
41412.3
41412.4
41412.6
41412.8
41413
41413.2
41413.5
41413.8
41414.1
41414.4
41414.7
41415.1
41415.5
41415.9
41416.3
41416.7
41417.2
41417.6
41418.1
41418.6
41419.1
41419.7
41420.2
41420.7
41421.3
41421.9
41422.4
41423
41423.6
41424.2
41424.8
41425.4
41426
41426.6
41427.2
41427.8
41428.4
41428.9
41429.5
41430.1
41430.7
41431.2
41431.7
41432.3
41432.8
41433.3
41433.8
41434.2
41434.7
41435.1
41435.5
41435.9
41436.3
41436.6
41436.9
41437.2
41437.5
41437.8
41438
41438.2
41438.4
41438.5
41438.6
41438.7
41438.8
41438.9
41438.9
41438.9
41438.8
41438.8
41438.7
41438.6
41438.4
41438.2
41438
41437.8
41437.6
41437.3
41437
41436.7
41436.4
41436
41435.6
41435.3
41434.8
41434.4
41434
41433.5
41433
41432.5
41432
41431.5
41431
41430.5
41429.9
41429.4
41428.8
41428.3
41427.7
41427.1
41426.6
41426
41425.4
41424.9
41424.3
41423.8
41423.2
41422.7
41422.1
41421.6
41421.1
41420.6
41420.1
41419.6
41419.1
41418.7
41418.3
41417.8
41417.4
41417
41416.7
41416.3
41416
41415.6
41415.3
41415.1
41414.8
41414.6
41414.3
41414.1
41414
41413.8
41413.7
41413.6
41413.5
41413.4
41413.3
41413.3
41413.3
41413.3
41413.3
41413.3
41413.4
41413.4
41413.5
41413.6
41413.8
41413.9
41414
41414.2
41414.4
41414.6
41414.8
41415
41415.2
41415.4
41415.7
41415.9
41416.2
41416.4
41416.7
41416.9
41417.2
41417.5
41417.8
41418
41418.3
41418.6
41418.9
41419.2
41419.4
41419.7
41420
41420.2
41420.5
41420.8
41421
41421.3
41421.5
41421.7
41422
41422.2
41422.4
41422.6
41422.8
41423
41423.1
41423.3
41423.5
41423.6
41423.8
41423.9
41424
41424.1
41424.2
41424.3
41424.4
41424.5
41424.6
41424.6
41424.7
41424.7
41424.8
41424.8
41424.8
41424.8
41424.9
41424.9
41424.9
41424.9
41424.8
41424.8
41424.8
41424.8
41424.8
41424.7
41424.7
41424.7
41424.6
41424.6
41424.6
41424.5
41424.5
41424.4
41424.4
41424.4
41424.3
41424.3
41424.3
41424.3
41424.3
41424.2
41424.2
41424.2
41424.2
41424.2
41424.2
41424.2
41424.2
41424.3
41424.3
41424.3
41424.4
41424.4
41424.5
41424.5
41424.6
41424.7
41424.7
41424.8
41424.9
41425
41425.1
41425.2
41425.3
41425.4
41425.5
41425.7
41425.8
41425.9
41426
41426.2
41426.3
41426.5
41426.6
41426.8
41426.9
41427.1
41427.2
41427.4
41427.5
41427.7
41427.8
41428
41428.1
41428.3
41428.4
41428.6
41428.7
41428.8
41429
41429.1
41429.2
41429.3
41429.4
41429.5
41429.6
41429.7
41429.8
41429.9
41430
41430
41430.1
41430.1
41430.2
41430.2
41430.2
41430.2
41430.2
41430.2
41430.2
41430.2
41430.1
41430.1
41430
41430
41429.9
41429.8
41429.7
41429.6
41429.5
41429.3
41429.2
41429
41428.9
41428.7
41428.5
41428.3
41428.1
41427.9
41427.7
41427.5
41427.2
41427
41426.7
41426.5
41426.2
41425.9
41425.6
41425.3
41425
41424.7
41424.4
41424.1
41423.8
41423.5
41423.2
41422.9
41422.5
41422.2
41421.9
41421.5
41421.2
41420.9
41420.5
41420.2
41419.9
41419.6
41419.2
41418.9
41418.6
41418.3
41418
41417.7
41417.4
41417.1
41416.8
41416.6
41416.3
41416
41415.8
41415.6
41415.3
41415.1
41414.9
41414.7
41414.5
41414.4
41414.2
41414.1
41413.9
41413.8
41413.7
41413.6
41413.5
41413.5
41413.4
41413.4
41413.4
41413.4
41413.4
41413.4
41413.4
41413.5
41413.6
41413.7
41413.8
41413.9
41414
41414.2
41414.3
41414.5
41414.7
41414.9
41415.1
41415.3
41415.6
41415.8
41416.1
41416.4
41416.7
41417
41417.3
41417.6
41417.9
41418.3
41418.6
41419
41419.4
41419.7
41420.1
41420.5
41420.9
41421.3
41421.7
41422.1
41422.5
41422.9
41423.3
41423.7
41424.1
41424.5
41424.9
41425.3
41425.7
41426
41426.4
41426.8
41427.2
41427.5
41427.9
41428.3
41428.6
41428.9
41429.3
41429.6
41429.9
41430.2
41430.5
41430.7
41431
41431.3
41431.5
41431.7
41431.9
41432.1
41432.3
41432.5
41432.6
41432.8
41432.9
41433
41433.1
41433.2
41433.2
41433.3
41433.3
41433.3
41433.3
41433.3
41433.3
41433.2
41433.2
41433.1
41433
41432.9
41432.8
41432.7
41432.6
41432.4
41432.3
41432.1
41431.9
41431.7
41431.5
41431.3
41431.1
41430.9
41430.6
41430.4
41430.1
41429.9
41429.6
41429.3
41429.1
41428.8
41428.5
41428.2
41427.9
41427.6
41427.3
41427
41426.8
41426.5
41426.2
41425.9
41425.6
41425.3
41425
41424.7
41424.4
41424.1
41423.9
41423.6
41423.3
41423.1
41422.8
41422.6
41422.3
41422.1
41421.9
41421.6
41421.4
41421.2
41421
41420.8
41420.6
41420.5
41420.3
41420.1
41420
41419.8
41419.7
41419.6
41419.5
41419.4
41419.3
41419.2
41419.1
41419
41418.9
41418.9
41418.8
41418.8
41418.7
41418.7
41418.7
41418.7
41418.7
41418.7
41418.7
41418.7
41418.7
41418.7
41418.8
41418.8
41418.8
41418.9
41418.9
41419
41419
41419.1
41419.2
41419.2
41419.3
41419.4
41419.4
41419.5
41419.6
41419.7
41419.8
41419.9
41419.9
41420
41420.1
41420.2
41420.3
41420.4
41420.5
41420.6
41420.7
41420.7
41420.8
41420.9
41421
41421.1
41421.2
41421.3
41421.3
41421.4
41421.5
41421.6
41421.7
41421.7
41421.8
41421.9
41421.9
41422
41422.1
41422.1
41422.2
41422.3
41422.3
41422.4
41422.4
41422.5
41422.6
41422.6
41422.7
41422.7
41422.8
41422.8
41422.8
41422.9
41422.9
41423
41423
41423.1
41423.1
41423.1
41423.2
41423.2
41423.3
41423.3
41423.3
41423.4
41423.4
41423.5
41423.5
41423.6
41423.6
41423.6
41423.7
41423.7
41423.8
41423.8
41423.9
41423.9
41424
41424
41424.1
41424.2
41424.2
41424.3
41424.3
41424.4
41424.5
41424.5
41424.6
41424.7
41424.7
41424.8
41424.9
41424.9
41425
41425.1
41425.2
41425.2
41425.3
41425.4
41425.5
41425.6
41425.6
41425.7
41425.8
41425.9
41426
41426.1
41426.1
41426.2
41426.3
41426.4
41426.4
41426.5
41426.6
41426.7
41426.7
41426.8
41426.9
41427
41427
41427.1
41427.1
41427.2
41427.2
41427.3
41427.3
41427.4
41427.4
41427.5
41427.5
41427.5
41427.6
41427.6
41427.6
41427.6
41427.6
41427.6
41427.6
41427.6
41427.6
41427.6
41427.5
41427.5
41427.5
41427.4
41427.4
41427.3
41427.3
41427.2
41427.2
41427.1
41427
41426.9
41426.9
41426.8
41426.7
41426.6
41426.5
41426.3
41426.2
41426.1
41426
41425.9
41425.7
41425.6
41425.5
41425.3
41425.2
41425
41424.9
41424.7
41424.6
41424.4
41424.2
41424.1
41423.9
41423.7
41423.6
41423.4
41423.2
41423.1
41422.9
41422.7
41422.6
41422.4
41422.2
41422.1
41421.9
41421.7
41421.6
41421.4
41421.3
41421.1
41421
41420.8
41420.7
41420.6
41420.4
41420.3
41420.2
41420
41419.9
41419.8
41419.7
41419.6
41419.5
41419.4
41419.4
41419.3
41419.2
41419.2
41419.1
41419.1
41419
41419
41418.9
41418.9
41418.9
41418.9
41418.9
41418.9
41418.9
41418.9
41419
41419
41419
41419.1
41419.1
41419.2
41419.2
41419.3
41419.4
41419.5
41419.6
41419.6
41419.7
41419.8
41420
41420.1
41420.2
41420.3
41420.4
41420.6
41420.7
41420.8
41421
41421.1
41421.2
41421.4
41421.5
41421.7
41421.8
41422
41422.2
41422.3
41422.5
41422.6
41422.8
41422.9
41423.1
41423.2
41423.4
41423.6
41423.7
41423.9
41424
41424.2
41424.3
41424.4
41424.6
41424.7
41424.8
41425
41425.1
41425.2
41425.3
41425.5
41425.6
41425.7
41425.8
41425.9
41426
41426.1
41426.1
41426.2
41426.3
41426.4
41426.4
41426.5
41426.6
41426.6
41426.7
41426.7
41426.7
41426.8
41426.8
41426.8
41426.8
41426.8
41426.8
41426.9
41426.9
41426.8
41426.8
41426.8
41426.8
41426.8
41426.8
41426.7
41426.7
41426.7
41426.6
41426.6
41426.6
41426.5
41426.5
41426.4
41426.4
41426.3
41426.2
41426.2
41426.1
41426.1
41426
41425.9
41425.9
41425.8
41425.7
41425.7
41425.6
41425.5
41425.5
41425.4
41425.3
41425.3
41425.2
41425.1
41425.1
41425
41424.9
41424.9
41424.8
41424.7
41424.7
41424.6
41424.6
41424.5
41424.4
41424.4
41424.3
41424.3
41424.2
41424.2
41424.1
41424.1
41424
41424
41423.9
41423.9
41423.8
41423.8
41423.7
41423.7
41423.7
41423.6
41423.6
41423.5
41423.5
41423.5
41423.4
41423.4
41423.4
41423.3
41423.3
41423.3
41423.2
41423.2
41423.2
41423.1
41423.1
41423.1
41423
41423
41423
41422.9
41422.9
41422.9
41422.8
41422.8
41422.8
41422.7
41422.7
41422.7
41422.6
41422.6
41422.6
41422.5
41422.5
41422.5
41422.4
41422.4
41422.4
41422.3
41422.3
41422.2
41422.2
41422.2
41422.1
41422.1
41422.1
41422
41422
41422
41422
41421.9
41421.9
41421.9
41421.8
41421.8
41421.8
41421.8
41421.7
41421.7
41421.7
41421.7
41421.7
41421.7
41421.6
41421.6
41421.6
41421.6
41421.6
41421.6
41421.6
41421.6
41421.6
41421.6
41421.6
41421.6
41421.6
41421.7
41421.7
41421.7
41421.7
41421.8
41421.8
41421.8
41421.8
41421.9
41421.9
41422
41422
41422.1
41422.1
41422.1
41422.2
41422.3
41422.3
41422.4
41422.4
41422.5
41422.6
41422.6
41422.7
41422.8
41422.9
41422.9
41423
41423.1
41423.2
41423.2
41423.3
41423.4
41423.5
41423.6
41423.7
41423.7
41423.8
41423.9
41424
41424.1
41424.2
41424.2
41424.3
41424.4
41424.5
41424.6
41424.6
41424.7
41424.8
41424.9
41425
41425
41425.1
41425.2
41425.2
41425.3
41425.4
41425.4
41425.5
41425.5
41425.6
41425.6
41425.7
41425.7
41425.8
41425.8
41425.9
41425.9
41425.9
41425.9
41426
41426
41426
41426
41426
41426.1
41426.1
41426.1
41426.1
41426.1
41426
41426
41426
41426
41426
41426
41425.9
41425.9
41425.9
41425.9
41425.8
41425.8
41425.7
41425.7
41425.6
41425.6
41425.5
41425.5
41425.4
41425.4
41425.3
41425.3
41425.2
41425.1
41425.1
41425
41424.9
41424.9
41424.8
41424.7
41424.7
41424.6
41424.5
41424.5
41424.4
41424.3
41424.2
41424.2
41424.1
41424
41423.9
41423.9
41423.8
41423.7
41423.7
41423.6
41423.5
41423.5
41423.4
41423.3
41423.3
41423.2
41423.1
41423.1
41423
41423
41422.9
41422.9
41422.8
41422.8
41422.7
41422.7
41422.6
41422.6
41422.5
41422.5
41422.4
41422.4
41422.4
41422.3
41422.3
41422.3
41422.3
41422.2
41422.2
41422.2
41422.2
41422.1
41422.1
41422.1
41422.1
41422.1
41422.1
41422.1
41422.1
41422.1
41422
41422
41422
41422
41422
41422
41422
41422.1
41422.1
41422.1
41422.1
41422.1
41422.1
41422.1
41422.1
41422.1
41422.1
41422.1
41422.2
41422.2
41422.2
41422.2
41422.2
41422.2
41422.3
41422.3
41422.3
41422.3
41422.3
41422.4
41422.4
41422.4
41422.4
41422.4
41422.5
41422.5
41422.5
41422.5
41422.6
41422.6
41422.6
41422.6
41422.7
41422.7
41422.7
41422.7
41422.8
41422.8
41422.8
41422.9
41422.9
41422.9
41422.9
41423
41423
41423
41423.1
41423.1
41423.2
41423.2
41423.2
41423.3
41423.3
41423.3
41423.4
41423.4
41423.5
41423.5
41423.6
41423.6
41423.7
41423.7
41423.8
41423.8
41423.9
41423.9
41424
41424
41424.1
41424.1
41424.2
41424.2
41424.3
41424.3
41424.4
41424.4
41424.5
41424.6
41424.6
41424.7
41424.7
41424.8
41424.8
41424.9
41425
41425
41425.1
41425.1
41425.2
41425.2
41425.3
41425.3
41425.4
41425.4
41425.5
41425.5
41425.6
41425.6
41425.7
41425.7
41425.8
41425.8
41425.8
41425.9
41425.9
41425.9
41426
41426
41426
41426
41426
41426
41426.1
41426.1
41426.1
41426.1
41426.1
41426.1
41426.1
41426
41426
41426
41426
41426
41425.9
41425.9
41425.9
41425.8
41425.8
41425.7
41425.7
41425.6
41425.6
41425.5
41425.4
41425.4
41425.3
41425.2
41425.1
41425.1
41425
41424.9
41424.8
41424.7
41424.6
41424.5
41424.4
41424.3
41424.2
41424.1
41424
41423.9
41423.8
41423.7
41423.6
41423.5
41423.4
41423.3
41423.2
41423.1
41422.9
41422.8
41422.7
41422.6
41422.5
41422.4
41422.3
41422.2
41422.1
41422
41421.9
41421.8
41421.7
41421.6
41421.5
41421.4
41421.3
41421.2
41421.2
41421.1
41421
41421
41420.9
41420.8
41420.8
41420.7
41420.7
41420.6
41420.6
41420.6
41420.5
41420.5
41420.5
41420.5
41420.5
41420.4
41420.4
41420.4
41420.5
41420.5
41420.5
41420.5
41420.5
41420.6
41420.6
41420.6
41420.7
41420.7
41420.8
41420.8
41420.9
41421
41421
41421.1
41421.2
41421.3
41421.4
41421.5
41421.5
41421.6
41421.7
41421.8
41421.9
41422
41422.1
41422.3
41422.4
41422.5
41422.6
41422.7
41422.8
41422.9
41423.1
41423.2
41423.3
41423.4
41423.5
41423.6
41423.8
41423.9
41424
41424.1
41424.2
41424.3
41424.4
41424.6
41424.7
41424.8
41424.9
41425
41425.1
41425.2
41425.3
41425.3
41425.4
41425.5
41425.6
41425.7
41425.7
41425.8
41425.9
41425.9
41426
41426
41426.1
41426.1
41426.2
41426.2
41426.3
41426.3
41426.3
41426.4
41426.4
41426.4
41426.4
41426.4
41426.4
41426.4
41426.4
41426.4
41426.4
41426.4
41426.4
41426.3
41426.3
41426.3
41426.3
41426.2
41426.2
41426.2
41426.1
41426.1
41426
41426
41425.9
41425.9
41425.8
41425.8
41425.7
41425.6
41425.6
41425.5
41425.5
41425.4
41425.3
41425.3
41425.2
41425.1
41425.1
41425
41424.9
41424.8
41424.8
41424.7
41424.6
41424.6
41424.5
41424.4
41424.4
41424.3
41424.2
41424.2
41424.1
41424
41424
41423.9
41423.8
41423.8
41423.7
41423.6
41423.6
41423.5
41423.5
41423.4
41423.4
41423.3
41423.3
41423.2
41423.2
41423.1
41423.1
41423
41423
41422.9
41422.9
41422.9
41422.8
41422.8
41422.7
41422.7
41422.7
41422.6
41422.6
41422.6
41422.6
41422.5
41422.5
41422.5
41422.4
41422.4
41422.4
41422.4
41422.3
41422.3
41422.3
41422.3
41422.3
41422.2
41422.2
41422.2
41422.2
41422.2
41422.1
41422.1
41422.1
41422.1
41422.1
41422.1
41422
41422
41422
41422
41422
41422
41422
41421.9
41421.9
41421.9
41421.9
41421.9
41421.9
41421.9
41421.9
41421.9
41421.9
41421.9
41421.9
41421.8
41421.8
41421.8
41421.8
41421.8
41421.8
41421.8
41421.9
41421.9
41421.9
41421.9
41421.9
41421.9
41421.9
41421.9
41421.9
41422
41422
41422
41422
41422
41422.1
41422.1
41422.1
41422.2
41422.2
41422.2
41422.3
41422.3
41422.4
41422.4
41422.5
41422.5
41422.6
41422.6
41422.7
41422.7
41422.8
41422.8
41422.9
41423
41423
41423.1
41423.2
41423.3
41423.3
41423.4
41423.5
41423.6
41423.6
41423.7
41423.8
41423.9
41424
41424.1
41424.1
41424.2
41424.3
41424.4
41424.5
41424.6
41424.7
41424.7
41424.8
41424.9
41425
41425.1
41425.2
41425.3
41425.3
41425.4
41425.5
41425.6
41425.7
41425.7
41425.8
41425.9
41426
41426
41426.1
41426.2
41426.2
41426.3
41426.3
41426.4
41426.4
41426.5
41426.5
41426.6
41426.6
41426.7
41426.7
41426.7
41426.7
41426.8
41426.8
41426.8
41426.8
41426.8
41426.8
41426.8
41426.8
41426.8
41426.7
41426.7
41426.7
41426.7
41426.6
41426.6
41426.6
41426.5
41426.5
41426.4
41426.4
41426.3
41426.2
41426.2
41426.1
41426
41425.9
41425.9
41425.8
41425.7
41425.6
41425.5
41425.4
41425.3
41425.2
41425.1
41425
41424.9
41424.8
41424.7
41424.5
41424.4
41424.3
41424.2
41424.1
41424
41423.8
41423.7
41423.6
41423.5
41423.4
41423.2
41423.1
41423
41422.9
41422.8
41422.6
41422.5
41422.4
41422.3
41422.2
41422.1
41422
41421.9
41421.8
41421.7
41421.6
41421.5
41421.4
41421.3
41421.2
41421.1
41421
41421
41420.9
41420.8
41420.8
41420.7
41420.7
41420.6
41420.6
41420.5
41420.5
41420.4
41420.4
41420.4
41420.4
41420.3
41420.3
41420.3
41420.3
41420.3
41420.3
41420.3
41420.3
41420.3
41420.4
41420.4
41420.4
41420.4
41420.5
41420.5
41420.6
41420.6
41420.6
41420.7
41420.8
41420.8
41420.9
41420.9
41421
41421.1
41421.2
41421.2
41421.3
41421.4
41421.5
41421.6
41421.7
41421.7
41421.8
41421.9
41422
41422.1
41422.2
41422.3
41422.4
41422.5
41422.6
41422.7
41422.8
41422.9
41423
41423.1
41423.2
41423.3
41423.4
41423.5
41423.6
41423.7
41423.8
41423.9
41424
41424.1
41424.2
41424.3
41424.4
41424.4
41424.5
41424.6
41424.7
41424.8
41424.9
41424.9
41425
41425.1
41425.1
41425.2
41425.3
41425.3
41425.4
41425.5
41425.5
41425.6
41425.6
41425.7
41425.7
41425.8
41425.8
41425.8
41425.9
41425.9
41425.9
41426
41426
41426
41426
41426.1
41426.1
41426.1
41426.1
41426.1
41426.1
41426.1
41426.1
41426.1
41426.1
41426.1
41426.1
41426.1
41426.1
41426.1
41426.1
41426.1
41426.1
41426
41426
41426
41426
41425.9
41425.9
41425.9
41425.9
41425.8
41425.8
41425.8
41425.7
41425.7
41425.7
41425.6
41425.6
41425.6
41425.5
41425.5
41425.4
41425.4
41425.3
41425.3
41425.2
41425.2
41425.1
41425.1
41425
41425
41424.9
41424.9
41424.8
41424.8
41424.7
41424.7
41424.6
41424.6
41424.5
41424.5
41424.4
41424.3
41424.3
41424.2
41424.2
41424.1
41424
41424
41423.9
41423.9
41423.8
41423.7
41423.7
41423.6
41423.5
41423.5
41423.4
41423.4
41423.3
41423.2
41423.2
41423.1
41423
41423
41422.9
41422.9
41422.8
41422.7
41422.7
41422.6
41422.5
41422.5
41422.4
41422.4
41422.3
41422.3
41422.2
41422.1
41422.1
41422
41422
41421.9
41421.9
41421.8
41421.8
41421.7
41421.7
41421.6
41421.6
41421.6
41421.5
41421.5
41421.4
41421.4
41421.4
41421.3
41421.3
41421.3
41421.3
41421.2
41421.2
41421.2
41421.2
41421.2
41421.2
41421.1
41421.1
41421.1
41421.1
41421.1
41421.1
41421.1
41421.1
41421.2
41421.2
41421.2
41421.2
41421.2
41421.2
41421.3
41421.3
41421.3
41421.3
41421.4
41421.4
41421.5
41421.5
41421.5
41421.6
41421.6
41421.7
41421.7
41421.8
41421.9
41421.9
41422
41422
41422.1
41422.2
41422.3
41422.3
41422.4
41422.5
41422.5
41422.6
41422.7
41422.8
41422.9
41423
41423
41423.1
41423.2
41423.3
41423.4
41423.5
41423.6
41423.6
41423.7
41423.8
41423.9
41424
41424.1
41424.2
41424.3
41424.4
41424.4
41424.5
41424.6
41424.7
41424.8
41424.9
41425
41425
41425.1
41425.2
41425.3
41425.3
41425.4
41425.5
41425.6
41425.6
41425.7
41425.8
41425.8
41425.9
41425.9
41426
41426
41426.1
41426.1
41426.2
41426.2
41426.3
41426.3
41426.3
41426.4
41426.4
41426.4
41426.4
41426.5
41426.5
41426.5
41426.5
41426.5
41426.5
41426.5
41426.5
41426.5
41426.5
41426.5
41426.5
41426.4
41426.4
41426.4
41426.4
41426.3
41426.3
41426.3
41426.2
41426.2
41426.2
41426.1
41426.1
41426
41426
41425.9
41425.8
41425.8
41425.7
41425.7
41425.6
41425.5
41425.5
41425.4
41425.3
41425.2
41425.2
41425.1
41425
41424.9
41424.8
41424.8
41424.7
41424.6
41424.5
41424.4
41424.3
41424.2
41424.2
41424.1
41424
41423.9
41423.8
41423.7
41423.6
41423.5
41423.5
41423.4
41423.3
41423.2
41423.1
41423
41423
41422.9
41422.8
41422.7
41422.6
41422.6
41422.5
41422.4
41422.3
41422.3
41422.2
41422.1
41422.1
41422
41421.9
41421.9
41421.8
41421.8
41421.7
41421.7
41421.6
41421.6
41421.5
41421.5
41421.4
41421.4
41421.4
41421.3
41421.3
41421.3
41421.2
41421.2
41421.2
41421.2
41421.2
41421.1
41421.1
41421.1
41421.1
41421.1
41421.1
41421.1
41421.1
41421.1
41421.1
41421.1
41421.1
41421.2
41421.2
41421.2
41421.2
41421.2
41421.3
41421.3
41421.3
41421.3
41421.4
41421.4
41421.5
41421.5
41421.5
41421.6
41421.6
41421.7
41421.7
41421.8
41421.8
41421.9
41421.9
41422
41422
41422.1
41422.2
41422.2
41422.3
41422.3
41422.4
41422.5
41422.5
41422.6
41422.7
41422.7
41422.8
41422.9
41423
41423
41423.1
41423.2
41423.2
41423.3
41423.4
41423.5
41423.5
41423.6
41423.7
41423.7
41423.8
41423.9
41424
41424
41424.1
41424.2
41424.2
41424.3
41424.4
41424.4
41424.5
41424.6
41424.6
41424.7
41424.8
41424.8
41424.9
41424.9
41425
41425.1
41425.1
41425.2
41425.2
41425.3
41425.3
41425.4
41425.4
41425.5
41425.5
41425.6
41425.6
41425.6
41425.7
41425.7
41425.8
41425.8
41425.8
41425.8
41425.9
41425.9
41425.9
41425.9
41426
41426
41426
41426
41426
41426
41426
41426
41426
41426
41426
41426
41426
41426
41426
41426
41426
41426
41425.9
41425.9
41425.9
41425.9
41425.8
41425.8
41425.8
41425.7
41425.7
41425.7
41425.6
41425.6
41425.5
41425.5
41425.5
41425.4
41425.4
41425.3
41425.2
41425.2
41425.1
41425.1
41425
41425
41424.9
41424.8
41424.8
41424.7
41424.6
41424.6
41424.5
41424.4
41424.4
41424.3
41424.2
41424.1
41424.1
41424
41423.9
41423.8
41423.8
41423.7
41423.6
41423.5
41423.5
41423.4
41423.3
41423.2
41423.2
41423.1
41423
41422.9
41422.9
41422.8
41422.7
41422.7
41422.6
41422.5
41422.5
41422.4
41422.3
41422.3
41422.2
41422.1
41422.1
41422
41422
41421.9
41421.9
41421.8
41421.8
41421.7
41421.7
41421.6
41421.6
41421.6
41421.5
41421.5
41421.5
41421.4
41421.4
41421.4
41421.4
41421.4
41421.3
41421.3
41421.3
41421.3
41421.3
41421.3
41421.3
41421.3
41421.3
41421.3
41421.3
41421.3
41421.3
41421.3
41421.3
41421.4
41421.4
41421.4
41421.4
41421.5
41421.5
41421.5
41421.6
41421.6
41421.6
41421.7
41421.7
41421.8
41421.8
41421.9
41421.9
41422
41422
41422.1
41422.1
41422.2
41422.2
41422.3
41422.4
41422.4
41422.5
41422.5
41422.6
41422.7
41422.7
41422.8
41422.9
41423
41423
41423.1
41423.2
41423.2
41423.3
41423.4
41423.4
41423.5
41423.6
41423.7
41423.7
41423.8
41423.9
41423.9
41424
41424.1
41424.1
41424.2
41424.3
41424.3
41424.4
41424.5
41424.5
41424.6
41424.7
41424.7
41424.8
41424.8
41424.9
41424.9
41425
41425.1
41425.1
41425.1
41425.2
41425.2
41425.3
41425.3
41425.4
41425.4
41425.4
41425.5
41425.5
41425.5
41425.6
41425.6
41425.6
41425.6
41425.7
41425.7
41425.7
41425.7
41425.7
41425.7
41425.8
41425.8
41425.8
41425.8
41425.8
41425.8
41425.8
41425.8
41425.8
41425.8
41425.7
41425.7
41425.7
41425.7
41425.7
41425.7
41425.6
41425.6
41425.6
41425.6
41425.5
41425.5
41425.5
41425.5
41425.4
41425.4
41425.3
41425.3
41425.3
41425.2
41425.2
41425.1
41425.1
41425
41425
41424.9
41424.9
41424.8
41424.8
41424.7
41424.7
41424.6
41424.6
41424.5
41424.5
41424.4
41424.3
41424.3
41424.2
41424.2
41424.1
41424
41424
41423.9
41423.9
41423.8
41423.7
41423.7
41423.6
41423.6
41423.5
41423.4
41423.4
41423.3
41423.3
41423.2
41423.1
41423.1
41423
41423
41422.9
41422.9
41422.8
41422.7
41422.7
41422.6
41422.6
41422.5
41422.5
41422.4
41422.4
41422.3
41422.3
41422.3
41422.2
41422.2
41422.1
41422.1
41422.1
41422
41422
41422
41421.9
41421.9
41421.9
41421.9
41421.8
41421.8
41421.8
41421.8
41421.8
41421.8
41421.7
41421.7
41421.7
41421.7
41421.7
41421.7
41421.7
41421.7
41421.7
41421.7
41421.7
41421.7
41421.7
41421.8
41421.8
41421.8
41421.8
41421.8
41421.8
41421.9
41421.9
41421.9
41422
41422
41422
41422
41422.1
41422.1
41422.2
41422.2
41422.2
41422.3
41422.3
41422.4
41422.4
41422.5
41422.5
41422.6
41422.6
41422.7
41422.7
41422.8
41422.8
41422.9
41422.9
41423
41423.1
41423.1
41423.2
41423.2
41423.3
41423.4
41423.4
41423.5
41423.5
41423.6
41423.7
41423.7
41423.8
41423.8
41423.9
41424
41424
41424.1
41424.1
41424.2
41424.3
41424.3
41424.4
41424.4
41424.5
41424.5
41424.6
41424.6
41424.7
41424.7
41424.8
41424.8
41424.9
41424.9
41425
41425
41425
41425.1
41425.1
41425.1
41425.2
41425.2
41425.2
41425.3
41425.3
41425.3
41425.3
41425.4
41425.4
41425.4
41425.4
41425.4
41425.4
41425.4
41425.4
41425.5
41425.5
41425.5
41425.5
41425.5
41425.5
41425.4
41425.4
41425.4
41425.4
41425.4
41425.4
41425.4
41425.4
41425.3
41425.3
41425.3
41425.3
41425.2
41425.2
41425.2
41425.2
41425.1
41425.1
41425
41425
41425
41424.9
41424.9
41424.9
41424.8
41424.8
41424.7
41424.7
41424.6
41424.6
41424.5
41424.5
41424.4
41424.4
41424.3
41424.3
41424.2
41424.2
41424.1
41424.1
41424
41424
41423.9
41423.9
41423.8
41423.8
41423.7
41423.7
41423.6
41423.6
41423.5
41423.5
41423.4
41423.4
41423.3
41423.3
41423.2
41423.2
41423.1
41423.1
41423
41423
41423
41422.9
41422.9
41422.8
41422.8
41422.8
41422.7
41422.7
41422.7
41422.6
41422.6
41422.6
41422.5
41422.5
41422.5
41422.5
41422.4
41422.4
41422.4
41422.4
41422.4
41422.3
41422.3
41422.3
41422.3
41422.3
41422.3
41422.3
41422.3
41422.3
41422.3
41422.3
41422.3
41422.3
41422.3
41422.3
41422.3
41422.3
41422.3
41422.3
41422.3
41422.3
41422.3
41422.3
41422.3
41422.4
41422.4
41422.4
41422.4
41422.4
41422.4
41422.5
41422.5
41422.5
41422.5
41422.6
41422.6
41422.6
41422.6
41422.7
41422.7
41422.7
41422.8
41422.8
41422.8
41422.8
41422.9
41422.9
41422.9
41423
41423
41423
41423.1
41423.1
41423.1
41423.2
41423.2
41423.3
41423.3
41423.3
41423.4
41423.4
41423.4
41423.5
41423.5
41423.5
41423.6
41423.6
41423.7
41423.7
41423.7
41423.8
41423.8
41423.8
41423.9
41423.9
41423.9
41424
41424
41424
41424.1
41424.1
41424.1
41424.2
41424.2
41424.2
41424.3
41424.3
41424.3
41424.4
41424.4
41424.4
41424.4
41424.5
41424.5
41424.5
41424.5
41424.6
41424.6
41424.6
41424.6
41424.6
41424.7
41424.7
41424.7
41424.7
41424.7
41424.7
41424.8
41424.8
41424.8
41424.8
41424.8
41424.8
41424.8
41424.8
41424.8
41424.8
41424.8
41424.8
41424.8
41424.8
41424.8
41424.8
41424.8
41424.8
41424.8
41424.8
41424.8
41424.8
41424.8
41424.8
41424.8
41424.8
41424.7
41424.7
41424.7
41424.7
41424.7
41424.7
41424.6
41424.6
41424.6
41424.6
41424.5
41424.5
41424.5
41424.5
41424.4
41424.4
41424.4
41424.4
41424.3
41424.3
41424.3
41424.2
41424.2
41424.2
41424.1
41424.1
41424.1
41424
41424
41424
41423.9
41423.9
41423.9
41423.8
41423.8
41423.7
41423.7
41423.7
41423.6
41423.6
41423.6
41423.5
41423.5
41423.4
41423.4
41423.4
41423.3
41423.3
41423.3
41423.2
41423.2
41423.2
41423.1
41423.1
41423.1
41423
41423
41423
41422.9
41422.9
41422.9
41422.9
41422.8
41422.8
41422.8
41422.8
41422.7
41422.7
41422.7
41422.7
41422.7
41422.6
41422.6
41422.6
41422.6
41422.6
41422.6
41422.6
41422.5
41422.5
41422.5
41422.5
41422.5
41422.5
41422.5
41422.5
41422.5
41422.5
41422.5
41422.5
41422.5
41422.5
41422.6
41422.6
41422.6
41422.6
41422.6
41422.6
41422.6
41422.7
41422.7
41422.7
41422.7
41422.7
41422.7
41422.8
41422.8
41422.8
41422.8
41422.9
41422.9
41422.9
41423
41423
41423
41423
41423.1
41423.1
41423.1
41423.2
41423.2
41423.2
41423.3
41423.3
41423.3
41423.4
41423.4
41423.4
41423.5
41423.5
41423.5
41423.6
41423.6
41423.7
41423.7
41423.7
41423.8
41423.8
41423.8
41423.9
41423.9
41423.9
41424
41424
41424
41424
41424.1
41424.1
41424.1
41424.2
41424.2
41424.2
41424.2
41424.3
41424.3
41424.3
41424.3
41424.4
41424.4
41424.4
41424.4
41424.4
41424.5
41424.5
41424.5
41424.5
41424.5
41424.5
41424.5
41424.6
41424.6
41424.6
41424.6
41424.6
41424.6
41424.6
41424.6
41424.6
41424.6
41424.6
41424.6
41424.6
41424.6
41424.6
41424.6
41424.6
41424.6
41424.6
41424.6
41424.6
41424.5
41424.5
41424.5
41424.5
41424.5
41424.5
41424.5
41424.5
41424.4
41424.4
41424.4
41424.4
41424.4
41424.4
41424.3
41424.3
41424.3
41424.3
41424.2
41424.2
41424.2
41424.2
41424.2
41424.1
41424.1
41424.1
41424.1
41424
41424
41424
41424
41423.9
41423.9
41423.9
41423.9
41423.8
41423.8
41423.8
41423.8
41423.7
41423.7
41423.7
41423.6
41423.6
41423.6
41423.6
41423.5
41423.5
41423.5
41423.5
41423.5
41423.4
41423.4
41423.4
41423.4
41423.3
41423.3
41423.3
41423.3
41423.3
41423.2
41423.2
41423.2
41423.2
41423.2
41423.1
41423.1
41423.1
41423.1
41423.1
41423.1
41423
41423
41423
41423
41423
41423
41423
41423
41423
41422.9
41422.9
41422.9
41422.9
41422.9
41422.9
41422.9
41422.9
41422.9
41422.9
41422.9
41422.9
41422.9
41422.9
41422.9
41422.9
41422.9
41422.9
41422.9
41422.9
41422.9
41422.9
41422.9
41422.9
41422.9
41423
41423
41423
41423
41423
41423
41423
41423
41423
41423.1
41423.1
41423.1
41423.1
41423.1
41423.1
41423.2
41423.2
41423.2
41423.2
41423.2
41423.3
41423.3
41423.3
41423.3
41423.3
41423.4
41423.4
41423.4
41423.4
41423.4
41423.5
41423.5
41423.5
41423.5
41423.6
41423.6
41423.6
41423.6
41423.7
41423.7
41423.7
41423.7
41423.8
41423.8
41423.8
41423.8
41423.9
41423.9
41423.9
41423.9
41423.9
41424
41424
41424
41424
41424.1
41424.1
41424.1
41424.1
41424.1
41424.2
41424.2
41424.2
41424.2
41424.2
41424.3
41424.3
41424.3
41424.3
41424.3
41424.3
41424.3
41424.4
41424.4
41424.4
41424.4
41424.4
41424.4
41424.4
41424.4
41424.4
41424.4
41424.4
41424.5
41424.5
41424.5
41424.5
41424.5
41424.5
41424.5
41424.5
41424.5
41424.5
41424.4
41424.4
41424.4
41424.4
41424.4
41424.4
41424.4
41424.4
41424.4
41424.4
41424.4
41424.3
41424.3
41424.3
41424.3
41424.3
41424.3
41424.3
41424.2
41424.2
41424.2
41424.2
41424.2
41424.1
41424.1
41424.1
41424.1
41424
41424
41424
41424
41423.9
41423.9
41423.9
41423.9
41423.8
41423.8
41423.8
41423.8
41423.7
41423.7
41423.7
41423.6
41423.6
41423.6
41423.6
41423.5
41423.5
41423.5
41423.5
41423.4
41423.4
41423.4
41423.3
41423.3
41423.3
41423.3
41423.2
41423.2
41423.2
41423.2
41423.2
41423.1
41423.1
41423.1
41423.1
41423
41423
41423
41423
41423
41423
41422.9
41422.9
41422.9
41422.9
41422.9
41422.9
41422.9
41422.9
41422.9
41422.9
41422.8
41422.8
41422.8
41422.8
41422.8
41422.8
41422.8
41422.8
41422.8
41422.8
41422.8
41422.8
41422.8
41422.9
41422.9
41422.9
41422.9
41422.9
41422.9
41422.9
41422.9
41422.9
41422.9
41423
41423
41423
41423
41423
41423
41423.1
41423.1
41423.1
41423.1
41423.1
41423.2
41423.2
41423.2
41423.2
41423.3
41423.3
41423.3
41423.3
41423.4
41423.4
41423.4
41423.4
41423.5
41423.5
41423.5
41423.5
41423.6
41423.6
41423.6
41423.7
41423.7
41423.7
41423.7
41423.8
41423.8
41423.8
41423.8
41423.9
41423.9
41423.9
41423.9
41424
41424
41424
41424
41424.1
41424.1
41424.1
41424.1
41424.2
41424.2
41424.2
41424.2
41424.2
41424.3
41424.3
41424.3
41424.3
41424.3
41424.3
41424.4
41424.4
41424.4
41424.4
41424.4
41424.4
41424.4
41424.4
41424.4
41424.5
41424.5
41424.5
41424.5
41424.5
41424.5
41424.5
41424.5
41424.5
41424.5
41424.5
41424.5
41424.5
41424.5
41424.5
41424.5
41424.5
41424.4
41424.4
41424.4
41424.4
41424.4
41424.4
41424.4
41424.4
41424.4
41424.4
41424.3
41424.3
41424.3
41424.3
41424.3
41424.3
41424.2
41424.2
41424.2
41424.2
41424.2
41424.1
41424.1
41424.1
41424.1
41424
41424
41424
41424
41424
41423.9
41423.9
41423.9
41423.9
41423.8
41423.8
41423.8
41423.7
41423.7
41423.7
41423.7
41423.6
41423.6
41423.6
41423.6
41423.5
41423.5
41423.5
41423.5
41423.4
41423.4
41423.4
41423.4
41423.3
41423.3
41423.3
41423.3
41423.2
41423.2
41423.2
41423.2
41423.1
41423.1
41423.1
41423.1
41423.1
41423.1
41423
41423
41423
41423
41423
41423
41422.9
41422.9
41422.9
41422.9
41422.9
41422.9
41422.9
41422.9
41422.9
41422.8
41422.8
41422.8
41422.8
41422.8
41422.8
41422.8
41422.8
41422.8
41422.8
41422.8
41422.8
41422.8
41422.8
41422.8
41422.8
41422.8
41422.8
41422.9
41422.9
41422.9
41422.9
41422.9
41422.9
41422.9
41422.9
41423
41423
41423
41423
41423
41423
41423.1
41423.1
41423.1
41423.1
41423.1
41423.2
41423.2
41423.2
41423.2
41423.3
41423.3
41423.3
41423.3
41423.4
41423.4
41423.4
41423.4
41423.5
41423.5
41423.5
41423.5
41423.6
41423.6
41423.6
41423.7
41423.7
41423.7
41423.7
41423.8
41423.8
41423.8
41423.9
41423.9
41423.9
41423.9
41424
41424
41424
41424
41424.1
41424.1
41424.1
41424.1
41424.2
41424.2
41424.2
41424.2
41424.3
41424.3
41424.3
41424.3
41424.3
41424.4
41424.4
41424.4
41424.4
41424.4
41424.5
41424.5
41424.5
41424.5
41424.5
41424.5
41424.5
41424.5
41424.5
41424.6
41424.6
41424.6
41424.6
41424.6
41424.6
41424.6
41424.6
41424.6
41424.6
41424.6
41424.6
41424.6
41424.6
41424.6
41424.6
41424.5
41424.5
41424.5
41424.5
41424.5
41424.5
41424.5
41424.5
41424.5
41424.4
41424.4
41424.4
41424.4
41424.4
41424.3
41424.3
41424.3
41424.3
41424.3
41424.2
41424.2
41424.2
41424.2
41424.1
41424.1
41424.1
41424.1
41424
41424
41424
41423.9
41423.9
41423.9
41423.9
41423.8
41423.8
41423.8
41423.7
41423.7
41423.7
41423.7
41423.6
41423.6
41423.6
41423.5
41423.5
41423.5
41423.4
41423.4
41423.4
41423.4
41423.3
41423.3
41423.3
41423.2
41423.2
41423.2
41423.2
41423.1
41423.1
41423.1
41423.1
41423
41423
41423
41423
41423
41422.9
41422.9
41422.9
41422.9
41422.9
41422.9
41422.8
41422.8
41422.8
41422.8
41422.8
41422.8
41422.8
41422.8
41422.8
41422.7
41422.7
41422.7
41422.7
41422.7
41422.7
41422.7
41422.7
41422.7
41422.7
41422.7
41422.7
41422.7
41422.7
41422.7
41422.8
41422.8
41422.8
41422.8
41422.8
41422.8
41422.8
41422.8
41422.8
41422.9
41422.9
41422.9
41422.9
41422.9
41422.9
41423
41423
41423
41423
41423
41423.1
41423.1
41423.1
41423.1
41423.2
41423.2
41423.2
41423.2
41423.3
41423.3
41423.3
41423.4
41423.4
41423.4
41423.4
41423.5
41423.5
41423.5
41423.6
41423.6
41423.6
41423.6
41423.7
41423.7
41423.7
41423.8
41423.8
41423.8
41423.8
41423.9
41423.9
41423.9
41424
41424
41424
41424
41424.1
41424.1
41424.1
41424.2
41424.2
41424.2
41424.2
41424.2
41424.3
41424.3
41424.3
41424.3
41424.4
41424.4
41424.4
41424.4
41424.4
41424.5
41424.5
41424.5
41424.5
41424.5
41424.5
41424.5
41424.5
41424.6
41424.6
41424.6
41424.6
41424.6
41424.6
41424.6
41424.6
41424.6
41424.6
41424.6
41424.6
41424.6
41424.6
41424.6
41424.6
41424.6
41424.6
41424.6
41424.6
41424.6
41424.6
41424.6
41424.5
41424.5
41424.5
41424.5
41424.5
41424.5
41424.5
41424.5
41424.4
41424.4
41424.4
41424.4
41424.4
41424.3
41424.3
41424.3
41424.3
41424.2
41424.2
41424.2
41424.2
41424.1
41424.1
41424.1
41424.1
41424
41424
41424
41424
41423.9
41423.9
41423.9
41423.8
41423.8
41423.8
41423.8
41423.7
41423.7
41423.7
41423.6
41423.6
41423.6
41423.5
41423.5
41423.5
41423.5
41423.4
41423.4
41423.4
41423.3
41423.3
41423.3
41423.3
41423.2
41423.2
41423.2
41423.1
41423.1
41423.1
41423.1
41423
41423
41423
41423
41423
41422.9
41422.9
41422.9
41422.9
41422.9
41422.8
41422.8
41422.8
41422.8
41422.8
41422.8
41422.8
41422.8
41422.7
41422.7
41422.7
41422.7
41422.7
41422.7
41422.7
41422.7
41422.7
41422.7
41422.7
41422.7
41422.7
41422.7
41422.7
41422.7
41422.7
41422.7
41422.7
41422.7
41422.7
41422.8
41422.8
41422.8
41422.8
41422.8
41422.8
41422.8
41422.8
41422.9
41422.9
41422.9
41422.9
41422.9
41423
41423
41423
41423
41423
41423.1
41423.1
41423.1
41423.1
41423.2
41423.2
41423.2
41423.3
41423.3
41423.3
41423.3
41423.4
41423.4
41423.4
41423.5
41423.5
41423.5
41423.5
41423.6
41423.6
41423.6
41423.7
41423.7
41423.7
41423.8
41423.8
41423.8
41423.8
41423.9
41423.9
41423.9
41424
41424
41424
41424
41424.1
41424.1
41424.1
41424.1
41424.2
41424.2
41424.2
41424.2
41424.3
41424.3
41424.3
41424.3
41424.3
41424.4
41424.4
41424.4
41424.4
41424.4
41424.5
41424.5
41424.5
41424.5
41424.5
41424.5
41424.5
41424.5
41424.6
41424.6
41424.6
41424.6
41424.6
41424.6
41424.6
41424.6
41424.6
41424.6
41424.6
41424.6
41424.6
41424.6
41424.6
41424.6
41424.6
41424.6
41424.6
41424.6
41424.6
41424.5
41424.5
41424.5
41424.5
41424.5
41424.5
41424.5
41424.5
41424.4
41424.4
41424.4
41424.4
41424.4
41424.4
41424.3
41424.3
41424.3
41424.3
41424.2
41424.2
41424.2
41424.2
41424.2
41424.1
41424.1
41424.1
41424.1
41424
41424
41424
41424
41423.9
41423.9
41423.9
41423.8
41423.8
41423.8
41423.8
41423.7
41423.7
41423.7
41423.6
41423.6
41423.6
41423.6
41423.5
41423.5
41423.5
41423.5
41423.4
41423.4
41423.4
41423.3
41423.3
41423.3
41423.3
41423.2
41423.2
41423.2
41423.2
41423.2
41423.1
41423.1
41423.1
41423.1
41423
41423
41423
41423
41423
41423
41422.9
41422.9
41422.9
41422.9
41422.9
41422.9
41422.9
41422.8
41422.8
41422.8
41422.8
41422.8
41422.8
41422.8
41422.8
41422.8
41422.8
41422.8
41422.8
41422.8
41422.8
41422.8
41422.8
41422.8
41422.8
41422.8
41422.8
41422.8
41422.8
41422.8
41422.8
41422.8
41422.8
41422.8
41422.8
41422.9
41422.9
41422.9
41422.9
41422.9
41422.9
41422.9
41423
41423
41423
41423
41423
41423
41423.1
41423.1
41423.1
41423.1
41423.2
41423.2
41423.2
41423.2
41423.2
41423.3
41423.3
41423.3
41423.3
41423.4
41423.4
41423.4
41423.4
41423.5
41423.5
41423.5
41423.6
41423.6
41423.6
41423.6
41423.7
41423.7
41423.7
41423.7
41423.8
41423.8
41423.8
41423.9
41423.9
41423.9
41423.9
41424
41424
41424
41424
41424.1
41424.1
41424.1
41424.1
41424.1
41424.2
41424.2
41424.2
41424.2
41424.3
41424.3
41424.3
41424.3
41424.3
41424.3
41424.4
41424.4
41424.4
41424.4
41424.4
41424.4
41424.4
41424.5
41424.5
41424.5
41424.5
41424.5
41424.5
41424.5
41424.5
41424.5
