
Objective value: 
56315.7
15897.2
16181.3
16929.9
19352.5
22621.4
23859.3
24243.2
25502.1
28632.6
33330.3
38192
42025.9
44276.3
45856.7
46997.6
47716.2
47953.5
47905.9
47684.7
47277.2
46712.3
46020.6
45389.4
45005.4
44946
45192.3
45668.5
46278.4
46825
47240.7
47595.6
47890.7
48120.6
48237.9
48247.7
48174.9
48042.2
47871.9
47683.7
47494.5
47247.6
46954.8
46645.4
46322.4
45985.5
45694.7
45455.2
45267.7
45129.8
45036.5
44982.1
44961.2
44969.3
45003.1
45060.3
45139.1
45237.9
45355.3
45489.5
45637.8
45709.9
45772.4
45847.2
45936.8
46038.3
46145.7
46252.9
46354.1
46444.4
46519.4
46575.5
46596.2
46576.2
46534.1
46474.1
46393.8
46268.6
46100.5
45896.9
45663
45402.6
45118.7
44813.2
44487.7
44143
43780.2
43400.4
43005.5
42597.8
42180.2
41756.2
41329.7
40904.5
40484.4
40073.2
39674
39289.7
38922.8
38575.4
38249.2
37945.8
37666.1
37411.3
37181.9
36978.4
36801.1
36650
36524.8
36425.3
36350.6
36299.8
36271.9
36265.3
36278.7
36310.3
36358.5
36421.6
36497.7
36585.2
36682.8
36788.9
36902.4
37022.4
37148.1
37278.9
37414.6
37554.9
37699.9
37849.5
38003.9
38159.3
38317.6
38481.1
38650.9
38827.2
39009.3
39196.5
39388
39583.2
39781.4
39981.7
40183
40384.1
40583.7
40780.4
40973
41160.4
41341.4
41515.4
41681.6
41839.7
41961.9
42046.4
42131
42219.3
42312.6
42409.9
42509.9
42611.5
42714
42817.4
42921.4
43026.2
43131.9
43238.7
43346.7
43456.2
43567
43678.8
43791
43903
44013.6
44121.6
44225.7
44324.6
44416.7
44500.6
44575
44627.1
44663.3
44691.7
44712.4
44724.9
44728.3
44717.9
44680
44617.6
44533.2
44429.1
44307.6
44170.9
44021
43860.1
43690.2
43513.2
43331
43145.5
42958.7
42772.3
42588.3
42408.3
42234.1
42067.1
41908.4
41759.1
41619.8
41490.7
41372
41263.3
41164.2
41074
40991.7
40916.4
40846.9
40782
40720.6
40661.5
40603.6
40545.7
40487
40426.7
40363.8
40298
40228.8
40155.7
40078.8
39998
39913.5
39825.6
39734.6
39641.1
39545.8
39449.4
39352.8
39256.7
39162.2
39070.2
38981.7
38897.7
38819.3
38747.3
38682.7
38626.4
38579.1
38541.8
38514.9
38499.2
38495.1
38503
38523.3
38556.2
38601.7
38659.8
38730.6
38813.7
38908.8
39015.5
39133.3
39261.7
39399.7
39546.8
39701.9
39864.2
40032.6
40206
40383.3
40563.3
40744.7
40926.5
41107.3
41285.9
41461.2
41631.9
41797
41920.5
42021.5
42120.5
42219.5
42318.3
42415.3
42508.8
42597.2
42679.4
42754.5
42821.8
42881
42931.9
42974.5
43008.9
43035.5
43054.8
43067.3
43073.3
43073.5
43065
43047.2
43022
42991
42955.7
42917.3
42876.9
42835.6
42794.2
42753.7
42714.8
42678.3
42644.6
42614.4
42587.8
42565.1
42546.3
42531.3
42519.7
42510.9
42504.5
42499.4
42495
42490.1
42483.9
42475.4
42463.5
42447.4
42426.4
42399.6
42366.6
42326.8
42279.9
42225.8
42164.4
42095.7
42020
41937.5
41848.7
41754.1
41654.2
41549.7
41441.2
41329.4
41215
41098.7
40981.3
40863.4
40745.9
40629.3
40514.5
40401.9
40292.4
40186.5
40084.8
39987.8
39896.2
39810.5
39731.1
39658.4
39592.9
39535
39484.9
39442.9
39409.2
39383.9
39367.1
39358.8
39358.9
39367.3
39383.9
39408.4
39440.4
39479.7
39525.8
39578.3
39636.7
39700.6
39769.3
39842.4
39919.3
39999.5
40082.4
40167.5
40254.1
40341.9
40430.3
40518.8
40606.9
40694.2
40780.4
40864.9
40947.6
41028
41105.8
41181
41253.1
41322
41387.6
41449.7
41508.3
41563.3
41614.7
41662.4
41706.6
41747.2
41784.5
41818.5
41849.3
41877.2
41902.3
41924.8
41945
41963.1
41979.2
41993.7
42006.8
42018.7
42029.6
42039.6
42049.1
42058.1
42066.7
42075.1
42083.4
42091.6
42099.6
42107.6
42115.5
42123.1
42130.4
42137.3
42143.7
42149.3
42154.1
42157.8
42160.2
42161.1
42160.4
42157.9
42153.3
42146.6
42137.5
42125.8
42111.6
42094.6
42074.9
42052.2
42026.7
41998.2
41966.9
41932.7
41895.7
41856
41813.7
41769
41721.9
41672.6
41621.3
41568.3
41513.6
41457.6
41400.4
41342.3
41283.5
41224.3
41164.9
41105.5
41046.3
40987.7
40929.9
40873
40817.3
40763
40710.4
40659.6
40610.8
40564.2
40520
40478.3
40439.2
40403
40369.6
40339.2
40311.9
40287.7
40266.7
40248.9
40234.3
40223
40214.8
40209.8
40207.9
40209.1
40213.3
40220.4
40230.4
40243.1
40258.5
40276.4
40296.9
40319.7
40344.9
40372.3
40401.8
40433.4
40466.9
40502.4
40539.6
40578.5
40619
40661
40704.4
40749.2
40795.2
40842.3
40890.4
40939.5
40989.4
41040
41091.2
41142.8
41194.8
41247.1
41299.4
41351.6
41403.7
41455.3
41506.5
41557
41606.7
41655.4
41702.9
41749.1
41793.8
41836.9
41878.1
41917.4
41954.6
41989.5
42022
42052
42079.3
42103.8
42125.5
42144.2
42159.9
42172.5
42181.9
42188.2
42191.2
42191.1
42187.7
42181.2
42171.6
42158.9
42143.2
42124.7
42103.4
42079.5
42053
42024.2
41993.2
41960.2
41925.2
41888.5
41850.3
41810.7
41769.9
41728.1
41685.4
41642
41598.1
41553.8
41509.4
41464.9
41420.4
41376.2
41332.4
41289
41246.2
41204
41162.7
41122.2
41082.6
41044
41006.5
40970.2
40935
40901
40868.3
40836.9
40806.8
40778
40750.6
40724.5
40699.8
40676.6
40654.7
40634.3
40615.3
40597.7
40581.6
40566.9
40553.8
40542.1
40532
40523.4
40516.4
40510.9
40507.1
40504.8
40504.3
40505.4
40508.2
40512.7
40519
40527
40536.7
40548.3
40561.6
40576.8
40593.7
40612.4
40632.8
40655
40678.8
40704.3
40731.5
40760.2
40790.4
40822
40855
40889.2
40924.7
40961.2
40998.7
41037
41076.1
41115.8
41156.1
41196.6
41237.5
41278.4
41319.2
41359.9
41400.2
41440.1
41479.4
41517.9
41555.5
41592.1
41627.5
41661.7
41694.5
41725.8
41755.4
41783.3
41809.4
41833.7
41855.9
41876.1
41894.1
41910
41923.7
41935.1
41944.2
41951
41955.5
41957.8
41957.7
41955.3
41950.7
41943.8
41934.7
41923.6
41910.3
41895
41877.8
41858.7
41837.8
41815.2
41791
41765.3
41738.2
41709.7
41680.1
41649.4
41617.7
41585.1
41551.8
41517.9
41483.4
41448.5
41413.3
41378
41342.5
41307.1
41271.8
41236.7
41202
41167.7
41133.9
41100.6
41068.1
41036.3
41005.3
40975.2
40946.1
40918.1
40891.2
40865.4
40840.9
40817.7
40795.8
40775.3
40756.3
40738.7
40722.5
40708
40694.9
40683.5
40673.6
40665.3
40658.6
40653.5
40650.1
40648.2
40647.9
40649.2
40652.1
40656.5
40662.5
40669.9
40678.8
40689.2
40701
40714.2
40728.8
40744.6
40761.7
40780.1
40799.6
40820.2
40841.9
40864.6
40888.3
40912.9
40938.3
40964.5
40991.5
41019
41047.2
41075.9
41105.1
41134.6
41164.4
41194.4
41224.4
41254.5
41284.4
41314.1
41343.4
41372.3
41400.5
41428.1
41454.9
41480.9
41506
41530.2
41553.4
41575.6
41596.7
41616.8
41635.7
41653.5
41670.1
41685.5
41699.7
41712.5
41724.1
41734.4
41743.3
41750.9
41757.1
41761.9
41765.4
41767.5
41768.2
41767.5
41765.5
41762.1
41757.5
41751.5
41744.2
41735.6
41725.9
41714.9
41702.8
41689.6
41675.3
41660.1
41643.8
41626.6
41608.6
41589.8
41570.3
41550.1
41529.3
41508
41486.2
41464.1
41441.6
41419
41396.1
41373.2
41350.2
41327.2
41304.1
41281
41257.9
41234.7
41211.3
41187.8
41164.1
41140.3
41116.5
41092.8
41069.2
41046
41023.1
41000.7
40978.9
40957.7
40937.1
40917.4
40898.4
40880.3
40863.1
40846.8
40831.5
40817.2
40803.9
40791.7
40780.6
40770.5
40761.6
40753.9
40747.3
40741.8
40737.6
40734.5
40732.5
40731.8
40732.2
40733.8
40736.5
40740.5
40745.6
40751.8
40759.3
40767.8
40777.5
40788.4
40800.3
40813.4
40827.5
40842.6
40858.8
40876
40894.1
40913.2
40933.1
40953.9
40975.5
40997.9
41020.9
41044.5
41068.7
41093.3
41118.4
41143.7
41169.3
41195
41220.8
41246.6
41272.3
41297.9
41323.3
41348.4
41373.2
41397.7
41421.8
41445.5
41468.7
41491.4
41513.5
41534.9
41555.7
41575.7
41595
41613.5
41631.1
41647.7
41663.4
41678.1
41691.7
41704.3
41715.7
41726
41735
41742.9
41749.5
41754.8
41758.9
41761.7
41763.1
41763.3
41762.2
41759.8
41756.1
41751.1
41744.8
41737.3
41728.6
41718.7
41707.7
41695.4
41682.1
41667.8
41652.4
41636
41618.6
41600.3
41581.2
41561.2
41540.4
41518.9
41496.6
41473.6
41450
41425.8
41401
41375.7
41350
41323.9
41297.5
41270.9
41244.1
41217.3
41190.5
41163.8
41137.3
41111.1
41085.2
41059.7
41034.7
41010.3
40986.5
40963.4
40941.1
40919.6
40899
40879.3
40860.6
40842.9
40826.3
40810.9
40796.6
40783.6
40771.8
40761.3
40752.1
40744.2
40737.7
40732.6
40728.9
40726.6
40725.7
40726.2
40728.2
40731.5
40736.3
40742.5
40750
40759
40769.2
40780.8
40793.7
40807.8
40823
40839.5
40857
40875.6
40895.2
40915.7
40937
40959
40981.7
41005
41028.8
41052.9
41077.3
41101.9
41126.6
41151.4
41176.1
41200.8
41225.2
41249.5
41273.4
41297.1
41320.3
41343.1
41365.4
41387.1
41408.2
41428.6
41448.3
41467.2
41485.3
41502.5
41518.8
41534.2
41548.5
41561.9
41574.1
41585.3
41595.4
41604.3
41612.1
41618.8
41624.2
41628.5
41631.6
41633.6
41634.4
41634
41632.5
41630
41626.3
41621.6
41615.8
41609.1
41601.4
41592.8
41583.3
41573
41561.9
41550.1
41537.6
41524.4
41510.6
41496.3
41481.5
41466.2
41450.5
41434.4
41418
41401.4
41384.5
41367.5
41350.3
41333
41315.6
41298.3
41280.9
41263.7
41246.6
41229.6
41212.9
41196.5
41180.3
41164.6
41149.3
41134.4
41120.1
41106.2
41093
41080.4
41068.4
41057.2
41046.6
41036.7
41027.6
41019.2
41011.7
41004.9
40998.9
40993.8
40989.4
40985.9
40983.2
40981.3
40980.2
40979.9
40980.4
40981.7
40983.7
40986.5
40990.1
40994.3
40999.3
41004.9
41011.2
41018.1
41025.6
41033.6
41042.2
41051.2
41060.8
41070.7
41081
41091.7
41102.7
41113.9
41125.2
41136.8
41148.4
41160
41171.6
41183.2
41194.5
41205.7
41216.7
41227.4
41237.8
41247.8
41257.5
41266.8
41275.7
41284.1
41292.2
41299.8
41307
41313.7
41320
41325.8
41331.2
41336.1
41340.5
41344.5
41348
41351
41353.6
41355.8
41357.5
41358.8
41359.7
41360.1
41360.2
41359.9
41359.3
41358.3
41357
41355.4
41353.5
41351.4
41349
41346.4
41343.5
41340.6
41337.4
41334.1
41330.7
41327.2
41323.6
41320
41316.4
41312.7
41309
41305.4
41301.8
41298.2
41294.7
41291.3
41287.9
41284.7
41281.5
41278.3
41275.2
41272.2
41269.1
41266
41262.9
41259.8
41256.6
41253.3
41250
41246.7
41243.3
41240
41236.6
41233.3
41230
41226.8
41223.7
41220.7
41217.8
41215
41212.4
41209.9
41207.6
41205.4
41203.3
41201.5
41199.7
41198.2
41196.8
41195.6
41194.5
41193.6
41192.8
41192.2
41191.7
41191.4
41191.2
41191.1
41191.2
41191.4
41191.7
41192.1
41192.6
41193.2
41193.9
41194.7
41195.6
41196.5
41197.5
41198.6
41199.7
41200.8
41202
41203.2
41204.5
41205.8
41207
41208.3
41209.5
41210.7
41211.9
41213
41214
41214.9
41215.6
41216.2
41216.5
41216.6
41216.5
41216.2
41215.6
41214.8
41213.8
41212.6
41211.2
41209.7
41208.1
41206.4
41204.6
41202.9
41201.1
41199.4
41197.7
41196.1
41194.6
41193.3
41192
41191
41190.1
41189.4
41188.9
41188.6
41188.6
41188.8
41189.3
41190
41191.1
41192.4
41194.1
41196
41198.2
41200.8
41203.6
41206.8
41210.2
41213.9
41217.9
41222.2
41226.8
41231.6
41236.7
41242
41247.5
41253.2
41259.1
41265.2
41271.4
41277.8
41284.3
41290.8
41297.3
41303.9
41310.4
41316.8
41323.1
41329.1
41334.9
41340.2
41345.2
41349.8
41353.8
41357.4
41360.5
41363.1
41365.2
41366.9
41368.2
41369
41369.4
41369.3
41368.9
41368.2
41367
41365.5
41363.7
41361.5
41359
41356.2
41353.1
41349.7
41346.1
41342.2
41338
41333.7
41329.1
41324.3
41319.4
41314.3
41309
41303.6
41298
41292.4
41286.7
41280.9
41275
41269.1
41263.1
41257.1
41251.2
41245.2
41239.2
41233.3
41227.5
41221.7
41215.9
41210.3
41204.7
41199.2
41193.8
41188.6
41183.4
41178.3
41173.3
41168.3
41163.4
41158.5
41153.6
41148.7
41143.8
41138.9
41134
41129
41124.1
41119.2
41114.4
41109.7
41105.1
41100.7
41096.5
41092.6
41088.8
41085.4
41082.3
41079.5
41077
41074.9
41073.3
41072
41071.1
41070.7
41070.7
41071.2
41072.2
41073.6
41075.5
41077.9
41080.8
41084.1
41088
41092.3
41097.1
41102.3
41108
41114.1
41120.7
41127.7
41135.1
41142.9
41151.1
41159.6
41168.5
41177.6
41187.1
41196.8
41206.7
41216.9
41227.2
41237.7
41248.2
41258.9
41269.5
41280.1
41290.6
41301
41311.2
41321.2
41330.9
41340.2
41349.1
41357.5
41365.6
41373.1
41380.2
41386.8
41392.8
41398.4
41403.5
41408.1
41412.2
41415.8
41419
41421.6
41423.8
41425.5
41426.8
41427.6
41427.9
41427.8
41427.3
41426.3
41424.9
41423
41420.8
41418.1
41415.1
41411.7
41407.9
41403.7
41399.2
41394.4
41389.2
41383.7
41378
41371.9
41365.6
41359
41352.2
41345.2
41337.9
41330.5
41322.9
41315.1
41307.2
41299.2
41291
41282.8
41274.5
41266.1
41257.7
41249.3
41240.8
41232.3
41223.7
41215.2
41206.6
41198
41189.4
41180.8
41172.1
41163.4
41154.7
41146
41137.3
41128.7
41120.3
41111.9
41103.7
41095.8
41088.1
41080.7
41073.7
41067
41060.8
41055
41049.6
41044.8
41040.4
41036.7
41033.4
41030.8
41028.8
41027.4
41026.6
41026.4
41026.9
41028
41029.8
41032.3
41035.4
41039.1
41043.5
41048.5
41054.1
41060.3
41067.1
41074.5
41082.4
41090.9
41099.9
41109.3
41119.3
41129.6
41140.4
41151.5
41162.9
41174.7
41186.7
41198.9
41211.3
41223.8
41236.4
41249.1
41261.7
41274.3
41286.7
41299
41311.1
41322.8
41334.3
41345.4
41356
41366.2
41375.9
41385
41393.6
41401.7
41409.2
41416
41422.3
41428
41433
41437.4
41441.2
41444.4
41447
41449
41450.3
41451
41451.2
41450.7
41449.6
41448
41445.8
41443.1
41439.8
41436
41431.7
41426.8
41421.6
41415.8
41409.7
41403.1
41396.1
41388.8
41381.1
41373.1
41364.8
41356.2
41347.4
41338.4
41329.2
41319.8
41310.3
41300.7
41291
41281.3
41271.5
41261.7
41251.9
41242.2
41232.5
41222.9
41213.5
41204.1
41194.9
41185.8
41176.9
41168.1
41159.5
41151.1
41142.8
41134.6
41126.6
41118.8
41111.2
41103.7
41096.5
41089.5
41082.8
41076.5
41070.4
41064.7
41059.4
41054.6
41050.1
41046.2
41042.7
41039.7
41037.2
41035.3
41033.9
41033.1
41032.8
41033.1
41034
41035.4
41037.4
41039.9
41043.1
41046.7
41051
41055.7
41061
41066.8
41073.1
41079.8
41087.1
41094.7
41102.8
41111.3
41120.2
41129.4
41138.9
41148.7
41158.7
41169
41179.5
41190.2
41201
41211.9
41222.8
41233.8
41244.8
41255.7
41266.5
41277.2
41287.8
41298.1
41308.2
41318
41327.4
41336.5
41345.2
41353.5
41361.3
41368.5
41375.3
41381.6
41387.3
41392.5
41397.1
41401.2
41404.7
41407.7
41410.1
41412
41413.4
41414.3
41414.6
41414.5
41413.9
41412.9
41411.4
41409.4
41407.1
41404.4
41401.2
41397.7
41393.9
41389.8
41385.3
41380.5
41375.5
41370.3
41364.8
41359.1
41353.2
41347.2
41341
41334.6
41328.2
41321.7
41315.1
41308.4
41301.7
41295
41288.2
41281.5
41274.8
41268.2
41261.6
41255
41248.6
41242.2
41235.9
41229.7
41223.7
41217.7
41211.8
41206.1
41200.4
41194.8
41189.4
41184
41178.7
41173.5
41168.4
41163.4
41158.6
41153.8
41149.2
41144.7
41140.4
41136.3
41132.4
41128.8
41125.4
41122.2
41119.3
41116.8
41114.5
41112.5
41110.9
41109.7
41108.7
41108.2
41108
41108.2
41108.7
41109.6
41110.9
41112.6
41114.7
41117.1
41119.9
41123
41126.5
41130.4
41134.6
41139.2
41144
41149.2
41154.6
41160.3
41166.3
41172.5
41178.9
41185.5
41192.3
41199.3
41206.3
41213.5
41220.8
41228.1
41235.4
41242.8
41250.1
41257.4
41264.7
41271.8
41278.8
41285.7
41292.4
41298.9
41305.1
41311.1
41316.8
41322.1
41327
41331.6
41335.7
41339.3
41342.5
41345.2
41347.3
41349
41350.2
41350.9
41351.1
41350.8
41350.1
41348.9
41347.4
41345.4
41343
41340.3
41337.2
41333.7
41330
41326
41321.7
41317.1
41312.4
41307.4
41302.2
41296.9
41291.4
41285.8
41280.1
41274.3
41268.4
41262.5
41256.6
41250.6
41244.7
41238.7
41232.9
41227
41221.3
41215.6
41210.1
41204.6
41199.4
41194.2
41189.2
41184.4
41179.7
41175.3
41171
41166.9
41163.1
41159.4
41156
41152.8
41149.8
41147.1
41144.5
41142.3
41140.2
41138.4
41136.8
41135.5
41134.4
41133.6
41133
41132.7
41132.7
41132.9
41133.4
41134.1
41135.1
41136.4
41137.9
41139.8
41141.9
41144.2
41146.9
41149.8
41153
41156.5
41160.2
41164.2
41168.4
41172.9
41177.7
41182.6
41187.8
41193.2
41198.8
41204.6
41210.5
41216.6
41222.9
41229.3
41235.8
41242.3
41249
41255.8
41262.5
41269.3
41276.1
41282.9
41289.6
41296.3
41302.8
41309.2
41315.5
41321.6
41327.5
41333.2
41338.6
41343.8
41348.6
41353
41357.1
41360.8
41364.2
41367.1
41369.6
41371.6
41373.2
41374.4
41375.2
41375.5
41375.4
41374.9
41374
41372.7
41371
41368.9
41366.4
41363.7
41360.5
41357.1
41353.3
41349.3
41345
41340.4
41335.6
41330.5
41325.2
41319.8
41314.1
41308.3
41302.4
41296.3
41290.2
41283.9
41277.6
41271.3
41264.9
41258.5
41252.1
41245.8
41239.5
41233.3
41227.1
41221
41215
41209.2
41203.4
41197.9
41192.4
41187.1
41182
41177.1
41172.4
41167.9
41163.5
41159.4
41155.5
41151.9
41148.4
41145.2
41142.3
41139.6
41137.1
41134.9
41132.9
41131.2
41129.7
41128.5
41127.5
41126.8
41126.3
41126
41126
41126.1
41126.5
41127.1
41127.8
41128.8
41129.9
41131.2
41132.7
41134.3
41136.2
41138.1
41140.3
41142.6
41145.1
41147.8
41150.6
41153.5
41156.6
41159.9
41163.3
41166.9
41170.6
41174.4
41178.3
41182.4
41186.5
41190.8
41195.1
41199.6
41204.1
41208.6
41213.2
41217.9
41222.5
41227.2
41231.9
41236.5
41241.2
41245.8
41250.3
41254.8
41259.2
41263.6
41267.8
41271.9
41276
41279.8
41283.6
41287.2
41290.6
41293.9
41297
41299.9
41302.6
41305.1
41307.4
41309.5
41311.4
41313
41314.5
41315.7
41316.6
41317.4
41317.8
41318.1
41318.2
41318
41317.5
41316.9
41316.1
41315
41313.8
41312.3
41310.7
41308.9
41306.9
41304.8
41302.6
41300.2
41297.7
41295
41292.3
41289.5
41286.6
41283.7
41280.7
41277.7
41274.6
41271.6
41268.5
41265.5
41262.4
41259.5
41256.5
41253.6
41250.8
41248.1
41245.4
41242.8
41240.3
41238
41235.7
41233.5
41231.4
41229.4
41227.4
41225.6
41223.8
41222
41220.3
41218.7
41217
41215.4
41213.8
41212.2
41210.6
41209
41207.4
41205.9
41204.4
41203
41201.6
41200.3
41199.1
41198
41197
41196.1
41195.3
41194.6
41194.1
41193.7
41193.5
41193.4
41193.4
41193.7
41194
41194.5
41195.2
41196.1
41197
41198.2
41199.5
41200.9
41202.5
41204.2
41206.1
41208.1
41210.3
41212.5
41214.9
41217.4
41220
41222.8
41225.6
41228.4
41231.4
41234.4
41237.5
41240.6
41243.7
41246.8
41249.9
41253
41256.1
41259.2
41262.1
41265
41267.8
41270.5
41273.1
41275.6
41277.9
41280.1
41282.1
41283.9
41285.5
41287
41288.2
41289.2
41290
41290.6
41290.9
41291
41290.9
41290.6
41290
41289.2
41288.1
41286.9
41285.4
41283.8
41281.9
41279.9
41277.7
41275.3
41272.8
41270.1
41267.4
41264.5
41261.5
41258.4
41255.3
41252.1
41248.8
41245.5
41242.2
41238.9
41235.5
41232.2
41228.9
41225.7
41222.5
41219.3
41216.2
41213.2
41210.3
41207.4
41204.7
41202
41199.4
41197
41194.7
41192.5
41190.4
41188.5
41186.7
41185
41183.4
41182
41180.7
41179.5
41178.5
41177.5
41176.7
41176
41175.3
41174.8
41174.4
41174
41173.8
41173.6
41173.5
41173.5
41173.6
41173.8
41174.1
41174.5
41175
41175.6
41176.3
41177.2
41178.1
41179.2
41180.4
41181.7
41183.1
41184.7
41186.4
41188.2
41190.2
41192.3
41194.5
41196.9
41199.4
41202
41204.7
41207.6
41210.6
41213.6
41216.8
41220.1
41223.5
41227
41230.6
41234.3
41238
41241.7
41245.6
41249.4
41253.3
41257.2
41261.1
41265
41268.8
41272.7
41276.5
41280.2
41283.9
41287.5
41291
41294.4
41297.7
41300.9
41303.9
41306.8
41309.5
41312.1
41314.4
41316.6
41318.5
41320.2
41321.7
41322.9
41323.9
41324.6
41325
41325.2
41325.1
41324.7
41324.1
41323.2
41322
41320.6
41318.9
41317
41314.9
41312.5
41310
41307.2
41304.3
41301.3
41298
41294.7
41291.2
41287.6
41283.9
41280.1
41276.2
41272.3
41268.4
41264.4
41260.5
41256.5
41252.5
41248.6
41244.7
41240.8
41237
41233.2
41229.5
41225.9
41222.4
41219
41215.7
41212.5
41209.4
41206.5
41203.6
41200.9
41198.3
41195.8
41193.5
41191.3
41189.2
41187.2
41185.3
41183.6
41182
41180.5
41179
41177.7
41176.5
41175.4
41174.5
41173.6
41172.8
41172.1
41171.5
41171
41170.6
41170.3
41170.1
41170
41170.1
41170.2
41170.5
41170.9
41171.5
41172.1
41172.9
41173.9
41174.9
41176.1
41177.5
41178.9
41180.6
41182.3
41184.2
41186.2
41188.4
41190.7
41193.2
41195.7
41198.4
41201.2
41204.2
41207.2
41210.4
41213.6
41216.9
41220.4
41223.9
41227.4
41231.1
41234.8
41238.5
41242.2
41246
41249.8
41253.6
41257.4
41261.1
41264.9
41268.6
41272.2
41275.8
41279.3
41282.7
41286
41289.1
41292.1
41294.9
41297.5
41299.9
41302.1
41304
41305.7
41307
41308.1
41308.9
41309.3
41309.5
41309.4
41308.9
41308.2
41307.2
41305.9
41304.4
41302.6
41300.6
41298.4
41296
41293.5
41290.7
41287.9
41284.8
41281.7
41278.5
41275.2
41271.8
41268.3
41264.8
41261.3
41257.7
41254.1
41250.5
41246.9
41243.4
41239.9
41236.4
41233
41229.6
41226.3
41223.1
41220
41216.9
41214
41211.2
41208.5
41205.9
41203.5
41201.1
41198.9
41196.9
41195
41193.2
41191.6
41190.1
41188.7
41187.5
41186.4
41185.4
41184.6
41183.9
41183.4
41183
41182.7
41182.5
41182.4
41182.5
41182.7
41183
41183.4
41184
41184.6
41185.4
41186.3
41187.2
41188.3
41189.5
41190.8
41192.2
41193.7
41195.3
41197
41198.9
41200.8
41202.8
41204.9
41207
41209.3
41211.7
41214.1
41216.6
41219.2
41221.9
41224.6
41227.4
41230.2
41233.1
41236
41239
41242
41245
41248
41251
41254.1
41257.1
41260.1
41263
41265.9
41268.8
41271.6
41274.3
41277
41279.5
41282
41284.4
41286.6
41288.7
41290.7
41292.5
41294.1
41295.6
41297
41298.2
41299.1
41300
41300.6
41301
41301.3
41301.4
41301.2
41300.9
41300.4
41299.8
41298.9
41297.8
41296.6
41295.2
41293.7
41292
41290.1
41288.1
41285.9
41283.6
41281.2
41278.7
41276
41273.3
41270.4
41267.5
41264.5
41261.5
41258.4
41255.2
41252
41248.8
41245.6
41242.4
41239.2
41236
41232.8
41229.7
41226.6
41223.6
41220.7
41217.8
41215
41212.3
41209.7
41207.1
41204.7
41202.5
41200.3
41198.3
41196.3
41194.6
41192.9
41191.5
41190.1
41188.9
41187.9
41187
41186.2
41185.6
41185.2
41184.8
41184.7
41184.6
41184.7
41184.9
41185.2
41185.7
41186.2
41186.8
41187.5
41188.3
41189.1
41190
41191
41192
41193.1
41194.2
41195.3
41196.6
41197.8
41199.1
41200.4
41201.8
41203.3
41204.8
41206.3
41207.9
41209.5
41211.1
41212.8
41214.6
41216.4
41218.2
41220.1
41222
41223.9
41225.9
41227.8
41229.8
41231.9
41233.9
41235.9
41238
41240
41242
41244
41246
41248
41249.9
41251.8
41253.7
41255.5
41257.3
41259
41260.6
41262.2
41263.7
41265.1
41266.5
41267.7
41268.8
41269.9
41270.8
41271.6
41272.3
41272.9
41273.4
41273.8
41274
41274.1
41274.1
41274
41273.7
41273.3
41272.8
41272.2
41271.5
41270.7
41269.7
41268.7
41267.6
41266.4
41265.1
41263.8
41262.3
41260.9
41259.4
41257.8
41256.2
41254.6
41253
41251.4
41249.7
41248.1
41246.5
41244.9
41243.3
41241.8
41240.3
41238.9
41237.5
41236.2
41234.9
41233.7
41232.5
41231.5
41230.4
41229.4
41228.5
41227.7
41226.9
41226.1
41225.4
41224.7
41224
41223.4
41222.8
41222.3
41221.7
41221.2
41220.7
41220.2
41219.8
41219.3
41218.9
41218.5
41218.2
41217.9
41217.6
41217.3
41217.1
41217
41216.9
41216.8
41216.8
41216.9
41217
41217.1
41217.4
41217.7
41218
41218.5
41219
41219.5
41220.1
41220.8
41221.6
41222.4
41223.3
41224.2
41225.2
41226.2
41227.3
41228.5
41229.7
41231
41232.3
41233.6
41235
41236.4
41237.8
41239.3
41240.8
41242.3
41243.7
41245.2
41246.7
41248.2
41249.6
41251.1
41252.5
41253.8
41255.2
41256.4
41257.7
41258.8
41259.9
41261
41262
41262.9
41263.7
41264.5
41265.1
41265.7
41266.3
41266.7
41267.1
41267.4
41267.6
41267.7
41267.7
41267.7
41267.5
41267.3
41267
41266.6
41266.2
41265.6
41265
41264.3
41263.4
41262.6
41261.6
41260.5
41259.3
41258.1
41256.8
41255.3
41253.8
41252.3
41250.6
41248.9
41247.1
41245.2
41243.3
41241.4
41239.4
41237.4
41235.3
41233.2
41231.1
41229
41226.9
41224.9
41222.8
41220.8
41218.8
41216.8
41214.9
41213
41211.2
41209.5
41207.8
41206.2
41204.7
41203.2
41201.9
41200.6
41199.4
41198.4
41197.4
41196.5
41195.7
41195.1
41194.5
41194.1
41193.7
41193.5
41193.3
41193.3
41193.4
41193.6
41193.9
41194.3
41194.8
41195.5
41196.2
41197.1
41198
41199
41200.2
41201.4
41202.7
41204.1
41205.6
41207.2
41208.9
41210.6
41212.4
41214.3
41216.2
41218.2
41220.2
41222.3
41224.5
41226.7
41229
41231.3
41233.7
41236.1
41238.5
41241.1
41243.6
41246.2
41248.9
41251.6
41254.4
41257.2
41260.1
41263.1
41266.1
41269.1
41272.2
41275.3
41278.5
41281.6
41284.8
41287.8
41290.8
41293.5
41296.1
41298.5
41300.6
41302.3
41303.8
41304.8
41305.6
41305.9
41305.9
41305.6
41305
41304.1
41302.9
41301.5
41299.8
41298
41295.9
41293.8
41291.4
41289
41286.5
41283.9
41281.2
41278.5
41275.7
41272.9
41270
41267.2
41264.3
41261.4
41258.6
41255.7
41252.9
41250.1
41247.3
41244.6
41241.9
41239.3
41236.7
41234.2
41231.7
41229.3
41227
41224.8
41222.7
41220.7
41218.8
41217.1
41215.4
41213.8
41212.4
41211.1
41209.8
41208.7
41207.7
41206.8
41206
41205.3
41204.7
41204.1
41203.6
41203.3
41202.9
41202.7
41202.5
41202.4
41202.4
41202.4
41202.6
41202.7
41203
41203.4
41203.8
41204.3
41205
41205.7
41206.5
41207.5
41208.5
41209.6
41210.9
41212.2
41213.7
41215.2
41216.9
41218.6
41220.4
41222.2
41224
41225.9
41227.8
41229.6
41231.5
41233.3
41235
41236.7
41238.3
41239.8
41241.3
41242.7
41244
41245.3
41246.4
41247.5
41248.5
41249.5
41250.4
41251.2
41252
41252.7
41253.4
41253.9
41254.5
41253.5
41253
41252.8
41252.8
41253
41253.2
41253.4
41253.7
41254
41254.4
41254.7
41255
41255.3
41255.6
41255.9
41256.2
41256.4
41256.6
41256.8
41257
41257.2
41257.3
41257.5
41257.5
41257.6
41257.6
41257.5
41257.4
41257.2
41257
41256.7
41256.3
41255.9
41255.4
41254.9
41254.3
41253.7
41253
41252.2
41251.4
41250.5
41249.6
41248.6
41247.6
41246.5
41245.3
41244.1
41242.9
41241.6
41240.3
41239
41237.7
41236.3
41234.9
41233.6
41232.2
41230.8
41229.5
41228.2
41226.9
41225.6
41224.4
41223.3
41222.2
41221.1
41220.1
41219.2
41218.3
41217.5
41216.8
41216.2
41215.7
41215.2
41214.9
41214.6
41214.4
41214.3
41214.2
41214.3
41214.5
41214.7
41215
41215.4
41215.8
41216.4
41216.9
41217.6
41218.3
41219.1
41219.9
41220.8
41221.7
41222.7
41223.7
41224.7
41225.7
41226.8
41227.9
41229
41230.1
41231.2
41232.3
41233.4
41234.5
41235.6
41236.7
41237.7
41238.8
41239.8
41240.8
41241.8
41242.7
41243.6
41244.5
41245.4
41246.3
41247.1
41247.9
41248.6
41249.4
41250.1
41250.7
41251.4
41252
41252.5
41253.1
41253.5
41254
41254.4
41254.8
41255.1
41255.4
41255.7
41255.9
41256.1
41256.2
41256.3
41256.3
41256.3
41256.2
41256.1
41255.9
41255.7
41255.4
41255.1
41254.7
41254.3
41253.8
41253.3
41252.7
41252.1
41251.4
41250.7
41249.9
41249.1
41248.3
41247.4
41246.4
41245.5
41244.4
41243.4
41242.3
41241.2
41240.1
41239
41237.8
41236.7
41235.5
41234.4
41233.2
41232.1
41230.9
41229.8
41228.7
41227.6
41226.6
41225.6
41224.6
41223.6
41222.7
41221.8
41221
41220.2
41219.4
41218.7
41218.1
41217.5
41216.9
41216.4
41215.9
41215.5
41215.1
41214.8
41214.5
41214.2
41214
41213.9
41213.7
41213.7
41213.6
41213.6
41213.7
41213.7
41213.9
41214
41214.2
41214.5
41214.8
41215.1
41215.4
41215.8
41216.3
41216.8
41217.3
41217.9
41218.5
41219.1
41219.8
41220.6
41221.3
41222.2
41223
41223.9
41224.8
41225.8
41226.7
41227.8
41228.8
41229.9
41231
41232.1
41233.2
41234.3
41235.5
41236.6
41237.8
41238.9
41240
41241.2
41242.3
41243.4
41244.5
41245.5
41246.6
41247.6
41248.6
41249.5
41250.4
41251.2
41252
41252.8
41253.5
41254.2
41254.8
41255.3
41255.8
41256.3
41256.7
41257
41257.3
41257.5
41257.7
41257.8
41257.9
41257.9
41257.8
41257.7
41257.6
41257.4
41257.2
41256.9
41256.6
41256.2
41255.8
41255.3
41254.8
41254.3
41253.8
41253.2
41252.5
41251.9
41251.2
41250.5
41249.8
41249
41248.3
41247.5
41246.7
41245.9
41245
41244.2
41243.3
41242.4
41241.5
41240.6
41239.7
41238.8
41237.9
41237
41236.1
41235.3
41234.4
41233.5
41232.6
41231.8
41230.9
41230.1
41229.3
41228.5
41227.7
41227
41226.2
41225.5
41224.9
41224.2
41223.6
41223.1
41222.5
41222.1
41221.6
41221.2
41220.8
41220.5
41220.2
41219.9
41219.7
41219.5
41219.4
41219.3
41219.3
41219.3
41219.3
41219.4
41219.5
41219.7
41219.9
41220.2
41220.4
41220.7
41221.1
41221.5
41221.9
41222.3
41222.8
41223.3
41223.8
41224.4
41224.9
41225.5
41226.1
41226.8
41227.4
41228.1
41228.7
41229.4
41230.1
41230.8
41231.5
41232.2
41232.9
41233.6
41234.4
41235.1
41235.8
41236.5
41237.2
41237.9
41238.5
41239.2
41239.9
41240.5
41241.2
41241.8
41242.4
41242.9
41243.5
41244
41244.5
41245
41245.5
41245.9
41246.3
41246.7
41247.1
41247.4
41247.7
41247.9
41248.1
41248.3
41248.5
41248.6
41248.7
41248.7
41248.7
41248.7
41248.6
41248.5
41248.3
41248.2
41247.9
41247.7
41247.4
41247
41246.7
41246.3
41245.8
41245.4
41244.9
41244.3
41243.8
41243.2
41242.6
41242
41241.3
41240.7
41240
41239.3
41238.6
41237.8
41237.1
41236.4
41235.6
41234.9
41234.2
41233.4
41232.7
41232
41231.3
41230.6
41229.9
41229.3
41228.6
41228
41227.4
41226.9
41226.3
41225.8
41225.4
41224.9
41224.5
41224.1
41223.8
41223.5
41223.3
41223.1
41222.9
41222.7
41222.7
41222.6
41222.6
41222.6
41222.7
41222.8
41222.9
41223.1
41223.3
41223.6
41223.9
41224.2
41224.6
41225
41225.4
41225.9
41226.4
41226.9
41227.4
41228
41228.5
41229.2
41229.8
41230.4
41231.1
41231.7
41232.4
41233.1
41233.8
41234.5
41235.2
41235.9
41236.6
41237.3
41238
41238.7
41239.4
41240.1
41240.8
41241.5
41242.1
41242.8
41243.4
41244
41244.6
41245.2
41245.7
41246.2
41246.7
41247.2
41247.7
41248.1
41248.5
41248.8
41249.2
41249.5
41249.7
41250
41250.2
41250.4
41250.5
41250.6
41250.7
41250.7
41250.7
41250.7
41250.6
41250.5
41250.4
41250.2
41250
41249.8
41249.5
41249.2
41248.9
41248.6
41248.2
41247.8
41247.3
41246.8
41246.4
41245.8
41245.3
41244.8
41244.2
41243.6
41243
41242.4
41241.7
41241.1
41240.4
41239.7
41239.1
41238.4
41237.7
41237
41236.3
41235.6
41235
41234.3
41233.6
41232.9
41232.3
41231.6
41231
41230.4
41229.8
41229.2
41228.6
41228.1
41227.5
41227
41226.5
41226.1
41225.6
41225.2
41224.8
41224.4
41224.1
41223.8
41223.5
41223.2
41223
41222.8
41222.6
41222.5
41222.4
41222.3
41222.2
41222.2
41222.2
41222.3
41222.3
41222.4
41222.5
41222.7
41222.8
41223
41223.3
41223.5
41223.8
41224.1
41224.4
41224.7
41225.1
41225.4
41225.8
41226.2
41226.6
41227.1
41227.5
41228
41228.4
41228.9
41229.4
41229.9
41230.3
41230.8
41231.3
41231.8
41232.3
41232.8
41233.3
41233.8
41234.2
41234.7
41235.2
41235.6
41236.1
41236.5
41237
41237.4
41237.8
41238.2
41238.6
41238.9
41239.3
41239.6
41240
41240.3
41240.6
41240.9
41241.1
41241.4
41241.6
41241.8
41242
41242.2
41242.4
41242.5
41242.6
41242.8
41242.9
41242.9
41243
41243.1
41243.1
41243.1
41243.1
41243.1
41243.1
41243.1
41243.1
41243
41242.9
41242.9
41242.8
41242.7
41242.6
41242.4
41242.3
41242.2
41242
41241.9
41241.7
41241.6
41241.4
41241.2
41241
41240.9
41240.7
41240.5
41240.3
41240.1
41239.9
41239.7
41239.5
41239.3
41239.1
41238.9
41238.8
41238.6
41238.4
41238.2
41238
41237.9
41237.7
41237.5
41237.4
41237.2
41237.1
41237
41236.8
41236.7
41236.6
41236.5
41236.4
41236.3
41236.2
41236.1
41236
41236
41235.9
41235.9
41235.8
41235.8
41235.8
41235.8
41235.8
41235.8
41235.8
41235.8
41235.8
41235.8
41235.9
41235.9
41236
41236
41236.1
41236.1
41236.2
41236.3
41236.3
41236.4
41236.5
41236.5
41236.6
41236.7
41236.8
41236.9
41236.9
41237
41237.1
41237.2
41237.2
41237.3
41237.4
41237.4
41237.5
41237.6
41237.6
41237.7
41237.7
41237.7
41237.7
41237.8
41237.8
41237.8
41237.8
41237.8
41237.7
41237.7
41237.7
41237.6
41237.6
41237.5
41237.4
41237.3
41237.2
41237.1
41237
41236.9
41236.8
41236.6
41236.5
41236.3
41236.1
41235.9
41235.8
41235.6
41235.4
41235.1
41234.9
41234.7
41234.5
41234.2
41234
41233.7
41233.5
41233.2
41232.9
41232.7
41232.4
41232.1
41231.8
41231.6
41231.3
41231
41230.7
41230.5
41230.2
41229.9
41229.7
41229.4
41229.2
41228.9
41228.7
41228.5
41228.3
41228
41227.8
41227.7
41227.5
41227.3
41227.2
41227
41226.9
41226.8
41226.7
41226.6
41226.6
41226.5
41226.5
41226.5
41226.5
41226.5
41226.5
41226.6
41226.7
41226.8
41226.9
41227
41227.2
41227.3
41227.5
41227.7
41228
41228.2
41228.5
41228.7
41229
41229.3
41229.7
41230
41230.4
41230.7
41231.1
41231.5
41231.9
41232.4
41232.8
41233.2
41233.7
41234.2
41234.6
41235.1
41235.6
41236.1
41236.5
41237
41237.5
41238
41238.5
41239
41239.5
41240
41240.5
41240.9
41241.4
41241.9
41242.3
41242.8
41243.2
41243.6
41244
41244.4
41244.8
41245.2
41245.6
41245.9
41246.2
41246.5
41246.8
41247.1
41247.3
41247.6
41247.8
41248
41248.1
41248.3
41248.4
41248.5
41248.6
41248.6
41248.7
41248.7
41248.7
41248.7
41248.6
41248.5
41248.5
41248.3
41248.2
41248
41247.9
41247.7
41247.5
41247.2
41247
41246.7
41246.4
41246.1
41245.8
41245.5
41245.1
41244.8
41244.4
41244
41243.6
41243.2
41242.8
41242.4
41242
41241.5
41241.1
41240.6
41240.2
41239.8
41239.3
41238.8
41238.4
41237.9
41237.5
41237
41236.6
41236.2
41235.7
41235.3
41234.9
41234.4
41234
41233.6
41233.2
41232.9
41232.5
41232.1
41231.8
41231.4
41231.1
41230.8
41230.5
41230.2
41229.9
41229.6
41229.4
41229.1
41228.9
41228.7
41228.5
41228.3
41228.2
41228
41227.9
41227.7
41227.6
41227.5
41227.4
41227.3
41227.3
41227.2
41227.2
41227.2
41227.2
41227.2
41227.2
41227.2
41227.2
41227.2
41227.3
41227.4
41227.4
41227.5
41227.6
41227.7
41227.8
41227.9
41228
41228.1
41228.2
41228.4
41228.5
41228.6
41228.8
41228.9
41229.1
41229.2
41229.4
41229.5
41229.7
41229.9
41230
41230.2
41230.3
41230.5
41230.7
41230.8
41231
41231.2
41231.3
41231.5
41231.7
41231.8
41232
41232.2
41232.3
41232.5
41232.6
41232.8
41233
41233.1
41233.3
41233.4
41233.6
41233.7
41233.9
41234.1
41234.2
41234.4
41234.5
41234.7
41234.8
41235
41235.1
41235.2
41235.4
41235.5
41235.7
41235.8
41236
41236.1
41236.3
41236.4
41236.6
41236.7
41236.9
41237
41237.2
41237.3
41237.4
41237.6
41237.7
41237.9
41238
41238.2
41238.3
41238.5
41238.6
41238.8
41238.9
41239.1
41239.2
41239.4
41239.5
41239.7
41239.8
41240
41240.1
41240.3
41240.4
41240.5
41240.7
41240.8
41240.9
41241.1
41241.2
41241.3
41241.5
41241.6
41241.7
41241.8
41241.9
41242
41242.1
41242.2
41242.3
41242.4
41242.5
41242.6
41242.6
41242.7
41242.8
41242.8
41242.9
41242.9
41243
41243
41243
41243
41243
41243
41243
41243
41243
41243
41242.9
41242.9
41242.8
41242.7
41242.7
41242.6
41242.5
41242.4
41242.3
41242.2
41242.1
41241.9
41241.8
41241.7
41241.5
41241.4
41241.2
41241
41240.8
41240.7
41240.5
41240.3
41240.1
41239.8
41239.6
41239.4
41239.2
41238.9
41238.7
41238.5
41238.2
41238
41237.7
41237.4
41237.2
41236.9
41236.7
41236.4
41236.1
41235.8
41235.6
41235.3
41235
41234.8
41234.5
41234.2
41233.9
41233.7
41233.4
41233.1
41232.9
41232.6
41232.4
41232.1
41231.9
41231.6
41231.4
41231.1
41230.9
41230.7
41230.5
41230.3
41230.1
41229.9
41229.7
41229.5
41229.3
41229.1
41229
41228.8
41228.7
41228.5
41228.4
41228.3
41228.2
41228.1
41228
41227.9
41227.8
41227.8
41227.7
41227.7
41227.6
41227.6
41227.6
41227.6
41227.6
41227.6
41227.7
41227.7
41227.7
41227.8
41227.9
41227.9
41228
41228.1
41228.2
41228.4
41228.5
41228.6
41228.8
41228.9
41229.1
41229.2
41229.4
41229.6
41229.8
41230
41230.2
41230.4
41230.7
41230.9
41231.1
41231.4
41231.6
41231.9
41232.1
41232.4
41232.6
41232.9
41233.2
41233.4
41233.7
41234
41234.3
41234.5
41234.8
41235.1
41235.4
41235.7
41235.9
41236.2
41236.5
41236.8
41237
41237.3
41237.6
41237.8
41238.1
41238.3
41238.6
41238.8
41239.1
41239.3
41239.5
41239.7
41240
41240.2
41240.4
41240.5
41240.7
41240.9
41241.1
41241.2
41241.4
41241.5
41241.7
41241.8
41241.9
41242
41242.1
41242.2
41242.3
41242.3
41242.4
41242.4
41242.5
41242.5
41242.5
41242.5
41242.5
41242.5
41242.5
41242.5
41242.5
41242.4
41242.4
41242.3
41242.2
41242.2
41242.1
41242
41241.9
41241.8
41241.7
41241.6
41241.5
41241.4
41241.2
41241.1
41241
41240.8
41240.7
41240.5
41240.4
41240.2
41240.1
41239.9
41239.7
41239.6
41239.4
41239.2
41239.1
41238.9
41238.7
41238.6
41238.4
41238.2
41238.1
41237.9
41237.7
41237.6
41237.4
41237.3
41237.1
41237
41236.8
41236.7
41236.5
41236.4
41236.3
41236.1
41236
41235.9
41235.8
41235.6
41235.5
41235.4
41235.3
41235.2
41235.1
41235
41234.9
41234.8
41234.8
41234.7
41234.6
41234.6
41234.5
41234.4
41234.4
41234.3
41234.3
41234.2
41234.2
41234.1
41234.1
41234.1
41234
41234
41234
41234
41233.9
41233.9
41233.9
41233.9
41233.9
41233.8
41233.8
41233.8
41233.8
41233.8
41233.8
41233.8
41233.8
41233.7
41233.7
41233.7
41233.7
41233.7
41233.7
41233.7
41233.7
41233.6
41233.6
41233.6
41233.6
41233.6
41233.6
41233.5
41233.5
41233.5
41233.5
41233.4
41233.4
41233.4
41233.4
41233.3
41233.3
41233.3
41233.2
41233.2
41233.2
41233.1
41233.1
41233.1
41233
41233
41233
41232.9
41232.9
41232.9
41232.8
41232.8
41232.8
41232.7
41232.7
41232.7
41232.7
41232.6
41232.6
41232.6
41232.6
41232.6
41232.5
41232.5
41232.5
41232.5
41232.5
41232.5
41232.5
41232.5
41232.5
41232.6
41232.6
41232.6
41232.6
41232.7
41232.7
41232.8
41232.8
41232.9
41232.9
41233
41233
41233.1
41233.2
41233.3
41233.4
41233.4
41233.5
41233.6
41233.8
41233.9
41234
41234.1
41234.2
41234.4
41234.5
41234.6
41234.8
41234.9
41235.1
41235.2
41235.4
41235.5
41235.7
41235.9
41236
41236.2
41236.4
41236.6
41236.7
41236.9
41237.1
41237.3
41237.5
41237.7
41237.8
41238
41238.2
41238.4
41238.6
41238.7
41238.9
41239.1
41239.3
41239.4
41239.6
41239.8
41239.9
41240.1
41240.2
41240.4
41240.5
41240.6
41240.8
41240.9
41241
41241.1
41241.2
41241.3
41241.4
41241.5
41241.6
41241.7
41241.7
41241.8
41241.8
41241.9
41241.9
41241.9
41241.9
41241.9
41241.9
41241.9
41241.9
41241.9
41241.8
41241.8
41241.7
41241.7
41241.6
41241.5
41241.4
41241.3
41241.2
41241.1
41241
41240.9
41240.7
41240.6
41240.5
41240.3
41240.1
41240
41239.8
41239.6
41239.4
41239.3
41239.1
41238.9
41238.7
41238.5
41238.3
41238
41237.8
41237.6
41237.4
41237.2
41237
41236.8
41236.5
41236.3
41236.1
41235.9
41235.7
41235.4
41235.2
41235
41234.8
41234.6
41234.4
41234.2
41234
41233.8
41233.6
41233.5
41233.3
41233.1
41232.9
41232.8
41232.6
41232.5
41232.3
41232.2
41232.1
41232
41231.8
41231.7
41231.6
41231.5
41231.4
41231.4
41231.3
41231.2
41231.2
41231.1
41231.1
41231
41231
41231
41231
41231
41231
41231
41231
41231
41231
41231
41231.1
41231.1
41231.2
41231.2
41231.3
41231.4
41231.4
41231.5
41231.6
41231.7
41231.7
41231.8
41231.9
41232
41232.1
41232.2
41232.3
41232.4
41232.5
41232.7
41232.8
41232.9
41233
41233.1
41233.2
41233.3
41233.5
41233.6
41233.7
41233.8
41233.9
41234
41234.1
41234.3
41234.4
41234.5
41234.6
41234.7
41234.8
41234.9
41235
41235.1
41235.2
41235.3
41235.4
41235.5
41235.6
41235.6
41235.7
41235.8
41235.9
41236
41236
41236.1
41236.2
41236.2
41236.3
41236.3
41236.4
41236.5
41236.5
41236.6
41236.6
41236.6
41236.7
41236.7
41236.8
41236.8
41236.8
41236.9
41236.9
41236.9
41237
41237
41237
41237.1
41237.1
41237.1
41237.1
41237.2
41237.2
41237.2
41237.2
41237.3
41237.3
41237.3
41237.3
41237.4
41237.4
41237.4
41237.5
41237.5
41237.5
41237.6
41237.6
41237.6
41237.7
41237.7
41237.7
41237.8
41237.8
41237.8
41237.9
41237.9
41238
41238
41238
41238.1
41238.1
41238.2
41238.2
41238.3
41238.3
41238.4
41238.4
41238.5
41238.5
41238.6
41238.6
41238.7
41238.7
41238.8
41238.8
41238.9
41238.9
41238.9
41239
41239
41239.1
41239.1
41239.1
41239.2
41239.2
41239.2
41239.3
41239.3
41239.3
41239.3
41239.3
41239.3
41239.3
41239.3
41239.3
41239.3
41239.3
41239.3
41239.3
41239.2
41239.2
41239.2
41239.1
41239.1
41239
41239
41238.9
41238.9
41238.8
41238.7
41238.6
41238.5
41238.4
41238.3
41238.2
41238.1
41238
41237.9
41237.8
41237.7
41237.5
41237.4
41237.2
41237.1
41236.9
41236.8
41236.6
41236.5
41236.3
41236.1
41236
41235.8
41235.6
41235.5
41235.3
41235.1
41234.9
41234.7
41234.5
41234.4
41234.2
41234
41233.8
41233.6
41233.5
41233.3
41233.1
41232.9
41232.8
41232.6
41232.4
41232.3
41232.1
41232
41231.8
41231.7
41231.5
41231.4
41231.3
41231.1
41231
41230.9
41230.8
41230.7
41230.6
41230.5
41230.5
41230.4
41230.3
41230.3
41230.2
41230.2
41230.2
41230.1
41230.1
41230.1
41230.1
41230.1
41230.2
41230.2
41230.2
41230.3
41230.3
41230.4
41230.5
41230.6
41230.6
41230.7
41230.8
41231
41231.1
41231.2
41231.3
41231.5
41231.6
41231.8
41231.9
41232.1
41232.3
41232.4
41232.6
41232.8
41233
41233.2
41233.4
41233.6
41233.8
41234
41234.2
41234.4
41234.6
41234.9
41235.1
41235.3
41235.5
41235.7
41235.9
41236.2
41236.4
41236.6
41236.8
41237
41237.2
41237.4
41237.6
41237.8
41238
41238.2
41238.4
41238.6
41238.7
41238.9
41239.1
41239.2
41239.4
41239.5
41239.7
41239.8
41239.9
41240
41240.2
41240.3
41240.4
41240.5
41240.6
41240.6
41240.7
41240.8
41240.8
41240.9
41240.9
41241
41241
41241
41241
41241
41241
41241
41241
41241
41240.9
41240.9
41240.9
41240.8
41240.8
41240.7
41240.6
41240.6
41240.5
41240.4
41240.3
41240.2
41240.1
41240
41239.9
41239.8
41239.7
41239.6
41239.5
41239.3
41239.2
41239.1
41238.9
41238.8
41238.7
41238.5
41238.4
41238.3
41238.1
41238
41237.8
41237.7
41237.5
41237.4
41237.3
41237.1
41237
41236.8
41236.7
41236.6
41236.4
41236.3
41236.2
41236
41235.9
41235.8
41235.7
41235.5
41235.4
41235.3
41235.2
41235.1
41235
41234.9
41234.8
41234.7
41234.6
41234.5
41234.4
41234.3
41234.2
41234.1
41234.1
41234
41233.9
41233.9
41233.8
41233.7
41233.7
41233.6
41233.6
41233.5
41233.5
41233.5
41233.4
41233.4
41233.4
41233.3
41233.3
41233.3
41233.3
41233.3
41233.3
41233.2
41233.2
41233.2
41233.2
41233.2
41233.2
41233.2
41233.2
41233.2
41233.3
41233.3
41233.3
41233.3
41233.3
41233.3
41233.3
41233.4
41233.4
41233.4
41233.4
41233.5
41233.5
41233.5
41233.5
41233.6
41233.6
41233.6
41233.6
41233.7
41233.7
41233.7
41233.8
41233.8
41233.8
41233.9
41233.9
41233.9
41234
41234
41234.1
41234.1
41234.1
41234.2
41234.2
41234.2
41234.3
41234.3
41234.4
41234.4
41234.5
41234.5
41234.5
41234.6
41234.6
41234.7
41234.7
41234.8
41234.8
41234.9
41234.9
41235
41235
41235.1
41235.1
41235.2
41235.2
41235.3
41235.3
41235.4
41235.5
41235.5
41235.6
41235.6
41235.7
41235.8
41235.8
41235.9
41235.9
41236
41236.1
41236.1
41236.2
41236.3
41236.3
41236.4
41236.5
41236.6
41236.6
41236.7
41236.8
41236.8
41236.9
41237
41237
41237.1
41237.2
41237.3
41237.3
41237.4
41237.5
41237.5
41237.6
41237.7
41237.7
41237.8
41237.9
41237.9
41238
41238
41238.1
41238.2
41238.2
41238.3
41238.3
41238.4
41238.4
41238.5
41238.5
41238.5
41238.6
41238.6
41238.6
41238.7
41238.7
41238.7
41238.7
41238.7
41238.8
41238.8
41238.8
41238.8
41238.8
41238.8
41238.8
41238.8
41238.7
41238.7
41238.7
41238.7
41238.6
41238.6
41238.6
41238.5
41238.5
41238.4
41238.4
41238.3
41238.3
41238.2
41238.2
41238.1
41238
41237.9
41237.9
41237.8
41237.7
41237.6
41237.5
41237.4
41237.3
41237.3
41237.2
41237.1
41237
41236.9
41236.8
41236.6
41236.5
41236.4
41236.3
41236.2
41236.1
41236
41235.9
41235.8
41235.7
41235.6
41235.4
41235.3
41235.2
41235.1
41235
41234.9
41234.8
41234.7
41234.6
41234.5
41234.4
41234.3
41234.2
41234.1
41234
41234
41233.9
41233.8
41233.7
41233.6
41233.6
41233.5
41233.4
41233.4
41233.3
41233.3
41233.2
41233.2
41233.1
41233.1
41233.1
41233.1
41233
41233
41233
41233
41233
41233
41233
41233
41233
41233
41233
41233
41233.1
41233.1
41233.1
41233.2
41233.2
41233.2
41233.3
41233.3
41233.4
41233.4
41233.5
41233.6
41233.6
41233.7
41233.8
41233.8
41233.9
41234
41234.1
41234.1
41234.2
41234.3
41234.4
41234.5
41234.6
41234.6
41234.7
41234.8
41234.9
41235
41235.1
41235.2
41235.3
41235.4
41235.4
41235.5
41235.6
41235.7
41235.8
41235.9
41236
41236
41236.1
41236.2
41236.3
41236.4
41236.4
41236.5
41236.6
41236.7
41236.7
41236.8
41236.9
41236.9
41237
41237
41237.1
41237.1
41237.2
41237.2
41237.3
41237.3
41237.4
41237.4
41237.4
41237.5
41237.5
41237.5
41237.6
41237.6
41237.6
41237.6
41237.6
41237.7
41237.7
41237.7
41237.7
41237.7
41237.7
41237.7
41237.7
41237.7
41237.7
41237.7
41237.7
41237.7
41237.7
41237.6
41237.6
41237.6
41237.6
41237.6
41237.6
41237.5
41237.5
41237.5
41237.5
41237.5
41237.4
41237.4
41237.4
41237.3
41237.3
41237.3
41237.3
41237.2
41237.2
41237.2
41237.1
41237.1
41237.1
41237
41237
41237
41236.9
41236.9
41236.9
41236.8
41236.8
41236.8
41236.7
41236.7
41236.7
41236.6
41236.6
41236.6
41236.5
41236.5
41236.5
41236.4
41236.4
41236.4
41236.3
41236.3
41236.3
41236.2
41236.2
41236.2
41236.1
41236.1
41236.1
41236.1
41236
41236
41236
41235.9
41235.9
41235.9
41235.8
41235.8
41235.8
41235.7
41235.7
41235.7
41235.6
41235.6
41235.6
41235.5
41235.5
41235.5
41235.4
41235.4
41235.4
41235.3
41235.3
41235.3
41235.2
41235.2
41235.2
41235.1
41235.1
41235.1
41235
41235
41235
41234.9
41234.9
41234.9
41234.8
41234.8
41234.8
41234.7
41234.7
41234.7
41234.7
41234.6
41234.6
41234.6
41234.6
41234.5
41234.5
41234.5
41234.5
41234.5
41234.5
41234.4
41234.4
41234.4
41234.4
41234.4
41234.4
41234.4
41234.4
41234.4
41234.4
41234.4
41234.4
41234.4
41234.4
41234.4
41234.4
41234.4
41234.4
41234.4
41234.4
41234.4
41234.5
41234.5
41234.5
41234.5
41234.6
41234.6
41234.6
41234.6
41234.7
41234.7
41234.7
41234.8
41234.8
41234.9
41234.9
41235
41235
41235.1
41235.1
41235.2
41235.2
41235.3
41235.3
41235.4
41235.4
41235.5
41235.5
41235.6
41235.7
41235.7
41235.8
41235.8
41235.9
41236
41236
41236.1
41236.2
41236.2
41236.3
41236.3
41236.4
41236.5
41236.5
41236.6
41236.6
41236.7
41236.8
41236.8
41236.9
41236.9
41237
41237
41237.1
41237.1
41237.2
41237.2
41237.3
41237.3
41237.4
41237.4
41237.4
41237.5
41237.5
41237.6
41237.6
41237.6
41237.6
41237.7
41237.7
41237.7
41237.7
41237.7
41237.7
41237.7
41237.8
41237.8
41237.8
41237.8
41237.8
41237.8
41237.7
41237.7
41237.7
41237.7
41237.7
41237.7
41237.6
41237.6
41237.6
41237.6
41237.5
41237.5
41237.5
41237.4
41237.4
41237.4
41237.3
41237.3
41237.2
41237.2
41237.1
41237.1
41237
41237
41236.9
41236.9
41236.8
41236.7
41236.7
41236.6
41236.6
41236.5
41236.5
41236.4
41236.3
41236.3
41236.2
41236.1
41236.1
41236
41236
41235.9
41235.8
41235.8
41235.7
41235.7
41235.6
41235.6
41235.5
41235.4
41235.4
41235.3
41235.3
41235.2
41235.2
41235.1
41235.1
41235
41235
41234.9
41234.9
41234.9
41234.8
41234.8
41234.7
41234.7
41234.7
41234.6
41234.6
41234.6
41234.6
41234.5
41234.5
41234.5
41234.5
41234.5
41234.4
41234.4
41234.4
41234.4
41234.4
41234.4
41234.4
41234.4
41234.4
41234.4
41234.4
41234.4
41234.4
41234.4
41234.4
41234.4
41234.4
41234.4
41234.4
41234.4
41234.4
41234.5
41234.5
41234.5
41234.5
41234.5
41234.6
41234.6
41234.6
41234.6
41234.6
41234.7
41234.7
41234.7
41234.8
41234.8
41234.8
41234.8
41234.9
41234.9
41234.9
41235
41235
41235
41235.1
41235.1
41235.1
41235.2
41235.2
41235.3
41235.3
41235.3
41235.4
41235.4
41235.4
41235.5
41235.5
41235.6
41235.6
41235.6
41235.7
41235.7
41235.8
41235.8
41235.8
41235.9
41235.9
41236
41236
41236
41236.1
41236.1
41236.2
41236.2
41236.2
41236.3
41236.3
41236.4
41236.4
41236.4
41236.5
41236.5
41236.6
41236.6
41236.6
41236.7
41236.7
41236.8
41236.8
41236.8
41236.9
41236.9
41236.9
41237
41237
41237
41237.1
41237.1
41237.1
41237.2
41237.2
41237.2
41237.3
41237.3
41237.3
41237.3
41237.4
41237.4
41237.4
41237.4
41237.5
41237.5
41237.5
41237.5
41237.5
41237.5
41237.6
41237.6
41237.6
41237.6
41237.6
41237.6
41237.6
41237.6
41237.6
41237.6
41237.6
41237.6
41237.6
41237.6
41237.6
41237.5
41237.5
41237.5
41237.5
41237.5
41237.4
41237.4
41237.4
41237.4
41237.3
41237.3
41237.3
41237.2
41237.2
41237.1
41237.1
41237.1
41237
41237
41236.9
41236.9
41236.8
41236.8
41236.7
41236.6
41236.6
41236.5
41236.5
41236.4
41236.3
41236.3
41236.2
41236.1
41236.1
41236
41235.9
41235.9
41235.8
41235.7
41235.6
41235.6
41235.5
41235.4
41235.4
41235.3
41235.2
41235.1
41235.1
41235
41234.9
41234.9
41234.8
41234.7
41234.7
41234.6
41234.5
41234.5
41234.4
41234.4
41234.3
41234.2
41234.2
41234.1
41234.1
41234
41234
41233.9
41233.9
41233.9
41233.8
41233.8
41233.8
41233.7
41233.7
41233.7
41233.7
41233.6
41233.6
41233.6
41233.6
41233.6
41233.6
41233.6
41233.6
41233.6
41233.6
41233.6
41233.6
41233.7
41233.7
41233.7
41233.7
41233.7
41233.8
41233.8
41233.9
41233.9
41233.9
41234
41234
41234.1
41234.1
41234.2
41234.2
41234.3
41234.4
41234.4
41234.5
41234.6
41234.6
41234.7
41234.8
41234.8
41234.9
41235
41235.1
41235.2
41235.2
41235.3
41235.4
41235.5
41235.6
41235.6
41235.7
41235.8
41235.9
41236
41236.1
41236.1
41236.2
41236.3
41236.4
41236.5
41236.5
41236.6
41236.7
41236.8
41236.9
41236.9
41237
41237.1
41237.1
41237.2
41237.3
41237.3
41237.4
41237.5
41237.5
41237.6
41237.6
41237.7
41237.7
41237.8
41237.8
41237.9
41237.9
41237.9
41238
41238
41238
41238.1
41238.1
41238.1
41238.1
41238.1
41238.2
41238.2
41238.2
41238.2
41238.2
41238.2
41238.2
41238.2
41238.2
41238.2
41238.1
41238.1
41238.1
41238.1
41238.1
41238
41238
41238
41238
41237.9
41237.9
41237.8
41237.8
41237.8
41237.7
41237.7
41237.6
41237.6
41237.5
41237.5
41237.4
41237.4
41237.3
41237.3
41237.2
41237.1
41237.1
41237
41237
41236.9
41236.8
41236.8
41236.7
41236.6
41236.6
41236.5
41236.4
41236.4
41236.3
41236.2
41236.2
41236.1
41236
41236
41235.9
41235.9
41235.8
41235.7
41235.7
41235.6
41235.5
41235.5
41235.4
41235.4
41235.3
41235.2
41235.2
41235.1
41235.1
41235
41235
41234.9
41234.9
41234.8
41234.8
41234.7
41234.7
41234.6
41234.6
41234.5
41234.5
41234.5
41234.4
41234.4
41234.3
41234.3
41234.3
41234.2
41234.2
41234.2
41234.2
41234.1
41234.1
41234.1
41234.1
41234.1
41234
41234
41234
41234
41234
41234
41234
41234
41234
41234
41234
41234
41234
41234
41234
41234
41234
41234
41234
41234
41234.1
41234.1
41234.1
41234.1
41234.1
41234.2
41234.2
41234.2
41234.2
41234.3
41234.3
41234.3
41234.4
41234.4
41234.4
41234.5
41234.5
41234.6
41234.6
41234.6
41234.7
41234.7
41234.8
41234.8
41234.9
41234.9
41235
41235
41235.1
41235.1
41235.2
41235.2
41235.3
41235.4
41235.4
41235.5
41235.5
41235.6
41235.6
41235.7
41235.8
41235.8
41235.9
41235.9
41236
41236.1
41236.1
41236.2
41236.3
41236.3
41236.4
41236.4
41236.5
41236.6
41236.6
41236.7
41236.7
41236.8
41236.9
41236.9
41237
41237
41237.1
41237.1
41237.2
41237.2
41237.3
41237.3
41237.4
41237.4
41237.5
41237.5
41237.6
41237.6
41237.7
41237.7
41237.7
41237.8
41237.8
41237.8
41237.9
41237.9
41237.9
41237.9
41238
41238
41238
41238
41238
41238.1
41238.1
41238.1
41238.1
41238.1
41238.1
41238.1
41238.1
41238.1
41238.1
41238
41238
41238
41238
41238
41238
41237.9
41237.9
41237.9
41237.8
41237.8
41237.8
41237.7
41237.7
41237.7
41237.6
41237.6
41237.5
41237.5
41237.4
41237.4
41237.3
41237.2
41237.2
41237.1
41237.1
41237
41236.9
41236.9
41236.8
41236.7
41236.7
41236.6
41236.5
41236.5
41236.4
41236.3
41236.2
41236.2
41236.1
41236
41235.9
41235.9
41235.8
41235.7
41235.6
41235.6
41235.5
41235.4
41235.3
41235.3
41235.2
41235.1
41235.1
41235
41234.9
41234.8
41234.8
41234.7
41234.7
41234.6
41234.5
41234.5
41234.4
41234.4
41234.3
41234.3
41234.2
41234.2
41234.1
41234.1
41234
41234
41233.9
41233.9
41233.9
41233.8
41233.8
41233.8
41233.8
41233.8
41233.7
41233.7
41233.7
41233.7
41233.7
41233.7
41233.7
41233.7
41233.7
41233.7
41233.7
41233.7
41233.7
41233.7
41233.7
41233.8
41233.8
41233.8
41233.8
41233.9
41233.9
41233.9
41234
41234
41234
41234.1
41234.1
41234.2
41234.2
41234.2
41234.3
41234.3
41234.4
41234.4
41234.5
41234.6
41234.6
41234.7
41234.7
41234.8
41234.8
41234.9
41235
41235
41235.1
41235.2
41235.2
41235.3
41235.4
41235.4
41235.5
41235.5
41235.6
41235.7
41235.7
41235.8
41235.9
41235.9
41236
41236.1
41236.1
41236.2
41236.2
41236.3
41236.4
41236.4
41236.5
41236.5
41236.6
41236.7
41236.7
41236.8
41236.8
41236.9
41236.9
41237
41237
41237
41237.1
41237.1
41237.2
41237.2
41237.3
41237.3
41237.3
41237.4
41237.4
41237.4
41237.4
41237.5
41237.5
41237.5
41237.5
41237.6
41237.6
41237.6
41237.6
41237.6
41237.6
41237.7
41237.7
41237.7
41237.7
41237.7
41237.7
41237.7
41237.7
41237.7
41237.7
41237.7
41237.7
41237.7
41237.6
41237.6
41237.6
41237.6
41237.6
41237.6
41237.6
41237.5
41237.5
41237.5
41237.5
41237.5
41237.4
41237.4
41237.4
41237.4
41237.3
41237.3
41237.3
41237.2
41237.2
41237.2
41237.1
41237.1
41237.1
41237
41237
41236.9
41236.9
41236.9
41236.8
41236.8
41236.7
41236.7
41236.7
41236.6
41236.6
41236.5
41236.5
41236.4
41236.4
41236.3
41236.3
41236.3
41236.2
41236.2
41236.1
41236.1
41236
41236
41235.9
41235.9
41235.8
41235.8
41235.7
41235.7
41235.7
41235.6
41235.6
41235.5
41235.5
41235.4
41235.4
41235.3
41235.3
41235.2
41235.2
41235.2
41235.1
41235.1
41235
41235
41235
41234.9
41234.9
41234.8
41234.8
41234.8
41234.7
41234.7
41234.7
41234.6
41234.6
41234.6
41234.5
41234.5
41234.5
41234.5
41234.4
41234.4
41234.4
41234.4
41234.3
41234.3
41234.3
41234.3
41234.3
41234.3
41234.3
41234.2
41234.2
41234.2
41234.2
41234.2
41234.2
41234.2
41234.2
41234.2
41234.2
41234.2
41234.2
41234.2
41234.2
41234.2
41234.3
41234.3
41234.3
41234.3
41234.3
41234.3
41234.4
41234.4
41234.4
41234.4
41234.5
41234.5
41234.5
41234.5
41234.6
41234.6
41234.7
41234.7
41234.7
41234.8
41234.8
41234.8
41234.9
41234.9
41235
41235
41235.1
41235.1
41235.2
41235.2
41235.3
41235.3
41235.4
41235.4
41235.5
41235.5
41235.6
41235.6
41235.7
41235.7
41235.8
41235.8
41235.9
41236
41236
41236.1
41236.1
41236.2
41236.2
41236.3
41236.3
41236.4
41236.4
41236.5
41236.5
41236.6
41236.7
41236.7
41236.8
41236.8
41236.8
41236.9
41236.9
41237
41237
41237.1
41237.1
41237.2
41237.2
41237.2
41237.3
41237.3
41237.3
41237.4
41237.4
41237.4
41237.5
41237.5
41237.5
41237.5
41237.6
41237.6
41237.6
41237.6
41237.6
41237.6
41237.7
41237.7
41237.7
41237.7
41237.7
41237.7
41237.7
41237.7
41237.7
41237.7
41237.7
41237.7
41237.7
41237.6
41237.6
41237.6
41237.6
41237.6
41237.6
41237.5
41237.5
41237.5
41237.5
41237.4
41237.4
41237.4
41237.4
41237.3
41237.3
41237.2
41237.2
41237.2
41237.1
41237.1
41237.1
41237
41237
41236.9
41236.9
41236.8
41236.8
41236.7
41236.7
41236.6
41236.6
41236.5
41236.5
41236.4
41236.4
41236.3
41236.3
41236.2
41236.2
41236.1
41236.1
41236
41236
41235.9
41235.9
41235.8
41235.8
41235.7
41235.7
41235.6
41235.6
41235.5
41235.5
41235.4
41235.4
41235.3
41235.3
41235.2
41235.2
41235.1
41235.1
41235
41235
41235
41234.9
41234.9
41234.8
41234.8
41234.8
41234.7
41234.7
41234.7
41234.6
41234.6
41234.6
41234.5
41234.5
41234.5
41234.5
41234.4
41234.4
41234.4
41234.4
41234.4
41234.3
41234.3
41234.3
41234.3
41234.3
41234.3
41234.3
41234.3
41234.3
41234.3
41234.3
41234.3
41234.3
41234.3
41234.3
41234.3
41234.3
41234.3
41234.3
41234.3
41234.3
41234.3
41234.3
41234.4
41234.4
41234.4
41234.4
41234.4
41234.5
41234.5
41234.5
41234.5
41234.6
41234.6
41234.6
41234.7
41234.7
41234.7
41234.8
41234.8
41234.8
41234.9
41234.9
41234.9
41235
41235
41235.1
41235.1
41235.1
41235.2
41235.2
41235.3
41235.3
41235.4
41235.4
41235.5
41235.5
41235.5
41235.6
41235.6
41235.7
41235.7
41235.8
41235.8
41235.9
41235.9
41236
41236
41236.1
41236.1
41236.2
41236.2
41236.3
41236.3
41236.4
41236.4
41236.5
41236.5
41236.6
41236.6
41236.7
41236.7
41236.7
41236.8
41236.8
41236.9
41236.9
41236.9
41237
41237
41237.1
41237.1
41237.1
41237.2
41237.2
41237.2
41237.3
41237.3
41237.3
41237.4
41237.4
41237.4
41237.4
41237.4
41237.5
41237.5
41237.5
41237.5
41237.5
41237.6
41237.6
41237.6
41237.6
41237.6
41237.6
41237.6
41237.6
41237.6
41237.6
41237.6
41237.6
41237.6
41237.6
41237.6
41237.6
41237.5
41237.5
41237.5
41237.5
41237.5
41237.5
41237.4
41237.4
41237.4
41237.4
41237.3
41237.3
41237.3
41237.2
41237.2
41237.2
41237.1
41237.1
41237.1
41237
41237
41236.9
41236.9
41236.9
41236.8
41236.8
41236.7
41236.7
41236.6
41236.6
41236.5
41236.5
41236.4
41236.4
41236.3
41236.3
41236.2
41236.1
41236.1
41236
41236
41235.9
41235.9
41235.8
41235.8
41235.7
41235.7
41235.6
41235.5
41235.5
41235.4
41235.4
41235.3
41235.3
41235.2
41235.2
41235.1
41235.1
41235
41235
41234.9
41234.9
41234.8
41234.8
41234.8
41234.7
41234.7
41234.6
41234.6
41234.6
41234.5
41234.5
41234.5
41234.4
41234.4
41234.4
41234.4
41234.3
41234.3
41234.3
41234.3
41234.3
41234.2
41234.2
41234.2
41234.2
41234.2
41234.2
41234.2
41234.2
41234.2
41234.2
41234.2
41234.2
41234.2
41234.2
41234.2
41234.2
41234.2
41234.2
41234.2
41234.3
41234.3
41234.3
41234.3
41234.3
41234.4
41234.4
41234.4
41234.5
41234.5
41234.5
41234.6
41234.6
41234.6
41234.7
41234.7
41234.7
41234.8
41234.8
41234.9
41234.9
41235
41235
41235
41235.1
41235.1
41235.2
41235.2
41235.3
41235.3
41235.4
41235.4
41235.5
41235.5
41235.6
41235.6
41235.7
41235.8
41235.8
41235.9
41235.9
41236
41236
41236.1
41236.1
41236.2
41236.2
41236.3
41236.3
41236.4
41236.4
41236.5
41236.5
41236.6
41236.6
41236.7
41236.7
41236.7
41236.8
41236.8
41236.9
41236.9
41236.9
41237
41237
41237.1
41237.1
41237.1
41237.2
41237.2
41237.2
41237.2
41237.3
41237.3
41237.3
41237.3
41237.4
41237.4
41237.4
41237.4
41237.4
41237.4
41237.4
41237.5
41237.5
41237.5
41237.5
41237.5
41237.5
41237.5
41237.5
41237.5
41237.5
41237.5
41237.5
41237.5
41237.4
41237.4
41237.4
41237.4
41237.4
41237.4
41237.4
41237.3
41237.3
41237.3
41237.3
41237.3
41237.2
41237.2
41237.2
41237.1
41237.1
41237.1
41237
41237
41237
41236.9
41236.9
41236.9
41236.8
41236.8
41236.7
41236.7
41236.7
41236.6
41236.6
41236.5
41236.5
41236.5
41236.4
41236.4
41236.3
41236.3
41236.2
41236.2
41236.1
41236.1
41236
41236
41235.9
41235.9
41235.9
41235.8
41235.8
41235.7
41235.7
41235.6
41235.6
41235.5
41235.5
41235.4
41235.4
41235.4
41235.3
41235.3
41235.2
41235.2
41235.2
41235.1
41235.1
41235
41235
41235
41234.9
41234.9
41234.9
41234.8
41234.8
41234.8
41234.7
41234.7
41234.7
41234.7
41234.6
41234.6
41234.6
41234.6
41234.6
41234.6
41234.5
41234.5
41234.5
41234.5
41234.5
41234.5
41234.5
41234.5
41234.5
41234.5
41234.5
41234.5
41234.5
41234.5
41234.5
41234.5
41234.5
41234.5
41234.5
41234.5
41234.5
41234.5
41234.5
41234.6
41234.6
41234.6
41234.6
41234.6
41234.7
41234.7
41234.7
41234.7
41234.8
41234.8
41234.8
41234.9
41234.9
41234.9
41234.9
41235
41235
41235.1
41235.1
41235.1
41235.2
41235.2
41235.2
41235.3
41235.3
41235.4
41235.4
41235.4
41235.5
41235.5
41235.6
41235.6
41235.7
41235.7
41235.8
41235.8
41235.8
41235.9
41235.9
41236
41236
41236.1
41236.1
41236.1
41236.2
41236.2
41236.3
41236.3
41236.4
41236.4
41236.4
41236.5
41236.5
41236.5
41236.6
41236.6
41236.7
41236.7
41236.7
41236.8
41236.8
41236.8
41236.9
41236.9
41236.9
41236.9
41237
41237
41237
41237
41237.1
41237.1
41237.1
41237.1
41237.1
41237.1
41237.2
41237.2
41237.2
41237.2
41237.2
41237.2
41237.2
41237.2
41237.2
41237.2
41237.2
41237.2
41237.2
41237.2
41237.2
41237.2
41237.2
41237.2
41237.2
41237.2
41237.1
41237.1
41237.1
41237.1
41237.1
41237.1
41237
41237
41237
41237
41237
41236.9
41236.9
41236.9
41236.8
41236.8
41236.8
41236.8
41236.7
41236.7
41236.7
41236.6
41236.6
41236.6
41236.5
41236.5
41236.5
41236.4
41236.4
41236.3
41236.3
41236.3
41236.2
41236.2
41236.2
41236.1
41236.1
41236
41236
41236
41235.9
41235.9
41235.9
41235.8
41235.8
41235.7
41235.7
41235.7
41235.6
41235.6
41235.6
41235.5
41235.5
41235.5
41235.4
41235.4
41235.4
41235.3
41235.3
41235.3
41235.2
41235.2
41235.2
41235.2
41235.1
41235.1
41235.1
41235.1
41235
41235
41235
41235
41235
41234.9
41234.9
41234.9
41234.9
41234.9
41234.9
41234.9
41234.8
41234.8
41234.8
41234.8
41234.8
41234.8
41234.8
41234.8
41234.8
41234.8
41234.8
41234.8
41234.8
41234.8
41234.8
41234.8
41234.8
41234.8
41234.8
41234.9
41234.9
41234.9
41234.9
41234.9
41234.9
41234.9
41235
41235
41235
41235
41235
41235
41235.1
41235.1
41235.1
41235.1
41235.2
41235.2
41235.2
41235.2
41235.3
41235.3
41235.3
41235.3
41235.4
41235.4
41235.4
41235.5
41235.5
41235.5
41235.5
41235.6
41235.6
41235.6
41235.7
41235.7
41235.7
41235.8
41235.8
41235.8
41235.8
41235.9
41235.9
41235.9
41236
41236
41236
41236.1
41236.1
41236.1
41236.2
41236.2
41236.2
41236.2
41236.3
41236.3
41236.3
41236.3
41236.4
41236.4
41236.4
41236.5
41236.5
41236.5
41236.5
41236.5
41236.6
41236.6
41236.6
41236.6
41236.6
41236.7
41236.7
41236.7
41236.7
41236.7
41236.7
41236.8
41236.8
41236.8
41236.8
41236.8
41236.8
41236.8
41236.8
41236.8
41236.8
41236.8
41236.8
41236.8
41236.8
41236.8
41236.8
41236.8
41236.8
41236.8
41236.8
41236.8
41236.8
41236.8
41236.8
41236.8
41236.8
41236.8
41236.8
41236.8
41236.7
41236.7
41236.7
41236.7
41236.7
41236.7
41236.7
41236.6
41236.6
41236.6
41236.6
41236.6
41236.5
41236.5
41236.5
41236.5
41236.4
41236.4
41236.4
41236.4
41236.4
41236.3
41236.3
41236.3
41236.2
41236.2
41236.2
41236.2
41236.1
41236.1
41236.1
41236.1
41236
41236
41236
41235.9
41235.9
41235.9
41235.9
41235.8
41235.8
41235.8
41235.7
41235.7
41235.7
41235.7
41235.6
41235.6
41235.6
41235.6
41235.5
41235.5
41235.5
41235.5
41235.4
41235.4
41235.4
41235.4
41235.4
41235.3
41235.3
41235.3
41235.3
41235.3
41235.2
41235.2
41235.2
41235.2
41235.2
41235.2
41235.2
41235.1
41235.1
41235.1
41235.1
41235.1
41235.1
41235.1
41235.1
41235.1
41235.1
41235.1
41235.1
41235.1
41235.1
41235.1
41235.1
41235.1
41235.1
41235.1
41235.1
41235.1
41235.1
41235.1
41235.1
41235.1
41235.1
41235.1
41235.1
41235.2
41235.2
41235.2
41235.2
41235.2
41235.2
41235.2
41235.3
41235.3
41235.3
41235.3
41235.3
41235.4
41235.4
41235.4
41235.4
41235.4
41235.5
41235.5
41235.5
41235.5
41235.5
41235.6
41235.6
41235.6
41235.6
41235.7
41235.7
41235.7
41235.7
41235.8
41235.8
41235.8
41235.8
41235.9
41235.9
41235.9
41235.9
41236
41236
41236
41236
41236.1
41236.1
41236.1
41236.1
41236.1
41236.2
41236.2
41236.2
41236.2
41236.3
41236.3
41236.3
41236.3
41236.3
41236.4
41236.4
41236.4
41236.4
41236.4
41236.4
41236.5
41236.5
41236.5
41236.5
41236.5
41236.5
41236.5
41236.5
41236.5
41236.6
41236.6
41236.6
41236.6
41236.6
41236.6
41236.6
41236.6
41236.6
41236.6
41236.6
41236.6
41236.6
41236.6
41236.6
41236.6
41236.6
41236.6
41236.6
41236.6
41236.6
41236.6
41236.6
41236.6
41236.6
41236.6
41236.5
41236.5
41236.5
41236.5
41236.5
41236.5
41236.5
41236.5
41236.5
41236.4
41236.4
41236.4
41236.4
41236.4
41236.4
41236.3
41236.3
41236.3
41236.3
41236.3
41236.3
41236.2
41236.2
41236.2
41236.2
41236.2
41236.1
41236.1
41236.1
41236.1
41236.1
41236
41236
41236
41236
41236
41235.9
41235.9
41235.9
41235.9
41235.8
41235.8
41235.8
41235.8
41235.8
41235.7
41235.7
41235.7
41235.7
41235.7
41235.7
41235.6
41235.6
41235.6
41235.6
41235.6
41235.5
41235.5
41235.5
41235.5
41235.5
41235.5
41235.5
41235.4
41235.4
41235.4
41235.4
41235.4
41235.4
41235.4
41235.4
41235.3
41235.3
41235.3
41235.3
41235.3
41235.3
41235.3
41235.3
41235.3
41235.3
41235.3
41235.3
41235.3
41235.3
41235.3
41235.3
41235.3
41235.3
41235.3
41235.3
41235.3
41235.3
41235.3
41235.3
41235.3
41235.3
41235.3
41235.3
41235.3
41235.3
41235.3
41235.4
41235.4
41235.4
41235.4
41235.4
41235.4
41235.4
41235.4
41235.5
41235.5
41235.5
41235.5
41235.5
41235.5
41235.5
41235.6
41235.6
41235.6
41235.6
41235.6
41235.6
41235.7
41235.7
41235.7
41235.7
41235.7
41235.8
41235.8
41235.8
41235.8
41235.8
41235.9
41235.9
41235.9
41235.9
41235.9
41236
41236
41236
41236
41236
41236.1
41236.1
41236.1
41236.1
41236.1
41236.2
41236.2
41236.2
41236.2
41236.2
41236.2
41236.3
41236.3
41236.3
41236.3
41236.3
41236.3
41236.3
41236.4
41236.4
41236.4
41236.4
41236.4
41236.4
41236.4
41236.4
41236.5
41236.5
41236.5
41236.5
41236.5
41236.5
41236.5
41236.5
41236.5
41236.5
41236.5
41236.5
41236.5
41236.5
41236.5
41236.5
41236.5
41236.5
41236.5
41236.5
41236.5
41236.5
41236.5
41236.5
41236.5
41236.5
41236.5
41236.4
41236.4
41236.4
41236.4
41236.4
41236.4
41236.4
41236.4
41236.4
41236.3
41236.3
41236.3
41236.3
41236.3
41236.3
41236.3
41236.2
41236.2
41236.2
41236.2
41236.2
41236.1
41236.1
41236.1
41236.1
41236.1
41236.1
41236
41236
41236
41236
41236
41235.9
41235.9
41235.9
41235.9
41235.9
41235.8
41235.8
41235.8
41235.8
41235.8
41235.7
41235.7
41235.7
41235.7
41235.7
41235.6
41235.6
41235.6
41235.6
41235.6
41235.6
41235.5
41235.5
41235.5
41235.5
41235.5
41235.5
41235.5
41235.5
41235.4
41235.4
41235.4
41235.4
41235.4
41235.4
41235.4
41235.4
41235.4
41235.4
41235.4
41235.3
41235.3
41235.3
41235.3
41235.3
41235.3
41235.3
41235.3
41235.3
41235.3
41235.3
41235.3
41235.3
41235.3
41235.3
41235.3
41235.3
41235.4
41235.4
41235.4
41235.4
41235.4
41235.4
41235.4
41235.4
41235.4
41235.4
41235.4
41235.4
41235.5
41235.5
41235.5
41235.5
41235.5
41235.5
41235.5
41235.6
41235.6
41235.6
41235.6
41235.6
41235.6
41235.7
41235.7
41235.7
41235.7
41235.7
41235.7
41235.8
41235.8
41235.8
41235.8
41235.8
41235.9
41235.9
41235.9
41235.9
41235.9
41235.9
41236
41236
41236
41236
41236
41236.1
41236.1
41236.1
41236.1
41236.1
41236.1
41236.2
41236.2
41236.2
41236.2
41236.2
41236.2
41236.2
41236.3
41236.3
41236.3
41236.3
41236.3
41236.3
41236.3
41236.3
41236.4
41236.4
41236.4
41236.4
41236.4
41236.4
41236.4
41236.4
41236.4
41236.4
41236.4
41236.4
41236.4
41236.4
41236.4
41236.4
41236.4
41236.4
41236.4
41236.4
41236.4
41236.4
41236.4
41236.4
41236.4
41236.4
41236.4
41236.4
41236.4
41236.4
41236.4
41236.4
41236.4
41236.4
41236.4
41236.4
41236.4
41236.4
41236.3
41236.3
41236.3
41236.3
41236.3
41236.3
41236.3
41236.3
41236.2
41236.2
41236.2
41236.2
41236.2
41236.2
41236.2
41236.1
41236.1
41236.1
41236.1
41236.1
41236.1
41236
41236
41236
41236
41236
41236
41235.9
41235.9
41235.9
41235.9
41235.9
41235.9
41235.8
41235.8
41235.8
41235.8
41235.8
41235.8
41235.7
41235.7
41235.7
41235.7
41235.7
41235.7
41235.6
41235.6
41235.6
41235.6
41235.6
41235.6
41235.6
41235.5
41235.5
41235.5
41235.5
41235.5
41235.5
41235.5
41235.5
41235.4
41235.4
41235.4
41235.4
41235.4
41235.4
41235.4
41235.4
41235.4
41235.4
41235.4
41235.4
41235.4
41235.4
41235.4
41235.4
41235.4
41235.4
41235.4
41235.4
41235.4
41235.4
41235.4
41235.4
41235.4
41235.4
41235.4
41235.4
41235.4
41235.4
41235.4
41235.4
41235.4
41235.4
41235.4
41235.4
41235.4
41235.4
41235.5
41235.5
41235.5
41235.5
41235.5
41235.5
41235.5
41235.5
41235.6
41235.6
41235.6
41235.6
41235.6
41235.6
41235.6
41235.7
41235.7
41235.7
41235.7
41235.7
41235.7
41235.8
41235.8
41235.8
41235.8
41235.8
41235.9
41235.9
41235.9
41235.9
41235.9
41235.9
41236
41236
41236
41236
41236
41236.1
41236.1
41236.1
41236.1
41236.1
41236.1
41236.2
41236.2
41236.2
41236.2
41236.2
41236.2
41236.3
41236.3
41236.3
41236.3
41236.3
41236.3
41236.3
41236.3
41236.4
41236.4
41236.4
41236.4
41236.4
41236.4
41236.4
41236.4
41236.4
41236.4
41236.4
41236.5
41236.5
41236.5
41236.5
41236.5
41236.5
41236.5
41236.5
41236.5
41236.5
41236.5
41236.5
41236.5
41236.5
41236.5
41236.5
41236.5
41236.5
41236.5
41236.4
41236.4
41236.4
41236.4
41236.4
41236.4
41236.4
41236.4
41236.4
41236.4
41236.4
41236.4
41236.3
41236.3
41236.3
41236.3
41236.3
41236.3
41236.3
41236.2
41236.2
41236.2
41236.2
41236.2
41236.2
41236.2
41236.1
41236.1
41236.1
41236.1
41236.1
41236
41236
41236
41236
41236
41236
41235.9
41235.9
41235.9
41235.9
41235.9
41235.8
41235.8
41235.8
41235.8
41235.8
41235.8
41235.7
41235.7
41235.7
41235.7
41235.7
41235.7
41235.6
41235.6
41235.6
41235.6
41235.6
41235.6
41235.5
41235.5
41235.5
41235.5
41235.5
41235.5
41235.5
41235.5
41235.4
41235.4
41235.4
41235.4
41235.4
41235.4
41235.4
41235.4
41235.4
41235.4
41235.4
41235.4
41235.4
41235.3
41235.3
41235.3
41235.3
41235.3
41235.3
41235.3
41235.3
41235.3
41235.3
41235.3
41235.3
41235.3
41235.3
41235.3
41235.4
41235.4
41235.4
41235.4
41235.4
41235.4
41235.4
41235.4
41235.4
41235.4
41235.4
41235.4
41235.4
41235.5
41235.5
41235.5
41235.5
41235.5
41235.5
41235.5
41235.5
41235.6
41235.6
41235.6
41235.6
41235.6
41235.6
41235.6
41235.7
41235.7
41235.7
41235.7
41235.7
41235.7
41235.8
41235.8
41235.8
41235.8
41235.8
41235.8
41235.9
41235.9
41235.9
41235.9
41235.9
41235.9
41236
41236
41236
41236
41236
41236
41236.1
41236.1
41236.1
41236.1
41236.1
41236.1
41236.2
41236.2
41236.2
41236.2
41236.2
41236.2
41236.2
41236.3
41236.3
41236.3
41236.3
41236.3
41236.3
41236.3
41236.3
41236.4
41236.4
41236.4
41236.4
41236.4
41236.4
41236.4
41236.4
41236.4
41236.4
41236.4
41236.4
41236.4
41236.5
41236.5
41236.5
41236.5
41236.5
41236.5
41236.5
41236.5
41236.5
41236.5
41236.5
41236.5
41236.5
41236.5
41236.5
41236.5
41236.4
41236.4
41236.4
41236.4
41236.4
41236.4
41236.4
41236.4
41236.4
41236.4
41236.4
41236.4
41236.4
41236.3
41236.3
41236.3
41236.3
41236.3
41236.3
41236.3
41236.3
41236.3
41236.2
41236.2
41236.2
41236.2
41236.2
41236.2
41236.1
41236.1
41236.1
41236.1
41236.1
41236.1
41236.1
41236
41236
41236
41236
41236
41235.9
41235.9
41235.9
41235.9
41235.9
41235.9
41235.8
41235.8
41235.8
41235.8
41235.8
41235.8
41235.7
41235.7
41235.7
41235.7
41235.7
41235.7
41235.6
41235.6
41235.6
41235.6
41235.6
41235.6
41235.6
41235.5
41235.5
41235.5
41235.5
41235.5
41235.5
41235.5
41235.5
41235.4
41235.4
41235.4
41235.4
41235.4
41235.4
41235.4
41235.4
41235.4
41235.4
41235.4
41235.4
41235.3
41235.3
41235.3
41235.3
41235.3
41235.3
41235.3
41235.3
41235.3
41235.3
41235.3
41235.3
41235.3
41235.3
41235.3
41235.3
41235.3
41235.3
41235.3
41235.4
41235.4
41235.4
41235.4
41235.4
41235.4
41235.4
41235.4
41235.4
41235.4
41235.4
41235.4
41235.5
41235.5
41235.5
41235.5
41235.5
41235.5
41235.5
41235.5
41235.6
41235.6
41235.6
41235.6
41235.6
41235.6
41235.7
41235.7
41235.7
41235.7
41235.7
41235.7
41235.8
41235.8
41235.8
41235.8
41235.8
41235.8
41235.9
41235.9
41235.9
41235.9
41235.9
41236
41236
41236
41236
41236
41236
41236.1
41236.1
41236.1
41236.1
41236.1
41236.1
41236.2
41236.2
41236.2
41236.2
41236.2
41236.2
41236.3
41236.3
41236.3
41236.3
41236.3
41236.3
41236.3
41236.3
41236.4
41236.4
41236.4
41236.4
41236.4
41236.4
41236.4
41236.4
41236.4
41236.4
41236.5
41236.5
41236.5
41236.5
41236.5
41236.5
41236.5
41236.5
41236.5
41236.5
41236.5
41236.5
41236.5
41236.5
41236.5
41236.5
41236.5
41236.5
41236.5
41236.5
41236.5
41236.5
41236.5
41236.5
41236.5
41236.5
41236.4
41236.4
41236.4
41236.4
41236.4
41236.4
41236.4
41236.4
41236.4
41236.4
41236.4
41236.3
41236.3
41236.3
41236.3
41236.3
41236.3
41236.3
41236.2
41236.2
41236.2
41236.2
41236.2
41236.2
41236.1
41236.1
41236.1
41236.1
41236.1
41236.1
41236
41236
41236
41236
41236
41235.9
41235.9
41235.9
41235.9
41235.9
41235.9
41235.8
41235.8
41235.8
41235.8
41235.8
41235.7
41235.7
41235.7
41235.7
41235.7
41235.7
41235.6
41235.6
41235.6
41235.6
41235.6
41235.6
41235.5
41235.5
41235.5
41235.5
41235.5
41235.5
41235.5
41235.5
41235.4
41235.4
41235.4
41235.4
41235.4
41235.4
41235.4
41235.4
41235.4
41235.4
41235.3
41235.3
41235.3
41235.3
41235.3
41235.3
41235.3
41235.3
41235.3
41235.3
41235.3
41235.3
41235.3
41235.3
41235.3
41235.3
41235.3
41235.3
41235.3
41235.3
41235.3
41235.3
41235.3
41235.3
41235.3
41235.3
41235.3
41235.4
41235.4
41235.4
41235.4
41235.4
41235.4
41235.4
41235.4
41235.4
41235.4
41235.5
41235.5
41235.5
41235.5
41235.5
41235.5
41235.5
41235.6
41235.6
41235.6
41235.6
41235.6
41235.6
41235.7
41235.7
41235.7
41235.7
41235.7
41235.7
41235.8
41235.8
41235.8
41235.8
41235.8
41235.9
41235.9
41235.9
41235.9
41235.9
41235.9
41236
41236
41236
41236
41236
41236.1
41236.1
41236.1
41236.1
41236.1
41236.2
41236.2
41236.2
41236.2
41236.2
41236.2
41236.3
41236.3
41236.3
41236.3
41236.3
41236.3
41236.3
41236.4
41236.4
41236.4
41236.4
41236.4
41236.4
41236.4
41236.4
41236.4
41236.5
41236.5
41236.5
41236.5
41236.5
41236.5
41236.5
41236.5
41236.5
41236.5
41236.5
41236.5
41236.5
41236.5
41236.5
