
Objective value: 
58876.4
15062.6
17643.9
21799.8
24019.8
24926.6
23639.1
23863.1
24232
26375.6
30834.8
35879.2
41559.8
47043.8
51044.5
53426.7
54154
54130.4
53721.8
53050.3
52171.1
50830.6
49491.2
48525.4
48077.2
48119.1
48530
49155.7
49848.7
50490.2
50946.6
51111.8
51097.6
50871.6
50490.9
50016.3
49500.3
48984.5
48498.9
48061.7
47681.7
47352.6
47048.8
46776.4
46534.9
46317.7
46115
45917.5
45717.5
45510.7
45296.8
45079.3
44866.2
44668.1
44497.8
44368.4
44291.9
44240.3
44249.6
44326.3
44471.7
44683
44952.9
45207.1
45492
45801.3
46128.9
46376.3
46603.1
46838.5
47078.7
47316.1
47542.9
47753.1
47942
48066.3
48166.7
48243.4
48264.9
48235.1
48157.1
48010.8
47804.9
47547.7
47245.7
46904
46526.6
46117
45678.6
45214.8
44729.5
44226.8
43711
43187
42659.5
42133.3
41612.9
41102.5
40606
40126.8
39667.7
39231.5
38820.3
38435.8
38079.6
37752.7
37455.7
37306.3
37191.6
37083.1
36974.3
36863.7
36752.3
36641.5
36533
36428.4
36329.5
36237.9
36155.2
36087
36050
36039.8
36053.1
36087.6
36142.1
36215.9
36308.1
36418.3
36545.9
36690.7
36852.2
37029.9
37223.3
37431.5
37653.7
37888.5
38134.7
38390.6
38654.4
38924
39197.4
39472.4
39746.9
40018.9
40286.6
40548.5
40803.2
41050
41288.1
41517.4
41737.7
41949.4
42152.8
42348.5
42537.3
42719.8
42896.7
43068.8
43211.5
43327.5
43445.5
43568.5
43697.5
43832
43971.1
44113.9
44259.5
44407
44555.6
44704.5
44853
45000.2
45145.3
45287.5
45425.8
45559.1
45686.4
45806.2
45917.4
46018.5
46108.3
46185.1
46247.8
46295
46325.3
46337.8
46331.4
46299.2
46237
46146.6
46029.9
45888.8
45725.1
45540.9
45338.2
45118.5
44885.3
44642.3
44392.4
44138.3
43882.4
43627
43374.2
43126.3
42885.1
42649.7
42423.7
42208.7
42005.9
41816.1
41639.7
41476.5
41326.4
41188.6
41062.3
40946.4
40839.6
40740.5
40647.6
40559.3
40474.1
40390.6
40307.4
40223.5
40137.7
40049.2
39957.5
39861.9
39762.4
39658.7
39551
39439.7
39325.1
39208
39089
38969.1
38849.4
38730.9
38614.8
38502.4
38394.8
38293.5
38198.5
38110.7
38032.3
37965
37910.1
37868.4
37840.6
37827.1
37828.6
37845.4
37877.9
37926.3
37990.7
38070.9
38166.9
38278.1
38404.2
38544.7
38698.8
38865.8
39045
39235.2
39435.5
39644.8
39861.7
40085.1
40313.6
40545.6
40779.9
41014.8
41249
41481
41709.3
41932.6
42149.5
42358.7
42559
42749.4
42924.4
43085.2
43234.2
43371.8
43497.7
43603.9
43666
43720.5
43770.2
43816
43857.4
43893.8
43924.5
43949.2
43967.9
43980.6
43987.8
43989.2
43980.2
43963.1
43940
43912.6
43881.9
43849.1
43814.9
43780.1
43745.1
43710.5
43676.4
43643.1
43610.7
43579.1
43548.2
43517.7
43487.4
43456.9
43425.7
43393.1
43358.8
43322
43282
43238.3
43190
43136.5
43077.1
43011.1
42938
42857
42767.7
42669.9
42563.1
42447.3
42322.6
42189.1
42047.2
41897.3
41738.4
41572.5
41401.5
41226.8
41049.6
40871
40692.2
40514.3
40338.6
40166.3
39998.9
39837.4
39682.9
39536.4
39398.7
39270.7
39152.9
39046.1
38950.7
38867
38795.4
38736
38689
38654.1
38631.5
38620.7
38621.6
38633.9
38657
38690.6
38734.2
38787.3
38847.6
38914.8
38990.3
39074.1
39165.6
39264.2
39368.8
39478.6
39592.8
39710.2
39829.8
39949.4
40069.4
40189.8
40310.3
40430.3
40549.1
40666
40780.6
40892.4
41001.1
41106.5
41208.3
41306.2
41400
41489.5
41574.5
41655
41731
41802.4
41869.4
41932.2
41991
42046
42097.6
42146
42191.6
42234.6
42275.3
42314.2
42351.3
42387.1
42421.8
42455.7
42488.9
42521.7
42554.3
42586.7
42619.1
42651.5
42683.9
42716.3
42748.6
42780.7
42811
42830.5
42848.9
42868.3
42889.3
42911.7
42934.7
42957.5
42979
42998.3
43014.6
43027
43034.7
43037.2
43034
43024.6
43008.9
42986.6
42957.8
42922.4
42880.6
42832.4
42777.9
42717
42649.9
42576.6
42497.1
42411.6
42320.1
42223.1
42119.2
42009.1
41894.2
41775.8
41654.7
41531.5
41406.8
41281.1
41155.2
41029.7
40905.2
40782.5
40662.1
40544.6
40430.4
40320.1
40214.1
40112.8
40016.6
39926.1
39841.5
39763.2
39691.4
39626.5
39568.6
39517.8
39474.2
39437.9
39408.7
39386.8
39371.9
39364.1
39363.1
39368.8
39381
39399.6
39424.2
39454.8
39490.9
39532.5
39579.1
39630.5
39686.3
39746.4
39810.2
39877.6
39948.1
40021.4
40097.3
40175.3
40255.3
40336.9
40419.7
40503.6
40588.3
40673.5
40759
40844.5
40930
41015.1
41099.7
41183.6
41266.7
41348.8
41429.8
41509.5
41587.7
41664.5
41739.5
41812.8
41884.2
41953.5
42020.6
42085.5
42147.9
42207.8
42265.1
42319.5
42360.5
42398.2
42434.6
42470.7
42506.3
42540.9
42574
42604.9
42632.8
42657.4
42678.1
42694.6
42706.6
42714.1
42717
42715.3
42709.2
42699
42684.9
42667.1
42645.9
42621.4
42593.9
42563.2
42529.6
42493
42453.5
42410.9
42365.5
42317.4
42266.5
42213.3
42157.7
42100.2
42040.8
41979.7
41915.8
41850.3
41783.9
41717
41649.8
41582.3
41514.7
41447
41379.2
41311.6
41244.3
41177.4
41111
41045.3
40980.3
40916.3
40853.1
40791.1
40730.3
40670.9
40612.9
40556.6
40502
40449.3
40398.6
40350.1
40303.7
40259.7
40218.2
40179.3
40143.2
40109.9
40079.6
40052.4
40028.4
40007.7
39990.5
39976.9
39966.8
39960.4
39957.8
39958.9
39963.9
39972.7
39985.4
40001.9
40022.3
40046.5
40074.4
40106.1
40141.4
40180.3
40222.7
40268.4
40317.4
40369.4
40424.4
40482.1
40542.4
40605
40669.9
40736.7
40805.2
40875.3
40946.6
41018.9
41092
41165.6
41239.5
41313.5
41387.1
41460.3
41532.8
41604.2
41674.4
41743.1
41810.1
41875.2
41938.1
41998.7
42056.6
42111.8
42164.1
42213.3
42259.3
42301.9
42340.9
42376.4
42408.1
42436.1
42460.2
42480.4
42496.7
42509.1
42517.5
42521.9
42522.5
42519.2
42512.1
42501.2
42486.7
42464.3
42431.8
42397.1
42362
42327.1
42292.3
42257.1
42221
42183.5
42144.2
42102.8
42059.1
42013
41964.5
41913.7
41860.9
41806.3
41750.2
41693.1
41635.4
41577.3
41519.2
41461.2
41402.8
41343.7
41284.5
41225.8
41167.7
41110.3
41053.5
40997.5
40942.2
40887.8
40834.6
40782.8
40732.6
40684.2
40637.6
40593.1
40550.8
40510.5
40472.6
40436.9
40403.5
40372.6
40344.1
40318.1
40294.5
40273.5
40255.1
40239.2
40226
40215.3
40207.3
40201.8
40199
40198.8
40201.3
40206.3
40213.9
40224
40236.8
40252
40269.8
40290.1
40312.9
40338.2
40365.8
40395.9
40428.2
40462.8
40499.6
40538.4
40579.3
40622.1
40666.7
40712.9
40760.7
40809.9
40860.4
40912
40964.6
41018.1
41072.2
41126.8
41181.9
41237.1
41292.4
41347.6
41402.5
41457.1
41511.2
41564.6
41617.1
41668.7
41719.2
41768.5
41816.3
41862.6
41907.2
41950
41990.9
42029.7
42066.2
42100.5
42132.2
42161.5
42188.1
42211.9
42233
42251.1
42266.3
42278.5
42287.6
42293.7
42296.7
42296.6
42293.4
42287.2
42277.9
42265.6
42250.4
42232.2
42211.3
42187.6
42161.3
42132.4
42101.1
42067.4
42031.6
41993.7
41953.9
41912.3
41869.1
41824.4
41778.4
41731.2
41683.1
41634.1
41584.4
41534.2
41483.7
41433
41382.2
41331.6
41281.1
41231.1
41181.6
41132.7
41084.7
41037.6
40991.6
40946.7
40903.2
40861.1
40820.6
40781.6
40744.4
40709
40675.5
40643.8
40614.2
40586.6
40561.1
40537.6
40516.3
40497.1
40480.1
40465.2
40452.5
40441.9
40433.4
40427
40422.7
40420.5
40420.2
40422
40425.7
40431.3
40438.7
40447.9
40458.9
40471.6
40485.9
40501.8
40519.2
40538.1
40558.5
40580.1
40603.1
40627.3
40652.6
40679.1
40706.6
40735.2
40764.6
40794.9
40826
40857.9
40890.4
40923.5
40957.1
40991.2
41025.7
41060.4
41095.4
41130.5
41165.7
41200.9
41236.1
41271.2
41306
41340.7
41375.1
41409.1
41442.7
41475.9
41508.4
41540.4
41571.7
41602.2
41631.9
41660.7
41688.6
41715.4
41741.1
41765.7
41789
41811.1
41831.8
41851.2
41869
41885.4
41900.2
41913.4
41925
41934.9
41943.2
41949.7
41954.4
41957.4
41958.6
41958.1
41955.8
41951.7
41946
41938.5
41929.3
41918.4
41906
41892
41876.5
41859.5
41841.1
41821.3
41800.3
41778
41754.6
41730.1
41704.6
41678.1
41650.7
41622.5
41593.5
41563.8
41533.5
41502.7
41471.5
41439.9
41408.1
41376.1
41344
41312
41280
41248.3
41216.8
41185.6
41154.8
41124.5
41094.7
41065.5
41037
41009.2
40982.1
40955.9
40930.5
40906.1
40882.5
40860
40838.5
40818
40798.6
40780.2
40763
40747
40732.1
40718.3
40705.8
40694.4
40684.2
40675.3
40667.5
40661
40655.7
40651.7
40648.8
40647.2
40646.9
40647.7
40649.8
40653
40657.5
40663.2
40670.1
40678.1
40687.3
40697.6
40709
40721.4
40734.9
40749.4
40764.8
40781.2
40798.4
40816.4
40835.3
40854.9
40875.3
40896.4
40918.1
40940.6
40963.6
40987.2
41011.4
41036
41061.1
41086.7
41112.5
41138.7
41165.1
41191.8
41218.6
41245.4
41272.4
41299.3
41326.1
41352.9
41379.4
41405.7
41431.7
41457.3
41482.5
41507.2
41531.4
41555
41577.9
41600.2
41621.7
41642.3
41662.1
41681
41699
41715.9
41731.9
41746.7
41760.4
41773
41784.4
41794.7
41803.7
41811.4
41817.9
41823.1
41827.1
41829.7
41831
41831.1
41829.7
41827.1
41823.1
41817.7
41811
41802.8
41793.3
41782.5
41770.3
41756.8
41742.1
41726.1
41709
41690.8
41671.6
41651.3
41630.1
41608
41585
41561.2
41536.7
41511.6
41485.8
41459.4
41432.6
41405.3
41377.6
41349.7
41321.5
41293.1
41264.6
41236.1
41207.6
41179.2
41150.9
41122.9
41095.1
41067.7
41040.7
41014.2
40988.1
40962.7
40938
40913.9
40890.7
40868.3
40846.7
40826.1
40806.5
40788
40770.6
40754.3
40739.2
40725.4
40712.9
40701.7
40691.8
40683.4
40676.4
40670.8
40666.7
40664.1
40662.9
40663.2
40664.9
40667.9
40672.2
40677.7
40684.6
40692.7
40702.1
40712.7
40724.7
40737.8
40752.2
40767.9
40784.7
40802.6
40821.6
40841.7
40862.8
40884.8
40907.7
40931.4
40955.9
40981
41006.8
41033.2
41060
41087.3
41114.9
41142.8
41170.8
41199
41227.3
41255.5
41283.5
41311.5
41339.1
41366.4
41393.3
41419.8
41445.7
41471
41495.6
41519.5
41542.6
41564.9
41586.3
41606.7
41626.2
41644.7
41662.1
41678.4
41693.6
41707.6
41720.5
41732.3
41742.8
41752.1
41760.2
41767.1
41772.8
41777.2
41780.3
41782.1
41782.5
41781.5
41779.1
41775.2
41769.8
41763.1
41755.1
41745.8
41735.3
41723.7
41710.9
41697.1
41682.2
41666.4
41649.6
41632
41613.5
41594.2
41574.2
41553.5
41532.1
41510.2
41487.7
41464.8
41441.4
41417.7
41393.6
41369.3
41344.8
41320.1
41295.3
41270.5
41245.7
41221
41196.4
41172
41147.7
41123.8
41100.2
41077
41054.2
41031.9
41010.2
40989
40968.6
40948.8
40929.7
40911.5
40894.1
40877.5
40861.9
40847.3
40833.6
40821
40809.5
40799
40789.7
40781.5
40774.4
40768.5
40763.6
40759.9
40757.3
40755.9
40755.5
40756.2
40758
40760.9
40764.9
40770
40776.2
40783.5
40791.9
40801.4
40811.9
40823.4
40835.9
40849.4
40863.8
40879.1
40895.3
40912.2
40930
40948.5
40967.6
40987.4
41007.8
41028.7
41050.1
41071.9
41094.1
41116.5
41139.2
41162.1
41185.2
41208.3
41231.4
41254.5
41277.4
41300.3
41322.9
41345.2
41367.3
41388.9
41410.2
41431
41451.3
41471.1
41490.2
41508.7
41526.6
41543.7
41560.1
41575.6
41590.4
41604.3
41617.3
41629.4
41640.6
41650.7
41659.8
41667.9
41675
41680.9
41685.8
41689.6
41692.2
41693.8
41694.3
41693.7
41692
41689.3
41685.5
41680.7
41674.8
41668
41660.1
41651.3
41641.6
41630.9
41619.4
41607
41593.8
41579.8
41565
41549.6
41533.4
41516.5
41499.1
41481.1
41462.5
41443.4
41423.9
41404
41383.7
41363.1
41342.3
41321.2
41299.9
41278.6
41257.1
41235.7
41214.2
41192.9
41171.7
41150.7
41129.9
41109.4
41089.3
41069.5
41050.2
41031.4
41013.1
40995.3
40978.2
40961.8
40946
40931
40916.7
40903.2
40890.5
40878.7
40867.7
40857.6
40848.5
40840.3
40833.1
40826.9
40821.7
40817.5
40814.3
40812.3
40811.2
40811.3
40812.4
40814.6
40817.8
40822.1
40827.5
40833.9
40841.3
40849.6
40859
40869.3
40880.5
40892.6
40905.5
40919.2
40933.7
40949
40964.9
40981.5
40998.7
41016.4
41034.6
41053.3
41072.4
41091.8
41111.5
41131.5
41151.7
41172
41192.4
41212.8
41233.2
41253.6
41273.8
41293.9
41313.7
41333.3
41352.6
41371.5
41390.1
41408.2
41425.7
41442.8
41459.2
41475
41490.2
41504.6
41518.3
41531.3
41543.4
41554.6
41565
41574.6
41583.2
41591
41597.9
41603.8
41608.8
41612.9
41616.1
41618.4
41619.7
41620.2
41619.7
41618.3
41616.1
41613
41609
41604.2
41598.5
41592.1
41584.8
41576.8
41568
41558.5
41548.3
41537.5
41526
41513.8
41501.1
41487.9
41474.1
41459.8
41445
41429.8
41414.3
41398.4
41382.1
41365.6
41348.9
41331.9
41314.8
41297.6
41280.3
41263
41245.7
41228.4
41211.2
41194.2
41177.3
41160.6
41144.1
41127.9
41112
41096.4
41081.2
41066.4
41051.9
41037.9
41024.4
41011.3
40998.8
40986.8
40975.4
40964.6
40954.5
40945
40936.3
40928.3
40921.1
40914.6
40909
40904.1
40900.1
40897
40894.7
40893.3
40892.7
40893
40894.2
40896.3
40899.2
40903.1
40907.7
40913.2
40919.6
40926.7
40934.7
40943.4
40952.9
40963.1
40974
40985.6
40997.8
41010.7
41024.1
41038.1
41052.5
41067.5
41082.8
41098.6
41114.7
41131.1
41147.8
41164.8
41181.9
41199.1
41216.4
41233.8
41251.2
41268.6
41285.9
41303
41319.9
41336.6
41353
41369.1
41384.8
41400
41414.8
41429
41442.6
41455.6
41468
41479.7
41490.7
41501
41510.6
41519.4
41527.5
41534.7
41541.2
41546.8
41551.7
41555.7
41558.8
41561.1
41562.6
41563.2
41563
41562
41560.1
41557.3
41553.8
41549.4
41544.3
41538.3
41531.6
41524.2
41516
41507.1
41497.5
41487.3
41476.4
41464.9
41452.9
41440.3
41427.2
41413.7
41399.7
41385.3
41370.5
41355.4
41340.1
41324.5
41308.7
41292.7
41276.6
41260.5
41244.4
41228.2
41212.1
41196.2
41180.3
41164.7
41149.3
41134.1
41119.2
41104.6
41090.4
41076.6
41063.2
41050.3
41037.8
41025.8
41014.5
41003.6
40993.5
40983.9
40975.1
40967
40959.6
40953
40947.1
40942.1
40937.9
40934.6
40932.1
40930.5
40929.7
40929.8
40930.8
40932.7
40935.5
40939.1
40943.5
40948.8
40955
40961.9
40969.7
40978.2
40987.4
40997.4
41008
41019.3
41031.3
41043.8
41056.9
41070.4
41084.5
41099
41113.9
41129.1
41144.7
41160.5
41176.5
41192.6
41208.9
41225.3
41241.7
41258
41274.3
41290.5
41306.5
41322.3
41337.9
41353.1
41367.9
41382.4
41396.4
41410
41423
41435.4
41447.2
41458.4
41468.9
41478.7
41487.7
41496
41503.5
41510.2
41516
41521
41525.2
41528.5
41531
41532.5
41533.3
41533.1
41532.1
41530.2
41527.5
41524
41519.6
41514.4
41508.5
41501.7
41494.2
41486
41477.1
41467.5
41457.3
41446.4
41435
41423
41410.5
41397.5
41384.1
41370.3
41356.1
41341.6
41326.9
41311.9
41296.7
41281.3
41265.9
41250.3
41234.8
41219.3
41203.9
41188.6
41173.5
41158.5
41143.8
41129.4
41115.3
41101.6
41088.3
41075.5
41063.1
41051.2
41039.9
41029.2
41019
41009.6
41000.7
40992.6
40985.2
40978.4
40972.5
40967.3
40962.9
40959.2
40956.4
40954.3
40953.1
40952.6
40953
40954.2
40956.2
40959
40962.6
40967
40972.2
40978.1
40984.8
40992.2
41000.4
41009.2
41018.6
41028.8
41039.5
41050.8
41062.7
41075
41087.9
41101.2
41114.9
41129
41143.4
41158.1
41173.1
41188.2
41203.6
41219
41234.5
41250
41265.5
41281
41296.3
41311.5
41326.5
41341.3
41355.7
41369.9
41383.7
41397
41410
41422.4
41434.3
41445.7
41456.5
41466.7
41476.2
41485
41493.1
41500.5
41507.2
41513
41518.1
41522.4
41525.9
41528.5
41530.3
41531.2
41531.3
41530.6
41529
41526.5
41523.2
41519.1
41514.2
41508.4
41501.9
41494.6
41486.5
41477.7
41468.2
41458
41447.2
41435.7
41423.7
41411.1
41398.1
41384.5
41370.5
41356.2
41341.5
41326.4
41311.2
41295.7
41280
41264.2
41248.4
41232.5
41216.6
41200.7
41185
41169.5
41154.1
41138.9
41124.1
41109.6
41095.4
41081.6
41068.3
41055.5
41043.2
41031.4
41020.2
41009.7
40999.8
40990.5
40982
40974.1
40967.1
40960.8
40955.2
40950.5
40946.6
40943.4
40941.2
40939.7
40939.1
40939.3
40940.3
40942.2
40944.9
40948.4
40952.7
40957.8
40963.7
40970.3
40977.7
40985.8
40994.5
41004
41014
41024.7
41036
41047.7
41060.1
41072.8
41086.1
41099.7
41113.7
41128
41142.6
41157.4
41172.5
41187.7
41203
41218.4
41233.8
41249.2
41264.6
41279.9
41295
41310
41324.7
41339.2
41353.4
41367.2
41380.7
41393.7
41406.3
41418.4
41430
41441.1
41451.5
41461.4
41470.6
41479.2
41487.1
41494.3
41500.8
41506.5
41511.5
41515.7
41519.2
41521.9
41523.8
41524.9
41525.2
41524.7
41523.5
41521.4
41518.6
41515
41510.7
41505.6
41499.8
41493.3
41486.1
41478.3
41469.8
41460.7
41451
41440.8
41430
41418.7
41406.9
41394.8
41382.2
41369.2
41356
41342.4
41328.6
41314.5
41300.3
41286
41271.6
41257.1
41242.6
41228.1
41213.7
41199.4
41185.2
41171.2
41157.4
41143.9
41130.7
41117.7
41105.2
41093
41081.3
41070
41059.2
41048.9
41039.1
41029.9
41021.3
41013.3
41005.9
40999.1
40993
40987.6
40982.9
40978.9
40975.6
40972.9
40971.1
40969.9
40969.5
40969.7
40970.7
40972.5
40974.9
40978
40981.8
40986.4
40991.5
40997.4
41003.8
41010.9
41018.6
41026.8
41035.6
41044.9
41054.8
41065.1
41075.8
41087
41098.5
41110.4
41122.6
41135.1
41147.9
41160.9
41174
41187.3
41200.7
41214.2
41227.7
41241.2
41254.7
41268.1
41281.4
41294.6
41307.5
41320.3
41332.8
41345
41356.9
41368.5
41379.7
41390.4
41400.8
41410.6
41420
41428.8
41437.2
41444.9
41452.1
41458.6
41464.6
41469.9
41474.5
41478.5
41481.8
41484.4
41486.4
41487.6
41488.2
41488
41487.2
41485.7
41483.4
41480.6
41477
41472.8
41468
41462.5
41456.4
41449.8
41442.6
41434.8
41426.5
41417.7
41408.5
41398.8
41388.7
41378.2
41367.3
41356.2
41344.7
41333
41321
41308.8
41296.5
41284.1
41271.5
41258.9
41246.3
41233.7
41221.1
41208.5
41196.1
41183.9
41171.8
41159.9
41148.2
41136.9
41125.8
41115
41104.6
41094.6
41084.9
41075.7
41067
41058.7
41051
41043.7
41037
41030.9
41025.3
41020.3
41015.8
41012
41008.8
41006.2
41004.2
41002.8
41002
41001.9
41002.3
41003.3
41005
41007.2
41009.9
41013.3
41017.1
41021.6
41026.6
41032.1
41038.1
41044.6
41051.7
41059.2
41067.1
41075.5
41084.3
41093.6
41103.1
41113.1
41123.4
41133.9
41144.8
41155.9
41167.2
41178.7
41190.3
41202.1
41214
41226
41238
41250
41261.9
41273.9
41285.7
41297.4
41309
41320.3
41331.5
41342.4
41353
41363.4
41373.4
41383.1
41392.4
41401.2
41409.7
41417.7
41425.2
41432.3
41438.8
41444.9
41450.3
41455.3
41459.6
41463.4
41466.6
41469.2
41471.2
41472.5
41473.3
41473.4
41472.9
41471.7
41469.9
41467.5
41464.4
41460.7
41456.3
41451.3
41445.7
41439.6
41432.8
41425.6
41417.8
41409.5
41400.8
41391.6
41382.1
41372.1
41361.9
41351.3
41340.4
41329.3
41318
41306.5
41294.8
41283.1
41271.2
41259.3
41247.4
41235.5
41223.6
41211.8
41200.1
41188.6
41177.2
41166
41155
41144.3
41133.9
41123.8
41114
41104.6
41095.5
41086.8
41078.6
41070.8
41063.5
41056.6
41050.2
41044.4
41039
41034.2
41030
41026.2
41023.1
41020.5
41018.5
41017.1
41016.2
41015.9
41016.1
41016.9
41018.3
41020.2
41022.6
41025.6
41029
41032.9
41037.3
41042.1
41047.4
41053.2
41059.3
41065.9
41072.9
41080.2
41087.9
41096
41104.4
41113.1
41122.1
41131.4
41140.9
41150.7
41160.6
41170.8
41181.1
41191.5
41202
41212.7
41223.3
41234
41244.8
41255.4
41266.1
41276.6
41287.1
41297.4
41307.6
41317.6
41327.3
41336.9
41346.1
41355.1
41363.8
41372.2
41380.2
41387.9
41395.1
41402
41408.4
41414.4
41420
41425.1
41429.7
41433.8
41437.4
41440.5
41443.1
41445.2
41446.8
41447.8
41448.3
41448.3
41447.7
41446.5
41444.8
41442.5
41439.6
41436.1
41432.1
41427.5
41422.4
41416.8
41410.7
41404.1
41397
41389.6
41381.7
41373.5
41364.9
41356
41346.9
41337.5
41327.8
41318
41308
41297.9
41287.6
41277.3
41266.9
41256.4
41246
41235.6
41225.3
41215
41204.9
41194.9
41185
41175.4
41165.9
41156.7
41147.7
41139.1
41130.7
41122.6
41114.9
41107.6
41100.6
41094
41087.8
41082
41076.7
41071.8
41067.4
41063.4
41059.9
41056.9
41054.4
41052.4
41050.9
41049.8
41049.3
41049.3
41049.7
41050.6
41052.1
41053.9
41056.3
41059.1
41062.3
41066
41070
41074.5
41079.3
41084.4
41089.9
41095.7
41101.7
41108.1
41114.8
41121.6
41128.8
41136.1
41143.7
41151.4
41159.4
41167.5
41175.7
41184.1
41192.5
41201
41209.6
41218.3
41226.9
41235.6
41244.2
41252.8
41261.3
41269.7
41278.1
41286.3
41294.3
41302.2
41309.8
41317.3
41324.6
41331.5
41338.3
41344.7
41350.8
41356.7
41362.2
41367.3
41372.1
41376.5
41380.6
41384.2
41387.5
41390.4
41392.8
41394.9
41396.5
41397.7
41398.4
41398.8
41398.7
41398.2
41397.3
41395.9
41394.2
41392
41389.4
41386.5
41383.1
41379.4
41375.3
41370.9
41366.1
41361
41355.6
41349.9
41343.9
41337.7
41331.2
41324.5
41317.7
41310.6
41303.4
41296
41288.5
41281
41273.3
41265.6
41257.9
41250.2
41242.5
41234.8
41227.2
41219.6
41212.2
41204.8
41197.6
41190.6
41183.7
41177.1
41170.6
41164.3
41158.3
41152.5
41147
41141.8
41136.9
41132.2
41127.9
41123.9
41120.2
41116.9
41113.9
41111.2
41109
41107
41105.4
41104.2
41103.4
41102.9
41102.7
41103
41103.5
41104.5
41105.8
41107.4
41109.4
41111.7
41114.3
41117.2
41120.5
41124
41127.8
41131.9
41136.3
41140.8
41145.7
41150.7
41155.9
41161.4
41166.9
41172.7
41178.6
41184.6
41190.7
41196.9
41203.1
41209.4
41215.8
41222.1
41228.5
41234.8
41241.1
41247.3
41253.4
41259.5
41265.4
41271.3
41277
41282.5
41287.8
41293
41298
41302.8
41307.3
41311.6
41315.6
41319.4
41322.9
41326.1
41329
41331.6
41333.9
41335.9
41337.6
41339
41340
41340.7
41341.1
41341.2
41340.9
41340.4
41339.5
41338.4
41336.9
41335.2
41333.2
41331
41328.4
41325.7
41322.7
41319.5
41316.1
41312.4
41308.6
41304.6
41300.5
41296.2
41291.8
41287.2
41282.6
41277.9
41273.1
41268.2
41263.3
41258.4
41253.5
41248.5
41243.6
41238.7
41233.8
41229
41224.3
41219.6
41215.1
41210.6
41206.3
41202.1
41198
41194.1
41190.4
41186.8
41183.4
41180.2
41177.2
41174.4
41171.8
41169.4
41167.3
41165.3
41163.6
41162.1
41160.8
41159.7
41158.9
41158.2
41157.8
41157.5
41157.5
41157.7
41158
41158.6
41159.4
41160.3
41161.5
41162.9
41164.5
41166.2
41168.2
41170.3
41172.6
41175.1
41177.8
41180.6
41183.6
41186.8
41190
41193.4
41197
41200.6
41204.4
41208.2
41212.1
41216.1
41220.1
41224.2
41228.3
41232.5
41236.6
41240.8
41244.9
41249
41253.1
41257.1
41261.1
41265
41268.8
41272.5
41276.1
41279.5
41282.9
41286.1
41289.2
41292.1
41294.9
41297.4
41299.9
41302.1
41304.1
41306
41307.6
41309
41310.2
41311.2
41312
41312.5
41312.8
41312.9
41312.7
41312.3
41311.6
41310.7
41309.5
41308.1
41306.5
41304.6
41302.6
41300.3
41297.8
41295.1
41292.2
41289.2
41286
41282.7
41279.2
41275.7
41272
41268.2
41264.4
41260.5
41256.5
41252.5
41248.5
41244.4
41240.4
41236.3
41232.3
41228.3
41224.4
41220.5
41216.7
41212.9
41209.3
41205.7
41202.3
41199
41195.8
41192.7
41189.8
41187
41184.4
41181.9
41179.6
41177.5
41175.6
41173.8
41172.3
41170.9
41169.7
41168.7
41167.9
41167.4
41167
41166.8
41166.8
41167
41167.4
41168
41168.7
41169.7
41170.8
41172
41173.5
41175
41176.7
41178.6
41180.5
41182.6
41184.8
41187.1
41189.4
41191.9
41194.5
41197.1
41199.8
41202.6
41205.5
41208.4
41211.4
41214.4
41217.5
41220.6
41223.8
41227
41230.2
41233.4
41236.6
41239.9
41243.1
41246.3
41249.5
41252.7
41255.9
41258.9
41262
41265
41267.9
41270.7
41273.5
41276.2
41278.7
41281.2
41283.6
41285.8
41288
41290
41291.8
41293.6
41295.2
41296.6
41297.9
41299
41300
41300.8
41301.5
41302
41302.3
41302.5
41302.4
41302.2
41301.9
41301.3
41300.6
41299.7
41298.6
41297.4
41296
41294.4
41292.6
41290.7
41288.6
41286.4
41284
41281.5
41278.8
41276
41273
41270
41266.9
41263.6
41260.3
41257
41253.5
41250
41246.5
41243
41239.5
41235.9
41232.4
41228.9
41225.4
41222
41218.6
41215.3
41212.1
41208.9
41205.8
41202.9
41200
41197.3
41194.7
41192.2
41189.9
41187.7
41185.6
41183.7
41182
41180.4
41179
41177.8
41176.7
41175.9
41175.1
41174.6
41174.3
41174.1
41174.1
41174.3
41174.7
41175.2
41175.9
41176.8
41177.8
41179
41180.4
41181.9
41183.6
41185.3
41187.2
41189.3
41191.4
41193.6
41195.9
41198.3
41200.7
41203.2
41205.7
41208.3
41210.9
41213.6
41216.3
41219
41221.7
41224.4
41227.1
41229.9
41232.6
41235.4
41238.1
41240.8
41243.5
41246.2
41248.8
41251.4
41253.9
41256.5
41258.9
41261.3
41263.7
41265.9
41268.1
41270.3
41272.3
41274.2
41276.1
41277.8
41279.5
41281.1
41282.5
41283.8
41285
41286.1
41287.1
41288
41288.7
41289.3
41289.8
41290.1
41290.3
41290.4
41290.4
41290.2
41289.9
41289.5
41288.9
41288.2
41287.4
41286.5
41285.4
41284.2
41283
41281.6
41280.1
41278.5
41276.8
41275
41273.2
41271.2
41269.1
41267
41264.8
41262.4
41260
41257.5
41254.9
41252.2
41249.4
41246.6
41243.7
41240.8
41237.8
41234.8
41231.8
41228.8
41225.8
41222.8
41219.9
41217
41214.2
41211.4
41208.7
41206.1
41203.6
41201.2
41199
41196.8
41194.7
41192.8
41191
41189.3
41187.8
41186.5
41185.2
41184.2
41183.3
41182.5
41181.9
41181.4
41181.1
41181
41181
41181.2
41181.5
41182
41182.6
41183.4
41184.3
41185.4
41186.6
41187.9
41189.4
41191
41192.7
41194.5
41196.5
41198.5
41200.6
41202.9
41205.2
41207.6
41210
41212.5
41215.1
41217.7
41220.3
41223
41225.7
41228.3
41231
41233.7
41236.4
41239
41241.6
41244.2
41246.7
41249.2
41251.6
41253.9
41256.2
41258.5
41260.6
41262.7
41264.7
41266.6
41268.4
41270.1
41271.7
41273.2
41274.7
41276
41277.2
41278.3
41279.3
41280.2
41281
41281.7
41282.2
41282.6
41283
41283.2
41283.2
41283.2
41283.1
41282.8
41282.4
41282
41281.4
41280.8
41280
41279.2
41278.2
41277.1
41275.8
41274.5
41273.1
41271.6
41270.1
41268.4
41266.6
41264.8
41262.9
41261
41259
41256.9
41254.8
41252.6
41250.4
41248.2
41245.9
41243.6
41241.3
41239
41236.7
41234.4
41232.2
41229.9
41227.6
41225.4
41223.2
41221.1
41219
41216.9
41214.9
41213
41211.1
41209.3
41207.5
41205.9
41204.3
41202.8
41201.4
41200.1
41198.9
41197.8
41196.8
41195.9
41195.1
41194.4
41193.8
41193.4
41193
41192.8
41192.7
41192.7
41192.8
41193.1
41193.4
41193.9
41194.4
41195.1
41195.9
41196.8
41197.8
41198.9
41200
41201.3
41202.7
41204.1
41205.6
41207.2
41208.9
41210.6
41212.4
41214.3
41216.2
41218.1
41220.1
41222.1
41224.2
41226.3
41228.4
41230.5
41232.6
41234.8
41236.9
41239.1
41241.2
41243.3
41245.4
41247.4
41249.4
41251.4
41253.4
41255.3
41257.1
41258.9
41260.6
41262.2
41263.8
41265.3
41266.7
41268.1
41269.3
41270.5
41271.5
41272.5
41273.4
41274.1
41274.8
41275.4
41275.8
41276.2
41276.4
41276.6
41276.6
41276.5
41276.3
41276
41275.6
41275.1
41274.6
41273.9
41273.1
41272.2
41271.2
41270.1
41269
41267.8
41266.5
41265.1
41263.6
41262.1
41260.5
41258.9
41257.2
41255.5
41253.7
41251.9
41250.1
41248.2
41246.3
41244.4
41242.4
41240.5
41238.5
41236.6
41234.6
41232.7
41230.8
41228.9
41227
41225.2
41223.4
41221.6
41219.9
41218.2
41216.5
41214.9
41213.4
41211.9
41210.5
41209.2
41207.9
41206.7
41205.6
41204.6
41203.6
41202.7
41201.9
41201.2
41200.6
41200
41199.6
41199.2
41198.9
41198.7
41198.6
41198.6
41198.6
41198.8
41199
41199.4
41199.8
41200.3
41200.9
41201.5
41202.2
41203.1
41203.9
41204.9
41205.9
41207
41208.2
41209.4
41210.7
41212
41213.4
41214.8
41216.3
41217.8
41219.4
41221
41222.6
41224.2
41225.9
41227.6
41229.3
41231
41232.7
41234.5
41236.2
41237.9
41239.6
41241.3
41243
41244.6
41246.3
41247.9
41249.4
41251
41252.5
41253.9
41255.3
41256.7
41258
41259.3
41260.5
41261.6
41262.7
41263.7
41264.7
41265.5
41266.3
41267.1
41267.8
41268.3
41268.9
41269.3
41269.7
41270
41270.2
41270.3
41270.3
41270.3
41270.2
41270
41269.8
41269.4
41269
41268.5
41268
41267.3
41266.6
41265.9
41265.1
41264.2
41263.2
41262.2
41261.1
41260
41258.9
41257.6
41256.4
41255.1
41253.8
41252.4
41251
41249.6
41248.1
41246.7
41245.2
41243.7
41242.2
41240.7
41239.2
41237.7
41236.2
41234.7
41233.2
41231.8
41230.3
41228.9
41227.5
41226.2
41224.8
41223.5
41222.3
41221.1
41219.9
41218.8
41217.7
41216.6
41215.7
41214.7
41213.9
41213
41212.3
41211.6
41210.9
41210.4
41209.8
41209.4
41209
41208.6
41208.4
41208.2
41208
41207.9
41207.9
41207.9
41208
41208.2
41208.4
41208.6
41208.9
41209.3
41209.7
41210.2
41210.8
41211.3
41212
41212.6
41213.3
41214.1
41214.9
41215.7
41216.6
41217.5
41218.4
41219.4
41220.4
41221.4
41222.4
41223.5
41224.5
41225.6
41226.7
41227.9
41229
41230.1
41231.3
41232.4
41233.6
41234.7
41235.8
41237
41238.1
41239.2
41240.3
41241.4
41242.5
41243.5
41244.6
41245.6
41246.5
41247.5
41248.4
41249.3
41250.2
41251
41251.8
41252.5
41253.2
41253.9
41254.5
41255.1
41255.6
41256.1
41256.6
41257
41257.3
41257.6
41257.8
41258
41258.2
41258.3
41258.3
41258.3
41258.3
41258.2
41258
41257.8
41257.5
41257.2
41256.9
41256.5
41256
41255.6
41255
41254.5
41253.9
41253.2
41252.5
41251.8
41251.1
41250.3
41249.5
41248.7
41247.8
41246.9
41246
41245.1
41244.2
41243.2
41242.3
41241.3
41240.4
41239.4
41238.4
41237.5
41236.5
41235.5
41234.6
41233.6
41232.7
41231.8
41230.9
41230
41229.1
41228.3
41227.5
41226.7
41225.9
41225.2
41224.5
41223.8
41223.2
41222.6
41222
41221.5
41221
41220.5
41220.1
41219.7
41219.4
41219.1
41218.8
41218.6
41218.4
41218.3
41218.2
41218.2
41218.2
41218.2
41218.3
41218.4
41218.5
41218.7
41219
41219.3
41219.6
41219.9
41220.3
41220.7
41221.2
41221.6
41222.2
41222.7
41223.3
41223.9
41224.5
41225.1
41225.8
41226.5
41227.2
41227.9
41228.7
41229.4
41230.2
41231
41231.7
41232.5
41233.3
41234.1
41234.9
41235.7
41236.5
41237.3
41238.1
41238.9
41239.6
41240.4
41241.1
41241.9
41242.6
41243.3
41243.9
41244.6
41245.2
41245.8
41246.4
41247
41247.5
41248
41248.5
41248.9
41249.3
41249.7
41250
41250.3
41250.6
41250.8
41251
41251.1
41251.2
41251.3
41251.4
41251.4
41251.3
41251.3
41251.2
41251
41250.8
41250.6
41250.4
41250.1
41249.7
41249.4
41249
41248.6
41248.1
41247.6
41247.1
41246.6
41246.1
41245.5
41244.9
41244.3
41243.6
41243
41242.3
41241.6
41240.9
41240.2
41239.5
41238.8
41238
41237.3
41236.6
41235.9
41235.2
41234.4
41233.7
41233
41232.3
41231.7
41231
41230.4
41229.7
41229.1
41228.5
41228
41227.4
41226.9
41226.4
41226
41225.5
41225.1
41224.7
41224.4
41224.1
41223.8
41223.5
41223.3
41223.1
41223
41222.9
41222.8
41222.7
41222.7
41222.7
41222.8
41222.8
41222.9
41223.1
41223.3
41223.5
41223.7
41224
41224.3
41224.6
41224.9
41225.3
41225.7
41226.1
41226.5
41227
41227.5
41228
41228.5
41229
41229.5
41230.1
41230.7
41231.2
41231.8
41232.4
41233
41233.6
41234.1
41234.7
41235.3
41235.9
41236.5
41237.1
41237.6
41238.2
41238.7
41239.3
41239.8
41240.3
41240.8
41241.3
41241.7
41242.2
41242.6
41243
41243.4
41243.7
41244.1
41244.4
41244.7
41244.9
41245.2
41245.4
41245.6
41245.7
41245.9
41246
41246.1
41246.1
41246.1
41246.1
41246.1
41246.1
41246
41245.9
41245.7
41245.6
41245.4
41245.2
41245
41244.7
41244.5
41244.2
41243.9
41243.5
41243.2
41242.8
41242.4
41242.1
41241.6
41241.2
41240.8
41240.4
41239.9
41239.5
41239
41238.6
41238.1
41237.6
41237.2
41236.7
41236.3
41235.8
41235.3
41234.9
41234.5
41234
41233.6
41233.2
41232.8
41232.4
41232.1
41231.7
41231.4
41231
41230.7
41230.5
41230.2
41229.9
41229.7
41229.5
41229.3
41229.2
41229
41228.9
41228.8
41228.7
41228.7
41228.7
41228.7
41228.7
41228.7
41228.8
41228.8
41228.9
41229.1
41229.2
41229.4
41229.5
41229.7
41230
41230.2
41230.4
41230.7
41231
41231.2
41231.5
41231.8
41232.2
41232.5
41232.8
41233.2
41233.5
41233.9
41234.2
41234.6
41234.9
41235.3
41235.6
41236
41236.3
41236.7
41237
41237.4
41237.7
41238
41238.3
41238.6
41238.9
41239.2
41239.5
41239.7
41240
41240.2
41240.4
41240.6
41240.8
41240.9
41241.1
41241.2
41241.3
41241.4
41241.5
41241.6
41241.6
41241.6
41241.7
41241.6
41241.6
41241.6
41241.5
41241.4
41241.3
41241.2
41241.1
41241
41240.8
41240.6
41240.5
41240.3
41240.1
41239.8
41239.6
41239.4
41239.1
41238.9
41238.6
41238.3
41238
41237.8
41237.5
41237.2
41236.9
41236.6
41236.3
41236
41235.7
41235.4
41235.1
41234.8
41234.5
41234.3
41234
41233.7
41233.5
41233.2
41233
41232.8
41232.5
41232.3
41232.1
41231.9
41231.8
41231.6
41231.5
41231.3
41231.2
41231.1
41231
41231
41230.9
41230.9
41230.8
41230.8
41230.8
41230.9
41230.9
41230.9
41231
41231.1
41231.2
41231.3
41231.4
41231.6
41231.7
41231.9
41232
41232.2
41232.4
41232.6
41232.8
41233.1
41233.3
41233.5
41233.8
41234
41234.3
41234.5
41234.8
41235.1
41235.3
41235.6
41235.9
41236.1
41236.4
41236.7
41236.9
41237.2
41237.4
41237.6
41237.9
41238.1
41238.3
41238.5
41238.7
41238.9
41239.1
41239.3
41239.4
41239.6
41239.7
41239.8
41239.9
41240
41240.1
41240.2
41240.2
41240.2
41240.3
41240.3
41240.3
41240.2
41240.2
41240.1
41240.1
41240
41239.9
41239.8
41239.7
41239.5
41239.4
41239.2
41239
41238.9
41238.7
41238.5
41238.3
41238
41237.8
41237.6
41237.3
41237.1
41236.9
41236.6
41236.4
41236.1
41235.8
41235.6
41235.3
41235.1
41234.8
41234.6
41234.3
41234.1
41233.8
41233.6
41233.4
41233.2
41233
41232.8
41232.6
41232.4
41232.3
41232.1
41232
41231.8
41231.7
41231.6
41231.6
41231.5
41231.4
41231.4
41231.4
41231.4
41231.4
41231.4
41231.4
41231.5
41231.6
41231.7
41231.8
41231.9
41232
41232.2
41232.3
41232.5
41232.7
41232.9
41233.1
41233.4
41233.6
41233.9
41234.1
41234.4
41234.7
41235
41235.3
41235.6
41235.9
41236.2
41236.5
41236.9
41237.2
41237.5
41237.8
41238.2
41238.5
41238.8
41239.1
41239.4
41239.7
41240
41240.3
41240.6
41240.9
41241.2
41241.4
41241.7
41241.9
41242.1
41242.3
41242.5
41242.6
41242.8
41242.9
41243.1
41243.2
41243.2
41243.3
41243.3
41243.4
41243.4
41243.4
41243.3
41243.3
41243.2
41243.1
41243
41242.8
41242.7
41242.5
41242.3
41242.1
41241.8
41241.6
41241.3
41241
41240.7
41240.4
41240
41239.7
41239.3
41238.9
41238.5
41238.1
41237.7
41237.3
41236.8
41236.4
41235.9
41235.5
41235
41234.5
41234.1
41233.6
41233.1
41232.7
41232.2
41231.7
41231.3
41230.8
41230.4
41230
41229.5
41229.1
41228.7
41228.3
41228
41227.6
41227.3
41226.9
41226.6
41226.3
41226.1
41225.8
41225.6
41225.4
41225.2
41225.1
41225
41224.9
41224.8
41224.7
41224.7
41224.7
41224.7
41224.8
41224.9
41225
41225.1
41225.3
41225.4
41225.7
41225.9
41226.2
41226.4
41226.8
41227.1
41227.5
41227.8
41228.2
41228.7
41229.1
41229.6
41230
41230.5
41231.1
41231.6
41232.1
41232.7
41233.2
41233.8
41234.4
41235
41235.6
41236.2
41236.8
41237.4
41238
41238.6
41239.2
41239.7
41240.3
41240.9
41241.5
41242
41242.6
41243.1
41243.6
41244.1
41244.6
41245.1
41245.5
41246
41246.4
41246.8
41247.1
41247.5
41247.8
41248.1
41248.3
41248.6
41248.8
41249
41249.1
41249.2
41249.3
41249.4
41249.4
41249.4
41249.4
41249.3
41249.2
41249.1
41248.9
41248.8
41248.5
41248.3
41248
41247.7
41247.4
41247
41246.7
41246.2
41245.8
41245.4
41244.9
41244.4
41243.9
41243.3
41242.8
41242.2
41241.6
41241
41240.4
41239.8
41239.2
41238.5
41237.9
41237.3
41236.6
41235.9
41235.3
41234.6
41234
41233.3
41232.7
41232.1
41231.5
41230.8
41230.2
41229.7
41229.1
41228.5
41228
41227.5
41227
41226.5
41226
41225.6
41225.2
41224.8
41224.5
41224.1
41223.8
41223.6
41223.3
41223.1
41222.9
41222.8
41222.7
41222.6
41222.5
41222.5
41222.5
41222.6
41222.6
41222.7
41222.9
41223
41223.2
41223.5
41223.7
41224
41224.3
41224.7
41225
41225.4
41225.8
41226.3
41226.7
41227.2
41227.7
41228.2
41228.8
41229.3
41229.9
41230.5
41231.1
41231.7
41232.3
41232.9
41233.5
41234.1
41234.8
41235.4
41236
41236.7
41237.3
41237.9
41238.5
41239.1
41239.7
41240.3
41240.9
41241.5
41242
41242.5
41243
41243.5
41244
41244.4
41244.9
41245.3
41245.6
41246
41246.3
41246.6
41246.9
41247.1
41247.3
41247.5
41247.7
41247.8
41247.9
41248
41248
41248
41248
41247.9
41247.8
41247.7
41247.6
41247.4
41247.2
41247
41246.7
41246.4
41246.1
41245.8
41245.4
41245
41244.6
41244.2
41243.8
41243.3
41242.8
41242.3
41241.8
41241.3
41240.8
41240.2
41239.7
41239.1
41238.5
41238
41237.4
41236.8
41236.2
41235.6
41235.1
41234.5
41233.9
41233.4
41232.8
41232.3
41231.7
41231.2
41230.7
41230.2
41229.8
41229.3
41228.9
41228.4
41228
41227.7
41227.3
41227
41226.7
41226.4
41226.1
41225.9
41225.7
41225.5
41225.4
41225.2
41225.1
41225.1
41225
41225
41225
41225.1
41225.2
41225.3
41225.4
41225.5
41225.7
41225.9
41226.1
41226.4
41226.7
41227
41227.3
41227.7
41228
41228.4
41228.8
41229.2
41229.7
41230.1
41230.6
41231.1
41231.6
41232.1
41232.6
41233.1
41233.6
41234.1
41234.7
41235.2
41235.7
41236.3
41236.8
41237.3
41237.8
41238.3
41238.9
41239.4
41239.8
41240.3
41240.8
41241.2
41241.7
41242.1
41242.5
41242.9
41243.2
41243.6
41243.9
41244.2
41244.5
41244.7
41245
41245.2
41245.4
41245.5
41245.7
41245.8
41245.9
41245.9
41246
41246
41246
41245.9
41245.9
41245.8
41245.6
41245.5
41245.3
41245.1
41244.9
41244.7
41244.4
41244.2
41243.9
41243.6
41243.2
41242.9
41242.5
41242.1
41241.7
41241.3
41240.9
41240.4
41240
41239.5
41239.1
41238.6
41238.1
41237.7
41237.2
41236.7
41236.2
41235.7
41235.3
41234.8
41234.3
41233.9
41233.4
41232.9
41232.5
41232.1
41231.7
41231.3
41230.9
41230.5
41230.1
41229.8
41229.5
41229.1
41228.9
41228.6
41228.3
41228.1
41227.9
41227.7
41227.5
41227.4
41227.3
41227.2
41227.1
41227
41227
41227
41227
41227
41227.1
41227.2
41227.3
41227.4
41227.6
41227.7
41227.9
41228.1
41228.4
41228.6
41228.9
41229.2
41229.5
41229.8
41230.1
41230.4
41230.8
41231.2
41231.5
41231.9
41232.3
41232.7
41233.1
41233.6
41234
41234.4
41234.8
41235.3
41235.7
41236.1
41236.5
41237
41237.4
41237.8
41238.2
41238.6
41239
41239.3
41239.7
41240.1
41240.4
41240.7
41241.1
41241.4
41241.6
41241.9
41242.2
41242.4
41242.6
41242.8
41243
41243.2
41243.3
41243.4
41243.5
41243.6
41243.7
41243.7
41243.7
41243.7
41243.7
41243.6
41243.6
41243.5
41243.4
41243.3
41243.1
41243
41242.8
41242.6
41242.4
41242.1
41241.9
41241.6
41241.4
41241.1
41240.8
41240.5
41240.1
41239.8
41239.4
41239.1
41238.7
41238.4
41238
41237.6
41237.2
41236.9
41236.5
41236.1
41235.7
41235.3
41234.9
41234.5
41234.2
41233.8
41233.4
41233.1
41232.7
41232.4
41232.1
41231.7
41231.4
41231.1
41230.9
41230.6
41230.3
41230.1
41229.9
41229.7
41229.5
41229.3
41229.1
41229
41228.9
41228.8
41228.7
41228.6
41228.6
41228.5
41228.5
41228.5
41228.6
41228.6
41228.7
41228.8
41228.9
41229
41229.1
41229.3
41229.5
41229.6
41229.8
41230.1
41230.3
41230.5
41230.8
41231.1
41231.4
41231.7
41232
41232.3
41232.6
41232.9
41233.3
41233.6
41234
41234.3
41234.7
41235.1
41235.4
41235.8
41236.2
41236.5
41236.9
41237.3
41237.6
41238
41238.3
41238.7
41239
41239.3
41239.6
41240
41240.3
41240.5
41240.8
41241.1
41241.3
41241.6
41241.8
41242
41242.2
41242.4
41242.6
41242.7
41242.9
41243
41243.1
41243.2
41243.2
41243.3
41243.3
41243.3
41243.3
41243.3
41243.3
41243.2
41243.1
41243.1
41243
41242.8
41242.7
41242.5
41242.4
41242.2
41242
41241.8
41241.6
41241.4
41241.1
41240.9
41240.6
41240.3
41240
41239.7
41239.4
41239.1
41238.8
41238.5
41238.2
41237.8
41237.5
41237.2
41236.8
41236.5
41236.2
41235.8
41235.5
41235.2
41234.8
41234.5
41234.2
41233.9
41233.6
41233.2
41233
41232.7
41232.4
41232.1
41231.9
41231.6
41231.4
41231.1
41230.9
41230.7
41230.5
41230.4
41230.2
41230
41229.9
41229.8
41229.7
41229.6
41229.5
41229.4
41229.4
41229.3
41229.3
41229.3
41229.3
41229.3
41229.4
41229.4
41229.5
41229.6
41229.6
41229.7
41229.9
41230
41230.1
41230.3
41230.4
41230.6
41230.8
41231
41231.2
41231.4
41231.6
41231.8
41232.1
41232.3
41232.5
41232.8
41233
41233.3
41233.5
41233.8
41234.1
41234.3
41234.6
41234.8
41235.1
41235.4
41235.6
41235.9
41236.1
41236.4
41236.6
41236.9
41237.1
41237.3
41237.6
41237.8
41238
41238.2
41238.4
41238.6
41238.8
41238.9
41239.1
41239.3
41239.4
41239.5
41239.7
41239.8
41239.9
41240
41240.1
41240.1
41240.2
41240.3
41240.3
41240.3
41240.4
41240.4
41240.4
41240.4
41240.4
41240.3
41240.3
41240.3
41240.2
41240.1
41240.1
41240
41239.9
41239.8
41239.7
41239.6
41239.5
41239.4
41239.3
41239.1
41239
41238.9
41238.7
41238.6
41238.5
41238.3
41238.2
41238
41237.9
41237.7
41237.6
41237.4
41237.3
41237.1
41237
41236.8
41236.7
41236.5
41236.4
41236.2
41236.1
41236
41235.8
41235.7
41235.6
41235.5
41235.4
41235.3
41235.2
41235.1
41235
41234.9
41234.8
41234.7
41234.7
41234.6
41234.6
41234.5
41234.5
41234.4
41234.4
41234.3
41234.3
41234.3
41234.3
41234.3
41234.3
41234.3
41234.3
41234.3
41234.3
41234.3
41234.3
41234.4
41234.4
41234.4
41234.4
41234.5
41234.5
41234.6
41234.6
41234.6
41234.7
41234.7
41234.8
41234.8
41234.9
41234.9
41235
41235
41235.1
41235.1
41235.2
41235.2
41235.3
41235.3
41235.3
41235.4
41235.4
41235.5
41235.5
41235.5
41235.6
41235.6
41235.6
41235.6
41235.6
41235.7
41235.7
41235.7
41235.7
41235.7
41235.7
41235.7
41235.7
41235.7
41235.7
41235.7
41235.7
41235.7
41235.7
41235.6
41235.6
41235.6
41235.6
41235.6
41235.5
41235.5
41235.5
41235.5
41235.4
41235.4
41235.4
41235.3
41235.3
41235.3
41235.3
41235.2
41235.2
41235.2
41235.2
41235.1
41235.1
41235.1
41235.1
41235.1
41235.1
41235.1
41235.1
41235.1
41235.1
41235.1
41235.1
41235.1
41235.1
41235.1
41235.1
41235.1
41235.2
41235.2
41235.2
41235.3
41235.3
41235.3
41235.4
41235.4
41235.5
41235.5
41235.6
41235.6
41235.7
41235.8
41235.8
41235.9
41236
41236
41236.1
41236.2
41236.2
41236.3
41236.4
41236.5
41236.5
41236.6
41236.7
41236.8
41236.8
41236.9
41237
41237.1
41237.1
41237.2
41237.3
41237.3
41237.4
41237.4
41237.5
41237.5
41237.6
41237.6
41237.7
41237.7
41237.8
41237.8
41237.8
41237.8
41237.9
41237.9
41237.9
41237.9
41237.9
41237.9
41237.9
41237.8
41237.8
41237.8
41237.8
41237.7
41237.7
41237.6
41237.6
41237.5
41237.5
41237.4
41237.3
41237.3
41237.2
41237.1
41237
41236.9
41236.9
41236.8
41236.7
41236.6
41236.5
41236.4
41236.2
41236.1
41236
41235.9
41235.8
41235.7
41235.6
41235.5
41235.4
41235.3
41235.1
41235
41234.9
41234.8
41234.7
41234.6
41234.5
41234.4
41234.3
41234.2
41234.2
41234.1
41234
41233.9
41233.9
41233.8
41233.7
41233.7
41233.6
41233.6
41233.6
41233.5
41233.5
41233.5
41233.5
41233.5
41233.5
41233.5
41233.5
41233.5
41233.5
41233.6
41233.6
41233.6
41233.7
41233.7
41233.8
41233.9
41233.9
41234
41234.1
41234.2
41234.3
41234.4
41234.5
41234.6
41234.7
41234.8
41234.9
41235.1
41235.2
41235.3
41235.4
41235.6
41235.7
41235.8
41236
41236.1
41236.2
41236.4
41236.5
41236.6
41236.8
41236.9
41237
41237.1
41237.3
41237.4
41237.5
41237.6
41237.7
41237.8
41237.9
41238
41238.1
41238.2
41238.3
41238.4
41238.5
41238.5
41238.6
41238.6
41238.7
41238.7
41238.8
41238.8
41238.8
41238.8
41238.8
41238.8
41238.8
41238.8
41238.8
41238.8
41238.7
41238.7
41238.6
41238.6
41238.5
41238.5
41238.4
41238.3
41238.2
41238.1
41238
41237.9
41237.8
41237.7
41237.6
41237.5
41237.3
41237.2
41237.1
41236.9
41236.8
41236.7
41236.5
41236.4
41236.2
41236.1
41235.9
41235.8
41235.6
41235.5
41235.3
41235.2
41235
41234.9
41234.8
41234.6
41234.5
41234.3
41234.2
41234.1
41234
41233.8
41233.7
41233.6
41233.5
41233.4
41233.3
41233.2
41233.2
41233.1
41233
41232.9
41232.9
41232.8
41232.8
41232.8
41232.7
41232.7
41232.7
41232.7
41232.7
41232.7
41232.7
41232.7
41232.8
41232.8
41232.8
41232.9
41232.9
41233
41233.1
41233.1
41233.2
41233.3
41233.4
41233.5
41233.6
41233.7
41233.8
41233.9
41234
41234.2
41234.3
41234.4
41234.6
41234.7
41234.8
41235
41235.1
41235.3
41235.4
41235.5
41235.7
41235.8
41236
41236.1
41236.3
41236.4
41236.5
41236.7
41236.8
41237
41237.1
41237.2
41237.3
41237.5
41237.6
41237.7
41237.8
41237.9
41238
41238.1
41238.2
41238.3
41238.3
41238.4
41238.5
41238.5
41238.6
41238.6
41238.7
41238.7
41238.7
41238.8
41238.8
41238.8
41238.8
41238.8
41238.8
41238.8
41238.7
41238.7
41238.7
41238.6
41238.6
41238.5
41238.5
41238.4
41238.4
41238.3
41238.2
41238.1
41238
41238
41237.9
41237.8
41237.7
41237.6
41237.5
41237.3
41237.2
41237.1
41237
41236.9
41236.8
41236.7
41236.5
41236.4
41236.3
41236.2
41236.1
41236
41235.9
41235.7
41235.6
41235.5
41235.4
41235.3
41235.2
41235.1
41235
41234.9
41234.8
41234.7
41234.7
41234.6
41234.5
41234.4
41234.4
41234.3
41234.3
41234.2
41234.2
41234.1
41234.1
41234.1
41234
41234
41234
41234
41234
41234
41234
41234
41234
41234
41234
41234.1
41234.1
41234.1
41234.2
41234.2
41234.3
41234.3
41234.4
41234.4
41234.5
41234.6
41234.6
41234.7
41234.8
41234.9
41234.9
41235
41235.1
41235.2
41235.3
41235.3
41235.4
41235.5
41235.6
41235.7
41235.8
41235.8
41235.9
41236
41236.1
41236.2
41236.2
41236.3
41236.4
41236.5
41236.5
41236.6
41236.6
41236.7
41236.8
41236.8
41236.9
41236.9
41236.9
41237
41237
41237.1
41237.1
41237.1
41237.1
41237.1
41237.1
41237.1
41237.2
41237.1
41237.1
41237.1
41237.1
41237.1
41237.1
41237.1
41237
41237
41237
41236.9
41236.9
41236.8
41236.8
41236.7
41236.7
41236.6
41236.5
41236.5
41236.4
41236.4
41236.3
41236.2
41236.1
41236.1
41236
41235.9
41235.9
41235.8
41235.7
41235.6
41235.6
41235.5
41235.4
41235.4
41235.3
41235.2
41235.2
41235.1
41235
41235
41234.9
41234.9
41234.8
41234.8
41234.7
41234.7
41234.6
41234.6
41234.6
41234.5
41234.5
41234.5
41234.5
41234.4
41234.4
41234.4
41234.4
41234.4
41234.4
41234.4
41234.4
41234.5
41234.5
41234.5
41234.5
41234.6
41234.6
41234.6
41234.7
41234.7
41234.8
41234.8
41234.9
41235
41235
41235.1
41235.2
41235.2
41235.3
41235.4
41235.5
41235.5
41235.6
41235.7
41235.8
41235.9
41236
41236
41236.1
41236.2
41236.3
41236.4
41236.5
41236.5
41236.6
41236.7
41236.8
41236.9
41237
41237
41237.1
41237.2
41237.2
41237.3
41237.4
41237.4
41237.5
41237.5
41237.6
41237.6
41237.7
41237.7
41237.8
41237.8
41237.8
41237.9
41237.9
41237.9
41237.9
41237.9
41237.9
41237.9
41237.9
41237.9
41237.9
41237.9
41237.9
41237.8
41237.8
41237.8
41237.7
41237.7
41237.6
41237.6
41237.5
41237.5
41237.4
41237.4
41237.3
41237.2
41237.1
41237.1
41237
41236.9
41236.8
41236.7
41236.7
41236.6
41236.5
41236.4
41236.3
41236.2
41236.1
41236
41235.9
41235.8
41235.7
41235.6
41235.5
41235.5
41235.4
41235.3
41235.2
41235.1
41235
41234.9
41234.9
41234.8
41234.7
41234.6
41234.6
41234.5
41234.4
41234.4
41234.3
41234.3
41234.2
41234.2
41234.1
41234.1
41234
41234
41234
41233.9
41233.9
41233.9
41233.9
41233.9
41233.9
41233.9
41233.9
41233.9
41233.9
41233.9
41234
41234
41234
41234.1
41234.1
41234.1
41234.2
41234.2
41234.3
41234.3
41234.4
41234.4
41234.5
41234.6
41234.6
41234.7
41234.8
41234.9
41234.9
41235
41235.1
41235.2
41235.2
41235.3
41235.4
41235.5
41235.6
41235.7
41235.7
41235.8
41235.9
41236
41236.1
41236.1
41236.2
41236.3
41236.4
41236.5
41236.5
41236.6
41236.7
41236.7
41236.8
41236.9
41236.9
41237
41237
41237.1
41237.1
41237.2
41237.2
41237.3
41237.3
41237.3
41237.4
41237.4
41237.4
41237.4
41237.4
41237.4
41237.4
41237.5
41237.5
41237.5
41237.4
41237.4
41237.4
41237.4
41237.4
41237.4
41237.3
41237.3
41237.3
41237.2
41237.2
41237.2
41237.1
41237.1
41237
41237
41236.9
41236.9
41236.8
41236.8
41236.7
41236.6
41236.6
41236.5
41236.4
41236.4
41236.3
41236.3
41236.2
41236.1
41236.1
41236
41235.9
41235.9
41235.8
41235.7
41235.7
41235.6
41235.6
41235.5
41235.5
41235.4
41235.3
41235.3
41235.2
41235.2
41235.2
41235.1
41235.1
41235
41235
41235
41234.9
41234.9
41234.9
41234.9
41234.8
41234.8
41234.8
41234.8
41234.8
41234.8
41234.8
41234.8
41234.8
41234.8
41234.8
41234.8
41234.8
41234.8
41234.9
41234.9
41234.9
41234.9
41235
41235
41235
41235.1
41235.1
41235.1
41235.2
41235.2
41235.3
41235.3
41235.4
41235.4
41235.5
41235.5
41235.6
41235.6
41235.7
41235.7
41235.8
41235.8
41235.9
41235.9
41236
41236
41236.1
41236.1
41236.2
41236.2
41236.3
41236.3
41236.4
41236.4
41236.5
41236.5
41236.5
41236.6
41236.6
41236.7
41236.7
41236.7
41236.8
41236.8
41236.8
41236.8
41236.9
41236.9
41236.9
41236.9
41236.9
41236.9
41236.9
41237
41237
41237
41237
41237
41236.9
41236.9
41236.9
41236.9
41236.9
41236.9
41236.9
41236.8
41236.8
41236.8
41236.8
41236.7
41236.7
41236.7
41236.6
41236.6
41236.6
41236.5
41236.5
41236.4
41236.4
41236.4
41236.3
41236.3
41236.2
41236.2
41236.1
41236.1
41236
41236
41236
41235.9
41235.9
41235.8
41235.8
41235.7
41235.7
41235.6
41235.6
41235.5
41235.5
41235.5
41235.4
41235.4
41235.3
41235.3
41235.3
41235.2
41235.2
41235.2
41235.1
41235.1
41235.1
41235.1
41235
41235
41235
41235
41235
41235
41234.9
41234.9
41234.9
41234.9
41234.9
41234.9
41234.9
41234.9
41234.9
41234.9
41234.9
41234.9
41234.9
41235
41235
41235
41235
41235
41235
41235.1
41235.1
41235.1
41235.1
41235.2
41235.2
41235.2
41235.2
41235.3
41235.3
41235.3
41235.4
41235.4
41235.4
41235.5
41235.5
41235.5
41235.6
41235.6
41235.7
41235.7
41235.7
41235.8
41235.8
41235.8
41235.9
41235.9
41235.9
41236
41236
41236
41236.1
41236.1
41236.1
41236.2
41236.2
41236.2
41236.2
41236.3
41236.3
41236.3
41236.3
41236.4
41236.4
41236.4
41236.4
41236.4
41236.5
41236.5
41236.5
41236.5
41236.5
41236.5
41236.5
41236.5
41236.5
41236.5
41236.5
41236.6
41236.6
41236.6
41236.6
41236.6
41236.6
41236.5
41236.5
41236.5
41236.5
41236.5
41236.5
41236.5
41236.5
41236.5
41236.5
41236.5
41236.5
41236.4
41236.4
41236.4
41236.4
41236.4
41236.4
41236.4
41236.3
41236.3
41236.3
41236.3
41236.3
41236.3
41236.3
41236.2
41236.2
41236.2
41236.2
41236.2
41236.2
41236.2
41236.1
41236.1
41236.1
41236.1
41236.1
41236.1
41236.1
41236
41236
41236
41236
41236
41236
41236
41236
41236
41235.9
41235.9
41235.9
41235.9
41235.9
41235.9
41235.9
41235.9
41235.9
41235.9
41235.9
41235.9
41235.9
41235.9
41235.9
41235.9
41235.9
41235.9
41235.8
41235.8
41235.8
41235.8
41235.8
41235.8
41235.8
41235.8
41235.8
41235.8
41235.8
41235.8
41235.8
41235.8
41235.8
41235.8
41235.8
41235.8
41235.8
41235.8
41235.8
41235.8
41235.8
41235.8
41235.8
41235.8
41235.8
41235.8
41235.8
41235.8
41235.7
41235.7
41235.7
41235.7
41235.7
41235.7
41235.7
41235.7
41235.7
41235.7
41235.7
41235.7
41235.7
41235.7
41235.7
41235.6
41235.6
41235.6
41235.6
41235.6
41235.6
41235.6
41235.6
41235.6
41235.6
41235.6
41235.6
41235.6
41235.6
41235.5
41235.5
41235.5
41235.5
41235.5
41235.5
41235.5
41235.5
41235.5
41235.5
41235.5
41235.5
41235.5
41235.5
41235.5
41235.5
41235.5
41235.5
41235.5
41235.5
41235.5
41235.5
41235.5
41235.5
41235.5
41235.5
41235.5
41235.6
41235.6
41235.6
41235.6
41235.6
41235.6
41235.6
41235.6
41235.6
41235.7
41235.7
41235.7
41235.7
41235.7
41235.7
41235.7
41235.8
41235.8
41235.8
41235.8
41235.8
41235.8
41235.9
41235.9
41235.9
41235.9
41235.9
41235.9
41236
41236
41236
41236
41236
41236
41236.1
41236.1
41236.1
41236.1
41236.1
41236.1
41236.2
41236.2
41236.2
41236.2
41236.2
41236.2
41236.2
41236.3
41236.3
41236.3
41236.3
41236.3
41236.3
41236.3
41236.3
41236.3
41236.3
41236.3
41236.3
41236.4
41236.4
41236.4
41236.4
41236.4
41236.4
41236.4
41236.4
41236.4
41236.4
41236.4
41236.4
41236.3
41236.3
41236.3
41236.3
41236.3
41236.3
41236.3
41236.3
41236.3
41236.3
41236.3
41236.3
41236.3
41236.2
41236.2
41236.2
41236.2
41236.2
41236.2
41236.2
41236.2
41236.1
41236.1
41236.1
41236.1
41236.1
41236.1
41236.1
41236.1
41236
41236
41236
41236
41236
41236
41236
41236
41236
41235.9
41235.9
41235.9
41235.9
41235.9
41235.9
41235.9
41235.9
41235.9
41235.9
41235.9
41235.9
41235.8
41235.8
41235.8
41235.8
41235.8
41235.8
41235.8
41235.8
41235.8
41235.8
41235.8
41235.8
41235.8
41235.8
41235.8
41235.8
41235.8
41235.8
41235.8
41235.8
41235.8
41235.8
41235.8
41235.8
41235.8
41235.8
41235.8
41235.8
41235.8
41235.8
41235.8
41235.8
41235.8
41235.8
41235.8
41235.8
41235.8
41235.8
41235.8
41235.8
41235.8
41235.8
41235.8
41235.8
41235.8
41235.8
41235.8
41235.8
41235.8
41235.8
41235.8
41235.8
41235.8
41235.8
41235.8
41235.8
41235.8
41235.8
41235.8
41235.8
41235.8
41235.7
41235.7
41235.7
41235.7
41235.7
41235.7
41235.7
41235.7
41235.7
41235.7
41235.7
41235.7
41235.7
41235.6
41235.6
41235.6
41235.6
41235.6
41235.6
41235.6
41235.6
41235.6
41235.6
41235.6
41235.6
41235.6
41235.5
41235.5
41235.5
41235.5
41235.5
41235.5
41235.5
41235.5
41235.5
41235.5
41235.5
41235.5
41235.5
41235.5
41235.5
41235.5
41235.5
41235.5
41235.5
41235.6
41235.6
41235.6
41235.6
41235.6
41235.6
41235.6
41235.6
41235.6
41235.6
41235.7
41235.7
41235.7
41235.7
41235.7
41235.7
41235.8
41235.8
41235.8
41235.8
41235.8
41235.9
41235.9
41235.9
41235.9
41235.9
41236
41236
41236
41236
41236.1
41236.1
41236.1
41236.1
41236.2
41236.2
41236.2
41236.2
41236.2
41236.3
41236.3
41236.3
41236.3
41236.3
41236.4
41236.4
41236.4
41236.4
41236.4
41236.5
41236.5
41236.5
41236.5
41236.5
41236.5
41236.5
41236.5
41236.6
41236.6
41236.6
41236.6
41236.6
41236.6
41236.6
41236.6
41236.6
41236.6
41236.6
41236.6
41236.6
41236.6
41236.6
41236.5
41236.5
41236.5
41236.5
41236.5
41236.5
41236.5
41236.5
41236.4
41236.4
41236.4
41236.4
41236.4
41236.3
41236.3
41236.3
41236.3
41236.2
41236.2
41236.2
41236.2
41236.1
41236.1
41236.1
41236
41236
41236
41236
41235.9
41235.9
41235.9
41235.8
41235.8
41235.8
41235.7
41235.7
41235.7
41235.7
41235.6
41235.6
41235.6
41235.6
41235.5
41235.5
41235.5
41235.5
41235.4
41235.4
41235.4
41235.4
41235.4
41235.4
41235.3
41235.3
41235.3
41235.3
41235.3
41235.3
41235.3
41235.3
41235.3
41235.3
41235.3
41235.3
41235.3
41235.3
41235.3
41235.3
41235.3
41235.3
41235.3
41235.3
41235.3
41235.3
41235.3
41235.3
41235.4
41235.4
41235.4
41235.4
41235.4
41235.4
41235.5
41235.5
41235.5
41235.5
41235.6
41235.6
41235.6
41235.6
41235.7
41235.7
41235.7
41235.7
41235.8
41235.8
41235.8
41235.8
41235.9
41235.9
41235.9
41235.9
41236
41236
41236
41236.1
41236.1
41236.1
41236.1
41236.1
41236.2
41236.2
41236.2
41236.2
41236.2
41236.3
41236.3
41236.3
41236.3
41236.3
41236.3
41236.3
41236.4
41236.4
41236.4
41236.4
41236.4
41236.4
41236.4
41236.4
41236.4
41236.4
41236.4
41236.4
41236.4
41236.4
41236.4
41236.4
41236.4
41236.3
41236.3
41236.3
41236.3
41236.3
41236.3
41236.3
41236.2
41236.2
41236.2
41236.2
41236.2
41236.1
41236.1
41236.1
41236.1
41236.1
41236
41236
41236
41236
41235.9
41235.9
41235.9
41235.9
41235.8
41235.8
41235.8
41235.8
41235.8
41235.7
41235.7
41235.7
41235.7
41235.6
41235.6
41235.6
41235.6
41235.6
41235.6
41235.5
41235.5
41235.5
41235.5
41235.5
41235.5
41235.5
41235.5
41235.5
41235.4
41235.4
41235.4
41235.4
41235.4
41235.4
41235.4
41235.4
41235.4
41235.4
41235.5
41235.5
41235.5
41235.5
41235.5
41235.5
41235.5
41235.5
41235.5
41235.5
41235.6
41235.6
41235.6
41235.6
41235.6
41235.7
41235.7
41235.7
41235.7
41235.7
41235.8
41235.8
41235.8
41235.8
41235.9
41235.9
41235.9
41235.9
41236
41236
41236
41236
41236
41236.1
41236.1
41236.1
41236.1
41236.2
41236.2
41236.2
41236.2
41236.2
41236.3
41236.3
41236.3
41236.3
41236.3
41236.4
41236.4
41236.4
41236.4
41236.4
41236.4
41236.4
41236.4
41236.4
41236.5
41236.5
41236.5
41236.5
41236.5
41236.5
41236.5
41236.5
41236.5
41236.5
41236.5
41236.5
41236.4
41236.4
41236.4
41236.4
41236.4
41236.4
41236.4
41236.4
41236.4
41236.3
41236.3
41236.3
41236.3
41236.3
41236.3
41236.2
41236.2
41236.2
41236.2
41236.2
41236.1
41236.1
41236.1
41236.1
41236.1
41236
41236
41236
41236
41235.9
41235.9
41235.9
41235.9
41235.8
41235.8
41235.8
41235.8
41235.8
41235.7
41235.7
41235.7
41235.7
41235.7
41235.6
41235.6
41235.6
41235.6
41235.6
41235.6
41235.5
41235.5
41235.5
41235.5
41235.5
41235.5
41235.5
41235.5
41235.5
41235.4
41235.4
41235.4
41235.4
41235.4
41235.4
41235.4
41235.4
41235.4
41235.4
41235.4
41235.4
41235.4
41235.4
41235.4
41235.4
41235.4
41235.4
41235.4
41235.5
41235.5
41235.5
41235.5
41235.5
41235.5
41235.5
41235.5
41235.5
41235.5
41235.6
41235.6
41235.6
41235.6
41235.6
41235.6
41235.6
41235.6
41235.7
41235.7
41235.7
41235.7
41235.7
41235.7
41235.7
41235.7
41235.8
41235.8
41235.8
41235.8
41235.8
41235.8
41235.8
41235.9
41235.9
41235.9
41235.9
41235.9
41235.9
41235.9
41235.9
41235.9
41235.9
41236
41236
41236
41236
41236
41236
41236
41236
41236
41236
41236
41236
41236
41236
41236.1
41236.1
41236.1
41236.1
41236.1
41236.1
41236.1
41236.1
41236.1
41236.1
41236.1
41236.1
41236.1
41236.1
41236.1
41236.1
41236.1
41236.1
41236.1
41236.1
41236.1
41236.1
41236.1
41236.1
41236.1
41236.1
41236.1
41236.1
41236.1
41236.1
41236.1
41236.1
41236.1
41236.1
41236.1
41236.1
41236.1
41236.1
41236.1
41236.1
41236.1
41236.1
41236.1
41236.1
41236.1
41236.1
41236.1
41236.2
41236.2
41236.2
41236.2
41236.2
41236.2
41236.2
41236.2
41236.2
41236.2
41236.2
41236.2
41236.2
41236.2
41236.2
41236.2
41236.2
41236.2
41236.2
41236.2
41236.2
41236.2
41236.2
41236.2
41236.2
41236.2
41236.2
41236.2
41236.2
41236.1
41236.1
41236.1
41236.1
41236.1
41236.1
41236.1
41236.1
41236.1
41236.1
41236.1
41236.1
41236.1
41236.1
41236.1
41236.1
41236
41236
41236
41236
41236
41236
41236
41236
41236
41235.9
41235.9
41235.9
41235.9
41235.9
41235.9
41235.9
41235.8
41235.8
41235.8
41235.8
41235.8
41235.8
41235.8
41235.7
41235.7
41235.7
41235.7
41235.7
41235.7
41235.7
41235.6
41235.6
41235.6
41235.6
41235.6
41235.6
41235.6
41235.6
41235.6
41235.5
41235.5
41235.5
41235.5
41235.5
41235.5
41235.5
41235.5
41235.5
41235.5
41235.5
41235.5
41235.5
41235.4
41235.4
41235.4
41235.4
41235.4
41235.4
41235.4
41235.4
41235.4
41235.4
41235.5
41235.5
41235.5
41235.5
41235.5
41235.5
41235.5
41235.5
41235.5
41235.5
41235.5
41235.5
41235.5
41235.6
41235.6
41235.6
41235.6
41235.6
41235.6
41235.6
41235.6
41235.7
41235.7
41235.7
41235.7
41235.7
41235.7
41235.8
41235.8
41235.8
41235.8
41235.8
41235.8
41235.9
41235.9
41235.9
41235.9
41235.9
41236
41236
41236
41236
41236
41236
41236.1
41236.1
41236.1
41236.1
41236.1
41236.1
41236.1
41236.2
41236.2
41236.2
41236.2
41236.2
41236.2
41236.2
41236.2
41236.2
41236.3
41236.3
41236.3
41236.3
41236.3
41236.3
41236.3
41236.3
41236.3
41236.3
41236.3
41236.3
41236.3
41236.3
41236.3
41236.3
41236.3
41236.3
41236.3
41236.3
41236.3
41236.3
41236.3
41236.3
41236.3
41236.3
41236.3
41236.3
41236.2
41236.2
41236.2
41236.2
41236.2
41236.2
41236.2
41236.2
41236.2
41236.2
41236.2
41236.1
41236.1
41236.1
41236.1
41236.1
41236.1
41236.1
41236.1
41236.1
41236
41236
41236
41236
41236
41236
41236
41236
41236
41235.9
41235.9
41235.9
41235.9
41235.9
41235.9
41235.9
41235.9
41235.9
41235.9
41235.8
41235.8
41235.8
41235.8
41235.8
41235.8
41235.8
41235.8
41235.8
41235.8
41235.8
41235.8
41235.8
41235.8
41235.8
41235.8
41235.8
41235.7
41235.7
41235.7
41235.7
41235.7
41235.7
41235.7
41235.7
41235.7
41235.7
41235.7
41235.7
41235.7
41235.7
41235.7
41235.7
41235.7
41235.7
41235.7
41235.7
41235.7
41235.7
41235.7
41235.7
41235.7
41235.8
41235.8
41235.8
41235.8
41235.8
41235.8
41235.8
41235.8
41235.8
41235.8
41235.8
41235.8
41235.8
41235.8
41235.8
41235.8
41235.8
41235.8
41235.8
41235.8
41235.8
41235.8
41235.8
41235.8
41235.8
41235.8
41235.8
41235.8
41235.8
41235.8
41235.8
41235.8
41235.8
41235.8
41235.8
41235.8
41235.8
41235.8
41235.8
41235.8
41235.8
41235.8
41235.8
41235.9
41235.9
41235.9
41235.9
41235.9
41235.9
41235.9
41235.9
41235.9
41235.9
41235.9
41235.9
41235.9
41235.9
41235.9
41235.9
41235.9
41235.9
41235.9
41235.9
41235.9
41235.9
41235.9
41235.9
41235.9
41235.9
41235.9
41235.9
41235.9
41235.9
41235.9
41235.9
41235.9
41235.9
41235.9
41235.9
41235.9
41235.9
41235.9
41235.9
41235.9
41235.9
41235.9
41235.9
41235.9
41236
41236
41236
41236
41236
41236
41236
41236
41236
41236
41236
41236
41236
41236
41236
41236
41236
41236
41236
41236
41236
41236
41236
41236
41236
41236
41236
41236
41236
41236
41236
41236
41236
41236
41236
41236
41236
41236
41236
41236
41236
41236
41236
41236
41235.9
41235.9
41235.9
41235.9
41235.9
41235.9
41235.9
41235.9
41235.9
41235.9
41235.9
41235.9
41235.9
41235.9
41235.9
41235.9
41235.9
41235.9
41235.9
41235.9
41235.9
41235.9
41235.9
41235.9
41235.9
41235.9
41235.9
41235.9
41235.9
41235.9
41235.9
41235.9
41235.9
41235.9
41235.9
41235.9
41235.9
41235.9
41235.9
41235.9
41235.9
41235.9
41235.9
41235.9
41235.9
41235.9
41235.9
41235.9
41235.9
41235.9
41235.9
41235.9
41235.9
41235.9
41235.9
41235.9
41235.9
41235.9
41235.9
41235.9
41235.9
41235.9
41235.9
41235.9
41235.9
41236
41236
41236
41236
41236
41236
41236
41236
41236
41236
41236
41236
41236
41236
41236
41236
41236
41236
41236
41236
41236.1
41236.1
41236.1
41236.1
41236.1
41236.1
41236.1
41236.1
41236.1
41236.1
41236.1
41236.1
41236.1
41236.1
41236.1
41236.1
41236.1
41236.1
41236.1
41236.1
41236.1
41236.1
41236.1
41236.1
41236
41236
41236
41236
41236
41236
41236
41236
41236
41236
41236
41236
41236
41236
41235.9
41235.9
41235.9
41235.9
41235.9
41235.9
41235.9
41235.9
41235.9
41235.8
41235.8
41235.8
41235.8
41235.8
41235.8
41235.8
41235.8
41235.8
41235.7
41235.7
41235.7
41235.7
41235.7
41235.7
41235.7
41235.7
41235.7
41235.6
41235.6
41235.6
41235.6
41235.6
41235.6
41235.6
41235.6
41235.6
41235.6
41235.6
41235.6
41235.6
41235.6
41235.6
41235.5
41235.5
41235.5
41235.5
41235.5
41235.5
41235.5
41235.5
41235.5
41235.5
41235.6
41235.6
41235.6
41235.6
41235.6
41235.6
41235.6
41235.6
41235.6
41235.6
41235.6
41235.6
41235.6
41235.6
41235.7
41235.7
41235.7
41235.7
41235.7
41235.7
41235.7
41235.7
41235.8
41235.8
41235.8
41235.8
41235.8
41235.8
41235.9
41235.9
41235.9
41235.9
41235.9
41235.9
41236
41236
41236
41236
41236
41236
41236.1
41236.1
41236.1
41236.1
41236.1
41236.1
41236.1
41236.2
41236.2
41236.2
41236.2
41236.2
41236.2
41236.2
41236.2
41236.3
41236.3
41236.3
41236.3
41236.3
41236.3
41236.3
41236.3
41236.3
41236.3
41236.3
41236.3
41236.3
41236.3
41236.3
41236.3
41236.3
41236.3
41236.3
41236.3
41236.3
41236.3
41236.3
41236.3
41236.3
41236.3
41236.3
41236.3
41236.3
41236.3
41236.3
41236.3
41236.3
41236.3
41236.2
41236.2
41236.2
41236.2
41236.2
41236.2
41236.2
41236.2
41236.1
41236.1
41236.1
41236.1
41236.1
41236.1
41236
41236
41236
41236
41236
41236
41236
41235.9
41235.9
41235.9
41235.9
41235.9
41235.9
41235.8
41235.8
41235.8
41235.8
41235.8
41235.8
41235.8
41235.7
41235.7
41235.7
41235.7
41235.7
41235.7
41235.7
41235.7
41235.6
41235.6
41235.6
41235.6
41235.6
41235.6
41235.6
41235.6
41235.6
41235.6
41235.6
41235.6
41235.6
41235.6
41235.6
41235.6
41235.6
41235.6
41235.6
41235.6
41235.6
41235.6
41235.6
41235.6
41235.6
41235.6
41235.6
41235.6
41235.6
41235.6
41235.6
41235.6
41235.6
41235.6
41235.6
41235.6
41235.6
41235.6
41235.7
41235.7
41235.7
41235.7
41235.7
41235.7
41235.7
41235.7
41235.7
41235.7
41235.7
41235.8
41235.8
41235.8
41235.8
41235.8
41235.8
41235.8
41235.8
41235.8
41235.9
41235.9
41235.9
41235.9
41235.9
41235.9
41235.9
41235.9
41235.9
41235.9
41235.9
41236
41236
41236
41236
41236
41236
41236
41236
41236
41236
41236
41236
41236
41236
41236
41236
41236
41236
41236
41236
41236
41236.1
41236.1
41236.1
41236.1
41236.1
41236.1
41236.1
41236.1
41236.1
41236.1
41236.1
41236.1
41236
41236
41236
41236
41236
41236
41236
41236
41236
41236
41236
41236
41236
41236
41236
41236
41236
41236
41236
41236
41236
41236
41236
41236
41236
41236
41236
41236
41236
41236
41236
41236
41236
41235.9
41235.9
41235.9
41235.9
41235.9
41235.9
41235.9
41235.9
41235.9
41235.9
41235.9
41235.9
41235.9
41235.9
41235.9
41235.9
41235.9
41235.9
41235.9
41235.9
41235.9
41235.9
41235.9
41235.9
41235.9
41235.9
41235.9
41235.9
41235.9
41235.9
41235.9
41235.9
41235.9
41235.9
41235.9
41235.9
41235.9
41235.9
41235.9
41235.9
41235.9
41235.9
41235.9
41235.9
41235.9
41235.9
41235.9
41235.9
41235.9
41235.9
41235.9
41235.9
41235.9
41235.9
41235.9
41235.9
41235.9
41236
41236
41236
41236
41236
41236
41236
41235.9
41235.9
41235.9
41235.9
41235.9
41235.9
41235.9
41235.9
41235.9
41235.9
41235.9
41235.9
41235.9
41235.9
41235.9
41235.9
41235.9
41235.9
41235.9
41235.9
41235.9
41235.9
41235.9
41235.9
41235.9
41235.9
41235.9
41235.9
41235.9
41235.9
41235.9
41235.9
41235.9
41235.9
41235.9
41235.9
41235.9
41235.9
41235.9
41235.9
41235.9
41235.8
41235.8
41235.8
41235.8
41235.8
41235.8
41235.8
41235.8
41235.8
41235.8
41235.8
41235.8
41235.8
41235.8
41235.8
41235.8
41235.8
41235.8
41235.8
41235.8
41235.8
41235.8
41235.8
41235.8
41235.8
41235.8
41235.8
41235.8
41235.8
41235.8
41235.8
41235.8
41235.8
41235.8
41235.8
41235.8
41235.8
41235.8
41235.8
41235.8
41235.8
41235.8
41235.8
41235.8
41235.8
41235.8
41235.8
41235.8
41235.8
41235.8
41235.8
41235.8
41235.8
41235.8
41235.8
41235.8
41235.8
41235.8
41235.8
41235.8
41235.8
41235.8
41235.8
41235.9
41235.9
41235.9
41235.9
41235.9
41235.9
41235.9
41235.9
41235.9
41235.9
41235.9
41235.9
41235.9
41235.9
41235.9
41235.9
41235.9
41235.9
41235.9
41235.9
41235.9
41235.9
41235.9
41235.9
41235.9
41235.9
41235.9
41235.9
41235.9
41235.9
41235.9
41235.9
41236
41236
41236
41236
41236
41236
41236
41236
41236
41236
41236
41236
41236
41236
41236
41236
41236
41236
41236
41236
41236
41236
41236
41236
41236
41236
41236
41236
41236
41236
41236
41236
41236
41236
41236
41236
41236
41236
41236
41236
41236
41236
41236
41236
41236
41236
41236
41236
41236
41236
41236
41236
41236
41236
41236
41236
41236
41236
41236
41236
41236
41236
41236
41236
41236
41236
41236
41236
41236
41236
41236
41236
41236
41236
41236
41236
41236
41236
41236
41236
41236
41236
41236
41236
41236
41236
41236
41235.9
41235.9
41235.9
41235.9
41235.9
41235.9
41235.9
41235.9
41235.9
41235.9
41235.9
41235.9
41235.9
41235.9
41235.9
41235.9
41235.9
41235.9
41235.9
41235.9
41235.9
41235.9
41235.9
41235.9
41235.9
41235.9
41235.9
41235.9
41235.9
41235.9
41235.9
41235.9
41235.9
41235.9
41235.9
41235.9
41235.9
41235.9
41235.9
41235.9
41235.9
41235.9
41235.8
41235.8
41235.8
41235.8
41235.8
41235.8
41235.8
41235.8
41235.8
41235.8
41235.8
41235.8
41235.8
41235.8
41235.8
41235.8
41235.8
41235.8
41235.8
41235.8
41235.8
41235.8
41235.8
41235.8
41235.8
41235.8
41235.8
41235.8
41235.8
41235.8
41235.8
41235.8
41235.8
41235.8
41235.8
41235.8
41235.8
41235.8
41235.8
41235.8
41235.8
41235.8
41235.8
41235.8
41235.8
41235.8
41235.8
41235.8
41235.8
41235.8
41235.8
41235.8
41235.8
41235.8
41235.8
41235.8
41235.8
41235.8
41235.8
41235.8
41235.8
41235.8
41235.8
41235.8
41235.8
41235.8
41235.8
41235.8
41235.8
41235.8
41235.8
41235.8
41235.8
41235.9
41235.9
41235.9
41235.9
41235.9
41235.9
41235.9
41235.9
41235.9
41235.9
41235.9
41235.9
41235.9
41235.9
41235.9
41235.9
41235.9
41235.9
41235.9
41235.9
41235.9
41235.9
41235.9
41236
41236
41236
41236
41236
41236
41236
41236
41236
41236
41236
41236
41236
41236
41236
41236
41236
41236
41236
41236
41236
41236
41236
41236
41236
41236
41236.1
41236.1
41236.1
41236.1
41236.1
41236.1
41236.1
41236.1
41236.1
41236.1
41236.1
41236.1
41236.1
41236.1
41236.1
41236.1
41236.1
41236.1
41236.1
41236.1
41236.1
41236.1
41236.1
41236.1
41236.1
41236.1
41236.1
41236.1
41236.1
41236
41236
41236
41236
41236
41236
41236
41236
41236
41236
41236
41236
41236
41236
41236
41236
41236
41236
41236
41236
41236
41236
41236
41236
41236
41235.9
41235.9
41235.9
41235.9
41235.9
41235.9
41235.9
41235.9
41235.9
41235.9
41235.9
41235.9
41235.9
41235.9
41235.9
41235.9
41235.9
41235.9
41235.8
41235.8
41235.8
41235.8
41235.8
41235.8
41235.8
41235.8
41235.8
41235.8
41235.8
41235.8
41235.8
41235.8
41235.8
41235.8
41235.8
41235.8
41235.8
41235.8
41235.8
41235.8
41235.8
41235.8
41235.8
41235.8
41235.8
41235.7
41235.7
41235.7
41235.7
41235.7
41235.7
41235.7
41235.7
41235.7
41235.7
41235.7
41235.7
41235.7
41235.7
41235.7
41235.7
41235.7
41235.7
41235.7
41235.7
41235.8
41235.8
41235.8
41235.8
41235.8
41235.8
41235.8
41235.8
41235.8
41235.8
41235.8
41235.8
41235.8
41235.8
41235.8
41235.8
41235.8
41235.8
41235.8
41235.8
41235.8
41235.8
41235.8
41235.8
41235.8
41235.8
41235.8
41235.9
41235.9
41235.9
41235.9
41235.9
41235.9
41235.9
41235.9
41235.9
41235.9
41235.9
41235.9
41235.9
41235.9
41235.9
41235.9
41235.9
41235.9
41235.9
41235.9
41235.9
41236
41236
41236
41236
41236
41236
41236
41236
41236
41236
41236
41236
41236
41236
41236
41236
41236
41236
41236
41236
41236
41236
41236
41236
41236
41236
41236
41236
41236
41236
41236
41236
41236
41236
41236
41236
41236
41236
41236
41236
41236
41236
41236
41236
41236
41236
41236
41236
41236
41236
41236
41236
41236
41236
41236
41236
41236
41236
41236
41236
41236
41236
41236
41236
41236
41236
41236
41236
41236
41236
41236
41235.9
41235.9
41235.9
41235.9
41235.9
41235.9
41235.9
41235.9
41235.9
41235.9
41235.9
41235.9
41235.9
41235.9
41235.9
41235.9
41235.9
41235.9
41235.9
41235.9
41235.9
41235.9
41235.9
41235.9
41235.9
41235.9
41235.9
41235.9
41235.9
41235.9
41235.9
41235.9
41235.9
41235.9
41235.9
41235.9
41235.9
41235.9
41235.9
41235.9
41235.9
41235.9
41235.9
41235.9
41235.9
41235.9
41235.9
41235.9
41235.9
41235.9
41235.9
41235.9
41235.9
41235.9
41235.9
41235.9
41235.9
41235.9
41235.9
41235.9
41235.9
41235.9
41235.9
41235.9
41235.9
41235.9
41235.9
41235.9
41235.9
41235.9
41235.9
41235.9
41235.9
41235.9
41235.9
41235.9
41235.9
41235.9
41235.9
41235.9
41235.9
41235.9
41235.9
41235.9
41235.9
41235.9
41235.9
41235.9
41235.9
41235.9
41235.9
41235.9
41235.9
41235.9
41235.9
41235.9
41235.9
41235.9
41235.9
41235.9
41235.9
41235.9
41235.9
41235.9
41235.9
41235.9
41235.9
41235.9
41235.9
41235.9
41235.9
41235.9
41235.9
41235.9
41235.9
41235.8
41235.8
41235.8
41235.8
41235.8
41235.8
41235.8
41235.8
41235.8
41235.8
41235.8
41235.8
41235.8
41235.8
41235.8
41235.8
41235.8
41235.8
41235.8
41235.8
41235.8
41235.8
41235.9
41235.9
41235.9
41235.9
41235.9
41235.9
41235.9
41235.9
41235.9
41235.9
41235.9
41235.9
41235.9
41235.9
41235.9
41235.9
41235.9
41235.9
41235.9
41235.9
41235.9
41235.9
41235.9
41235.9
41235.9
41235.9
41235.9
41235.9
41235.9
41235.9
41235.9
41235.9
41235.9
41235.9
41235.9
41235.9
41235.9
41235.9
41235.9
41235.9
41235.9
41235.9
41235.9
41236
41236
41236
41236
41236
41236
41236
41236
41236
41236
41236
41236
41236
41236
41236
41236
41236
41236
41236
41236
41236
41236
41236
41236
41236
41236
41236
41236
41236
41236
41236
41236
41236
41236
41236
41236
41236
41236
41236
41236
41236
41236
41236
41236
41236
41236
41236
41236
41236
41236
41236
41236
41236
41236
41236
41236
41236
41236
41236
41236
41236
41236
41236
41236
41235.9
41235.9
41235.9
41235.9
41235.9
41235.9
41235.9
41235.9
41235.9
41235.9
41235.9
41235.9
41235.9
41235.9
41235.9
41235.9
41235.9
41235.9
41235.9
41235.9
41235.9
41235.9
41235.9
41235.9
41235.9
41235.9
41235.9
41235.9
41235.9
41235.9
41235.9
41235.9
41235.8
41235.8
41235.8
41235.8
41235.8
41235.8
41235.8
41235.8
41235.8
41235.8
41235.8
41235.8
41235.8
41235.8
41235.8
41235.8
41235.8
41235.8
41235.8
41235.8
41235.8
41235.8
41235.8
41235.8
41235.8
41235.8
41235.8
41235.8
41235.8
41235.8
41235.8
41235.8
41235.8
41235.8
41235.8
41235.8
41235.8
41235.8
41235.8
41235.8
41235.8
41235.8
41235.8
41235.8
41235.9
41235.9
41235.9
41235.9
41235.9
41235.9
41235.9
41235.9
41235.9
41235.9
41235.9
41235.9
41235.9
41235.9
41235.9
41235.9
41235.9
41235.9
41235.9
41235.9
41235.9
41235.9
41235.9
41235.9
41235.9
41235.9
41235.9
41235.9
41235.9
41235.9
41235.9
41235.9
41235.9
41235.9
41235.9
41235.9
41235.9
41235.9
41235.9
41235.9
41235.9
41235.9
41235.9
41235.9
41235.9
41235.9
41235.9
41235.9
41235.9
41235.9
41235.9
41235.9
41235.9
41235.9
41235.9
41235.9
41235.9
41235.9
41235.9
41235.9
41235.9
41235.9
41235.9
41235.9
41235.9
41235.9
41235.9
41235.9
41235.9
41235.9
41235.9
41235.9
41235.9
41235.9
41235.9
41235.9
41235.9
41235.9
41235.9
41235.9
41235.9
41235.9
41235.9
41235.9
41235.9
41235.9
41235.9
41235.9
41235.9
41235.9
41235.9
41235.9
41235.9
41235.9
41235.9
41235.9
41235.9
41235.9
41235.9
41235.9
41235.9
41235.9
41235.9
41235.9
41235.9
41235.9
41235.9
41235.9
41235.9
41235.9
41236
41236
41236
41236
41236
41236
41236
41236
41236
41236
41236
41236
41236
41236
41236
41236
41236
41236
41236
41236
41236
41236
41236
41236
41236
41236
41236
41236
41236
41236
41236
41236
41236
41236
41236
41236
41236
41236
41236
41236
41236
41236
41236
41236
41236
41236
41236
41236
41236
41236
41236
41236
41236
41236
41236
41236
41236
41236
41236
41235.9
41235.9
41235.9
41235.9
41235.9
41235.9
41235.9
41235.9
41235.9
41235.9
41235.9
41235.9
41235.9
41235.9
41235.9
41235.9
41235.9
41235.9
41235.9
41235.9
41235.9
41235.9
41235.9
41235.9
41235.9
41235.9
41235.8
41235.8
41235.8
41235.8
41235.8
41235.8
41235.8
41235.8
41235.8
41235.8
41235.8
41235.8
41235.8
41235.8
41235.8
41235.8
41235.8
41235.8
41235.8
41235.8
41235.8
41235.8
41235.8
41235.8
41235.8
41235.8
41235.8
41235.8
41235.8
41235.8
41235.8
41235.8
41235.8
41235.8
41235.8
41235.8
41235.8
41235.8
41235.8
41235.8
41235.8
41235.8
41235.8
41235.8
41235.8
41235.8
41235.8
41235.8
41235.8
41235.8
41235.8
41235.8
41235.8
41235.8
41235.8
41235.8
41235.8
41235.8
41235.8
41235.8
41235.8
41235.8
41235.8
41235.8
41235.8
41235.9
41235.9
41235.9
41235.9
41235.9
41235.9
41235.9
41235.9
41235.9
41235.9
41235.9
41235.9
41235.9
41235.9
41235.9
41235.9
41235.9
41235.9
41235.9
41235.9
41235.9
41235.9
41235.9
41236
41236
41236
41236
41236
41236
41236
41236
41236
41236
41236
41236
41236
41236
41236
41236
41236
41236
41236
41236
41236
41236
41236
41236
41236
41236
41236
41236
41236
41236
41236
41236
41236
41236
41236
41236
41236
41236
41236
41236
41236
41236
41236
41236
41236
41236
41236
41236
41236
41236
41236
41236
41236
41236
41236
41236
41236
41236
41236
41236
41236
41236
41236
41236
41236
41236
41236
41236
41236
41236
41236
41236
41235.9
41235.9
41235.9
41235.9
41235.9
41235.9
41235.9
41235.9
41235.9
41235.9
41235.9
41235.9
41235.9
41235.9
41235.9
41235.9
41235.9
41235.9
41235.9
41235.9
41235.9
41235.9
41235.9
41235.9
41235.9
41235.9
41235.9
41235.9
41235.9
41235.9
41235.9
41235.9
41235.9
41235.8
41235.8
41235.8
41235.8
41235.8
41235.8
41235.8
41235.8
41235.8
41235.8
41235.8
41235.8
41235.8
41235.8
41235.8
41235.8
41235.8
41235.8
41235.8
41235.8
41235.8
41235.8
41235.8
41235.8
41235.8
41235.8
41235.8
41235.8
41235.8
41235.8
41235.8
41235.8
41235.8
41235.8
41235.8
41235.8
41235.8
41235.8
41235.8
41235.8
41235.8
41235.8
41235.8
41235.8
41235.8
41235.8
41235.8
41235.8
41235.8
41235.8
41235.8
41235.8
41235.8
41235.8
41235.8
41235.8
41235.9
41235.9
41235.9
41235.9
41235.9
41235.9
41235.9
41235.9
41235.9
41235.9
41235.9
41235.9
41235.9
41235.9
41235.9
41235.9
41235.9
41235.9
41235.9
41235.9
41235.9
41235.9
41235.9
41235.9
41235.9
41235.9
41235.9
41235.9
41235.9
41235.9
41235.9
41235.9
41235.9
41235.9
41235.9
41235.9
41235.9
41235.9
41235.9
41235.9
41235.9
41235.9
41235.9
41235.9
41235.9
41235.9
41235.9
41235.9
41235.9
41235.9
41235.9
41235.9
41235.9
41235.9
41235.9
41235.9
41235.9
41235.9
41235.9
41236
41236
41236
41236
41236
41236
41236
41236
41236
41236
41236
41236
41236
41236
41236
41236
41236
41236
41236
41236
41236
41236
41236
41236
41236
41236
41236
41236
41236
41236
41236
41236
41236
41236
41236
41236
41236
41235.9
41235.9
41235.9
41235.9
41235.9
41235.9
41235.9
41235.9
41235.9
41235.9
41235.9
41235.9
41235.9
41235.9
41235.9
41235.9
41235.9
41235.9
41235.9
41235.9
41235.9
41235.9
41235.9
41235.9
41235.9
41235.9
41235.9
41235.9
41235.9
41235.9
41235.9
41235.9
41235.9
41235.9
41235.9
41235.9
41235.9
41235.9
41235.9
41235.9
41235.9
41235.9
41235.9
41235.9
41235.9
41235.9
41235.9
41235.9
41235.9
41235.9
41235.9
41235.9
41235.9
41235.9
41235.9
41235.9
41235.9
41235.9
41235.9
41235.9
41235.9
41235.9
41235.9
41235.9
41235.9
41235.9
41235.9
41235.9
41235.9
41235.9
41235.9
41235.9
41235.9
41235.9
41235.9
41235.9
41235.9
41235.9
41235.9
41235.9
41235.9
41235.9
41235.9
41235.9
41235.9
41235.9
41235.9
41235.9
41235.9
41235.9
41235.9
41235.9
41235.9
41235.9
41235.9
41235.9
41235.9
41235.9
41235.9
41235.9
41235.9
41235.9
41235.9
41235.9
41235.9
41235.9
41235.9
41235.9
41235.9
