
Objective value: 
55438.9
15743.4
15512.9
16185.9
18910.5
22317.7
23756.2
24441.3
25992.1
29251.7
33856.9
38597.5
42170.7
44056.5
45413.2
46397.8
46930.6
47082.2
47007.1
46829.7
46608.2
46343.2
45903.9
45432.4
45119.9
45061.1
45260.8
45664.1
46191.2
46707.4
47074
47384.2
47641.3
47844.1
47946
47958.4
47905.5
47807.5
47682.1
47544.6
47339.7
47074.9
46760
46422.3
46105.2
45761.3
45455.6
45201.6
45000.2
44849.2
44744.6
44681.9
44656.3
44663.9
44701.1
44764.9
44852.2
44959.7
45084.3
45222.4
45365
45419.2
45475.6
45541.5
45619
45704.7
45793.7
45880.9
45962.1
46033.4
46091.6
46133.8
46158.1
46162.9
46147.7
46112.7
46058
45970.2
45832.7
45655.2
45438.2
45178.9
44896.5
44595.8
44278.7
43945.8
43597.1
43233
42854.7
42463.9
42063.2
41655.7
41244.8
40834.2
40427.6
40028.8
39641.5
39268.9
38914.2
38580
38268.5
37981.7
37720.7
37486.5
37279.5
37099.9
36947.3
36821.3
36721.2
36646
36594.7
36566
36558.6
36571
36601.6
36648.7
36710.7
36785.7
36872.1
36968.2
37072.7
37184.2
37301.4
37423.5
37549.6
37673.7
37795.3
37918.1
38044.1
38173.9
38307.4
38444.4
38584.8
38729.1
38877.7
39030.9
39188.8
39351.2
39517.7
39687.4
39859.5
40032.9
40206.7
40379.7
40550.9
40719.2
40883.6
41043.2
41197.4
41345.3
41486.6
41620.8
41747.8
41851.6
41927.2
42002.8
42080.9
42162.2
42246.4
42332.5
42420.1
42508.9
42598.9
42690.3
42783.3
42878.1
42974.8
43073.5
43174.1
43276.4
43379.8
43483.8
43587.3
43689.4
43788.7
43884.1
43974.1
44040.5
44095.5
44145.9
44192
44233.1
44267.9
44295
44313.2
44316.7
44295.1
44250
44184.1
44099.7
43999.1
43884.3
43757.4
43620.5
43475.2
43323.4
43166.8
43007.1
42846.2
42685.6
42527.3
42372.8
42223.6
42081.2
41946.5
41820.2
41703
41594.8
41495.6
41404.9
41322.1
41246.4
41177
41112.7
41052.5
40995.4
40940.3
40886.1
40831.9
40776.7
40719.7
40660.3
40597.8
40531.7
40461.7
40387.6
40309.3
40226.8
40140.4
40050.3
39957.1
39861.2
39763.3
39664.2
39564.8
39465.9
39368.5
39273.6
39182.1
39095.1
39013.5
38938.4
38870.6
38811
38760.3
38719.4
38688.7
38668.9
38660.4
38663.5
38678.5
38705.5
38744.6
38795.7
38858.5
38933
39018.6
39115
39221.7
39337.9
39463.1
39596.4
39737.1
39884.2
40036.7
40193.7
40354.1
40516.9
40680.9
40845
41008.1
41169.1
41327
41480.6
41629
41771.2
41906.4
42033.7
42150.3
42230.6
42304.9
42375.2
42442.1
42504.9
42562.6
42614.2
42659.1
42697
42727.8
42751.4
42768.2
42776.2
42773.9
42763.4
42746.1
42723.5
42696.7
42666.7
42634.3
42600.4
42565.7
42531
42496.9
42464.2
42433.4
42405.1
42379.7
42357.8
42339.4
42324.9
42314.3
42307.5
42304.3
42304.4
42307.3
42312.6
42319.4
42327.1
42334.9
42342
42347.3
42350.2
42349.7
42345
42335.5
42320.4
42299.3
42271.7
42237.3
42195.8
42147.2
42091.5
42028.8
41959.2
41883.1
41800.9
41713
41619.9
41522.3
41420.7
41315.7
41208.2
41098.9
40988.4
40877.5
40766.9
40657.5
40549.8
40444.6
40342.6
40244.4
40150.6
40061.8
39978.6
39901.4
39830.6
39766.7
39710
39660.8
39619.2
39585.5
39559.7
39541.8
39531.8
39529.7
39535.2
39548.2
39568.4
39595.4
39629.1
39668.9
39714.5
39765.4
39821.3
39881.5
39945.8
40013.5
40084.2
40157.4
40232.5
40309.2
40386.9
40465.1
40543.5
40621.6
40698.9
40775.2
40850
40923
40994
41062.7
41128.8
41192.1
41252.5
41309.8
41364
41414.9
41462.6
41507
41548.2
41586.2
41621.1
41653.1
41682.2
41708.6
41732.6
41754.2
41773.7
41791.3
41807.2
41821.7
41834.9
41847
41858.2
41868.8
41878.8
41888.5
41897.8
41907.1
41916.2
41925.3
41934.5
41943.6
41952.7
41961.7
41970.6
41979.3
41987.7
41995.6
42003
42009.6
42015.3
42019.9
42023.4
42025.4
42025.8
42024.6
42021.5
42016.3
42009.1
41999.5
41987.7
41973.4
41956.6
41937.3
41915.4
41891
41864
41834.6
41802.7
41768.4
41731.9
41693.2
41652.4
41609.8
41565.4
41519.3
41471.9
41423.3
41373.6
41323
41271.8
41220.2
41168.4
41116.5
41064.8
41013.4
40962.7
40912.7
40863.7
40815.9
40769.4
40724.4
40681.1
40639.6
40600.1
40562.6
40527.4
40494.5
40464.1
40436.2
40410.8
40388.1
40368.1
40350.8
40336.2
40324.3
40315.2
40308.8
40305.1
40304
40305.5
40309.6
40316.2
40325.3
40336.7
40350.6
40366.7
40385.1
40405.8
40428.6
40453.5
40480.5
40509.4
40540.3
40573.1
40607.6
40643.9
40681.8
40721.2
40762.2
40804.5
40848
40892.8
40938.6
40985.3
41032.9
41081.1
41130
41179.2
41228.8
41278.4
41328.1
41377.5
41426.6
41475.2
41523.2
41570.2
41616.2
41661.1
41704.6
41746.5
41786.8
41825.2
41861.6
41895.8
41927.8
41957.3
41984.3
42008.7
42030.3
42049
42064.8
42077.7
42087.5
42094.3
42098
42098.6
42096.1
42090.6
42082.2
42070.8
42056.6
42039.6
42020
41997.9
41973.4
41946.7
41917.8
41887
41854.5
41820.2
41784.5
41747.6
41709.5
41670.4
41630.6
41590.1
41549.1
41507.8
41466.4
41425
41383.6
41342.5
41301.8
41261.5
41221.8
41182.9
41144.6
41107.3
41070.8
41035.4
41001
40967.7
40935.5
40904.5
40874.8
40846.2
40819
40793
40768.3
40744.9
40722.8
40702
40682.6
40664.5
40647.7
40632.3
40618.2
40605.5
40594.2
40584.2
40575.6
40568.4
40562.7
40558.4
40555.5
40554.1
40554.2
40555.9
40559
40563.7
40569.9
40577.7
40587
40597.9
40610.4
40624.5
40640.2
40657.3
40676.1
40696.3
40718
40741.1
40765.7
40791.6
40818.7
40847.1
40876.6
40907.3
40938.8
40971.3
41004.6
41038.6
41073.3
41108.4
41143.8
41179.6
41215.5
41251.4
41287.2
41322.9
41358.2
41393
41427.3
41460.9
41493.7
41525.6
41556.5
41586.3
41614.8
41642.1
41667.9
41692.3
41715.1
41736.2
41755.6
41773.3
41789.2
41803.2
41815.3
41825.5
41833.7
41840
41844.3
41846.7
41847
41845.4
41841.9
41836.5
41829.3
41820.2
41809.3
41796.7
41782.4
41766.6
41749.2
41730.3
41710.1
41688.6
41665.8
41641.9
41617
41591.1
41564.4
41536.9
41508.7
41480
41450.8
41421.1
41391.2
41361
41330.7
41300.4
41270
41239.8
41209.7
41179.9
41150.4
41121.3
41092.6
41064.5
41037
41010.2
40984.1
40958.9
40934.5
40911.1
40888.6
40867.2
40847
40827.8
40809.9
40793.2
40777.8
40763.6
40750.8
40739.4
40729.3
40720.6
40713.4
40707.5
40703
40700
40698.4
40698.2
40699.4
40702
40706
40711.4
40718.1
40726.2
40735.5
40746.2
40758.1
40771.3
40785.6
40801.1
40817.7
40835.4
40854.1
40873.8
40894.4
40915.9
40938.3
40961.4
40985.3
41009.8
41035
41060.7
41086.8
41113.3
41140.1
41167.1
41194.1
41221.1
41247.9
41274.3
41300.3
41325.8
41350.6
41374.7
41398
41420.5
41442.2
41462.9
41482.8
41501.8
41519.8
41536.8
41552.9
41568
41582
41595
41606.9
41617.7
41627.4
41636
41643.5
41649.9
41655.1
41659.3
41662.3
41664.1
41664.9
41664.6
41663.1
41660.7
41657.1
41652.5
41647
41640.4
41632.9
41624.5
41615.2
41605
41594
41582.3
41569.8
41556.7
41542.9
41528.6
41513.7
41498.4
41482.6
41466.6
41450.2
41433.6
41416.8
41399.8
41382.8
41365.7
41348.4
41331.1
41313.5
41295.7
41277.5
41258.9
41239.7
41220.1
41200.1
41179.7
41159.1
41138.3
41117.5
41096.8
41076.2
41055.9
41035.9
41016.4
40997.3
40978.7
40960.7
40943.2
40926.5
40910.5
40895.2
40880.7
40867
40854.2
40842.3
40831.2
40821.2
40812
40803.9
40796.7
40790.5
40785.3
40781.2
40778
40775.9
40774.9
40774.9
40776
40778.1
40781.3
40785.6
40791
40797.4
40804.9
40813.5
40823.1
40833.8
40845.4
40858.1
40871.7
40886.3
40901.7
40918.1
40935.2
40953.1
40971.8
40991.1
41011
41031.4
41052.3
41073.6
41095.1
41116.9
41138.9
41160.9
41183
41205.1
41227.1
41249
41270.8
41292.4
41313.9
41335.1
41356
41376.6
41396.9
41416.8
41436.2
41455.2
41473.7
41491.7
41509
41525.7
41541.7
41557
41571.6
41585.3
41598.2
41610.3
41621.4
41631.6
41640.8
41649
41656.2
41662.4
41667.5
41671.5
41674.4
41676.3
41677
41676.7
41675.3
41672.7
41669.1
41664.5
41658.7
41651.9
41644.1
41635.3
41625.4
41614.6
41602.8
41590.1
41576.4
41561.9
41546.4
41530
41512.8
41494.8
41475.9
41456.2
41435.8
41414.7
41392.9
41370.6
41347.7
41324.4
41300.7
41276.8
41252.6
41228.3
41203.9
41179.6
41155.3
41131.3
41107.5
41084
41060.9
41038.3
41016.2
40994.7
40973.8
40953.6
40934.2
40915.7
40898
40881.2
40865.4
40850.6
40836.8
40824.2
40812.7
40802.3
40793.1
40785.2
40778.4
40773
40768.8
40765.8
40764.2
40763.9
40764.9
40767.1
40770.7
40775.5
40781.6
40789
40797.6
40807.3
40818.3
40830.3
40843.5
40857.7
40872.8
40888.9
40905.8
40923.5
40941.8
40960.7
40980.2
41000
41020.2
41040.7
41061.3
41082.1
41102.9
41123.7
41144.5
41165.2
41185.8
41206.2
41226.3
41246.2
41265.8
41285.1
41303.9
41322.3
41340.3
41357.7
41374.5
41390.7
41406.3
41421.2
41435.4
41448.8
41461.4
41473.2
41484.2
41494.3
41503.5
41511.8
41519.2
41525.7
41531.2
41535.8
41539.5
41542.2
41544
41544.9
41544.8
41543.9
41542.2
41539.5
41536.1
41531.8
41526.8
41521.1
41514.6
41507.4
41499.6
41491.2
41482.1
41472.6
41462.5
41451.9
41440.9
41429.4
41417.6
41405.4
41392.9
41380
41367
41353.7
41340.1
41326.4
41312.6
41298.7
41284.7
41270.7
41256.7
41242.7
41228.9
41215.1
41201.6
41188.3
41175.2
41162.4
41150
41138
41126.3
41115.1
41104.4
41094.1
41084.4
41075.2
41066.6
41058.6
41051.2
41044.4
41038.2
41032.7
41027.9
41023.6
41020.1
41017.2
41015
41013.4
41012.5
41012.3
41012.7
41013.7
41015.4
41017.7
41020.5
41024
41028
41032.6
41037.7
41043.3
41049.3
41055.9
41062.8
41070.1
41077.7
41085.6
41093.8
41102.2
41110.7
41119.3
41128
41136.7
41145.3
41153.8
41162.2
41170.4
41178.4
41186.1
41193.6
41200.8
41207.7
41214.3
41220.6
41226.5
41232.2
41237.6
41242.6
41247.3
41251.7
41255.8
41259.6
41263.1
41266.3
41269.2
41271.8
41274.2
41276.2
41278.1
41279.6
41281
41282.1
41283
41283.8
41284.3
41284.7
41284.9
41285
41285
41284.9
41284.7
41284.4
41284.1
41283.7
41283.2
41282.8
41282.3
41281.8
41281.4
41280.9
41280.5
41280.1
41279.7
41279.4
41279.1
41278.9
41278.7
41278.6
41278.5
41278.4
41278.3
41278.1
41278
41277.7
41277.3
41276.8
41276.2
41275.3
41274.2
41272.9
41271.4
41269.7
41267.8
41265.6
41263.3
41260.8
41258.2
41255.5
41252.6
41249.7
41246.7
41243.6
41240.5
41237.4
41234.2
41231.1
41228
41224.9
41221.8
41218.8
41215.8
41212.9
41210.1
41207.3
41204.6
41202
41199.5
41197.1
41194.7
41192.5
41190.4
41188.4
41186.5
41184.7
41183
41181.5
41180
41178.7
41177.5
41176.4
41175.5
41174.6
41173.9
41173.3
41172.7
41172.3
41172
41171.8
41171.6
41171.5
41171.4
41171.4
41171.4
41171.5
41171.5
41171.4
41171.3
41171.1
41170.8
41170.4
41169.9
41169.2
41168.3
41167.4
41166.3
41165
41163.7
41162.3
41160.9
41159.5
41158
41156.6
41155.2
41153.9
41152.7
41151.7
41150.8
41150
41149.4
41149.1
41148.9
41149
41149.4
41150
41150.9
41152.1
41153.6
41155.4
41157.5
41160
41162.8
41165.9
41169.3
41173
41177.1
41181.5
41186.2
41191.2
41196.4
41202
41207.8
41213.8
41220.1
41226.6
41233.3
41240.2
41247.2
41254.3
41261.6
41268.9
41276.3
41283.6
41290.9
41298.1
41305.2
41312
41318.6
41324.9
41330.8
41336.3
41341.3
41345.8
41349.8
41353.2
41356.1
41358.4
41360.2
41361.4
41362.1
41362.3
41362
41361.3
41360
41358.4
41356.3
41353.8
41350.9
41347.6
41344
41340.1
41335.8
41331.3
41326.5
41321.4
41316.2
41310.7
41305
41299.1
41293.1
41287
41280.8
41274.5
41268.1
41261.7
41255.2
41248.7
41242.3
41235.9
41229.5
41223.1
41216.9
41210.7
41204.7
41198.7
41192.9
41187.2
41181.7
41176.3
41171.1
41166
41161
41156.3
41151.6
41147.1
41142.7
41138.4
41134.1
41129.9
41125.8
41121.6
41117.5
41113.3
41109.2
41105
41100.9
41096.9
41092.9
41089.1
41085.4
41081.8
41078.4
41075.3
41072.4
41069.8
41067.4
41065.4
41063.7
41062.3
41061.4
41060.8
41060.6
41060.8
41061.4
41062.5
41064.1
41066
41068.4
41071.3
41074.7
41078.4
41082.7
41087.4
41092.5
41098
41104
41110.4
41117.2
41124.4
41131.9
41139.8
41148
41156.5
41165.4
41174.5
41183.8
41193.3
41203.1
41213
41223
41233.1
41243.2
41253.3
41263.4
41273.4
41283.2
41292.7
41302
41311
41319.5
41327.6
41335.3
41342.4
41349
41355.1
41360.6
41365.6
41370.1
41374
41377.4
41380.3
41382.7
41384.6
41386
41387
41387.5
41387.6
41387.3
41386.5
41385.4
41383.8
41381.9
41379.7
41377.1
41374.1
41370.9
41367.3
41363.5
41359.4
41355.1
41350.5
41345.7
41340.6
41335.4
41330
41324.5
41318.8
41313
41307
41300.9
41294.8
41288.6
41282.3
41275.9
41269.5
41263.1
41256.7
41250.2
41243.8
41237.3
41230.9
41224.5
41218.2
41211.8
41205.5
41199.1
41192.8
41186.4
41180
41173.5
41166.9
41160.2
41153.5
41146.7
41139.8
41132.9
41125.9
41119
41112.1
41105.4
41098.8
41092.3
41086.1
41080.1
41074.4
41069.1
41064.1
41059.5
41055.3
41051.5
41048.2
41045.4
41043
41041.2
41040
41039.3
41039.1
41039.5
41040.5
41042
41044.1
41046.8
41050.1
41054
41058.4
41063.3
41068.8
41074.9
41081.4
41088.5
41096
41104
41112.4
41121.3
41130.5
41140.1
41150
41160.2
41170.7
41181.4
41192.3
41203.3
41214.5
41225.7
41236.9
41248.1
41259.2
41270.2
41280.9
41291.4
41301.6
41311.3
41320.7
41329.6
41338
41345.9
41353.2
41359.9
41366.1
41371.6
41376.6
41381
41384.7
41387.9
41390.6
41392.6
41394.1
41395
41395.4
41395.3
41394.6
41393.5
41391.8
41389.7
41387.1
41384.1
41380.6
41376.8
41372.5
41367.9
41362.9
41357.6
41352
41346.1
41339.9
41333.5
41326.9
41320
41313
41305.8
41298.6
41291.1
41283.7
41276.1
41268.5
41260.9
41253.3
41245.7
41238.2
41230.7
41223.3
41216
41208.8
41201.8
41194.9
41188.2
41181.6
41175.3
41169.1
41163
41157.2
41151.4
41145.8
41140.3
41134.9
41129.6
41124.3
41119
41113.8
41108.7
41103.6
41098.7
41093.9
41089.3
41084.8
41080.6
41076.6
41073
41069.6
41066.6
41063.9
41061.6
41059.8
41058.3
41057.2
41056.6
41056.4
41056.7
41057.4
41058.7
41060.3
41062.5
41065.1
41068.1
41071.7
41075.6
41080
41084.9
41090.1
41095.8
41101.9
41108.3
41115.1
41122.3
41129.7
41137.5
41145.5
41153.8
41162.3
41171
41179.9
41188.9
41198.1
41207.3
41216.5
41225.8
41235
41244.2
41253.3
41262.3
41271.1
41279.6
41288
41296
41303.7
41311.1
41318
41324.5
41330.6
41336.2
41341.2
41345.8
41349.8
41353.3
41356.3
41358.7
41360.7
41362.1
41363
41363.4
41363.4
41362.9
41362
41360.7
41358.9
41356.8
41354.4
41351.6
41348.4
41345
41341.4
41337.4
41333.3
41328.9
41324.3
41319.6
41314.7
41309.8
41304.7
41299.5
41294.2
41288.9
41283.6
41278.2
41272.9
41267.5
41262.2
41256.9
41251.7
41246.6
41241.5
41236.6
41231.7
41226.9
41222.3
41217.7
41213.3
41209
41204.8
41200.7
41196.8
41193
41189.2
41185.6
41182
41178.5
41175.1
41171.7
41168.4
41165.1
41161.8
41158.5
41155.3
41152.2
41149.1
41146.1
41143.1
41140.2
41137.5
41134.9
41132.4
41130
41127.9
41125.9
41124.2
41122.6
41121.3
41120.2
41119.4
41118.9
41118.6
41118.6
41118.9
41119.5
41120.3
41121.5
41123
41124.8
41126.9
41129.2
41131.9
41134.9
41138.2
41141.8
41145.6
41149.7
41154.1
41158.7
41163.5
41168.6
41173.8
41179.3
41184.9
41190.6
41196.5
41202.4
41208.5
41214.6
41220.8
41227
41233.2
41239.3
41245.4
41251.5
41257.4
41263.2
41268.9
41274.4
41279.7
41284.7
41289.4
41293.8
41297.9
41301.6
41304.9
41307.8
41310.2
41312.1
41313.6
41314.5
41315
41315
41314.6
41313.7
41312.3
41310.6
41308.4
41305.9
41303.1
41299.8
41296.3
41292.5
41288.5
41284.2
41279.7
41275
41270.1
41265.1
41260
41254.8
41249.4
41244
41238.6
41233.2
41227.7
41222.3
41216.9
41211.5
41206.2
41201
41195.9
41190.9
41186
41181.2
41176.6
41172.2
41167.9
41163.9
41160
41156.3
41152.8
41149.5
41146.4
41143.5
41140.8
41138.4
41136.1
41134.1
41132.3
41130.7
41129.4
41128.2
41127.3
41126.6
41126.1
41125.8
41125.7
41125.9
41126.2
41126.8
41127.5
41128.5
41129.7
41131.2
41132.8
41134.7
41136.7
41139
41141.5
41144.2
41147.2
41150.3
41153.7
41157.3
41161.1
41165
41169.2
41173.6
41178.2
41182.9
41187.8
41192.9
41198.2
41203.6
41209.1
41214.7
41220.5
41226.3
41232.3
41238.3
41244.3
41250.4
41256.4
41262.5
41268.5
41274.5
41280.4
41286.1
41291.8
41297.2
41302.5
41307.5
41312.2
41316.7
41320.9
41324.7
41328.2
41331.3
41334
41336.3
41338.2
41339.7
41340.8
41341.6
41341.9
41341.8
41341.3
41340.5
41339.2
41337.7
41335.8
41333.5
41331
41328.1
41324.9
41321.5
41317.8
41313.9
41309.7
41305.3
41300.8
41296
41291.1
41286
41280.8
41275.4
41270
41264.5
41258.9
41253.3
41247.7
41242
41236.4
41230.7
41225.2
41219.6
41214.2
41208.8
41203.5
41198.4
41193.3
41188.4
41183.6
41178.9
41174.5
41170.1
41166
41162
41158.2
41154.6
41151.2
41148
41145
41142.1
41139.5
41137.1
41135
41133
41131.2
41129.7
41128.4
41127.3
41126.4
41125.7
41125.2
41124.9
41124.8
41124.9
41125.1
41125.5
41126.1
41126.8
41127.7
41128.6
41129.7
41131
41132.3
41133.7
41135.3
41136.9
41138.7
41140.5
41142.5
41144.5
41146.7
41148.9
41151.3
41153.7
41156.3
41158.9
41161.6
41164.5
41167.4
41170.4
41173.4
41176.6
41179.8
41183.1
41186.4
41189.8
41193.3
41196.7
41200.2
41203.7
41207.2
41210.8
41214.3
41217.8
41221.2
41224.6
41228
41231.3
41234.6
41237.8
41240.9
41243.9
41246.8
41249.6
41252.3
41254.9
41257.3
41259.6
41261.8
41263.8
41265.7
41267.4
41269
41270.3
41271.6
41272.6
41273.5
41274.2
41274.7
41275.1
41275.2
41275.3
41275.1
41274.8
41274.4
41273.7
41273
41272.1
41271.1
41270
41268.7
41267.4
41266
41264.4
41262.9
41261.2
41259.5
41257.8
41256
41254.2
41252.4
41250.7
41248.9
41247.2
41245.5
41243.8
41242.3
41240.8
41239.4
41238.2
41237
41236
41235.1
41234.4
41233.8
41233.4
41233.2
41233.1
41233.1
41233.3
41233.5
41233.8
41234.1
41234.3
41234.4
41234.4
41234.1
41233.6
41232.9
41231.9
41230.6
41229.1
41227.4
41225.5
41223.4
41221.2
41219
41216.7
41214.3
41211.9
41209.6
41207.2
41205
41202.7
41200.6
41198.6
41196.7
41194.9
41193.2
41191.7
41190.4
41189.1
41188.1
41187.2
41186.5
41185.9
41185.5
41185.3
41185.2
41185.3
41185.6
41186.1
41186.8
41187.6
41188.6
41189.8
41191.2
41192.7
41194.4
41196.3
41198.3
41200.4
41202.7
41205.1
41207.5
41210
41212.6
41215.3
41217.9
41220.6
41223.3
41225.9
41228.5
41231
41233.5
41235.9
41238.1
41240.2
41242.2
41244.1
41245.7
41247.2
41248.6
41249.7
41250.6
41251.3
41251.9
41252.2
41252.3
41252.2
41251.9
41251.3
41250.6
41249.8
41248.7
41247.4
41246
41244.5
41242.8
41241
41239.1
41237
41234.9
41232.7
41230.5
41228.2
41225.8
41223.4
41221.1
41218.7
41216.3
41213.9
41211.6
41209.3
41207.1
41204.9
41202.8
41200.7
41198.8
41196.9
41195
41193.3
41191.7
41190.2
41188.7
41187.4
41186.1
41185
41183.9
41182.9
41182
41181.2
41180.5
41179.8
41179.2
41178.7
41178.2
41177.7
41177.3
41176.9
41176.5
41176.1
41175.8
41175.5
41175.1
41174.8
41174.5
41174.2
41174
41173.7
41173.5
41173.4
41173.2
41173.1
41173.1
41173.1
41173.2
41173.4
41173.7
41174
41174.4
41174.9
41175.5
41176.2
41177.1
41178
41179.1
41180.2
41181.5
41183
41184.5
41186.2
41188
41189.9
41192
41194.2
41196.5
41198.9
41201.4
41204.1
41206.8
41209.7
41212.6
41215.6
41218.7
41221.8
41225
41228.2
41231.5
41234.8
41238.1
41241.4
41244.7
41248
41251.2
41254.4
41257.6
41260.7
41263.7
41266.6
41269.4
41272.1
41274.6
41277.1
41279.3
41281.4
41283.3
41285
41286.5
41287.7
41288.8
41289.6
41290.1
41290.5
41290.5
41290.4
41290
41289.3
41288.4
41287.3
41286
41284.5
41282.8
41280.9
41278.8
41276.6
41274.3
41271.8
41269.1
41266.4
41263.6
41260.7
41257.7
41254.7
41251.6
41248.5
41245.4
41242.3
41239.1
41236
41232.9
41229.8
41226.8
41223.8
41220.9
41218
41215.2
41212.5
41209.8
41207.3
41204.8
41202.4
41200.1
41197.9
41195.8
41193.8
41191.8
41190
41188.2
41186.5
41184.9
41183.3
41181.8
41180.4
41179
41177.7
41176.5
41175.2
41174.1
41172.9
41171.8
41170.8
41169.8
41168.8
41167.9
41167
41166.2
41165.4
41164.7
41164.1
41163.5
41163
41162.6
41162.3
41162
41161.9
41161.8
41161.9
41162
41162.3
41162.7
41163.3
41163.9
41164.7
41165.6
41166.7
41167.9
41169.3
41170.8
41172.4
41174.2
41176.1
41178.2
41180.4
41182.7
41185.1
41187.7
41190.4
41193.2
41196.1
41199.1
41202.2
41205.3
41208.6
41211.9
41215.2
41218.6
41222
41225.5
41228.9
41232.3
41235.8
41239.1
41242.5
41245.7
41248.9
41251.9
41254.8
41257.6
41260.2
41262.6
41264.8
41266.8
41268.5
41270
41271.2
41272.2
41272.9
41273.3
41273.5
41273.4
41273.1
41272.5
41271.6
41270.6
41269.3
41267.9
41266.2
41264.4
41262.5
41260.4
41258.2
41255.8
41253.4
41250.9
41248.3
41245.7
41243
41240.3
41237.6
41234.8
41232.1
41229.3
41226.6
41223.9
41221.2
41218.6
41216.1
41213.5
41211.1
41208.7
41206.4
41204.2
41202
41199.9
41198
41196.1
41194.3
41192.6
41191
41189.6
41188.2
41186.9
41185.7
41184.6
41183.6
41182.7
41181.9
41181.2
41180.6
41180
41179.6
41179.3
41179
41178.8
41178.8
41178.8
41178.9
41179
41179.3
41179.6
41180.1
41180.6
41181.2
41181.9
41182.7
41183.6
41184.5
41185.6
41186.7
41187.9
41189.2
41190.6
41192.1
41193.6
41195.3
41197
41198.8
41200.6
41202.5
41204.5
41206.5
41208.6
41210.8
41213
41215.2
41217.4
41219.7
41222
41224.3
41226.6
41229
41231.3
41233.5
41235.8
41238
41240.2
41242.3
41244.3
41246.3
41248.2
41250
41251.8
41253.4
41254.9
41256.3
41257.6
41258.8
41259.8
41260.7
41261.5
41262.1
41262.7
41263
41263.2
41263.3
41263.3
41263.1
41262.8
41262.3
41261.7
41261
41260.1
41259.2
41258.1
41256.9
41255.5
41254.1
41252.6
41251
41249.2
41247.4
41245.5
41243.6
41241.6
41239.5
41237.3
41235.1
41232.9
41230.6
41228.3
41226
41223.7
41221.3
41219
41216.7
41214.4
41212.1
41209.8
41207.6
41205.5
41203.4
41201.3
41199.3
41197.4
41195.5
41193.8
41192.1
41190.5
41189
41187.6
41186.3
41185.1
41184
41183
41182.2
41181.4
41180.8
41180.3
41179.9
41179.6
41179.4
41179.3
41179.4
41179.5
41179.8
41180.1
41180.5
41181
41181.6
41182.2
41182.9
41183.7
41184.5
41185.3
41186.1
41187
41187.8
41188.7
41189.6
41190.5
41191.4
41192.2
41193.1
41194
41194.8
41195.7
41196.6
41197.4
41198.3
41199.2
41200.1
41200.9
41201.9
41202.8
41203.7
41204.7
41205.6
41206.6
41207.6
41208.6
41209.7
41210.7
41211.8
41212.9
41214
41215.1
41216.2
41217.3
41218.5
41219.6
41220.7
41221.8
41223
41224.1
41225.2
41226.2
41227.3
41228.3
41229.3
41230.2
41231.1
41232
41232.8
41233.6
41234.3
41235
41235.6
41236.1
41236.6
41236.9
41237.3
41237.5
41237.7
41237.8
41237.8
41237.7
41237.6
41237.4
41237.1
41236.8
41236.4
41235.9
41235.4
41234.9
41234.2
41233.6
41232.9
41232.2
41231.4
41230.7
41229.9
41229.1
41228.3
41227.6
41226.8
41226.1
41225.4
41224.7
41224
41223.4
41222.8
41222.3
41221.8
41221.3
41220.9
41220.5
41220.2
41219.9
41219.6
41219.4
41219.1
41218.9
41218.7
41218.5
41218.3
41218
41217.7
41217.4
41217.1
41216.8
41216.4
41215.9
41215.4
41214.9
41214.4
41213.8
41213.2
41212.5
41211.9
41211.2
41210.6
41209.9
41209.2
41208.6
41207.9
41207.3
41206.7
41206.1
41205.6
41205.1
41204.7
41204.3
41203.9
41203.6
41203.4
41203.2
41203.1
41203.1
41203.1
41203.2
41203.4
41203.6
41203.9
41204.3
41204.7
41205.3
41205.9
41206.5
41207.3
41208
41208.9
41209.8
41210.8
41211.8
41212.9
41214
41215.1
41216.3
41217.5
41218.7
41219.9
41221.1
41222.3
41223.5
41224.7
41225.9
41227.1
41228.2
41229.3
41230.4
41231.4
41232.4
41233.4
41234.3
41235.2
41236
41236.7
41237.4
41238.1
41238.7
41239.2
41239.7
41240.1
41240.5
41240.8
41241.1
41241.2
41241.3
41241.4
41241.4
41241.3
41241.1
41240.9
41240.5
41240.1
41239.6
41239
41238.4
41237.6
41236.8
41235.8
41234.8
41233.6
41232.4
41231.1
41229.7
41228.2
41226.6
41225
41223.3
41221.6
41219.8
41217.9
41216
41214.1
41212.1
41210.2
41208.2
41206.2
41204.3
41202.3
41200.4
41198.5
41196.6
41194.8
41193
41191.3
41189.6
41188
41186.5
41185
41183.6
41182.3
41181.1
41180
41178.9
41178
41177.2
41176.4
41175.8
41175.3
41174.9
41174.6
41174.4
41174.3
41174.4
41174.5
41174.8
41175.2
41175.7
41176.4
41177.1
41178
41179
41180.1
41181.3
41182.6
41184
41185.5
41187
41188.7
41190.5
41192.4
41194.3
41196.3
41198.4
41200.6
41202.8
41205.1
41207.5
41210
41212.5
41215.2
41217.8
41220.6
41223.4
41226.3
41229.3
41232.4
41235.5
41238.6
41241.9
41245.2
41248.5
41251.8
41255.1
41258.4
41261.7
41264.8
41267.9
41270.8
41273.5
41276
41278.2
41280.2
41281.8
41283.2
41284.3
41285
41285.4
41285.5
41285.2
41284.7
41283.9
41282.8
41281.5
41279.9
41278.1
41276.2
41274.1
41271.8
41269.4
41266.9
41264.3
41261.6
41258.9
41256.1
41253.2
41250.3
41247.4
41244.5
41241.6
41238.7
41235.8
41232.9
41230
41227.2
41224.4
41221.6
41218.9
41216.2
41213.7
41211.1
41208.7
41206.3
41204
41201.9
41199.8
41197.8
41195.9
41194.1
41192.4
41190.9
41189.5
41188.1
41186.9
41185.8
41184.8
41183.9
41183.1
41182.4
41181.7
41181.2
41180.8
41180.5
41180.2
41180.1
41180
41180
41180.2
41180.4
41180.7
41181.1
41181.7
41182.3
41183.1
41184
41185
41186.1
41187.4
41188.8
41190.4
41192.1
41194
41195.9
41198
41200.3
41202.6
41205
41207.5
41210
41212.6
41215.1
41217.6
41220
41222.3
41224.6
41226.7
41228.7
41230.6
41232.3
41233.8
41235.3
41236.5
41237.6
41238.6
41239.4
41240.1
41240.7
41241.2
41241.5
41241.7
41241.9
41241.9
41239.3
41237.6
41236.4
41235.7
41235.1
41234.7
41234.4
41234.2
41234
41234
41233.9
41233.9
41233.9
41233.9
41233.9
41234
41234.1
41234.2
41234.3
41234.5
41234.6
41234.8
41235
41235.1
41235.3
41235.4
41235.5
41235.5
41235.6
41235.5
41235.4
41235.3
41235.1
41234.9
41234.6
41234.3
41233.9
41233.5
41233
41232.5
41231.8
41231.1
41230.4
41229.5
41228.6
41227.6
41226.5
41225.4
41224.2
41222.9
41221.6
41220.2
41218.8
41217.3
41215.9
41214.4
41212.9
41211.4
41209.9
41208.4
41206.9
41205.5
41204.1
41202.8
41201.5
41200.2
41199.1
41198
41197
41196.1
41195.2
41194.5
41193.8
41193.2
41192.8
41192.4
41192.1
41192
41191.9
41191.9
41192
41192.1
41192.4
41192.8
41193.2
41193.7
41194.2
41194.9
41195.6
41196.3
41197.1
41198
41198.9
41199.8
41200.8
41201.8
41202.8
41203.9
41204.9
41206
41207.1
41208.2
41209.3
41210.4
41211.5
41212.6
41213.7
41214.7
41215.8
41216.8
41217.9
41218.9
41219.9
41220.8
41221.8
41222.7
41223.7
41224.6
41225.4
41226.3
41227.1
41227.9
41228.7
41229.4
41230.2
41230.9
41231.5
41232.1
41232.7
41233.3
41233.8
41234.2
41234.7
41235
41235.4
41235.7
41235.9
41236.1
41236.3
41236.4
41236.4
41236.4
41236.3
41236.2
41236.1
41235.8
41235.6
41235.2
41234.8
41234.4
41233.9
41233.4
41232.8
41232.1
41231.4
41230.6
41229.8
41229
41228.1
41227.1
41226.2
41225.1
41224.1
41223
41221.9
41220.8
41219.7
41218.6
41217.4
41216.3
41215.1
41214
41212.8
41211.7
41210.6
41209.5
41208.5
41207.4
41206.4
41205.5
41204.6
41203.7
41202.8
41202
41201.2
41200.5
41199.8
41199.1
41198.5
41197.9
41197.4
41196.9
41196.4
41196
41195.6
41195.2
41194.9
41194.6
41194.3
41194.1
41193.9
41193.7
41193.6
41193.5
41193.4
41193.4
41193.4
41193.5
41193.5
41193.7
41193.8
41194
41194.3
41194.5
41194.9
41195.2
41195.7
41196.1
41196.6
41197.2
41197.8
41198.5
41199.2
41199.9
41200.7
41201.5
41202.4
41203.3
41204.2
41205.2
41206.2
41207.3
41208.3
41209.4
41210.5
41211.7
41212.8
41213.9
41215.1
41216.2
41217.4
41218.5
41219.6
41220.8
41221.8
41222.9
41223.9
41225
41225.9
41226.9
41227.8
41228.7
41229.5
41230.3
41231
41231.7
41232.3
41232.9
41233.4
41233.9
41234.4
41234.8
41235.1
41235.4
41235.7
41235.9
41236
41236.1
41236.2
41236.2
41236.2
41236.1
41236
41235.9
41235.7
41235.4
41235.2
41234.9
41234.5
41234.2
41233.8
41233.3
41232.9
41232.4
41231.9
41231.3
41230.7
41230.1
41229.5
41228.8
41228.1
41227.4
41226.6
41225.9
41225.1
41224.3
41223.4
41222.6
41221.7
41220.8
41219.9
41219
41218.1
41217.2
41216.3
41215.4
41214.4
41213.5
41212.6
41211.7
41210.8
41209.9
41209.1
41208.2
41207.4
41206.6
41205.8
41205.1
41204.4
41203.7
41203
41202.4
41201.8
41201.3
41200.8
41200.4
41200
41199.6
41199.3
41199
41198.8
41198.6
41198.5
41198.4
41198.3
41198.3
41198.3
41198.4
41198.5
41198.7
41198.9
41199.1
41199.4
41199.7
41200
41200.4
41200.7
41201.2
41201.6
41202.1
41202.6
41203.1
41203.6
41204.2
41204.8
41205.4
41206
41206.6
41207.2
41207.9
41208.5
41209.2
41209.9
41210.6
41211.2
41211.9
41212.6
41213.3
41214
41214.7
41215.4
41216.1
41216.7
41217.4
41218.1
41218.7
41219.4
41220
41220.6
41221.2
41221.8
41222.4
41222.9
41223.5
41224
41224.4
41224.9
41225.3
41225.7
41226.1
41226.4
41226.7
41227
41227.2
41227.4
41227.6
41227.7
41227.8
41227.9
41227.9
41227.8
41227.8
41227.7
41227.5
41227.3
41227.1
41226.8
41226.5
41226.2
41225.8
41225.4
41224.9
41224.4
41223.9
41223.4
41222.8
41222.2
41221.6
41220.9
41220.3
41219.6
41218.9
41218.2
41217.4
41216.7
41216
41215.2
41214.5
41213.8
41213
41212.3
41211.6
41210.9
41210.2
41209.6
41208.9
41208.3
41207.7
41207.1
41206.6
41206.1
41205.6
41205.2
41204.8
41204.4
41204.1
41203.8
41203.5
41203.3
41203.1
41203
41202.9
41202.8
41202.8
41202.8
41202.9
41203
41203.1
41203.3
41203.5
41203.8
41204.1
41204.4
41204.8
41205.2
41205.6
41206
41206.5
41207
41207.5
41208
41208.6
41209.2
41209.8
41210.4
41211
41211.7
41212.3
41213
41213.6
41214.3
41214.9
41215.6
41216.3
41216.9
41217.6
41218.2
41218.9
41219.5
41220.1
41220.7
41221.3
41221.9
41222.4
41222.9
41223.4
41223.9
41224.4
41224.8
41225.3
41225.7
41226
41226.4
41226.7
41226.9
41227.2
41227.4
41227.6
41227.7
41227.9
41228
41228
41228
41228
41228
41227.9
41227.8
41227.7
41227.6
41227.4
41227.2
41226.9
41226.6
41226.3
41226
41225.7
41225.3
41224.9
41224.5
41224
41223.6
41223.1
41222.6
41222.1
41221.6
41221
41220.5
41219.9
41219.4
41218.8
41218.2
41217.6
41217
41216.5
41215.9
41215.3
41214.7
41214.1
41213.6
41213
41212.4
41211.9
41211.3
41210.8
41210.3
41209.8
41209.3
41208.8
41208.4
41207.9
41207.5
41207.1
41206.7
41206.4
41206
41205.7
41205.4
41205.1
41204.9
41204.6
41204.4
41204.2
41204.1
41204
41203.8
41203.8
41203.7
41203.7
41203.7
41203.7
41203.7
41203.8
41203.8
41203.9
41204.1
41204.2
41204.4
41204.6
41204.8
41205
41205.2
41205.5
41205.8
41206.1
41206.4
41206.7
41207
41207.3
41207.7
41208
41208.4
41208.8
41209.2
41209.5
41209.9
41210.3
41210.7
41211.1
41211.5
41211.9
41212.3
41212.7
41213.1
41213.4
41213.8
41214.2
41214.5
41214.9
41215.2
41215.6
41215.9
41216.2
41216.5
41216.8
41217.1
41217.4
41217.7
41217.9
41218.2
41218.4
41218.6
41218.8
41219
41219.2
41219.4
41219.5
41219.7
41219.8
41219.9
41220
41220.1
41220.2
41220.3
41220.4
41220.4
41220.5
41220.5
41220.6
41220.6
41220.6
41220.6
41220.6
41220.6
41220.5
41220.5
41220.5
41220.4
41220.4
41220.3
41220.3
41220.2
41220.2
41220.1
41220
41219.9
41219.8
41219.8
41219.7
41219.6
41219.5
41219.4
41219.3
41219.2
41219.1
41219
41218.9
41218.8
41218.7
41218.6
41218.5
41218.4
41218.3
41218.2
41218.1
41218
41217.9
41217.8
41217.7
41217.6
41217.5
41217.4
41217.3
41217.2
41217.2
41217.1
41217
41216.9
41216.9
41216.8
41216.7
41216.7
41216.6
41216.5
41216.5
41216.4
41216.4
41216.3
41216.3
41216.2
41216.2
41216.2
41216.1
41216.1
41216.1
41216.1
41216
41216
41216
41216
41216
41216
41216
41215.9
41215.9
41215.9
41215.9
41215.9
41215.9
41215.9
41215.9
41215.9
41215.9
41215.9
41215.9
41215.9
41215.9
41215.9
41215.9
41215.9
41215.9
41215.9
41215.8
41215.8
41215.8
41215.8
41215.7
41215.7
41215.7
41215.6
41215.6
41215.5
41215.5
41215.4
41215.4
41215.3
41215.2
41215.1
41215
41214.9
41214.8
41214.7
41214.6
41214.5
41214.4
41214.2
41214.1
41214
41213.8
41213.7
41213.5
41213.3
41213.2
41213
41212.8
41212.6
41212.5
41212.3
41212.1
41211.9
41211.7
41211.5
41211.3
41211.1
41210.9
41210.6
41210.4
41210.2
41210
41209.8
41209.6
41209.4
41209.2
41209
41208.8
41208.7
41208.5
41208.3
41208.2
41208
41207.9
41207.7
41207.6
41207.5
41207.4
41207.3
41207.2
41207.1
41207
41207
41206.9
41206.9
41206.9
41206.9
41206.9
41207
41207
41207.1
41207.2
41207.3
41207.4
41207.5
41207.6
41207.8
41208
41208.2
41208.4
41208.6
41208.8
41209.1
41209.4
41209.7
41210
41210.3
41210.6
41210.9
41211.3
41211.6
41212
41212.4
41212.8
41213.2
41213.6
41214
41214.4
41214.9
41215.3
41215.7
41216.2
41216.6
41217.1
41217.5
41218
41218.4
41218.9
41219.3
41219.7
41220.2
41220.6
41221
41221.4
41221.8
41222.2
41222.6
41223
41223.3
41223.6
41224
41224.3
41224.6
41224.9
41225.1
41225.4
41225.6
41225.8
41226
41226.2
41226.4
41226.5
41226.6
41226.7
41226.8
41226.8
41226.9
41226.9
41226.9
41226.9
41226.8
41226.7
41226.6
41226.5
41226.4
41226.3
41226.1
41225.9
41225.7
41225.5
41225.3
41225
41224.8
41224.5
41224.2
41223.9
41223.5
41223.2
41222.9
41222.5
41222.2
41221.8
41221.4
41221
41220.6
41220.2
41219.8
41219.4
41219
41218.6
41218.2
41217.8
41217.4
41216.9
41216.5
41216.1
41215.7
41215.3
41214.9
41214.5
41214.2
41213.8
41213.4
41213.1
41212.7
41212.4
41212
41211.7
41211.4
41211.1
41210.8
41210.6
41210.3
41210
41209.8
41209.6
41209.4
41209.1
41209
41208.8
41208.6
41208.5
41208.3
41208.2
41208.1
41208
41207.9
41207.8
41207.7
41207.7
41207.6
41207.6
41207.6
41207.5
41207.5
41207.5
41207.5
41207.6
41207.6
41207.6
41207.7
41207.7
41207.8
41207.8
41207.9
41207.9
41208
41208.1
41208.2
41208.3
41208.4
41208.5
41208.6
41208.7
41208.8
41208.9
41209
41209.1
41209.2
41209.3
41209.4
41209.5
41209.6
41209.7
41209.8
41209.9
41210
41210.1
41210.2
41210.4
41210.5
41210.6
41210.7
41210.8
41210.9
41211
41211.1
41211.2
41211.3
41211.4
41211.5
41211.6
41211.7
41211.8
41211.9
41212
41212.1
41212.2
41212.4
41212.5
41212.6
41212.7
41212.8
41212.9
41213.1
41213.2
41213.3
41213.4
41213.6
41213.7
41213.8
41214
41214.1
41214.3
41214.4
41214.6
41214.7
41214.9
41215.1
41215.2
41215.4
41215.6
41215.8
41215.9
41216.1
41216.3
41216.5
41216.7
41216.9
41217.1
41217.2
41217.4
41217.6
41217.8
41218
41218.2
41218.4
41218.6
41218.8
41219
41219.2
41219.4
41219.6
41219.8
41220
41220.2
41220.4
41220.6
41220.8
41220.9
41221.1
41221.3
41221.4
41221.6
41221.8
41221.9
41222
41222.2
41222.3
41222.4
41222.5
41222.7
41222.8
41222.8
41222.9
41223
41223.1
41223.1
41223.2
41223.2
41223.2
41223.2
41223.3
41223.2
41223.2
41223.2
41223.2
41223.1
41223.1
41223
41222.9
41222.9
41222.8
41222.7
41222.5
41222.4
41222.3
41222.1
41222
41221.8
41221.7
41221.5
41221.3
41221.1
41220.9
41220.7
41220.4
41220.2
41220
41219.7
41219.5
41219.2
41218.9
41218.7
41218.4
41218.1
41217.8
41217.5
41217.3
41217
41216.7
41216.4
41216.1
41215.8
41215.4
41215.1
41214.8
41214.5
41214.2
41213.9
41213.6
41213.3
41213
41212.7
41212.4
41212.1
41211.8
41211.5
41211.3
41211
41210.7
41210.4
41210.2
41209.9
41209.7
41209.4
41209.2
41209
41208.8
41208.6
41208.3
41208.2
41208
41207.8
41207.6
41207.5
41207.3
41207.2
41207
41206.9
41206.8
41206.7
41206.6
41206.5
41206.4
41206.4
41206.3
41206.3
41206.3
41206.2
41206.2
41206.2
41206.2
41206.3
41206.3
41206.3
41206.4
41206.5
41206.5
41206.6
41206.7
41206.8
41206.9
41207.1
41207.2
41207.3
41207.5
41207.6
41207.8
41208
41208.2
41208.4
41208.6
41208.8
41209
41209.2
41209.4
41209.7
41209.9
41210.2
41210.4
41210.7
41211
41211.2
41211.5
41211.8
41212
41212.3
41212.6
41212.9
41213.2
41213.5
41213.8
41214.1
41214.4
41214.6
41214.9
41215.2
41215.5
41215.8
41216.1
41216.4
41216.7
41216.9
41217.2
41217.5
41217.7
41218
41218.2
41218.5
41218.7
41219
41219.2
41219.4
41219.6
41219.9
41220.1
41220.3
41220.4
41220.6
41220.8
41221
41221.1
41221.2
41221.4
41221.5
41221.6
41221.7
41221.8
41221.9
41222
41222.1
41222.1
41222.2
41222.2
41222.2
41222.2
41222.3
41222.3
41222.3
41222.2
41222.2
41222.2
41222.1
41222.1
41222
41221.9
41221.9
41221.8
41221.7
41221.6
41221.5
41221.4
41221.2
41221.1
41221
41220.8
41220.7
41220.6
41220.4
41220.2
41220.1
41219.9
41219.7
41219.6
41219.4
41219.2
41219.1
41218.9
41218.7
41218.5
41218.3
41218.1
41218
41217.8
41217.6
41217.4
41217.2
41217
41216.9
41216.7
41216.5
41216.3
41216.2
41216
41215.8
41215.7
41215.5
41215.4
41215.2
41215.1
41214.9
41214.8
41214.6
41214.5
41214.4
41214.3
41214.1
41214
41213.9
41213.8
41213.7
41213.6
41213.5
41213.4
41213.3
41213.2
41213.2
41213.1
41213
41212.9
41212.9
41212.8
41212.8
41212.7
41212.6
41212.6
41212.6
41212.5
41212.5
41212.4
41212.4
41212.4
41212.3
41212.3
41212.3
41212.3
41212.2
41212.2
41212.2
41212.2
41212.2
41212.1
41212.1
41212.1
41212.1
41212.1
41212.1
41212.1
41212.1
41212.1
41212
41212
41212
41212
41212
41212
41212
41212
41212
41212
41211.9
41211.9
41211.9
41211.9
41211.9
41211.9
41211.9
41211.9
41211.9
41211.9
41211.9
41211.9
41211.8
41211.8
41211.8
41211.8
41211.8
41211.8
41211.8
41211.8
41211.8
41211.8
41211.8
41211.8
41211.8
41211.8
41211.9
41211.9
41211.9
41211.9
41211.9
41211.9
41212
41212
41212
41212.1
41212.1
41212.1
41212.2
41212.2
41212.3
41212.3
41212.4
41212.4
41212.5
41212.6
41212.6
41212.7
41212.8
41212.9
41212.9
41213
41213.1
41213.2
41213.3
41213.4
41213.5
41213.6
41213.7
41213.9
41214
41214.1
41214.2
41214.4
41214.5
41214.6
41214.8
41214.9
41215.1
41215.2
41215.4
41215.5
41215.7
41215.8
41216
41216.1
41216.3
41216.4
41216.6
41216.8
41216.9
41217.1
41217.2
41217.4
41217.6
41217.7
41217.9
41218
41218.2
41218.3
41218.5
41218.6
41218.8
41218.9
41219.1
41219.2
41219.3
41219.4
41219.6
41219.7
41219.8
41219.9
41220
41220.1
41220.2
41220.3
41220.3
41220.4
41220.5
41220.5
41220.6
41220.6
41220.7
41220.7
41220.7
41220.8
41220.8
41220.8
41220.8
41220.8
41220.7
41220.7
41220.7
41220.6
41220.6
41220.5
41220.5
41220.4
41220.3
41220.2
41220.1
41220
41219.9
41219.8
41219.7
41219.6
41219.4
41219.3
41219.1
41219
41218.8
41218.7
41218.5
41218.3
41218.2
41218
41217.8
41217.6
41217.4
41217.2
41217
41216.8
41216.6
41216.4
41216.2
41216
41215.8
41215.6
41215.4
41215.2
41215
41214.8
41214.6
41214.4
41214.2
41214
41213.8
41213.6
41213.5
41213.3
41213.1
41212.9
41212.7
41212.6
41212.4
41212.2
41212.1
41211.9
41211.8
41211.7
41211.5
41211.4
41211.3
41211.2
41211.1
41210.9
41210.9
41210.8
41210.7
41210.6
41210.5
41210.5
41210.4
41210.4
41210.3
41210.3
41210.2
41210.2
41210.2
41210.2
41210.2
41210.2
41210.2
41210.2
41210.2
41210.3
41210.3
41210.3
41210.4
41210.4
41210.5
41210.5
41210.6
41210.6
41210.7
41210.8
41210.9
41211
41211
41211.1
41211.2
41211.3
41211.4
41211.5
41211.6
41211.7
41211.8
41212
41212.1
41212.2
41212.3
41212.4
41212.5
41212.6
41212.8
41212.9
41213
41213.1
41213.2
41213.4
41213.5
41213.6
41213.7
41213.8
41213.9
41214
41214.2
41214.3
41214.4
41214.5
41214.6
41214.7
41214.8
41214.9
41215
41215.1
41215.2
41215.3
41215.3
41215.4
41215.5
41215.6
41215.7
41215.7
41215.8
41215.9
41216
41216
41216.1
41216.2
41216.2
41216.3
41216.3
41216.4
41216.4
41216.5
41216.5
41216.6
41216.6
41216.7
41216.7
41216.7
41216.8
41216.8
41216.8
41216.9
41216.9
41216.9
41217
41217
41217
41217.1
41217.1
41217.1
41217.1
41217.1
41217.2
41217.2
41217.2
41217.2
41217.3
41217.3
41217.3
41217.3
41217.3
41217.4
41217.4
41217.4
41217.4
41217.4
41217.5
41217.5
41217.5
41217.5
41217.5
41217.6
41217.6
41217.6
41217.6
41217.6
41217.7
41217.7
41217.7
41217.7
41217.7
41217.7
41217.8
41217.8
41217.8
41217.8
41217.8
41217.8
41217.9
41217.9
41217.9
41217.9
41217.9
41217.9
41217.9
41217.9
41217.9
41217.9
41217.9
41217.9
41217.9
41217.9
41217.9
41217.8
41217.8
41217.8
41217.8
41217.8
41217.7
41217.7
41217.7
41217.6
41217.6
41217.5
41217.5
41217.4
41217.4
41217.3
41217.2
41217.2
41217.1
41217
41216.9
41216.9
41216.8
41216.7
41216.6
41216.5
41216.4
41216.3
41216.2
41216.1
41215.9
41215.8
41215.7
41215.6
41215.5
41215.3
41215.2
41215.1
41214.9
41214.8
41214.6
41214.5
41214.4
41214.2
41214.1
41213.9
41213.8
41213.6
41213.5
41213.3
41213.2
41213
41212.9
41212.7
41212.6
41212.4
41212.3
41212.2
41212
41211.9
41211.8
41211.6
41211.5
41211.4
41211.3
41211.2
41211
41210.9
41210.8
41210.7
41210.7
41210.6
41210.5
41210.4
41210.3
41210.3
41210.2
41210.2
41210.1
41210.1
41210.1
41210.1
41210
41210
41210
41210
41210.1
41210.1
41210.1
41210.1
41210.2
41210.2
41210.3
41210.3
41210.4
41210.5
41210.6
41210.7
41210.8
41210.9
41211
41211.1
41211.2
41211.3
41211.5
41211.6
41211.7
41211.9
41212
41212.2
41212.3
41212.5
41212.7
41212.8
41213
41213.2
41213.4
41213.5
41213.7
41213.9
41214.1
41214.3
41214.5
41214.7
41214.8
41215
41215.2
41215.4
41215.6
41215.8
41216
41216.1
41216.3
41216.5
41216.7
41216.8
41217
41217.2
41217.3
41217.5
41217.6
41217.8
41217.9
41218.1
41218.2
41218.3
41218.5
41218.6
41218.7
41218.8
41218.9
41219
41219.1
41219.2
41219.3
41219.3
41219.4
41219.5
41219.5
41219.6
41219.6
41219.6
41219.7
41219.7
41219.7
41219.7
41219.7
41219.7
41219.7
41219.7
41219.7
41219.7
41219.6
41219.6
41219.6
41219.5
41219.5
41219.4
41219.4
41219.3
41219.2
41219.2
41219.1
41219
41218.9
41218.8
41218.7
41218.6
41218.5
41218.4
41218.3
41218.2
41218.1
41218
41217.9
41217.8
41217.6
41217.5
41217.4
41217.3
41217.2
41217
41216.9
41216.8
41216.7
41216.5
41216.4
41216.3
41216.2
41216
41215.9
41215.8
41215.7
41215.5
41215.4
41215.3
41215.2
41215.1
41214.9
41214.8
41214.7
41214.6
41214.5
41214.4
41214.3
41214.2
41214.1
41214
41213.9
41213.8
41213.7
41213.6
41213.5
41213.4
41213.4
41213.3
41213.2
41213.1
41213.1
41213
41212.9
41212.9
41212.8
41212.8
41212.7
41212.6
41212.6
41212.6
41212.5
41212.5
41212.4
41212.4
41212.4
41212.3
41212.3
41212.3
41212.3
41212.3
41212.2
41212.2
41212.2
41212.2
41212.2
41212.2
41212.2
41212.2
41212.2
41212.2
41212.2
41212.2
41212.2
41212.3
41212.3
41212.3
41212.3
41212.3
41212.4
41212.4
41212.4
41212.4
41212.5
41212.5
41212.5
41212.6
41212.6
41212.7
41212.7
41212.7
41212.8
41212.8
41212.9
41212.9
41213
41213
41213.1
41213.1
41213.2
41213.2
41213.3
41213.3
41213.4
41213.5
41213.5
41213.6
41213.6
41213.7
41213.8
41213.8
41213.9
41214
41214
41214.1
41214.2
41214.2
41214.3
41214.4
41214.4
41214.5
41214.6
41214.7
41214.7
41214.8
41214.9
41215
41215
41215.1
41215.2
41215.3
41215.3
41215.4
41215.5
41215.6
41215.6
41215.7
41215.8
41215.8
41215.9
41216
41216.1
41216.1
41216.2
41216.3
41216.4
41216.4
41216.5
41216.6
41216.6
41216.7
41216.8
41216.8
41216.9
41217
41217
41217.1
41217.1
41217.2
41217.2
41217.3
41217.3
41217.4
41217.4
41217.5
41217.5
41217.6
41217.6
41217.6
41217.7
41217.7
41217.7
41217.8
41217.8
41217.8
41217.8
41217.9
41217.9
41217.9
41217.9
41217.9
41217.9
41217.9
41217.9
41217.9
41217.9
41217.9
41217.8
41217.8
41217.8
41217.8
41217.7
41217.7
41217.7
41217.6
41217.6
41217.6
41217.5
41217.5
41217.4
41217.4
41217.3
41217.2
41217.2
41217.1
41217
41217
41216.9
41216.8
41216.7
41216.7
41216.6
41216.5
41216.4
41216.3
41216.2
41216.1
41216
41215.9
41215.9
41215.8
41215.7
41215.6
41215.5
41215.4
41215.3
41215.2
41215.1
41215
41214.9
41214.8
41214.7
41214.6
41214.5
41214.4
41214.3
41214.2
41214.1
41214
41213.9
41213.8
41213.7
41213.6
41213.5
41213.4
41213.4
41213.3
41213.2
41213.1
41213.1
41213
41212.9
41212.9
41212.8
41212.8
41212.7
41212.7
41212.6
41212.6
41212.5
41212.5
41212.5
41212.4
41212.4
41212.4
41212.4
41212.3
41212.3
41212.3
41212.3
41212.3
41212.3
41212.3
41212.3
41212.3
41212.4
41212.4
41212.4
41212.4
41212.5
41212.5
41212.5
41212.6
41212.6
41212.7
41212.7
41212.8
41212.8
41212.9
41212.9
41213
41213.1
41213.1
41213.2
41213.3
41213.3
41213.4
41213.5
41213.6
41213.6
41213.7
41213.8
41213.9
41214
41214
41214.1
41214.2
41214.3
41214.4
41214.4
41214.5
41214.6
41214.7
41214.8
41214.9
41214.9
41215
41215.1
41215.2
41215.3
41215.3
41215.4
41215.5
41215.6
41215.6
41215.7
41215.8
41215.9
41215.9
41216
41216
41216.1
41216.2
41216.2
41216.3
41216.3
41216.4
41216.4
41216.5
41216.5
41216.6
41216.6
41216.6
41216.7
41216.7
41216.7
41216.8
41216.8
41216.8
41216.8
41216.9
41216.9
41216.9
41216.9
41216.9
41216.9
41216.9
41216.9
41216.9
41217
41217
41216.9
41216.9
41216.9
41216.9
41216.9
41216.9
41216.9
41216.9
41216.9
41216.9
41216.8
41216.8
41216.8
41216.8
41216.8
41216.7
41216.7
41216.7
41216.6
41216.6
41216.6
41216.6
41216.5
41216.5
41216.5
41216.4
41216.4
41216.4
41216.3
41216.3
41216.2
41216.2
41216.2
41216.1
41216.1
41216.1
41216
41216
41215.9
41215.9
41215.8
41215.8
41215.8
41215.7
41215.7
41215.6
41215.6
41215.6
41215.5
41215.5
41215.4
41215.4
41215.3
41215.3
41215.3
41215.2
41215.2
41215.1
41215.1
41215
41215
41215
41214.9
41214.9
41214.8
41214.8
41214.8
41214.7
41214.7
41214.6
41214.6
41214.5
41214.5
41214.5
41214.4
41214.4
41214.4
41214.3
41214.3
41214.2
41214.2
41214.2
41214.1
41214.1
41214.1
41214
41214
41214
41214
41213.9
41213.9
41213.9
41213.8
41213.8
41213.8
41213.8
41213.8
41213.7
41213.7
41213.7
41213.7
41213.7
41213.6
41213.6
41213.6
41213.6
41213.6
41213.6
41213.6
41213.6
41213.6
41213.6
41213.6
41213.6
41213.6
41213.6
41213.6
41213.6
41213.6
41213.6
41213.6
41213.6
41213.6
41213.6
41213.7
41213.7
41213.7
41213.7
41213.7
41213.8
41213.8
41213.8
41213.8
41213.9
41213.9
41213.9
41214
41214
41214.1
41214.1
41214.1
41214.2
41214.2
41214.3
41214.3
41214.4
41214.4
41214.5
41214.5
41214.5
41214.6
41214.7
41214.7
41214.8
41214.8
41214.9
41214.9
41215
41215
41215.1
41215.1
41215.2
41215.3
41215.3
41215.4
41215.4
41215.5
41215.5
41215.6
41215.6
41215.7
41215.8
41215.8
41215.9
41215.9
41216
41216
41216.1
41216.1
41216.2
41216.2
41216.2
41216.3
41216.3
41216.4
41216.4
41216.4
41216.5
41216.5
41216.5
41216.6
41216.6
41216.6
41216.6
41216.7
41216.7
41216.7
41216.7
41216.7
41216.8
41216.8
41216.8
41216.8
41216.8
41216.8
41216.8
41216.8
41216.8
41216.8
41216.8
41216.8
41216.7
41216.7
41216.7
41216.7
41216.7
41216.7
41216.6
41216.6
41216.6
41216.6
41216.5
41216.5
41216.5
41216.4
41216.4
41216.3
41216.3
41216.3
41216.2
41216.2
41216.1
41216.1
41216
41216
41215.9
41215.9
41215.8
41215.8
41215.7
41215.7
41215.6
41215.6
41215.5
41215.5
41215.4
41215.3
41215.3
41215.2
41215.2
41215.1
41215.1
41215
41215
41214.9
41214.8
41214.8
41214.7
41214.7
41214.6
41214.6
41214.5
41214.5
41214.4
41214.4
41214.3
41214.3
41214.3
41214.2
41214.2
41214.1
41214.1
41214.1
41214
41214
41214
41213.9
41213.9
41213.9
41213.8
41213.8
41213.8
41213.8
41213.7
41213.7
41213.7
41213.7
41213.7
41213.7
41213.6
41213.6
41213.6
41213.6
41213.6
41213.6
41213.6
41213.6
41213.6
41213.6
41213.6
41213.6
41213.6
41213.6
41213.6
41213.7
41213.7
41213.7
41213.7
41213.7
41213.7
41213.7
41213.8
41213.8
41213.8
41213.8
41213.9
41213.9
41213.9
41213.9
41214
41214
41214
41214.1
41214.1
41214.1
41214.1
41214.2
41214.2
41214.2
41214.3
41214.3
41214.4
41214.4
41214.4
41214.5
41214.5
41214.5
41214.6
41214.6
41214.7
41214.7
41214.7
41214.8
41214.8
41214.9
41214.9
41214.9
41215
41215
41215.1
41215.1
41215.2
41215.2
41215.2
41215.3
41215.3
41215.4
41215.4
41215.4
41215.5
41215.5
41215.6
41215.6
41215.6
41215.7
41215.7
41215.8
41215.8
41215.8
41215.9
41215.9
41215.9
41216
41216
41216
41216.1
41216.1
41216.1
41216.2
41216.2
41216.2
41216.3
41216.3
41216.3
41216.3
41216.4
41216.4
41216.4
41216.4
41216.5
41216.5
41216.5
41216.5
41216.5
41216.6
41216.6
41216.6
41216.6
41216.6
41216.6
41216.6
41216.6
41216.6
41216.7
41216.7
41216.7
41216.7
41216.7
41216.7
41216.7
41216.6
41216.6
41216.6
41216.6
41216.6
41216.6
41216.6
41216.6
41216.5
41216.5
41216.5
41216.5
41216.4
41216.4
41216.4
41216.4
41216.3
41216.3
41216.3
41216.2
41216.2
41216.1
41216.1
41216.1
41216
41216
41215.9
41215.9
41215.8
41215.8
41215.7
41215.7
41215.6
41215.6
41215.5
41215.4
41215.4
41215.3
41215.3
41215.2
41215.1
41215.1
41215
41215
41214.9
41214.8
41214.8
41214.7
41214.6
41214.6
41214.5
41214.4
41214.4
41214.3
41214.3
41214.2
41214.1
41214.1
41214
41214
41213.9
41213.8
41213.8
41213.7
41213.7
41213.6
41213.6
41213.5
41213.5
41213.4
41213.4
41213.4
41213.3
41213.3
41213.2
41213.2
41213.2
41213.1
41213.1
41213.1
41213.1
41213.1
41213
41213
41213
41213
41213
41213
41213
41213
41213
41213
41213
41213
41213
41213
41213.1
41213.1
41213.1
41213.1
41213.2
41213.2
41213.2
41213.3
41213.3
41213.3
41213.4
41213.4
41213.5
41213.5
41213.6
41213.6
41213.7
41213.7
41213.8
41213.9
41213.9
41214
41214
41214.1
41214.2
41214.2
41214.3
41214.4
41214.5
41214.5
41214.6
41214.7
41214.8
41214.8
41214.9
41215
41215.1
41215.1
41215.2
41215.3
41215.4
41215.4
41215.5
41215.6
41215.7
41215.7
41215.8
41215.9
41215.9
41216
41216.1
41216.1
41216.2
41216.3
41216.3
41216.4
41216.5
41216.5
41216.6
41216.6
41216.7
41216.7
41216.8
41216.8
41216.9
41216.9
41217
41217
41217
41217.1
41217.1
41217.1
41217.1
41217.2
41217.2
41217.2
41217.2
41217.2
41217.2
41217.3
41217.3
41217.3
41217.3
41217.3
41217.3
41217.3
41217.2
41217.2
41217.2
41217.2
41217.2
41217.2
41217.2
41217.1
41217.1
41217.1
41217
41217
41217
41216.9
41216.9
41216.9
41216.8
41216.8
41216.7
41216.7
41216.6
41216.6
41216.5
41216.5
41216.4
41216.4
41216.3
41216.3
41216.2
41216.1
41216.1
41216
41216
41215.9
41215.8
41215.8
41215.7
41215.7
41215.6
41215.5
41215.5
41215.4
41215.3
41215.3
41215.2
41215.1
41215.1
41215
41214.9
41214.9
41214.8
41214.7
41214.7
41214.6
41214.6
41214.5
41214.4
41214.4
41214.3
41214.3
41214.2
41214.1
41214.1
41214
41214
41213.9
41213.9
41213.8
41213.8
41213.7
41213.7
41213.7
41213.6
41213.6
41213.5
41213.5
41213.5
41213.4
41213.4
41213.4
41213.3
41213.3
41213.3
41213.2
41213.2
41213.2
41213.2
41213.2
41213.1
41213.1
41213.1
41213.1
41213.1
41213.1
41213.1
41213.1
41213.1
41213.1
41213.1
41213.1
41213.1
41213.1
41213.1
41213.1
41213.1
41213.1
41213.2
41213.2
41213.2
41213.2
41213.2
41213.3
41213.3
41213.3
41213.4
41213.4
41213.4
41213.4
41213.5
41213.5
41213.6
41213.6
41213.6
41213.7
41213.7
41213.8
41213.8
41213.9
41213.9
41214
41214
41214.1
41214.1
41214.2
41214.2
41214.3
41214.4
41214.4
41214.5
41214.5
41214.6
41214.7
41214.7
41214.8
41214.9
41214.9
41215
41215
41215.1
41215.2
41215.2
41215.3
41215.4
41215.4
41215.5
41215.6
41215.6
41215.7
41215.8
41215.8
41215.9
41215.9
41216
41216.1
41216.1
41216.2
41216.2
41216.3
41216.4
41216.4
41216.5
41216.5
41216.6
41216.6
41216.7
41216.7
41216.8
41216.8
41216.9
41216.9
41216.9
41217
41217
41217.1
41217.1
41217.1
41217.1
41217.2
41217.2
41217.2
41217.2
41217.3
41217.3
41217.3
41217.3
41217.3
41217.3
41217.3
41217.3
41217.3
41217.3
41217.3
41217.3
41217.3
41217.3
41217.3
41217.3
41217.2
41217.2
41217.2
41217.2
41217.2
41217.1
41217.1
41217.1
41217
41217
41216.9
41216.9
41216.9
41216.8
41216.8
41216.7
41216.7
41216.6
41216.5
41216.5
41216.4
41216.4
41216.3
41216.2
41216.2
41216.1
41216
41216
41215.9
41215.8
41215.8
41215.7
41215.6
41215.5
41215.5
41215.4
41215.3
41215.2
41215.2
41215.1
41215
41214.9
41214.9
41214.8
41214.7
41214.6
41214.6
41214.5
41214.4
41214.3
41214.3
41214.2
41214.1
41214.1
41214
41213.9
41213.9
41213.8
41213.7
41213.7
41213.6
41213.6
41213.5
41213.4
41213.4
41213.3
41213.3
41213.2
41213.2
41213.2
41213.1
41213.1
41213
41213
41213
41212.9
41212.9
41212.9
41212.9
41212.9
41212.8
41212.8
41212.8
41212.8
41212.8
41212.8
41212.8
41212.8
41212.8
41212.8
41212.8
41212.8
41212.8
41212.8
41212.9
41212.9
41212.9
41212.9
41213
41213
41213
41213.1
41213.1
41213.1
41213.2
41213.2
41213.3
41213.3
41213.4
41213.4
41213.5
41213.5
41213.6
41213.6
41213.7
41213.7
41213.8
41213.8
41213.9
41214
41214
41214.1
41214.2
41214.2
41214.3
41214.4
41214.4
41214.5
41214.6
41214.6
41214.7
41214.8
41214.8
41214.9
41215
41215
41215.1
41215.2
41215.3
41215.3
41215.4
41215.5
41215.5
41215.6
41215.6
41215.7
41215.8
41215.8
41215.9
41215.9
41216
41216.1
41216.1
41216.2
41216.2
41216.3
41216.3
41216.4
41216.4
41216.5
41216.5
41216.5
41216.6
41216.6
41216.7
41216.7
41216.7
41216.8
41216.8
41216.8
41216.9
41216.9
41216.9
41216.9
41216.9
41217
41217
41217
41217
41217
41217
41217
41217
41217
41217
41217
41217
41217
41217
41217
41217
41217
41217
41217
41217
41216.9
41216.9
41216.9
41216.9
41216.9
41216.8
41216.8
41216.8
41216.7
41216.7
41216.7
41216.7
41216.6
41216.6
41216.5
41216.5
41216.5
41216.4
41216.4
41216.4
41216.3
41216.3
41216.2
41216.2
41216.1
41216.1
41216
41216
41215.9
41215.9
41215.8
41215.8
41215.7
41215.7
41215.6
41215.6
41215.5
41215.5
41215.4
41215.4
41215.3
41215.3
41215.2
41215.2
41215.1
41215.1
41215
41215
41214.9
41214.8
41214.8
41214.7
41214.7
41214.6
41214.6
41214.5
41214.5
41214.4
41214.4
41214.3
41214.3
41214.3
41214.2
41214.2
41214.1
41214.1
41214
41214
41213.9
41213.9
41213.9
41213.8
41213.8
41213.8
41213.7
41213.7
41213.7
41213.6
41213.6
41213.6
41213.5
41213.5
41213.5
41213.5
41213.5
41213.4
41213.4
41213.4
41213.4
41213.4
41213.4
41213.3
41213.3
41213.3
41213.3
41213.3
41213.3
41213.3
41213.3
41213.3
41213.3
41213.3
41213.3
41213.3
41213.3
41213.3
41213.4
41213.4
41213.4
41213.4
41213.4
41213.4
41213.5
41213.5
41213.5
41213.5
41213.6
41213.6
41213.6
41213.7
41213.7
41213.7
41213.8
41213.8
41213.8
41213.9
41213.9
41214
41214
41214
41214.1
41214.1
41214.2
41214.2
41214.3
41214.3
41214.4
41214.4
41214.5
41214.5
41214.6
41214.6
41214.7
41214.7
41214.8
41214.9
41214.9
41215
41215
41215.1
41215.1
41215.2
41215.2
41215.3
41215.4
41215.4
41215.5
41215.5
41215.6
41215.6
41215.7
41215.7
41215.8
41215.8
41215.9
41215.9
41216
41216
41216.1
41216.1
41216.2
41216.2
41216.3
41216.3
41216.3
41216.4
41216.4
41216.5
41216.5
41216.5
41216.6
41216.6
41216.6
41216.7
41216.7
41216.7
41216.7
41216.8
41216.8
41216.8
41216.8
41216.8
41216.8
41216.9
41216.9
41216.9
41216.9
41216.9
41216.9
41216.9
41216.9
