
Objective value: 
52648.4
14907.1
15572.4
18739.3
22282.9
24609.9
26235.7
26910.1
28063
30538.2
34126.3
38204.4
41663
44454.7
46089.1
46843.1
47009.7
46795.7
46384.8
45918.5
45497.8
45185.5
44954.6
44764.3
44712.6
44829.9
45062.3
45291.5
45603.6
45961.9
46304.8
46549.9
46764.4
46916.7
46997.9
47011.7
46959.1
46844.3
46676.4
46467.5
46232.4
45939.2
45612.3
45289.5
45000.2
44688.4
44421.9
44203.9
44035.6
43915.7
43840.6
43805.6
43805.8
43836.6
43893.9
43974.4
44074.9
44192.2
44323.3
44377.5
44433.2
44498.2
44574.1
44658.8
44748.8
44841.1
44932.4
45019.8
45100.3
45171.5
45231.2
45277.7
45310.2
45328.7
45333.5
45325.2
45287.8
45194
45077.3
44936.6
44776.5
44599.4
44406.2
44196.8
43971.1
43728.9
43470.8
43197.3
42909.9
42610.8
42303.7
41991.8
41681.3
41375.7
41076.1
40784.2
40502.2
40232.4
39976.9
39736.9
39514.2
39310.3
39125.6
38960.2
38813.7
38685.7
38575.2
38481.5
38403.7
38340.6
38283
38230.5
38186.8
38152.7
38127.1
38108.8
38096.2
38089.5
38087.6
38089.8
38095.7
38104.9
38117.4
38132.9
38151.6
38173.6
38199.4
38229.1
38263.6
38303.8
38349.8
38402.2
38461.2
38527.3
38601.1
38685.6
38779.8
38882.2
38992
39108.4
39231
39359.6
39493
39630.2
39769.8
39910.7
40052.6
40195.3
40337.6
40478.8
40618.6
40748.3
40861.8
40976.1
41092.4
41210.7
41330.6
41451.3
41572.5
41694
41815.8
41937.8
42060
42182.4
42305.3
42428.7
42552.2
42675.5
42798.2
42919.8
43039.6
43157
43271.3
43381.6
43486.6
43585.2
43676
43758
43830.2
43891.7
43941.6
43979.3
44004.3
44016.3
44015.1
44000.7
43969.2
43919.3
43853.1
43772.6
43679.4
43575.1
43461.3
43339.7
43212
43079.8
42944.9
42808.7
42672.7
42538.5
42407.2
42280
42158
42041.9
41932.5
41830
41734.8
41646.9
41566.2
41492.5
41425.2
41363.6
41306.8
41254
41205
41158.9
41114.6
41071.3
41027.9
40983.8
40937.9
40889.8
40839.1
40785.3
40728.4
40668.3
40605
40538.7
40469.6
40398.2
40324.9
40250.1
40174.4
40098.4
40022.8
39948.6
39876.5
39807
39740.6
39677.9
39619.9
39566.9
39519.4
39477.8
39442.5
39414
39392.6
39378.7
39372.6
39374.3
39384.2
39402.1
39428.2
39462.7
39506.2
39558.7
39619.4
39687.9
39763.4
39845.5
39933.9
40027.9
40126.8
40229.9
40336.8
40446.6
40558.1
40671
40784.3
40897
41008.3
41117.2
41223.1
41325.3
41422.9
41515.6
41602.6
41683.7
41758.3
41826.2
41887.2
41941.2
41988.1
42027.9
42060.8
42087
42106.7
42120.4
42128.4
42131.2
42129.2
42123.2
42113.6
42101.1
42086.2
42069.7
42052.1
42034.2
42016.4
41999.4
41983.6
41969.7
41957.9
41948.7
41942.3
41939.1
41939.3
41942.7
41949.3
41958.9
41971.2
41985.9
42002.6
42021
42040.4
42060.4
42080.4
42099.8
42118
42134.4
42148.4
42159.4
42166.7
42170.1
42168.8
42162.6
42151.1
42134.1
42111.3
42082.7
42048.2
42007.8
41961.8
41910.3
41853.6
41792
41725.9
41655.8
41582.2
41505.7
41426.9
41346.4
41264.8
41182.8
41100.8
41019.7
40940.1
40862.6
40787.7
40715.8
40647.4
40582.9
40522.6
40466.7
40415.5
40369
40327.5
40291.1
40259.8
40233.8
40212.9
40197.2
40186.6
40180.9
40180
40183.8
40192.1
40205
40222.4
40244
40269.5
40298.4
40330.5
40365.6
40403.4
40443.5
40485.6
40529.2
40574.1
40619.9
40666.3
40712.9
40759.6
40806.1
40852
40897.1
40941.3
40984.5
41026.6
41067.4
41106.6
41144.1
41179.7
41213.4
41245.1
41274.7
41302.4
41328
41351.7
41373.4
41393.2
41411.3
41427.7
41442.4
41455.7
41467.6
41478.3
41487.9
41496.5
41504.3
41511.4
41518
41524.1
41530
41535.6
41541.2
41546.9
41552.6
41558.6
41564.7
41571.2
41578
41585.1
41592.5
41600.3
41608.3
41616.6
41625.1
41633.9
41642.8
41651.5
41660.1
41668.4
41676.1
41683.3
41689.8
41695.4
41700
41703.5
41705.8
41706.8
41706.3
41704.4
41700.7
41695.4
41688.3
41679.4
41668.7
41656
41641.4
41624.9
41606.5
41586.3
41564.2
41540.4
41514.9
41487.8
41459.1
41429
41397.7
41365.1
41331.5
41297.2
41262.2
41226.7
41190.7
41154.4
41118.1
41081.8
41045.9
41010.6
40976.1
40942.4
40909.6
40877.9
40847.5
40818.5
40791
40765.2
40741.2
40719.2
40699.2
40681.3
40665.7
40652.5
40641.6
40633.1
40627.1
40623.6
40622.6
40624.1
40628.1
40634.5
40643.3
40654.5
40667.8
40683.4
40701
40720.7
40742.2
40765.5
40790.5
40817.1
40845.2
40874.7
40905.4
40937.2
40970.1
41004
41038.8
41074.5
41110.8
41147.6
41184.8
41222
41259.2
41296.2
41332.8
41369
41404.5
41439.3
41473.2
41506
41537.7
41568.1
41597.1
41624.6
41650.5
41674.7
41697.1
41717.7
41736.4
41753
41767.7
41780.2
41790.7
41799
41805.2
41809.3
41811.1
41810.9
41808.5
41804
41797.5
41789
41778.6
41766.3
41752.2
41736.5
41719.1
41700.1
41679.7
41658
41635.1
41611
41585.9
41559.8
41533
41505.5
41477.3
41448.7
41419.8
41390.6
41361.3
41331.9
41302.8
41273.8
41245.2
41217.1
41189.5
41162.6
41136.4
41111.2
41086.8
41063.4
41041.2
41020
41000
40981.2
40963.7
40947.4
40932.4
40918.7
40906.4
40895.5
40886.1
40878
40871.1
40865.5
40861
40857.5
40855.1
40853.7
40853.3
40853.8
40855.1
40857.3
40860.3
40864
40868.4
40873.4
40879.1
40885.4
40892.2
40899.5
40907.3
40915.6
40924.3
40933.5
40943
40952.9
40963.1
40973.6
40984.5
40995.6
41007.1
41018.8
41030.7
41042.9
41055.4
41068.1
41081.3
41094.7
41108.5
41122.6
41136.8
41151.3
41165.9
41180.7
41195.6
41210.6
41225.7
41240.8
41256
41271.3
41286.5
41301.6
41316.7
41331.7
41346.5
41361.2
41375.7
41389.9
41403.8
41417.5
41430.7
41443.6
41456
41467.9
41479.3
41490.1
41500.3
41509.9
41518.8
41526.9
41534.3
41540.9
41546.7
41551.6
41555.7
41558.9
41561.1
41562.5
41563
41562.6
41561.2
41558.9
41555.7
41551.6
41546.6
41540.7
41534
41526.5
41518.2
41509.1
41499.2
41488.7
41477.5
41465.7
41453.4
41440.5
41427.1
41413.3
41399.1
41384.6
41369.9
41354.9
41339.7
41324.4
41309
41293.6
41278.2
41262.9
41247.7
41232.6
41217.7
41203.1
41188.7
41174.7
41161
41147.7
41134.8
41122.3
41110.3
41098.8
41087.8
41077.3
41067.4
41058.1
41049.4
41041.3
41033.8
41026.9
41020.6
41014.8
41009.6
41005
41000.8
40997.3
40994.2
40991.7
40989.7
40988.3
40987.3
40986.9
40986.9
40987.4
40988.4
40989.9
40991.9
40994.3
40997.2
41000.6
41004.4
41008.8
41013.6
41019
41024.8
41031.1
41037.9
41045
41052.7
41060.7
41069.2
41078.1
41087.4
41097.1
41107.2
41117.6
41128.4
41139.6
41151.1
41162.8
41174.9
41187.2
41199.8
41212.5
41225.4
41238.4
41251.5
41264.6
41277.6
41290.7
41303.5
41316.2
41328.7
41340.9
41352.7
41364.2
41375.3
41385.8
41395.9
41405.5
41414.5
41422.9
41430.7
41437.8
41444.4
41450.2
41455.4
41460
41463.8
41467
41469.5
41471.3
41472.4
41472.8
41472.6
41471.8
41470.3
41468.2
41465.5
41462.3
41458.5
41454.1
41449.3
41444
41438.3
41432.1
41425.6
41418.7
41411.5
41404
41396.3
41388.4
41380.3
41372.1
41363.7
41355.3
41346.8
41338.3
41329.8
41321.3
41312.9
41304.4
41296.1
41287.7
41279.4
41271.1
41262.7
41254.4
41245.9
41237.4
41228.8
41220.1
41211.3
41202.4
41193.5
41184.5
41175.5
41166.6
41157.6
41148.8
41140.1
41131.5
41123.1
41114.9
41106.9
41099.1
41091.6
41084.4
41077.5
41070.9
41064.7
41058.8
41053.4
41048.3
41043.6
41039.4
41035.6
41032.2
41029.3
41026.9
41025
41023.5
41022.6
41022.2
41022.4
41023
41024.2
41025.9
41028.2
41031.1
41034.4
41038.3
41042.8
41047.8
41053.3
41059.3
41065.9
41072.9
41080.4
41088.4
41096.8
41105.5
41114.7
41124.1
41133.9
41143.9
41154.1
41164.5
41175
41185.6
41196.2
41206.8
41217.4
41227.9
41238.3
41248.7
41258.9
41269
41278.9
41288.6
41298.2
41307.6
41316.8
41325.8
41334.6
41343.1
41351.4
41359.5
41367.3
41374.9
41382.1
41389.1
41395.8
41402.2
41408.3
41414.1
41419.5
41424.6
41429.3
41433.6
41437.6
41441.2
41444.4
41447.2
41449.7
41451.7
41453.2
41454.4
41455.1
41455.4
41455.3
41454.7
41453.7
41452.2
41450.3
41447.9
41445
41441.6
41437.8
41433.5
41428.6
41423.3
41417.5
41411.2
41404.4
41397.2
41389.4
41381.2
41372.6
41363.5
41354
41344.1
41333.9
41323.3
41312.4
41301.2
41289.8
41278.2
41266.5
41254.6
41242.5
41230.5
41218.4
41206.3
41194.3
41182.3
41170.5
41158.8
41147.3
41136.1
41125.1
41114.4
41104.1
41094
41084.4
41075.2
41066.5
41058.2
41050.5
41043.3
41036.6
41030.5
41025
41020.2
41015.9
41012.4
41009.5
41007.2
41005.7
41004.8
41004.7
41005.2
41006.5
41008.5
41011.1
41014.5
41018.6
41023.4
41028.8
41035
41041.8
41049.3
41057.4
41066.1
41075.3
41085.1
41095.4
41106.1
41117.2
41128.5
41140.1
41151.7
41163.3
41174.7
41186
41197.1
41207.9
41218.3
41228.4
41238.1
41247.4
41256.5
41265.1
41273.4
41281.4
41289.1
41296.4
41303.4
41310
41316.3
41322.3
41328
41333.3
41338.3
41343
41347.4
41351.4
41355.1
41358.4
41361.5
41364.2
41366.6
41368.7
41370.4
41371.9
41373.2
41374.1
41374.8
41375.2
41375.4
41375.4
41375.1
41374.6
41374
41373.1
41372.1
41370.9
41369.5
41368
41366.3
41364.5
41362.5
41360.4
41358.2
41355.8
41353.3
41350.6
41347.8
41344.8
41341.6
41338.2
41334.7
41330.9
41326.9
41322.6
41318.1
41313.4
41308.4
41303.1
41297.6
41291.9
41285.9
41279.8
41273.4
41266.9
41260.3
41253.6
41246.8
41240
41233.2
41226.3
41219.6
41212.9
41206.3
41199.9
41193.7
41187.6
41181.7
41176.1
41170.8
41165.7
41160.9
41156.5
41152.4
41148.7
41145.3
41142.3
41139.7
41137.5
41135.7
41134.3
41133.4
41132.8
41132.7
41132.9
41133.6
41134.7
41136.1
41138
41140.2
41142.7
41145.5
41148.7
41152.1
41155.7
41159.5
41163.5
41167.7
41171.9
41176.3
41180.7
41185.1
41189.5
41193.9
41198.2
41202.4
41206.6
41210.6
41214.6
41218.4
41222.1
41225.6
41229
41232.3
41235.4
41238.3
41241.1
41243.8
41246.2
41248.6
41250.7
41252.8
41254.6
41256.4
41258
41259.5
41260.8
41262
41263.1
41264.1
41265
41265.8
41266.6
41267.2
41267.8
41268.3
41268.8
41269.2
41269.5
41269.8
41270.1
41270.3
41270.5
41270.7
41270.8
41271
41271.1
41271.1
41271.1
41271.1
41271.1
41271
41270.9
41270.7
41270.5
41270.2
41269.8
41269.4
41268.8
41268.2
41267.5
41266.7
41265.8
41264.9
41263.8
41262.7
41261.4
41260.1
41258.8
41257.4
41255.9
41254.4
41252.9
41251.3
41249.8
41248.3
41246.7
41245.2
41243.7
41242.3
41240.9
41239.6
41238.3
41237.1
41235.9
41234.8
41233.8
41232.8
41232
41231.1
41230.4
41229.7
41229.1
41228.6
41228.1
41227.6
41227.2
41226.8
41226.5
41226.2
41225.9
41225.6
41225.3
41225
41224.7
41224.3
41224
41223.6
41223.2
41222.7
41222.2
41221.7
41221.1
41220.5
41219.8
41219.1
41218.3
41217.5
41216.6
41215.8
41214.8
41213.9
41212.9
41212
41211
41210
41209.1
41208.2
41207.3
41206.4
41205.6
41204.8
41204.1
41203.5
41203
41202.6
41202.2
41202
41201.9
41201.9
41202.1
41202.4
41202.8
41203.4
41204.1
41204.9
41205.9
41207.1
41208.4
41209.9
41211.5
41213.3
41215.2
41217.3
41219.4
41221.8
41224.2
41226.7
41229.4
41232.1
41234.9
41237.7
41240.6
41243.5
41246.4
41249.3
41252.1
41254.9
41257.7
41260.4
41262.9
41265.4
41267.8
41270
41272.1
41274.1
41276
41277.7
41279.2
41280.7
41281.9
41283.1
41284.1
41285
41285.7
41286.3
41286.8
41287.2
41287.5
41287.6
41287.6
41287.5
41287.3
41287
41286.6
41286.1
41285.5
41284.8
41284
41283.1
41282.2
41281.2
41280.1
41278.9
41277.6
41276.3
41275
41273.6
41272.1
41270.7
41269.1
41267.6
41266
41264.4
41262.8
41261.2
41259.6
41257.9
41256.3
41254.7
41253.1
41251.5
41249.9
41248.4
41246.9
41245.3
41243.8
41242.4
41240.9
41239.4
41237.9
41236.4
41234.9
41233.4
41231.8
41230.2
41228.5
41226.8
41225
41223.1
41221.1
41219.1
41217
41214.8
41212.6
41210.3
41208
41205.7
41203.4
41201
41198.8
41196.5
41194.3
41192.2
41190.1
41188.1
41186.2
41184.5
41182.8
41181.3
41180
41178.8
41177.7
41176.9
41176.2
41175.6
41175.3
41175.2
41175.2
41175.5
41175.9
41176.6
41177.5
41178.5
41179.8
41181.2
41182.9
41184.8
41186.8
41189
41191.4
41194
41196.8
41199.6
41202.7
41205.8
41209.1
41212.5
41216
41219.5
41223.1
41226.7
41230.3
41233.9
41237.5
41241
41244.4
41247.7
41250.9
41253.8
41256.7
41259.3
41261.7
41263.9
41265.8
41267.6
41269.1
41270.4
41271.4
41272.3
41272.9
41273.4
41273.6
41273.7
41273.7
41273.4
41273.1
41272.6
41272
41271.3
41270.6
41269.7
41268.8
41267.9
41266.9
41265.9
41264.9
41263.9
41262.9
41261.9
41261
41260
41259.1
41258.3
41257.5
41256.8
41256.2
41255.6
41255.1
41254.7
41254.3
41254.1
41253.9
41253.8
41253.8
41253.8
41253.9
41254.1
41254.4
41254.7
41255.1
41255.6
41256
41256.6
41257.1
41257.7
41258.3
41258.9
41259.4
41260
41260.5
41261
41261.4
41261.7
41262
41262.1
41262.1
41261.9
41261.6
41261.1
41260.5
41259.6
41258.6
41257.3
41255.9
41254.3
41252.5
41250.6
41248.4
41246.2
41243.8
41241.3
41238.7
41236.1
41233.3
41230.6
41227.8
41225
41222.2
41219.5
41216.8
41214.1
41211.6
41209.1
41206.7
41204.5
41202.4
41200.4
41198.6
41197
41195.6
41194.3
41193.3
41192.5
41191.9
41191.5
41191.4
41191.4
41191.8
41192.3
41193.2
41194.2
41195.5
41197
41198.8
41200.8
41203
41205.5
41208.1
41211
41214
41217.2
41220.6
41224.1
41227.8
41231.5
41235.4
41239.3
41243.3
41247.3
41251.2
41255.1
41259
41262.7
41266.2
41269.6
41272.7
41275.6
41278.2
41280.6
41282.6
41284.3
41285.7
41286.8
41287.6
41288.1
41288.3
41288.3
41287.9
41287.3
41286.5
41285.4
41284.1
41282.7
41281
41279.2
41277.2
41275.1
41272.9
41270.5
41268.1
41265.6
41263
41260.4
41257.8
41255.2
41252.5
41249.9
41247.3
41244.8
41242.3
41239.8
41237.5
41235.2
41233.1
41231
41229.1
41227.3
41225.6
41224.1
41222.7
41221.5
41220.5
41219.6
41218.9
41218.3
41217.9
41217.7
41217.7
41217.8
41218
41218.4
41218.9
41219.4
41220
41220.6
41221.1
41221.5
41221.9
41222
41221.9
41221.7
41221.2
41220.4
41219.5
41218.3
41216.9
41215.4
41213.7
41211.9
41210
41208
41206.1
41204.1
41202.1
41200.1
41198.2
41196.4
41194.6
41193
41191.5
41190.1
41188.9
41187.9
41187.1
41186.4
41186
41185.7
41185.7
41185.9
41186.3
41187
41187.9
41189.1
41190.5
41192.2
41194.1
41196.3
41198.7
41201.3
41204.2
41207.3
41210.7
41214.2
41217.9
41221.8
41225.9
41230.1
41234.4
41238.9
41243.5
41248.2
41252.9
41257.7
41262.6
41267.4
41272.3
41277.1
41281.9
41286.6
41291.2
41295.7
41300
41304.2
41308
41311.7
41315
41318
41320.6
41322.9
41324.7
41326.2
41327.3
41328
41328.2
41328.1
41327.6
41326.8
41325.7
41324.2
41322.4
41320.4
41318.1
41315.6
41312.8
41309.9
41306.8
41303.6
41300.3
41296.8
41293.3
41289.6
41286
41282.2
41278.5
41274.7
41270.9
41267.2
41263.4
41259.7
41256
41252.4
41248.8
41245.3
41241.9
41238.6
41235.3
41232.1
41229
41226
41223.1
41220.4
41217.7
41215.1
41212.7
41210.3
41208.1
41205.9
41203.9
41202
41200.1
41198.4
41196.8
41195.3
41193.8
41192.5
41191.3
41190.1
41189.1
41188.1
41187.2
41186.4
41185.7
41185.1
41184.6
41184.3
41184
41183.8
41183.7
41183.7
41183.8
41184.1
41184.5
41185
41185.6
41186.3
41187.2
41188.2
41189.3
41190.6
41192
41193.5
41195.2
41196.9
41198.8
41200.8
41203
41205.2
41207.6
41210
41212.6
41215.2
41217.9
41220.7
41223.6
41226.5
41229.5
41232.5
41235.5
41238.6
41241.7
41244.7
41247.8
41250.8
41253.8
41256.7
41259.6
41262.4
41265.1
41267.6
41270.1
41272.4
41274.6
41276.6
41278.5
41280.2
41281.6
41282.9
41284
41284.9
41285.5
41285.9
41286.1
41286.1
41285.9
41285.5
41284.8
41284
41282.9
41281.7
41280.3
41278.7
41277
41275.1
41273.1
41270.9
41268.6
41266.2
41263.7
41261.1
41258.4
41255.6
41252.8
41249.9
41247
41244
41241
41238
41235
41232
41229
41226
41223.1
41220.2
41217.3
41214.5
41211.8
41209.1
41206.6
41204.1
41201.7
41199.4
41197.2
41195.1
41193.1
41191.3
41189.6
41188
41186.6
41185.3
41184.2
41183.3
41182.5
41181.8
41181.4
41181.1
41181
41181
41181.3
41181.7
41182.3
41183.1
41184.1
41185.3
41186.7
41188.4
41190.2
41192.2
41194.5
41196.9
41199.6
41202.5
41205.7
41209
41212.6
41216.4
41220.5
41224.8
41229.3
41233.9
41238.8
41243.9
41249
41254.3
41259.6
41265
41270.3
41275.5
41280.5
41285.3
41289.9
41294.1
41298
41301.6
41304.8
41307.6
41310
41312.1
41313.7
41315.1
41316.1
41316.8
41317.3
41317.5
41317.4
41317.2
41316.7
41316.1
41315.3
41314.3
41313.2
41312
41310.7
41309.3
41307.8
41306.2
41304.6
41302.9
41301.1
41299.3
41297.5
41295.6
41293.6
41291.7
41289.7
41287.7
41285.7
41283.6
41281.6
41279.6
41277.6
41275.6
41273.6
41271.6
41269.7
41267.8
41265.9
41264
41262.1
41260.3
41258.4
41256.6
41254.7
41252.9
41251
41249.2
41247.3
41245.4
41243.5
41241.6
41239.7
41237.7
41235.8
41233.8
41231.8
41229.8
41227.9
41225.9
41223.9
41222
41220.1
41218.2
41216.3
41214.5
41212.8
41211.1
41209.4
41207.9
41206.4
41204.9
41203.6
41202.3
41201.1
41200
41198.9
41197.9
41197
41196.1
41195.4
41194.6
41193.9
41193.3
41192.7
41192.2
41191.7
41191.3
41190.9
41190.6
41190.3
41190.1
41189.9
41189.8
41189.7
41189.7
41189.8
41189.9
41190.1
41190.4
41190.7
41191.1
41191.6
41192.1
41192.8
41193.5
41194.2
41195.1
41196
41197.1
41198.2
41199.3
41200.6
41201.9
41203.3
41204.8
41206.4
41208
41209.7
41211.4
41213.2
41215.1
41217
41218.9
41220.9
41222.9
41225
41227
41229.1
41231.2
41233.3
41235.3
41237.4
41239.4
41241.4
41243.3
41245.2
41247
41248.8
41250.6
41252.2
41253.8
41255.4
41256.8
41258.2
41259.5
41260.8
41261.9
41263
41264
41264.9
41265.7
41266.5
41267.2
41267.8
41268.4
41268.9
41269.4
41269.8
41270.1
41270.4
41270.7
41270.9
41271.1
41271.3
41271.5
41271.8
41272
41272.2
41272.5
41272.9
41273.3
41273.9
41274.5
41275.2
41276
41277
41278.2
41279.5
41280.9
41282.5
41284.2
41286.1
41288.1
41290.1
41292.2
41294.2
41296
41297.7
41299.2
41300.3
41301.1
41301.5
41301.5
41301
41300.2
41298.9
41297.3
41295.4
41293.1
41290.6
41287.9
41284.9
41281.8
41278.6
41275.2
41271.8
41268.3
41264.8
41261.3
41257.8
41254.4
41250.9
41247.6
41244.3
41241.1
41238
41235
41232.1
41229.4
41226.7
41224.2
41221.9
41219.7
41217.6
41215.7
41214
41212.4
41211.1
41209.9
41208.9
41208.1
41207.5
41207.1
41206.9
41206.9
41207.1
41207.4
41207.9
41208.5
41209.3
41210.2
41211.3
41212.4
41213.6
41214.9
41216.2
41217.6
41219
41220.4
41221.9
41223.3
41224.7
41226.1
41227.5
41228.8
41230.1
41231.3
41232.5
41233.6
41234.6
41235.6
41236.5
41237.4
41238.1
41238.8
41239.5
41240
41240.5
41240.9
41241.2
41241.5
41241.7
41241.8
41241.8
41241.8
41241.7
41241.5
41241.3
41241.1
41240.8
41240.4
41240
41239.5
41239.1
41238.6
41238.1
41237.5
41237
41236.4
41235.8
41235.3
41234.7
41234.1
41233.6
41233
41232.5
41232
41231.4
41230.9
41230.4
41229.9
41229.4
41228.9
41228.4
41227.9
41227.5
41227
41226.5
41226.1
41225.6
41225.2
41224.8
41224.3
41223.9
41223.5
41223.1
41222.7
41222.3
41222
41221.6
41221.3
41221
41220.7
41220.4
41220.1
41219.9
41219.7
41219.5
41219.4
41219.3
41219.2
41219.1
41219.1
41219.1
41219.2
41219.3
41219.4
41219.6
41219.8
41220
41220.4
41220.7
41221.1
41221.6
41222.1
41222.7
41223.3
41224
41224.7
41225.5
41226.3
41227.2
41228.2
41229.1
41230.2
41231.3
41232.4
41233.5
41234.8
41236
41237.3
41238.6
41240
41241.4
41242.8
41244.3
41245.8
41247.3
41248.9
41250.5
41252.1
41253.7
41255.3
41256.9
41258.5
41260.1
41261.7
41263.2
41264.7
41266.2
41267.5
41268.9
41270.1
41271.2
41272.2
41273.1
41273.9
41274.6
41275.1
41275.5
41275.7
41275.8
41275.8
41275.6
41275.3
41274.9
41274.4
41273.7
41272.9
41272
41271
41269.9
41268.7
41267.5
41266.1
41264.7
41263.3
41261.8
41260.3
41258.7
41257.1
41255.5
41253.9
41252.3
41250.7
41249.1
41247.5
41246
41244.5
41243
41241.6
41240.3
41239
41237.7
41236.5
41235.4
41234.4
41233.4
41232.6
41231.7
41231
41230.3
41229.8
41229.2
41228.8
41228.4
41228.1
41227.8
41227.6
41227.5
41227.4
41227.3
41227.3
41227.2
41227.2
41227.3
41227.3
41227.3
41227.3
41227.4
41227.4
41227.3
41227.3
41227.2
41227.1
41227
41226.8
41226.6
41226.3
41226
41225.7
41225.4
41225
41224.6
41224.2
41223.8
41223.3
41222.9
41222.4
41222
41221.5
41221.1
41220.7
41220.4
41220
41219.7
41219.5
41219.3
41219.1
41219
41219
41219
41219
41219.1
41219.3
41219.6
41219.8
41220.2
41220.6
41221
41221.5
41222.1
41222.7
41223.3
41223.9
41224.6
41225.3
41226
41226.7
41227.4
41228.1
41228.8
41229.5
41230.1
41230.7
41231.3
41231.9
41232.4
41232.9
41233.3
41233.6
41233.9
41234.1
41234.3
41234.4
41234.5
41234.5
41234.4
41234.3
41234.1
41233.9
41233.6
41233.3
41233
41232.6
41232.2
41231.8
41231.4
41231
41230.6
41230.2
41229.7
41229.4
41229
41228.6
41228.3
41228.1
41227.8
41227.6
41227.5
41227.4
41227.3
41227.4
41227.4
41227.6
41227.8
41228
41228.4
41228.7
41229.2
41229.7
41230.3
41230.9
41231.6
41232.4
41233.2
41234
41234.9
41235.9
41236.9
41237.9
41239
41240.1
41241.3
41242.5
41243.7
41244.9
41246.1
41247.4
41248.6
41249.9
41251.1
41252.3
41253.5
41254.7
41255.9
41257
41258.1
41259.1
41260.1
41261
41261.9
41262.7
41263.4
41264
41264.6
41265.1
41265.5
41265.8
41266.1
41266.2
41266.3
41266.2
41266.1
41265.9
41265.6
41265.3
41264.8
41264.3
41263.7
41263.1
41262.4
41261.6
41260.8
41259.9
41259
41258
41257
41255.9
41254.9
41253.8
41252.6
41251.5
41250.3
41249.1
41247.9
41246.7
41245.5
41244.3
41243.1
41241.9
41240.7
41239.5
41238.3
41237.2
41236
41234.9
41233.8
41232.7
41231.6
41230.5
41229.5
41228.4
41227.4
41226.5
41225.5
41224.6
41223.7
41222.8
41221.9
41221.1
41220.3
41219.5
41218.8
41218.1
41217.4
41216.7
41216.1
41215.5
41215
41214.5
41214
41213.5
41213.1
41212.8
41212.5
41212.2
41212
41211.9
41211.8
41211.8
41211.8
41211.9
41212
41212.2
41212.5
41212.9
41213.3
41213.8
41214.3
41215
41215.7
41216.4
41217.3
41218.2
41219.1
41220.2
41221.3
41222.4
41223.6
41224.9
41226.1
41227.5
41228.8
41230.2
41231.6
41233
41234.4
41235.7
41237.1
41238.5
41239.8
41241
41242.3
41243.4
41244.5
41245.6
41246.6
41247.5
41248.3
41249
41249.6
41250.2
41250.7
41251.1
41251.4
41251.6
41251.7
41251.7
41251.7
41251.6
41251.4
41251.2
41250.8
41250.5
41250
41249.6
41249
41248.4
41247.8
41247.2
41246.5
41245.8
41245.1
41244.3
41243.6
41242.8
41242.1
41241.3
41240.5
41239.8
41239.1
41238.3
41237.6
41236.9
41236.3
41235.6
41235
41234.4
41233.9
41233.3
41232.9
41232.4
41232
41231.7
41231.3
41231.1
41230.9
41230.7
41230.5
41230.5
41230.4
41230.4
41230.5
41230.6
41230.8
41231
41231.3
41231.7
41232.1
41232.6
41233.1
41233.7
41234.4
41235.2
41236
41236.9
41237.9
41239
41240.2
41241.5
41242.8
41244.2
41245.8
41247.4
41249.1
41250.8
41252.7
41254.5
41256.5
41258.4
41260.3
41262.2
41264
41265.8
41267.5
41269
41270.4
41271.6
41272.6
41273.4
41274
41274.4
41274.5
41274.4
41274.1
41273.6
41272.9
41271.9
41270.8
41269.5
41268.1
41266.5
41264.8
41263
41261.2
41259.2
41257.2
41255.2
41253.1
41251
41248.9
41246.9
41244.8
41242.8
41240.8
41238.8
41236.9
41235
41233.3
41231.5
41229.9
41228.3
41226.8
41225.4
41224.1
41222.9
41221.8
41220.8
41219.9
41219.1
41218.4
41217.9
41217.4
41217
41216.8
41216.6
41216.6
41216.6
41216.7
41217
41217.3
41217.6
41218
41218.5
41219.1
41219.7
41220.4
41221.1
41221.8
41222.6
41223.4
41224.3
41225.2
41226.1
41227.1
41228.1
41229.1
41230.2
41231.4
41232.6
41233.8
41235.1
41236.5
41237.9
41239.4
41241
41242.6
41244.3
41246.1
41247.9
41249.8
41251.8
41253.8
41255.8
41257.8
41259.9
41261.9
41263.9
41265.8
41267.7
41269.5
41271.2
41272.7
41274.1
41275.3
41276.4
41277.2
41277.9
41278.3
41278.6
41278.6
41278.5
41278.1
41277.6
41276.8
41275.9
41274.8
41273.6
41272.2
41270.7
41269.1
41267.3
41265.5
41263.6
41261.6
41259.6
41257.5
41255.4
41253.3
41251.1
41249
41246.9
41244.8
41242.7
41240.6
41238.6
41236.6
41234.6
41232.7
41230.8
41229
41227.3
41225.6
41223.9
41222.3
41220.8
41219.4
41218
41216.6
41215.4
41214.2
41213.1
41212
41211
41210.1
41209.3
41208.6
41207.9
41207.4
41206.9
41206.5
41206.2
41206
41205.9
41205.9
41206
41206.2
41206.4
41206.8
41207.2
41207.7
41208.4
41209.1
41209.9
41210.9
41211.9
41213
41214.3
41215.7
41217.3
41219
41220.8
41222.9
41225.1
41227.5
41230.1
41233
41236
41239.4
41243
41246.9
41251
41255.4
41260
41264.8
41269.8
41274.8
41279.8
41284.8
41289.6
41294.1
41298.5
41302.5
41306.2
41309.6
41312.6
41315.2
41317.3
41319
41320.3
41321.1
41321.5
41321.5
41321
41320.1
41318.9
41317.4
41315.5
41313.4
41311
41308.5
41305.7
41302.9
41299.9
41296.8
41293.6
41290.4
41287.2
41284
41280.8
41277.5
41274.4
41271.2
41268.1
41265.1
41262.2
41259.3
41256.5
41253.7
41251.1
41248.6
41246.1
41243.8
41241.6
41239.4
41237.4
41235.4
41233.5
41231.8
41230.1
41228.5
41227
41225.6
41224.2
41223
41221.8
41220.6
41219.6
41218.5
41217.6
41216.6
41215.8
41214.9
41214.1
41213.3
41212.6
41211.8
41211.1
41210.5
41209.8
41209.2
41208.6
41208.1
41207.7
41207.3
41207
41206.7
41206.6
41206.6
41206.7
41207
41207.4
41208
41208.8
41209.7
41210.9
41212.3
41213.9
41215.8
41217.9
41220.2
41222.7
41225.3
41228.2
41231.1
41234.1
41237.2
41240.2
41243.1
41246
41248.8
41251.4
41253.8
41256.1
41258.2
41260.1
41261.8
41263.3
41264.6
41257.1
41252.3
41249.2
41247.2
41245.6
41244.4
41243.4
41242.6
41242
41241.5
41241.2
41240.9
41240.7
41240.6
41240.6
41240.7
41240.9
41241.3
41241.7
41242.3
41243
41243.8
41244.7
41245.6
41246.6
41247.6
41248.6
41249.6
41250.6
41251.6
41252.7
41253.7
41254.8
41255.9
41257
41258.1
41259.2
41260.4
41261.5
41262.6
41263.7
41264.7
41265.7
41266.6
41267.4
41268.1
41268.7
41269.1
41269.4
41269.6
41269.6
41269.5
41269.2
41268.8
41268.2
41267.5
41266.6
41265.6
41264.5
41263.2
41261.8
41260.4
41258.8
41257.2
41255.4
41253.7
41251.8
41250
41248.1
41246.2
41244.3
41242.4
41240.6
41238.7
41236.9
41235.1
41233.4
41231.7
41230.1
41228.5
41227
41225.6
41224.2
41223
41221.8
41220.7
41219.6
41218.7
41217.9
41217.1
41216.5
41215.9
41215.4
41215
41214.7
41214.4
41214.3
41214.2
41214.1
41214.2
41214.2
41214.4
41214.6
41214.8
41215.1
41215.4
41215.7
41216.1
41216.5
41216.9
41217.4
41217.9
41218.4
41218.9
41219.4
41220
41220.6
41221.2
41221.9
41222.6
41223.3
41224
41224.7
41225.5
41226.2
41227
41227.9
41228.7
41229.5
41230.4
41231.3
41232.1
41233
41233.9
41234.8
41235.7
41236.6
41237.5
41238.4
41239.2
41240.1
41241
41241.8
41242.7
41243.5
41244.3
41245.1
41245.9
41246.6
41247.3
41248
41248.6
41249.2
41249.8
41250.3
41250.7
41251.2
41251.5
41251.8
41252.1
41252.3
41252.4
41252.5
41252.5
41252.5
41252.4
41252.3
41252.1
41251.8
41251.5
41251.2
41250.9
41250.5
41250
41249.6
41249.1
41248.6
41248.1
41247.6
41247.1
41246.5
41246
41245.5
41245
41244.4
41243.9
41243.4
41242.9
41242.4
41241.9
41241.4
41240.9
41240.4
41239.8
41239.3
41238.8
41238.2
41237.7
41237.1
41236.5
41235.9
41235.3
41234.7
41234
41233.3
41232.6
41231.8
41231.1
41230.3
41229.5
41228.7
41227.9
41227.1
41226.3
41225.5
41224.6
41223.8
41223
41222.3
41221.5
41220.8
41220.1
41219.4
41218.8
41218.3
41217.7
41217.3
41216.9
41216.5
41216.2
41216
41215.8
41215.7
41215.7
41215.7
41215.8
41216
41216.2
41216.5
41216.9
41217.3
41217.8
41218.3
41218.9
41219.5
41220.2
41220.9
41221.7
41222.5
41223.3
41224.2
41225.1
41226
41227
41227.9
41228.9
41229.9
41230.9
41231.9
41232.9
41233.9
41234.8
41235.8
41236.8
41237.8
41238.8
41239.7
41240.7
41241.6
41242.5
41243.4
41244.3
41245.2
41246
41246.9
41247.7
41248.5
41249.2
41250
41250.7
41251.4
41252.1
41252.7
41253.3
41253.9
41254.5
41255
41255.5
41255.9
41256.3
41256.7
41257
41257.3
41257.6
41257.8
41257.9
41258
41258.1
41258.1
41258
41257.9
41257.8
41257.6
41257.3
41257
41256.7
41256.2
41255.8
41255.3
41254.7
41254.1
41253.5
41252.8
41252.1
41251.3
41250.5
41249.7
41248.9
41248
41247.1
41246.2
41245.2
41244.3
41243.3
41242.3
41241.4
41240.4
41239.4
41238.4
41237.5
41236.5
41235.6
41234.6
41233.7
41232.8
41231.9
41231
41230.2
41229.4
41228.6
41227.8
41227.1
41226.3
41225.7
41225
41224.4
41223.8
41223.2
41222.7
41222.2
41221.8
41221.3
41220.9
41220.6
41220.3
41220
41219.8
41219.6
41219.4
41219.3
41219.2
41219.1
41219.1
41219.1
41219.2
41219.3
41219.4
41219.6
41219.8
41220
41220.3
41220.6
41221
41221.4
41221.8
41222.2
41222.7
41223.2
41223.7
41224.2
41224.8
41225.4
41226
41226.6
41227.2
41227.9
41228.5
41229.2
41229.8
41230.5
41231.2
41231.9
41232.5
41233.2
41233.9
41234.5
41235.1
41235.8
41236.4
41237
41237.5
41238.1
41238.6
41239.1
41239.6
41240.1
41240.5
41240.9
41241.2
41241.6
41241.9
41242.1
41242.3
41242.5
41242.7
41242.8
41242.9
41243
41243
41243
41243
41242.9
41242.8
41242.7
41242.6
41242.4
41242.2
41242
41241.7
41241.5
41241.2
41240.9
41240.6
41240.3
41240
41239.7
41239.4
41239
41238.7
41238.4
41238.1
41237.8
41237.5
41237.2
41236.9
41236.6
41236.4
41236.1
41235.9
41235.7
41235.5
41235.3
41235.2
41235.1
41235
41234.9
41234.8
41234.8
41234.8
41234.8
41234.8
41234.8
41234.9
41235
41235.1
41235.2
41235.4
41235.5
41235.7
41235.9
41236.1
41236.3
41236.6
41236.8
41237
41237.3
41237.6
41237.8
41238.1
41238.4
41238.7
41238.9
41239.2
41239.5
41239.7
41240
41240.3
41240.5
41240.8
41241
41241.2
41241.4
41241.6
41241.8
41242
41242.2
41242.3
41242.5
41242.6
41242.7
41242.8
41242.9
41243
41243
41243.1
41243.1
41243.1
41243.1
41243.1
41243
41243
41242.9
41242.8
41242.7
41242.6
41242.5
41242.3
41242.2
41242
41241.9
41241.7
41241.5
41241.3
41241.1
41240.8
41240.6
41240.4
41240.1
41239.9
41239.6
41239.4
41239.1
41238.8
41238.5
41238.3
41238
41237.7
41237.4
41237.1
41236.9
41236.6
41236.3
41236
41235.7
41235.5
41235.2
41234.9
41234.7
41234.4
41234.1
41233.9
41233.7
41233.4
41233.2
41233
41232.7
41232.5
41232.3
41232.1
41231.9
41231.7
41231.5
41231.4
41231.2
41231
41230.9
41230.7
41230.6
41230.5
41230.4
41230.2
41230.1
41230
41230
41229.9
41229.8
41229.7
41229.7
41229.6
41229.6
41229.5
41229.5
41229.5
41229.4
41229.4
41229.4
41229.4
41229.4
41229.5
41229.5
41229.5
41229.5
41229.6
41229.6
41229.7
41229.7
41229.8
41229.9
41229.9
41230
41230.1
41230.2
41230.3
41230.4
41230.5
41230.6
41230.7
41230.8
41230.9
41231
41231.1
41231.3
41231.4
41231.5
41231.7
41231.8
41231.9
41232.1
41232.2
41232.4
41232.5
41232.7
41232.8
41233
41233.1
41233.3
41233.5
41233.6
41233.8
41234
41234.2
41234.3
41234.5
41234.7
41234.9
41235.1
41235.3
41235.5
41235.6
41235.8
41236
41236.2
41236.4
41236.6
41236.8
41237
41237.2
41237.4
41237.6
41237.8
41238.1
41238.3
41238.5
41238.7
41238.9
41239.1
41239.3
41239.5
41239.7
41239.9
41240.1
41240.3
41240.5
41240.7
41240.9
41241.1
41241.2
41241.4
41241.6
41241.7
41241.9
41242.1
41242.2
41242.4
41242.5
41242.6
41242.8
41242.9
41243
41243.1
41243.2
41243.3
41243.3
41243.4
41243.5
41243.5
41243.6
41243.6
41243.6
41243.6
41243.6
41243.6
41243.6
41243.6
41243.5
41243.5
41243.4
41243.4
41243.3
41243.2
41243.1
41243
41242.9
41242.8
41242.7
41242.5
41242.4
41242.3
41242.1
41241.9
41241.8
41241.6
41241.4
41241.2
41241.1
41240.9
41240.7
41240.5
41240.3
41240.1
41239.9
41239.6
41239.4
41239.2
41239
41238.8
41238.6
41238.4
41238.2
41237.9
41237.7
41237.5
41237.3
41237.1
41236.9
41236.7
41236.5
41236.3
41236.1
41235.9
41235.8
41235.6
41235.4
41235.2
41235.1
41234.9
41234.7
41234.6
41234.4
41234.3
41234.1
41234
41233.8
41233.7
41233.6
41233.4
41233.3
41233.2
41233.1
41233
41232.9
41232.8
41232.7
41232.6
41232.5
41232.4
41232.3
41232.2
41232.1
41232
41231.9
41231.8
41231.8
41231.7
41231.6
41231.5
41231.5
41231.4
41231.3
41231.2
41231.2
41231.1
41231
41231
41230.9
41230.9
41230.8
41230.7
41230.7
41230.6
41230.6
41230.5
41230.4
41230.4
41230.3
41230.3
41230.2
41230.2
41230.2
41230.1
41230.1
41230
41230
41230
41230
41229.9
41229.9
41229.9
41229.9
41229.9
41229.9
41229.9
41229.9
41229.9
41230
41230
41230
41230.1
41230.1
41230.2
41230.3
41230.3
41230.4
41230.5
41230.6
41230.7
41230.8
41231
41231.1
41231.2
41231.4
41231.5
41231.7
41231.9
41232.1
41232.3
41232.5
41232.7
41232.9
41233.1
41233.4
41233.6
41233.9
41234.2
41234.4
41234.7
41235
41235.3
41235.6
41235.9
41236.2
41236.5
41236.8
41237.1
41237.4
41237.8
41238.1
41238.4
41238.7
41239.1
41239.4
41239.7
41240.1
41240.4
41240.7
41241
41241.3
41241.6
41241.9
41242.2
41242.5
41242.8
41243.1
41243.3
41243.6
41243.8
41244.1
41244.3
41244.5
41244.7
41244.9
41245
41245.2
41245.4
41245.5
41245.6
41245.7
41245.8
41245.9
41245.9
41246
41246
41246
41246
41246
41246
41245.9
41245.9
41245.8
41245.7
41245.6
41245.5
41245.3
41245.2
41245
41244.8
41244.6
41244.4
41244.2
41244
41243.8
41243.5
41243.3
41243
41242.8
41242.5
41242.2
41241.9
41241.6
41241.3
41241
41240.7
41240.4
41240
41239.7
41239.4
41239.1
41238.8
41238.4
41238.1
41237.8
41237.5
41237.2
41236.9
41236.5
41236.2
41235.9
41235.7
41235.4
41235.1
41234.8
41234.5
41234.3
41234
41233.8
41233.5
41233.3
41233.1
41232.9
41232.7
41232.5
41232.3
41232.1
41232
41231.8
41231.7
41231.5
41231.4
41231.3
41231.2
41231
41231
41230.9
41230.8
41230.7
41230.7
41230.6
41230.6
41230.5
41230.5
41230.5
41230.5
41230.4
41230.4
41230.4
41230.4
41230.5
41230.5
41230.5
41230.5
41230.5
41230.6
41230.6
41230.6
41230.7
41230.7
41230.8
41230.8
41230.9
41230.9
41231
41231
41231.1
41231.1
41231.2
41231.2
41231.3
41231.3
41231.4
41231.4
41231.5
41231.5
41231.6
41231.6
41231.7
41231.7
41231.7
41231.8
41231.8
41231.9
41231.9
41232
41232
41232.1
41232.1
41232.2
41232.2
41232.3
41232.3
41232.4
41232.4
41232.5
41232.5
41232.6
41232.7
41232.7
41232.8
41232.9
41232.9
41233
41233.1
41233.2
41233.3
41233.4
41233.5
41233.6
41233.7
41233.8
41233.9
41234
41234.1
41234.3
41234.4
41234.5
41234.7
41234.8
41235
41235.1
41235.3
41235.4
41235.6
41235.8
41235.9
41236.1
41236.3
41236.5
41236.7
41236.9
41237.1
41237.3
41237.5
41237.7
41237.9
41238.1
41238.3
41238.5
41238.7
41238.9
41239.1
41239.3
41239.6
41239.8
41240
41240.2
41240.4
41240.6
41240.8
41241
41241.2
41241.3
41241.5
41241.7
41241.9
41242
41242.2
41242.4
41242.5
41242.6
41242.8
41242.9
41243
41243.1
41243.2
41243.3
41243.4
41243.5
41243.6
41243.6
41243.7
41243.7
41243.8
41243.8
41243.8
41243.8
41243.8
41243.8
41243.8
41243.7
41243.7
41243.6
41243.6
41243.5
41243.4
41243.3
41243.2
41243.1
41243
41242.9
41242.8
41242.6
41242.5
41242.3
41242.2
41242
41241.8
41241.6
41241.4
41241.2
41241
41240.8
41240.6
41240.4
41240.2
41240
41239.7
41239.5
41239.3
41239
41238.8
41238.5
41238.3
41238.1
41237.8
41237.6
41237.3
41237.1
41236.8
41236.6
41236.3
41236.1
41235.8
41235.6
41235.3
41235.1
41234.8
41234.6
41234.4
41234.1
41233.9
41233.7
41233.5
41233.2
41233
41232.8
41232.6
41232.4
41232.2
41232
41231.8
41231.6
41231.4
41231.2
41231.1
41230.9
41230.7
41230.6
41230.4
41230.3
41230.1
41230
41229.9
41229.7
41229.6
41229.5
41229.4
41229.3
41229.2
41229.2
41229.1
41229
41228.9
41228.9
41228.8
41228.8
41228.8
41228.7
41228.7
41228.7
41228.7
41228.7
41228.7
41228.7
41228.8
41228.8
41228.9
41228.9
41229
41229
41229.1
41229.2
41229.3
41229.4
41229.5
41229.6
41229.7
41229.8
41230
41230.1
41230.3
41230.4
41230.6
41230.8
41231
41231.1
41231.3
41231.5
41231.7
41231.9
41232.2
41232.4
41232.6
41232.8
41233.1
41233.3
41233.5
41233.8
41234
41234.3
41234.5
41234.8
41235.1
41235.3
41235.6
41235.8
41236.1
41236.4
41236.6
41236.9
41237.2
41237.4
41237.7
41237.9
41238.2
41238.4
41238.7
41238.9
41239.2
41239.4
41239.6
41239.9
41240.1
41240.3
41240.5
41240.7
41240.9
41241.1
41241.3
41241.4
41241.6
41241.8
41241.9
41242.1
41242.2
41242.3
41242.4
41242.5
41242.6
41242.7
41242.8
41242.9
41243
41243
41243.1
41243.1
41243.1
41243.1
41243.1
41243.1
41243.1
41243.1
41243.1
41243.1
41243
41243
41242.9
41242.9
41242.8
41242.7
41242.6
41242.5
41242.4
41242.3
41242.2
41242.1
41242
41241.8
41241.7
41241.6
41241.4
41241.3
41241.1
41241
41240.8
41240.6
41240.5
41240.3
41240.1
41240
41239.8
41239.6
41239.5
41239.3
41239.1
41238.9
41238.7
41238.6
41238.4
41238.2
41238
41237.9
41237.7
41237.5
41237.3
41237.2
41237
41236.8
41236.7
41236.5
41236.4
41236.2
41236
41235.9
41235.7
41235.6
41235.4
41235.3
41235.2
41235
41234.9
41234.7
41234.6
41234.5
41234.4
41234.2
41234.1
41234
41233.9
41233.8
41233.7
41233.6
41233.5
41233.4
41233.3
41233.2
41233.1
41233
41232.9
41232.8
41232.7
41232.7
41232.6
41232.5
41232.4
41232.4
41232.3
41232.2
41232.2
41232.1
41232.1
41232
41232
41231.9
41231.9
41231.9
41231.8
41231.8
41231.8
41231.7
41231.7
41231.7
41231.7
41231.7
41231.7
41231.7
41231.7
41231.7
41231.7
41231.7
41231.7
41231.7
41231.7
41231.7
41231.8
41231.8
41231.8
41231.9
41231.9
41232
41232
41232.1
41232.1
41232.2
41232.3
41232.3
41232.4
41232.5
41232.6
41232.6
41232.7
41232.8
41232.9
41233
41233.1
41233.2
41233.3
41233.4
41233.6
41233.7
41233.8
41233.9
41234
41234.2
41234.3
41234.4
41234.5
41234.7
41234.8
41235
41235.1
41235.2
41235.4
41235.5
41235.7
41235.8
41235.9
41236.1
41236.2
41236.4
41236.5
41236.7
41236.8
41237
41237.1
41237.2
41237.4
41237.5
41237.7
41237.8
41237.9
41238.1
41238.2
41238.3
41238.4
41238.6
41238.7
41238.8
41238.9
41239
41239.1
41239.3
41239.4
41239.5
41239.6
41239.6
41239.7
41239.8
41239.9
41240
41240.1
41240.1
41240.2
41240.3
41240.3
41240.4
41240.4
41240.5
41240.5
41240.5
41240.6
41240.6
41240.6
41240.6
41240.6
41240.7
41240.7
41240.7
41240.7
41240.7
41240.6
41240.6
41240.6
41240.6
41240.6
41240.5
41240.5
41240.4
41240.4
41240.3
41240.3
41240.2
41240.2
41240.1
41240
41240
41239.9
41239.8
41239.7
41239.6
41239.5
41239.5
41239.4
41239.3
41239.2
41239.1
41238.9
41238.8
41238.7
41238.6
41238.5
41238.4
41238.2
41238.1
41238
41237.9
41237.7
41237.6
41237.5
41237.3
41237.2
41237.1
41236.9
41236.8
41236.6
41236.5
41236.4
41236.2
41236.1
41235.9
41235.8
41235.7
41235.5
41235.4
41235.2
41235.1
41235
41234.8
41234.7
41234.6
41234.4
41234.3
41234.2
41234.1
41233.9
41233.8
41233.7
41233.6
41233.5
41233.4
41233.3
41233.2
41233.1
41233
41232.9
41232.8
41232.7
41232.6
41232.6
41232.5
41232.4
41232.4
41232.3
41232.2
41232.2
41232.2
41232.1
41232.1
41232.1
41232
41232
41232
41232
41232
41232
41232
41232
41232
41232
41232.1
41232.1
41232.1
41232.2
41232.2
41232.3
41232.3
41232.4
41232.5
41232.6
41232.6
41232.7
41232.8
41232.9
41233
41233.1
41233.2
41233.3
41233.4
41233.5
41233.6
41233.8
41233.9
41234
41234.1
41234.3
41234.4
41234.5
41234.7
41234.8
41234.9
41235.1
41235.2
41235.4
41235.5
41235.7
41235.8
41235.9
41236.1
41236.2
41236.4
41236.5
41236.6
41236.8
41236.9
41237.1
41237.2
41237.3
41237.4
41237.6
41237.7
41237.8
41237.9
41238
41238.1
41238.3
41238.4
41238.4
41238.5
41238.6
41238.7
41238.8
41238.9
41238.9
41239
41239.1
41239.1
41239.2
41239.2
41239.3
41239.3
41239.3
41239.4
41239.4
41239.4
41239.4
41239.4
41239.4
41239.4
41239.4
41239.4
41239.4
41239.4
41239.4
41239.3
41239.3
41239.3
41239.2
41239.2
41239.1
41239.1
41239
41239
41238.9
41238.9
41238.8
41238.7
41238.7
41238.6
41238.5
41238.4
41238.4
41238.3
41238.2
41238.1
41238
41238
41237.9
41237.8
41237.7
41237.6
41237.5
41237.5
41237.4
41237.3
41237.2
41237.1
41237
41237
41236.9
41236.8
41236.7
41236.7
41236.6
41236.5
41236.5
41236.4
41236.3
41236.3
41236.2
41236.1
41236.1
41236
41236
41235.9
41235.9
41235.8
41235.8
41235.7
41235.7
41235.7
41235.6
41235.6
41235.6
41235.5
41235.5
41235.5
41235.4
41235.4
41235.4
41235.4
41235.4
41235.3
41235.3
41235.3
41235.3
41235.3
41235.3
41235.3
41235.3
41235.2
41235.2
41235.2
41235.2
41235.2
41235.2
41235.2
41235.2
41235.2
41235.2
41235.2
41235.2
41235.2
41235.2
41235.2
41235.2
41235.2
41235.2
41235.2
41235.2
41235.1
41235.1
41235.1
41235.1
41235.1
41235.1
41235.1
41235.1
41235.1
41235.1
41235.1
41235.1
41235.1
41235.1
41235.1
41235.1
41235.1
41235
41235
41235
41235
41235
41235
41235
41235
41235
41235
41235
41235
41235
41235
41235
41235
41235
41235
41235
41235
41235
41235
41235
41235
41235.1
41235.1
41235.1
41235.1
41235.1
41235.1
41235.1
41235.2
41235.2
41235.2
41235.2
41235.3
41235.3
41235.3
41235.4
41235.4
41235.4
41235.5
41235.5
41235.5
41235.6
41235.6
41235.6
41235.7
41235.7
41235.8
41235.8
41235.9
41235.9
41236
41236
41236.1
41236.1
41236.2
41236.2
41236.3
41236.3
41236.4
41236.5
41236.5
41236.6
41236.6
41236.7
41236.7
41236.8
41236.9
41236.9
41237
41237
41237.1
41237.1
41237.2
41237.2
41237.3
41237.3
41237.4
41237.4
41237.5
41237.5
41237.6
41237.6
41237.7
41237.7
41237.8
41237.8
41237.8
41237.9
41237.9
41237.9
41238
41238
41238
41238.1
41238.1
41238.1
41238.1
41238.1
41238.1
41238.2
41238.2
41238.2
41238.2
41238.2
41238.2
41238.2
41238.2
41238.2
41238.2
41238.1
41238.1
41238.1
41238.1
41238.1
41238
41238
41238
41237.9
41237.9
41237.9
41237.8
41237.8
41237.8
41237.7
41237.7
41237.6
41237.6
41237.5
41237.4
41237.4
41237.3
41237.3
41237.2
41237.1
41237.1
41237
41236.9
41236.9
41236.8
41236.7
41236.7
41236.6
41236.5
41236.4
41236.4
41236.3
41236.2
41236.1
41236.1
41236
41235.9
41235.8
41235.8
41235.7
41235.6
41235.5
41235.5
41235.4
41235.3
41235.3
41235.2
41235.1
41235.1
41235
41234.9
41234.9
41234.8
41234.8
41234.7
41234.7
41234.6
41234.6
41234.5
41234.5
41234.4
41234.4
41234.4
41234.3
41234.3
41234.3
41234.3
41234.2
41234.2
41234.2
41234.2
41234.2
41234.2
41234.2
41234.2
41234.2
41234.2
41234.2
41234.2
41234.2
41234.2
41234.3
41234.3
41234.3
41234.3
41234.4
41234.4
41234.4
41234.5
41234.5
41234.6
41234.6
41234.6
41234.7
41234.7
41234.8
41234.9
41234.9
41235
41235
41235.1
41235.1
41235.2
41235.3
41235.3
41235.4
41235.5
41235.5
41235.6
41235.7
41235.7
41235.8
41235.9
41235.9
41236
41236.1
41236.1
41236.2
41236.3
41236.3
41236.4
41236.5
41236.5
41236.6
41236.6
41236.7
41236.8
41236.8
41236.9
41236.9
41237
41237
41237.1
41237.1
41237.2
41237.2
41237.2
41237.3
41237.3
41237.3
41237.4
41237.4
41237.4
41237.5
41237.5
41237.5
41237.5
41237.6
41237.6
41237.6
41237.6
41237.6
41237.6
41237.6
41237.6
41237.6
41237.6
41237.6
41237.6
41237.6
41237.6
41237.6
41237.6
41237.6
41237.6
41237.6
41237.6
41237.6
41237.6
41237.5
41237.5
41237.5
41237.5
41237.5
41237.5
41237.4
41237.4
41237.4
41237.4
41237.3
41237.3
41237.3
41237.3
41237.2
41237.2
41237.2
41237.2
41237.1
41237.1
41237.1
41237.1
41237
41237
41237
41237
41236.9
41236.9
41236.9
41236.9
41236.8
41236.8
41236.8
41236.8
41236.7
41236.7
41236.7
41236.7
41236.6
41236.6
41236.6
41236.6
41236.5
41236.5
41236.5
41236.5
41236.4
41236.4
41236.4
41236.4
41236.4
41236.3
41236.3
41236.3
41236.3
41236.2
41236.2
41236.2
41236.2
41236.1
41236.1
41236.1
41236.1
41236
41236
41236
41236
41235.9
41235.9
41235.9
41235.9
41235.8
41235.8
41235.8
41235.7
41235.7
41235.7
41235.7
41235.6
41235.6
41235.6
41235.5
41235.5
41235.5
41235.5
41235.4
41235.4
41235.4
41235.3
41235.3
41235.3
41235.3
41235.2
41235.2
41235.2
41235.2
41235.1
41235.1
41235.1
41235.1
41235
41235
41235
41235
41234.9
41234.9
41234.9
41234.9
41234.9
41234.9
41234.8
41234.8
41234.8
41234.8
41234.8
41234.8
41234.8
41234.8
41234.8
41234.8
41234.8
41234.8
41234.8
41234.8
41234.8
41234.8
41234.8
41234.8
41234.8
41234.8
41234.9
41234.9
41234.9
41234.9
41235
41235
41235
41235
41235.1
41235.1
41235.1
41235.2
41235.2
41235.3
41235.3
41235.3
41235.4
41235.4
41235.5
41235.5
41235.6
41235.6
41235.7
41235.8
41235.8
41235.9
41235.9
41236
41236
41236.1
41236.2
41236.2
41236.3
41236.3
41236.4
41236.5
41236.5
41236.6
41236.7
41236.7
41236.8
41236.8
41236.9
41237
41237
41237.1
41237.1
41237.2
41237.3
41237.3
41237.4
41237.4
41237.5
41237.5
41237.6
41237.6
41237.7
41237.7
41237.8
41237.8
41237.9
41237.9
41238
41238
41238
41238.1
41238.1
41238.1
41238.1
41238.2
41238.2
41238.2
41238.2
41238.3
41238.3
41238.3
41238.3
41238.3
41238.3
41238.3
41238.3
41238.3
41238.3
41238.3
41238.3
41238.3
41238.3
41238.2
41238.2
41238.2
41238.2
41238.2
41238.1
41238.1
41238.1
41238
41238
41238
41237.9
41237.9
41237.8
41237.8
41237.8
41237.7
41237.7
41237.6
41237.6
41237.5
41237.4
41237.4
41237.3
41237.3
41237.2
41237.1
41237.1
41237
41236.9
41236.9
41236.8
41236.7
41236.7
41236.6
41236.5
41236.5
41236.4
41236.3
41236.2
41236.2
41236.1
41236
41235.9
41235.9
41235.8
41235.7
41235.7
41235.6
41235.5
41235.4
41235.4
41235.3
41235.2
41235.2
41235.1
41235
41235
41234.9
41234.8
41234.8
41234.7
41234.7
41234.6
41234.5
41234.5
41234.4
41234.4
41234.3
41234.3
41234.2
41234.2
41234.2
41234.1
41234.1
41234
41234
41234
41234
41233.9
41233.9
41233.9
41233.9
41233.9
41233.8
41233.8
41233.8
41233.8
41233.8
41233.8
41233.8
41233.8
41233.8
41233.8
41233.8
41233.9
41233.9
41233.9
41233.9
41233.9
41234
41234
41234
41234.1
41234.1
41234.2
41234.2
41234.2
41234.3
41234.3
41234.4
41234.4
41234.5
41234.6
41234.6
41234.7
41234.8
41234.8
41234.9
41235
41235
41235.1
41235.2
41235.2
41235.3
41235.4
41235.5
41235.6
41235.6
41235.7
41235.8
41235.9
41236
41236.1
41236.1
41236.2
41236.3
41236.4
41236.5
41236.6
41236.6
41236.7
41236.8
41236.9
41237
41237
41237.1
41237.2
41237.3
41237.4
41237.4
41237.5
41237.6
41237.7
41237.7
41237.8
41237.9
41237.9
41238
41238.1
41238.1
41238.2
41238.2
41238.3
41238.3
41238.4
41238.4
41238.5
41238.5
41238.6
41238.6
41238.6
41238.7
41238.7
41238.7
41238.7
41238.8
41238.8
41238.8
41238.8
41238.8
41238.8
41238.8
41238.8
41238.8
41238.8
41238.8
41238.8
41238.8
41238.8
41238.8
41238.8
41238.7
41238.7
41238.7
41238.7
41238.6
41238.6
41238.6
41238.5
41238.5
41238.4
41238.4
41238.3
41238.3
41238.2
41238.2
41238.1
41238.1
41238
41237.9
41237.9
41237.8
41237.8
41237.7
41237.6
41237.5
41237.5
41237.4
41237.3
41237.2
41237.2
41237.1
41237
41236.9
41236.9
41236.8
41236.7
41236.6
41236.5
41236.5
41236.4
41236.3
41236.2
41236.1
41236
41236
41235.9
41235.8
41235.7
41235.6
41235.6
41235.5
41235.4
41235.3
41235.3
41235.2
41235.1
41235
41235
41234.9
41234.8
41234.8
41234.7
41234.6
41234.6
41234.5
41234.5
41234.4
41234.3
41234.3
41234.2
41234.2
41234.1
41234.1
41234
41234
41234
41233.9
41233.9
41233.9
41233.8
41233.8
41233.8
41233.8
41233.7
41233.7
41233.7
41233.7
41233.7
41233.7
41233.7
41233.7
41233.7
41233.7
41233.7
41233.7
41233.7
41233.7
41233.7
41233.7
41233.8
41233.8
41233.8
41233.8
41233.9
41233.9
41233.9
41234
41234
41234
41234.1
41234.1
41234.2
41234.2
41234.3
41234.3
41234.4
41234.4
41234.5
41234.5
41234.6
41234.7
41234.7
41234.8
41234.9
41234.9
41235
41235.1
41235.1
41235.2
41235.3
41235.3
41235.4
41235.5
41235.6
41235.6
41235.7
41235.8
41235.9
41235.9
41236
41236.1
41236.2
41236.2
41236.3
41236.4
41236.5
41236.6
41236.6
41236.7
41236.8
41236.9
41236.9
41237
41237.1
41237.1
41237.2
41237.3
41237.4
41237.4
41237.5
41237.6
41237.6
41237.7
41237.7
41237.8
41237.9
41237.9
41238
41238
41238.1
41238.1
41238.2
41238.2
41238.3
41238.3
41238.4
41238.4
41238.4
41238.5
41238.5
41238.5
41238.6
41238.6
41238.6
41238.7
41238.7
41238.7
41238.7
41238.7
41238.8
41238.8
41238.8
41238.8
41238.8
41238.8
41238.8
41238.8
41238.8
41238.8
41238.8
41238.8
41238.7
41238.7
41238.7
41238.7
41238.7
41238.7
41238.6
41238.6
41238.6
41238.5
41238.5
41238.5
41238.4
41238.4
41238.3
41238.3
41238.2
41238.2
41238.1
41238.1
41238
41238
41237.9
41237.9
41237.8
41237.7
41237.7
41237.6
41237.5
41237.5
41237.4
41237.3
41237.2
41237.2
41237.1
41237
41236.9
41236.9
41236.8
41236.7
41236.6
41236.5
41236.4
41236.4
41236.3
41236.2
41236.1
41236
41235.9
41235.9
41235.8
41235.7
41235.6
41235.5
41235.4
41235.3
41235.3
41235.2
41235.1
41235
41234.9
41234.9
41234.8
41234.7
41234.6
41234.6
41234.5
41234.4
41234.3
41234.3
41234.2
41234.2
41234.1
41234
41234
41233.9
41233.9
41233.8
41233.8
41233.7
41233.7
41233.6
41233.6
41233.6
41233.5
41233.5
41233.5
41233.4
41233.4
41233.4
41233.4
41233.4
41233.4
41233.4
41233.4
41233.4
41233.4
41233.4
41233.4
41233.4
41233.4
41233.4
41233.4
41233.5
41233.5
41233.5
41233.5
41233.6
41233.6
41233.7
41233.7
41233.7
41233.8
41233.8
41233.9
41234
41234
41234.1
41234.1
41234.2
41234.3
41234.3
41234.4
41234.5
41234.6
41234.6
41234.7
41234.8
41234.9
41235
41235.1
41235.1
41235.2
41235.3
41235.4
41235.5
41235.6
41235.7
41235.8
41235.9
41236
41236.1
41236.2
41236.2
41236.3
41236.4
41236.5
41236.6
41236.7
41236.8
41236.9
41237
41237.1
41237.2
41237.3
41237.3
41237.4
41237.5
41237.6
41237.7
41237.7
41237.8
41237.9
41238
41238
41238.1
41238.2
41238.2
41238.3
41238.4
41238.4
41238.5
41238.5
41238.6
41238.6
41238.7
41238.7
41238.8
41238.8
41238.8
41238.9
41238.9
41238.9
41239
41239
41239
41239
41239
41239
41239
41239
41239
41239
41239
41239
41239
41239
41239
41239
41239
41238.9
41238.9
41238.9
41238.8
41238.8
41238.8
41238.7
41238.7
41238.6
41238.6
41238.5
41238.5
41238.4
41238.4
41238.3
41238.3
41238.2
41238.1
41238.1
41238
41238
41237.9
41237.8
41237.7
41237.7
41237.6
41237.5
41237.4
41237.4
41237.3
41237.2
41237.1
41237
41237
41236.9
41236.8
41236.7
41236.6
41236.6
41236.5
41236.4
41236.3
41236.2
41236.1
41236.1
41236
41235.9
41235.8
41235.7
41235.7
41235.6
41235.5
41235.4
41235.4
41235.3
41235.2
41235.1
41235.1
41235
41234.9
41234.9
41234.8
41234.8
41234.7
41234.6
41234.6
41234.5
41234.5
41234.4
41234.4
41234.3
41234.3
41234.2
41234.2
41234.1
41234.1
41234.1
41234
41234
41234
41233.9
41233.9
41233.9
41233.9
41233.9
41233.8
41233.8
41233.8
41233.8
41233.8
41233.8
