
Objective value: 
49797.2
14512.6
14856.7
19824.6
24411.6
26684.4
27874.2
28587.3
29777.1
32080.4
35259.9
38723.6
41743.3
43985.8
45548.5
46348.3
46360.3
46031.2
45558
45077
44686
44437.6
44329.1
44238.1
44246.7
44384.4
44578.7
44766.1
45035.5
45358.2
45704.5
46043.6
46252.9
46413.3
46501
46520.5
46480.6
46388.2
46251.9
46082.4
45884.6
45625.4
45330.8
44986.4
44664.9
44386.2
44157
43978.5
43848.9
43764.8
43723.4
43721
43753.5
43816.8
43906.8
44019.4
44150.6
44296.2
44429.6
44501.8
44575.9
44655.9
44742.1
44831.9
44922.2
45010.3
45094.1
45171.7
45241.4
45301.7
45351.5
45390.1
45417.1
45432.7
45437.5
45431.8
45416.4
45352.1
45244.8
45111.7
44959.6
44791.3
44603.5
44398.1
44174.6
43934
43678.1
43408.8
43128.2
42838.2
42541.2
42244.4
41955.3
41675.1
41404
41143.3
40894.6
40659.9
40440.6
40238
40053.1
39886
39737.5
39606.9
39492.6
39393.4
39304.8
39217.7
39137
39065.6
39003.6
38949.7
38902.5
38860.8
38823.9
38791.4
38763.3
38739.5
38719.5
38702.6
38688.5
38676.9
38667.6
38660.8
38656.5
38655.2
38657.1
38663.3
38674.1
38690.1
38713.4
38744.5
38782.4
38827.3
38880.7
38943.3
39014.6
39094.1
39181.1
39275.1
39375.7
39481.8
39592.7
39707.5
39825.4
39945.8
40067.8
40190.8
40314.7
40438.8
40562.5
40685.5
40807.5
40928.3
41047.9
41166.6
41284.5
41402
41519.4
41637.3
41755.9
41875.6
41996.9
42120.3
42245.9
42373.3
42501.8
42630.8
42759.7
42887.5
43013.6
43136.7
43255.8
43369.5
43476.5
43574.6
43663
43741
43808
43863.1
43905.7
43935.3
43951.5
43954.2
43943
43917.7
43878.1
43825.2
43760
43683.6
43597.4
43502.5
43400.5
43292.7
43180.5
43065.5
42949.1
42832.6
42717.3
42604.5
42495.2
42390.2
42290.5
42196.5
42108.6
42027.1
41952.1
41883.2
41820.4
41763.1
41710.8
41662.8
41618.4
41576.8
41537.2
41499
41461.7
41424.3
41386.3
41347
41305.7
41261.8
41214.9
41164.7
41110.9
41053.5
40992.5
40928.1
40860.6
40790.3
40717.6
40643
40567.1
40490.5
40413.9
40337.9
40263.3
40190.7
40120.8
40054.3
39991.9
39934.2
39881.8
39835.2
39794.8
39761.2
39735
39716.4
39705.4
39702.3
39706.8
39719
39739.1
39767.4
39804
39848.7
39901
39960.6
40027.2
40100.2
40178.9
40262.7
40350.9
40442.9
40537.8
40635.1
40734
40833.8
40933.7
41033
41131.2
41227.3
41320.9
41411.3
41498
41580.4
41658.1
41730.6
41797.8
41859.3
41914.9
41964.6
42008.3
42046
42077.8
42104
42124.7
42140.2
42150.9
42157.1
42159.3
42158
42153.6
42146.8
42138
42127.9
42116.9
42105.7
42094.8
42084.7
42075.9
42068.7
42063.5
42060.6
42060.2
42062.5
42067.5
42075.2
42085.5
42098.3
42113.4
42130.3
42148.9
42168.6
42189
42209.5
42229.8
42249.2
42267.3
42283.4
42297
42307.7
42314.9
42318.3
42317.5
42312.2
42302
42286.7
42266.4
42240.8
42209.9
42174
42132.9
42087.1
42036.7
41982
41923.4
41861.3
41796.2
41728.5
41658.7
41587.3
41514.9
41442
41369.2
41296.8
41225.9
41156.7
41089.7
41025.2
40963.5
40905.2
40850.4
40799.3
40752.2
40709.2
40670.4
40635.9
40605.7
40579.9
40558.5
40541.4
40528.6
40519.9
40515.4
40514.9
40518.2
40525
40535.4
40549.4
40566.5
40586.6
40609.3
40634.4
40661.7
40691
40722
40754.4
40788.1
40822.9
40858.5
40894.6
40931.2
40967.9
41004.6
41041.2
41077.4
41113.1
41148.1
41182.3
41215.7
41248
41279.3
41309.4
41338.3
41366
41392.4
41417.5
41441.4
41463.9
41485.3
41505.4
41524.3
41542.1
41558.8
41574.5
41589.3
41603.1
41616.3
41628.6
41640.4
41651.7
41662.4
41672.8
41682.9
41692.7
41702.4
41711.9
41721.4
41730.8
41740.3
41749.7
41759.2
41768.7
41778.2
41787.7
41797.1
41806.4
41815.6
41824.5
41833.2
41841.4
41849.3
41856.5
41863.1
41869
41874
41878.1
41881.1
41883.1
41883.8
41883.1
41881.2
41877.7
41872.8
41866.3
41858.2
41848.5
41837.1
41824
41809.2
41792.7
41774.6
41754.9
41733.5
41710.6
41686.2
41660.3
41633.1
41604.7
41575.1
41544.4
41512.8
41480.4
41447.4
41413.7
41379.7
41345.4
41311
41276.7
41242.6
41208.8
41175.6
41143.1
41111.5
41080.9
41051.4
41023.3
40996.6
40971.6
40948.3
40926.8
40907.4
40890
40874.8
40861.8
40851.2
40842.9
40837.1
40833.7
40832.7
40834.2
40838.1
40844.3
40852.9
40863.7
40876.7
40891.8
40909
40928
40949
40971.6
40996
41021.9
41049.3
41078
41108
41139.1
41171.3
41204.3
41238.1
41272.6
41307.6
41342.9
41378.5
41414.2
41449.8
41485.3
41520.4
41555.2
41589.3
41622.7
41655.2
41686.8
41717.3
41746.5
41774.5
41801
41826
41849.4
41871.1
41891
41909.2
41925.4
41939.7
41952
41962.3
41970.5
41976.8
41981
41983.1
41983.2
41981.4
41977.5
41971.8
41964.1
41954.7
41943.4
41930.5
41915.9
41899.8
41882.2
41863.1
41842.8
41821.3
41798.6
41774.9
41750.2
41724.7
41698.4
41671.5
41644
41616
41587.7
41559.2
41530.6
41502
41473.4
41445.1
41417.2
41389.7
41362.7
41336.4
41310.9
41286.1
41262.3
41239.5
41217.6
41196.9
41177.4
41159
41141.8
41125.9
41111.2
41097.8
41085.7
41074.8
41065.3
41056.9
41049.8
41043.9
41039.1
41035.5
41033
41031.5
41031.1
41031.6
41033.2
41035.6
41038.8
41042.9
41047.7
41053.3
41059.6
41066.5
41074.1
41082.2
41090.9
41100.1
41109.8
41120
41130.5
41141.5
41152.9
41164.6
41176.7
41189.1
41201.8
41214.8
41228
41241.5
41255.2
41269.2
41283.3
41297.6
41312.2
41326.8
41341.6
41356.5
41371.6
41386.7
41401.8
41417.1
41432.3
41447.6
41462.8
41477.9
41493
41508
41522.8
41537.5
41552
41566.2
41580.1
41593.7
41607
41619.9
41632.4
41644.4
41655.9
41666.9
41677.3
41687.1
41696.3
41704.8
41712.6
41719.7
41726
41731.6
41736.3
41740.2
41743.3
41745.6
41747
41747.5
41747.1
41745.9
41743.9
41740.9
41737.1
41732.5
41727
41720.8
41713.8
41706
41697.4
41688.2
41678.3
41667.8
41656.7
41645
41632.8
41620.2
41607.1
41593.6
41579.9
41565.8
41551.4
41536.9
41522.3
41507.5
41492.7
41477.9
41463.1
41448.4
41433.8
41419.4
41405.1
41391.2
41377.5
41364.1
41351.1
41338.4
41326.1
41314.3
41302.9
41291.9
41281.5
41271.5
41262
41253
41244.5
41236.5
41229
41222
41215.5
41209.5
41204.1
41199.1
41194.6
41190.6
41187
41184
41181.4
41179.3
41177.7
41176.5
41175.8
41175.5
41175.7
41176.4
41177.6
41179.2
41181.3
41183.9
41186.9
41190.5
41194.5
41199.1
41204.1
41209.7
41215.7
41222.3
41229.4
41236.9
41245
41253.6
41262.7
41272.2
41282.2
41292.7
41303.6
41314.9
41326.7
41338.8
41351.2
41363.9
41376.9
41390.1
41403.5
41417
41430.6
41444.2
41457.8
41471.3
41484.6
41497.7
41510.6
41523.2
41535.3
41547.1
41558.4
41569.2
41579.5
41589.3
41598.5
41607
41615
41622.3
41629
41635
41640.4
41645.1
41649.2
41652.6
41655.3
41657.4
41658.8
41659.6
41659.8
41659.4
41658.4
41656.9
41654.8
41652.2
41649.1
41645.6
41641.5
41637.1
41632.3
41627.1
41621.6
41615.8
41609.8
41603.4
41596.9
41590.2
41583.3
41576.3
41569.1
41561.8
41554.5
41547
41539.5
41531.8
41524
41516.2
41508.1
41499.9
41491.5
41482.9
41474.1
41465.1
41455.8
41446.3
41436.7
41426.8
41416.8
41406.7
41396.5
41386.2
41376
41365.7
41355.5
41345.4
41335.4
41325.6
41315.9
41306.5
41297.3
41288.4
41279.8
41271.5
41263.6
41256.1
41248.9
41242.2
41235.9
41230.1
41224.7
41219.9
41215.5
41211.7
41208.5
41205.8
41203.6
41202.1
41201.1
41200.8
41201
41201.8
41203.3
41205.3
41207.9
41211.2
41215
41219.4
41224.3
41229.8
41235.8
41242.3
41249.2
41256.6
41264.4
41272.6
41281.1
41289.8
41298.8
41308
41317.4
41326.9
41336.5
41346.1
41355.8
41365.4
41375.1
41384.7
41394.3
41403.9
41413.3
41422.8
41432.1
41441.4
41450.5
41459.6
41468.6
41477.5
41486.3
41494.9
41503.5
41511.9
41520.2
41528.3
41536.3
41544.1
41551.7
41559.1
41566.4
41573.4
41580.2
41586.8
41593.2
41599.2
41605
41610.5
41615.7
41620.6
41625.1
41629.3
41633.1
41636.6
41639.6
41642.2
41644.4
41646.1
41647.3
41648.1
41648.3
41647.9
41647
41645.5
41643.4
41640.7
41637.4
41633.4
41628.8
41623.6
41617.7
41611.2
41604.1
41596.4
41588.2
41579.4
41570.1
41560.3
41550.2
41539.6
41528.6
41517.3
41505.7
41493.9
41481.9
41469.7
41457.3
41444.9
41432.5
41420
41407.6
41395.2
41383
41370.9
41358.9
41347.2
41335.8
41324.6
41313.8
41303.3
41293.2
41283.6
41274.4
41265.6
41257.4
41249.7
41242.5
41235.9
41229.9
41224.5
41219.8
41215.7
41212.2
41209.4
41207.3
41205.9
41205.2
41205.1
41205.8
41207.2
41209.2
41212
41215.5
41219.7
41224.6
41230.2
41236.5
41243.4
41251
41259.3
41268.1
41277.5
41287.4
41297.8
41308.4
41319.3
41330.4
41341.5
41352.5
41363.3
41373.8
41384
41393.8
41403.2
41412.1
41420.7
41428.8
41436.6
41443.9
41450.9
41457.6
41463.9
41470
41475.7
41481.1
41486.2
41491.1
41495.6
41499.9
41504
41507.8
41511.3
41514.5
41517.5
41520.3
41522.8
41525.1
41527.2
41529
41530.6
41532
41533.3
41534.3
41535.2
41535.9
41536.5
41536.9
41537.3
41537.5
41537.6
41537.5
41537.4
41537.2
41537
41536.6
41536.1
41535.6
41535
41534.2
41533.4
41532.5
41531.5
41530.3
41529.1
41527.6
41526.1
41524.3
41522.3
41520.2
41517.8
41515.1
41512.2
41509
41505.5
41501.6
41497.5
41493.1
41488.4
41483.4
41478.2
41472.7
41467
41461.1
41455
41448.8
41442.5
41436.2
41429.8
41423.4
41417
41410.7
41404.5
41398.4
41392.4
41386.7
41381.1
41375.7
41370.6
41365.8
41361.3
41357.1
41353.2
41349.7
41346.5
41343.7
41341.2
41339.2
41337.5
41336.3
41335.4
41335
41334.9
41335.2
41335.9
41336.9
41338.3
41340.1
41342.1
41344.4
41347
41349.8
41352.8
41356
41359.4
41362.8
41366.4
41370
41373.6
41377.2
41380.9
41384.4
41388
41391.4
41394.8
41398
41401.2
41404.2
41407.1
41409.9
41412.5
41415.1
41417.4
41419.7
41421.8
41423.8
41425.6
41427.3
41428.9
41430.4
41431.8
41433
41434.2
41435.3
41436.3
41437.2
41438
41438.8
41439.5
41440.1
41440.8
41441.4
41441.9
41442.4
41442.9
41443.4
41443.9
41444.4
41444.9
41445.3
41445.7
41446.2
41446.6
41447
41447.4
41447.8
41448.1
41448.5
41448.7
41449
41449.2
41449.3
41449.4
41449.4
41449.4
41449.3
41449.1
41448.9
41448.5
41448.1
41447.7
41447.2
41446.6
41445.9
41445.3
41444.5
41443.8
41443
41442.2
41441.4
41440.6
41439.8
41439.1
41438.3
41437.6
41437
41436.3
41435.8
41435.3
41434.8
41434.4
41434
41433.7
41433.4
41433.2
41433
41432.8
41432.7
41432.6
41432.5
41432.4
41432.2
41432.1
41431.9
41431.7
41431.5
41431.1
41430.8
41430.3
41429.8
41429.1
41428.4
41427.6
41426.7
41425.8
41424.7
41423.5
41422.2
41420.9
41419.5
41417.9
41416.4
41414.7
41413
41411.3
41409.5
41407.7
41405.9
41404.1
41402.3
41400.5
41398.7
41397
41395.3
41393.7
41392.2
41390.7
41389.4
41388.2
41387.1
41386.1
41385.2
41384.6
41384
41383.7
41383.5
41383.5
41383.7
41384
41384.6
41385.3
41386.2
41387.4
41388.7
41390.2
41391.9
41393.7
41395.8
41398
41400.4
41402.9
41405.6
41408.4
41411.3
41414.3
41417.4
41420.5
41423.7
41426.9
41430.1
41433.2
41436.3
41439.3
41442.2
41445
41447.6
41450.1
41452.5
41454.6
41456.6
41458.4
41460
41461.5
41462.7
41463.8
41464.7
41465.4
41466
41466.4
41466.7
41466.9
41466.9
41466.8
41466.5
41466.2
41465.8
41465.2
41464.6
41463.9
41463.2
41462.3
41461.4
41460.5
41459.4
41458.4
41457.3
41456.2
41455
41453.8
41452.6
41451.4
41450.2
41449
41447.9
41446.7
41445.6
41444.4
41443.4
41442.3
41441.3
41440.4
41439.4
41438.6
41437.8
41437.1
41436.4
41435.8
41435.3
41434.8
41434.5
41434.1
41433.9
41433.7
41433.6
41433.5
41433.5
41433.4
41433.4
41433.4
41433.3
41433.2
41433
41432.7
41432.3
41431.8
41431.1
41430.2
41429.1
41427.9
41426.5
41424.9
41423.1
41421.2
41419.1
41417
41414.7
41412.3
41409.9
41407.4
41404.9
41402.4
41399.9
41397.4
41395
41392.6
41390.3
41388.1
41386
41384.1
41382.2
41380.5
41378.9
41377.6
41376.3
41375.3
41374.5
41373.8
41373.4
41373.2
41373.2
41373.5
41373.9
41374.6
41375.6
41376.7
41378.1
41379.7
41381.5
41383.6
41385.8
41388.3
41390.9
41393.7
41396.7
41399.9
41403.2
41406.6
41410.1
41413.6
41417.3
41420.9
41424.5
41428.1
41431.7
41435.1
41438.3
41441.4
41444.3
41446.9
41449.3
41451.4
41453.3
41454.8
41456
41457
41457.7
41458.1
41458.2
41458
41457.7
41457.1
41456.3
41455.3
41454.1
41452.8
41451.4
41449.9
41448.3
41446.6
41444.8
41443.1
41441.3
41439.5
41437.7
41435.9
41434.2
41432.6
41431
41429.5
41428.1
41426.8
41425.6
41424.5
41423.6
41422.8
41422.2
41421.7
41421.3
41421.1
41421.1
41421.2
41421.5
41422
41422.6
41423.3
41424.2
41425.2
41426.4
41427.6
41429
41430.5
41432.1
41433.7
41435.5
41437.2
41439.1
41440.9
41442.7
41444.5
41446.3
41448
41449.7
41451.2
41452.6
41453.8
41454.9
41455.8
41456.4
41456.9
41457.1
41457
41456.7
41456.2
41455.4
41454.4
41453.1
41451.6
41449.9
41448.1
41446
41443.8
41441.5
41439
41436.4
41433.8
41431.1
41428.4
41425.6
41422.8
41420
41417.3
41414.6
41412
41409.4
41407
41404.6
41402.4
41400.4
41398.4
41396.7
41395.1
41393.7
41392.6
41391.6
41390.9
41390.4
41390.1
41390.1
41390.3
41390.7
41391.4
41392.4
41393.6
41395
41396.7
41398.6
41400.8
41403.2
41405.8
41408.6
41411.5
41414.7
41418
41421.5
41425.1
41428.8
41432.5
41436.3
41440
41443.7
41447.3
41450.8
41454.1
41457.1
41459.9
41462.5
41464.7
41466.6
41468.2
41469.4
41470.3
41470.8
41471
41470.8
41470.3
41469.6
41468.5
41467.2
41465.7
41463.9
41461.9
41459.7
41457.4
41454.9
41452.2
41449.5
41446.7
41443.8
41440.8
41437.8
41434.8
41431.8
41428.9
41425.9
41423
41420.2
41417.5
41414.9
41412.4
41410
41407.7
41405.7
41403.8
41402
41400.5
41399.1
41398
41397
41396.3
41395.8
41395.5
41395.4
41395.5
41395.9
41396.5
41397.2
41398.2
41399.4
41400.7
41402.1
41403.7
41405.4
41407.1
41408.9
41410.6
41412.2
41413.7
41415.1
41416.3
41417.3
41418
41418.5
41418.8
41418.7
41418.5
41418
41417.3
41416.4
41415.3
41414.1
41412.7
41411.3
41409.7
41408.1
41406.5
41404.9
41403.3
41401.7
41400.2
41398.8
41397.4
41396.1
41395
41393.9
41393
41392.3
41391.7
41391.3
41391.1
41391.1
41391.3
41391.6
41392.2
41393
41394.1
41395.3
41396.8
41398.4
41400.3
41402.4
41404.7
41407.2
41409.9
41412.7
41415.8
41419
41422.3
41425.8
41429.3
41433
41436.8
41440.7
41444.6
41448.5
41452.5
41456.5
41460.5
41464.4
41468.2
41472
41475.6
41479.1
41482.4
41485.6
41488.5
41491.1
41493.5
41495.5
41497.3
41498.7
41499.9
41500.6
41501.1
41501.2
41501
41500.4
41499.6
41498.5
41497.1
41495.4
41493.5
41491.4
41489.1
41486.6
41483.9
41481.1
41478.1
41475
41471.9
41468.6
41465.3
41461.9
41458.5
41455.1
41451.6
41448.2
41444.7
41441.3
41437.9
41434.5
41431.2
41427.9
41424.7
41421.6
41418.5
41415.6
41412.7
41409.9
41407.1
41404.5
41402
41399.6
41397.3
41395.2
41393.1
41391.2
41389.3
41387.6
41386
41384.5
41383.2
41381.9
41380.8
41379.8
41378.9
41378.2
41377.5
41377
41376.6
41376.3
41376.1
41376.1
41376.2
41376.3
41376.7
41377.1
41377.6
41378.3
41379
41379.9
41380.9
41382.1
41383.3
41384.7
41386.1
41387.7
41389.4
41391.1
41393
41395
41397.1
41399.3
41401.5
41403.8
41406.2
41408.7
41411.2
41413.8
41416.5
41419.1
41421.8
41424.5
41427.2
41429.9
41432.6
41435.3
41437.9
41440.5
41443
41445.5
41447.9
41450.2
41452.3
41454.4
41456.4
41458.2
41459.9
41461.4
41462.8
41464
41465
41465.9
41466.6
41467.2
41467.5
41467.7
41467.7
41467.6
41467.2
41466.7
41466.1
41465.2
41464.2
41463.1
41461.8
41460.4
41458.9
41457.2
41455.4
41453.5
41451.5
41449.4
41447.2
41445
41442.6
41440.2
41437.8
41435.3
41432.7
41430.1
41427.5
41424.9
41422.3
41419.6
41417
41414.3
41411.7
41409.1
41406.5
41403.9
41401.4
41399
41396.6
41394.2
41391.9
41389.7
41387.5
41385.4
41383.5
41381.6
41379.7
41378
41376.5
41375
41373.6
41372.4
41371.3
41370.3
41369.4
41368.7
41368.2
41367.8
41367.6
41367.5
41367.7
41367.9
41368.4
41369.1
41369.9
41371
41372.2
41373.7
41375.3
41377.2
41379.3
41381.6
41384.2
41386.9
41390
41393.2
41396.7
41400.5
41404.5
41408.8
41413.3
41418
41423.1
41428.3
41433.8
41439.4
41445.3
41451.2
41457.3
41463.4
41469.4
41475.4
41481.2
41486.9
41492.2
41497.2
41501.8
41506
41509.7
41512.9
41515.7
41518
41519.8
41521.2
41522.1
41522.6
41522.7
41522.5
41521.9
41521
41519.9
41518.5
41516.8
41515
41513
41510.8
41508.5
41506.1
41503.5
41500.9
41498.1
41495.4
41492.5
41489.6
41486.7
41483.7
41480.7
41477.7
41474.7
41471.7
41468.8
41465.8
41462.9
41460
41457.2
41454.4
41451.7
41449.1
41446.5
41444
41441.6
41439.3
41437
41434.9
41432.7
41430.7
41428.7
41426.8
41424.9
41423.1
41421.4
41419.6
41418
41416.3
41414.7
41413.2
41411.7
41410.2
41408.8
41407.4
41406.1
41404.8
41403.7
41402.5
41401.5
41400.5
41399.7
41398.9
41398.3
41397.7
41397.3
41397
41396.9
41396.8
41396.9
41397.1
41397.4
41397.8
41398.3
41398.9
41399.5
41400.2
41400.9
41401.6
41402.2
41402.9
41403.4
41404
41404.4
41404.7
41405
41405.2
41405.2
41405.2
41405.1
41404.9
41404.6
41404.3
41403.8
41403.4
41402.9
41402.4
41401.8
41401.3
41400.8
41400.2
41399.7
41399.3
41398.8
41398.4
41398.1
41397.9
41397.7
41397.5
41397.5
41397.6
41397.7
41398
41398.3
41398.7
41399.3
41399.9
41400.6
41401.5
41402.4
41403.4
41404.5
41405.7
41407
41408.3
41409.7
41411.1
41412.6
41414.2
41415.7
41417.3
41418.9
41420.5
41422.1
41423.7
41425.3
41426.8
41428.3
41429.8
41431.2
41432.6
41434
41435.2
41436.5
41437.6
41438.8
41439.8
41440.8
41441.7
41442.6
41443.5
41444.2
41444.9
41445.6
41446.3
41446.9
41447.5
41448
41448.6
41449.1
41449.6
41450.2
41450.8
41451.4
41452.1
41452.8
41453.6
41454.5
41455.5
41456.6
41457.9
41459.3
41460.8
41462.5
41464.4
41466.5
41468.7
41471
41473.5
41476.2
41478.9
41481.7
41484.5
41487.2
41489.8
41492.3
41494.5
41496.4
41498
41499.2
41500
41500.4
41500.4
41500
41499.1
41497.9
41496.3
41494.3
41492.1
41489.6
41486.8
41483.9
41480.7
41477.4
41474
41470.5
41466.9
41463.3
41459.6
41456
41452.3
41448.7
41445.1
41441.6
41438.1
41434.7
41431.4
41428.2
41425.1
41422.1
41419.3
41416.6
41414
41411.6
41409.3
41407.2
41405.3
41403.5
41401.9
41400.5
41399.3
41398.3
41397.4
41396.7
41396.2
41395.9
41395.7
41395.7
41395.8
41396
41396.3
41396.7
41397.3
41397.9
41398.6
41399.3
41400.1
41400.9
41401.7
41402.6
41403.5
41404.3
41405.2
41406.1
41406.9
41407.8
41408.6
41409.4
41410.2
41411
41411.7
41412.5
41413.2
41413.9
41414.6
41415.3
41415.9
41416.6
41417.2
41417.9
41418.5
41419.1
41419.7
41420.3
41420.9
41421.5
41422.1
41422.6
41423.2
41423.7
41424.2
41424.7
41425.1
41425.6
41426
41426.4
41426.7
41427
41427.3
41427.6
41427.8
41427.9
41428
41428.1
41428.1
41428.1
41428
41427.9
41427.7
41427.5
41427.2
41426.8
41426.4
41425.9
41425.4
41424.9
41424.3
41423.6
41422.9
41422.2
41421.5
41420.7
41420
41419.2
41418.4
41417.6
41416.8
41416.1
41415.3
41414.6
41413.9
41413.3
41412.6
41412.1
41411.5
41411
41410.6
41410.2
41409.8
41409.5
41409.3
41409.1
41409
41409
41409
41409.1
41409.2
41409.4
41409.7
41410.1
41410.5
41411
41411.5
41412.1
41412.8
41413.5
41414.3
41415.1
41416
41416.9
41417.9
41419
41420
41421.1
41422.3
41423.5
41424.7
41425.9
41427.2
41428.4
41429.7
41431
41432.4
41433.7
41435
41436.4
41437.7
41439.1
41440.4
41441.7
41443
41444.2
41445.5
41446.7
41447.8
41448.9
41449.9
41450.9
41451.8
41452.6
41453.3
41454
41454.5
41455
41455.4
41455.6
41455.8
41455.8
41455.8
41455.7
41455.4
41455.1
41454.7
41454.2
41453.5
41452.9
41452.1
41451.3
41450.4
41449.4
41448.4
41447.3
41446.2
41445.1
41443.9
41442.7
41441.5
41440.2
41439
41437.8
41436.5
41435.3
41434.1
41433
41431.9
41430.8
41429.7
41428.8
41427.8
41426.9
41426.1
41425.4
41424.7
41424.1
41423.5
41423
41422.6
41422.3
41422
41421.8
41421.6
41421.5
41421.5
41421.5
41421.5
41421.6
41421.7
41421.9
41422.1
41422.3
41422.4
41422.6
41422.8
41423
41423.1
41423.3
41423.3
41423.4
41423.4
41423.3
41423.2
41423
41422.8
41422.5
41422.1
41421.7
41421.2
41420.6
41420
41419.4
41418.6
41417.9
41417.1
41416.3
41415.4
41414.6
41413.7
41412.8
41412
41411.1
41410.3
41409.5
41408.8
41408.1
41407.4
41406.8
41406.3
41405.9
41405.5
41405.2
41405
41404.8
41404.8
41404.8
41404.9
41405
41405.3
41405.6
41406
41406.5
41407
41407.6
41408.2
41408.8
41409.5
41410.2
41410.9
41411.7
41412.4
41413.1
41413.8
41414.5
41415.1
41415.7
41416.2
41416.7
41417.1
41417.5
41417.8
41418
41418.2
41418.3
41418.3
41418.2
41418.1
41417.9
41417.7
41417.4
41417.1
41416.7
41416.3
41415.9
41415.4
41414.9
41414.5
41414
41413.5
41413.1
41412.7
41412.3
41411.9
41411.6
41411.4
41411.2
41411
41410.9
41410.9
41411
41411.1
41411.3
41411.6
41412
41412.4
41412.9
41413.5
41414.2
41415
41415.8
41416.7
41417.6
41418.6
41419.7
41420.8
41422
41423.2
41424.5
41425.8
41427.1
41428.4
41429.8
41431.2
41432.5
41433.9
41435.3
41436.7
41438
41439.3
41440.6
41441.9
41443.2
41444.3
41445.5
41446.6
41447.7
41448.6
41449.6
41450.5
41451.3
41452
41452.6
41453.2
41453.7
41454.2
41454.5
41454.8
41455
41455.1
41455.1
41455.1
41454.9
41454.7
41454.4
41454.1
41453.6
41453.1
41452.5
41451.9
41451.2
41450.4
41449.6
41448.7
41447.8
41446.8
41445.8
41444.7
41443.7
41442.5
41441.4
41440.2
41439
41437.8
41436.6
41435.4
41434.1
41432.9
41431.6
41430.4
41429.2
41428
41426.8
41425.6
41424.4
41423.2
41422.1
41421
41419.9
41418.8
41417.8
41416.8
41415.8
41414.8
41413.9
41413
41412.1
41411.3
41410.5
41409.7
41408.9
41408.2
41407.4
41406.8
41406.1
41405.5
41404.8
41404.2
41403.7
41403.1
41402.6
41402.1
41401.7
41401.2
41400.8
41400.5
41400.1
41399.8
41399.5
41399.3
41399.1
41399
41398.9
41398.9
41398.9
41399
41399.1
41399.3
41399.6
41399.9
41400.3
41400.7
41401.3
41401.9
41402.5
41403.3
41404.1
41405
41406
41407
41408.1
41409.2
41410.4
41411.7
41413
41414.4
41415.8
41417.2
41418.6
41420.1
41421.5
41423
41424.5
41425.9
41427.4
41428.7
41430.1
41431.4
41432.6
41433.8
41434.9
41436
41436.9
41437.8
41438.5
41439.2
41439.8
41440.3
41440.7
41440.9
41441.1
41441.2
41441.2
41441.1
41440.9
41440.6
41440.2
41439.7
41439.2
41438.6
41437.9
41437.2
41436.4
41435.6
41434.8
41433.9
41432.9
41432
41431
41430
41429
41428
41427.1
41426.1
41425.1
41424.2
41423.3
41422.4
41421.6
41420.8
41420
41419.3
41418.6
41418
41417.4
41416.9
41416.5
41416.1
41415.8
41415.5
41415.3
41415.2
41415.1
41415.1
41415.2
41415.4
41415.6
41415.9
41416.3
41416.8
41417.4
41418
41418.7
41419.5
41420.4
41421.3
41422.3
41423.5
41424.7
41426
41427.3
41428.8
41430.3
41432
41433.6
41435.4
41437.2
41439
41440.9
41442.8
41444.8
41446.7
41448.6
41450.5
41452.3
41454
41455.6
41457.2
41458.5
41459.8
41460.8
41461.7
41462.4
41462.9
41463.2
41463.2
41463.1
41462.7
41462.2
41461.4
41460.4
41459.3
41458
41456.5
41454.8
41453
41451.2
41449.1
41447.1
41444.9
41442.6
41440.4
41438
41435.7
41433.3
41431
41428.6
41426.3
41424
41421.7
41419.5
41417.4
41415.3
41413.4
41411.5
41409.7
41408
41406.4
41404.9
41403.6
41402.3
41401.2
41400.3
41399.4
41398.7
41398.1
41397.7
41397.4
41397.2
41397.1
41397.2
41397.3
41397.6
41398
41398.5
41399.1
41399.8
41400.6
41401.4
41402.4
41403.4
41404.5
41405.7
41406.9
41408.3
41409.6
41411.1
41412.6
41414.2
41415.9
41417.6
41419.4
41421.2
41423.1
41425.1
41427.1
41429.2
41431.4
41433.6
41435.8
41438.1
41440.4
41442.8
41445.1
41447.5
41449.8
41452.1
41454.3
41456.5
41458.7
41460.7
41462.6
41464.4
41466.1
41467.6
41468.9
41470.1
41471.1
41471.9
41472.6
41473
41473.2
41473.2
41473.1
41472.7
41472.1
41471.4
41470.4
41469.3
41468
41466.6
41465
41463.3
41461.4
41459.5
41457.4
41455.3
41453.1
41450.8
41448.4
41446.1
41443.6
41441.2
41438.8
41436.3
41433.8
41431.4
41428.9
41426.5
41424.1
41421.8
41419.5
41417.2
41415
41412.8
41410.6
41408.5
41406.5
41404.6
41402.7
41400.8
41399.1
41397.4
41395.7
41394.2
41392.8
41391.4
41390.1
41389
41387.9
41387
41386.2
41385.4
41384.8
41384.4
41384
41383.8
41383.8
41383.8
41384
41384.3
41384.8
41385.4
41386.1
41387
41388.1
41389.3
41390.7
41392.2
41393.9
41395.9
41398
41400.3
41402.8
41405.5
41408.5
41411.7
41415.2
41419
41423
41427.2
41431.7
41436.4
41441.4
41446.5
41451.8
41457.1
41462.5
41467.8
41473.1
41478.2
41483.1
41487.8
41492.3
41496.5
41500.4
41503.9
41507
41509.8
41512.2
41514.1
41515.7
41516.8
41517.4
41517.7
41517.5
41516.9
41516
41514.6
41513
41511
41508.7
41506.2
41503.5
41500.5
41497.4
41494.2
41490.8
41487.4
41483.9
41480.3
41476.8
41473.2
41469.7
41466.2
41462.7
41459.2
41455.9
41452.6
41449.4
41446.3
41443.2
41440.3
41437.4
41434.7
41432
41429.4
41427
41424.6
41422.3
41420.1
41418
41416
41414.1
41412.2
41410.4
41408.7
41407.1
41405.5
41404
41402.6
41401.2
41399.9
41398.7
41397.5
41396.4
41395.4
41394.4
41393.5
41392.6
41391.8
41391.1
41390.5
41389.9
41389.5
41389.1
41388.9
41388.8
41388.9
41389.1
41389.4
41390
41390.8
41391.8
41393
41394.5
41396.2
41398.2
41400.5
41403.1
41405.9
41409.1
41412.4
41416
41419.7
41423.5
41427.4
41431.3
41435.2
41439
41442.7
41446.2
41449.5
41452.6
41455.5
41458.1
41460.5
41462.7
41464.5
41466.1
41455.8
41449.4
41445.2
41442.3
41440.1
41438.2
41436.6
41435.2
41433.9
41432.9
41432
41431.2
41430.5
41430
41429.5
41429.2
41429.1
41429.1
41429.3
41429.7
41430.2
41430.8
41431.5
41432.3
41433.1
41434
41434.9
41435.9
41436.9
41437.9
41439
41440.1
41441.2
41442.4
41443.7
41445
41446.3
41447.6
41448.9
41450.3
41451.6
41452.9
41454.1
41455.2
41456.3
41457.2
41458
41458.7
41459.2
41459.6
41459.8
41459.8
41459.7
41459.4
41459
41458.4
41457.6
41456.7
41455.6
41454.4
41453.1
41451.6
41450.1
41448.4
41446.7
41444.8
41443
41441
41439.1
41437.1
41435.1
41433.1
41431.1
41429.1
41427.2
41425.3
41423.4
41421.6
41419.8
41418.1
41416.5
41414.9
41413.4
41412
41410.6
41409.3
41408.1
41407
41406
41405
41404.2
41403.4
41402.7
41402.1
41401.6
41401.1
41400.7
41400.4
41400.1
41399.9
41399.8
41399.7
41399.7
41399.7
41399.8
41399.9
41400.1
41400.3
41400.6
41400.9
41401.2
41401.6
41402
41402.4
41402.9
41403.5
41404.1
41404.7
41405.3
41406
41406.8
41407.5
41408.3
41409.2
41410
41410.9
41411.9
41412.8
41413.8
41414.8
41415.8
41416.8
41417.8
41418.8
41419.9
41420.9
41421.9
41423
41424
41425
41426.1
41427.1
41428
41429
41430
41430.9
41431.8
41432.7
41433.5
41434.3
41435.1
41435.9
41436.6
41437.2
41437.8
41438.4
41438.9
41439.3
41439.7
41440
41440.3
41440.5
41440.7
41440.8
41440.8
41440.8
41440.7
41440.6
41440.4
41440.2
41439.9
41439.6
41439.3
41438.9
41438.5
41438.1
41437.7
41437.2
41436.8
41436.3
41435.8
41435.4
41434.9
41434.5
41434
41433.6
41433.1
41432.7
41432.3
41431.9
41431.4
41431
41430.6
41430.1
41429.7
41429.2
41428.8
41428.3
41427.8
41427.2
41426.7
41426.1
41425.5
41424.8
41424.2
41423.5
41422.7
41422
41421.2
41420.4
41419.5
41418.7
41417.8
41416.9
41416
41415.1
41414.2
41413.3
41412.4
41411.6
41410.7
41409.9
41409.1
41408.3
41407.6
41407
41406.3
41405.7
41405.2
41404.7
41404.3
41404
41403.7
41403.5
41403.3
41403.2
41403.2
41403.3
41403.4
41403.5
41403.8
41404.1
41404.4
41404.8
41405.3
41405.8
41406.3
41406.9
41407.6
41408.3
41409
41409.7
41410.5
41411.3
41412.2
41413
41413.9
41414.8
41415.7
41416.6
41417.5
41418.4
41419.3
41420.3
41421.2
41422.1
41423.1
41424
41424.9
41425.9
41426.8
41427.7
41428.6
41429.5
41430.4
41431.2
41432.1
41433
41433.8
41434.6
41435.4
41436.2
41437
41437.7
41438.4
41439.1
41439.8
41440.4
41441
41441.6
41442.1
41442.6
41443.1
41443.5
41443.8
41444.2
41444.4
41444.6
41444.8
41444.9
41445
41445
41444.9
41444.8
41444.7
41444.4
41444.2
41443.8
41443.4
41443
41442.5
41442
41441.4
41440.8
41440.1
41439.4
41438.6
41437.8
41437
41436.2
41435.3
41434.4
41433.5
41432.6
41431.7
41430.7
41429.8
41428.8
41427.9
41426.9
41426
41425
41424.1
41423.2
41422.3
41421.4
41420.6
41419.7
41418.9
41418.1
41417.4
41416.6
41415.9
41415.2
41414.5
41413.9
41413.3
41412.7
41412.2
41411.6
41411.2
41410.7
41410.3
41409.9
41409.6
41409.2
41409
41408.7
41408.5
41408.3
41408.2
41408.1
41408
41408
41408
41408
41408.1
41408.2
41408.4
41408.5
41408.8
41409
41409.3
41409.6
41410
41410.3
41410.7
41411.2
41411.6
41412.1
41412.6
41413.2
41413.7
41414.3
41414.9
41415.5
41416.1
41416.7
41417.3
41418
41418.6
41419.3
41419.9
41420.5
41421.2
41421.8
41422.4
41423
41423.6
41424.2
41424.8
41425.3
41425.8
41426.3
41426.8
41427.2
41427.6
41428
41428.4
41428.7
41429
41429.2
41429.5
41429.6
41429.8
41429.9
41430
41430
41430.1
41430
41430
41429.9
41429.8
41429.6
41429.5
41429.3
41429
41428.8
41428.5
41428.2
41427.9
41427.6
41427.2
41426.9
41426.5
41426.2
41425.8
41425.4
41425
41424.7
41424.3
41423.9
41423.6
41423.2
41422.9
41422.6
41422.3
41422
41421.8
41421.5
41421.3
41421.1
41420.9
41420.8
41420.7
41420.6
41420.5
41420.5
41420.4
41420.5
41420.5
41420.6
41420.7
41420.8
41420.9
41421.1
41421.3
41421.5
41421.7
41422
41422.3
41422.6
41422.9
41423.2
41423.5
41423.9
41424.2
41424.6
41425
41425.4
41425.7
41426.1
41426.5
41426.9
41427.2
41427.6
41428
41428.3
41428.7
41429
41429.4
41429.7
41430
41430.2
41430.5
41430.8
41431
41431.2
41431.4
41431.6
41431.7
41431.9
41432
41432.1
41432.2
41432.2
41432.2
41432.2
41432.2
41432.2
41432.1
41432
41431.9
41431.8
41431.7
41431.5
41431.4
41431.2
41431
41430.7
41430.5
41430.2
41430
41429.7
41429.4
41429.1
41428.8
41428.5
41428.1
41427.8
41427.5
41427.1
41426.8
41426.4
41426
41425.7
41425.3
41425
41424.6
41424.2
41423.9
41423.5
41423.2
41422.9
41422.5
41422.2
41421.9
41421.5
41421.2
41420.9
41420.6
41420.4
41420.1
41419.8
41419.6
41419.3
41419.1
41418.9
41418.6
41418.4
41418.2
41418.1
41417.9
41417.7
41417.6
41417.4
41417.3
41417.2
41417.1
41417
41416.9
41416.8
41416.8
41416.7
41416.7
41416.6
41416.6
41416.6
41416.6
41416.5
41416.6
41416.6
41416.6
41416.6
41416.6
41416.7
41416.7
41416.8
41416.9
41416.9
41417
41417.1
41417.2
41417.2
41417.3
41417.4
41417.5
41417.6
41417.8
41417.9
41418
41418.1
41418.2
41418.4
41418.5
41418.6
41418.8
41418.9
41419.1
41419.2
41419.4
41419.5
41419.6
41419.8
41420
41420.1
41420.3
41420.4
41420.6
41420.7
41420.9
41421
41421.2
41421.4
41421.5
41421.7
41421.8
41422
41422.2
41422.3
41422.5
41422.6
41422.8
41423
41423.1
41423.3
41423.4
41423.6
41423.8
41423.9
41424.1
41424.2
41424.4
41424.6
41424.7
41424.9
41425
41425.2
41425.4
41425.5
41425.7
41425.8
41426
41426.2
41426.3
41426.5
41426.6
41426.8
41426.9
41427.1
41427.2
41427.4
41427.5
41427.7
41427.8
41427.9
41428.1
41428.2
41428.3
41428.5
41428.6
41428.7
41428.8
41428.9
41429
41429.1
41429.2
41429.3
41429.4
41429.5
41429.5
41429.6
41429.6
41429.7
41429.7
41429.8
41429.8
41429.8
41429.8
41429.8
41429.8
41429.8
41429.8
41429.8
41429.7
41429.7
41429.6
41429.6
41429.5
41429.5
41429.4
41429.3
41429.2
41429.1
41429
41428.9
41428.8
41428.6
41428.5
41428.4
41428.3
41428.1
41428
41427.8
41427.7
41427.5
41427.3
41427.2
41427
41426.9
41426.7
41426.5
41426.4
41426.2
41426
41425.9
41425.7
41425.5
41425.4
41425.2
41425
41424.9
41424.7
41424.6
41424.4
41424.3
41424.1
41424
41423.8
41423.7
41423.6
41423.4
41423.3
41423.2
41423.1
41423
41422.8
41422.7
41422.6
41422.5
41422.4
41422.3
41422.2
41422.1
41422
41422
41421.9
41421.8
41421.7
41421.6
41421.5
41421.5
41421.4
41421.3
41421.2
41421.2
41421.1
41421
41421
41420.9
41420.8
41420.7
41420.7
41420.6
41420.5
41420.4
41420.4
41420.3
41420.2
41420.1
41420.1
41420
41419.9
41419.8
41419.7
41419.6
41419.5
41419.5
41419.4
41419.3
41419.2
41419.1
41419
41418.9
41418.8
41418.7
41418.6
41418.5
41418.5
41418.4
41418.3
41418.2
41418.1
41418
41417.9
41417.9
41417.8
41417.7
41417.6
41417.6
41417.5
41417.5
41417.4
41417.4
41417.3
41417.3
41417.3
41417.3
41417.3
41417.3
41417.3
41417.3
41417.3
41417.3
41417.4
41417.4
41417.5
41417.6
41417.6
41417.7
41417.8
41417.9
41418.1
41418.2
41418.3
41418.5
41418.7
41418.8
41419
41419.2
41419.4
41419.7
41419.9
41420.1
41420.4
41420.7
41420.9
41421.2
41421.5
41421.8
41422.1
41422.4
41422.7
41423.1
41423.4
41423.7
41424.1
41424.4
41424.8
41425.1
41425.5
41425.9
41426.2
41426.6
41426.9
41427.3
41427.6
41428
41428.3
41428.7
41429
41429.3
41429.7
41430
41430.3
41430.6
41430.9
41431.1
41431.4
41431.7
41431.9
41432.1
41432.4
41432.6
41432.8
41432.9
41433.1
41433.2
41433.4
41433.5
41433.6
41433.7
41433.7
41433.8
41433.8
41433.8
41433.8
41433.8
41433.8
41433.7
41433.7
41433.6
41433.5
41433.4
41433.2
41433.1
41432.9
41432.7
41432.6
41432.3
41432.1
41431.9
41431.7
41431.4
41431.2
41430.9
41430.6
41430.3
41430
41429.7
41429.4
41429.1
41428.8
41428.4
41428.1
41427.8
41427.4
41427.1
41426.7
41426.4
41426.1
41425.7
41425.4
41425
41424.7
41424.4
41424.1
41423.7
41423.4
41423.1
41422.8
41422.5
41422.2
41421.9
41421.6
41421.4
41421.1
41420.9
41420.6
41420.4
41420.2
41419.9
41419.7
41419.5
41419.4
41419.2
41419
41418.9
41418.7
41418.6
41418.4
41418.3
41418.2
41418.1
41418
41418
41417.9
41417.8
41417.8
41417.7
41417.7
41417.7
41417.7
41417.6
41417.6
41417.6
41417.6
41417.6
41417.7
41417.7
41417.7
41417.7
41417.8
41417.8
41417.9
41417.9
41418
41418
41418.1
41418.1
41418.2
41418.2
41418.3
41418.3
41418.4
41418.5
41418.5
41418.6
41418.6
41418.7
41418.8
41418.8
41418.9
41419
41419
41419.1
41419.1
41419.2
41419.2
41419.3
41419.4
41419.4
41419.5
41419.5
41419.6
41419.6
41419.7
41419.8
41419.8
41419.9
41419.9
41420
41420.1
41420.1
41420.2
41420.3
41420.3
41420.4
41420.5
41420.6
41420.6
41420.7
41420.8
41420.9
41421
41421.1
41421.2
41421.3
41421.4
41421.5
41421.6
41421.7
41421.9
41422
41422.1
41422.3
41422.4
41422.6
41422.7
41422.9
41423
41423.2
41423.3
41423.5
41423.7
41423.9
41424
41424.2
41424.4
41424.6
41424.8
41425
41425.2
41425.4
41425.6
41425.8
41426
41426.2
41426.4
41426.6
41426.8
41427
41427.2
41427.3
41427.5
41427.7
41427.9
41428.1
41428.3
41428.5
41428.6
41428.8
41429
41429.1
41429.3
41429.4
41429.6
41429.7
41429.8
41430
41430.1
41430.2
41430.3
41430.4
41430.5
41430.6
41430.6
41430.7
41430.7
41430.8
41430.8
41430.8
41430.9
41430.9
41430.9
41430.9
41430.8
41430.8
41430.8
41430.7
41430.7
41430.6
41430.5
41430.5
41430.4
41430.3
41430.2
41430.1
41430
41429.8
41429.7
41429.6
41429.4
41429.2
41429.1
41428.9
41428.8
41428.6
41428.4
41428.2
41428
41427.8
41427.6
41427.4
41427.2
41427
41426.8
41426.6
41426.3
41426.1
41425.9
41425.7
41425.5
41425.2
41425
41424.8
41424.6
41424.3
41424.1
41423.9
41423.6
41423.4
41423.2
41423
41422.8
41422.5
41422.3
41422.1
41421.9
41421.7
41421.5
41421.3
41421.1
41420.9
41420.7
41420.5
41420.3
41420.1
41420
41419.8
41419.6
41419.4
41419.3
41419.1
41419
41418.8
41418.7
41418.5
41418.4
41418.2
41418.1
41418
41417.9
41417.8
41417.6
41417.5
41417.4
41417.3
41417.3
41417.2
41417.1
41417
41417
41416.9
41416.8
41416.8
41416.7
41416.7
41416.7
41416.7
41416.6
41416.6
41416.6
41416.6
41416.6
41416.7
41416.7
41416.7
41416.8
41416.8
41416.9
41416.9
41417
41417.1
41417.1
41417.2
41417.3
41417.4
41417.5
41417.7
41417.8
41417.9
41418.1
41418.2
41418.4
41418.5
41418.7
41418.9
41419
41419.2
41419.4
41419.6
41419.8
41420
41420.2
41420.5
41420.7
41420.9
41421.1
41421.4
41421.6
41421.9
41422.1
41422.3
41422.6
41422.8
41423.1
41423.4
41423.6
41423.9
41424.1
41424.4
41424.6
41424.9
41425.1
41425.4
41425.6
41425.9
41426.1
41426.3
41426.6
41426.8
41427
41427.3
41427.5
41427.7
41427.9
41428.1
41428.3
41428.5
41428.6
41428.8
41429
41429.1
41429.3
41429.4
41429.6
41429.7
41429.8
41429.9
41430
41430.1
41430.2
41430.2
41430.3
41430.4
41430.4
41430.4
41430.5
41430.5
41430.5
41430.5
41430.5
41430.5
41430.4
41430.4
41430.4
41430.3
41430.3
41430.2
41430.1
41430.1
41430
41429.9
41429.8
41429.7
41429.6
41429.5
41429.3
41429.2
41429.1
41428.9
41428.8
41428.7
41428.5
41428.4
41428.2
41428.1
41427.9
41427.7
41427.6
41427.4
41427.2
41427.1
41426.9
41426.7
41426.6
41426.4
41426.2
41426
41425.9
41425.7
41425.5
41425.4
41425.2
41425
41424.8
41424.7
41424.5
41424.3
41424.2
41424
41423.9
41423.7
41423.5
41423.4
41423.2
41423.1
41422.9
41422.8
41422.6
41422.5
41422.4
41422.2
41422.1
41422
41421.8
41421.7
41421.6
41421.4
41421.3
41421.2
41421.1
41421
41420.9
41420.8
41420.6
41420.5
41420.4
41420.3
41420.2
41420.1
41420.1
41420
41419.9
41419.8
41419.7
41419.6
41419.6
41419.5
41419.4
41419.4
41419.3
41419.2
41419.2
41419.1
41419.1
41419
41419
41418.9
41418.9
41418.9
41418.8
41418.8
41418.8
41418.8
41418.8
41418.8
41418.8
41418.8
41418.8
41418.8
41418.8
41418.8
41418.8
41418.9
41418.9
41418.9
41419
41419
41419.1
41419.1
41419.2
41419.2
41419.3
41419.4
41419.4
41419.5
41419.6
41419.7
41419.8
41419.9
41420
41420.1
41420.2
41420.3
41420.4
41420.6
41420.7
41420.8
41421
41421.1
41421.2
41421.4
41421.5
41421.7
41421.8
41422
41422.1
41422.3
41422.4
41422.6
41422.7
41422.9
41423.1
41423.2
41423.4
41423.5
41423.7
41423.9
41424
41424.2
41424.3
41424.5
41424.6
41424.8
41425
41425.1
41425.3
41425.4
41425.6
41425.7
41425.8
41426
41426.1
41426.2
41426.4
41426.5
41426.6
41426.7
41426.9
41427
41427.1
41427.2
41427.3
41427.4
41427.5
41427.6
41427.6
41427.7
41427.8
41427.9
41427.9
41428
41428
41428.1
41428.1
41428.2
41428.2
41428.2
41428.3
41428.3
41428.3
41428.3
41428.3
41428.3
41428.3
41428.3
41428.3
41428.3
41428.2
41428.2
41428.2
41428.2
41428.1
41428.1
41428
41428
41427.9
41427.8
41427.8
41427.7
41427.6
41427.6
41427.5
41427.4
41427.3
41427.2
41427.1
41427
41426.9
41426.8
41426.7
41426.6
41426.5
41426.4
41426.3
41426.2
41426
41425.9
41425.8
41425.7
41425.5
41425.4
41425.3
41425.2
41425
41424.9
41424.8
41424.6
41424.5
41424.3
41424.2
41424.1
41423.9
41423.8
41423.7
41423.5
41423.4
41423.2
41423.1
41423
41422.8
41422.7
41422.6
41422.4
41422.3
41422.2
41422
41421.9
41421.8
41421.7
41421.6
41421.4
41421.3
41421.2
41421.1
41421
41420.9
41420.8
41420.7
41420.6
41420.5
41420.4
41420.3
41420.2
41420.2
41420.1
41420
41420
41419.9
41419.8
41419.8
41419.7
41419.7
41419.7
41419.6
41419.6
41419.6
41419.6
41419.5
41419.5
41419.5
41419.5
41419.5
41419.5
41419.6
41419.6
41419.6
41419.6
41419.7
41419.7
41419.8
41419.8
41419.9
41419.9
41420
41420
41420.1
41420.2
41420.3
41420.4
41420.5
41420.5
41420.6
41420.7
41420.8
41420.9
41421.1
41421.2
41421.3
41421.4
41421.5
41421.7
41421.8
41421.9
41422
41422.2
41422.3
41422.4
41422.6
41422.7
41422.8
41423
41423.1
41423.2
41423.4
41423.5
41423.7
41423.8
41423.9
41424.1
41424.2
41424.3
41424.4
41424.6
41424.7
41424.8
41424.9
41425
41425.2
41425.3
41425.4
41425.5
41425.6
41425.7
41425.8
41425.8
41425.9
41426
41426.1
41426.2
41426.2
41426.3
41426.3
41426.4
41426.4
41426.5
41426.5
41426.6
41426.6
41426.6
41426.6
41426.7
41426.7
41426.7
41426.7
41426.7
41426.7
41426.7
41426.7
41426.6
41426.6
41426.6
41426.6
41426.5
41426.5
41426.4
41426.4
41426.4
41426.3
41426.3
41426.2
41426.1
41426.1
41426
41426
41425.9
41425.8
41425.8
41425.7
41425.6
41425.5
41425.5
41425.4
41425.3
41425.2
41425.2
41425.1
41425
41424.9
41424.9
41424.8
41424.7
41424.6
41424.6
41424.5
41424.4
41424.4
41424.3
41424.2
41424.2
41424.1
41424
41424
41423.9
41423.9
41423.8
41423.7
41423.7
41423.6
41423.6
41423.6
41423.5
41423.5
41423.4
41423.4
41423.3
41423.3
41423.3
41423.2
41423.2
41423.2
41423.2
41423.1
41423.1
41423.1
41423.1
41423
41423
41423
41423
41423
41423
41422.9
41422.9
41422.9
41422.9
41422.9
41422.9
41422.9
41422.9
41422.8
41422.8
41422.8
41422.8
41422.8
41422.8
41422.8
41422.8
41422.8
41422.8
41422.8
41422.7
41422.7
41422.7
41422.7
41422.7
41422.7
41422.7
41422.7
41422.7
41422.7
41422.6
41422.6
41422.6
41422.6
41422.6
41422.6
41422.6
41422.6
41422.5
41422.5
41422.5
41422.5
41422.5
41422.5
41422.5
41422.5
41422.5
41422.4
41422.4
41422.4
41422.4
41422.4
41422.4
41422.4
41422.4
41422.4
41422.4
41422.4
41422.4
41422.4
41422.4
41422.4
41422.4
41422.4
41422.4
41422.4
41422.4
41422.4
41422.5
41422.5
41422.5
41422.5
41422.5
41422.5
41422.6
41422.6
41422.6
41422.6
41422.7
41422.7
41422.7
41422.8
41422.8
41422.8
41422.9
41422.9
41422.9
41423
41423
41423.1
41423.1
41423.2
41423.2
41423.2
41423.3
41423.3
41423.4
41423.4
41423.5
41423.5
41423.6
41423.6
41423.7
41423.7
41423.8
41423.9
41423.9
41424
41424
41424.1
41424.1
41424.2
41424.2
41424.3
41424.3
41424.4
41424.4
41424.5
41424.5
41424.6
41424.6
41424.7
41424.7
41424.8
41424.8
41424.9
41424.9
41424.9
41425
41425
41425.1
41425.1
41425.1
41425.2
41425.2
41425.2
41425.2
41425.3
41425.3
41425.3
41425.3
41425.3
41425.4
41425.4
41425.4
41425.4
41425.4
41425.4
41425.4
41425.4
41425.4
41425.4
41425.4
41425.4
41425.4
41425.4
41425.4
41425.4
41425.3
41425.3
41425.3
41425.3
41425.3
41425.2
41425.2
41425.2
41425.1
41425.1
41425.1
41425
41425
41424.9
41424.9
41424.8
41424.8
41424.7
41424.7
41424.6
41424.6
41424.5
41424.5
41424.4
41424.4
41424.3
41424.2
41424.2
41424.1
41424.1
41424
41423.9
41423.9
41423.8
41423.7
41423.7
41423.6
41423.5
41423.5
41423.4
41423.3
41423.3
41423.2
41423.1
41423.1
41423
41423
41422.9
41422.8
41422.8
41422.7
41422.7
41422.6
41422.6
41422.5
41422.5
41422.4
41422.4
41422.3
41422.3
41422.2
41422.2
41422.2
41422.1
41422.1
41422.1
41422
41422
41422
41422
41422
41421.9
41421.9
