
Objective value: 
55341.6
15731
15520.8
16296.2
19040.6
22547.6
24069.2
24770.1
26317.5
29563.2
34135.9
38861.4
42263.5
44083.7
45412
46388.5
46932.3
47108.1
47062.7
46926
46755.2
46505.3
46118.4
45685.5
45389.3
45334.6
45534.5
45939
46469.6
46943.7
47315.7
47640.2
47915.9
48137.6
48275
48314.4
48282.7
48202.5
48092.6
47969
47793.3
47568
47292.3
46973.5
46591
46241.9
45943.5
45701.7
45515
45378.5
45286.6
45234.5
45217.9
45233.2
45277.2
45346.6
45437.9
45547.8
45672.6
45775.8
45821.9
45871.3
45930.6
46001.2
46080.8
46165.6
46251.6
46335.2
46412.5
46480.4
46535.4
46574.9
46596.8
46599.9
46583.7
46548.1
46493.6
46388.8
46238.4
46047
45824.4
45575.9
45304.3
45011.4
44698.8
44367.6
44019.1
43654.6
43275.5
42884
42482.6
42074.3
41662.6
41251.3
40844.4
40445.8
40059.4
39688.5
39336.1
39004.7
38696.2
38411.9
38152.9
37919.6
37712.4
37531.1
37375.6
37245.5
37140.1
37058.9
37000.9
36965.2
36950.6
36955.7
36979.1
37019.1
37074.1
37142.5
37222.5
37312.6
37411.3
37517.3
37629.4
37746.6
37868.3
37990.4
38109
38228.3
38350.7
38477.3
38608
38742.6
38880.9
39023.4
39170.4
39322.2
39478.9
39640.5
39806.4
39975.9
40148.2
40322.1
40496.6
40670.6
40843.1
41012.8
41178.9
41340.4
41496.6
41646.7
41790.2
41922.2
42002.8
42082.2
42164.3
42250.5
42340.1
42432
42525
42618.6
42712.6
42807
42902.1
42998.1
43095.4
43194.4
43295.2
43398.1
43502.9
43609.3
43716.8
43824.5
43931.6
44035.7
44105.9
44174.2
44241.8
44309.1
44375.5
44439.2
44498.4
44551.6
44597.5
44634.8
44662.7
44680.3
44684.7
44661.7
44612.2
44540.6
44450
44343.3
44222.7
44090.7
43949.2
43800.3
43645.7
43487.4
43327.3
43167.2
43009
42854.4
42705.1
42562.3
42427.2
42300.5
42182.5
42073.4
41972.8
41880.4
41795.5
41717.1
41644.5
41576.7
41512.5
41451
41391.2
41332.2
41273
41212.8
41150.8
41086.4
41019
40948.1
40873.4
40794.7
40711.8
40624.8
40533.9
40439.4
40341.8
40241.6
40139.5
40036.3
39932.9
39830.1
39729.1
39630.8
39536.3
39446.5
39362.5
39285.4
39215.9
39155
39103.4
39061.8
39030.7
39010.7
39002.1
39005.3
39020.3
39047.3
39086.3
39137.1
39199.4
39273.2
39357.8
39453
39558.1
39672.7
39795.9
39927
40065.3
40209.9
40359.9
40514.3
40672.1
40832.2
40993.6
41155.2
41316
41474.8
41630.5
41782.2
41928.9
42069.6
42203.5
42313.1
42398.3
42479.3
42557.8
42633.9
42706.4
42774.1
42836.1
42891.7
42940.4
42982
43016.5
43044.1
43064.9
43079.5
43087.7
43086.4
43077.3
43062.1
43042.1
43018.3
42991.7
42963
42933.2
42903
42873.1
42844.2
42817
42791.9
42769.5
42750.2
42734.4
42722.3
42713.9
42709.2
42708.1
42710.1
42715
42722
42730.5
42739.8
42748.9
42757.1
42763.4
42766.9
42766.9
42762.4
42752.9
42737.6
42716
42687.8
42652.6
42610.2
42560.7
42503.9
42440.1
42369.5
42292.4
42209.2
42120.5
42026.6
41928.4
41826.2
41720.9
41613.1
41503.6
41392.9
41281.9
41171.3
41061.8
40954
40848.6
40746.3
40647.7
40553.4
40464
40379.9
40301.6
40229.7
40164.4
40106.1
40055
40011.5
39975.6
39947.4
39927
39914.3
39909.3
39911.9
39921.7
39938.6
39962.3
39992.4
40028.7
40070.6
40117.9
40170
40226.6
40287.1
40351.2
40418.2
40487.9
40559.6
40633
40707.6
40782.9
40858.6
40934.2
41009.3
41083.6
41156.8
41228.5
41298.5
41366.4
41432
41495.2
41555.8
41613.6
41668.5
41720.5
41769.4
41815.3
41858.1
41898
41934.9
41969
42000.4
42029.1
42055.5
42079.5
42101.5
42121.6
42140
42156.9
42172.5
42187
42200.6
42213.5
42225.7
42237.6
42249
42260.3
42271.4
42282.4
42293.4
42304.3
42315.1
42325.8
42336.3
42346.5
42356.4
42365.7
42374.4
42382.3
42389.3
42395.2
42399.8
42403
42404.5
42404.4
42402.3
42398.2
42391.9
42383.3
42372.4
42359.1
42343.2
42324.8
42303.8
42280.3
42254.2
42225.6
42194.6
42161.1
42125.4
42087.4
42047.4
42005.4
41961.6
41916.2
41869.2
41821
41771.6
41721.3
41670.3
41618.7
41566.7
41514.6
41462.6
41410.8
41359.4
41308.7
41258.8
41210
41162.3
41116.1
41071.4
41028.4
40987.2
40948.1
40911.1
40876.4
40844
40814.1
40786.8
40762
40739.9
40720.6
40704
40690.1
40679
40670.7
40665.1
40662.1
40661.8
40664.2
40669.1
40676.5
40686.4
40698.8
40713.5
40730.5
40749.8
40771.4
40795.1
40821
40848.9
40878.8
40910.6
40944.3
40979.8
41017
41055.8
41096.1
41137.9
41181
41225.3
41270.8
41317.3
41364.7
41412.9
41461.6
41510.9
41560.6
41610.5
41660.4
41710.2
41759.7
41808.9
41857.4
41905.1
41952
41997.7
42042.1
42085.1
42126.5
42166.1
42203.8
42239.4
42272.8
42303.8
42332.4
42358.3
42381.6
42402.1
42419.7
42434.3
42445.9
42454.5
42460
42462.4
42461.8
42458.1
42451.4
42441.7
42429.1
42413.8
42395.7
42375.1
42351.9
42326.5
42298.8
42269.1
42237.6
42204.2
42169.4
42133.1
42095.6
42057
42017.5
41977.3
41936.5
41895.3
41853.9
41812.3
41770.8
41729.4
41688.3
41647.6
41607.4
41567.9
41529.1
41491
41453.9
41417.7
41382.5
41348.4
41315.5
41283.7
41253.1
41223.7
41195.7
41168.9
41143.4
41119.2
41096.3
41074.8
41054.6
41035.8
41018.4
41002.3
40987.6
40974.2
40962.3
40951.8
40942.7
40935
40928.7
40923.9
40920.5
40918.6
40918.3
40919.4
40922
40926.2
40931.9
40939.2
40948
40958.4
40970.3
40983.8
40998.9
41015.5
41033.6
41053.2
41074.2
41096.7
41120.6
41145.8
41172.2
41199.9
41228.8
41258.7
41289.6
41321.5
41354.1
41387.5
41421.5
41456
41490.9
41526.2
41561.6
41597.1
41632.6
41667.9
41702.9
41737.6
41771.7
41805.3
41838.1
41870.1
41901.1
41931.1
41959.9
41987.5
42013.7
42038.6
42061.9
42083.6
42103.8
42122.2
42138.8
42153.7
42166.6
42177.7
42186.9
42194.2
42199.5
42202.9
42204.3
42203.8
42201.3
42197
42190.8
42182.8
42173
42161.4
42148.2
42133.3
42116.9
42099
42079.6
42059
42037
42014
41989.8
41964.6
41938.5
41911.7
41884
41855.8
41827
41797.8
41768.2
41738.3
41708.3
41678.1
41647.9
41617.7
41587.7
41557.9
41528.3
41499.1
41470.3
41442
41414.3
41387.2
41360.9
41335.3
41310.6
41286.7
41263.9
41242
41221.3
41201.7
41183.2
41166
41150
41135.3
41121.9
41109.8
41099.1
41089.8
41081.9
41075.4
41070.2
41066.5
41064.2
41063.3
41063.8
41065.7
41069.1
41073.7
41079.8
41087.2
41095.9
41105.9
41117.1
41129.6
41143.3
41158.2
41174.2
41191.4
41209.5
41228.7
41248.9
41269.9
41291.9
41314.6
41338.1
41362.3
41387.2
41412.6
41438.5
41464.8
41491.5
41518.3
41545.2
41572.1
41598.9
41625.3
41651.4
41676.9
41701.8
41726.1
41749.6
41772.3
41794.1
41815.2
41835.3
41854.6
41872.9
41890.3
41906.7
41922.1
41936.5
41949.9
41962.2
41973.5
41983.6
41992.7
42000.7
42007.6
42013.3
42017.9
42021.5
42023.9
42025.2
42025.4
42024.5
42022.6
42019.6
42015.6
42010.6
42004.7
41997.7
41989.9
41981.2
41971.6
41961.2
41950
41938.1
41925.6
41912.4
41898.6
41884.2
41869.4
41854.2
41838.6
41822.7
41806.6
41790.2
41773.7
41757.1
41740.4
41723.5
41706.5
41689.3
41671.8
41653.9
41635.5
41616.7
41597.3
41577.4
41557.2
41536.6
41515.9
41495
41474.2
41453.5
41433
41412.8
41392.9
41373.5
41354.5
41336
41318.1
41300.8
41284.2
41268.3
41253.2
41238.8
41225.3
41212.7
41200.9
41190
41180.1
41171.1
41163.1
41156
41150
41145
41141
41138
41136.1
41135.2
41135.4
41136.7
41139.1
41142.6
41147.1
41152.8
41159.5
41167.3
41176.2
41186.1
41197.1
41209.2
41222.2
41236.2
41251.1
41266.9
41283.6
41301.1
41319.4
41338.4
41358
41378.2
41398.9
41420
41441.5
41463.3
41485.2
41507.3
41529.5
41551.7
41573.9
41596.1
41618.1
41640
41661.8
41683.3
41704.6
41725.6
41746.3
41766.7
41786.6
41806.1
41825.1
41843.6
41861.5
41878.9
41895.5
41911.5
41926.7
41941.1
41954.7
41967.5
41979.4
41990.3
42000.3
42009.3
42017.3
42024.2
42030.1
42034.9
42038.7
42041.3
42042.9
42043.4
42042.7
42041
42038.1
42034.2
42029.2
42023.2
42016
42007.9
41998.7
41988.5
41977.4
41965.2
41952.1
41938.1
41923.1
41907.2
41890.4
41872.7
41854.2
41834.8
41814.7
41793.8
41772.2
41750
41727.2
41703.9
41680.2
41656.2
41631.9
41607.4
41582.8
41558.2
41533.6
41509.2
41485
41461
41437.4
41414.3
41391.6
41369.5
41348
41327.2
41307.1
41287.8
41269.4
41251.8
41235.3
41219.7
41205.2
41191.7
41179.4
41168.2
41158.2
41149.4
41141.9
41135.6
41130.7
41127
41124.6
41123.5
41123.7
41125.3
41128.2
41132.3
41137.8
41144.5
41152.5
41161.7
41172.1
41183.7
41196.4
41210.1
41224.9
41240.6
41257.2
41274.6
41292.7
41311.4
41330.7
41350.5
41370.6
41391
41411.6
41432.4
41453.3
41474.2
41495
41515.9
41536.6
41557.1
41577.4
41597.5
41617.4
41636.8
41655.9
41674.6
41692.8
41710.5
41727.7
41744.3
41760.2
41775.5
41790.1
41803.9
41816.9
41829.2
41840.6
41851.2
41860.9
41869.7
41877.6
41884.6
41890.6
41895.7
41899.9
41903.1
41905.5
41906.9
41907.4
41907
41905.7
41903.6
41900.7
41896.9
41892.4
41887.2
41881.2
41874.5
41867.1
41859.1
41850.5
41841.3
41831.7
41821.5
41810.8
41799.7
41788.2
41776.3
41764.1
41751.6
41738.8
41725.7
41712.4
41698.9
41685.3
41671.5
41657.7
41643.8
41629.9
41616
41602.1
41588.4
41574.8
41561.4
41548.2
41535.3
41522.8
41510.5
41498.6
41487.2
41476.1
41465.6
41455.5
41446
41437
41428.6
41420.7
41413.5
41406.8
41400.9
41395.5
41390.8
41386.7
41383.3
41380.6
41378.5
41377.1
41376.3
41376.2
41376.7
41377.8
41379.6
41382
41384.9
41388.5
41392.6
41397.2
41402.3
41408
41414
41420.5
41427.4
41434.7
41442.3
41450.1
41458.2
41466.5
41474.9
41483.3
41491.8
41500.3
41508.7
41516.9
41525.1
41533
41540.7
41548.2
41555.4
41562.3
41569
41575.3
41581.4
41587.1
41592.6
41597.8
41602.6
41607.2
41611.4
41615.4
41619.1
41622.4
41625.5
41628.4
41630.9
41633.2
41635.3
41637.1
41638.7
41640.1
41641.3
41642.3
41643.2
41643.8
41644.4
41644.8
41645.1
41645.3
41645.4
41645.5
41645.5
41645.4
41645.3
41645.2
41645
41644.9
41644.8
41644.7
41644.6
41644.5
41644.5
41644.5
41644.5
41644.6
41644.8
41644.9
41645.1
41645.3
41645.4
41645.6
41645.6
41645.6
41645.5
41645.3
41644.8
41644.2
41643.3
41642.2
41640.9
41639.4
41637.6
41635.6
41633.4
41631
41628.4
41625.7
41622.8
41619.9
41616.8
41613.7
41610.4
41607.2
41603.9
41600.6
41597.3
41593.9
41590.6
41587.4
41584.1
41580.9
41577.8
41574.7
41571.6
41568.7
41565.8
41563
41560.3
41557.7
41555.2
41552.8
41550.5
41548.3
41546.3
41544.3
41542.5
41540.8
41539.3
41537.9
41536.5
41535.4
41534.3
41533.4
41532.5
41531.8
41531.2
41530.7
41530.3
41530
41529.7
41529.5
41529.4
41529.3
41529.1
41529
41528.8
41528.6
41528.3
41527.9
41527.4
41526.7
41526
41525.1
41524.1
41523
41521.8
41520.6
41519.3
41518
41516.7
41515.5
41514.3
41513.2
41512.1
41511.3
41510.5
41509.9
41509.5
41509.3
41509.4
41509.7
41510.2
41511
41512.1
41513.4
41515.1
41517.1
41519.3
41521.9
41524.9
41528.1
41531.7
41535.6
41539.8
41544.3
41549.2
41554.3
41559.7
41565.3
41571.3
41577.4
41583.8
41590.4
41597.2
41604.2
41611.3
41618.5
41625.8
41633.2
41640.6
41648
41655.3
41662.5
41669.6
41676.5
41683.2
41689.5
41695.4
41701
41706
41710.6
41714.7
41718.2
41721.1
41723.5
41725.3
41726.6
41727.4
41727.6
41727.3
41726.6
41725.3
41723.6
41721.5
41718.9
41716
41712.6
41708.9
41704.9
41700.5
41695.9
41690.9
41685.7
41680.3
41674.6
41668.8
41662.7
41656.6
41650.3
41643.8
41637.3
41630.8
41624.2
41617.5
41610.9
41604.2
41597.6
41591.1
41584.6
41578.2
41571.9
41565.7
41559.6
41553.6
41547.8
41542.2
41536.7
41531.4
41526.2
41521.2
41516.4
41511.7
41507.1
41502.7
41498.4
41494.1
41490
41485.8
41481.7
41477.6
41473.6
41469.5
41465.5
41461.5
41457.6
41453.8
41450.1
41446.5
41443.1
41439.9
41436.9
41434.1
41431.7
41429.5
41427.6
41426
41424.8
41424
41423.5
41423.5
41423.8
41424.6
41425.8
41427.4
41429.4
41432
41434.9
41438.3
41442.2
41446.5
41451.3
41456.4
41462
41468.1
41474.5
41481.3
41488.5
41496.1
41504
41512.2
41520.8
41529.6
41538.7
41548.1
41557.6
41567.4
41577.3
41587.3
41597.4
41607.5
41617.6
41627.7
41637.7
41647.5
41657.1
41666.4
41675.4
41684
41692.1
41699.8
41706.9
41713.5
41719.6
41725.1
41730.1
41734.5
41738.4
41741.7
41744.5
41746.8
41748.6
41750
41750.8
41751.2
41751.2
41750.7
41749.8
41748.5
41746.9
41744.8
41742.5
41739.7
41736.7
41733.3
41729.6
41725.7
41721.5
41717
41712.4
41707.5
41702.4
41697.1
41691.6
41686
41680.3
41674.4
41668.4
41662.3
41656.1
41649.9
41643.6
41637.3
41630.9
41624.5
41618.1
41611.7
41605.4
41599
41592.7
41586.4
41580.1
41573.8
41567.6
41561.4
41555.1
41548.9
41542.6
41536.2
41529.8
41523.3
41516.7
41510.1
41503.3
41496.5
41489.7
41482.9
41476.2
41469.5
41463
41456.6
41450.4
41444.5
41438.9
41433.5
41428.5
41423.9
41419.6
41415.8
41412.5
41409.6
41407.2
41405.3
41403.9
41403.1
41402.8
41403.1
41404
41405.4
41407.4
41409.9
41413.1
41416.8
41421.1
41425.9
41431.2
41437.1
41443.5
41450.5
41457.9
41465.7
41474
41482.8
41491.9
41501.4
41511.2
41521.3
41531.7
41542.4
41553.2
41564.2
41575.3
41586.5
41597.8
41609
41620.1
41631.1
41641.9
41652.4
41662.7
41672.5
41682
41691
41699.5
41707.5
41714.9
41721.7
41727.9
41733.5
41738.6
41743
41746.8
41750
41752.7
41754.8
41756.3
41757.2
41757.6
41757.5
41756.9
41755.7
41754.1
41752
41749.4
41746.4
41743
41739.1
41734.9
41730.3
41725.3
41720.1
41714.5
41708.6
41702.5
41696.1
41689.5
41682.8
41675.8
41668.7
41661.5
41654.1
41646.7
41639.2
41631.7
41624.2
41616.7
41609.2
41601.7
41594.4
41587.1
41579.9
41572.8
41565.9
41559.1
41552.5
41546.1
41539.8
41533.8
41527.9
41522.1
41516.6
41511.1
41505.8
41500.6
41495.4
41490.3
41485.2
41480.2
41475.2
41470.3
41465.5
41460.8
41456.2
41451.8
41447.6
41443.6
41439.9
41436.5
41433.4
41430.7
41428.3
41426.2
41424.6
41423.4
41422.6
41422.2
41422.3
41422.8
41423.8
41425.2
41427.1
41429.5
41432.3
41435.6
41439.3
41443.4
41448
41453
41458.4
41464.3
41470.4
41477
41483.9
41491.1
41498.6
41506.5
41514.5
41522.8
41531.4
41540.1
41548.9
41557.9
41566.9
41576.1
41585.2
41594.4
41603.5
41612.5
41621.4
41630.2
41638.8
41647.1
41655.2
41663
41670.4
41677.4
41684
41690.2
41695.9
41701.1
41705.8
41709.9
41713.6
41716.7
41719.2
41721.3
41722.8
41723.9
41724.4
41724.5
41724.1
41723.3
41722
41720.4
41718.3
41715.9
41713.2
41710.2
41706.8
41703.2
41699.3
41695.2
41690.9
41686.4
41681.7
41676.9
41671.9
41666.9
41661.7
41656.5
41651.3
41646
41640.7
41635.4
41630.1
41624.8
41619.6
41614.5
41609.4
41604.4
41599.5
41594.7
41590
41585.4
41580.9
41576.6
41572.3
41568.2
41564.3
41560.4
41556.7
41553.1
41549.5
41546.1
41542.8
41539.5
41536.2
41533.1
41529.9
41526.8
41523.7
41520.7
41517.7
41514.7
41511.8
41509
41506.2
41503.5
41500.9
41498.5
41496.2
41494
41492
41490.3
41488.7
41487.3
41486.1
41485.2
41484.6
41484.2
41484
41484.2
41484.6
41485.3
41486.3
41487.6
41489.2
41491.1
41493.3
41495.8
41498.6
41501.6
41505
41508.6
41512.5
41516.7
41521.1
41525.7
41530.6
41535.7
41540.9
41546.3
41551.9
41557.6
41563.4
41569.3
41575.3
41581.4
41587.5
41593.5
41599.6
41605.6
41611.6
41617.5
41623.3
41628.9
41634.4
41639.7
41644.7
41649.5
41654
41658.1
41661.9
41665.4
41668.4
41670.9
41673
41674.7
41675.8
41676.5
41676.7
41676.5
41675.8
41674.6
41673.1
41671.1
41668.7
41666
41662.9
41659.5
41655.9
41651.9
41647.7
41643.3
41638.6
41633.8
41628.9
41623.7
41618.5
41613.2
41607.8
41602.4
41597
41591.5
41586
41580.6
41575.2
41569.9
41564.6
41559.5
41554.4
41549.5
41544.7
41540
41535.5
41531.2
41527
41523.1
41519.3
41515.8
41512.4
41509.3
41506.3
41503.6
41501.1
41498.8
41496.8
41495
41493.4
41492
41490.8
41489.9
41489.1
41488.6
41488.4
41488.3
41488.4
41488.8
41489.4
41490.2
41491.2
41492.4
41493.8
41495.5
41497.4
41499.4
41501.7
41504.3
41507
41509.9
41513.1
41516.5
41520
41523.8
41527.8
41532
41536.3
41540.9
41545.6
41550.5
41555.6
41560.8
41566.1
41571.6
41577.2
41583
41588.8
41594.7
41600.6
41606.6
41612.7
41618.7
41624.7
41630.7
41636.6
41642.5
41648.2
41653.8
41659.2
41664.4
41669.4
41674.1
41678.6
41682.7
41686.6
41690.1
41693.2
41695.9
41698.3
41700.2
41701.8
41702.9
41703.7
41704.1
41704.1
41703.7
41702.9
41701.7
41700.3
41698.4
41696.3
41693.8
41691
41687.9
41684.6
41681
41677.1
41673
41668.7
41664.2
41659.5
41654.6
41649.6
41644.4
41639.2
41633.8
41628.3
41622.8
41617.3
41611.7
41606
41600.4
41594.8
41589.3
41583.8
41578.4
41573
41567.7
41562.6
41557.5
41552.6
41547.8
41543.2
41538.7
41534.4
41530.2
41526.2
41522.4
41518.8
41515.4
41512.1
41509.1
41506.2
41503.6
41501.2
41499
41497
41495.2
41493.7
41492.3
41491.2
41490.2
41489.5
41489
41488.7
41488.5
41488.6
41488.8
41489.2
41489.7
41490.4
41491.2
41492.2
41493.2
41494.4
41495.7
41497.1
41498.6
41500.2
41501.9
41503.7
41505.6
41507.6
41509.6
41511.8
41514.1
41516.5
41518.9
41521.5
41524.1
41526.8
41529.7
41532.6
41535.5
41538.6
41541.7
41544.9
41548.1
41551.4
41554.8
41558.1
41561.5
41564.9
41568.4
41571.8
41575.2
41578.6
41582
41585.3
41588.6
41591.9
41595.1
41598.2
41601.3
41604.2
41607.1
41609.9
41612.6
41615.1
41617.6
41619.9
41622.1
41624.1
41626
41627.7
41629.3
41630.7
41632
41633.1
41634
41634.8
41635.4
41635.8
41636.1
41636.2
41636.2
41636
41635.6
41635.1
41634.5
41633.7
41632.9
41631.9
41630.7
41629.5
41628.2
41626.9
41625.4
41623.9
41622.4
41620.8
41619.2
41617.5
41615.9
41614.2
41612.6
41611.1
41609.5
41608
41606.6
41605.3
41604.1
41603
41602
41601.2
41600.5
41599.9
41599.5
41599.3
41599.3
41599.4
41599.6
41600
41600.4
41600.9
41601.4
41601.8
41602.1
41602.2
41602
41601.6
41600.9
41599.9
41598.6
41597.1
41595.3
41593.3
41591.1
41588.8
41586.3
41583.8
41581.3
41578.7
41576.1
41573.6
41571.1
41568.7
41566.3
41564
41561.9
41559.9
41558
41556.2
41554.6
41553.2
41551.9
41550.8
41549.8
41549.1
41548.4
41548
41547.8
41547.7
41547.8
41548.1
41548.5
41549.2
41550.1
41551.1
41552.3
41553.8
41555.3
41557.1
41559
41561
41563.2
41565.5
41567.9
41570.4
41573
41575.6
41578.2
41580.9
41583.6
41586.2
41588.8
41591.4
41593.8
41596.2
41598.5
41600.7
41602.7
41604.6
41606.3
41607.9
41609.2
41610.4
41611.4
41612.2
41612.8
41613.1
41613.3
41613.3
41613
41612.6
41611.9
41611.1
41610.1
41608.9
41607.6
41606.1
41604.4
41602.7
41600.8
41598.9
41596.8
41594.7
41592.5
41590.3
41588
41585.7
41583.4
41581.1
41578.8
41576.5
41574.3
41572
41569.9
41567.8
41565.7
41563.8
41561.9
41560.1
41558.3
41556.7
41555.2
41553.7
41552.3
41551.1
41549.9
41548.8
41547.9
41547
41546.1
41545.4
41544.7
41544.2
41543.6
41543.1
41542.7
41542.3
41541.9
41541.6
41541.2
41540.9
41540.6
41540.3
41540
41539.7
41539.4
41539.1
41538.9
41538.6
41538.4
41538.2
41538
41537.9
41537.8
41537.8
41537.8
41537.9
41538
41538.3
41538.6
41539
41539.5
41540.1
41540.8
41541.6
41542.6
41543.6
41544.8
41546.1
41547.5
41549.1
41550.7
41552.5
41554.5
41556.5
41558.7
41561
41563.4
41565.9
41568.6
41571.3
41574.1
41577
41580
41583
41586.1
41589.3
41592.5
41595.7
41598.9
41602.2
41605.4
41608.7
41611.9
41615
41618.1
41621.2
41624.2
41627.1
41629.9
41632.6
41635.1
41637.6
41639.8
41642
41643.9
41645.6
41647.2
41648.5
41649.6
41650.5
41651.1
41651.6
41651.7
41651.7
41651.4
41650.8
41650.1
41649.1
41647.9
41646.5
41645
41643.2
41641.3
41639.2
41636.9
41634.6
41632.1
41629.5
41626.8
41624
41621.1
41618.2
41615.3
41612.3
41609.2
41606.2
41603.2
41600.1
41597.1
41594.2
41591.2
41588.3
41585.5
41582.7
41580
41577.3
41574.7
41572.2
41569.8
41567.5
41565.3
41563.1
41561
41559.1
41557.1
41555.3
41553.6
41551.9
41550.3
41548.8
41547.3
41545.9
41544.5
41543.2
41541.9
41540.6
41539.4
41538.2
41537.1
41536
41534.9
41533.9
41532.8
41531.9
41531
41530.1
41529.3
41528.5
41527.8
41527.2
41526.6
41526.1
41525.7
41525.4
41525.2
41525.1
41525.1
41525.2
41525.5
41525.8
41526.3
41527
41527.7
41528.6
41529.7
41530.8
41532.2
41533.7
41535.3
41537.1
41539
41541
41543.2
41545.5
41548
41550.6
41553.3
41556.1
41559
41562
41565.1
41568.2
41571.5
41574.8
41578.1
41581.5
41585
41588.4
41591.9
41595.3
41598.7
41602.1
41605.4
41608.7
41611.9
41614.9
41617.8
41620.6
41623.2
41625.6
41627.7
41629.7
41631.4
41632.9
41634
41635
41635.6
41636
41636.1
41636
41635.6
41634.9
41634
41632.9
41631.6
41630.1
41628.4
41626.6
41624.6
41622.5
41620.2
41617.9
41615.5
41612.9
41610.4
41607.7
41605.1
41602.4
41599.6
41596.9
41594.2
41591.5
41588.8
41586.2
41583.5
41581
41578.4
41576
41573.6
41571.3
41569
41566.8
41564.7
41562.7
41560.8
41559
41557.3
41555.7
41554.1
41552.7
41551.4
41550.1
41549
41547.9
41547
41546.1
41545.4
41544.7
41544.1
41543.6
41543.2
41542.9
41542.7
41542.5
41542.4
41542.5
41542.6
41542.8
41543
41543.4
41543.8
41544.4
41545
41545.7
41546.5
41547.3
41548.3
41549.3
41550.5
41551.7
41553
41554.4
41555.9
41557.5
41559.1
41560.8
41562.6
41564.5
41566.4
41568.4
41570.4
41572.5
41574.7
41576.9
41579.1
41581.4
41583.6
41585.9
41588.2
41590.6
41592.9
41595.1
41597.4
41599.6
41601.8
41603.9
41606
41608
41609.9
41611.8
41613.5
41615.2
41616.7
41618.2
41619.5
41620.7
41621.7
41622.7
41623.5
41624.2
41624.7
41625.1
41625.4
41625.5
41625.5
41625.3
41625
41624.6
41624
41623.3
41622.5
41621.6
41620.6
41619.4
41618.1
41616.7
41615.3
41613.7
41612
41610.3
41608.4
41606.5
41604.5
41602.5
41600.4
41598.3
41596.1
41593.9
41591.6
41589.4
41587.1
41584.8
41582.5
41580.3
41578
41575.8
41573.6
41571.4
41569.3
41567.2
41565.2
41563.2
41561.3
41559.4
41557.7
41556
41554.4
41552.9
41551.5
41550.2
41549
41547.9
41546.9
41546
41545.2
41544.5
41544
41543.5
41543.2
41543
41542.9
41542.8
41542.9
41543.1
41543.4
41543.8
41544.3
41544.8
41545.4
41546.1
41546.9
41547.6
41548.4
41549.3
41550.2
41551.1
41552
41552.9
41553.8
41554.7
41555.6
41556.5
41557.4
41558.2
41559.1
41560
41560.9
41561.7
41562.6
41563.5
41564.3
41565.2
41566.1
41567
41567.9
41568.8
41569.7
41570.7
41571.6
41572.6
41573.6
41574.6
41575.6
41576.6
41577.6
41578.6
41579.7
41580.7
41581.8
41582.8
41583.9
41584.9
41585.9
41587
41588
41588.9
41589.9
41590.8
41591.8
41592.6
41593.5
41594.2
41595
41595.7
41596.3
41596.9
41597.5
41597.9
41598.3
41598.7
41598.9
41599.1
41599.3
41599.3
41599.3
41599.3
41599.1
41598.9
41598.6
41598.3
41597.9
41597.4
41596.9
41596.4
41595.8
41595.1
41594.5
41593.8
41593.1
41592.3
41591.6
41590.9
41590.1
41589.4
41588.7
41588
41587.3
41586.6
41586
41585.4
41584.9
41584.3
41583.9
41583.4
41583
41582.7
41582.3
41582
41581.8
41581.5
41581.3
41581.1
41580.8
41580.6
41580.4
41580.1
41579.8
41579.5
41579.2
41578.8
41578.5
41578
41577.6
41577.1
41576.6
41576
41575.5
41574.9
41574.3
41573.7
41573.1
41572.5
41571.9
41571.3
41570.7
41570.2
41569.6
41569.1
41568.7
41568.2
41567.9
41567.5
41567.3
41567
41566.9
41566.7
41566.7
41566.7
41566.8
41566.9
41567.1
41567.4
41567.8
41568.2
41568.7
41569.2
41569.9
41570.6
41571.3
41572.1
41573
41573.9
41574.9
41575.9
41577
41578.1
41579.2
41580.4
41581.5
41582.7
41583.9
41585.1
41586.3
41587.5
41588.7
41589.8
41591
41592.1
41593.1
41594.2
41595.2
41596.1
41597
41597.9
41598.7
41599.4
41600.1
41600.8
41601.4
41601.9
41602.4
41602.8
41603.1
41603.4
41603.6
41603.7
41603.8
41603.8
41603.8
41603.6
41603.4
41603.1
41602.8
41602.3
41601.8
41601.2
41600.5
41599.7
41598.9
41597.9
41596.9
41595.8
41594.6
41593.3
41591.9
41590.4
41588.9
41587.3
41585.7
41584
41582.2
41580.4
41578.6
41576.7
41574.8
41572.9
41570.9
41569
41567
41565.1
41563.2
41561.3
41559.5
41557.7
41555.9
41554.2
41552.5
41550.9
41549.3
41547.9
41546.5
41545.1
41543.9
41542.7
41541.7
41540.7
41539.8
41539.1
41538.4
41537.8
41537.4
41537
41536.8
41536.7
41536.7
41536.8
41537.1
41537.4
41537.9
41538.5
41539.2
41540.1
41541
41542.1
41543.3
41544.5
41545.9
41547.4
41549
41550.7
41552.4
41554.3
41556.2
41558.3
41560.4
41562.6
41564.9
41567.2
41569.6
41572.1
41574.7
41577.4
41580.1
41582.9
41585.7
41588.6
41591.6
41594.7
41597.8
41601
41604.2
41607.5
41610.7
41614
41617.3
41620.5
41623.7
41626.8
41629.8
41632.6
41635.2
41637.6
41639.8
41641.7
41643.4
41644.7
41645.7
41646.5
41646.9
41647
41646.8
41646.3
41645.6
41644.6
41643.3
41641.9
41640.2
41638.3
41636.3
41634.1
41631.8
41629.4
41626.9
41624.2
41621.6
41618.8
41616
41613.2
41610.4
41607.5
41604.6
41601.7
41598.9
41596
41593.2
41590.4
41587.6
41584.8
41582.1
41579.5
41576.9
41574.4
41572
41569.6
41567.3
41565.1
41563
41561
41559.1
41557.3
41555.6
41554
41552.6
41551.2
41549.9
41548.8
41547.8
41546.8
41546
41545.3
41544.6
41544.1
41543.6
41543.3
41543
41542.9
41542.8
41542.8
41543
41543.2
41543.5
41544
41544.5
41545.2
41546
41546.9
41548
41549.2
41550.5
41552
41553.6
41555.3
41557.2
41559.3
41561.4
41563.7
41566
41568.5
41571
41573.5
41576.1
41578.6
41581.1
41583.6
41585.9
41588.2
41590.3
41592.3
41594.2
41595.9
41597.4
41598.8
41600.1
41601.2
41602.1
41602.9
41603.6
41604.1
41604.5
41604.8
41605
41605.1
41605.1
41602.4
41600.6
41599.4
41598.6
41598.1
41597.6
41597.3
41597
41596.8
41596.7
41596.6
41596.6
41596.6
41596.6
41596.6
41596.6
41596.7
41596.8
41596.9
41597.1
41597.2
41597.4
41597.6
41597.8
41597.9
41598
41598.1
41598.2
41598.2
41598.2
41598.1
41598
41597.8
41597.6
41597.3
41597
41596.6
41596.2
41595.7
41595.2
41594.5
41593.9
41593.1
41592.2
41591.3
41590.3
41589.2
41588.1
41586.9
41585.6
41584.3
41582.9
41581.5
41580
41578.6
41577.1
41575.5
41574
41572.5
41571
41569.6
41568.1
41566.7
41565.4
41564.1
41562.9
41561.7
41560.6
41559.6
41558.7
41557.8
41557.1
41556.4
41555.8
41555.4
41555
41554.7
41554.5
41554.4
41554.4
41554.5
41554.7
41555
41555.3
41555.7
41556.2
41556.8
41557.4
41558.1
41558.8
41559.6
41560.5
41561.4
41562.3
41563.3
41564.3
41565.3
41566.3
41567.4
41568.5
41569.6
41570.7
41571.7
41572.9
41573.9
41575
41576.1
41577.2
41578.3
41579.3
41580.4
41581.4
41582.4
41583.4
41584.4
41585.4
41586.3
41587.2
41588.2
41589
41589.9
41590.7
41591.5
41592.3
41593.1
41593.8
41594.4
41595.1
41595.7
41596.3
41596.8
41597.3
41597.7
41598.2
41598.5
41598.8
41599.1
41599.3
41599.5
41599.6
41599.6
41599.6
41599.6
41599.5
41599.3
41599.1
41598.8
41598.5
41598.1
41597.7
41597.2
41596.6
41596
41595.4
41594.7
41593.9
41593.1
41592.2
41591.4
41590.4
41589.4
41588.4
41587.4
41586.3
41585.2
41584.1
41583
41581.8
41580.7
41579.5
41578.4
41577.2
41576.1
41575
41573.9
41572.8
41571.7
41570.7
41569.7
41568.7
41567.7
41566.8
41566
41565.1
41564.3
41563.6
41562.9
41562.2
41561.5
41560.9
41560.4
41559.8
41559.4
41558.9
41558.5
41558.1
41557.7
41557.4
41557.1
41556.9
41556.7
41556.5
41556.3
41556.2
41556.1
41556.1
41556.1
41556.1
41556.1
41556.2
41556.4
41556.6
41556.8
41557.1
41557.4
41557.7
41558.1
41558.6
41559.1
41559.6
41560.2
41560.9
41561.6
41562.3
41563.1
41563.9
41564.8
41565.7
41566.6
41567.6
41568.6
41569.6
41570.7
41571.8
41572.9
41574
41575.2
41576.3
41577.5
41578.6
41579.8
41580.9
41582
41583.1
41584.2
41585.3
41586.3
41587.4
41588.3
41589.3
41590.2
41591.1
41591.9
41592.7
41593.5
41594.2
41594.8
41595.4
41596
41596.5
41596.9
41597.4
41597.7
41598
41598.3
41598.5
41598.7
41598.8
41598.9
41598.9
41598.9
41598.9
41598.8
41598.7
41598.5
41598.3
41598.1
41597.8
41597.5
41597.1
41596.8
41596.3
41595.9
41595.4
41594.9
41594.4
41593.8
41593.2
41592.6
41591.9
41591.2
41590.5
41589.8
41589
41588.2
41587.4
41586.6
41585.8
41584.9
41584
41583.1
41582.2
41581.3
41580.4
41579.5
41578.5
41577.6
41576.7
41575.7
41574.8
41573.9
41573
41572.1
41571.3
41570.5
41569.6
41568.9
41568.1
41567.4
41566.7
41566
41565.4
41564.8
41564.2
41563.7
41563.3
41562.8
41562.5
41562.1
41561.8
41561.6
41561.4
41561.2
41561.1
41561.1
41561
41561.1
41561.1
41561.2
41561.4
41561.5
41561.8
41562
41562.3
41562.6
41563
41563.3
41563.7
41564.2
41564.6
41565.1
41565.6
41566.2
41566.7
41567.3
41567.9
41568.5
41569.1
41569.7
41570.4
41571
41571.7
41572.3
41573
41573.7
41574.4
41575.1
41575.8
41576.5
41577.2
41577.9
41578.6
41579.3
41579.9
41580.6
41581.3
41581.9
41582.6
41583.2
41583.8
41584.4
41585
41585.6
41586.1
41586.6
41587.1
41587.6
41588.1
41588.5
41588.9
41589.2
41589.5
41589.8
41590.1
41590.3
41590.5
41590.7
41590.8
41590.8
41590.9
41590.9
41590.8
41590.7
41590.6
41590.4
41590.2
41590
41589.7
41589.4
41589
41588.6
41588.2
41587.7
41587.2
41586.7
41586.1
41585.5
41584.9
41584.2
41583.6
41582.9
41582.2
41581.5
41580.8
41580
41579.3
41578.6
41577.8
41577.1
41576.4
41575.6
41574.9
41574.2
41573.5
41572.8
41572.2
41571.6
41570.9
41570.4
41569.8
41569.3
41568.8
41568.3
41567.9
41567.5
41567.1
41566.8
41566.5
41566.3
41566.1
41565.9
41565.8
41565.7
41565.7
41565.7
41565.7
41565.8
41565.9
41566.1
41566.2
41566.5
41566.7
41567
41567.4
41567.7
41568.1
41568.5
41569
41569.5
41570
41570.5
41571
41571.6
41572.2
41572.8
41573.4
41574
41574.6
41575.3
41575.9
41576.6
41577.2
41577.9
41578.5
41579.2
41579.8
41580.5
41581.1
41581.7
41582.3
41582.9
41583.5
41584.1
41584.7
41585.2
41585.7
41586.2
41586.7
41587.1
41587.6
41588
41588.3
41588.7
41589
41589.3
41589.5
41589.8
41590
41590.2
41590.3
41590.4
41590.5
41590.5
41590.5
41590.5
41590.5
41590.4
41590.3
41590.1
41590
41589.8
41589.6
41589.3
41589
41588.7
41588.4
41588
41587.7
41587.3
41586.8
41586.4
41585.9
41585.5
41585
41584.5
41584
41583.4
41582.9
41582.4
41581.8
41581.2
41580.7
41580.1
41579.5
41579
41578.4
41577.8
41577.3
41576.7
41576.2
41575.6
41575.1
41574.5
41574
41573.5
41573
41572.5
41572.1
41571.6
41571.2
41570.8
41570.4
41570
41569.6
41569.3
41568.9
41568.7
41568.4
41568.1
41567.9
41567.7
41567.5
41567.3
41567.2
41567.1
41567
41566.9
41566.9
41566.8
41566.8
41566.9
41566.9
41567
41567.1
41567.2
41567.3
41567.5
41567.6
41567.8
41568
41568.3
41568.5
41568.8
41569.1
41569.3
41569.6
41570
41570.3
41570.6
41571
41571.3
41571.7
41572
41572.4
41572.8
41573.2
41573.5
41573.9
41574.3
41574.7
41575.1
41575.4
41575.8
41576.2
41576.5
41576.9
41577.2
41577.6
41577.9
41578.3
41578.6
41578.9
41579.2
41579.5
41579.8
41580
41580.3
41580.5
41580.8
41581
41581.2
41581.4
41581.6
41581.8
41581.9
41582.1
41582.2
41582.4
41582.5
41582.6
41582.7
41582.8
41582.9
41582.9
41583
41583
41583.1
41583.1
41583.1
41583.1
41583.1
41583.1
41583.1
41583.1
41583.1
41583
41583
41583
41582.9
41582.9
41582.8
41582.7
41582.7
41582.6
41582.5
41582.5
41582.4
41582.3
41582.2
41582.1
41582
41582
41581.9
41581.8
41581.7
41581.6
41581.5
41581.4
41581.3
41581.2
41581.1
41581
41580.9
41580.9
41580.8
41580.7
41580.6
41580.5
41580.4
41580.3
41580.3
41580.2
41580.1
41580
41580
41579.9
41579.8
41579.8
41579.7
41579.6
41579.6
41579.5
41579.5
41579.4
41579.4
41579.3
41579.3
41579.2
41579.2
41579.2
41579.1
41579.1
41579.1
41579
41579
41579
41579
41578.9
41578.9
41578.9
41578.9
41578.9
41578.9
41578.9
41578.9
41578.9
41578.8
41578.8
41578.8
41578.8
41578.8
41578.8
41578.8
41578.8
41578.8
41578.8
41578.8
41578.7
41578.7
41578.7
41578.7
41578.7
41578.6
41578.6
41578.6
41578.6
41578.5
41578.5
41578.4
41578.4
41578.3
41578.3
41578.2
41578.1
41578
41578
41577.9
41577.8
41577.7
41577.6
41577.5
41577.4
41577.2
41577.1
41577
41576.9
41576.7
41576.6
41576.4
41576.3
41576.1
41575.9
41575.8
41575.6
41575.4
41575.2
41575
41574.8
41574.6
41574.5
41574.3
41574.1
41573.9
41573.7
41573.4
41573.2
41573
41572.8
41572.7
41572.5
41572.3
41572.1
41571.9
41571.7
41571.5
41571.4
41571.2
41571
41570.9
41570.7
41570.6
41570.5
41570.4
41570.3
41570.2
41570.1
41570
41569.9
41569.9
41569.9
41569.8
41569.8
41569.8
41569.9
41569.9
41569.9
41570
41570.1
41570.2
41570.3
41570.4
41570.6
41570.7
41570.9
41571.1
41571.3
41571.5
41571.7
41572
41572.3
41572.5
41572.8
41573.1
41573.4
41573.8
41574.1
41574.5
41574.8
41575.2
41575.6
41576
41576.4
41576.8
41577.2
41577.6
41578.1
41578.5
41578.9
41579.4
41579.8
41580.3
41580.7
41581.1
41581.6
41582
41582.4
41582.9
41583.3
41583.7
41584.1
41584.5
41584.9
41585.2
41585.6
41585.9
41586.3
41586.6
41586.9
41587.2
41587.5
41587.8
41588
41588.2
41588.5
41588.6
41588.8
41589
41589.1
41589.2
41589.3
41589.4
41589.5
41589.5
41589.5
41589.5
41589.5
41589.5
41589.4
41589.3
41589.2
41589.1
41589
41588.8
41588.6
41588.4
41588.2
41588
41587.7
41587.5
41587.2
41586.9
41586.6
41586.3
41586
41585.7
41585.3
41585
41584.6
41584.2
41583.9
41583.5
41583.1
41582.7
41582.3
41581.9
41581.5
41581.1
41580.7
41580.3
41579.9
41579.5
41579.1
41578.7
41578.3
41577.9
41577.5
41577.1
41576.8
41576.4
41576.1
41575.7
41575.4
41575.1
41574.7
41574.4
41574.1
41573.8
41573.6
41573.3
41573.1
41572.8
41572.6
41572.4
41572.2
41572
41571.8
41571.6
41571.5
41571.3
41571.2
41571.1
41571
41570.9
41570.8
41570.7
41570.6
41570.6
41570.5
41570.5
41570.5
41570.5
41570.5
41570.5
41570.5
41570.5
41570.5
41570.5
41570.6
41570.6
41570.7
41570.7
41570.8
41570.9
41570.9
41571
41571.1
41571.2
41571.3
41571.3
41571.4
41571.5
41571.6
41571.7
41571.8
41571.9
41572
41572.1
41572.2
41572.3
41572.4
41572.5
41572.6
41572.7
41572.8
41572.9
41573
41573.1
41573.2
41573.3
41573.4
41573.5
41573.6
41573.7
41573.8
41573.9
41574
41574.1
41574.2
41574.3
41574.4
41574.5
41574.6
41574.7
41574.9
41575
41575.1
41575.2
41575.3
41575.4
41575.6
41575.7
41575.8
41575.9
41576.1
41576.2
41576.3
41576.5
41576.6
41576.8
41576.9
41577.1
41577.3
41577.4
41577.6
41577.7
41577.9
41578.1
41578.3
41578.5
41578.6
41578.8
41579
41579.2
41579.4
41579.6
41579.8
41580
41580.2
41580.4
41580.6
41580.8
41581
41581.2
41581.5
41581.7
41581.9
41582.1
41582.3
41582.5
41582.7
41582.9
41583.1
41583.3
41583.5
41583.6
41583.8
41584
41584.2
41584.3
41584.5
41584.7
41584.8
41585
41585.1
41585.2
41585.4
41585.5
41585.6
41585.7
41585.8
41585.9
41585.9
41586
41586.1
41586.1
41586.2
41586.2
41586.2
41586.2
41586.2
41586.2
41586.2
41586.1
41586.1
41586.1
41586
41585.9
41585.8
41585.7
41585.6
41585.5
41585.4
41585.3
41585.1
41584.9
41584.8
41584.6
41584.4
41584.2
41584
41583.8
41583.6
41583.4
41583.1
41582.9
41582.7
41582.4
41582.1
41581.9
41581.6
41581.3
41581
41580.7
41580.5
41580.2
41579.9
41579.6
41579.2
41578.9
41578.6
41578.3
41578
41577.7
41577.4
41577.1
41576.8
41576.5
41576.1
41575.8
41575.5
41575.2
41574.9
41574.6
41574.3
41574.1
41573.8
41573.5
41573.2
41573
41572.7
41572.5
41572.2
41572
41571.7
41571.5
41571.3
41571.1
41570.9
41570.7
41570.5
41570.3
41570.2
41570
41569.9
41569.7
41569.6
41569.5
41569.4
41569.3
41569.2
41569.1
41569
41569
41569
41568.9
41568.9
41568.9
41568.9
41568.9
41568.9
41568.9
41569
41569
41569.1
41569.2
41569.3
41569.4
41569.5
41569.6
41569.7
41569.8
41570
41570.1
41570.3
41570.5
41570.6
41570.8
41571
41571.2
41571.4
41571.7
41571.9
41572.1
41572.4
41572.6
41572.9
41573.1
41573.4
41573.6
41573.9
41574.2
41574.5
41574.8
41575
41575.3
41575.6
41575.9
41576.2
41576.5
41576.8
41577.1
41577.4
41577.7
41578
41578.3
41578.6
41578.9
41579.2
41579.4
41579.7
41580
41580.3
41580.5
41580.8
41581.1
41581.3
41581.6
41581.8
41582.1
41582.3
41582.5
41582.7
41582.9
41583.1
41583.3
41583.5
41583.7
41583.8
41584
41584.2
41584.3
41584.4
41584.5
41584.7
41584.8
41584.8
41584.9
41585
41585.1
41585.1
41585.1
41585.2
41585.2
41585.2
41585.2
41585.2
41585.2
41585.2
41585.1
41585.1
41585
41585
41584.9
41584.8
41584.7
41584.6
41584.5
41584.4
41584.3
41584.2
41584.1
41583.9
41583.8
41583.6
41583.5
41583.3
41583.2
41583
41582.8
41582.7
41582.5
41582.3
41582.1
41582
41581.8
41581.6
41581.4
41581.2
41581
41580.8
41580.6
41580.5
41580.3
41580.1
41579.9
41579.7
41579.5
41579.4
41579.2
41579
41578.8
41578.7
41578.5
41578.3
41578.2
41578
41577.9
41577.7
41577.6
41577.4
41577.3
41577.2
41577
41576.9
41576.8
41576.7
41576.5
41576.4
41576.3
41576.2
41576.1
41576.1
41576
41575.9
41575.8
41575.7
41575.7
41575.6
41575.5
41575.5
41575.4
41575.4
41575.3
41575.3
41575.2
41575.2
41575.2
41575.1
41575.1
41575.1
41575
41575
41575
41575
41575
41574.9
41574.9
41574.9
41574.9
41574.9
41574.9
41574.9
41574.8
41574.8
41574.8
41574.8
41574.8
41574.8
41574.8
41574.8
41574.8
41574.8
41574.8
41574.8
41574.8
41574.7
41574.7
41574.7
41574.7
41574.7
41574.7
41574.7
41574.7
41574.7
41574.7
41574.7
41574.7
41574.7
41574.7
41574.7
41574.6
41574.6
41574.6
41574.6
41574.6
41574.6
41574.6
41574.6
41574.6
41574.6
41574.6
41574.7
41574.7
41574.7
41574.7
41574.7
41574.7
41574.7
41574.8
41574.8
41574.8
41574.8
41574.9
41574.9
41574.9
41575
41575
41575.1
41575.1
41575.2
41575.2
41575.3
41575.4
41575.4
41575.5
41575.6
41575.7
41575.7
41575.8
41575.9
41576
41576.1
41576.2
41576.3
41576.4
41576.5
41576.7
41576.8
41576.9
41577
41577.1
41577.3
41577.4
41577.6
41577.7
41577.8
41578
41578.1
41578.3
41578.4
41578.6
41578.7
41578.9
41579.1
41579.2
41579.4
41579.5
41579.7
41579.9
41580
41580.2
41580.3
41580.5
41580.7
41580.8
41581
41581.1
41581.3
41581.4
41581.6
41581.7
41581.8
41582
41582.1
41582.2
41582.4
41582.5
41582.6
41582.7
41582.8
41582.9
41583
41583.1
41583.2
41583.2
41583.3
41583.4
41583.4
41583.5
41583.5
41583.5
41583.6
41583.6
41583.6
41583.6
41583.6
41583.6
41583.6
41583.5
41583.5
41583.5
41583.4
41583.4
41583.3
41583.2
41583.2
41583.1
41583
41582.9
41582.8
41582.7
41582.5
41582.4
41582.3
41582.1
41582
41581.8
41581.7
41581.5
41581.4
41581.2
41581
41580.8
41580.7
41580.5
41580.3
41580.1
41579.9
41579.7
41579.5
41579.3
41579.1
41578.9
41578.7
41578.5
41578.3
41578.1
41577.9
41577.7
41577.5
41577.3
41577.1
41576.9
41576.7
41576.5
41576.3
41576.1
41575.9
41575.8
41575.6
41575.4
41575.3
41575.1
41574.9
41574.8
41574.6
41574.5
41574.4
41574.2
41574.1
41574
41573.9
41573.8
41573.7
41573.6
41573.5
41573.4
41573.4
41573.3
41573.2
41573.2
41573.1
41573.1
41573.1
41573
41573
41573
41573
41573
41573
41573
41573
41573.1
41573.1
41573.1
41573.2
41573.2
41573.3
41573.3
41573.4
41573.4
41573.5
41573.6
41573.7
41573.7
41573.8
41573.9
41574
41574.1
41574.2
41574.3
41574.4
41574.5
41574.6
41574.7
41574.8
41575
41575.1
41575.2
41575.3
41575.4
41575.5
41575.6
41575.8
41575.9
41576
41576.1
41576.2
41576.3
41576.5
41576.6
41576.7
41576.8
41576.9
41577
41577.1
41577.2
41577.3
41577.4
41577.5
41577.6
41577.7
41577.8
41577.9
41578
41578.1
41578.2
41578.3
41578.3
41578.4
41578.5
41578.6
41578.6
41578.7
41578.8
41578.8
41578.9
41579
41579
41579.1
41579.1
41579.2
41579.2
41579.3
41579.3
41579.4
41579.4
41579.5
41579.5
41579.5
41579.6
41579.6
41579.6
41579.7
41579.7
41579.7
41579.8
41579.8
41579.8
41579.8
41579.9
41579.9
41579.9
41579.9
41580
41580
41580
41580
41580
41580.1
41580.1
41580.1
41580.1
41580.2
41580.2
41580.2
41580.2
41580.2
41580.3
41580.3
41580.3
41580.3
41580.4
41580.4
41580.4
41580.4
41580.4
41580.5
41580.5
41580.5
41580.5
41580.5
41580.6
41580.6
41580.6
41580.6
41580.6
41580.7
41580.7
41580.7
41580.7
41580.7
41580.7
41580.7
41580.7
41580.7
41580.7
41580.8
41580.8
41580.8
41580.7
41580.7
41580.7
41580.7
41580.7
41580.7
41580.7
41580.7
41580.6
41580.6
41580.6
41580.5
41580.5
41580.5
41580.4
41580.4
41580.3
41580.3
41580.2
41580.1
41580.1
41580
41579.9
41579.8
41579.8
41579.7
41579.6
41579.5
41579.4
41579.3
41579.2
41579.1
41579
41578.9
41578.7
41578.6
41578.5
41578.4
41578.2
41578.1
41578
41577.8
41577.7
41577.6
41577.4
41577.3
41577.1
41577
41576.8
41576.7
41576.5
41576.4
41576.2
41576.1
41575.9
41575.8
41575.6
41575.5
41575.3
41575.2
41575
41574.9
41574.8
41574.6
41574.5
41574.4
41574.3
41574.1
41574
41573.9
41573.8
41573.7
41573.6
41573.5
41573.4
41573.3
41573.2
41573.2
41573.1
41573
41573
41572.9
41572.9
41572.9
41572.8
41572.8
41572.8
41572.8
41572.8
41572.8
41572.8
41572.9
41572.9
41572.9
41573
41573
41573.1
41573.1
41573.2
41573.3
41573.4
41573.5
41573.6
41573.7
41573.8
41573.9
41574
41574.1
41574.3
41574.4
41574.5
41574.7
41574.8
41575
41575.2
41575.3
41575.5
41575.7
41575.8
41576
41576.2
41576.4
41576.6
41576.7
41576.9
41577.1
41577.3
41577.5
41577.7
41577.9
41578
41578.2
41578.4
41578.6
41578.8
41579
41579.1
41579.3
41579.5
41579.7
41579.8
41580
41580.2
41580.3
41580.5
41580.6
41580.7
41580.9
41581
41581.2
41581.3
41581.4
41581.5
41581.6
41581.7
41581.8
41581.9
41582
41582.1
41582.1
41582.2
41582.3
41582.3
41582.4
41582.4
41582.4
41582.5
41582.5
41582.5
41582.5
41582.5
41582.5
41582.5
41582.5
41582.5
41582.5
41582.5
41582.4
41582.4
41582.3
41582.3
41582.2
41582.2
41582.1
41582
41582
41581.9
41581.8
41581.7
41581.6
41581.6
41581.5
41581.4
41581.3
41581.2
41581
41580.9
41580.8
41580.7
41580.6
41580.5
41580.4
41580.2
41580.1
41580
41579.9
41579.8
41579.6
41579.5
41579.4
41579.3
41579.1
41579
41578.9
41578.8
41578.6
41578.5
41578.4
41578.3
41578.1
41578
41577.9
41577.8
41577.7
41577.6
41577.4
41577.3
41577.2
41577.1
41577
41576.9
41576.8
41576.7
41576.6
41576.5
41576.4
41576.4
41576.3
41576.2
41576.1
41576
41576
41575.9
41575.8
41575.8
41575.7
41575.6
41575.6
41575.5
41575.5
41575.4
41575.4
41575.3
41575.3
41575.2
41575.2
41575.2
41575.1
41575.1
41575.1
41575.1
41575.1
41575
41575
41575
41575
41575
41575
41575
41575
41575
41575
41575
41575
41575
41575
41575
41575.1
41575.1
41575.1
41575.1
41575.1
41575.2
41575.2
41575.2
41575.3
41575.3
41575.3
41575.4
41575.4
41575.4
41575.5
41575.5
41575.6
41575.6
41575.7
41575.7
41575.8
41575.8
41575.9
41575.9
41576
41576
41576.1
41576.1
41576.2
41576.3
41576.3
41576.4
41576.5
41576.5
41576.6
41576.7
41576.7
41576.8
41576.9
41576.9
41577
41577.1
41577.1
41577.2
41577.3
41577.4
41577.4
41577.5
41577.6
41577.7
41577.7
41577.8
41577.9
41578
41578
41578.1
41578.2
41578.3
41578.4
41578.4
41578.5
41578.6
41578.7
41578.7
41578.8
41578.9
41579
41579
41579.1
41579.2
41579.3
41579.3
41579.4
41579.5
41579.5
41579.6
41579.7
41579.7
41579.8
41579.9
41579.9
41580
41580
41580.1
41580.1
41580.2
41580.2
41580.3
41580.3
41580.4
41580.4
41580.5
41580.5
41580.5
41580.6
41580.6
41580.6
41580.6
41580.7
41580.7
41580.7
41580.7
41580.7
41580.7
41580.7
41580.7
41580.7
41580.7
41580.7
41580.7
41580.7
41580.7
41580.7
41580.6
41580.6
41580.6
41580.5
41580.5
41580.5
41580.4
41580.4
41580.3
41580.3
41580.2
41580.2
41580.1
41580.1
41580
41579.9
41579.9
41579.8
41579.7
41579.6
41579.6
41579.5
41579.4
41579.3
41579.2
41579.1
41579
41578.9
41578.8
41578.8
41578.7
41578.6
41578.5
41578.4
41578.3
41578.2
41578.1
41578
41577.9
41577.8
41577.7
41577.6
41577.5
41577.4
41577.3
41577.2
41577.1
41577
41576.9
41576.8
41576.7
41576.6
41576.5
41576.4
41576.3
41576.3
41576.2
41576.1
41576
41575.9
41575.9
41575.8
41575.7
41575.7
41575.6
41575.6
41575.5
41575.5
41575.4
41575.4
41575.3
41575.3
41575.3
41575.2
41575.2
41575.2
41575.2
41575.2
41575.1
41575.1
41575.1
41575.1
41575.1
41575.1
41575.2
41575.2
41575.2
41575.2
41575.2
41575.3
41575.3
41575.3
41575.4
41575.4
41575.4
41575.5
41575.5
41575.6
41575.6
41575.7
41575.8
41575.8
41575.9
41575.9
41576
41576.1
41576.1
41576.2
41576.3
41576.4
41576.4
41576.5
41576.6
41576.7
41576.8
41576.8
41576.9
41577
41577.1
41577.2
41577.3
41577.3
41577.4
41577.5
41577.6
41577.7
41577.7
41577.8
41577.9
41578
41578.1
41578.1
41578.2
41578.3
41578.4
41578.4
41578.5
41578.6
41578.6
41578.7
41578.8
41578.8
41578.9
41578.9
41579
41579.1
41579.1
41579.2
41579.2
41579.3
41579.3
41579.3
41579.4
41579.4
41579.5
41579.5
41579.5
41579.5
41579.6
41579.6
41579.6
41579.6
41579.7
41579.7
41579.7
41579.7
41579.7
41579.7
41579.7
41579.7
41579.7
41579.7
41579.7
41579.7
41579.7
41579.7
41579.7
41579.7
41579.7
41579.7
41579.7
41579.6
41579.6
41579.6
41579.6
41579.6
41579.5
41579.5
41579.5
41579.5
41579.4
41579.4
41579.4
41579.4
41579.3
41579.3
41579.3
41579.2
41579.2
41579.2
41579.1
41579.1
41579.1
41579
41579
41578.9
41578.9
41578.9
41578.8
41578.8
41578.7
41578.7
41578.7
41578.6
41578.6
41578.5
41578.5
41578.5
41578.4
41578.4
41578.3
41578.3
41578.2
41578.2
41578.2
41578.1
41578.1
41578
41578
41577.9
41577.9
41577.9
41577.8
41577.8
41577.7
41577.7
41577.7
41577.6
41577.6
41577.5
41577.5
41577.5
41577.4
41577.4
41577.3
41577.3
41577.3
41577.2
41577.2
41577.1
41577.1
41577.1
41577
41577
41577
41576.9
41576.9
41576.9
41576.8
41576.8
41576.8
41576.8
41576.7
41576.7
41576.7
41576.6
41576.6
41576.6
41576.6
41576.6
41576.5
41576.5
41576.5
41576.5
41576.5
41576.5
41576.4
41576.4
41576.4
41576.4
41576.4
41576.4
41576.4
41576.4
41576.4
41576.4
41576.4
41576.4
41576.4
41576.4
41576.4
41576.4
41576.4
41576.4
41576.5
41576.5
41576.5
41576.5
41576.5
41576.6
41576.6
41576.6
41576.6
41576.7
41576.7
41576.7
41576.7
41576.8
41576.8
41576.9
41576.9
41576.9
41577
41577
41577.1
41577.1
41577.1
41577.2
41577.2
41577.3
41577.3
41577.4
41577.4
41577.5
41577.5
41577.6
41577.6
41577.7
41577.7
41577.8
41577.9
41577.9
41578
41578
41578.1
41578.1
41578.2
41578.2
41578.3
41578.3
41578.4
41578.5
41578.5
41578.6
41578.6
41578.7
41578.7
41578.8
41578.8
41578.9
41578.9
41578.9
41579
41579
41579.1
41579.1
41579.1
41579.2
41579.2
41579.2
41579.3
41579.3
41579.3
41579.4
41579.4
41579.4
41579.4
41579.5
41579.5
41579.5
41579.5
41579.5
41579.5
