
Objective value: 
56507.5
14625.4
16260.8
19894.3
22242.8
23350.7
24132.7
24145.7
24758.6
27280.2
31738.5
36521.5
41249.9
45141.7
47839.7
49220.1
49890
50067.4
49867.5
49384.9
48727.5
47963.8
47194.7
46637.4
46390.6
46442.7
46720.1
47078.8
47398.9
47610.6
47787.5
47935.8
48053.5
48132.2
48127.8
48051.3
47924.5
47767.5
47598.6
47433.5
47283.7
47155.7
47029.5
46891.2
46748.2
46564.6
46367.6
46165.1
45963.6
45766.8
45576.7
45394.8
45223.7
45067.7
44932.3
44823.8
44748.5
44711.9
44717.9
44768.7
44864
45001.3
45176.1
45381.7
45567.2
45705.5
45854.7
46015.7
46184.6
46355.1
46520.9
46677.5
46821
46934.9
47005.8
47056.5
47090.4
47108
47089.1
47031.4
46935.3
46788.4
46597.6
46368.5
46105
45810.2
45486.1
45135
44759
44360.6
43943
43509.5
43064
42610.8
42154
41698
41246.7
40804
40373.1
39957.2
39558.7
39179.9
38822.4
38487.8
38177.1
37891
37629.9
37393.9
37182.9
36996.4
36833.8
36694.3
36577
36480.8
36404.8
36347.9
36309
36287.3
36281.7
36291.5
36315.8
36353.9
36405.1
36469
36544.6
36627
36718.4
36820.7
36934.3
37058.8
37193.6
37338
37491.4
37653.4
37823.7
38002
38187.6
38379.9
38578.2
38781.6
38989.2
39199.9
39412.9
39627.3
39842.1
40056.4
40269.4
40480.2
40688.1
40892.3
41092.3
41287.6
41477.7
41662.6
41842
42016.1
42185
42349.2
42502.5
42614.9
42727.3
42843.4
42964.8
43091.6
43223.2
43359.1
43498.9
43642.3
43788.8
43937.8
44088.5
44240.2
44392
44543.2
44693
44840.5
44984.4
45096
45192.6
45286.8
45379.7
45470.7
45557.9
45639.1
45711.8
45774
45824.1
45860.6
45882.2
45882.7
45849.4
45780.6
45681.6
45556.8
45410.3
45245.4
45065.4
44873.1
44671.3
44462.6
44249.6
44034.6
43819.8
43607.3
43399.1
43196.6
43001.3
42814.1
42635.8
42466.6
42306.7
42155.8
42013.5
41879
41751.6
41630.4
41514.5
41402.9
41294.8
41189.1
41084.9
40981.4
40877.8
40773.4
40667.6
40559.7
40449.5
40336.6
40220.9
40102.4
39981.4
39858.1
39733.1
39607.2
39481
39355.6
39232
39111.3
38994.7
38883.4
38778.6
38681.5
38593.1
38514.5
38446.6
38390.1
38345.8
38314.2
38295.6
38290.4
38298.7
38320.5
38355.8
38404.4
38465.9
38540.1
38626.5
38724.6
38833.9
38953.6
39083.2
39221.9
39369
39523.5
39684.7
39851.6
40023.3
40198.9
40377.3
40557.6
40738.7
40919.7
41099.5
41277.1
41451.5
41621.9
41787.2
41946.8
42099.9
42245.6
42383.5
42513.1
42608.2
42681.3
42750.5
42818
42883.9
42947.7
43008.5
43065.9
43119.5
43169
43214.1
43254.8
43291
43322.9
43350.7
43375.1
43396.4
43415.5
43431.1
43441.8
43448.9
43453.7
43456.8
43458.8
43460
43460.8
43461.3
43461.7
43461.9
43462.1
43462
43461.6
43460.5
43458.6
43455.6
43451
43444.4
43435.3
43423.2
43407.5
43387.5
43362.5
43331.9
43295.2
43251.6
43200.7
43142
43075.1
43000
42916.4
42824.4
42724.2
42616
42500.3
42377.7
42248.8
42114.3
41975.1
41832.3
41686.6
41539.3
41391.2
41243.5
41097.2
40953.3
40812.7
40676.4
40545.2
40419.9
40301.1
40189.6
40085.7
39990
39902.8
39824.3
39754.9
39694.5
39643.4
39601.4
39568.5
39544.7
39529.6
39523.3
39525.3
39535.4
39553.3
39578.7
39611.1
39650.1
39695.4
39746.4
39802.7
39863.9
39929.3
39998.6
40071.2
40146.5
40224.2
40303.7
40384.4
40466.1
40548.1
40630
40711.5
40792.2
40871.7
40949.8
41026
41100.2
41172.2
41241.8
41308.9
41373.3
41435
41494
41550.3
41603.9
41654.8
41703.2
41749.3
41793.1
41834.8
41874.6
41912.7
41949.3
41984.7
42019
42052.5
42085.3
42117.8
42150.1
42182.3
42214.7
42247.4
42280.4
42314
42348
42382.6
42417.7
42453.3
42489.4
42525.7
42562.1
42598.5
42634.7
42670.4
42705.3
42739.3
42771.9
42802.8
42831.8
42858.5
42882.5
42903.6
42921.5
42935.7
42946
42952.2
42954
42951.2
42943.5
42930.9
42913.2
42890.3
42862.2
42828.9
42790.5
42746.9
42698.3
42645
42586.9
42524.5
42457.9
42387.4
42313.3
42236
42155.9
42073.2
41988.4
41901.9
41814
41725.3
41636
41546.7
41457.6
41369.2
41281.9
41196.1
41112.1
41030.2
40950.7
40874.1
40800.5
40730.2
40663.5
40600.6
40541.6
40486.8
40436.3
40390.3
40348.8
40311.9
40279.7
40252.2
40229.4
40211.4
40198.1
40189.4
40185.3
40185.7
40190.5
40199.7
40212.9
40230.2
40251.4
40276.3
40304.6
40336.4
40371.2
40409.1
40449.7
40492.9
40538.6
40586.4
40636.4
40688.2
40741.7
40796.8
40853.3
40911
40969.7
41029.4
41089.9
41150.9
41212.5
41274.4
41336.4
41398.6
41460.6
41522.4
41583.9
41644.9
41705.3
41764.9
41823.6
41881.4
41938
41993.3
42047.2
42099.7
42150.4
42199.4
42246.6
42291.7
42334.7
42375.5
42414
42450
42483.6
42514.5
42542.8
42568.4
42591.2
42611.1
42628.2
42642.4
42653.7
42662.1
42667.5
42670.1
42669.7
42666.5
42660.5
42651.7
42640.2
42626
42609.1
42589.6
42567.6
42543
42515.9
42486.4
42454.5
42420.4
42384.1
42345.7
42305.5
42263.5
42219.9
42174.9
42128.6
42081.1
42032.6
41983.3
41933.2
41882.6
41831.5
41780
41728.4
41676.6
41624.9
41573.4
41522.2
41471.3
41421
41371.3
41322.3
41274.2
41227.1
41181
41136
41092.3
41050
41009.1
40969.8
40932
40896.1
40861.9
40829.6
40799.4
40771.1
40745.1
40721.2
40699.7
40680.5
40663.8
40649.6
40637.9
40628.8
40622.4
40618.7
40617.6
40619.4
40623.9
40631.1
40641.1
40653.8
40669.2
40687.3
40707.9
40731.1
40756.6
40784.4
40814.3
40846.3
40880.2
40916
40953.5
40992.6
41033.3
41075.4
41118.9
41163.7
41209.6
41256.6
41304.4
41353.1
41402.4
41452.2
41502.3
41552.7
41603.1
41653.4
41703.5
41753.2
41802.3
41850.8
41898.4
41945
41990.5
42034.6
42077.4
42118.5
42158
42195.7
42231.4
42265.1
42296.6
42325.9
42352.9
42377.5
42399.6
42419.2
42436.3
42450.7
42462.5
42471.6
42478
42481.8
42483
42481.4
42477.3
42470.7
42461.4
42449.8
42435.7
42419.3
42400.6
42379.8
42356.8
42331.9
42305
42276.2
42245.7
42213.4
42179.5
42144.1
42107.1
42068.7
42029.1
41988.3
41946.4
41903.6
41860.1
41816
41771.4
41726.6
41681.6
41636.7
41591.9
41547.3
41503.2
41459.6
41416.6
41374.4
41333.1
41292.7
41253.4
41215.2
41178.3
41142.7
41108.4
41075.7
41044.5
41014.8
40986.8
40960.5
40935.9
40913.1
40892.2
40873.1
40855.8
40840.5
40827.2
40815.8
40806.4
40799
40793.6
40790.3
40788.9
40789.6
40792.4
40797.1
40803.9
40812.7
40823.6
40836.3
40851.1
40867.8
40886.4
40906.8
40929.1
40953.2
40978.9
41006.2
41035.2
41065.5
41097.2
41130.2
41164.2
41199.3
41235.2
41271.9
41309.3
41347.2
41385.5
41424.2
41463.2
41502.4
41541.7
41581
41620.2
41659.2
41697.9
41736.3
41774.2
41811.5
41848.1
41884
41918.9
41952.9
41985.8
42017.6
42048
42077.2
42104.9
42131
42155.6
42178.6
42199.8
42219.3
42236.9
42252.6
42266.5
42278.4
42288.3
42296.3
42302.2
42306.1
42308.1
42308.1
42306
42302.1
42296.2
42288.4
42278.8
42267.5
42254.4
42239.6
42223.3
42205.4
42186.1
42165.4
42143.5
42120.4
42096.1
42070.8
42044.5
42017.2
41989.1
41960.1
41930.3
41899.7
41868.4
41836.5
41803.9
41770.8
41737.4
41703.7
41669.8
41635.8
41602
41568.3
41534.9
41501.9
41469.3
41437.4
41406
41375.3
41345.5
41316.4
41288.3
41261.1
41235
41209.9
41186
41163.2
41141.6
41121.2
41102.1
41084.3
41067.8
41052.7
41038.8
41026.4
41015.3
41005.6
40997.3
40990.4
40984.9
40980.8
40978
40976.7
40976.7
40978.2
40981
40985.1
40990.7
40997.6
41005.8
41015.3
41026.2
41038.3
41051.7
41066.3
41082
41098.8
41116.7
41135.5
41155.1
41175.5
41196.6
41218.3
41240.5
41263.1
41286.2
41309.7
41333.5
41357.7
41382.2
41407
41432
41457.3
41482.7
41508.3
41534
41559.7
41585.5
41611.2
41636.9
41662.4
41687.7
41712.9
41737.7
41762.2
41786.4
41810.1
41833.4
41856.1
41878.3
41899.8
41920.6
41940.7
41960.1
41978.6
41996.3
42013
42028.8
42043.7
42057.5
42070.2
42081.9
42092.6
42102.1
42110.5
42117.7
42123.9
42128.9
42132.7
42135.4
42136.9
42137.3
42136.5
42134.6
42131.5
42127.1
42121.5
42114.6
42106.4
42096.9
42085.9
42073.6
42059.9
42044.9
42028.6
42011.1
41992.5
41972.8
41952.1
41930.5
41908
41884.8
41860.9
41836.3
41811.1
41785.5
41759.4
41732.9
41706.2
41679.2
41652.1
41624.8
41597.6
41570.3
41543.2
41516.2
41489.5
41463
41436.8
41411.1
41385.7
41360.9
41336.6
41312.9
41289.8
41267.4
41245.7
41224.8
41204.7
41185.5
41167.2
41149.9
41133.5
41118.2
41103.9
41090.7
41078.7
41067.9
41058.3
41049.9
41042.7
41036.8
41032.2
41028.9
41026.8
41025.9
41026.3
41027.9
41030.7
41034.6
41039.7
41045.8
41053
41061.3
41070.6
41081
41092.5
41104.9
41118.4
41133
41148.5
41165.1
41182.6
41201.1
41220.5
41240.9
41262.1
41284.1
41307
41330.6
41354.8
41379.8
41405.3
41431.4
41458
41485
41512.3
41539.9
41567.8
41595.8
41623.9
41651.9
41680
41707.9
41735.5
41762.9
41790
41816.6
41842.7
41868.3
41893.2
41917.5
41941
41963.7
41985.6
42006.6
42026.5
42045.5
42063.4
42080.2
42095.8
42110.3
42123.4
42135.3
42145.9
42155.1
42162.9
42169.2
42174
42177.2
42178.9
42179.1
42177.6
42174.5
42169.8
42163.6
42155.8
42146.4
42135.6
42123.3
42109.5
42094.4
42078
42060.4
42041.5
42021.4
42000.3
41978.1
41954.9
41930.8
41905.9
41880.2
41853.8
41826.7
41799
41770.9
41742.3
41713.3
41684.1
41654.6
41625
41595.3
41565.6
41536
41506.6
41477.3
41448.4
41419.9
41391.7
41364.2
41337.1
41310.8
41285.2
41260.4
41236.4
41213.4
41191.4
41170.4
41150.6
41131.9
41114.5
41098.3
41083.4
41069.9
41057.7
41047
41037.6
41029.6
41023
41017.8
41014
41011.4
41010.2
41010.3
41011.7
41014.4
41018.4
41023.6
41030.1
41037.9
41047
41057.4
41069
41081.8
41095.9
41111.2
41127.6
41145.1
41163.7
41183.3
41203.9
41225.5
41247.9
41271.1
41295.1
41319.8
41345.1
41371
41397.4
41424.2
41451.3
41478.8
41506.4
41534.2
41562
41589.8
41617.5
41645.1
41672.4
41699.4
41726.1
41752.3
41778
41803.2
41827.7
41851.6
41874.7
41897.1
41918.6
41939.2
41958.9
41977.7
41995.4
42012.1
42027.8
42042.3
42055.6
42067.8
42078.7
42088.2
42096.5
42103.3
42108.6
42112.5
42114.7
42115.5
42114.6
42112.2
42108.2
42102.7
42095.8
42087.5
42077.8
42066.8
42054.5
42041.1
42026.5
42010.8
41994.1
41976.4
41957.9
41938.4
41918.2
41897.3
41875.8
41853.6
41830.9
41807.8
41784.3
41760.4
41736.3
41712
41687.5
41663
41638.4
41613.9
41589.5
41565.3
41541.2
41517.5
41494.1
41471.1
41448.6
41426.5
41405.1
41384.2
41364
41344.5
41325.7
41307.7
41290.6
41274.4
41259.1
41244.7
41231.3
41218.8
41207.4
41197
41187.6
41179.3
41171.9
41165.6
41160.2
41155.7
41152.2
41149.6
41147.9
41147
41147.1
41148.1
41149.9
41152.6
41156.3
41160.8
41166.3
41172.7
41179.9
41188.1
41197.2
41207.1
41217.9
41229.6
41242
41255.3
41269.4
41284.1
41299.6
41315.8
41332.7
41350.1
41368.1
41386.7
41405.7
41425.1
41445
41465.1
41485.6
41506.3
41527.2
41548.2
41569.3
41590.4
41611.5
41632.5
41653.4
41674.1
41694.5
41714.7
41734.5
41754
41773
41791.5
41809.5
41827
41843.7
41859.8
41875.2
41889.7
41903.5
41916.3
41928.2
41939.1
41948.9
41957.7
41965.5
41972.1
41977.6
41981.9
41985.1
41987.2
41988.1
41987.9
41986.6
41984.2
41980.7
41976.2
41970.7
41964.2
41956.7
41948.3
41938.9
41928.8
41917.8
41906
41893.5
41880.2
41866.3
41851.8
41836.7
41821.1
41804.9
41788.3
41771.4
41754
41736.4
41718.4
41700.3
41682
41663.5
41645
41626.4
41607.9
41589.4
41571
41552.7
41534.7
41516.9
41499.4
41482.2
41465.4
41448.9
41433
41417.5
41402.5
41388
41374.2
41360.9
41348.2
41336.1
41324.6
41313.7
41303.5
41293.8
41284.8
41276.4
41268.7
41261.6
41255.2
41249.5
41244.4
41240.1
41236.6
41233.8
41231.9
41230.7
41230.3
41230.8
41232.1
41234.3
41237.3
41241.1
41245.8
41251.3
41257.6
41264.7
41272.6
41281.3
41290.7
41300.9
41311.8
41323.3
41335.5
41348.3
41361.7
41375.6
41390
41404.9
41420.2
41435.9
41452
41468.3
41484.9
41501.7
41518.7
41535.8
41553
41570.3
41587.5
41604.7
41621.8
41638.8
41655.7
41672.3
41688.7
41704.8
41720.5
41735.9
41750.9
41765.4
41779.3
41792.7
41805.4
41817.5
41828.8
41839.3
41848.9
41857.6
41865.5
41872.4
41878.3
41883.3
41887.4
41890.6
41892.8
41894.2
41894.7
41894.3
41893.1
41891.1
41888.4
41884.8
41880.6
41875.6
41870
41863.7
41856.9
41849.4
41841.3
41832.7
41823.7
41814.1
41804.1
41793.7
41782.9
41771.8
41760.4
41748.6
41736.6
41724.4
41712
41699.4
41686.7
41673.9
41661
41648.1
41635.1
41622.2
41609.4
41596.6
41583.9
41571.4
41559.1
41547
41535.1
41523.6
41512.3
41501.4
41490.8
41480.6
41470.8
41461.5
41452.5
41443.9
41435.7
41427.8
41420.1
41412.7
41405.5
41398.4
41391.5
41384.8
41378.2
41371.9
41365.9
41360.2
41354.9
41350
41345.6
41341.7
41338.3
41335.4
41333.1
41331.4
41330.3
41329.8
41329.9
41330.7
41332.2
41334.3
41337
41340.4
41344.5
41349.3
41354.6
41360.6
41367.3
41374.5
41382.4
41390.8
41399.7
41409.2
41419.1
41429.6
41440.4
41451.7
41463.4
41475.4
41487.8
41500.5
41513.4
41526.5
41539.8
41553.3
41566.9
41580.6
41594.3
41608.1
41621.8
41635.5
41649
41662.5
41675.7
41688.7
41701.4
41713.8
41725.7
41737.2
41748.2
41758.6
41768.4
41777.5
41785.8
41793.4
41800.2
41806.2
41811.4
41815.8
41819.4
41822.3
41824.3
41825.6
41826.2
41826
41825.1
41823.6
41821.3
41818.4
41814.9
41810.8
41806.1
41800.9
41795.1
41788.8
41782
41774.7
41767
41758.9
41750.4
41741.5
41732.3
41722.8
41712.9
41702.9
41692.5
41682
41671.3
41660.4
41649.4
41638.3
41627.1
41615.9
41604.6
41593.4
41582.2
41571
41560
41549
41538.3
41527.6
41517.2
41507
41497
41487.3
41477.8
41468.7
41459.8
41451.3
41443
41435.1
41427.6
41420.4
41413.6
41407.1
41401
41395.3
41390.1
41385.2
41380.8
41376.9
41373.4
41370.4
41367.9
41365.9
41364.5
41363.6
41363.3
41363.6
41364.5
41365.9
41367.9
41370.6
41373.8
41377.6
41382
41387
41392.5
41398.6
41405.2
41412.4
41420.1
41428.3
41436.9
41446
41455.5
41465.4
41475.6
41486.2
41497.1
41508.2
41519.6
41531.2
41542.9
41554.8
41566.7
41578.8
41590.8
41602.8
41614.8
41626.7
41638.4
41650
41661.4
41672.5
41683.4
41694
41704.2
41714
41723.4
41732.4
41740.9
41748.9
41756.4
41763.3
41769.6
41775.4
41780.5
41785
41788.8
41792
41794.5
41796.3
41797.4
41797.9
41797.7
41796.8
41795.3
41793.1
41790.2
41786.8
41782.7
41778
41772.7
41766.9
41760.5
41753.6
41746.3
41738.4
41730.2
41721.5
41712.4
41703
41693.2
41683.2
41672.9
41662.4
41651.6
41640.7
41629.7
41618.6
41607.3
41596.1
41584.8
41573.6
41562.5
41551.4
41540.4
41529.6
41519
41508.6
41498.4
41488.5
41478.9
41469.6
41460.7
41452.1
41443.9
41436.2
41428.8
41421.9
41415.5
41409.6
41404.1
41399.2
41394.8
41390.9
41387.5
41384.7
41382.4
41380.6
41379.4
41378.7
41378.6
41378.9
41379.8
41381.3
41383.2
41385.6
41388.6
41392
41395.9
41400.3
41405.1
41410.3
41416
41422.2
41428.7
41435.6
41442.9
41450.6
41458.5
41466.9
41475.5
41484.4
41493.5
41502.9
41512.5
41522.3
41532.3
41542.3
41552.6
41562.8
41573.2
41583.6
41594
41604.3
41614.6
41624.9
41635
41644.9
41654.7
41664.4
41673.8
41682.9
41691.8
41700.4
41708.6
41716.5
41724
41731.2
41737.9
41744.1
41750
41755.3
41760.2
41764.5
41768.4
41771.7
41774.4
41776.6
41778.3
41779.3
41779.8
41779.7
41779
41777.8
41776
41773.6
41770.6
41767
41762.9
41758.3
41753.1
41747.4
41741.2
41734.6
41727.5
41719.9
41711.9
41703.6
41694.9
41685.8
41676.5
41666.8
41657
41646.9
41636.6
41626.2
41615.6
41605
41594.3
41583.6
41573
41562.3
41551.7
41541.2
41530.9
41520.7
41510.7
41500.9
41491.4
41482.1
41473.1
41464.4
41456.1
41448.1
41440.5
41433.3
41426.5
41420.1
41414.2
41408.8
41403.8
41399.2
41395.2
41391.7
41388.7
41386.2
41384.2
41382.7
41381.8
41381.4
41381.5
41382.1
41383.3
41384.9
41387.1
41389.8
41393
41396.7
41400.8
41405.5
41410.5
41416.1
41422
41428.3
41435.1
41442.2
41449.7
41457.5
41465.6
41474
41482.7
41491.6
41500.8
41510.1
41519.6
41529.3
41539.1
41548.9
41558.9
41568.9
41578.8
41588.8
41598.7
41608.5
41618.2
41627.8
41637.2
41646.5
41655.5
41664.2
41672.7
41680.9
41688.7
41696.2
41703.3
41710
41716.4
41722.2
41727.7
41732.6
41737.1
41741.2
41744.7
41747.8
41750.3
41752.3
41753.9
41754.9
41755.5
41755.6
41755.1
41754.3
41752.9
41751.1
41748.8
41746.1
41743
41739.5
41735.6
41731.3
41726.6
41721.6
41716.3
41710.7
41704.8
41698.7
41692.3
41685.7
41678.8
41671.8
41664.6
41657.3
41649.9
41642.4
41634.8
41627.1
41619.4
41611.7
41603.9
41596.2
41588.6
41581
41573.4
41566
41558.7
41551.5
41544.4
41537.5
41530.7
41524.2
41517.8
41511.6
41505.5
41499.7
41494.1
41488.7
41483.6
41478.6
41473.9
41469.5
41465.3
41461.3
41457.6
41454.1
41451
41448.1
41445.5
41443.2
41441.3
41439.6
41438.3
41437.3
41436.7
41436.3
41436.4
41436.8
41437.5
41438.6
41440.1
41441.9
41444
41446.5
41449.4
41452.6
41456.1
41459.9
41464
41468.5
41473.2
41478.3
41483.6
41489.1
41494.9
41501
41507.2
41513.6
41520.2
41527
41534
41541
41548.2
41555.4
41562.7
41570.1
41577.5
41585
41592.4
41599.8
41607.2
41614.5
41621.8
41628.9
41635.9
41642.8
41649.5
41656
41662.3
41668.4
41674.1
41679.6
41684.7
41689.5
41693.8
41697.8
41701.2
41704.2
41706.8
41708.8
41710.3
41711.4
41712
41712.1
41711.8
41711
41709.8
41708.1
41706.1
41703.8
41701
41698
41694.6
41690.9
41686.9
41682.7
41678.2
41673.6
41668.7
41663.6
41658.4
41653
41647.4
41641.8
41636.1
41630.2
41624.4
41618.4
41612.5
41606.5
41600.5
41594.6
41588.7
41582.8
41577.1
41571.4
41565.8
41560.3
41555
41549.8
41544.8
41540
41535.3
41530.9
41526.6
41522.6
41518.8
41515.2
41511.9
41508.9
41506.1
41503.6
41501.4
41499.5
41497.8
41496.5
41495.5
41494.7
41494.3
41494.1
41494.2
41494.4
41494.9
41495.6
41496.3
41497.1
41498
41498.9
41499.8
41500.7
41501.6
41502.5
41503.5
41504.5
41505.6
41506.8
41508.1
41509.5
41511.1
41512.8
41514.6
41516.6
41518.8
41521.1
41523.7
41526.3
41529.2
41532.3
41535.5
41538.9
41542.4
41546.1
41550
41554
41558.2
41562.5
41566.9
41571.4
41576
41580.7
41585.5
41590.3
41595.1
41600
41604.9
41609.8
41614.7
41619.5
41624.3
41629
41633.7
41638.3
41642.8
41647.1
41651.3
41655.4
41659.4
41663.1
41666.7
41670
41673.2
41676.1
41678.8
41681.2
41683.3
41685.1
41686.6
41687.8
41688.6
41689.1
41689.2
41688.9
41688.2
41687.1
41685.6
41683.7
41681.4
41678.8
41675.7
41672.3
41668.5
41664.5
41660.1
41655.5
41650.6
41645.4
41640.1
41634.6
41629
41623.2
41617.3
41611.3
41605.3
41599.3
41593.2
41587.2
41581.2
41575.2
41569.3
41563.5
41557.8
41552.2
41546.8
41541.5
41536.4
41531.4
41526.7
41522.1
41517.8
41513.6
41509.7
41506.1
41502.7
41499.5
41496.6
41493.9
41491.5
41489.3
41487.5
41485.8
41484.5
41483.4
41482.6
41482
41481.6
41481.6
41481.7
41482.1
41482.7
41483.5
41484.6
41485.8
41487.2
41488.8
41490.5
41492.4
41494.5
41496.7
41499
41501.5
41504.1
41506.8
41509.6
41512.6
41515.6
41518.7
41522
41525.3
41528.7
41532.2
41535.8
41539.5
41543.2
41547.1
41551
41554.9
41558.9
41563
41567.2
41571.3
41575.6
41579.8
41584.1
41588.4
41592.7
41597
41601.3
41605.6
41609.8
41614
41618.2
41622.3
41626.4
41630.4
41634.3
41638.1
41641.8
41645.3
41648.8
41652
41655.2
41658.1
41660.9
41663.4
41665.8
41667.9
41669.8
41671.5
41672.9
41674
41674.8
41675.4
41675.6
41675.6
41675.2
41674.5
41673.6
41672.3
41670.7
41668.8
41666.6
41664.2
41661.5
41658.5
41655.3
41651.9
41648.3
41644.5
41640.4
41636.2
41631.9
41627.4
41622.8
41618.2
41613.4
41608.5
41603.6
41598.7
41593.7
41588.7
41583.7
41578.8
41573.9
41569.1
41564.3
41559.6
41555
41550.6
41546.2
41542.1
41538
41534.2
41530.5
41527
41523.7
41520.6
41517.7
41515.1
41512.7
41510.5
41508.6
41506.9
41505.5
41504.4
41503.5
41502.9
41502.7
41502.7
41503
41503.6
41504.5
41505.7
41507.1
41508.9
41510.9
41513.1
41515.4
41517.9
41520.5
41523.1
41525.7
41528.3
41530.8
41533.2
41535.4
41537.6
41539.7
41541.8
41543.8
41545.7
41547.7
41549.6
41551.5
41553.5
41555.5
41557.5
41559.6
41561.7
41563.8
41566
41568.3
41570.6
41573
41575.4
41577.9
41580.5
41583
41585.7
41588.3
41591
41593.7
41596.4
41599.1
41601.8
41604.5
41607.2
41609.8
41612.3
41614.8
41617.3
41619.6
41621.9
41624.1
41626.3
41628.3
41630.2
41632
41633.7
41635.2
41636.7
41638
41639.1
41640.1
41640.9
41641.6
41642.1
41642.5
41642.6
41642.6
41642.4
41642
41641.4
41640.6
41639.6
41638.4
41637.1
41635.5
41633.8
41631.9
41629.8
41627.6
41625.2
41622.7
41620
41617.2
41614.4
41611.4
41608.3
41605.2
41602
41598.7
41595.4
41592.1
41588.7
41585.4
41582
41578.6
41575.3
41572
41568.7
41565.5
41562.3
41559.2
41556.2
41553.2
41550.3
41547.5
41544.9
41542.3
41539.9
41537.5
41535.4
41533.3
41531.4
41529.6
41528
41526.5
41525.2
41524
41523.1
41522.2
41521.6
41521.1
41520.7
41520.6
41520.6
41520.7
41521.1
41521.6
41522.2
41523
41524
41525.2
41526.4
41527.9
41529.4
41531.1
41533
41534.9
41537
41539.2
41541.5
41543.9
41546.4
41549
41551.7
41554.4
41557.2
41560
41562.9
41565.7
41568.6
41571.6
41574.5
41577.4
41580.2
41583.1
41585.9
41588.6
41591.3
41593.9
41596.5
41598.9
41601.3
41603.5
41605.7
41607.7
41609.6
41611.4
41613
41614.5
41615.8
41617
41618
41618.9
41619.6
41620.2
41620.6
41620.9
41621
41620.9
41620.7
41620.4
41619.9
41619.3
41618.5
41617.7
41616.7
41615.6
41614.4
41613
41611.6
41610.1
41608.6
41606.9
41605.2
41603.5
41601.7
41599.9
41598
41596.2
41594.3
41592.4
41590.5
41588.6
41586.8
41584.9
41583.1
41581.3
41579.6
41577.9
41576.3
41574.7
41573.2
41571.8
41570.4
41569.1
41567.8
41566.7
41565.6
41564.6
41563.6
41562.8
41562
41561.3
41560.6
41560
41559.5
41559
41558.6
41558.2
41557.8
41557.5
41557.2
41556.9
41556.6
41556.4
41556.1
41555.9
41555.7
41555.5
41555.3
41555.2
41555.1
41555
41554.9
41554.9
41554.9
41555
41555.2
41555.4
41555.7
41556
41556.4
41556.9
41557.4
41558.1
41558.8
41559.6
41560.4
41561.4
41562.4
41563.5
41564.6
41565.8
41567.1
41568.5
41569.9
41571.3
41572.8
41574.3
41575.9
41577.5
41579.2
41580.8
41582.5
41584.2
41585.9
41587.6
41589.3
41591
41592.7
41594.3
41595.9
41597.5
41599.1
41600.6
41602
41603.4
41604.7
41606
41607.2
41608.3
41609.3
41610.3
41611.1
41611.9
41612.5
41613.1
41613.5
41613.8
41614
41614.1
41614.1
41613.9
41613.6
41613.1
41612.6
41611.9
41611
41610.1
41609
41607.8
41606.4
41605
41603.4
41601.8
41600
41598.1
41596.2
41594.2
41592.1
41590
41587.8
41585.6
41583.4
41581.1
41578.9
41576.6
41574.3
41572.1
41569.9
41567.8
41565.6
41563.6
41561.6
41559.7
41557.8
41556
41554.3
41552.7
41551.2
41549.8
41548.5
41547.3
41546.3
41545.3
41544.4
41543.7
41543.1
41542.6
41542.2
41541.9
41541.7
41541.7
41541.7
41541.9
41542.2
41542.5
41543
41543.5
41544.1
41544.9
41545.6
41546.5
41547.4
41548.4
41549.4
41550.4
41551.5
41552.7
41553.8
41555
41556.3
41557.5
41558.8
41560
41561.3
41562.6
41563.9
41565.1
41566.4
41567.7
41569
41570.3
41571.6
41572.8
41574.1
41575.4
41576.7
41577.9
41579.2
41580.5
41581.7
41583
41584.2
41585.5
41586.8
41588
41589.2
41590.5
41591.7
41592.9
41594.1
41595.3
41596.5
41597.7
41598.8
41599.9
41601
41602.1
41603.1
41604.1
41605
41605.9
41606.8
41607.6
41608.3
41609
41609.6
41610.1
41610.6
41611
41611.3
41611.5
41611.7
41611.8
41611.8
41611.7
41611.5
41611.2
41610.8
41610.4
41609.8
41609.2
41608.5
41607.7
41606.8
41605.9
41604.8
41603.8
41602.6
41601.4
41600.1
41598.7
41597.3
41595.9
41594.4
41592.9
41591.4
41589.8
41588.2
41586.7
41585.1
41583.5
41581.9
41580.3
41578.8
41577.3
41575.8
41574.3
41572.9
41571.5
41570.1
41568.8
41567.6
41566.4
41565.2
41564.1
41563.1
41562
41561.1
41560.2
41559.3
41558.4
41557.6
41556.9
41556.1
41555.4
41554.7
41554
41553.4
41552.8
41552.2
41551.7
41551.1
41550.7
41550.2
41549.8
41549.4
41549.1
41548.8
41548.6
41548.5
41548.4
41548.3
41548.4
41548.5
41548.6
41548.9
41549.2
41549.5
41550
41550.5
41551.1
41551.8
41552.5
41553.3
41554.2
41555.2
41556.2
41557.3
41558.4
41559.7
41561
41562.3
41563.7
41565.2
41566.7
41568.3
41570
41571.6
41573.3
41575.1
41576.9
41578.7
41580.5
41582.3
41584.2
41586
41587.9
41589.8
41591.6
41593.5
41595.4
41597.2
41599.1
41600.9
41602.8
41604.6
41606.4
41608.2
41610.1
41611.9
41613.7
41615.5
41617.2
41619
41620.7
41622.3
41623.9
41625.4
41626.8
41628
41629
41629.8
41630.3
41630.6
41630.6
41630.3
41629.6
41628.7
41627.5
41626.1
41624.4
41622.4
41620.3
41618
41615.6
41613
41610.4
41607.6
41604.8
41602
41599.1
41596.3
41593.4
41590.6
41587.8
41585.1
41582.4
41579.8
41577.3
41574.8
41572.4
41570.1
41567.9
41565.8
41563.8
41561.8
41560
41558.2
41556.6
41555
41553.6
41552.2
41551
41549.8
41548.8
41547.8
41547
41546.3
41545.7
41545.2
41544.8
41544.6
41544.4
41544.4
41544.4
41544.6
41544.8
41545.1
41545.6
41546.1
41546.6
41547.3
41548
41548.7
41549.6
41550.4
41551.3
41552.2
41553.2
41554.2
41555.2
41556.2
41557.2
41558.2
41559.3
41560.3
41561.4
41562.5
41563.5
41564.6
41565.7
41566.7
41567.8
41568.8
41569.9
41570.9
41572
41573
41574.1
41575.1
41576.2
41577.2
41578.3
41579.3
41580.4
41581.5
41582.5
41583.6
41584.7
41585.8
41586.9
41588
41589.1
41590.2
41591.3
41592.4
41593.4
41594.3
41595.1
41596
41596.9
41597.8
41598.7
41599.5
41600.3
41601.1
41601.8
41602.5
41603.1
41603.7
41604.2
41604.7
41605.1
41605.4
41605.6
41605.8
41605.9
41606
41606
41605.9
41605.8
41605.5
41605.3
41604.9
41604.5
41604
41603.4
41602.7
41602
41601.2
41600.4
41599.5
41598.5
41597.5
41596.4
41595.3
41594.2
41593
41591.7
41590.4
41589.1
41587.8
41586.4
41585.1
41583.7
41582.3
41580.9
41579.5
41578.1
41576.7
41575.4
41574
41572.7
41571.4
41570.1
41568.8
41567.6
41566.4
41565.3
41564.2
41563.1
41562.1
41561.1
41560.2
41559.3
41558.5
41557.7
41557
41556.3
41555.7
41555.1
41554.7
41554.2
41553.8
41553.5
41553.3
41553.1
41553
41552.9
41552.9
41553
41553.1
41553.3
41553.5
41553.9
41554.2
41554.7
41555.2
41555.7
41556.3
41557
41557.7
41558.5
41559.3
41560.2
41561.1
41562
41563
41564
41565
41566
41567.1
41568.2
41569.3
41570.4
41571.5
41572.6
41573.7
41574.8
41575.9
41577
41578
41579.1
41580.1
41581.1
41582.1
41583.1
41584
41584.9
41585.8
41586.6
41587.4
41588.2
41589
41589.7
41590.3
41591
41591.6
41592.2
41592.7
41593.2
41593.6
41594
41594.4
41594.7
41595
41595.3
41595.5
41595.6
41595.8
41595.8
41595.9
41595.9
41595.8
41595.7
41595.6
41595.4
41595.2
41594.9
41594.6
41594.3
41593.9
41593.5
41593
41592.5
41592
41591.5
41590.9
41590.2
41589.6
41588.9
41588.2
41587.5
41586.7
41586
41585.2
41584.4
41583.6
41582.8
41581.9
41581.1
41580.3
41579.4
41578.6
41577.8
41577
41576.1
41575.3
41574.6
41573.8
41573
41572.3
41571.6
41570.9
41570.2
41569.6
41568.9
41568.3
41567.8
41567.3
41566.8
41566.3
41565.9
41565.5
41565.1
41564.8
41564.5
41564.2
41564
41563.8
41563.6
41563.5
41563.4
41563.4
41563.4
41563.4
41563.5
41563.5
41563.7
41563.8
41564
41564.3
41564.5
41564.8
41565.1
41565.5
41565.9
41566.3
41566.7
41567.2
41567.7
41568.2
41568.8
41569.3
41569.9
41570.6
41571.2
41571.8
41572.5
41573.2
41573.9
41574.6
41575.3
41576
41576.8
41577.5
41578.2
41579
41579.7
41580.4
41581.2
41581.9
41582.6
41583.3
41583.9
41584.6
41585.2
41585.8
41586.4
41587
41587.5
41588
41588.5
41589
41589.4
41589.8
41590.1
41590.5
41590.7
41591
41591.2
41591.4
41591.5
41591.6
41591.7
41591.8
41591.8
41591.7
41591.7
41591.6
41591.4
41591.3
41591.1
41590.8
41590.6
41590.3
41590
41589.7
41589.3
41588.9
41588.5
41588.1
41587.6
41587.2
41586.7
41586.2
41585.7
41585.2
41584.7
41584.1
41583.6
41583.1
41582.5
41581.9
41581.4
41580.8
41580.3
41579.7
41579.1
41578.6
41578
41577.5
41576.9
41576.4
41575.8
41575.3
41574.8
41574.3
41573.8
41573.3
41572.8
41572.3
41571.9
41571.4
41571
41570.6
41570.1
41569.7
41569.4
41569
41568.6
41568.3
41568
41567.7
41567.4
41567.1
41566.9
41566.6
41566.4
41566.2
41566
41565.9
41565.7
41565.6
41565.5
41565.5
41565.4
41565.4
41565.4
41565.4
41565.5
41565.6
41565.7
41565.8
41566
41566.2
41566.4
41566.6
41566.9
41567.1
41567.4
41567.8
41568.1
41568.5
41568.9
41569.3
41569.8
41570.3
41570.7
41571.2
41571.8
41572.3
41572.8
41573.4
41574
41574.6
41575.1
41575.7
41576.3
41577
41577.6
41578.2
41578.8
41579.4
41580
41580.6
41581.1
41581.7
41582.3
41582.8
41583.4
41583.9
41584.4
41584.9
41585.3
41585.8
41586.2
41586.6
41587
41587.3
41587.6
41587.9
41588.2
41588.4
41588.6
41588.8
41589
41589.1
41589.2
41589.3
41589.3
41589.4
41589.3
41589.3
41589.2
41589.1
41589
41588.9
41588.7
41588.5
41588.3
41588
41587.8
41587.5
41587.2
41586.9
41586.5
41586.2
41585.8
41585.4
41585
41584.6
41584.1
41583.7
41583.3
41582.8
41582.4
41581.9
41581.4
41581
41580.5
41580
41579.6
41579.1
41578.6
41578.2
41577.7
41577.3
41576.9
41576.4
41576
41575.6
41575.2
41574.8
41574.5
41574.1
41573.8
41573.4
41573.1
41572.8
41572.5
41572.3
41572
41571.8
41571.6
41571.4
41571.2
41571.1
41571
41570.8
41570.7
41570.7
41570.6
41570.6
41570.5
41570.5
41570.6
41570.6
41570.6
41570.7
41570.8
41570.9
41571
41571.2
41571.3
41571.5
41571.7
41571.9
41572.1
41572.3
41572.5
41572.8
41573
41573.3
41573.6
41573.9
41574.2
41574.5
41574.8
41575.1
41575.5
41575.8
41576.1
41576.5
41576.8
41577.1
41577.5
41577.8
41578.1
41578.5
41578.8
41579.1
41579.4
41579.7
41580
41580.3
41580.6
41580.9
41581.2
41581.4
41581.6
41581.9
41582.1
41582.3
41582.5
41582.6
41582.8
41582.9
41583.1
41583.2
41583.2
41583.3
41583.4
41583.4
41583.4
41583.4
41583.4
41583.4
41583.3
41583.2
41583.1
41583
41582.9
41582.8
41582.6
41582.5
41582.3
41582.1
41581.9
41581.7
41581.4
41581.2
41580.9
41580.7
41580.4
41580.1
41579.9
41579.6
41579.3
41579
41578.7
41578.4
41578.1
41577.8
41577.5
41577.3
41577
41576.7
41576.4
41576.1
41575.9
41575.6
41575.4
41575.1
41574.9
41574.7
41574.5
41574.3
41574.1
41573.9
41573.7
41573.6
41573.5
41573.3
41573.2
41573.1
41573.1
41573
41572.9
41572.9
41572.9
41572.9
41572.9
41572.9
41572.9
41573
41573
41573.1
41573.2
41573.3
41573.4
41573.5
41573.6
41573.7
41573.9
41574
41574.2
41574.4
41574.5
41574.7
41574.9
41575.1
41575.3
41575.5
41575.7
41576
41576.2
41576.4
41576.6
41576.9
41577.1
41577.3
41577.5
41577.7
41578
41578.2
41578.4
41578.6
41578.8
41579
41579.2
41579.4
41579.6
41579.8
41580
41580.2
41580.3
41580.5
41580.6
41580.8
41580.9
41581
41581.2
41581.3
41581.4
41581.4
41581.5
41581.6
41581.7
41581.7
41581.7
41581.8
41581.8
41581.8
41581.8
41581.8
41581.8
41581.7
41581.7
41581.7
41581.6
41581.6
41581.5
41581.4
41581.3
41581.2
41581.1
41581
41580.9
41580.8
41580.7
41580.5
41580.4
41580.3
41580.1
41580
41579.8
41579.7
41579.5
41579.4
41579.3
41579.1
41579
41578.8
41578.7
41578.5
41578.4
41578.2
41578.1
41578
41577.8
41577.7
41577.6
41577.5
41577.4
41577.3
41577.2
41577.1
41577
41576.9
41576.9
41576.8
41576.7
41576.7
41576.6
41576.6
41576.6
41576.5
41576.5
41576.5
41576.5
41576.5
41576.5
41576.5
41576.5
41576.6
41576.6
41576.6
41576.7
41576.7
41576.7
41576.8
41576.8
41576.9
41576.9
41577
41577
41577.1
41577.2
41577.2
41577.3
41577.3
41577.4
41577.5
41577.5
41577.6
41577.6
41577.7
41577.7
41577.8
41577.8
41577.9
41577.9
41577.9
41578
41578
41578
41578.1
41578.1
41578.1
41578.1
41578.1
41578.1
41578.1
41578.1
41578.1
41578.1
41578.1
41578
41578
41578
41578
41577.9
41577.9
41577.9
41577.8
41577.8
41577.7
41577.7
41577.6
41577.6
41577.5
41577.5
41577.4
41577.3
41577.3
41577.2
41577.2
41577.1
41577
41577
41576.9
41576.9
41576.8
41576.8
41576.7
41576.6
41576.6
41576.6
41576.5
41576.5
41576.4
41576.4
41576.4
41576.3
41576.3
41576.3
41576.2
41576.2
41576.2
41576.2
41576.2
41576.2
41576.2
41576.2
41576.2
41576.2
41576.3
41576.3
41576.3
41576.4
41576.4
41576.4
41576.5
41576.5
41576.6
41576.7
41576.7
41576.8
41576.9
41576.9
41577
41577.1
41577.2
41577.3
41577.3
41577.4
41577.5
41577.6
41577.7
41577.8
41577.9
41578
41578.1
41578.2
41578.3
41578.4
41578.5
41578.6
41578.7
41578.8
41578.9
41579
41579.1
41579.2
41579.3
41579.4
41579.4
41579.5
41579.6
41579.7
41579.7
41579.8
41579.9
41579.9
41580
41580
41580.1
41580.1
41580.1
41580.1
41580.2
41580.2
41580.2
41580.2
41580.2
41580.2
41580.2
41580.1
41580.1
41580.1
41580.1
41580
41580
41579.9
41579.9
41579.8
41579.7
41579.7
41579.6
41579.5
41579.4
41579.4
41579.3
41579.2
41579.1
41579
41578.9
41578.8
41578.7
41578.6
41578.5
41578.4
41578.2
41578.1
41578
41577.9
41577.8
41577.7
41577.6
41577.5
41577.4
41577.3
41577.2
41577.1
41577
41576.9
41576.8
41576.7
41576.6
41576.5
41576.5
41576.4
41576.3
41576.3
41576.2
41576.2
41576.1
41576.1
41576
41576
41576
41575.9
41575.9
41575.9
41575.9
41575.9
41575.9
41575.9
41576
41576
41576
41576
41576.1
41576.1
41576.2
41576.2
41576.3
41576.4
41576.5
41576.5
41576.6
41576.7
41576.8
41576.9
41577
41577.1
41577.2
41577.3
41577.4
41577.5
41577.6
41577.7
41577.9
41578
41578.1
41578.2
41578.3
41578.5
41578.6
41578.7
41578.8
41578.9
41579.1
41579.2
41579.3
41579.4
41579.5
41579.6
41579.7
41579.8
41579.9
41580
41580.1
41580.2
41580.2
41580.3
41580.4
41580.4
41580.5
41580.5
41580.6
41580.6
41580.6
41580.7
41580.7
41580.7
41580.7
41580.7
41580.7
41580.7
41580.6
41580.6
41580.6
41580.5
41580.5
41580.4
41580.3
41580.3
41580.2
41580.1
41580
41579.9
41579.8
41579.7
41579.6
41579.4
41579.3
41579.2
41579
41578.9
41578.7
41578.6
41578.4
41578.3
41578.1
41577.9
41577.8
41577.6
41577.4
41577.2
41577
41576.9
41576.7
41576.5
41576.3
41576.1
41576
41575.8
41575.6
41575.4
41575.3
41575.1
41574.9
41574.8
41574.6
41574.4
41574.3
41574.2
41574
41573.9
41573.8
41573.7
41573.5
41573.4
41573.4
41573.3
41573.2
41573.1
41573.1
41573
41573
41573
41572.9
41572.9
41572.9
41572.9
41573
41573
41573
41573.1
41573.2
41573.2
41573.3
41573.4
41573.5
41573.6
41573.8
41573.9
41574
41574.2
41574.4
41574.5
41574.7
41574.9
41575.1
41575.3
41575.5
41575.7
41576
41576.2
41576.4
41576.7
41576.9
41577.2
41577.4
41577.7
41577.9
41578.2
41578.5
41578.7
41579
41579.3
41579.5
41579.8
41580
41580.3
41580.6
41580.8
41581
41581.3
41581.5
41581.8
41582
41582.2
41582.4
41582.6
41582.8
41583
41583.1
41583.3
41583.5
41583.6
41583.7
41583.9
41584
41584.1
41584.2
41584.3
41584.3
41584.4
41584.4
41584.4
41584.5
41584.5
41584.5
41584.4
41584.4
41584.3
41584.3
41584.2
41584.1
41584
41583.9
41583.8
41583.7
41583.5
41583.4
41583.2
41583
41582.9
41582.7
41582.5
41582.2
41582
41581.8
41581.6
41581.3
41581.1
41580.8
41580.5
41580.3
41580
41579.7
41579.5
41579.2
41578.9
41578.6
41578.3
41578
41577.8
41577.5
41577.2
41576.9
41576.6
41576.4
41576.1
41575.8
41575.6
41575.3
41575
41574.8
41574.6
41574.3
41574.1
41573.9
41573.7
41573.5
41573.3
41573.1
41573
41572.8
41572.6
41572.5
41572.4
41572.3
41572.2
41572.1
41572
41571.9
41571.9
41571.8
41571.8
41571.8
41571.8
41571.8
41571.8
41571.8
41571.9
41571.9
41572
41572.1
41572.1
41572.2
41572.3
41572.5
41572.6
41572.7
41572.9
41573
41573.2
41573.4
41573.5
41573.7
41573.9
41574.1
41574.3
41574.5
41574.7
41574.9
41575.2
41575.4
41575.6
41575.9
41576.1
41576.3
41576.6
41576.8
41577
41577.3
41577.5
41577.7
41578
41578.2
41578.4
41578.6
41578.8
41579.1
41579.3
41579.5
41579.7
41579.8
41580
41580.2
41580.4
41580.5
41580.7
41580.8
41581
41581.1
41581.2
41581.3
41581.5
41581.6
41581.6
41581.7
41581.8
41581.8
41581.9
41581.9
41582
41582
41582
41582
41582
41582
41581.9
41581.9
41581.9
41581.8
41581.8
41581.7
41581.6
41581.5
41581.5
41581.4
41581.3
41581.2
41581
41580.9
41580.8
41580.7
41580.5
41580.4
41580.3
41580.1
41580
41579.8
41579.7
41579.5
41579.4
41579.2
41579
41578.9
41578.7
41578.6
41578.4
41578.3
41578.1
41578
41577.8
41577.7
41577.6
41577.4
41577.3
41577.2
41577
41576.9
41576.8
41576.7
41576.6
41576.5
41576.4
41576.3
41576.3
41576.2
41576.1
41576.1
41576
41576
41575.9
41575.9
41575.9
41575.9
41575.8
41575.8
41575.8
41575.8
41575.8
41575.9
41575.9
41575.9
41576
41576
41576
41576.1
41576.2
41576.2
41576.3
41576.4
41576.4
41576.5
41576.6
41576.7
41576.8
41576.8
41576.9
41577
41577.1
41577.2
41577.3
41577.4
41577.5
41577.6
41577.7
41577.8
41577.9
41578
41578.1
41578.2
41578.3
41578.4
41578.5
41578.5
41578.6
41578.7
41578.8
41578.8
41578.9
41579
41579
41579.1
41579.1
41579.2
41579.2
41579.3
41579.3
41579.3
41579.4
41579.4
41579.4
41579.4
41579.4
41579.4
41579.4
41579.4
41579.4
41579.4
41579.4
41579.3
41579.3
41579.3
41579.2
41579.2
41579.1
41579.1
41579
41579
41578.9
41578.8
41578.8
41578.7
41578.6
41578.6
41578.5
41578.4
41578.3
41578.2
41578.2
41578.1
41578
41577.9
41577.8
41577.7
41577.7
41577.6
41577.5
41577.4
41577.3
41577.2
41577.2
41577.1
41577
41576.9
41576.9
41576.8
41576.7
41576.7
41576.6
41576.5
41576.5
41576.4
41576.4
41576.3
41576.3
41576.3
41576.2
41576.2
41576.2
41576.2
41576.1
41576.1
41576.1
41576.1
41576.1
41576.1
41576.1
41576.1
41576.2
41576.2
41576.2
41576.2
41576.3
41576.3
41576.3
41576.4
41576.4
41576.5
41576.5
41576.6
41576.6
41576.7
41576.8
41576.8
41576.9
41577
41577.1
41577.1
41577.2
41577.3
41577.4
41577.4
41577.5
41577.6
41577.7
41577.8
41577.9
41577.9
41578
41578.1
41578.2
41578.3
41578.4
41578.4
41578.5
41578.6
41578.7
41578.7
41578.8
41578.9
41578.9
41579
41579.1
41579.1
41579.2
41579.2
41579.3
41579.3
41579.4
41579.4
41579.4
41579.5
41579.5
41579.5
41579.5
41579.5
41579.5
41579.5
41579.6
41579.5
41579.5
41579.5
41579.5
41579.5
41579.5
41579.4
41579.4
41579.4
41579.3
41579.3
41579.3
41579.2
41579.2
41579.1
41579.1
41579
41578.9
41578.9
41578.8
41578.7
41578.7
41578.6
41578.5
41578.4
41578.4
41578.3
41578.2
41578.1
41578
41578
41577.9
41577.8
41577.7
41577.6
41577.6
41577.5
41577.4
41577.3
41577.3
41577.2
41577.1
41577.1
41577
41576.9
41576.9
41576.8
41576.8
41576.7
41576.7
41576.6
41576.6
41576.6
41576.5
41576.5
41576.5
41576.5
41576.5
41576.4
41576.4
41576.4
41576.4
41576.4
41576.5
41576.5
41576.5
41576.5
41576.5
41576.6
41576.6
41576.7
41576.7
41576.7
41576.8
41576.9
41576.9
41577
41577
41577.1
41577.2
41577.2
41577.3
41577.4
41577.5
41577.6
41577.6
41577.7
41577.8
41577.9
41578
41578.1
41578.2
41578.3
41578.4
41578.4
41578.5
41578.6
41578.7
41578.8
41578.9
41579
41579
41579.1
41579.2
41579.3
41579.3
41579.4
41579.5
41579.5
41579.6
41579.6
41579.7
41579.7
41579.8
41579.8
41579.8
41579.9
41579.9
41579.9
41579.9
41579.9
41580
41580
41579.9
41579.9
41579.9
41579.9
41579.9
41579.9
41579.8
41579.8
41579.7
41579.7
41579.6
41579.6
41579.5
41579.4
41579.4
41579.3
41579.2
41579.1
41579.1
41579
41578.9
41578.8
41578.7
41578.6
41578.5
41578.4
41578.3
41578.2
41578
41577.9
41577.8
41577.7
41577.6
41577.5
41577.4
41577.3
41577.1
41577
41576.9
41576.8
41576.7
41576.6
41576.5
41576.4
41576.3
41576.2
41576.1
41576
41575.9
41575.8
41575.7
41575.7
41575.6
41575.5
41575.5
41575.4
41575.3
41575.3
41575.2
41575.2
41575.2
41575.1
41575.1
41575.1
41575.1
41575.1
41575.1
41575.1
41575.1
41575.1
41575.1
41575.1
41575.2
41575.2
41575.2
41575.3
41575.3
41575.4
41575.5
41575.5
41575.6
41575.7
41575.7
41575.8
41575.9
41576
41576.1
41576.2
41576.3
41576.4
41576.5
41576.6
41576.7
41576.8
41577
41577.1
41577.2
41577.3
41577.4
41577.6
41577.7
41577.8
41577.9
41578
41578.2
41578.3
41578.4
41578.5
41578.6
41578.8
41578.9
41579
41579.1
41579.2
41579.3
41579.4
41579.5
41579.6
41579.7
41579.8
41579.9
41579.9
41580
41580.1
41580.2
41580.2
41580.3
41580.3
41580.4
41580.4
41580.5
41580.5
41580.5
41580.6
41580.6
41580.6
41580.6
41580.6
41580.6
41580.6
41580.6
41580.6
41580.6
41580.6
41580.6
41580.5
41580.5
41580.5
41580.4
41580.4
41580.3
41580.3
41580.2
41580.1
41580.1
41580
41579.9
41579.9
41579.8
41579.7
41579.6
41579.6
41579.5
41579.4
41579.3
41579.2
41579.1
41579
41579
41578.9
41578.8
41578.7
41578.6
41578.5
41578.4
41578.3
41578.2
41578.1
41578.1
41578
41577.9
41577.8
41577.7
41577.6
41577.5
41577.5
41577.4
41577.3
41577.2
41577.2
41577.1
41577
41577
41576.9
41576.9
41576.8
41576.8
41576.7
41576.7
41576.6
41576.6
41576.5
41576.5
41576.5
41576.4
41576.4
41576.4
41576.4
41576.3
41576.3
41576.3
41576.3
41576.3
41576.3
41576.3
41576.3
41576.3
41576.3
41576.3
41576.3
41576.3
41576.3
41576.3
41576.3
41576.4
41576.4
41576.4
41576.4
41576.5
41576.5
41576.5
41576.5
41576.6
41576.6
41576.6
41576.7
41576.7
41576.7
41576.8
41576.8
41576.8
41576.9
41576.9
41576.9
41577
41577
41577
41577.1
41577.1
41577.2
41577.2
41577.2
41577.3
41577.3
41577.3
41577.4
41577.4
41577.4
41577.5
41577.5
41577.5
41577.6
41577.6
41577.6
41577.7
41577.7
41577.7
41577.8
41577.8
41577.8
41577.9
41577.9
41577.9
41577.9
41578
41578
41578
41578
41578.1
41578.1
41578.1
41578.1
41578.1
41578.2
41578.2
41578.2
41578.2
41578.2
41578.2
41578.3
41578.3
41578.3
41578.3
41578.3
41578.3
41578.3
41578.4
41578.4
41578.4
41578.4
41578.4
41578.4
41578.4
41578.4
41578.4
41578.4
41578.5
41578.5
41578.5
41578.5
41578.5
41578.5
41578.5
41578.5
41578.5
41578.5
41578.5
41578.5
41578.5
41578.5
41578.5
41578.5
41578.5
41578.5
41578.5
41578.5
41578.5
41578.5
41578.5
41578.5
41578.5
41578.5
41578.5
41578.5
41578.5
41578.5
41578.5
41578.5
41578.5
41578.5
41578.4
41578.4
41578.4
41578.4
41578.4
41578.4
41578.4
41578.4
41578.4
41578.4
41578.4
41578.3
41578.3
41578.3
41578.3
41578.3
41578.3
41578.3
41578.3
41578.3
41578.2
41578.2
41578.2
41578.2
41578.2
41578.2
41578.2
41578.1
41578.1
41578.1
41578.1
41578.1
41578.1
41578.1
41578
41578
41578
41578
41578
41578
41578
41578
41577.9
41577.9
41577.9
41577.9
41577.9
41577.9
41577.9
41577.9
41577.9
41577.8
41577.8
41577.8
41577.8
41577.8
41577.8
41577.8
41577.8
41577.8
41577.8
41577.8
41577.8
41577.8
41577.8
41577.8
41577.8
41577.7
41577.7
41577.7
41577.7
41577.7
41577.7
41577.7
41577.7
41577.7
41577.7
41577.7
41577.7
41577.7
41577.7
41577.7
41577.7
41577.7
41577.7
41577.7
41577.7
41577.7
41577.7
41577.7
41577.7
41577.7
41577.7
41577.7
41577.7
41577.7
41577.7
41577.8
41577.8
41577.8
41577.8
41577.8
41577.8
41577.8
41577.8
41577.8
41577.8
41577.8
41577.8
41577.8
41577.8
41577.8
41577.8
41577.7
41577.7
41577.7
41577.7
41577.7
41577.7
41577.7
41577.7
41577.7
41577.7
41577.7
41577.7
41577.7
41577.7
41577.7
41577.7
41577.7
41577.7
41577.7
41577.7
41577.7
41577.7
41577.6
41577.6
41577.6
41577.6
41577.6
41577.6
41577.6
41577.6
41577.6
41577.6
41577.6
41577.6
41577.6
41577.6
41577.5
41577.5
41577.5
41577.5
41577.5
41577.5
41577.5
41577.5
41577.5
41577.5
41577.5
41577.5
41577.5
41577.5
41577.5
41577.5
41577.5
41577.5
41577.5
41577.5
41577.5
41577.5
41577.5
41577.5
41577.5
41577.5
41577.5
41577.5
41577.5
41577.5
41577.5
41577.5
41577.6
41577.6
41577.6
41577.6
41577.6
41577.6
41577.6
41577.6
41577.7
41577.7
41577.7
41577.7
41577.7
41577.7
41577.8
41577.8
41577.8
41577.8
41577.8
41577.8
41577.9
41577.9
41577.9
41577.9
41578
41578
41578
41578
41578
41578.1
41578.1
41578.1
41578.1
41578.2
41578.2
41578.2
41578.2
41578.2
41578.3
41578.3
41578.3
41578.3
41578.3
41578.4
41578.4
41578.4
41578.4
41578.4
41578.5
41578.5
41578.5
41578.5
41578.5
41578.6
41578.6
41578.6
41578.6
41578.6
41578.6
41578.6
41578.6
41578.6
41578.7
41578.7
41578.7
41578.7
41578.7
41578.7
41578.7
41578.7
41578.7
41578.7
41578.7
41578.7
41578.7
41578.7
41578.7
41578.7
41578.7
41578.7
41578.6
41578.6
41578.6
41578.6
41578.6
41578.6
41578.6
41578.6
41578.5
41578.5
41578.5
41578.5
41578.5
41578.4
41578.4
41578.4
41578.4
41578.3
41578.3
41578.3
41578.3
41578.2
41578.2
41578.2
41578.2
41578.1
41578.1
41578.1
41578.1
41578
41578
41578
41577.9
41577.9
41577.9
41577.9
41577.8
41577.8
41577.8
41577.7
41577.7
41577.7
41577.7
41577.6
41577.6
41577.6
41577.5
41577.5
41577.5
41577.5
41577.4
41577.4
41577.4
41577.4
41577.4
41577.3
41577.3
41577.3
41577.3
41577.3
41577.3
41577.2
41577.2
41577.2
41577.2
41577.2
41577.2
41577.2
41577.2
41577.2
41577.2
41577.2
41577.2
41577.1
41577.1
41577.1
41577.1
41577.1
41577.2
41577.2
41577.2
41577.2
41577.2
41577.2
41577.2
41577.2
41577.2
41577.2
41577.2
41577.2
41577.3
41577.3
41577.3
41577.3
41577.3
41577.3
41577.3
41577.4
41577.4
41577.4
41577.4
41577.4
41577.4
41577.5
41577.5
41577.5
41577.5
41577.5
41577.6
41577.6
41577.6
41577.6
41577.6
41577.7
41577.7
41577.7
41577.7
41577.7
41577.8
41577.8
41577.8
41577.8
41577.8
41577.8
41577.9
41577.9
41577.9
41577.9
41577.9
41577.9
41578
41578
41578
41578
41578
41578
41578
41578
41578.1
41578.1
41578.1
41578.1
41578.1
41578.1
41578.1
41578.1
41578.1
41578.1
41578.1
41578.1
41578.1
41578.2
41578.2
41578.2
41578.2
41578.2
41578.2
41578.2
41578.2
41578.2
41578.2
41578.2
41578.2
41578.2
41578.2
41578.2
41578.2
41578.2
41578.2
41578.2
41578.2
41578.2
41578.2
41578.2
41578.2
41578.2
41578.2
41578.2
41578.2
41578.2
41578.2
41578.2
41578.2
41578.2
41578.2
41578.2
41578.2
41578.2
41578.2
41578.2
41578.2
41578.2
41578.2
41578.2
41578.2
41578.2
41578.2
41578.2
41578.2
41578.3
41578.3
41578.3
41578.3
41578.3
41578.3
41578.3
41578.3
41578.3
41578.3
41578.3
41578.3
41578.3
41578.3
41578.3
41578.3
41578.3
41578.3
41578.3
41578.3
41578.3
41578.3
41578.3
41578.3
41578.3
41578.3
41578.3
41578.3
41578.3
41578.3
41578.3
41578.3
41578.2
41578.2
41578.2
41578.2
41578.2
41578.2
41578.2
41578.2
41578.2
41578.2
41578.2
41578.1
41578.1
41578.1
41578.1
41578.1
41578.1
41578.1
41578.1
41578
41578
41578
41578
41578
41578
41577.9
41577.9
41577.9
41577.9
41577.9
41577.8
41577.8
41577.8
41577.8
41577.8
41577.7
41577.7
41577.7
41577.7
41577.7
41577.7
41577.6
41577.6
41577.6
41577.6
41577.6
41577.5
41577.5
41577.5
41577.5
41577.5
41577.5
41577.5
41577.4
41577.4
41577.4
41577.4
41577.4
41577.4
41577.4
41577.4
41577.4
41577.3
41577.3
41577.3
41577.3
41577.3
41577.3
41577.3
41577.3
41577.3
41577.3
41577.3
41577.3
41577.3
41577.3
41577.3
41577.3
41577.3
41577.3
41577.3
41577.4
41577.4
41577.4
41577.4
41577.4
41577.4
41577.4
41577.4
41577.4
41577.5
41577.5
41577.5
41577.5
41577.5
41577.5
41577.5
41577.6
41577.6
41577.6
41577.6
41577.6
41577.7
41577.7
41577.7
41577.7
41577.7
41577.7
41577.8
41577.8
41577.8
41577.8
41577.8
41577.8
41577.9
41577.9
41577.9
41577.9
41577.9
41577.9
41578
41578
41578
41578
41578
41578
41578
41578
41578.1
41578.1
41578.1
41578.1
41578.1
41578.1
41578.1
41578.1
41578.1
41578.1
41578.1
41578.1
41578.2
41578.2
41578.2
41578.2
41578.2
41578.2
41578.2
41578.2
41578.2
41578.2
41578.2
41578.2
41578.2
41578.2
41578.2
41578.2
41578.2
41578.2
41578.2
41578.1
41578.1
41578.1
41578.1
41578.1
41578.1
41578.1
41578.1
41578.1
41578.1
41578.1
41578.1
41578.1
41578.1
41578.1
41578.1
41578.1
41578.1
41578.1
41578.1
41578.1
41578.1
41578.1
41578.1
41578.1
41578.1
41578.1
41578.1
41578.1
41578.1
41578.1
41578.1
41578.1
41578.1
41578.1
41578.1
41578.1
41578.1
41578.1
41578.1
41578.1
41578.1
41578.1
41578.1
41578.1
41578.1
41578.1
41578.1
41578.1
41578.1
41578.1
41578.1
41578.1
41578.1
41578.1
41578.1
41578.1
41578.1
41578.2
41578.2
41578.2
41578.2
41578.2
41578.2
41578.2
41578.2
41578.2
41578.2
41578.2
41578.2
41578.2
41578.2
41578.2
41578.2
41578.2
41578.2
41578.2
41578.2
41578.2
41578.2
41578.2
41578.2
41578.2
41578.2
41578.2
41578.2
41578.2
41578.2
41578.2
41578.2
41578.1
41578.1
41578.1
41578.1
41578.1
41578.1
41578.1
41578.1
41578.1
41578
41578
41578
41578
41578
41578
41577.9
41577.9
41577.9
41577.9
41577.9
41577.9
41577.8
41577.8
41577.8
41577.8
41577.8
41577.7
41577.7
41577.7
41577.7
41577.7
41577.6
41577.6
41577.6
41577.6
41577.5
41577.5
41577.5
41577.5
41577.5
41577.4
41577.4
41577.4
41577.4
41577.4
41577.4
41577.3
41577.3
41577.3
41577.3
41577.3
41577.3
41577.3
41577.3
41577.2
41577.2
41577.2
41577.2
41577.2
41577.2
41577.2
41577.2
41577.2
41577.2
41577.2
41577.2
41577.2
41577.2
41577.2
41577.2
41577.2
41577.2
41577.2
41577.2
41577.2
41577.3
41577.3
41577.3
41577.3
41577.3
41577.3
41577.3
41577.4
41577.4
41577.4
41577.4
41577.4
41577.5
41577.5
41577.5
41577.5
41577.5
41577.6
41577.6
41577.6
41577.7
41577.7
41577.7
41577.7
41577.8
41577.8
41577.8
41577.8
41577.9
41577.9
41577.9
41578
41578
41578
41578
41578.1
41578.1
41578.1
41578.1
41578.2
41578.2
41578.2
41578.3
41578.3
41578.3
41578.3
41578.3
41578.4
41578.4
41578.4
41578.4
41578.4
41578.5
41578.5
41578.5
41578.5
41578.5
41578.5
41578.5
41578.6
41578.6
41578.6
41578.6
41578.6
41578.6
41578.6
41578.6
41578.6
41578.6
41578.6
41578.6
41578.6
41578.6
41578.6
41578.6
41578.6
41578.6
41578.6
41578.6
41578.6
41578.5
41578.5
41578.5
41578.5
41578.5
41578.5
41578.5
41578.5
41578.4
41578.4
41578.4
41578.4
41578.4
41578.3
41578.3
41578.3
41578.3
41578.3
41578.2
41578.2
41578.2
41578.2
41578.2
41578.1
41578.1
41578.1
41578.1
41578
41578
41578
41578
41578
41577.9
41577.9
41577.9
41577.9
41577.9
41577.8
41577.8
41577.8
41577.8
41577.8
41577.8
41577.7
41577.7
41577.7
41577.7
41577.7
41577.7
41577.7
41577.7
41577.6
41577.6
41577.6
41577.6
41577.6
41577.6
41577.6
41577.6
41577.6
41577.6
41577.6
41577.6
41577.6
41577.6
41577.6
41577.6
41577.6
41577.6
41577.6
41577.6
41577.6
41577.6
41577.6
41577.6
41577.6
41577.6
41577.6
41577.6
41577.6
41577.6
41577.6
41577.6
41577.6
41577.7
41577.7
41577.7
41577.7
41577.7
41577.7
41577.7
41577.7
41577.7
41577.7
41577.7
41577.7
41577.7
41577.8
41577.8
41577.8
41577.8
41577.8
41577.8
41577.8
41577.8
41577.8
41577.8
41577.8
41577.8
41577.8
41577.8
41577.8
41577.8
41577.8
41577.8
41577.8
41577.8
41577.8
41577.8
41577.8
41577.8
41577.8
41577.8
41577.8
41577.8
41577.8
41577.8
41577.8
41577.8
41577.8
41577.8
41577.8
41577.8
41577.8
41577.8
41577.8
41577.8
41577.8
41577.8
41577.8
41577.8
41577.8
41577.8
41577.8
41577.8
41577.8
41577.8
41577.8
41577.7
41577.7
41577.7
41577.7
41577.7
41577.7
41577.7
41577.7
41577.7
41577.7
41577.7
41577.7
41577.7
41577.7
41577.7
41577.7
41577.7
41577.7
41577.7
41577.7
41577.7
41577.7
41577.7
41577.7
41577.7
41577.7
41577.7
41577.7
41577.7
41577.7
41577.7
41577.7
41577.7
41577.8
41577.8
41577.8
41577.8
41577.8
41577.8
41577.8
41577.8
41577.8
41577.8
41577.8
41577.9
41577.9
41577.9
41577.9
41577.9
41577.9
41577.9
41577.9
41578
41578
41578
41578
41578
41578
41578
41578.1
41578.1
41578.1
41578.1
41578.1
41578.1
41578.1
41578.2
41578.2
41578.2
41578.2
41578.2
41578.2
41578.2
41578.3
41578.3
41578.3
41578.3
41578.3
41578.3
41578.3
41578.3
41578.3
41578.3
41578.3
41578.4
41578.4
41578.4
41578.4
41578.4
41578.4
41578.4
41578.4
41578.4
41578.4
41578.4
41578.4
41578.4
41578.4
41578.4
41578.4
41578.4
41578.4
41578.4
41578.4
41578.4
41578.4
41578.4
41578.3
41578.3
41578.3
41578.3
41578.3
41578.3
41578.3
41578.3
41578.3
41578.3
41578.2
41578.2
41578.2
41578.2
41578.2
41578.2
41578.2
41578.1
41578.1
41578.1
41578.1
41578.1
41578.1
41578
41578
41578
41578
41578
41578
41577.9
41577.9
41577.9
41577.9
41577.9
41577.9
41577.8
41577.8
41577.8
41577.8
41577.8
41577.8
41577.7
41577.7
41577.7
41577.7
41577.7
41577.7
41577.6
41577.6
41577.6
41577.6
41577.6
41577.6
41577.6
41577.6
41577.5
41577.5
41577.5
41577.5
41577.5
41577.5
41577.5
41577.5
41577.5
41577.5
41577.5
41577.4
41577.4
41577.4
41577.4
41577.4
41577.4
41577.4
41577.4
41577.4
41577.4
41577.4
41577.4
41577.4
41577.4
41577.4
41577.4
41577.4
41577.4
41577.4
41577.4
41577.4
41577.4
41577.4
41577.4
41577.4
41577.5
41577.5
41577.5
41577.5
41577.5
41577.5
41577.5
41577.5
41577.5
41577.5
41577.5
41577.5
41577.6
41577.6
41577.6
41577.6
41577.6
41577.6
41577.6
41577.6
41577.6
41577.6
41577.7
41577.7
41577.7
41577.7
41577.7
41577.7
41577.7
41577.7
41577.8
41577.8
41577.8
41577.8
41577.8
41577.8
41577.8
41577.9
41577.9
41577.9
41577.9
41577.9
41577.9
41577.9
41577.9
41578
41578
41578
41578
41578
41578
41578
41578
41578.1
41578.1
41578.1
41578.1
41578.1
41578.1
41578.1
41578.1
41578.1
41578.1
41578.2
41578.2
41578.2
41578.2
41578.2
41578.2
41578.2
41578.2
41578.2
41578.2
41578.2
41578.2
41578.3
41578.3
41578.3
41578.3
41578.3
41578.3
41578.3
41578.3
41578.3
41578.3
41578.3
41578.3
41578.3
41578.3
41578.3
41578.3
41578.3
41578.3
41578.3
41578.3
41578.3
41578.3
41578.3
41578.3
41578.3
41578.3
41578.3
41578.3
41578.3
41578.3
41578.3
41578.3
41578.3
41578.3
41578.3
41578.3
41578.3
41578.3
41578.3
41578.3
41578.3
41578.3
41578.2
41578.2
41578.2
41578.2
41578.2
41578.2
41578.2
41578.2
41578.2
41578.2
41578.2
41578.1
41578.1
41578.1
41578.1
41578.1
41578.1
41578.1
41578.1
41578.1
41578
41578
41578
41578
41578
41578
41578
41578
41577.9
41577.9
41577.9
41577.9
41577.9
41577.9
41577.9
41577.8
41577.8
41577.8
41577.8
41577.8
41577.8
41577.8
41577.7
41577.7
41577.7
41577.7
41577.7
41577.7
41577.7
41577.7
41577.6
41577.6
41577.6
41577.6
41577.6
41577.6
41577.6
41577.6
41577.6
41577.5
41577.5
41577.5
41577.5
41577.5
41577.5
41577.5
41577.5
41577.5
41577.5
41577.5
41577.5
41577.5
41577.5
41577.5
41577.5
41577.5
41577.5
41577.5
41577.4
41577.4
41577.4
41577.5
41577.5
41577.5
41577.5
41577.5
41577.5
41577.5
41577.5
41577.5
41577.5
41577.5
41577.5
41577.5
41577.5
41577.5
41577.5
41577.5
41577.5
41577.5
41577.6
41577.6
41577.6
41577.6
41577.6
41577.6
41577.6
41577.6
41577.7
41577.7
41577.7
41577.7
41577.7
41577.7
41577.7
41577.7
41577.8
41577.8
41577.8
41577.8
41577.8
41577.8
41577.8
41577.9
41577.9
41577.9
41577.9
41577.9
41577.9
41577.9
41578
41578
41578
41578
41578
41578
41578
41578.1
41578.1
41578.1
41578.1
41578.1
41578.1
41578.1
41578.1
41578.1
41578.2
41578.2
41578.2
41578.2
41578.2
41578.2
41578.2
41578.2
41578.2
41578.2
41578.2
41578.2
41578.2
41578.2
41578.2
41578.2
41578.2
41578.2
41578.2
41578.2
41578.2
41578.2
41578.2
41578.2
41578.2
41578.2
41578.2
41578.2
41578.2
41578.2
41578.2
41578.2
41578.2
41578.2
41578.2
41578.2
41578.2
41578.2
41578.2
41578.2
41578.2
41578.1
41578.1
41578.1
41578.1
41578.1
41578.1
41578.1
41578.1
41578.1
41578.1
41578.1
41578.1
41578
41578
41578
41578
41578
41578
41578
41578
41578
41578
41577.9
41577.9
41577.9
41577.9
41577.9
41577.9
41577.9
41577.9
41577.9
41577.9
41577.9
41577.9
41577.9
41577.8
41577.8
41577.8
41577.8
41577.8
41577.8
41577.8
41577.8
41577.8
41577.8
41577.8
41577.8
41577.8
41577.8
41577.8
41577.8
41577.8
41577.8
41577.8
41577.8
41577.8
41577.8
41577.8
41577.8
41577.8
41577.8
41577.8
41577.8
41577.8
41577.8
41577.8
41577.8
41577.8
41577.8
41577.8
41577.8
41577.8
41577.8
41577.8
41577.8
41577.8
41577.8
41577.8
41577.8
41577.9
41577.9
41577.9
41577.9
41577.9
41577.9
41577.9
41577.9
41577.9
41577.9
41577.9
41577.9
41577.9
41577.9
41577.9
41577.9
41577.9
41577.9
41577.9
41577.9
41577.9
41577.9
41577.9
41577.9
41577.9
41577.9
41577.9
41577.9
41577.9
41577.9
41577.9
41577.9
41577.9
41577.9
41577.9
41577.9
41577.9
41577.9
41577.9
41577.9
41577.9
41577.9
41577.9
41577.9
41577.9
41577.9
41577.9
41577.9
41577.9
41577.9
41577.9
41577.9
41577.9
41577.9
41577.9
41577.9
41577.9
41577.9
41577.9
41577.8
41577.8
41577.8
41577.8
41577.8
41577.8
41577.8
41577.8
41577.8
41577.8
41577.8
41577.8
41577.8
41577.8
41577.8
41577.8
41577.7
41577.7
41577.7
41577.7
41577.7
41577.7
41577.7
41577.7
41577.7
41577.7
41577.7
41577.7
41577.7
41577.7
41577.7
41577.7
41577.7
41577.7
41577.7
41577.7
41577.7
41577.7
41577.7
41577.7
41577.7
41577.7
41577.7
41577.7
41577.7
41577.7
41577.7
41577.7
41577.7
41577.7
41577.7
41577.7
41577.7
41577.7
41577.7
41577.7
41577.7
41577.7
41577.7
41577.7
41577.8
41577.8
41577.8
41577.8
41577.8
41577.8
41577.8
41577.8
41577.8
41577.8
41577.8
41577.9
41577.9
41577.9
41577.9
41577.9
41577.9
41577.9
41577.9
41577.9
41578
41578
41578
41578
41578
41578
41578
41578
41578
41578.1
41578.1
41578.1
41578.1
41578.1
41578.1
41578.1
41578.1
41578.2
41578.2
41578.2
41578.2
41578.2
41578.2
41578.2
41578.2
41578.2
41578.2
41578.2
41578.3
41578.3
41578.3
41578.3
41578.3
41578.3
41578.3
41578.3
41578.3
41578.3
41578.3
41578.3
41578.3
41578.3
41578.3
41578.3
41578.3
41578.3
41578.3
41578.3
41578.3
41578.3
41578.3
41578.3
41578.3
41578.3
41578.3
41578.3
41578.3
41578.3
41578.3
41578.3
41578.2
41578.2
41578.2
41578.2
41578.2
41578.2
41578.2
41578.2
41578.2
41578.2
41578.1
41578.1
41578.1
41578.1
41578.1
41578.1
41578.1
41578
41578
41578
41578
41578
41578
41578
41577.9
41577.9
41577.9
41577.9
41577.9
41577.9
41577.8
41577.8
41577.8
41577.8
41577.8
41577.8
41577.7
41577.7
41577.7
41577.7
41577.7
41577.7
41577.7
41577.6
41577.6
41577.6
41577.6
41577.6
41577.6
41577.6
41577.6
41577.5
41577.5
41577.5
41577.5
41577.5
41577.5
41577.5
41577.5
41577.5
41577.5
41577.5
41577.5
41577.5
41577.4
41577.4
