
Objective value: 
55798.4
15855.7
15936
16845.5
19343.4
22618.9
23962.7
24517.8
25986.2
29254
33951.5
38562.3
41662.7
43647.6
45032.4
46031.7
46670.5
46978.8
46990
46753.8
46344.3
45853.2
45345.8
44809.7
44439
44342.5
44531.3
44949
45480.8
45888.6
46274.3
46630
46944.7
47202.9
47390.1
47475.6
47466.9
47390.9
47271.1
47127.5
46976.4
46794.6
46579.5
46361.1
46124.1
45897.6
45701.7
45545.3
45429.4
45350.9
45294.6
45262.6
45251.4
45257.6
45278.4
45311.5
45355.4
45409
45471.5
45542.3
45620.4
45704.6
45793.4
45856.9
45888.5
45927
45973.4
46028.6
46092.8
46164.7
46241.5
46319.5
46372.8
46401.4
46407.3
46390.8
46351.6
46290.7
46209
46094.8
45943.1
45759.9
45549.5
45300.2
45014.2
44698.3
44357.9
43997.5
43621.1
43232.3
42834.6
42431.6
42026.8
41623.6
41225.5
40835.6
40457.2
40092.9
39745.1
39415.7
39106.2
38817.7
38550.6
38305.4
38082
37880.2
37699.9
37540.6
37402
37283.5
37184.7
37105
37043.8
37000.4
36973.8
36963.3
36967.9
36986.5
37018.1
37061.8
37116.6
37181.5
37255.7
37338.5
37429.3
37527.5
37632.8
37744.9
37863.5
37988.5
38120
38257.8
38401.9
38552.2
38708.6
38870.9
39038.6
39211.4
39380.9
39434.7
39494.3
39568.2
39661.5
39773.6
39901.5
40041.3
40189.9
40344.5
40502.9
40663
40823.3
40982.5
41139.8
41291.1
41438.7
41583.7
41726
41865.5
42001.8
42134.6
42263.7
42389.1
42511.1
42630
42746
42859.7
42971.5
43081.6
43190.5
43298.3
43405.1
43511
43615.8
43719.2
43820.8
43919.9
44015.7
44107.1
44193.1
44272.3
44343.4
44405.1
44456
44494.9
44520.8
44532.7
44530.1
44512.5
44479.9
44432.5
44370.6
44295.1
44207
44107.4
43997.8
43879.7
43754.8
43624.8
43486.6
43342
43194.9
43048.4
42904.9
42766.4
42634.3
42509.7
42393.3
42285.4
42186.1
42095.2
42012.1
41936.2
41866.7
41802.7
41742.9
41686.3
41631.4
41577.1
41522.1
41465.2
41405.2
41341.2
41272.4
41198.1
41117.9
41031.5
40938.9
40840.1
40735.6
40625.8
40511.4
40393.2
40272.1
40149
40025.2
39901.7
39779.7
39660.3
39544.6
39433.9
39329
39231
39140.8
39059.3
38987.1
38925
38873.5
38833
38804
38786.8
38781.4
38788.1
38806.8
38837.5
38880
38934
38956.2
38970.8
38997.6
39039.4
39097
39169.2
39254.6
39351.6
39458.5
39574.1
39697.2
39826.8
39961.9
40101.8
40245.7
40392.6
40541.6
40691.5
40841.4
40990
41136.1
41278.6
41416.6
41549
41675.3
41794.6
41906.4
42010.5
42106.6
42194.5
42274.2
42346.1
42410.2
42467
42517
42560.6
42598.4
42631.1
42659.2
42683.3
42704
42721.9
42737.4
42751.1
42763.4
42774.7
42785.2
42795.4
42805.4
42815.5
42825.9
42836.6
42847.7
42859.3
42871.3
42883.7
42896.3
42909
42921.5
42933.6
42945.1
42955.5
42964.5
42971.8
42976.8
42979.2
42978.6
42974.4
42966.2
42953.6
42936.2
42913.6
42885.4
42851.5
42811.4
42765.2
42712.7
42653.8
42588.6
42517.2
42439.9
42356.9
42267
42170.2
42067.7
41960.4
41849.4
41735.6
41619.7
41502.6
41385.1
41268
41152
41037.8
40926
40817.4
40712.6
40612.1
40516.5
40426.2
40341.5
40262.9
40190.5
40124.6
40065.3
40012.6
39966.6
39927.4
39894.7
39868.6
39848.9
39835.5
39808.7
39784.7
39766.2
39754.3
39748.9
39749.9
39756.7
39769
39786.3
39808.4
39834.9
39865.5
39900.3
39938.8
39981.1
40026.7
40075.7
40127.5
40181.9
40238.6
40297.1
40357.1
40418.3
40480.3
40542.7
40605.4
40668
40730.3
40792.2
40853.4
40913.8
40973.4
41032.2
41089.9
41146.8
41202.7
41257.7
41311.8
41365.1
41417.6
41469.3
41520.2
41570.4
41619.9
41668.6
41716.5
41763.6
41809.8
41855.1
41899.5
41942.9
41985.2
42026.4
42066.4
42105.2
42142.7
42178.9
42213.6
42246.9
42278.6
42308.7
42337.1
42363.7
42388.5
42411.4
42432.3
42451.1
42467.7
42482.1
42494.1
42503.7
42510.7
42515.1
42516.9
42515.8
42512
42505.3
42495.7
42483.1
42467.6
42449.1
42427.7
42403.3
42376
42345.9
42313
42277.4
42239.1
42198.4
42155.2
42109.8
42062.2
42012.6
41961.1
41908
41853.3
41797.3
41740.1
41681.9
41622.9
41563.2
41503.1
41442.7
41382.2
41321.8
41261.7
41202.1
41143.2
41085
41027.9
40972
40917.4
40864.4
40813
40763.5
40716
40670.5
40627.3
40586.5
40548.1
40512.2
40479
40448.4
40420.6
40395.5
40373.2
40353.8
40337.2
40323.5
40312.7
40304.8
40299.9
40298
40299
40303
40310.1
40320.1
40333.1
40349.1
40368
40389.8
40414.4
40441.8
40472
40504.7
40540
40577.8
40617.9
40660.2
40704.8
40751.3
40799.7
40849.8
40901.5
40954.6
41009
41064.4
41120.8
41177.9
41235.4
41293.3
41351.4
41409.3
41466.9
41524.1
41580.6
41636.1
41690.6
41743.9
41795.6
41845.7
41894
41940.3
41984.5
42026.4
42065.9
42102.9
42137.2
42168.8
42197.5
42223.2
42246
42265.8
42282.4
42295.9
42306.4
42313.7
42317.9
42319
42317.1
42312.3
42304.5
42294
42280.8
42264.9
42246.6
42225.8
42202.8
42177.7
42150.5
42121.5
42090.7
42058.4
42024.5
41989.4
41953
41915.6
41877.3
41838.1
41798.3
41758
41717.3
41676.3
41635.1
41593.8
41552.5
41511.4
41470.6
41430
41389.9
41350.2
41311.1
41272.7
41235
41198
41161.9
41126.8
41092.5
41059.3
41027.1
40996.1
40966.2
40937.5
40910.1
40883.9
40859.1
40835.7
40813.7
40793.1
40774
40756.4
40740.4
40726
40713.3
40702.1
40692.7
40685
40679
40674.8
40672.4
40671.7
40672.9
40675.9
40680.7
40687.3
40695.7
40705.9
40717.9
40731.7
40747.2
40764.4
40783.2
40803.7
40825.7
40849.3
40874.3
40900.7
40928.5
40957.4
40987.6
41018.8
41051.1
41084.2
41118.1
41152.8
41188
41223.7
41259.8
41296.2
41332.8
41369.3
41405.9
41442.2
41478.2
41513.8
41548.9
41583.3
41617
41649.8
41681.6
41712.4
41741.9
41770.3
41797.3
41822.8
41846.9
41869.3
41890.1
41909.2
41926.6
41942.1
41955.8
41967.5
41977.4
41985.4
41991.4
41995.5
41997.7
41997.9
41996.2
41992.7
41987.3
41980.1
41971.1
41960.4
41948
41934
41918.5
41901.5
41883.1
41863.4
41842.3
41820.2
41796.9
41772.6
41747.4
41721.3
41694.5
41667.1
41639
41610.5
41581.7
41552.5
41523.1
41493.7
41464.2
41434.8
41405.6
41376.6
41347.9
41319.6
41291.9
41264.6
41238
41212.1
41186.9
41162.5
41138.9
41116.3
41094.6
41073.9
41054.2
41035.6
41018.1
41001.7
40986.5
40972.5
40959.7
40948
40937.7
40928.5
40920.7
40914.1
40908.7
40904.7
40901.9
40900.4
40900.2
40901.2
40903.5
40907.1
40911.9
40917.9
40925.1
40933.5
40943.1
40953.8
40965.6
40978.5
40992.5
41007.5
41023.5
41040.4
41058.1
41076.7
41096.1
41116.2
41136.8
41158
41179.6
41201.7
41223.9
41246.4
41269.1
41291.7
41314.4
41337.1
41359.7
41382.1
41404.3
41426.3
41448
41469.4
41490.4
41511
41531.1
41550.7
41569.8
41588.3
41606.1
41623.3
41639.7
41655.4
41670.4
41684.5
41697.8
41710.2
41721.7
41732.4
41742.1
41750.8
41758.7
41765.5
41771.4
41776.3
41780.3
41783.2
41785.2
41786.2
41786.3
41785.4
41783.5
41780.8
41777.1
41772.5
41767.1
41760.9
41753.9
41746.1
41737.6
41728.4
41718.5
41708
41696.9
41685.2
41673
41660.1
41646.7
41632.7
41618.1
41602.8
41586.9
41570.3
41553
41535.1
41516.7
41497.7
41478.3
41458.5
41438.4
41418
41397.4
41376.7
41355.9
41335.1
41314.4
41293.7
41273.2
41252.8
41232.7
41212.9
41193.5
41174.4
41155.8
41137.6
41120
41103
41086.5
41070.8
41055.7
41041.3
41027.8
41015
41003
40992
40981.8
40972.6
40964.3
40957
40950.7
40945.5
40941.3
40938.1
40936.1
40935.2
40935.3
40936.6
40939.1
40942.6
40947.4
40953.2
40960.2
40968.4
40977.6
40988
40999.4
41012
41025.5
41040
41055.5
41071.9
41089.1
41107.1
41125.9
41145.4
41165.5
41186.3
41207.5
41229.2
41251.4
41273.9
41296.8
41319.9
41343.2
41366.7
41390.3
41413.9
41437.5
41461
41484.5
41507.7
41530.7
41553.4
41575.7
41597.6
41619
41639.9
41660.2
41679.8
41698.8
41716.9
41734.3
41750.8
41766.3
41780.9
41794.5
41807.1
41818.6
41829
41838.2
41846.3
41853.1
41858.7
41863.1
41866.3
41868.2
41868.8
41868.1
41866.1
41862.9
41858.4
41852.6
41845.6
41837.3
41827.8
41817.1
41805.2
41792.1
41777.9
41762.5
41746.1
41728.6
41710.1
41690.6
41670.2
41649
41626.9
41604.1
41580.6
41556.5
41531.8
41506.7
41481.2
41455.3
41429.2
41403
41376.6
41350.2
41323.9
41297.8
41271.8
41246.2
41220.9
41196.1
41171.9
41148.2
41125.1
41102.8
41081.3
41060.7
41041
41022.2
41004.5
40987.9
40972.4
40958.1
40945
40933.2
40922.6
40913.4
40905.5
40899
40893.9
40890.1
40887.8
40886.9
40887.4
40889.3
40892.7
40897.4
40903.5
40910.9
40919.7
40929.8
40941.1
40953.7
40967.4
40982.3
40998.2
41015.2
41033.1
41051.9
41071.6
41092
41113
41134.7
41156.9
41179.6
41202.6
41225.9
41249.5
41273.2
41297
41320.8
41344.6
41368.2
41391.6
41414.8
41437.7
41460.2
41482.3
41503.8
41524.8
41545.2
41564.9
41583.9
41602.2
41619.7
41636.3
41652
41666.8
41680.6
41693.5
41705.3
41716.2
41725.9
41734.6
41742.3
41748.8
41754.2
41758.6
41761.9
41764.1
41765.2
41765.2
41764.2
41762.2
41759.1
41755.1
41750.1
41744.2
41737.4
41729.7
41721.1
41711.8
41701.7
41690.9
41679.4
41667.3
41654.5
41641.2
41627.4
41613.1
41598.4
41583.3
41567.8
41552.1
41536
41519.8
41503.3
41486.8
41470.1
41453.3
41436.5
41419.7
41403
41386.3
41369.8
41353.4
41337.2
41321.2
41305.5
41290.1
41275
41260.3
41246.1
41232.2
41218.9
41206
41193.7
41182
41170.9
41160.4
41150.5
41141.3
41132.8
41125.1
41118
41111.7
41106.1
41101.3
41097.3
41094.1
41091.6
41090
41089.1
41089
41089.7
41091.2
41093.4
41096.3
41100
41104.4
41109.6
41115.3
41121.8
41128.9
41136.5
41144.8
41153.6
41162.9
41172.7
41182.9
41193.5
41204.5
41215.9
41227.5
41239.3
41251.4
41263.7
41276
41288.5
41301
41313.5
41326.1
41338.5
41350.9
41363.1
41375.2
41387.1
41398.8
41410.3
41421.5
41432.4
41443
41453.3
41463.2
41472.7
41481.9
41490.7
41499.1
41507.1
41514.6
41521.7
41528.4
41534.6
41540.4
41545.7
41550.6
41555
41559
41562.6
41565.7
41568.4
41570.6
41572.4
41573.8
41574.8
41575.4
41575.6
41575.3
41574.8
41573.8
41572.5
41570.8
41568.8
41566.5
41563.8
41560.9
41557.6
41554
41550.2
41546.1
41541.7
41537
41532.1
41526.9
41521.4
41515.8
41509.8
41503.7
41497.3
41490.6
41483.8
41476.7
41469.4
41461.9
41454.2
41446.3
41438.3
41430.1
41421.7
41413.2
41404.7
41396
41387.2
41378.4
41369.5
41360.6
41351.7
41342.9
41334.1
41325.3
41316.6
41308.1
41299.6
41291.3
41283.2
41275.2
41267.5
41260
41252.7
41245.7
41239
41232.6
41226.4
41220.7
41215.3
41210.2
41205.5
41201.2
41197.4
41193.9
41190.9
41188.3
41186.1
41184.4
41183.2
41182.4
41182
41182.2
41182.8
41183.8
41185.4
41187.3
41189.7
41192.6
41195.9
41199.5
41203.6
41208.1
41212.9
41218.1
41223.6
41229.4
41235.4
41241.8
41248.3
41255.1
41262.1
41269.3
41276.7
41284.2
41291.8
41299.6
41307.5
41315.4
41323.5
41331.6
41339.8
41348
41356.3
41364.6
41372.9
41381.3
41389.6
41397.9
41406.1
41414.4
41422.5
41430.7
41438.7
41446.6
41454.5
41462.2
41469.8
41477.3
41484.7
41491.8
41498.8
41505.6
41512.2
41518.6
41524.8
41530.7
41536.4
41541.8
41546.9
41551.7
41556.2
41560.4
41564.3
41567.7
41570.9
41573.6
41575.9
41577.8
41579.2
41580.3
41580.8
41580.9
41580.4
41579.5
41578
41576.1
41573.6
41570.6
41567
41563
41558.5
41553.4
41547.9
41541.9
41535.4
41528.5
41521.2
41513.5
41505.4
41497
41488.2
41479.2
41469.8
41460.2
41450.4
41440.4
41430.3
41420
41409.6
41399.2
41388.7
41378.2
41367.8
41357.3
41347
41336.8
41326.8
41316.9
41307.2
41297.7
41288.5
41279.6
41271
41262.6
41254.7
41247.1
41239.9
41233
41226.6
41220.6
41215.1
41209.9
41205.3
41201.1
41197.3
41194
41191.1
41188.6
41186.6
41185.1
41183.9
41183.2
41182.8
41182.9
41183.3
41184.1
41185.3
41186.8
41188.7
41191
41193.6
41196.6
41199.9
41203.5
41207.4
41211.7
41216.3
41221.1
41226.3
41231.8
41237.5
41243.5
41249.8
41256.3
41263
41270
41277.1
41284.5
41292
41299.8
41307.7
41315.7
41323.8
41332.1
41340.5
41348.9
41357.5
41366
41374.6
41383.3
41391.9
41400.5
41409.1
41417.6
41426
41434.4
41442.6
41450.8
41458.7
41466.6
41474.2
41481.6
41488.8
41495.8
41502.4
41508.8
41514.9
41520.6
41525.9
41530.8
41535.4
41539.5
41543.1
41546.3
41549.1
41551.3
41553.1
41554.4
41555.3
41555.6
41555.5
41554.9
41553.9
41552.4
41550.4
41548.1
41545.3
41542.1
41538.5
41534.5
41530.2
41525.5
41520.5
41515.2
41509.6
41503.7
41497.5
41491.1
41484.5
41477.7
41470.7
41463.5
41456.2
41448.8
41441.2
41433.6
41425.9
41418.2
41410.4
41402.6
41394.9
41387.1
41379.5
41371.9
41364.3
41356.9
41349.6
41342.4
41335.4
41328.5
41321.9
41315.3
41309
41302.9
41297
41291.3
41285.8
41280.6
41275.5
41270.6
41266
41261.5
41257.3
41253.2
41249.4
41245.8
41242.4
41239.3
41236.4
41233.7
41231.4
41229.3
41227.4
41225.9
41224.7
41223.8
41223.3
41223.1
41223.2
41223.7
41224.6
41225.8
41227.4
41229.3
41231.6
41234.3
41237.4
41240.9
41244.7
41248.9
41253.4
41258.3
41263.6
41269.2
41275.1
41281.4
41287.9
41294.8
41301.9
41309.3
41317
41324.9
41333
41341.3
41349.8
41358.5
41367.3
41376.2
41385.2
41394.2
41403.3
41412.5
41421.6
41430.7
41439.7
41448.7
41457.5
41466.1
41474.6
41482.8
41490.8
41498.5
41505.8
41512.7
41519.3
41525.4
41531.1
41536.2
41540.9
41545.1
41548.7
41551.8
41554.3
41556.3
41557.7
41558.6
41558.9
41558.7
41557.9
41556.6
41554.8
41552.4
41549.6
41546.2
41542.4
41538.1
41533.4
41528.2
41522.7
41516.7
41510.4
41503.7
41496.8
41489.5
41482
41474.2
41466.2
41458
41449.6
41441.1
41432.5
41423.8
41415
41406.2
41397.4
41388.7
41379.9
41371.3
41362.7
41354.3
41346
41337.9
41330
41322.4
41314.9
41307.7
41300.8
41294.2
41287.9
41281.9
41276.2
41270.9
41265.8
41261.1
41256.7
41252.6
41248.7
41245.1
41241.8
41238.7
41235.8
41233.2
41230.8
41228.7
41226.7
41225.1
41223.7
41222.6
41221.7
41221.1
41220.9
41220.9
41221.2
41221.8
41222.8
41224
41225.6
41227.5
41229.7
41232.3
41235.1
41238.3
41241.8
41245.6
41249.7
41254.1
41258.8
41263.8
41269.1
41274.6
41280.5
41286.5
41292.8
41299.3
41306.1
41313
41320.1
41327.4
41334.9
41342.5
41350.2
41358
41365.9
41373.9
41381.9
41389.9
41398
41406
41414
41422
41429.9
41437.7
41445.4
41452.9
41460.2
41467.4
41474.3
41481
41487.4
41493.5
41499.2
41504.6
41509.6
41514.1
41518.3
41522
41525.2
41527.9
41530.2
41532
41533.3
41534.2
41534.5
41534.4
41533.9
41532.9
41531.5
41529.7
41527.5
41524.8
41521.9
41518.5
41514.9
41510.9
41506.6
41502.1
41497.3
41492.3
41487
41481.6
41476
41470.3
41464.4
41458.4
41452.4
41446.3
41440.1
41433.9
41427.7
41421.6
41415.4
41409.3
41403.3
41397.3
41391.5
41385.8
41380.1
41374.7
41369.4
41364.2
41359.2
41354.4
41349.8
41345.4
41341.2
41337.2
41333.3
41329.7
41326.3
41323.1
41320
41317.1
41314.4
41311.9
41309.4
41307.1
41304.9
41302.8
41300.8
41298.8
41297
41295.2
41293.6
41292
41290.5
41289.1
41287.9
41286.7
41285.7
41284.8
41284
41283.4
41283
41282.6
41282.5
41282.6
41282.8
41283.2
41283.8
41284.5
41285.5
41286.7
41288.1
41289.7
41291.5
41293.6
41295.8
41298.3
41300.9
41303.8
41306.9
41310.2
41313.7
41317.3
41321.2
41325.2
41329.4
41333.8
41338.3
41343
41347.8
41352.6
41357.6
41362.7
41367.9
41373.1
41378.3
41383.6
41388.9
41394.3
41399.5
41404.8
41410
41415.1
41420.2
41425
41429.8
41434.4
41438.7
41442.9
41446.7
41450.3
41453.6
41456.5
41459.1
41461.3
41463.1
41464.6
41465.6
41466.2
41466.5
41466.4
41465.9
41465
41463.8
41462.2
41460.3
41458.1
41455.6
41452.9
41449.8
41446.6
41443.1
41439.4
41435.5
41431.5
41427.3
41423
41418.6
41414.1
41409.6
41405
41400.3
41395.7
41391
41386.4
41381.8
41377.3
41372.8
41368.4
41364.1
41359.9
41355.8
41351.9
41348.1
41344.4
41340.9
41337.6
41334.5
41331.5
41328.7
41326.1
41323.7
41321.5
41319.5
41317.7
41316.1
41314.7
41313.5
41312.4
41311.6
41311
41310.6
41310.4
41310.3
41310.5
41310.8
41311.3
41311.9
41312.8
41313.8
41315
41316.3
41317.8
41319.4
41321.2
41323.1
41325.2
41327.3
41329.7
41332.1
41334.7
41337.4
41340.2
41343.2
41346.2
41349.4
41352.6
41355.9
41359.4
41362.8
41366.4
41370
41373.7
41377.4
41381.2
41384.9
41388.7
41392.5
41396.2
41399.9
41403.6
41407.2
41410.8
41414.3
41417.6
41420.9
41424.1
41427.1
41430
41432.7
41435.3
41437.7
41440
41442.1
41444
41445.7
41447.2
41448.6
41449.8
41450.8
41451.6
41452.2
41452.6
41452.9
41453
41452.8
41452.5
41452.1
41451.4
41450.6
41449.6
41448.5
41447.1
41445.7
41444.1
41442.3
41440.4
41438.4
41436.2
41433.9
41431.5
41429
41426.4
41423.7
41420.9
41418
41415.1
41412.1
41409
41405.9
41402.8
41399.6
41396.4
41393.2
41389.9
41386.7
41383.5
41380.3
41377.1
41373.9
41370.8
41367.7
41364.7
41361.7
41358.8
41355.9
41353.1
41350.4
41347.8
41345.2
41342.8
41340.4
41338.2
41336
41334
41332
41330.2
41328.5
41326.9
41325.4
41324
41322.7
41321.6
41320.5
41319.6
41318.8
41318.1
41317.6
41317.1
41316.7
41316.4
41316.3
41316.2
41316.2
41316.3
41316.5
41316.8
41317.1
41317.6
41318
41318.6
41319.2
41319.9
41320.6
41321.3
41322.1
41323
41323.9
41324.8
41325.8
41326.8
41327.8
41328.9
41330
41331.2
41332.4
41333.6
41334.9
41336.2
41337.5
41338.9
41340.3
41341.8
41343.3
41344.9
41346.5
41348.1
41349.8
41351.5
41353.3
41355.1
41356.9
41358.8
41360.7
41362.6
41364.5
41366.5
41368.5
41370.5
41372.6
41374.7
41376.7
41378.8
41380.9
41383
41385.2
41387.3
41389.4
41391.5
41393.7
41395.8
41397.9
41400
41402.1
41404.1
41406.2
41408.2
41410.2
41412.1
41414.1
41416
41417.8
41419.6
41421.4
41423.2
41425
41426.7
41428.4
41430.1
41431.8
41433.5
41435.2
41437
41438.8
41440.7
41442.6
41444.6
41446.8
41449
41451.3
41453.8
41456.3
41458.8
41461.3
41463.7
41465.8
41467.7
41469.1
41470
41470.4
41470.2
41469.5
41468.3
41466.6
41464.4
41461.9
41459.1
41456
41452.6
41449.1
41445.3
41441.4
41437.4
41433.2
41428.9
41424.6
41420.2
41415.8
41411.4
41406.9
41402.5
41398.2
41393.8
41389.6
41385.4
41381.3
41377.3
41373.4
41369.6
41366
41362.4
41359.1
41355.9
41352.8
41349.9
41347.2
41344.7
41342.4
41340.2
41338.3
41336.5
41335
41333.6
41332.5
41331.5
41330.7
41330.1
41329.7
41329.5
41329.5
41329.6
41329.9
41330.3
41330.9
41331.7
41332.5
41333.5
41334.6
41335.9
41337.1
41338.5
41339.9
41341.4
41342.9
41344.4
41345.9
41347.5
41349
41350.4
41351.9
41353.2
41354.6
41355.8
41357
41358.1
41359.2
41360.1
41361
41361.8
41362.6
41363.3
41363.9
41364.4
41364.9
41365.4
41365.8
41366.1
41366.5
41366.8
41367
41367.3
41367.5
41367.7
41367.9
41368.1
41368.2
41368.4
41368.6
41368.8
41369
41369.2
41369.5
41369.7
41370
41370.3
41370.7
41371
41371.4
41371.8
41372.2
41372.7
41373.1
41373.6
41374.1
41374.6
41375.2
41375.7
41376.2
41376.8
41377.3
41377.8
41378.3
41378.8
41379.2
41379.7
41380
41380.4
41380.7
41381
41381.2
41381.4
41381.5
41381.6
41381.6
41381.5
41381.4
41381.2
41381
41380.7
41380.4
41380
41379.6
41379.2
41378.7
41378.1
41377.6
41377
41376.4
41375.8
41375.2
41374.6
41374
41373.5
41372.9
41372.4
41372
41371.5
41371.2
41370.9
41370.6
41370.4
41370.3
41370.3
41370.3
41370.4
41370.6
41370.9
41371.3
41371.8
41372.3
41373
41373.7
41374.5
41375.4
41376.4
41377.5
41378.6
41379.8
41381.1
41382.5
41383.9
41385.4
41386.9
41388.4
41390
41391.5
41393.1
41394.6
41396
41397.4
41398.8
41400
41401.2
41402.2
41403.1
41403.9
41404.6
41405.1
41405.6
41405.8
41406
41406
41405.9
41405.7
41405.4
41404.9
41404.4
41403.7
41403
41402.2
41401.3
41400.3
41399.3
41398.2
41397
41395.8
41394.6
41393.3
41392.1
41390.8
41389.5
41388.2
41387
41385.7
41384.5
41383.3
41382.2
41381.1
41380.1
41379.1
41378.2
41377.4
41376.6
41375.9
41375.3
41374.8
41374.3
41374
41373.7
41373.4
41373.3
41373.2
41373.2
41373.3
41373.4
41373.6
41373.8
41374
41374.3
41374.6
41374.9
41375.2
41375.5
41375.8
41376.1
41376.3
41376.4
41376.5
41376.6
41376.5
41376.4
41376.2
41375.9
41375.6
41375.1
41374.5
41373.9
41373.2
41372.4
41371.6
41370.7
41369.7
41368.7
41367.6
41366.5
41365.4
41364.3
41363.1
41362
41360.8
41359.7
41358.6
41357.6
41356.6
41355.6
41354.7
41353.9
41353.1
41352.4
41351.8
41351.3
41350.9
41350.5
41350.3
41350.2
41350.1
41350.2
41350.3
41350.6
41351
41351.5
41352
41352.7
41353.5
41354.3
41355.2
41356.3
41357.3
41358.5
41359.7
41361
41362.3
41363.7
41365.1
41366.5
41368
41369.4
41370.9
41372.3
41373.7
41375.1
41376.5
41377.7
41379
41380.2
41381.3
41382.3
41383.2
41384.1
41384.8
41385.5
41386.1
41386.6
41386.9
41387.2
41387.4
41387.6
41387.6
41387.5
41387.4
41387.2
41386.9
41386.6
41386.2
41385.8
41385.4
41384.8
41384.3
41383.7
41383.2
41382.6
41382
41381.4
41380.8
41380.2
41379.6
41379
41378.4
41377.9
41377.4
41376.9
41376.5
41376.1
41375.7
41375.4
41375.1
41374.8
41374.6
41374.4
41374.3
41374.2
41374.2
41374.2
41374.2
41374.3
41374.4
41374.6
41374.8
41375
41375.3
41375.6
41375.9
41376.2
41376.6
41377
41377.4
41377.9
41378.3
41378.8
41379.2
41379.7
41380.2
41380.6
41381.1
41381.6
41382
41382.5
41382.9
41383.4
41383.8
41384.2
41384.6
41384.9
41385.3
41385.6
41385.9
41386.2
41386.4
41386.7
41386.9
41387.1
41387.2
41387.4
41387.5
41387.7
41387.8
41387.9
41387.9
41388
41388.1
41388.1
41388.1
41388.1
41388.1
41388.1
41388.1
41388.1
41388.1
41388
41388
41387.9
41387.9
41387.8
41387.7
41387.6
41387.5
41387.4
41387.2
41387.1
41386.9
41386.7
41386.5
41386.3
41386.1
41385.8
41385.5
41385.2
41384.9
41384.6
41384.2
41383.8
41383.4
41382.9
41382.4
41381.9
41381.4
41380.8
41380.3
41379.7
41379
41378.3
41377.7
41376.9
41376.2
41375.4
41374.7
41373.9
41373.1
41372.2
41371.4
41370.5
41369.7
41368.8
41368
41367.1
41366.3
41365.4
41364.6
41363.8
41363
41362.2
41361.4
41360.7
41360
41359.4
41358.7
41358.2
41357.6
41357.1
41356.7
41356.3
41355.9
41355.6
41355.4
41355.2
41355.1
41355
41355
41355
41355.1
41355.3
41355.5
41355.8
41356.1
41356.5
41356.9
41357.4
41357.9
41358.5
41359.2
41359.8
41360.6
41361.3
41362.1
41363
41363.9
41364.8
41365.7
41366.6
41367.6
41368.6
41369.6
41370.6
41371.6
41372.6
41373.7
41374.7
41375.7
41376.6
41377.6
41378.5
41379.4
41380.3
41381.1
41382
41382.7
41383.5
41384.1
41384.8
41385.4
41385.9
41386.4
41386.9
41387.3
41387.6
41387.9
41388.2
41388.4
41388.6
41388.7
41388.7
41388.8
41388.7
41388.7
41388.6
41388.4
41388.3
41388.1
41387.8
41387.5
41387.3
41386.9
41386.6
41386.2
41385.8
41385.4
41385
41384.6
41384.1
41383.7
41383.2
41382.7
41382.3
41381.8
41381.3
41380.9
41380.4
41380
41379.5
41379.1
41378.7
41378.3
41377.9
41377.5
41377.2
41376.8
41376.5
41376.3
41376
41375.8
41375.6
41375.4
41375.2
41375.1
41375
41375
41374.9
41374.9
41374.9
41375
41375
41375.1
41375.2
41375.3
41375.3
41375.4
41375.5
41375.6
41375.6
41375.7
41375.7
41375.7
41375.6
41375.6
41375.5
41375.3
41375.2
41375
41374.8
41374.6
41374.4
41374.1
41373.8
41373.6
41373.3
41373
41372.7
41372.4
41372.1
41371.9
41371.7
41371.4
41371.2
41371.1
41370.9
41370.8
41370.7
41370.7
41370.7
41370.7
41370.8
41371
41371.1
41371.3
41371.6
41371.9
41372.2
41372.6
41373
41373.5
41374
41374.6
41375.2
41375.8
41376.4
41377.1
41377.8
41378.5
41379.3
41380
41380.8
41381.6
41382.4
41383.2
41384
41384.7
41385.5
41386.3
41387
41387.7
41388.4
41389
41389.6
41390.2
41390.7
41391.2
41391.7
41392.1
41392.4
41392.7
41393
41393.2
41393.3
41393.4
41393.4
41393.4
41393.3
41393.2
41393
41392.8
41392.6
41392.2
41391.9
41391.5
41391.1
41390.6
41390.1
41389.6
41389
41388.5
41387.9
41387.3
41386.6
41386
41385.3
41384.7
41384
41383.3
41382.7
41382
41381.3
41380.6
41379.9
41379.2
41378.5
41377.8
41377.1
41376.3
41375.6
41374.8
41374
41373.2
41372.4
41371.6
41370.7
41369.8
41368.9
41367.9
41367
41365.9
41364.9
41363.9
41362.8
41361.7
41360.6
41359.5
41358.4
41357.3
41356.2
41355.1
41354
41353
41352
41350.9
41350
41349
41348.2
41347.3
41346.5
41345.8
41345.1
41344.5
41344
41343.5
41343.1
41342.8
41342.6
41342.4
41342.4
41342.4
41342.5
41342.8
41343.1
41343.6
41344.1
41344.8
41345.5
41346.4
41347.4
41348.4
41349.6
41350.9
41352.3
41353.8
41355.3
41357
41358.8
41360.6
41362.6
41364.6
41366.8
41369
41371.3
41373.7
41376.1
41378.7
41381.3
41384
41386.8
41389.7
41392.6
41395.6
41398.7
41401.8
41405
41408.2
41411.5
41414.7
41417.9
41421
41424.1
41426.9
41429.7
41432.2
41434.5
41436.5
41438.2
41439.7
41440.8
41441.7
41442.2
41442.5
41442.5
41442.1
41441.6
41440.8
41439.7
41438.4
41437
41435.3
41433.5
41431.5
41429.4
41427.2
41424.9
41422.4
41419.9
41417.3
41414.7
41412
41409.2
41406.5
41403.7
41400.9
41398.1
41395.4
41392.6
41389.9
41387.2
41384.5
41381.9
41379.3
41376.8
41374.3
41372
41369.7
41367.4
41365.3
41363.2
41361.3
41359.4
41357.6
41356
41354.4
41353
41351.6
41350.4
41349.2
41348.2
41347.3
41346.4
41345.7
41345
41344.5
41344.1
41343.7
41343.4
41343.3
41343.2
41343.2
41343.3
41343.5
41343.8
41344.2
41344.7
41345.3
41346
41346.8
41347.7
41348.8
41349.9
41351.2
41352.7
41354.2
41356
41357.8
41359.8
41361.9
41364.1
41366.4
41368.7
41371.1
41373.6
41376
41378.4
41380.7
41383
41385.1
41387.1
41388.9
41390.6
41392.2
41393.6
41394.8
41391.8
41390
41388.7
41387.7
41386.9
41386.3
41385.9
41385.6
41385.4
41385.3
41385.3
41385.2
41385.2
41385.2
41385.2
41385.2
41385.3
41385.4
41385.6
41385.9
41386.2
41386.5
41387
41387.4
41387.9
41388.4
41388.9
41389.4
41389.9
41390.4
41391
41391.5
41392
41392.5
41392.9
41393.4
41393.8
41394.2
41394.5
41394.9
41395.1
41395.4
41395.5
41395.7
41395.7
41395.7
41395.7
41395.6
41395.4
41395.2
41394.8
41394.5
41394
41393.5
41392.9
41392.3
41391.6
41390.8
41389.9
41389
41388
41387
41385.9
41384.7
41383.5
41382.3
41381
41379.8
41378.5
41377.2
41375.9
41374.7
41373.4
41372.2
41371
41369.9
41368.7
41367.7
41366.7
41365.7
41364.8
41363.9
41363.1
41362.3
41361.6
41361
41360.4
41359.8
41359.3
41358.9
41358.5
41358.2
41357.9
41357.7
41357.5
41357.4
41357.3
41357.3
41357.4
41357.5
41357.6
41357.8
41358
41358.3
41358.7
41359
41359.5
41359.9
41360.4
41360.9
41361.5
41362.1
41362.8
41363.4
41364.1
41364.9
41365.6
41366.4
41367.2
41368
41368.9
41369.7
41370.6
41371.5
41372.4
41373.3
41374.3
41375.2
41376.1
41377.1
41378
41378.9
41379.8
41380.8
41381.7
41382.5
41383.4
41384.3
41385.1
41385.9
41386.7
41387.5
41388.3
41389
41389.7
41390.3
41391
41391.6
41392.1
41392.7
41393.2
41393.6
41394
41394.4
41394.7
41395
41395.3
41395.5
41395.6
41395.7
41395.8
41395.8
41395.7
41395.6
41395.5
41395.3
41395
41394.7
41394.3
41393.9
41393.5
41392.9
41392.4
41391.8
41391.1
41390.5
41389.7
41389
41388.2
41387.4
41386.5
41385.7
41384.8
41383.9
41382.9
41382
41381.1
41380.1
41379.2
41378.2
41377.2
41376.3
41375.3
41374.3
41373.4
41372.4
41371.5
41370.5
41369.6
41368.7
41367.8
41366.8
41365.9
41365
41364.2
41363.3
41362.4
41361.6
41360.8
41360
41359.2
41358.4
41357.7
41357
41356.3
41355.7
41355
41354.5
41353.9
41353.5
41353
41352.6
41352.3
41352
41351.7
41351.6
41351.4
41351.4
41351.4
41351.4
41351.5
41351.7
41351.9
41352.2
41352.6
41353
41353.5
41354
41354.6
41355.3
41356
41356.7
41357.5
41358.4
41359.3
41360.2
41361.2
41362.2
41363.2
41364.2
41365.3
41366.4
41367.5
41368.6
41369.7
41370.9
41372
41373.2
41374.3
41375.4
41376.5
41377.7
41378.8
41379.8
41380.9
41382
41383
41384
41385
41386
41386.9
41387.8
41388.7
41389.5
41390.3
41391.1
41391.9
41392.6
41393.3
41394
41394.6
41395.2
41395.7
41396.2
41396.7
41397.1
41397.5
41397.9
41398.2
41398.5
41398.7
41398.9
41399
41399.1
41399.2
41399.2
41399.1
41399
41398.9
41398.7
41398.4
41398.2
41397.8
41397.4
41397
41396.5
41396
41395.4
41394.8
41394.1
41393.4
41392.7
41391.9
41391.1
41390.3
41389.4
41388.5
41387.6
41386.7
41385.7
41384.7
41383.8
41382.8
41381.7
41380.7
41379.7
41378.7
41377.7
41376.7
41375.7
41374.8
41373.8
41372.8
41371.9
41371
41370.1
41369.3
41368.4
41367.6
41366.8
41366.1
41365.3
41364.6
41364
41363.3
41362.7
41362.2
41361.6
41361.2
41360.7
41360.3
41359.9
41359.5
41359.2
41358.9
41358.6
41358.4
41358.2
41358.1
41358
41357.9
41357.8
41357.8
41357.9
41357.9
41358
41358.1
41358.3
41358.5
41358.7
41358.9
41359.2
41359.5
41359.9
41360.3
41360.7
41361.1
41361.5
41362
41362.5
41363.1
41363.6
41364.2
41364.8
41365.4
41366.1
41366.7
41367.4
41368.1
41368.8
41369.5
41370.2
41370.9
41371.7
41372.4
41373.2
41373.9
41374.6
41375.4
41376.1
41376.8
41377.6
41378.3
41379
41379.6
41380.3
41381
41381.6
41382.2
41382.8
41383.3
41383.8
41384.3
41384.8
41385.3
41385.7
41386
41386.4
41386.7
41386.9
41387.2
41387.4
41387.5
41387.7
41387.7
41387.8
41387.8
41387.8
41387.7
41387.6
41387.5
41387.3
41387.1
41386.8
41386.6
41386.3
41386
41385.6
41385.2
41384.8
41384.4
41384
41383.5
41383
41382.5
41382
41381.5
41381
41380.5
41379.9
41379.4
41378.8
41378.3
41377.8
41377.2
41376.7
41376.2
41375.7
41375.2
41374.7
41374.3
41373.8
41373.4
41372.9
41372.6
41372.2
41371.8
41371.5
41371.2
41370.9
41370.6
41370.4
41370.2
41370
41369.8
41369.7
41369.5
41369.4
41369.4
41369.3
41369.3
41369.3
41369.3
41369.4
41369.5
41369.6
41369.7
41369.8
41370
41370.1
41370.3
41370.5
41370.8
41371
41371.3
41371.5
41371.8
41372.1
41372.4
41372.7
41373
41373.4
41373.7
41374
41374.4
41374.7
41375.1
41375.4
41375.8
41376.2
41376.5
41376.8
41377.2
41377.5
41377.9
41378.2
41378.5
41378.8
41379.1
41379.4
41379.7
41380
41380.3
41380.5
41380.8
41381
41381.2
41381.4
41381.6
41381.8
41381.9
41382.1
41382.2
41382.3
41382.4
41382.5
41382.6
41382.6
41382.7
41382.7
41382.7
41382.6
41382.6
41382.6
41382.5
41382.4
41382.3
41382.2
41382.1
41381.9
41381.7
41381.6
41381.4
41381.2
41380.9
41380.7
41380.5
41380.2
41379.9
41379.7
41379.4
41379.1
41378.8
41378.4
41378.1
41377.8
41377.4
41377.1
41376.7
41376.4
41376
41375.7
41375.3
41374.9
41374.6
41374.2
41373.9
41373.5
41373.1
41372.8
41372.4
41372.1
41371.8
41371.4
41371.1
41370.8
41370.5
41370.2
41369.9
41369.7
41369.4
41369.1
41368.9
41368.7
41368.5
41368.3
41368.1
41367.9
41367.8
41367.6
41367.5
41367.4
41367.3
41367.2
41367.2
41367.1
41367.1
41367.1
41367.1
41367.1
41367.1
41367.2
41367.2
41367.3
41367.4
41367.5
41367.6
41367.7
41367.8
41368
41368.1
41368.3
41368.5
41368.7
41368.9
41369.1
41369.3
41369.5
41369.8
41370
41370.3
41370.5
41370.8
41371
41371.3
41371.6
41371.8
41372.1
41372.4
41372.7
41373
41373.3
41373.6
41373.9
41374.2
41374.5
41374.8
41375
41375.3
41375.6
41375.9
41376.2
41376.5
41376.8
41377.1
41377.4
41377.7
41377.9
41378.2
41378.5
41378.7
41379
41379.3
41379.5
41379.8
41380
41380.3
41380.5
41380.7
41380.9
41381.2
41381.4
41381.6
41381.8
41382
41382.1
41382.3
41382.5
41382.6
41382.8
41382.9
41383.1
41383.2
41383.3
41383.4
41383.5
41383.6
41383.7
41383.8
41383.8
41383.9
41383.9
41383.9
41384
41384
41384
41384
41383.9
41383.9
41383.9
41383.8
41383.8
41383.7
41383.6
41383.6
41383.5
41383.4
41383.2
41383.1
41383
41382.8
41382.7
41382.5
41382.4
41382.2
41382
41381.8
41381.6
41381.4
41381.2
41381
41380.8
41380.6
41380.4
41380.1
41379.9
41379.6
41379.4
41379.1
41378.9
41378.6
41378.4
41378.1
41377.9
41377.6
41377.3
41377.1
41376.8
41376.5
41376.3
41376
41375.7
41375.5
41375.2
41374.9
41374.7
41374.4
41374.2
41373.9
41373.7
41373.4
41373.2
41373
41372.7
41372.5
41372.3
41372.1
41371.9
41371.7
41371.5
41371.3
41371.1
41370.9
41370.7
41370.5
41370.4
41370.2
41370.1
41369.9
41369.8
41369.6
41369.5
41369.4
41369.3
41369.2
41369.1
41369
41368.9
41368.8
41368.7
41368.7
41368.6
41368.6
41368.5
41368.5
41368.4
41368.4
41368.4
41368.4
41368.4
41368.4
41368.4
41368.4
41368.4
41368.4
41368.4
41368.5
41368.5
41368.5
41368.6
41368.7
41368.7
41368.8
41368.9
41368.9
41369
41369.1
41369.2
41369.3
41369.4
41369.5
41369.6
41369.8
41369.9
41370
41370.1
41370.3
41370.4
41370.6
41370.7
41370.9
41371.1
41371.2
41371.4
41371.6
41371.8
41372
41372.2
41372.4
41372.6
41372.8
41373
41373.2
41373.5
41373.7
41373.9
41374.2
41374.4
41374.7
41374.9
41375.2
41375.4
41375.7
41376
41376.2
41376.5
41376.8
41377
41377.3
41377.6
41377.9
41378.1
41378.4
41378.7
41379
41379.2
41379.5
41379.8
41380
41380.3
41380.6
41380.8
41381.1
41381.3
41381.6
41381.8
41382
41382.3
41382.5
41382.7
41382.9
41383.1
41383.3
41383.5
41383.6
41383.8
41383.9
41384.1
41384.2
41384.3
41384.4
41384.5
41384.6
41384.6
41384.7
41384.7
41384.8
41384.8
41384.8
41384.8
41384.8
41384.7
41384.7
41384.6
41384.5
41384.5
41384.4
41384.3
41384.1
41384
41383.8
41383.7
41383.5
41383.3
41383.1
41382.9
41382.7
41382.5
41382.3
41382.1
41381.8
41381.6
41381.3
41381
41380.8
41380.5
41380.2
41379.9
41379.6
41379.3
41379.1
41378.8
41378.5
41378.2
41377.9
41377.6
41377.3
41377
41376.7
41376.4
41376.1
41375.8
41375.6
41375.3
41375
41374.7
41374.5
41374.2
41374
41373.7
41373.5
41373.3
41373.1
41372.8
41372.6
41372.4
41372.2
41372.1
41371.9
41371.7
41371.6
41371.4
41371.3
41371.1
41371
41370.9
41370.8
41370.7
41370.6
41370.5
41370.5
41370.4
41370.3
41370.3
41370.2
41370.2
41370.1
41370.1
41370.1
41370.1
41370.1
41370.1
41370.1
41370.1
41370.1
41370.1
41370.1
41370.1
41370.1
41370.2
41370.2
41370.2
41370.2
41370.3
41370.3
41370.3
41370.4
41370.4
41370.4
41370.5
41370.5
41370.5
41370.6
41370.6
41370.7
41370.7
41370.7
41370.8
41370.8
41370.8
41370.9
41370.9
41370.9
41371
41371
41371
41371.1
41371.1
41371.1
41371.2
41371.2
41371.2
41371.3
41371.3
41371.3
41371.4
41371.4
41371.4
41371.5
41371.5
41371.6
41371.6
41371.7
41371.8
41371.8
41371.9
41372
41372
41372.1
41372.2
41372.3
41372.4
41372.5
41372.6
41372.7
41372.8
41372.9
41373
41373.2
41373.3
41373.5
41373.6
41373.8
41373.9
41374.1
41374.3
41374.5
41374.7
41374.9
41375.1
41375.3
41375.5
41375.7
41376
41376.2
41376.4
41376.7
41376.9
41377.2
41377.4
41377.7
41377.9
41378.2
41378.5
41378.7
41379
41379.3
41379.5
41379.8
41380.1
41380.4
41380.6
41380.9
41381.2
41381.4
41381.7
41382
41382.2
41382.5
41382.7
41383
41383.2
41383.4
41383.7
41383.9
41384.1
41384.3
41384.5
41384.6
41384.8
41385
41385.1
41385.3
41385.4
41385.5
41385.6
41385.7
41385.8
41385.9
41385.9
41386
41386
41386
41386
41386
41386
41385.9
41385.9
41385.8
41385.7
41385.6
41385.5
41385.4
41385.2
41385
41384.9
41384.7
41384.5
41384.3
41384
41383.8
41383.5
41383.3
41383
41382.7
41382.4
41382.1
41381.8
41381.4
41381.1
41380.7
41380.4
41380
41379.6
41379.2
41378.8
41378.4
41378
41377.6
41377.2
41376.8
41376.3
41375.9
41375.5
41375
41374.6
41374.2
41373.7
41373.3
41372.9
41372.5
41372
41371.6
41371.2
41370.8
41370.4
41370
41369.6
41369.2
41368.9
41368.5
41368.1
41367.8
41367.5
41367.1
41366.8
41366.5
41366.2
41365.9
41365.7
41365.4
41365.2
41365
41364.8
41364.6
41364.4
41364.2
41364.1
41364
41363.9
41363.8
41363.7
41363.6
41363.6
41363.6
41363.6
41363.6
41363.6
41363.6
41363.7
41363.8
41363.9
41364
41364.1
41364.2
41364.4
41364.6
41364.7
41365
41365.2
41365.4
41365.6
41365.9
41366.2
41366.5
41366.8
41367.1
41367.4
41367.7
41368.1
41368.4
41368.8
41369.2
41369.6
41370
41370.4
41370.8
41371.2
41371.6
41372
41372.4
41372.8
41373.3
41373.7
41374.1
41374.6
41375
41375.4
41375.9
41376.3
41376.7
41377.1
41377.6
41378
41378.4
41378.8
41379.2
41379.6
41379.9
41380.3
41380.7
41381
41381.4
41381.7
41382
41382.4
41382.7
41382.9
41383.2
41383.5
41383.7
41384
41384.2
41384.4
41384.6
41384.8
41384.9
41385.1
41385.2
41385.4
41385.5
41385.5
41385.6
41385.7
41385.7
41385.8
41385.8
41385.8
41385.8
41385.7
41385.7
41385.6
41385.5
41385.5
41385.4
41385.2
41385.1
41385
41384.8
41384.7
41384.5
41384.3
41384.1
41383.9
41383.7
41383.5
41383.2
41383
41382.8
41382.5
41382.2
41382
41381.7
41381.4
41381.2
41380.9
41380.6
41380.3
41380
41379.7
41379.4
41379.1
41378.8
41378.6
41378.3
41378
41377.7
41377.4
41377.1
41376.8
41376.6
41376.3
41376
41375.8
41375.5
41375.3
41375
41374.8
41374.6
41374.4
41374.2
41373.9
41373.8
41373.6
41373.4
41373.2
41373
41372.9
41372.7
41372.6
41372.5
41372.3
41372.2
41372.1
41372
41371.9
41371.9
41371.8
41371.7
41371.7
41371.6
41371.6
41371.6
41371.5
41371.5
41371.5
41371.5
41371.5
41371.5
41371.5
41371.5
41371.6
41371.6
41371.6
41371.7
41371.7
41371.7
41371.8
41371.8
41371.9
41371.9
41372
41372.1
41372.1
41372.2
41372.3
41372.3
41372.4
41372.5
41372.5
41372.6
41372.7
41372.7
41372.8
41372.8
41372.9
41373
41373
41373.1
41373.1
41373.2
41373.3
41373.3
41373.4
41373.4
41373.4
41373.5
41373.5
41373.6
41373.6
41373.6
41373.6
41373.7
41373.7
41373.7
41373.7
41373.7
41373.8
41373.8
41373.8
41373.8
41373.8
41373.8
41373.8
41373.8
41373.8
41373.8
41373.8
41373.8
41373.8
41373.8
41373.8
41373.8
41373.8
41373.8
41373.8
41373.8
41373.8
41373.8
41373.8
41373.8
41373.8
41373.8
41373.8
41373.9
41373.9
41373.9
41373.9
41373.9
41374
41374
41374
41374.1
41374.1
41374.1
41374.2
41374.2
41374.3
41374.4
41374.4
41374.5
41374.5
41374.6
41374.7
41374.8
41374.9
41375
41375.1
41375.1
41375.2
41375.4
41375.5
41375.6
41375.7
41375.8
41375.9
41376.1
41376.2
41376.3
41376.5
41376.6
41376.7
41376.9
41377
41377.2
41377.3
41377.4
41377.6
41377.7
41377.9
41378
41378.2
41378.3
41378.5
41378.6
41378.8
41378.9
41379.1
41379.2
41379.4
41379.5
41379.6
41379.8
41379.9
41380
41380.1
41380.3
41380.4
41380.5
41380.6
41380.7
41380.8
41380.8
41380.9
41381
41381.1
41381.1
41381.2
41381.2
41381.3
41381.3
41381.3
41381.3
41381.4
41381.4
41381.4
41381.3
41381.3
41381.3
41381.3
41381.2
41381.2
41381.1
41381
41380.9
41380.9
41380.8
41380.7
41380.6
41380.4
41380.3
41380.2
41380
41379.9
41379.7
41379.6
41379.4
41379.2
41379.1
41378.9
41378.7
41378.5
41378.3
41378.1
41377.9
41377.7
41377.5
41377.2
41377
41376.8
41376.6
41376.4
41376.1
41375.9
41375.7
41375.4
41375.2
41375
41374.8
41374.5
41374.3
41374.1
41373.9
41373.7
41373.4
41373.2
41373
41372.8
41372.6
41372.4
41372.3
41372.1
41371.9
41371.7
41371.6
41371.4
41371.3
41371.1
41371
41370.9
41370.8
41370.6
41370.5
41370.4
41370.4
41370.3
41370.2
41370.2
41370.1
41370.1
41370
41370
41370
41370
41370
41370
41370
41370
41370.1
41370.1
41370.1
41370.2
41370.3
41370.3
41370.4
41370.5
41370.6
41370.7
41370.8
41370.9
41371
41371.2
41371.3
41371.4
41371.6
41371.7
41371.9
41372
41372.2
41372.3
41372.5
41372.7
41372.8
41373
41373.2
41373.3
41373.5
41373.7
41373.9
41374
41374.2
41374.4
41374.6
41374.7
41374.9
41375.1
41375.2
41375.4
41375.6
41375.7
41375.9
41376
41376.2
41376.3
41376.5
41376.6
41376.8
41376.9
41377
41377.1
41377.3
41377.4
41377.5
41377.6
41377.7
41377.8
41377.9
41378
41378
41378.1
41378.2
41378.2
41378.3
41378.4
41378.4
41378.5
41378.5
41378.5
41378.6
41378.6
41378.6
41378.6
41378.6
41378.6
41378.6
41378.6
41378.6
41378.6
41378.6
41378.6
41378.5
41378.5
41378.5
41378.5
41378.4
41378.4
41378.3
41378.3
41378.3
41378.2
41378.2
41378.1
41378.1
41378
41378
41377.9
41377.9
41377.8
41377.7
41377.7
41377.6
41377.6
41377.5
41377.5
41377.4
41377.4
41377.3
41377.3
41377.2
41377.2
41377.1
41377.1
41377
41377
41376.9
41376.9
41376.8
41376.8
41376.8
41376.7
41376.7
41376.7
41376.7
41376.6
41376.6
41376.6
41376.6
41376.6
41376.5
41376.5
41376.5
41376.5
41376.5
41376.5
41376.5
41376.5
41376.5
41376.5
41376.5
41376.5
41376.5
41376.5
41376.5
41376.5
41376.5
41376.6
41376.6
41376.6
41376.6
41376.6
41376.6
41376.6
41376.6
41376.6
41376.6
41376.7
41376.7
41376.7
41376.7
41376.7
41376.7
41376.7
41376.7
41376.7
41376.7
41376.7
41376.6
41376.6
41376.6
41376.6
41376.6
41376.6
41376.5
41376.5
41376.5
41376.4
41376.4
41376.4
41376.3
41376.3
41376.2
41376.2
41376.1
41376.1
41376
41375.9
41375.9
41375.8
41375.7
41375.7
41375.6
41375.5
41375.4
41375.3
41375.3
41375.2
41375.1
41375
41374.9
41374.8
41374.7
41374.6
41374.5
41374.4
41374.3
41374.2
41374.1
41374
41373.9
41373.8
41373.7
41373.6
41373.5
41373.4
41373.3
41373.3
41373.2
41373.1
41373
41372.9
41372.8
41372.7
41372.7
41372.6
41372.5
41372.5
41372.4
41372.3
41372.3
41372.2
41372.2
41372.1
41372.1
41372.1
41372
41372
41372
41372
41372
41372
41372
41372
41372
41372
41372
41372.1
41372.1
41372.2
41372.2
41372.2
41372.3
41372.4
41372.4
41372.5
41372.6
41372.7
41372.7
41372.8
41372.9
41373
41373.1
41373.2
41373.4
41373.5
41373.6
41373.7
41373.9
41374
41374.1
41374.3
41374.4
41374.5
41374.7
41374.8
41375
41375.1
41375.3
41375.4
41375.6
41375.8
41375.9
41376.1
41376.2
41376.4
41376.5
41376.7
41376.8
41377
41377.2
41377.3
41377.5
41377.6
41377.8
41377.9
41378
41378.2
41378.3
41378.5
41378.6
41378.7
41378.8
41379
41379.1
41379.2
41379.3
41379.4
41379.5
41379.6
41379.7
41379.8
41379.8
41379.9
41380
41380
41380.1
41380.2
41380.2
41380.2
41380.3
41380.3
41380.3
41380.4
41380.4
41380.4
41380.4
41380.4
41380.4
41380.4
41380.3
41380.3
41380.3
41380.2
41380.2
41380.1
41380.1
41380
41380
41379.9
41379.8
41379.7
41379.6
41379.6
41379.5
41379.4
41379.3
41379.2
41379
41378.9
41378.8
41378.7
41378.6
41378.4
41378.3
41378.2
41378
41377.9
41377.7
41377.6
41377.5
41377.3
41377.2
41377
41376.9
41376.7
41376.5
41376.4
41376.2
41376.1
41375.9
41375.8
41375.6
41375.5
41375.3
41375.1
41375
41374.8
41374.7
41374.6
41374.4
41374.3
41374.1
41374
41373.8
41373.7
41373.6
41373.5
41373.3
41373.2
41373.1
41373
41372.9
41372.8
41372.7
41372.6
41372.5
41372.4
41372.3
41372.2
41372.1
41372.1
41372
41371.9
41371.9
41371.8
41371.8
41371.7
41371.7
41371.7
41371.6
41371.6
41371.6
41371.6
41371.6
41371.6
41371.6
41371.6
41371.6
41371.6
41371.7
41371.7
41371.7
41371.8
41371.8
41371.8
41371.9
41371.9
41372
41372.1
41372.1
41372.2
41372.3
41372.4
41372.4
41372.5
41372.6
41372.7
41372.8
41372.9
41373
41373.1
41373.2
41373.3
41373.4
41373.5
41373.6
41373.7
41373.9
41374
41374.1
41374.2
41374.3
41374.5
41374.6
41374.7
41374.8
41374.9
41375.1
41375.2
41375.3
41375.4
41375.5
41375.7
41375.8
41375.9
41376
41376.1
41376.2
41376.4
41376.5
41376.6
41376.7
41376.8
41376.9
41377
41377.1
41377.2
41377.3
41377.4
41377.5
41377.5
41377.6
41377.7
41377.8
41377.9
41377.9
41378
41378.1
41378.1
41378.2
41378.3
41378.3
41378.4
41378.4
41378.4
41378.5
41378.5
41378.6
41378.6
41378.6
41378.6
41378.7
41378.7
41378.7
41378.7
41378.7
41378.7
41378.7
41378.7
41378.7
41378.7
41378.7
41378.7
41378.7
41378.7
41378.6
41378.6
41378.6
41378.6
41378.5
41378.5
41378.5
41378.4
41378.4
41378.4
41378.3
41378.3
41378.2
41378.2
41378.1
41378.1
41378
41378
41377.9
41377.9
41377.8
41377.7
41377.7
41377.6
41377.5
41377.5
41377.4
41377.3
41377.3
41377.2
41377.1
41377.1
41377
41376.9
41376.9
41376.8
41376.7
41376.6
41376.6
41376.5
41376.4
41376.3
41376.3
41376.2
41376.1
41376.1
41376
41375.9
41375.8
41375.8
41375.7
41375.6
41375.6
41375.5
41375.4
41375.3
41375.3
41375.2
41375.1
41375.1
41375
41375
41374.9
41374.8
41374.8
41374.7
41374.6
41374.6
41374.5
41374.5
41374.4
41374.4
41374.3
41374.3
41374.2
41374.2
41374.1
41374.1
41374
41374
41373.9
41373.9
41373.9
41373.8
41373.8
41373.8
41373.7
41373.7
41373.7
41373.6
41373.6
41373.6
41373.6
41373.6
41373.5
41373.5
41373.5
41373.5
41373.5
41373.5
41373.5
41373.5
41373.5
41373.5
41373.5
41373.5
41373.5
41373.5
41373.5
41373.5
41373.5
41373.5
41373.5
41373.5
41373.6
41373.6
41373.6
41373.6
41373.6
41373.7
41373.7
41373.7
41373.8
41373.8
41373.8
41373.9
41373.9
41374
41374
41374.1
41374.1
41374.1
41374.2
41374.2
41374.3
41374.4
41374.4
41374.5
41374.5
41374.6
41374.7
41374.7
41374.8
41374.8
41374.9
41375
41375.1
41375.1
41375.2
41375.3
41375.3
41375.4
41375.5
41375.6
41375.6
41375.7
41375.8
41375.9
41375.9
41376
41376.1
41376.2
41376.2
41376.3
41376.4
41376.5
41376.6
41376.6
41376.7
41376.8
41376.9
41376.9
41377
41377.1
41377.2
41377.2
41377.3
41377.4
41377.4
41377.5
41377.6
41377.6
41377.7
41377.7
41377.8
41377.8
41377.9
41377.9
41378
41378
41378.1
41378.1
41378.2
41378.2
41378.2
41378.3
41378.3
41378.3
41378.4
41378.4
41378.4
41378.4
41378.4
41378.4
41378.4
41378.4
41378.4
41378.4
41378.4
41378.4
41378.4
41378.4
41378.4
41378.3
41378.3
41378.3
41378.3
41378.2
41378.2
41378.1
41378.1
41378
41378
41377.9
41377.9
41377.8
41377.8
41377.7
41377.6
41377.6
41377.5
41377.4
41377.3
41377.3
41377.2
41377.1
41377
41376.9
41376.8
41376.7
41376.6
41376.6
41376.5
41376.4
41376.3
41376.2
41376.1
41376
41375.9
41375.8
41375.7
41375.6
41375.5
41375.4
41375.3
41375.2
41375.1
41375
41374.9
41374.8
41374.7
41374.6
41374.5
41374.4
41374.3
41374.2
41374.1
41374.1
41374
41373.9
41373.8
41373.8
41373.7
41373.6
41373.5
41373.5
41373.4
41373.4
41373.3
41373.3
41373.2
41373.2
41373.1
41373.1
41373.1
41373
41373
41373
41373
41373
41373
41372.9
41372.9
41372.9
41372.9
41373
41373
41373
41373
41373
41373.1
41373.1
41373.1
41373.2
41373.2
41373.2
41373.3
41373.3
41373.4
41373.4
41373.5
41373.6
41373.6
41373.7
41373.8
41373.8
41373.9
41374
41374.1
41374.2
41374.2
41374.3
41374.4
41374.5
41374.6
41374.7
41374.8
41374.9
41374.9
41375
41375.1
41375.2
41375.3
41375.4
41375.5
41375.6
41375.7
41375.8
41375.9
41376
41376.1
41376.2
41376.2
41376.3
41376.4
41376.5
41376.6
41376.7
41376.7
41376.8
41376.9
41377
41377
41377.1
41377.2
41377.3
41377.3
41377.4
41377.4
41377.5
41377.5
41377.6
41377.6
41377.7
41377.7
41377.8
41377.8
41377.8
41377.9
41377.9
41377.9
41377.9
41377.9
41378
41378
41378
41378
41378
41378
41378
41378
41378
41377.9
41377.9
41377.9
41377.9
41377.9
41377.9
41377.8
41377.8
41377.8
41377.7
41377.7
41377.7
41377.6
41377.6
41377.5
41377.5
41377.4
41377.4
41377.3
41377.3
41377.2
41377.2
41377.1
41377.1
41377
41377
41376.9
41376.8
41376.8
41376.7
41376.7
41376.6
41376.5
41376.5
41376.4
41376.4
41376.3
41376.2
41376.2
41376.1
41376
41376
41375.9
41375.9
41375.8
41375.8
41375.7
41375.6
41375.6
41375.5
41375.5
41375.4
41375.4
41375.3
41375.3
41375.2
41375.2
41375.1
41375.1
41375.1
41375
41375
41374.9
41374.9
41374.9
41374.8
41374.8
41374.8
41374.8
41374.7
41374.7
41374.7
41374.7
41374.6
41374.6
41374.6
41374.6
41374.6
41374.5
41374.5
41374.5
41374.5
41374.5
41374.5
41374.5
41374.5
41374.5
41374.5
41374.5
41374.5
41374.5
41374.5
41374.5
41374.5
41374.5
41374.5
41374.5
41374.5
41374.5
41374.5
41374.5
41374.5
41374.5
41374.5
41374.5
41374.5
41374.6
41374.6
41374.6
41374.6
41374.6
41374.6
41374.6
41374.6
41374.7
41374.7
41374.7
41374.7
41374.7
41374.7
41374.8
41374.8
41374.8
41374.8
41374.8
41374.9
41374.9
41374.9
41374.9
41374.9
41374.9
41375
41375
41375
41375
41375.1
41375.1
41375.1
41375.1
41375.2
41375.2
41375.2
41375.2
41375.3
41375.3
41375.3
41375.3
41375.4
41375.4
41375.4
41375.4
41375.5
41375.5
41375.5
41375.6
41375.6
41375.6
41375.7
41375.7
41375.7
41375.8
41375.8
41375.8
41375.9
41375.9
41375.9
41376
41376
41376
41376.1
41376.1
41376.2
41376.2
41376.2
41376.3
41376.3
41376.3
41376.4
41376.4
41376.5
41376.5
41376.5
41376.6
41376.6
41376.7
41376.7
41376.7
41376.8
41376.8
41376.8
41376.9
41376.9
41377
41377
41377
41377.1
41377.1
41377.1
41377.2
41377.2
41377.2
41377.2
41377.3
41377.3
41377.3
41377.3
41377.4
41377.4
41377.4
41377.4
41377.4
41377.4
41377.5
41377.5
41377.5
41377.5
41377.5
41377.5
41377.5
41377.5
41377.5
41377.5
41377.5
41377.5
41377.4
41377.4
41377.4
41377.4
41377.4
41377.4
41377.3
41377.3
41377.3
41377.2
41377.2
41377.2
41377.1
41377.1
41377.1
41377
41377
41376.9
41376.9
41376.8
41376.8
41376.7
41376.6
41376.6
41376.5
41376.5
41376.4
41376.3
41376.3
41376.2
41376.1
41376.1
41376
41375.9
41375.8
41375.8
41375.7
41375.6
41375.6
41375.5
41375.4
41375.3
41375.3
41375.2
41375.1
41375
41375
41374.9
41374.8
41374.7
41374.7
41374.6
41374.5
41374.4
41374.4
41374.3
41374.2
41374.2
41374.1
41374.1
41374
41373.9
41373.9
41373.8
41373.8
41373.7
41373.7
41373.7
41373.6
41373.6
41373.5
41373.5
41373.5
41373.5
41373.4
41373.4
41373.4
41373.4
41373.4
41373.3
41373.3
41373.3
41373.3
41373.3
41373.3
41373.4
41373.4
41373.4
41373.4
41373.4
41373.4
41373.5
41373.5
41373.5
41373.6
41373.6
41373.6
41373.7
41373.7
41373.8
41373.8
41373.9
41374
41374
41374.1
41374.1
41374.2
41374.3
41374.3
41374.4
41374.5
41374.6
41374.6
41374.7
41374.8
41374.9
41375
41375
41375.1
41375.2
41375.3
41375.4
41375.5
41375.6
41375.6
41375.7
41375.8
41375.9
41376
41376.1
41376.2
41376.3
41376.3
41376.4
41376.5
41376.6
41376.7
41376.8
41376.8
41376.9
41377
41377.1
41377.1
41377.2
41377.3
41377.3
41377.4
41377.5
41377.5
41377.6
41377.7
41377.7
41377.8
41377.8
41377.9
41377.9
41377.9
41378
41378
41378
41378.1
41378.1
41378.1
41378.2
41378.2
41378.2
41378.2
41378.2
41378.2
41378.2
41378.2
41378.2
41378.2
41378.2
41378.2
41378.2
41378.2
41378.2
41378.1
41378.1
41378.1
41378.1
41378
41378
41378
41377.9
41377.9
41377.8
41377.8
41377.8
41377.7
41377.7
41377.6
41377.5
41377.5
41377.4
41377.4
41377.3
41377.2
41377.2
41377.1
41377
41377
41376.9
41376.8
41376.8
41376.7
41376.6
41376.5
41376.5
41376.4
41376.3
41376.3
41376.2
41376.1
41376
41375.9
41375.9
41375.8
41375.7
41375.6
41375.6
41375.5
41375.4
41375.4
41375.3
41375.2
41375.1
41375.1
41375
41374.9
41374.9
41374.8
41374.7
41374.7
41374.6
41374.5
41374.5
41374.4
41374.4
41374.3
41374.3
41374.2
41374.2
41374.1
41374.1
41374
41374
41373.9
41373.9
41373.9
41373.8
41373.8
41373.8
41373.7
41373.7
41373.7
41373.7
41373.6
41373.6
41373.6
41373.6
41373.6
41373.6
41373.6
41373.6
41373.5
41373.5
41373.5
41373.5
41373.6
41373.6
41373.6
41373.6
41373.6
41373.6
41373.6
41373.6
41373.7
41373.7
41373.7
41373.7
41373.7
41373.8
41373.8
41373.8
41373.9
41373.9
41373.9
41374
41374
41374.1
41374.1
41374.2
41374.2
41374.2
41374.3
41374.3
41374.4
41374.5
41374.5
41374.6
41374.6
41374.7
41374.7
41374.8
41374.8
41374.9
41375
41375
41375.1
41375.2
41375.2
41375.3
41375.4
41375.4
41375.5
41375.5
41375.6
41375.7
41375.7
41375.8
41375.9
41375.9
41376
41376.1
41376.1
41376.2
41376.3
41376.3
41376.4
41376.5
41376.5
41376.6
41376.7
41376.7
41376.8
41376.9
41376.9
41377
41377
41377.1
41377.1
41377.2
41377.2
41377.3
41377.4
41377.4
41377.4
41377.5
41377.5
41377.6
41377.6
41377.7
41377.7
41377.7
41377.8
41377.8
41377.8
41377.9
41377.9
41377.9
41378
41378
41378
41378
41378
41378
41378.1
41378.1
41378.1
41378.1
41378.1
41378.1
41378.1
41378.1
41378.1
41378.1
41378
41378
41378
41378
41378
41378
41377.9
41377.9
41377.9
41377.8
41377.8
41377.8
41377.7
41377.7
41377.7
41377.6
41377.6
41377.5
41377.5
41377.4
41377.4
41377.3
41377.2
41377.2
41377.1
41377.1
41377
41376.9
41376.9
41376.8
41376.7
41376.6
41376.6
41376.5
41376.4
41376.4
41376.3
41376.2
41376.1
41376
41376
41375.9
41375.8
41375.7
41375.6
41375.6
41375.5
41375.4
41375.3
41375.2
41375.2
41375.1
41375
41374.9
41374.8
41374.8
41374.7
41374.6
41374.5
41374.5
41374.4
41374.3
41374.2
41374.2
41374.1
41374
41374
41373.9
41373.9
41373.8
41373.7
41373.7
41373.6
41373.6
41373.5
41373.5
41373.5
41373.4
41373.4
41373.3
41373.3
41373.3
41373.3
41373.2
41373.2
41373.2
41373.2
41373.2
41373.1
41373.1
41373.1
41373.1
41373.1
41373.1
41373.1
41373.2
41373.2
41373.2
41373.2
41373.2
41373.2
41373.3
41373.3
41373.3
41373.4
41373.4
41373.4
41373.5
41373.5
41373.6
41373.6
41373.7
41373.7
41373.8
41373.8
41373.9
41374
41374
41374.1
41374.2
41374.2
41374.3
41374.4
41374.5
41374.5
41374.6
41374.7
41374.8
41374.9
41375
41375
41375.1
41375.2
41375.3
41375.4
41375.5
41375.5
41375.6
41375.7
41375.8
41375.9
41376
41376.1
41376.2
41376.2
41376.3
41376.4
41376.5
41376.6
41376.7
41376.7
41376.8
41376.9
41377
41377
41377.1
41377.2
41377.3
41377.3
41377.4
41377.5
41377.5
41377.6
41377.6
41377.7
41377.7
41377.8
41377.8
41377.9
41377.9
41378
41378
41378.1
41378.1
41378.1
41378.2
41378.2
41378.2
41378.2
41378.2
41378.3
41378.3
41378.3
41378.3
41378.3
41378.3
41378.3
41378.3
41378.3
41378.3
41378.3
41378.2
41378.2
41378.2
41378.2
41378.2
41378.1
41378.1
41378.1
41378
41378
41377.9
41377.9
41377.9
41377.8
41377.8
41377.7
41377.7
41377.6
41377.5
41377.5
41377.4
41377.4
41377.3
41377.2
41377.2
41377.1
41377
41377
41376.9
41376.8
41376.8
41376.7
41376.6
41376.5
41376.5
41376.4
41376.3
41376.2
41376.2
41376.1
41376
41375.9
41375.9
41375.8
41375.7
41375.6
41375.5
41375.5
41375.4
41375.3
41375.3
41375.2
41375.1
41375
41375
41374.9
41374.8
41374.8
41374.7
41374.7
41374.6
41374.5
41374.5
41374.4
41374.4
41374.3
41374.3
41374.2
41374.2
41374.1
41374.1
41374
41374
41374
41373.9
41373.9
41373.9
41373.8
41373.8
41373.8
41373.8
41373.7
41373.7
41373.7
41373.7
41373.7
41373.7
41373.7
41373.6
41373.6
41373.6
41373.6
41373.6
41373.7
41373.7
41373.7
41373.7
41373.7
41373.7
41373.7
41373.7
41373.8
41373.8
41373.8
41373.8
41373.9
41373.9
41373.9
41374
41374
41374
41374.1
41374.1
41374.2
41374.2
41374.2
41374.3
41374.3
41374.4
41374.4
41374.5
41374.5
41374.6
41374.6
41374.7
41374.7
41374.8
41374.8
41374.9
41374.9
41375
41375
41375.1
41375.2
41375.2
41375.3
41375.3
41375.4
41375.4
41375.5
41375.6
41375.6
41375.7
41375.7
41375.8
41375.8
41375.9
41375.9
41376
41376
41376.1
41376.2
41376.2
41376.3
41376.3
41376.4
41376.4
41376.5
41376.5
41376.5
41376.6
41376.6
41376.7
41376.7
41376.8
41376.8
41376.8
41376.9
41376.9
41376.9
41377
41377
41377
41377.1
41377.1
41377.1
41377.1
41377.2
41377.2
41377.2
41377.2
41377.3
41377.3
41377.3
41377.3
41377.3
41377.3
41377.3
41377.4
41377.4
41377.4
41377.4
41377.4
41377.4
41377.4
41377.4
41377.4
41377.4
41377.4
41377.4
41377.4
41377.3
41377.3
41377.3
41377.3
41377.3
41377.3
41377.3
41377.3
41377.2
41377.2
41377.2
41377.2
41377.2
41377.1
41377.1
41377.1
41377
41377
41377
41377
41376.9
41376.9
41376.9
41376.8
41376.8
41376.8
41376.7
41376.7
41376.7
41376.6
41376.6
41376.5
41376.5
41376.5
41376.4
41376.4
41376.3
41376.3
41376.3
41376.2
41376.2
41376.1
41376.1
41376
41376
41375.9
41375.9
41375.9
41375.8
41375.8
41375.7
41375.7
41375.6
41375.6
41375.6
41375.5
41375.5
41375.4
41375.4
41375.3
41375.3
41375.3
41375.2
41375.2
41375.1
41375.1
41375.1
41375
41375
41374.9
41374.9
41374.9
41374.8
41374.8
41374.8
41374.7
41374.7
41374.7
41374.6
41374.6
41374.6
41374.6
41374.5
41374.5
41374.5
41374.5
41374.4
41374.4
41374.4
41374.4
41374.4
41374.4
41374.3
41374.3
41374.3
41374.3
41374.3
41374.3
41374.3
41374.3
41374.3
41374.3
41374.3
41374.3
41374.3
41374.3
41374.3
41374.3
41374.3
41374.3
41374.3
41374.3
41374.3
41374.3
41374.4
41374.4
41374.4
41374.4
41374.4
41374.5
41374.5
41374.5
41374.5
41374.5
41374.6
41374.6
41374.6
41374.7
41374.7
41374.7
41374.8
41374.8
41374.8
41374.9
41374.9
41374.9
41375
41375
41375
41375.1
41375.1
41375.2
41375.2
41375.2
41375.3
41375.3
41375.4
41375.4
41375.5
41375.5
41375.5
41375.6
41375.6
41375.7
41375.7
41375.8
41375.8
41375.8
41375.9
41375.9
41376
41376
41376.1
41376.1
41376.1
41376.2
41376.2
41376.3
41376.3
41376.3
41376.4
41376.4
41376.5
41376.5
41376.5
41376.6
41376.6
41376.6
41376.7
41376.7
41376.7
41376.8
41376.8
41376.8
41376.8
41376.9
41376.9
41376.9
41376.9
41377
41377
41377
41377
41377
41377
41377.1
41377.1
41377.1
41377.1
41377.1
41377.1
41377.1
41377.1
41377.1
41377.1
41377.1
41377.1
41377.1
41377.1
41377.1
41377.1
41377.1
41377.1
41377.1
41377.1
41377.1
41377.1
41377
41377
41377
41377
41377
41377
41376.9
41376.9
41376.9
41376.9
41376.9
41376.8
41376.8
41376.8
41376.7
41376.7
41376.7
41376.7
41376.6
41376.6
41376.6
41376.5
41376.5
41376.5
41376.4
41376.4
41376.4
41376.3
41376.3
41376.3
41376.2
41376.2
41376.1
41376.1
41376.1
41376
41376
41376
41375.9
41375.9
41375.8
41375.8
41375.8
41375.7
41375.7
41375.7
41375.6
41375.6
41375.5
41375.5
41375.5
41375.4
41375.4
41375.4
41375.3
41375.3
41375.3
41375.2
41375.2
41375.2
41375.1
41375.1
41375.1
41375.1
41375
41375
41375
41374.9
41374.9
41374.9
41374.9
41374.8
41374.8
41374.8
41374.8
41374.8
41374.7
41374.7
41374.7
41374.7
41374.7
41374.7
41374.6
41374.6
41374.6
41374.6
41374.6
41374.6
41374.6
41374.6
41374.6
41374.6
41374.6
41374.5
41374.5
41374.5
41374.5
41374.5
41374.5
41374.5
41374.6
41374.6
41374.6
41374.6
41374.6
41374.6
41374.6
41374.6
41374.6
41374.6
41374.6
41374.6
41374.7
41374.7
41374.7
41374.7
41374.7
41374.7
41374.8
41374.8
41374.8
41374.8
41374.8
41374.9
41374.9
41374.9
41374.9
41375
41375
41375
41375
41375.1
41375.1
41375.1
41375.2
41375.2
41375.2
41375.2
41375.3
41375.3
41375.3
41375.4
41375.4
41375.4
41375.5
41375.5
41375.5
41375.6
41375.6
41375.6
41375.7
41375.7
41375.8
41375.8
41375.8
41375.9
41375.9
41375.9
41376
41376
41376
41376.1
41376.1
41376.1
41376.2
41376.2
41376.2
41376.3
41376.3
41376.3
41376.4
41376.4
41376.4
41376.5
41376.5
41376.5
41376.6
41376.6
41376.6
41376.7
41376.7
41376.7
41376.7
41376.8
41376.8
41376.8
41376.8
41376.9
41376.9
41376.9
41376.9
41376.9
41376.9
41377
41377
41377
41377
41377
41377
41377
41377
41377.1
41377.1
41377.1
41377.1
41377.1
41377.1
41377.1
41377.1
41377.1
41377.1
41377.1
41377.1
41377
41377
41377
41377
41377
41377
41377
41377
41376.9
41376.9
41376.9
41376.9
41376.9
41376.8
41376.8
41376.8
41376.8
41376.7
41376.7
41376.7
41376.7
41376.6
41376.6
41376.6
41376.5
41376.5
41376.4
41376.4
41376.4
41376.3
41376.3
41376.3
41376.2
41376.2
41376.1
41376.1
41376
41376
41376
41375.9
41375.9
41375.8
41375.8
41375.7
41375.7
41375.7
41375.6
41375.6
41375.5
41375.5
41375.4
41375.4
41375.3
41375.3
41375.3
41375.2
41375.2
41375.1
41375.1
41375
41375
41375
41374.9
41374.9
41374.8
41374.8
41374.8
41374.7
41374.7
41374.7
41374.6
41374.6
41374.6
41374.6
41374.5
41374.5
41374.5
41374.5
41374.4
41374.4
41374.4
41374.4
41374.4
41374.3
41374.3
41374.3
41374.3
41374.3
41374.3
41374.3
41374.3
41374.3
41374.3
41374.3
41374.3
41374.3
41374.3
41374.3
41374.3
41374.3
41374.3
41374.3
41374.3
41374.4
41374.4
41374.4
41374.4
41374.4
41374.5
41374.5
41374.5
41374.5
41374.6
41374.6
41374.6
41374.7
41374.7
41374.7
41374.8
41374.8
41374.8
41374.9
41374.9
41375
41375
41375
41375.1
41375.1
41375.2
41375.2
41375.3
41375.3
41375.3
41375.4
41375.4
41375.5
41375.5
41375.6
41375.6
41375.7
41375.7
41375.8
41375.8
41375.9
41375.9
41376
41376
41376
41376.1
41376.1
41376.2
41376.2
41376.3
41376.3
41376.4
41376.4
41376.4
41376.5
41376.5
41376.6
41376.6
41376.6
41376.7
41376.7
41376.7
41376.8
41376.8
41376.8
41376.9
41376.9
41376.9
41376.9
41377
41377
41377
41377
41377
41377.1
41377.1
41377.1
41377.1
41377.1
41377.1
41377.1
41377.1
41377.2
41377.2
41377.2
41377.2
41377.2
41377.2
41377.2
41377.2
41377.1
41377.1
41377.1
41377.1
41377.1
41377.1
41377.1
41377.1
41377
41377
41377
41377
41377
41376.9
41376.9
41376.9
41376.9
41376.8
41376.8
41376.8
41376.8
41376.7
41376.7
41376.7
41376.6
41376.6
41376.5
41376.5
41376.5
41376.4
41376.4
41376.4
41376.3
41376.3
41376.2
41376.2
41376.2
41376.1
41376.1
41376
41376
41376
41375.9
41375.9
41375.8
41375.8
41375.7
41375.7
41375.7
41375.6
41375.6
41375.5
41375.5
41375.5
41375.4
41375.4
41375.3
41375.3
41375.3
41375.2
41375.2
41375.2
41375.1
41375.1
41375.1
41375
41375
41375
41374.9
41374.9
41374.9
41374.8
41374.8
41374.8
41374.8
41374.7
41374.7
41374.7
41374.7
41374.7
41374.6
41374.6
41374.6
41374.6
41374.6
41374.6
41374.6
41374.6
41374.5
41374.5
41374.5
41374.5
41374.5
41374.5
41374.5
41374.5
41374.5
41374.5
41374.5
41374.5
41374.5
41374.5
41374.6
41374.6
41374.6
41374.6
41374.6
41374.6
41374.6
41374.6
41374.7
41374.7
41374.7
41374.7
41374.7
41374.8
41374.8
41374.8
41374.8
41374.9
41374.9
41374.9
41374.9
41375
41375
41375
41375.1
41375.1
41375.1
41375.2
41375.2
41375.2
41375.3
41375.3
41375.3
41375.4
41375.4
41375.4
41375.5
41375.5
41375.5
41375.6
41375.6
41375.6
41375.7
41375.7
41375.8
41375.8
41375.8
41375.9
41375.9
41375.9
41376
41376
41376
41376.1
41376.1
41376.1
41376.2
41376.2
41376.2
41376.3
41376.3
41376.3
41376.4
41376.4
41376.4
41376.5
41376.5
41376.5
41376.5
41376.6
41376.6
41376.6
41376.6
41376.6
41376.7
41376.7
41376.7
41376.7
41376.7
41376.8
41376.8
41376.8
41376.8
41376.8
41376.8
41376.8
41376.8
41376.8
41376.9
41376.9
41376.9
41376.9
41376.9
41376.9
41376.9
41376.9
41376.9
41376.9
41376.9
41376.9
41376.8
41376.8
41376.8
41376.8
41376.8
41376.8
41376.8
41376.8
41376.7
41376.7
41376.7
41376.7
41376.7
41376.7
41376.6
41376.6
41376.6
41376.6
41376.5
41376.5
41376.5
41376.5
41376.4
41376.4
41376.4
41376.3
41376.3
41376.3
41376.3
41376.2
41376.2
41376.2
41376.1
41376.1
41376.1
41376
41376
41376
41375.9
41375.9
41375.9
41375.8
41375.8
41375.7
41375.7
41375.7
41375.6
41375.6
41375.6
41375.5
41375.5
41375.5
41375.4
41375.4
41375.4
41375.3
41375.3
41375.3
41375.3
41375.2
41375.2
41375.2
41375.1
41375.1
41375.1
41375.1
41375
41375
41375
41375
41374.9
41374.9
41374.9
41374.9
41374.9
41374.9
41374.8
41374.8
41374.8
41374.8
41374.8
41374.8
41374.8
41374.8
41374.7
41374.7
41374.7
41374.7
41374.7
41374.7
41374.7
41374.7
41374.7
41374.7
41374.7
41374.7
41374.7
41374.8
41374.8
41374.8
41374.8
41374.8
41374.8
41374.8
41374.8
41374.8
41374.9
41374.9
41374.9
41374.9
41374.9
41375
41375
41375
41375
41375
41375.1
41375.1
41375.1
41375.1
41375.2
41375.2
41375.2
41375.2
41375.3
41375.3
41375.3
41375.4
41375.4
41375.4
41375.5
41375.5
41375.5
41375.6
41375.6
41375.6
41375.6
41375.7
41375.7
41375.7
41375.8
41375.8
41375.8
41375.9
41375.9
41375.9
41376
41376
41376
41376
41376.1
41376.1
41376.1
41376.2
41376.2
41376.2
41376.2
41376.3
41376.3
41376.3
41376.3
41376.3
41376.4
41376.4
41376.4
41376.4
41376.4
41376.5
41376.5
41376.5
41376.5
41376.5
41376.5
41376.6
41376.6
41376.6
41376.6
41376.6
41376.6
41376.6
41376.6
41376.6
41376.6
41376.6
41376.6
41376.6
41376.6
41376.6
41376.6
41376.6
41376.6
41376.6
41376.6
41376.6
41376.6
41376.6
41376.6
41376.6
41376.6
41376.5
41376.5
41376.5
41376.5
41376.5
41376.5
41376.5
41376.4
41376.4
41376.4
41376.4
41376.4
41376.4
41376.3
41376.3
41376.3
41376.3
41376.2
41376.2
41376.2
41376.2
41376.2
41376.1
41376.1
41376.1
41376.1
41376
41376
41376
41376
41375.9
41375.9
41375.9
41375.8
41375.8
41375.8
41375.8
41375.7
41375.7
41375.7
41375.7
41375.6
41375.6
41375.6
41375.6
41375.5
41375.5
41375.5
41375.5
41375.5
41375.4
41375.4
41375.4
41375.4
41375.3
41375.3
41375.3
41375.3
41375.3
41375.3
41375.2
41375.2
41375.2
41375.2
41375.2
41375.2
41375.1
41375.1
41375.1
41375.1
41375.1
41375.1
41375.1
41375.1
41375.1
41375.1
41375.1
41375
41375
41375
41375
41375
41375
41375
41375
41375
41375
41375
41375
41375
41375
41375.1
41375.1
41375.1
41375.1
41375.1
41375.1
41375.1
41375.1
41375.1
41375.1
41375.1
41375.1
41375.2
41375.2
41375.2
41375.2
41375.2
41375.2
41375.2
41375.3
41375.3
41375.3
41375.3
41375.3
41375.3
41375.4
41375.4
41375.4
41375.4
41375.4
41375.5
41375.5
41375.5
41375.5
41375.5
41375.6
41375.6
41375.6
41375.6
41375.6
41375.7
41375.7
41375.7
41375.7
41375.8
41375.8
41375.8
41375.8
41375.8
41375.9
41375.9
41375.9
41375.9
41375.9
41376
41376
41376
41376
41376
41376.1
41376.1
41376.1
41376.1
41376.1
41376.1
41376.2
41376.2
41376.2
41376.2
41376.2
41376.2
41376.2
41376.3
41376.3
41376.3
41376.3
41376.3
41376.3
41376.3
41376.3
41376.3
41376.3
41376.3
41376.4
41376.4
