
Objective value: 
49369.9
14039.7
14950.2
17370.2
20416.8
22751.7
24629.1
25827.4
27541.3
30495.9
34420.5
38503.9
41798.9
44451.6
45972.2
46717.1
46951.1
46858.1
46595.1
46285.8
46017.4
45840.7
45709.6
45521.5
45352.2
45297.3
45388
45603.9
45901
46202.4
46398.6
46562.7
46670.6
46664.2
46565.1
46387.8
46143.6
45844.7
45505.1
45140.5
44766.7
44321.1
43848.7
43405.8
43023
42711.7
42473.1
42305.8
42207.7
42177.1
42211.4
42307.2
42459.7
42662.6
42909.2
43191.8
43502.2
43813.9
44105.3
44404.7
44708.6
44957.3
45044.4
45120.3
45194.1
45266.8
45332.3
45385
45421.3
45439.5
45439.7
45422.9
45387.8
45337
45275.2
45205.7
45131
45047.8
44957.6
44869.5
44790.3
44724.7
44676.1
44646
44635
44642.2
44654.8
44673.5
44685.2
44663.8
44638.2
44613.6
44591
44569
44545
44515.9
44478.4
44429.5
44366.6
44285.5
44169.1
44019.8
43838.8
43627
43384.9
43113.5
42813.8
42487.4
42136.2
41762.4
41369.2
40959.9
40538.7
40099.8
39642.1
39180
38723.9
38280
37852
37443.7
37059
36702
36377.1
36087.8
35837.1
35627.2
35459.3
35334
35251.4
35210.8
35211.2
35250.9
35327.9
35439.7
35583.7
35756.7
35955.6
36176.8
36416.9
36672.5
36940.1
37216.6
37498.8
37783.9
38069.4
38352.9
38632.3
38905.9
39171.9
39429.2
39676.3
39912.5
40136.7
40348.3
40546.5
40730.9
40901.1
41056.6
41197.3
41323
41433.7
41529.5
41610.8
41664.6
41698
41723.3
41742.2
41755.3
41763.2
41766.3
41765.2
41761.1
41755.1
41748.4
41742.4
41738.3
41737.5
41741.4
41751.2
41768.1
41792.9
41826.4
41869.3
41921.8
41984.1
42056.1
42137.7
42228.2
42327.2
42434
42547.6
42667.2
42791.6
42919.7
43050.4
43182.5
43314.6
43445.6
43574.1
43699
43819
43932.9
44039.7
44138.3
44227.7
44307.3
44376.2
44434
44480.3
44490.8
44490.3
44483
44465.1
44435.2
44394
44341.9
44279.2
44206.3
44123.7
44031.8
43930.7
43818.9
43691.7
43553.6
43407.4
43254.1
43094.2
42927.9
42756.1
42579.9
42400.6
42219.4
42037.5
41855.8
41675.1
41496.1
41319.2
41145
40974.1
40806.9
40644
40485.9
40333.1
40186.1
40045.3
39911.1
39783.7
39663.4
39550.2
39444.3
39345.6
39254.2
39169.9
39092.7
39022.6
38959.4
38903
38853.3
38810.4
38774
38744
38720.5
38703.2
38692.2
38687.4
38688.7
38696.3
38710
38729.9
38756.1
38788.4
38826.9
38871.5
38922
38978.3
39040.3
39107.5
39179.9
39257.1
39338.7
39424.3
39513.5
39605.9
39701
39798.3
39897.4
39997.6
40098.6
40199.8
40300.8
40401.1
40500.4
40598.2
40694.3
40788.4
40880.1
40969.5
41056.2
41140.3
41221.6
41300.2
41376.1
41449.3
41520
41588.1
41653.9
41717.4
41778.8
41838.3
41896
41951.9
42002.7
42051.5
42100.4
42149.6
42199.1
42248.7
42298.2
42346.8
42393.7
42439.3
42483.6
42526.6
42568.5
42609.2
42648.5
42686.4
42722.9
42757.8
42791
42822.4
42851.7
42879
42904
42926.6
42946.6
42964.1
42978.6
42990.3
42998.9
43004.3
43006.3
43004.8
42999.8
42991
42978.3
42961.6
42940.8
42915.7
42886.4
42852.7
42814.5
42771.8
42724.5
42672.8
42616.5
42555.8
42490.8
42421.5
42348.1
42270.8
42189.8
42105.2
42017.4
41926.5
41833
41737
41638.8
41539
41437.7
41335.3
41232.3
41128.9
41025.5
40922.6
40820.5
40719.5
40620.1
40522.6
40427.3
40334.7
40244.9
40158.4
40075.4
39996.2
39921.1
39850.3
39784.1
39722.6
39666.1
39614.7
39568.6
39527.9
39492.6
39462.9
39438.8
39420.2
39407.3
39400
39398.2
39401.9
39410.9
39425.1
39444.3
39468.5
39497.3
39530.7
39568.3
39609.9
39655.2
39704.1
39756.1
39811.2
39868.9
39929
39991.2
40055.2
40120.9
40187.9
40255.9
40324.8
40394.4
40464.3
40534.4
40604.6
40674.6
40744.4
40813.6
40882.3
40950.4
41017.6
41084
41149.5
41213.9
41277.3
41339.6
41400.7
41460.7
41519.5
41577
41633.3
41688.3
41742
41794.4
41845.5
41895.2
41943.5
41990.5
42036
42079.9
42122.4
42163.2
42202.4
42239.9
42275.5
42309.2
42340.9
42370.4
42397.8
42422.9
42445.6
42465.8
42483.4
42498.4
42510.6
42520.1
42526.7
42530.4
42531.2
42529
42523.8
42515.5
42504.3
42489.9
42472.5
42452.1
42428.7
42402.3
42372.9
42340.6
42305.5
42267.7
42227.2
42184
42138.5
42090.6
42040.4
41988.2
41934.1
41878.2
41820.8
41762
41701.9
41640.9
41579
41516.5
41453.7
41390.7
41327.7
41265
41202.8
41141.3
41080.7
41021.2
40963
40906.3
40851.4
40798.3
40747.2
40698.4
40651.9
40607.9
40566.5
40527.8
40491.9
40458.8
40428.7
40401.6
40377.5
40356.4
40338.3
40323.3
40311.3
40302.2
40296.1
40292.8
40292.3
40294.5
40299.3
40306.5
40316.2
40328.1
40342.1
40358.2
40376
40395.6
40416.7
40439.3
40463.1
40488.1
40514
40540.7
40568.2
40596.3
40624.8
40653.6
40682.7
40711.9
40741.2
40770.5
40799.6
40828.6
40857.4
40885.9
40914.2
40942.1
40969.7
40997
41024
41050.6
41076.9
41102.9
41128.7
41154.1
41179.4
41204.4
41229.3
41254
41278.6
41303.1
41327.5
41351.9
41376.2
41400.5
41424.8
41449
41473.2
41497.4
41521.5
41545.5
41569.4
41593.2
41616.8
41640.2
41663.2
41685.9
41708.2
41729.9
41751.1
41771.5
41791.1
41809.7
41827.2
41843.6
41858.6
41872.1
41884.1
41894.3
41902.7
41909.2
41913.6
41916.1
41916.4
41914.6
41910.7
41904.7
41896.5
41886.3
41874
41859.6
41843.3
41825.1
41805.1
41783.3
41759.8
41734.7
41708.2
41680.2
41651
41620.7
41589.3
41557.1
41524.1
41490.5
41456.4
41421.9
41387.3
41352.7
41318.2
41283.9
41250.1
41216.7
41184
41152.1
41121
41091
41062
41034.2
41007.7
40982.6
40958.9
40936.6
40915.9
40896.9
40879.4
40863.7
40849.7
40837.5
40827.1
40818.5
40811.7
40806.7
40803.4
40801.9
40801.9
40803.4
40806.1
40809.8
40814.2
40818.9
40823.8
40828.7
40833.4
40837.9
40842.2
40846.5
40850.7
40855
40859.5
40864.1
40868.9
40873.9
40879.3
40884.9
40890.9
40897.3
40904
40911.1
40918.7
40926.7
40935.2
40944.2
40953.8
40963.8
40974.5
40985.7
40997.6
41010.1
41023.2
41037
41051.4
41066.6
41082.4
41099
41116.2
41134.2
41152.8
41172.2
41192.2
41212.7
41233.9
41255.6
41277.9
41300.5
41323.5
41346.9
41370.5
41394.3
41418.3
41442.2
41466.2
41490.1
41513.8
41537.2
41560.4
41583.1
41605.4
41627.1
41648.2
41668.4
41687.7
41705.9
41722.8
41738.1
41751.7
41763.3
41772.8
41780
41785
41787.7
41788.2
41786.5
41782.8
41777
41769.4
41759.9
41748.8
41736
41721.7
41705.9
41688.8
41670.4
41650.7
41630
41608.3
41585.6
41562.1
41537.8
41512.9
41487.4
41461.5
41435.3
41408.7
41382.1
41355.3
41328.7
41302.2
41276
41250.1
41224.8
41200
41175.9
41152.6
41130
41108.4
41087.7
41067.9
41049.2
41031.6
41015.1
40999.6
40985.3
40972.2
40960.2
40949.4
40939.8
40931.3
40924.1
40918
40913.2
40909.6
40907.2
40906.1
40906.2
40907.5
40910
40913.6
40918.1
40923.4
40929.2
40935
40940.6
40945.6
40949.8
40953.1
40955.5
40957.2
40958.3
40959
40959.4
40959.7
40960.1
40960.5
40961.1
40962
40963.2
40964.8
40966.8
40969.3
40972.4
40976
40980.3
40985.3
40991
40997.5
41004.8
41012.9
41021.8
41031.7
41042.4
41053.9
41066.4
41079.8
41094.2
41109.4
41125.6
41142.6
41160.6
41179.4
41199
41219.4
41240.5
41262.3
41284.7
41307.5
41330.8
41354.4
41378.3
41402.3
41426.3
41450.3
41474.1
41497.6
41520.8
41543.5
41565.7
41587.1
41607.9
41627.7
41646.6
41664.4
41681
41696.2
41709.9
41722
41732.2
41740.4
41746.5
41750.3
41751.9
41751.1
41748.1
41742.8
41735.4
41726
41714.6
41701.4
41686.5
41670.1
41652.1
41632.7
41612.1
41590.4
41567.5
41543.8
41519.2
41493.9
41468
41441.5
41414.7
41387.6
41360.3
41333
41305.7
41278.6
41251.7
41225.2
41199.2
41173.7
41149
41125
41101.8
41079.7
41058.5
41038.5
41019.6
41002
40985.6
40970.6
40956.9
40944.6
40933.7
40924.3
40916.2
40909.6
40904.4
40900.5
40898.1
40897
40897.2
40898.7
40901.4
40905.3
40910.2
40916.2
40923.1
40930.8
40939.1
40948.1
40957.5
40967.2
40977.2
40987.2
40997.3
41007.3
41017.3
41027.1
41036.8
41046.4
41055.8
41065.1
41074.3
41083.4
41092.3
41101.2
41110
41118.6
41127.3
41135.8
41144.3
41152.8
41161.2
41169.6
41177.9
41186.2
41194.5
41202.8
41211.1
41219.5
41227.8
41236.1
41244.5
41252.9
41261.4
41270
41278.6
41287.3
41296.1
41304.9
41313.9
41322.9
41331.9
41341.1
41350.2
41359.4
41368.6
41377.8
41386.9
41395.9
41404.8
41413.5
41422.1
41430.4
41438.5
41446.3
41453.7
41460.9
41467.6
41473.9
41479.8
41485.3
41490.2
41494.6
41498.4
41501.6
41504.2
41506.1
41507.3
41507.7
41507.3
41506
41503.8
41500.6
41496.4
41491.2
41485
41477.8
41469.6
41460.4
41450.3
41439.3
41427.5
41414.9
41401.7
41387.8
41373.4
41358.5
41343.2
41327.5
41311.6
41295.5
41279.3
41263
41246.7
41230.5
41214.4
41198.6
41183
41167.7
41152.8
41138.3
41124.4
41110.9
41098.1
41085.8
41074.3
41063.4
41053.3
41043.9
41035.3
41027.5
41020.5
41014.3
41008.9
41004.3
41000.6
40997.6
40995.4
40994
40993.3
40993.3
40994.1
40995.4
40997.4
41000
41003.1
41006.7
41010.7
41015.2
41020.1
41025.3
41030.9
41036.7
41042.7
41049
41055.4
41061.9
41068.5
41075.2
41082
41088.8
41095.7
41102.5
41109.4
41116.2
41123.1
41130
41136.8
41143.7
41150.7
41157.6
41164.6
41171.6
41178.8
41185.9
41193.2
41200.6
41208.1
41215.6
41223.4
41231.2
41239.2
41247.3
41255.5
41264
41272.5
41281.2
41290
41299
41308
41317.2
41326.5
41335.9
41345.3
41354.8
41364.3
41373.7
41383.2
41392.6
41401.9
41411
41420
41428.8
41437.3
41445.6
41453.5
41461.1
41468.3
41475
41481.2
41487
41492.1
41496.7
41500.7
41504
41506.7
41508.7
41510
41510.6
41510.4
41509.5
41507.8
41505.5
41502.3
41498.5
41493.9
41488.5
41482.5
41475.8
41468.4
41460.4
41451.7
41442.4
41432.6
41422.2
41411.3
41399.9
41388.1
41375.8
41363.2
41350.2
41337
41323.5
41309.7
41295.8
41281.7
41267.5
41253.2
41238.9
41224.6
41210.4
41196.2
41182.1
41168.2
41154.5
41140.9
41127.6
41114.6
41101.9
41089.5
41077.5
41065.9
41054.6
41043.8
41033.4
41023.5
41014.1
41005.1
40996.7
40988.8
40981.4
40974.5
40968.2
40962.4
40957.2
40952.6
40948.5
40945
40942.1
40939.7
40937.9
40936.7
40936
40935.9
40936.4
40937.4
40939
40941.1
40943.8
40947.1
40950.8
40955.1
40960
40965.3
40971.2
40977.6
40984.5
40991.8
40999.7
41008
41016.8
41026
41035.7
41045.8
41056.3
41067.2
41078.5
41090.1
41102.1
41114.5
41127.2
41140.1
41153.3
41166.8
41180.5
41194.4
41208.5
41222.8
41237.1
41251.6
41266.1
41280.6
41295.1
41309.6
41324
41338.3
41352.5
41366.5
41380.2
41393.7
41406.9
41419.8
41432.3
41444.4
41456.1
41467.3
41477.9
41488.1
41497.7
41506.7
41515.1
41522.8
41529.9
41536.2
41541.9
41546.8
41551.1
41554.5
41557.2
41559.2
41560.3
41560.7
41560.4
41559.3
41557.4
41554.8
41551.4
41547.3
41542.6
41537.1
41530.9
41524.1
41516.7
41508.7
41500.1
41491
41481.3
41471.2
41460.6
41449.5
41438.1
41426.4
41414.3
41401.9
41389.2
41376.3
41363.2
41350
41336.5
41323
41309.3
41295.5
41281.7
41267.7
41253.8
41239.7
41225.6
41211.5
41197.4
41183.3
41169.2
41155.2
41141.3
41127.4
41113.7
41100.2
41086.8
41073.8
41061
41048.6
41036.6
41025
41013.9
41003.2
40993.1
40983.5
40974.6
40966.3
40958.6
40951.7
40945.4
40939.8
40935
40931
40927.8
40925.3
40923.7
40922.9
40922.9
40923.7
40925.4
40927.9
40931.3
40935.5
40940.6
40946.5
40953.1
40960.6
40968.9
40977.9
40987.6
40998
41009.1
41020.8
41033.1
41045.9
41059.3
41073.2
41087.5
41102.3
41117.4
41132.9
41148.7
41164.7
41181
41197.5
41214.1
41230.7
41247.5
41264.2
41280.8
41297.2
41313.4
41329.3
41344.8
41359.8
41374.2
41388
41401
41413.3
41424.8
41435.3
41445
41453.8
41461.7
41468.6
41474.7
41479.9
41484.2
41487.7
41490.3
41492.2
41493.3
41493.7
41493.4
41492.4
41490.8
41488.6
41485.7
41482.4
41478.5
41474.1
41469.3
41464
41458.4
41452.4
41446
41439.4
41432.4
41425.2
41417.8
41410.2
41402.5
41394.5
41386.5
41378.4
41370.1
41361.9
41353.5
41345.2
41336.8
41328.4
41320
41311.6
41303.2
41294.9
41286.6
41278.3
41270
41261.7
41253.5
41245.3
41237.1
41229
41220.9
41212.8
41204.7
41196.6
41188.6
41180.7
41172.7
41164.9
41157.1
41149.3
41141.7
41134.2
41126.7
41119.5
41112.3
41105.4
41098.6
41092.1
41085.8
41079.7
41074
41068.5
41063.4
41058.6
41054.2
41050.1
41046.4
41043.2
41040.4
41038
41036
41034.6
41033.6
41033.1
41033.1
41033.7
41034.7
41036.3
41038.4
41041
41044.2
41047.9
41052.1
41056.9
41062.2
41068.1
41074.5
41081.4
41088.8
41096.6
41105
41113.8
41123
41132.6
41142.6
41152.9
41163.5
41174.4
41185.5
41196.9
41208.3
41219.9
41231.6
41243.2
41254.9
41266.5
41277.9
41289.2
41300.4
41311.3
41321.9
41332.3
41342.3
41351.9
41361.2
41370
41378.5
41386.4
41393.9
41400.9
41407.5
41413.5
41419
41423.9
41428.4
41432.3
41435.6
41438.5
41440.8
41442.6
41443.9
41444.7
41445
41444.8
41444.1
41442.9
41441.3
41439.3
41436.9
41434
41430.8
41427.1
41423.2
41418.9
41414.3
41409.3
41404.1
41398.7
41393
41387
41380.8
41374.5
41367.9
41361.2
41354.3
41347.2
41340.1
41332.8
41325.4
41317.9
41310.4
41302.8
41295.1
41287.4
41279.7
41272
41264.3
41256.6
41249
41241.4
41233.8
41226.4
41219
41211.7
41204.5
41197.4
41190.5
41183.6
41176.9
41170.3
41163.8
41157.4
41151.2
41145
41138.9
41132.9
41127
41121.1
41115.4
41109.6
41104
41098.4
41092.9
41087.5
41082.3
41077.1
41072.1
41067.3
41062.7
41058.4
41054.3
41050.4
41046.9
41043.8
41041
41038.6
41036.6
41035.1
41034
41033.4
41033.3
41033.7
41034.6
41036
41038
41040.4
41043.5
41047
41051.1
41055.7
41060.8
41066.4
41072.6
41079.2
41086.2
41093.7
41101.6
41109.9
41118.6
41127.6
41136.9
41146.5
41156.3
41166.4
41176.6
41187
41197.5
41208
41218.6
41229.3
41239.8
41250.4
41260.8
41271.1
41281.3
41291.3
41301.1
41310.6
41320
41329
41337.7
41346.2
41354.3
41362
41369.4
41376.5
41383.2
41389.5
41395.4
41400.9
41406
41410.7
41415
41418.8
41422.3
41425.4
41428
41430.2
41432
41433.4
41434.4
41435
41435.1
41434.9
41434.2
41433.1
41431.6
41429.7
41427.4
41424.7
41421.6
41418.1
41414.2
41410
41405.3
41400.3
41395
41389.3
41383.2
41376.9
41370.2
41363.3
41356.1
41348.6
41340.9
41333
41324.9
41316.7
41308.3
41299.8
41291.3
41282.6
41273.9
41265.2
41256.6
41247.9
41239.3
41230.8
41222.3
41214
41205.9
41197.8
41190
41182.3
41174.9
41167.6
41160.6
41153.8
41147.3
41141.1
41135.1
41129.4
41124
41118.9
41114.2
41109.7
41105.5
41101.7
41098.2
41095.1
41092.2
41089.7
41087.6
41085.7
41084.3
41083.1
41082.3
41081.8
41081.7
41081.9
41082.5
41083.3
41084.5
41086
41087.9
41090.1
41092.5
41095.3
41098.4
41101.7
41105.4
41109.3
41113.6
41118
41122.8
41127.7
41132.9
41138.4
41144
41149.8
41155.9
41162.1
41168.4
41174.9
41181.5
41188.3
41195.1
41202
41209
41216
41223.1
41230.1
41237.2
41244.2
41251.2
41258.1
41265
41271.8
41278.5
41285
41291.4
41297.7
41303.8
41309.8
41315.6
41321.1
41326.5
41331.6
41336.5
41341.1
41345.5
41349.6
41353.5
41357
41360.3
41363.2
41365.9
41368.1
41370.1
41371.7
41372.9
41373.8
41374.3
41374.4
41374.1
41373.4
41372.4
41370.9
41369.1
41366.8
41364.2
41361.2
41357.9
41354.2
41350.2
41345.8
41341.1
41336.2
41331
41325.5
41319.8
41313.9
41307.8
41301.5
41295.1
41288.6
41282
41275.3
41268.6
41261.8
41255
41248.3
41241.5
41234.9
41228.3
41221.8
41215.4
41209.1
41203
41197.1
41191.4
41185.9
41180.6
41175.5
41170.7
41166.2
41161.9
41157.9
41154.2
41150.8
41147.8
41145
41142.6
41140.4
41138.6
41137.2
41136
41135.2
41134.6
41134.4
41134.5
41134.9
41135.6
41136.5
41137.8
41139.3
41141.1
41143.2
41145.5
41148
41150.8
41153.8
41156.9
41160.3
41163.8
41167.4
41171.2
41175
41179
41183
41187.1
41191.2
41195.3
41199.3
41203.4
41207.4
41211.3
41215.1
41218.9
41222.5
41226.1
41229.5
41232.9
41236.1
41239.2
41242.2
41245.1
41247.9
41250.7
41253.3
41255.8
41258.3
41260.7
41263
41265.4
41267.6
41269.9
41272.1
41274.3
41276.5
41278.7
41280.8
41283
41285.2
41287.4
41289.7
41291.9
41294.1
41296.4
41298.6
41300.8
41303
41305.2
41307.4
41309.5
41311.6
41313.6
41315.5
41317.3
41319.1
41320.7
41322.2
41323.5
41324.7
41325.7
41326.6
41327.2
41327.6
41327.8
41327.8
41327.6
41327.1
41326.4
41325.4
41324.2
41322.7
41321
41319
41316.8
41314.3
41311.7
41308.8
41305.6
41302.3
41298.8
41295.1
41291.3
41287.3
41283.2
41278.9
41274.6
41270.2
41265.7
41261.1
41256.6
41252
41247.4
41242.8
41238.3
41233.8
41229.4
41225
41220.8
41216.7
41212.7
41208.8
41205.1
41201.6
41198.2
41195.1
41192.1
41189.3
41186.8
41184.4
41182.3
41180.4
41178.8
41177.3
41176.1
41175.1
41174.4
41173.8
41173.4
41173.2
41173.2
41173.3
41173.6
41173.9
41174.4
41175
41175.5
41176.2
41176.8
41177.5
41178.1
41178.7
41179.3
41179.9
41180.4
41180.9
41181.3
41181.7
41182
41182.3
41182.5
41182.8
41183
41183.2
41183.4
41183.7
41183.9
41184.1
41184.4
41184.8
41185.2
41185.6
41186.1
41186.7
41187.4
41188.2
41189
41190
41191.1
41192.3
41193.6
41195.1
41196.6
41198.3
41200.2
41202.1
41204.2
41206.4
41208.8
41211.3
41213.9
41216.6
41219.4
41222.3
41225.2
41228.3
41231.4
41234.6
41237.8
41241.1
41244.4
41247.7
41251
41254.3
41257.5
41260.7
41263.9
41267
41270.1
41273.1
41276
41278.8
41281.5
41284.2
41286.7
41289.1
41291.3
41293.5
41295.5
41297.4
41299.1
41300.8
41302.2
41303.6
41304.7
41305.7
41306.6
41307.3
41307.8
41308.2
41308.4
41308.4
41308.3
41308
41307.5
41306.9
41306
41305
41303.9
41302.5
41301
41299.4
41297.6
41295.6
41293.5
41291.2
41288.9
41286.4
41283.8
41281.1
41278.3
41275.4
41272.5
41269.5
41266.5
41263.4
41260.3
41257.3
41254.2
41251.1
41248.1
41245.1
41242.2
41239.3
41236.5
41233.8
41231.2
41228.6
41226.2
41223.8
41221.6
41219.5
41217.4
41215.6
41213.8
41212.1
41210.6
41209.2
41207.9
41206.7
41205.7
41204.7
41203.9
41203.2
41202.6
41202.2
41201.8
41201.5
41201.4
41201.3
41201.4
41201.5
41201.8
41202.1
41202.5
41203
41203.6
41204.3
41205
41205.8
41206.7
41207.7
41208.8
41209.9
41211.1
41212.4
41213.7
41215.1
41216.6
41218.1
41219.8
41221.4
41223.1
41224.9
41226.8
41228.6
41230.6
41232.5
41234.5
41236.5
41238.5
41240.5
41242.6
41244.6
41246.5
41248.4
41250.3
41252.1
41253.8
41255.3
41256.8
41258.1
41259.3
41260.4
41261.2
41261.9
41262.4
41262.7
41262.8
41262.7
41262.5
41262
41261.3
41260.5
41259.5
41258.3
41256.9
41255.5
41253.8
41252.1
41250.3
41248.3
41246.3
41244.2
41242
41239.9
41237.6
41235.4
41233.2
41231
41228.7
41226.6
41224.4
41222.3
41220.3
41218.4
41216.5
41214.7
41212.9
41211.3
41209.8
41208.3
41207
41205.8
41204.7
41203.7
41202.8
41202
41201.3
41200.8
41200.3
41200
41199.8
41199.6
41199.6
41199.7
41199.9
41200.2
41200.6
41201.1
41201.7
41202.4
41203.2
41204.1
41205.1
41206.2
41207.4
41208.6
41210
41211.5
41213.1
41214.8
41216.5
41218.4
41220.4
41222.5
41224.7
41227.1
41229.5
41232.1
41234.7
41237.5
41240.4
41243.4
41246.6
41249.8
41253.1
41256.6
41260.1
41263.8
41267.5
41271.3
41275.1
41279
41282.9
41286.7
41290.5
41294.3
41297.9
41301.4
41304.6
41307.7
41310.5
41313
41315.2
41317.1
41318.5
41319.6
41320.3
41320.6
41320.5
41319.9
41319
41317.8
41316.1
41314.2
41312
41309.5
41306.7
41303.8
41300.7
41297.4
41294
41290.5
41286.9
41283.3
41279.6
41275.9
41272.2
41268.6
41265
41261.4
41257.9
41254.5
41251.1
41247.9
41244.7
41241.7
41238.7
41235.9
41233.2
41230.6
41228.2
41225.9
41223.7
41221.7
41219.8
41218.1
41216.5
41215.1
41213.8
41212.6
41211.6
41210.8
41210
41209.4
41209
41208.6
41208.3
41208.1
41208.1
41208.1
41208.3
41208.5
41208.8
41209.3
41209.9
41210.6
41211.4
41212.4
41213.5
41214.9
41216.4
41218.2
41220.2
41222.5
41225.1
41228.1
41231.4
41235.1
41239.3
41243.9
41249
41254.6
41260.6
41267.1
41273.9
41280.9
41288
41295
41301.7
41308
41313.7
41318.7
41322.9
41326.4
41328.9
41330.5
41331.1
41330.8
41329.5
41327.3
41324.2
41320.4
41315.9
41310.9
41305.4
41299.6
41293.5
41287.2
41280.8
41274.4
41268
41261.7
41255.5
41249.5
41243.7
41238.1
41232.8
41227.8
41223.2
41218.8
41214.9
41211.3
41208
41205.2
41202.7
41200.6
41198.9
41197.5
41196.5
41195.8
41195.5
41195.6
41195.9
41196.5
41197.4
41198.5
41199.9
41201.5
41203.2
41205.1
41207.1
41209.1
41211.2
41213.3
41215.4
41217.4
41219.3
41221.1
41222.8
41224.4
41225.9
41227.2
41228.4
41229.5
41230.5
41231.4
41232.2
41233
41233.8
41234.6
41235.5
41236.4
41237.4
41238.6
41239.9
41241.4
41243.1
41245.1
41247.2
41249.7
41252.4
41255.4
41258.7
41262.3
41266.2
41270.4
41274.8
41279.5
41284.5
41289.6
41295
41300.4
41305.9
41311.4
41316.8
41322.1
41327
41331.5
41335.6
41339.1
41342
41344.1
41345.5
41346.2
41346
41345
41343.3
41340.9
41337.8
41334.1
41330
41325.5
41320.8
41315.8
41310.7
41305.5
41300.4
41295.3
41290.3
41285.5
41280.9
41276.5
41272.3
41268.3
41264.6
41261.2
41258
41255.1
41252.4
41250
41247.8
41245.9
41244.1
41242.6
41241.3
41240.1
41239.1
41238.2
41237.5
41236.9
41236.4
41236
41235.6
41235.4
41235.2
41235.1
41235
41234.9
41234.8
41234.7
41234.5
41234.3
41234
41233.7
41233.2
41232.7
41232.1
41231.4
41230.6
41229.8
41228.9
41227.9
41227
41226.1
41225.2
41224.3
41223.5
41222.9
41222.3
41221.9
41221.7
41221.7
41221.9
41222.3
41223
41224
41225.2
41226.8
41228.6
41230.8
41233.3
41236.1
41239.3
41242.8
41246.6
41250.7
41255.2
41259.9
41264.9
41270.1
41275.4
41280.8
41286.1
41291.2
41295.9
41300.3
41304
41307.2
41309.5
41311.1
41311.8
41311.6
41310.4
41308.4
41305.5
41301.9
41297.5
41292.7
41287.3
41281.7
41275.8
41269.7
41263.7
41257.6
41251.6
41245.8
41240.2
41234.8
41229.6
41224.8
41220.2
41216.1
41212.2
41208.7
41205.6
41202.9
41200.5
41198.5
41196.8
41195.4
41194.4
41193.7
41193.3
41193.2
41193.3
41193.8
41194.5
41195.4
41196.6
41198
41199.6
41201.3
41203.3
41205.4
41207.6
41209.8
41212.2
41214.6
41217
41219.4
41221.7
41224
41226.3
41228.4
41230.5
41232.5
41234.4
41236.2
41238
41239.7
41241.4
41243
41244.7
41246.4
41248.1
41249.9
41251.8
41253.9
41256
41258.3
41260.8
41263.4
41266.3
41269.3
41272.4
41275.8
41279.2
41282.8
41286.5
41290.3
41294.1
41297.8
41301.5
41305.1
41308.5
41311.8
41314.8
41317.5
41319.9
41321.9
41323.6
41324.8
41325.6
41325.8
41325.6
41324.9
41323.7
41322
41319.9
41317.3
41314.4
41311.1
41307.5
41303.6
41299.6
41295.4
41291.2
41286.9
41282.6
41278.3
41274.2
41270.1
41266.2
41262.5
41258.9
41255.6
41252.4
41249.5
41246.7
41244.2
41241.8
41239.7
41237.7
41235.9
41234.3
41232.8
41231.4
41230.1
41229
41227.9
41226.9
41225.9
41225
41224.2
41223.3
41222.5
41221.6
41220.7
41219.9
41218.9
41218
41217
41216
41214.9
41213.7
41212.6
41211.4
41210.1
41208.9
41207.6
41206.4
41205.1
41203.9
41202.7
41201.6
41200.6
41199.7
41198.9
41198.2
41197.6
41197.3
41197.1
41197
41197.2
41197.5
41198.1
41198.9
41199.8
41201
41202.4
41203.9
41205.6
41207.5
41209.5
41211.6
41213.8
41216.2
41218.5
41221
41223.4
41225.8
41228.2
41230.5
41232.7
41234.8
41236.8
41238.6
41240.3
41241.8
41243.1
41244.2
41245.2
41245.9
41246.4
41246.8
41247
41247
41246.9
41246.7
41246.4
41245.9
41245.5
41244.9
41244.4
41243.8
41243.2
41242.6
41242.1
41241.6
41241.1
41240.7
41240.4
41240.1
41239.9
41239.7
41239.6
41239.5
41239.5
41239.5
41239.6
41239.7
41239.8
41240
41240.1
41240.3
41240.5
41240.6
41240.8
41240.9
41241
41241.1
41241.1
41241.2
41241.1
41241.1
41241
41240.9
41240.7
41240.5
41240.2
41240
41239.7
41239.3
41239
41238.7
41238.3
41238
41237.7
41237.5
41237.2
41237.1
41236.9
41236.9
41236.9
41237
41237.2
41237.5
41237.9
41238.5
41239.1
41239.8
41240.7
41241.6
41242.7
41243.9
41245.1
41246.5
41248
41249.5
41251.1
41252.8
41254.5
41256.2
41258
41259.7
41261.5
41263.1
41264.7
41266.3
41267.7
41268.9
41270.1
41271
41271.8
41272.4
41272.7
41272.9
41272.8
41272.6
41272.1
41271.4
41270.6
41269.6
41268.4
41267
41265.6
41264
41262.4
41260.6
41258.9
41257.1
41255.3
41253.5
41251.8
41250
41248.4
41246.7
41245.2
41243.7
41242.3
41241
41239.7
41238.6
41237.5
41236.5
41235.6
41234.7
41233.9
41233.2
41232.5
41231.9
41231.3
41230.8
41230.3
41229.8
41229.4
41228.9
41228.4
41228
41227.5
41227
41226.6
41226.1
41225.5
41225
41224.4
41223.8
41223.2
41222.6
41222
41221.3
41220.7
41220.1
41219.5
41218.9
41218.3
41217.8
41217.3
41216.9
41216.6
41216.4
41216.2
41216.1
41216.1
41216.3
41216.5
41216.8
41217.3
41217.9
41218.6
41219.4
41220.3
41221.3
41222.4
41223.6
41224.9
41226.2
41227.7
41229.1
41230.7
41232.2
41233.7
41235.2
41236.7
41238.1
41239.5
41240.8
41241.9
41243
41243.9
41244.7
41245.3
41245.8
41246.1
41246.2
41246.2
41246.1
41245.8
41245.3
41244.8
41244.1
41243.4
41242.6
41241.7
41240.8
41239.8
41238.9
41237.9
41237
41236.1
41235.2
41234.4
41233.6
41232.9
41232.3
41231.7
41231.3
41230.8
41230.5
41230.2
41230
41229.9
41229.8
41229.8
41229.8
41229.9
41230
41230.1
41230.2
41230.4
41230.5
41230.6
41230.8
41230.9
41231
41231
41231
41231
41231
41230.9
41230.7
41230.6
41230.3
41230.1
41229.8
41229.5
41229.2
41228.8
41228.5
41228.1
41227.8
41227.5
41227.3
41227.1
41226.9
41226.8
41226.8
41226.9
41227.1
41227.4
41227.8
41228.3
41230.7
41232.3
41233.6
41234.6
41235.5
41236.3
41237.1
41237.8
41238.5
41239.1
41239.6
41240.1
41240.6
41241
41241.4
41241.7
41241.9
41242
41242.1
41242.2
41242.1
41242
41241.9
41241.7
41241.5
41241.2
41240.9
41240.6
41240.3
41239.9
41239.6
41239.2
41238.9
41238.5
41238.2
41237.9
41237.6
41237.3
41237.1
41237
41236.8
41236.8
41236.8
41236.8
41236.9
41237.1
41237.3
41237.6
41238
41238.4
41238.8
41239.3
41239.8
41240.4
41240.9
41241.5
41242.1
41242.7
41243.2
41243.8
41244.3
41244.8
41245.2
41245.6
41246
41246.3
41246.5
41246.7
41246.8
41246.9
41246.9
41246.8
41246.7
41246.5
41246.3
41246
41245.7
41245.4
41245
41244.6
41244.1
41243.6
41243.2
41242.6
41242.1
41241.6
41241
41240.5
41239.9
41239.3
41238.8
41238.2
41237.6
41237
41236.4
41235.8
41235.2
41234.6
41234
41233.4
41232.7
41232.1
41231.5
41230.9
41230.3
41229.6
41229
41228.4
41227.8
41227.2
41226.5
41225.9
41225.4
41224.8
41224.2
41223.6
41223.1
41222.6
41222.1
41221.6
41221.2
41220.7
41220.3
41220
41219.6
41219.3
41219
41218.8
41218.6
41218.4
41218.3
41218.2
41218.1
41218.1
41218.1
41218.2
41218.3
41218.4
41218.5
41218.7
41218.9
41219.2
41219.4
41219.7
41220
41220.4
41220.7
41221.1
41221.5
41221.9
41222.3
41222.8
41223.2
41223.7
41224.1
41224.6
41225.1
41225.6
41226.1
41226.6
41227
41227.5
41228
41228.6
41229.1
41229.6
41230.1
41230.6
41231.1
41231.6
41232.2
41232.7
41233.2
41233.7
41234.3
41234.8
41235.3
41235.9
41236.4
41237
41237.5
41238
41238.6
41239.1
41239.7
41240.2
41240.8
41241.3
41241.8
41242.3
41242.8
41243.4
41243.8
41244.3
41244.8
41245.3
41245.7
41246.1
41246.6
41247
41247.3
41247.7
41248.1
41248.4
41248.7
41249
41249.3
41249.5
41249.7
41250
41250.1
41250.3
41250.5
41250.6
41250.7
41250.8
41250.9
41251
41251
41251.1
41251.1
41251.1
41251.1
41251.1
41251
41251
41250.9
41250.8
41250.8
41250.7
41250.6
41250.4
41250.3
41250.2
41250
41249.9
41249.7
41249.6
41249.4
41249.2
41249
41248.8
41248.5
41248.3
41248
41247.8
41247.5
41247.2
41246.9
41246.6
41246.3
41246
41245.6
41245.2
41244.9
41244.5
41244.1
41243.7
41243.2
41242.8
41242.3
41241.9
41241.4
41240.9
41240.4
41239.9
41239.3
41238.8
41238.2
41237.7
41237.1
41236.6
41236
41235.4
41234.8
41234.2
41233.6
41233
41232.4
41231.9
41231.3
41230.7
41230.1
41229.5
41228.9
41228.3
41227.8
41227.2
41226.7
41226.1
41225.6
41225.1
41224.6
41224.1
41223.7
41223.2
41222.8
41222.4
41222
41221.7
41221.3
41221
41220.7
41220.5
41220.2
41220
41219.8
41219.7
41219.6
41219.5
41219.4
41219.4
41219.4
41219.4
41219.5
41219.6
41219.7
41219.9
41220
41220.2
41220.5
41220.7
41221
41221.4
41221.7
41222.1
41222.5
41222.9
41223.3
41223.8
41224.2
41224.7
41225.2
41225.7
41226.3
41226.8
41227.4
41227.9
41228.5
41229.1
41229.6
41230.2
41230.8
41231.4
41231.9
41232.5
41233.1
41233.6
41234.2
41234.7
41235.2
41235.8
41236.3
41236.7
41237.2
41237.7
41238.1
41238.5
41238.9
41239.3
41239.7
41240
41240.3
41240.6
41240.9
41241.2
41241.4
41241.6
41241.8
41242
41242.1
41242.2
41242.3
41242.4
41242.5
41242.5
41242.5
41242.5
41242.5
41242.5
41242.4
41242.3
41242.2
41242.1
41242
41241.9
41241.7
41241.6
41241.4
41241.2
41241.1
41240.9
41240.7
41240.5
41240.3
41240.1
41239.9
41239.7
41239.5
41239.3
41239.1
41238.9
41238.7
41238.5
41238.4
41238.2
41238.1
41237.9
41237.8
41237.7
41237.5
41237.4
41237.4
41237.3
41237.2
41237.2
41237.2
41237.2
41237.2
41237.2
41237.2
41237.3
41237.3
41237.4
41237.5
41237.6
41237.7
41237.9
41238
41238.2
41238.4
41238.6
41238.8
41239
41239.2
41239.4
41239.7
41239.9
41240.2
41240.4
41240.7
41240.9
41241.2
41241.5
41241.7
41242
41242.3
41242.5
41242.8
41243
41243.2
41243.5
41243.7
41243.9
41244.1
41244.3
41244.4
41244.6
41244.7
41244.8
41244.9
41245
41245.1
41245.1
41245.2
41245.2
41245.1
41245.1
41245
41245
41244.8
41244.7
41244.6
41244.4
41244.2
41244
41243.7
41243.5
41243.2
41242.9
41242.5
41242.2
41241.8
41241.5
41241.1
41240.6
41240.2
41239.8
41239.3
41238.8
41238.3
41237.8
41237.3
41236.8
41236.3
41235.8
41235.2
41234.7
41234.1
41233.6
41233
41232.5
41232
41231.4
41230.9
41230.4
41229.8
41229.3
41228.8
41228.3
41227.8
41227.4
41226.9
41226.5
41226
41225.6
41225.2
41224.9
41224.5
41224.1
41223.8
41223.5
41223.2
41223
41222.7
41222.5
41222.3
41222.1
41222
41221.8
41221.7
41221.6
41221.6
41221.5
41221.5
41221.5
41221.5
41221.6
41221.6
41221.7
41221.8
41221.9
41222.1
41222.3
41222.4
41222.6
41222.9
41223.1
41223.4
41223.6
41223.9
41224.2
41224.5
41224.9
41225.2
41225.6
41226
41226.3
41226.7
41227.1
41227.5
41228
41228.4
41228.8
41229.3
41229.7
41230.2
41230.6
41231.1
41231.5
41232
41232.5
41232.9
41233.4
41233.9
41234.3
41234.8
41235.2
41235.7
41236.1
41236.6
41237
41237.5
41237.9
41238.3
41238.7
41239.2
41239.6
41240
41240.4
41240.7
41241.1
41241.5
41241.8
41242.2
41242.5
41242.9
41243.2
41243.5
41243.8
41244.1
41244.4
41244.7
41244.9
41245.2
41245.4
41245.7
41245.9
41246.1
41246.3
41246.5
41246.7
41246.9
41247
41247.2
41247.3
41247.5
41247.6
41247.7
41247.8
41247.9
41248
41248
41248.1
41248.1
41248.2
41248.2
41248.2
41248.2
41248.2
41248.2
41248.1
41248.1
41248
41248
41247.9
41247.8
41247.7
41247.6
41247.4
41247.3
41247.1
41247
41246.8
41246.6
41246.4
41246.1
41245.9
41245.7
41245.4
41245.1
41244.8
41244.5
41244.2
41243.9
41243.6
41243.2
41242.8
41242.5
41242.1
41241.7
41241.3
41240.9
41240.5
41240
41239.6
41239.1
41238.7
41238.2
41237.8
41237.3
41236.8
41236.3
41235.9
41235.4
41234.9
41234.4
41233.9
41233.4
41233
41232.5
41232
41231.5
41231.1
41230.6
41230.2
41229.7
41229.3
41228.9
41228.5
41228.1
41227.7
41227.3
41226.9
41226.6
41226.3
41225.9
41225.6
41225.4
41225.1
41224.9
41224.6
41224.4
41224.2
41224.1
41223.9
41223.8
41223.7
41223.6
41223.5
41223.5
41223.4
41223.4
41223.5
41223.5
41223.6
41223.6
41223.7
41223.9
41224
41224.2
41224.3
41224.5
41224.7
41225
41225.2
41225.5
41225.8
41226
41226.4
41226.7
41227
41227.3
41227.7
41228.1
41228.4
41228.8
41229.2
41229.6
41230
41230.4
41230.8
41231.2
41231.6
41232
41232.4
41232.8
41233.2
41233.6
41234
41234.3
41234.7
41235.1
41235.5
41235.8
41236.2
41236.5
41236.8
41237.2
41237.5
41237.8
41238.1
41238.3
41238.6
41238.9
41239.1
41239.3
41239.5
41239.7
41239.9
41240.1
41240.2
41240.4
41240.5
41240.6
41240.7
41240.8
41240.9
41241
41241
41241.1
41241.1
41241.1
41241.1
41241.1
41241.1
41241.1
41241.1
41241
41241
41240.9
41240.9
41240.8
41240.8
41240.7
41240.6
41240.5
41240.5
41240.4
41240.3
41240.2
41240.1
41240.1
41240
41239.9
41239.8
41239.7
41239.7
41239.6
41239.5
41239.5
41239.4
41239.3
41239.3
41239.2
41239.2
41239.1
41239.1
41239.1
41239
41239
41239
41239
41239
41239
41239
41239
41239
41239
41239
41239
41239
41239
41239.1
41239.1
41239.1
41239.1
41239.2
41239.2
41239.2
41239.3
41239.3
41239.3
41239.3
41239.4
41239.4
41239.4
41239.4
41239.4
41239.4
41239.4
41239.4
41239.4
41239.4
41239.4
41239.3
41239.3
41239.3
41239.2
41239.2
41239.1
41239
41239
41238.9
41238.8
41238.7
41238.6
41238.5
41238.4
41238.3
41238.1
41238
41237.8
41237.7
41237.5
41237.4
41237.2
41237
41236.9
41236.7
41236.5
41236.3
41236.1
41235.9
41235.7
41235.5
41235.3
41235.1
41234.9
41234.7
41234.4
41234.2
41234
41233.8
41233.6
41233.4
41233.2
41233
41232.8
41232.5
41232.4
41232.2
41232
41231.8
41231.6
41231.4
41231.3
41231.1
41230.9
41230.8
41230.6
41230.5
41230.4
41230.3
41230.2
41230
41230
41229.9
41229.8
41229.7
41229.7
41229.6
41229.6
41229.5
41229.5
41229.5
41229.5
41229.5
41229.5
41229.5
41229.6
41229.6
41229.6
41229.7
41229.8
41229.8
41229.9
41230
41230.1
41230.2
41230.3
41230.4
41230.6
41230.7
41230.8
41231
41231.1
41231.3
41231.5
41231.6
41231.8
41232
41232.1
41232.3
41232.5
41232.7
41232.9
41233.1
41233.3
41233.5
41233.7
41233.9
41234.1
41234.3
41234.5
41234.7
41234.9
41235.1
41235.3
41235.5
41235.7
41235.9
41236.1
41236.3
41236.5
41236.7
41236.9
41237
41237.2
41237.4
41237.6
41237.8
41237.9
41238.1
41238.3
41238.4
41238.6
41238.7
41238.9
41239
41239.2
41239.3
41239.5
41239.6
41239.7
41239.8
41239.9
41240
41240.2
41240.3
41240.4
41240.4
41240.5
41240.6
41240.7
41240.8
41240.8
41240.9
41240.9
41241
41241
41241.1
41241.1
41241.1
41241.2
41241.2
41241.2
41241.2
41241.2
41241.2
41241.2
41241.2
41241.2
41241.2
41241.1
41241.1
41241.1
41241
41241
41240.9
41240.8
41240.8
41240.7
41240.6
41240.6
41240.5
41240.4
41240.3
41240.2
41240.1
41240
41239.9
41239.7
41239.6
41239.5
41239.4
41239.2
41239.1
41239
41238.8
41238.7
41238.5
41238.4
41238.2
41238
41237.9
41237.7
41237.5
41237.4
41237.2
41237
41236.8
41236.7
41236.5
41236.3
41236.1
41235.9
41235.8
41235.6
41235.4
41235.2
41235
41234.9
41234.7
41234.5
41234.3
41234.2
41234
41233.8
41233.7
41233.5
41233.4
41233.2
41233.1
41232.9
41232.8
41232.6
41232.5
41232.4
41232.3
41232.1
41232
41231.9
41231.8
41231.7
41231.6
41231.6
41231.5
41231.4
41231.3
41231.3
41231.2
41231.2
41231.2
41231.1
41231.1
41231.1
41231.1
41231.1
41231.1
41231.1
41231.1
41231.1
41231.2
41231.2
41231.2
41231.3
41231.3
41231.4
41231.5
41231.5
41231.6
41231.7
41231.8
41231.9
41232
41232.1
41232.2
41232.3
41232.4
41232.5
41232.7
41232.8
41232.9
41233.1
41233.2
41233.3
41233.5
41233.6
41233.7
41233.9
41234
41234.2
41234.3
41234.5
41234.6
41234.7
41234.9
41235
41235.2
41235.3
41235.4
41235.6
41235.7
41235.8
41236
41236.1
41236.2
41236.4
41236.5
41236.6
41236.7
41236.8
41236.9
41237
41237.1
41237.2
41237.3
41237.4
41237.5
41237.6
41237.7
41237.7
41237.8
41237.9
41237.9
41238
41238.1
41238.1
41238.2
41238.2
41238.2
41238.3
41238.3
41238.4
41238.4
41238.4
41238.4
41238.5
41238.5
41238.5
41238.5
41238.5
41238.5
41238.5
41238.6
41238.6
41238.6
41238.6
41238.6
41238.6
41238.6
41238.6
41238.5
41238.5
41238.5
41238.5
41238.5
41238.5
41238.5
41238.5
41238.5
41238.5
41238.4
41238.4
41238.4
41238.4
41238.4
41238.4
41238.3
41238.3
41238.3
41238.3
41238.3
41238.3
41238.2
41238.2
41238.2
41238.2
41238.1
41238.1
41238.1
41238.1
41238
41238
41238
41237.9
41237.9
41237.9
41237.8
41237.8
41237.8
41237.7
41237.7
41237.6
41237.6
41237.5
41237.5
41237.4
41237.4
41237.3
41237.2
41237.2
41237.1
41237
41237
41236.9
41236.8
41236.7
41236.7
41236.6
41236.5
41236.4
41236.3
41236.2
41236.1
41236.1
41236
41235.9
41235.8
41235.7
41235.6
41235.5
41235.4
41235.3
41235.1
41235
41234.9
41234.8
41234.7
41234.6
41234.5
41234.4
41234.3
41234.2
41234.1
41234
41233.9
41233.8
41233.7
41233.6
41233.5
41233.4
41233.3
41233.2
41233.1
41233
41233
41232.9
41232.8
41232.7
41232.7
41232.6
41232.5
41232.5
41232.4
41232.4
41232.3
41232.3
41232.3
41232.2
41232.2
41232.2
41232.2
41232.2
41232.2
41232.2
41232.2
41232.2
41232.2
41232.2
41232.3
41232.3
41232.3
41232.4
41232.4
41232.5
41232.5
41232.6
41232.6
41232.7
41232.8
41232.9
41232.9
41233
41233.1
41233.2
41233.3
41233.4
41233.5
41233.6
41233.7
41233.8
41234
41234.1
41234.2
41234.3
41234.4
41234.6
41234.7
41234.8
41234.9
41235.1
41235.2
41235.3
41235.5
41235.6
41235.7
41235.9
41236
41236.1
41236.2
41236.4
41236.5
41236.6
41236.8
41236.9
41237
41237.1
41237.2
41237.4
41237.5
41237.6
41237.7
41237.8
41237.9
41238
41238.1
41238.2
41238.3
41238.4
41238.5
41238.5
41238.6
41238.7
41238.8
41238.8
41238.9
41239
41239
41239.1
41239.1
41239.2
41239.2
41239.3
41239.3
41239.3
41239.4
41239.4
41239.4
41239.4
41239.5
41239.5
41239.5
41239.5
41239.5
41239.5
41239.5
41239.5
41239.5
41239.5
41239.4
41239.4
41239.4
41239.4
41239.4
41239.3
41239.3
41239.3
41239.2
41239.2
41239.1
41239.1
41239.1
41239
41239
41238.9
41238.8
41238.8
41238.7
41238.7
41238.6
41238.5
41238.4
41238.4
41238.3
41238.2
41238.1
41238.1
41238
41237.9
41237.8
41237.7
41237.6
41237.5
41237.4
41237.3
41237.2
41237.1
41237
41236.9
41236.8
41236.7
41236.6
41236.5
41236.4
41236.3
41236.1
41236
41235.9
41235.8
41235.7
41235.6
41235.4
41235.3
41235.2
41235.1
41234.9
41234.8
41234.7
41234.6
41234.5
41234.3
41234.2
41234.1
41234
41233.8
41233.7
41233.6
41233.5
41233.4
41233.3
41233.1
41233
41232.9
41232.8
41232.7
41232.6
41232.5
41232.4
41232.3
41232.2
41232.1
41232.1
41232
41231.9
41231.8
41231.8
41231.7
41231.6
41231.6
41231.5
41231.5
41231.4
41231.4
41231.4
41231.4
41231.3
41231.3
41231.3
41231.3
41231.3
41231.3
41231.3
41231.3
41231.4
41231.4
41231.4
41231.4
41231.5
41231.5
41231.6
41231.7
41231.7
41231.8
41231.9
41232
41232
41232.1
41232.2
41232.3
41232.4
41232.6
41232.7
41232.8
41232.9
41233.1
41233.2
41233.3
41233.5
41233.6
41233.8
41233.9
41234.1
41234.2
41234.4
41234.5
41234.7
41234.9
41235
41235.2
41235.4
41235.5
41235.7
41235.9
41236
41236.2
41236.4
41236.6
41236.7
41236.9
41237.1
41237.2
41237.4
41237.6
41237.7
41237.9
41238
41238.2
41238.3
41238.5
41238.6
41238.8
41238.9
41239.1
41239.2
41239.3
41239.5
41239.6
41239.7
41239.8
41239.9
41240
41240.1
41240.2
41240.3
41240.4
41240.5
41240.6
41240.7
41240.7
41240.8
41240.9
41240.9
41241
41241
41241
41241.1
41241.1
41241.1
41241.1
41241.1
41241.2
41241.2
41241.2
41241.1
41241.1
41241.1
41241.1
41241.1
41241
41241
41240.9
41240.9
41240.8
41240.8
41240.7
41240.6
41240.6
41240.5
41240.4
41240.3
41240.2
41240.1
41240
41239.9
41239.8
41239.7
41239.6
41239.4
41239.3
41239.2
41239.1
41238.9
41238.8
41238.6
41238.5
41238.3
41238.2
41238
41237.9
41237.7
41237.5
41237.4
41237.2
41237
41236.9
41236.7
41236.5
41236.3
41236.2
41236
41235.8
41235.6
41235.4
41235.2
41235.1
41234.9
41234.7
41234.5
41234.3
41234.1
41233.9
41233.8
41233.6
41233.4
41233.2
41233.1
41232.9
41232.7
41232.5
41232.4
41232.2
41232.1
41231.9
41231.7
41231.6
41231.4
41231.3
41231.2
41231
41230.9
41230.8
41230.7
41230.6
41230.4
41230.3
41230.2
41230.2
41230.1
41230
41229.9
41229.9
41229.8
41229.7
41229.7
41229.7
41229.6
41229.6
41229.6
41229.6
41229.6
41229.6
41229.6
41229.6
41229.6
41229.7
41229.7
41229.8
41229.8
41229.9
41230
41230.1
41230.1
41230.2
41230.3
41230.4
41230.6
41230.7
41230.8
41230.9
41231.1
41231.2
41231.4
41231.5
41231.7
41231.9
41232.1
41232.2
41232.4
41232.6
41232.8
41233
41233.2
41233.4
41233.6
41233.8
41234
41234.3
41234.5
41234.7
41234.9
41235.1
41235.4
41235.6
41235.8
41236
41236.3
41236.5
41236.7
41236.9
41237.2
41237.4
41237.6
41237.8
41238
41238.2
41238.5
41238.7
41238.9
41239.1
41239.3
41239.4
41239.6
41239.8
41240
41240.2
41240.3
41240.5
41240.6
41240.8
41240.9
41241.1
41241.2
41241.3
41241.5
41241.6
41241.7
41241.8
41241.9
41242
41242
41242.1
41242.2
41242.2
41242.3
41242.3
41242.4
41242.4
41242.4
41242.4
41242.4
41242.4
41242.4
41242.4
41242.4
41242.4
41242.3
41242.3
41242.3
41242.2
41242.1
41242.1
41242
41241.9
41241.8
41241.7
41241.6
41241.5
41241.4
41241.3
41241.2
41241.1
41241
41240.8
41240.7
41240.5
41240.4
41240.2
41240.1
41239.9
41239.8
41239.6
41239.4
41239.3
41239.1
41238.9
41238.7
41238.5
41238.3
41238.2
41238
41237.8
41237.6
41237.4
41237.2
41237
41236.8
41236.6
41236.4
41236.2
41236
41235.8
41235.6
41235.4
41235.2
41235
41234.8
41234.6
41234.4
41234.2
41234
41233.8
41233.6
41233.5
41233.3
41233.1
41232.9
41232.7
41232.6
41232.4
41232.2
41232.1
41231.9
41231.8
41231.6
41231.5
41231.3
41231.2
41231.1
41230.9
41230.8
41230.7
41230.6
41230.5
41230.4
41230.3
41230.2
41230.1
41230
41229.9
41229.9
41229.8
41229.8
41229.7
41229.7
41229.6
41229.6
41229.6
41229.6
41229.5
41229.5
41229.5
41229.5
41229.6
41229.6
41229.6
41229.6
41229.7
41229.7
41229.8
41229.8
41229.9
41230
41230.1
41230.1
41230.2
41230.3
41230.4
41230.5
41230.7
41230.8
41230.9
41231
41231.2
41231.3
41231.4
41231.6
41231.8
41231.9
41232.1
41232.2
41232.4
41232.6
41232.8
41233
41233.1
41233.3
41233.5
41233.7
41233.9
41234.1
41234.3
41234.5
41234.7
41234.9
41235.1
41235.3
41235.6
41235.8
41236
41236.2
41236.4
41236.6
41236.8
41237
41237.2
41237.4
41237.6
41237.8
41238
41238.2
41238.4
41238.6
41238.8
41239
41239.1
41239.3
41239.5
41239.7
41239.8
41240
41240.1
41240.3
41240.4
41240.6
41240.7
41240.8
41241
41241.1
41241.2
41241.3
41241.4
41241.5
41241.6
41241.7
41241.8
41241.8
41241.9
41242
41242
41242.1
41242.1
41242.1
41242.2
41242.2
41242.2
41242.2
41242.2
41242.2
41242.2
41242.2
41242.2
41242.1
41242.1
41242.1
41242
41241.9
41241.9
41241.8
41241.7
41241.7
41241.6
41241.5
41241.4
41241.3
41241.2
41241.1
41240.9
41240.8
41240.7
41240.6
41240.4
41240.3
41240.1
41240
41239.8
41239.7
41239.5
41239.4
41239.2
41239
41238.8
41238.7
41238.5
41238.3
41238.1
41237.9
41237.7
41237.6
41237.4
41237.2
41237
41236.8
41236.6
41236.4
41236.2
41236
41235.8
41235.6
41235.4
41235.2
41235
41234.8
41234.6
41234.5
41234.3
41234.1
41233.9
41233.7
41233.5
41233.4
41233.2
41233
41232.8
41232.7
41232.5
41232.3
41232.2
41232
41231.9
41231.7
41231.6
41231.5
41231.3
41231.2
41231.1
41231
41230.9
41230.8
41230.7
41230.6
41230.5
41230.4
41230.3
41230.2
41230.2
41230.1
41230.1
41230
41230
41229.9
41229.9
41229.9
41229.9
41229.8
41229.8
41229.8
41229.9
41229.9
41229.9
41229.9
41229.9
41230
41230
41230.1
41230.1
41230.2
41230.3
41230.4
41230.4
41230.5
41230.6
41230.7
41230.8
41230.9
41231
41231.2
41231.3
41231.4
41231.6
41231.7
41231.8
41232
41232.1
41232.3
41232.5
41232.6
41232.8
41233
41233.1
41233.3
41233.5
41233.7
41233.8
41234
41234.2
41234.4
41234.6
41234.8
41235
41235.2
41235.4
41235.5
41235.7
41235.9
41236.1
41236.3
41236.5
41236.7
41236.9
41237.1
41237.3
41237.4
41237.6
41237.8
41238
41238.2
41238.3
41238.5
41238.7
41238.8
41239
41239.1
41239.3
41239.4
41239.6
41239.7
41239.8
41240
41240.1
41240.2
41240.3
41240.4
41240.5
41240.6
41240.7
41240.8
41240.9
41241
41241
41241.1
41241.2
41241.2
41241.3
41241.3
41241.3
41241.4
41241.4
41241.4
41241.4
41241.4
41241.4
41241.4
41241.4
41241.4
41241.4
41241.3
41241.3
41241.3
41241.2
41241.2
41241.1
41241.1
41241
41240.9
41240.8
41240.8
41240.7
41240.6
41240.5
41240.4
41240.3
41240.2
41240.1
41239.9
41239.8
41239.7
41239.6
41239.4
41239.3
41239.2
41239
41238.9
41238.7
41238.6
41238.5
41238.3
41238.1
41238
41237.8
41237.7
41237.5
41237.4
41237.2
41237
41236.9
41236.7
41236.6
41236.4
41236.2
41236.1
41235.9
41235.7
41235.6
41235.4
41235.3
41235.1
41235
41234.8
41234.7
41234.5
41234.4
41234.2
41234.1
41233.9
41233.8
41233.6
41233.5
41233.4
41233.3
41233.1
41233
41232.9
41232.8
41232.7
41232.6
41232.5
41232.4
41232.3
41232.2
41232.1
41232
41231.9
41231.8
41231.8
41231.7
41231.6
41231.6
41231.5
41231.5
41231.4
41231.4
41231.4
41231.3
41231.3
41231.3
41231.3
41231.3
41231.3
41231.3
41231.3
41231.3
41231.3
41231.3
41231.3
41231.4
41231.4
41231.4
41231.5
41231.5
41231.6
41231.6
41231.7
41231.7
41231.8
41231.9
41231.9
41232
41232.1
41232.2
41232.3
41232.4
41232.5
41232.5
41232.6
41232.8
41232.9
41233
41233.1
41233.2
41233.3
41233.4
41233.6
41233.7
41233.8
41233.9
41234.1
41234.2
41234.3
41234.4
41234.6
41234.7
41234.9
41235
41235.1
41235.3
41235.4
41235.5
41235.7
41235.8
41235.9
41236.1
41236.2
41236.3
41236.5
41236.6
41236.7
41236.9
41237
41237.1
41237.2
41237.4
41237.5
41237.6
41237.7
41237.8
41237.9
41238
41238.2
41238.3
41238.4
41238.4
41238.5
41238.6
41238.7
41238.8
41238.9
41239
41239
41239.1
41239.2
41239.2
41239.3
41239.4
41239.4
41239.5
41239.5
41239.5
41239.6
41239.6
41239.6
41239.7
41239.7
41239.7
41239.7
41239.7
41239.7
41239.7
41239.7
41239.7
41239.7
41239.7
41239.7
41239.6
41239.6
41239.6
41239.6
41239.5
41239.5
41239.4
41239.4
41239.3
41239.3
41239.2
41239.2
41239.1
41239
41239
41238.9
41238.8
41238.8
41238.7
41238.6
41238.5
41238.4
41238.3
41238.3
41238.2
41238.1
41238
41237.9
41237.8
41237.7
41237.6
41237.5
41237.4
41237.3
41237.2
41237.1
41237
41236.9
41236.8
41236.7
41236.6
41236.5
41236.4
41236.2
41236.1
41236
41235.9
41235.8
41235.7
41235.6
41235.5
41235.4
41235.3
41235.2
41235.1
41235
41234.9
41234.8
41234.7
41234.7
41234.6
41234.5
41234.4
41234.3
41234.2
41234.1
41234.1
41234
41233.9
41233.8
41233.8
41233.7
41233.6
41233.6
41233.5
41233.5
41233.4
41233.4
41233.3
41233.3
41233.2
41233.2
41233.1
41233.1
41233.1
41233
41233
41233
41232.9
41232.9
41232.9
41232.9
41232.9
41232.9
41232.9
41232.9
41232.9
41232.9
41232.9
41232.9
41232.9
41232.9
41232.9
41232.9
41233
41233
41233
41233.1
41233.1
41233.1
41233.2
41233.2
41233.2
41233.3
41233.3
41233.4
41233.4
41233.5
41233.6
41233.6
41233.7
41233.7
41233.8
41233.9
41233.9
41234
41234.1
41234.2
41234.2
41234.3
41234.4
41234.5
41234.6
41234.6
41234.7
41234.8
41234.9
41235
41235.1
41235.1
41235.2
41235.3
41235.4
41235.5
41235.6
41235.7
41235.8
41235.9
41236
41236
41236.1
41236.2
41236.3
41236.4
41236.5
41236.6
41236.7
41236.7
41236.8
41236.9
41237
41237.1
41237.1
41237.2
41237.3
41237.4
41237.4
41237.5
41237.6
41237.6
41237.7
41237.8
41237.8
41237.9
41237.9
41238
41238
41238.1
41238.1
41238.2
41238.2
41238.3
41238.3
41238.3
41238.4
41238.4
41238.4
41238.5
41238.5
41238.5
41238.5
41238.5
41238.5
41238.5
41238.5
41238.5
41238.5
41238.5
41238.5
41238.5
41238.5
41238.5
41238.5
41238.5
41238.4
41238.4
41238.4
41238.4
41238.3
41238.3
41238.3
41238.2
41238.2
41238.1
41238.1
41238
41238
41237.9
41237.9
41237.8
41237.8
41237.7
41237.6
41237.6
41237.5
41237.5
41237.4
41237.3
41237.2
41237.2
41237.1
41237
41237
41236.9
41236.8
41236.7
41236.7
41236.6
41236.5
41236.4
41236.4
41236.3
41236.2
41236.1
41236
41236
41235.9
41235.8
41235.7
41235.7
41235.6
41235.5
41235.4
41235.4
41235.3
41235.2
41235.1
41235.1
41235
41234.9
41234.9
41234.8
41234.7
41234.7
41234.6
41234.6
41234.5
41234.4
41234.4
41234.3
41234.3
41234.2
41234.2
41234.1
41234.1
41234
41234
41234
41233.9
41233.9
41233.9
41233.8
41233.8
41233.8
41233.8
41233.7
41233.7
41233.7
41233.7
41233.7
41233.7
41233.7
41233.7
41233.7
41233.7
41233.7
41233.7
41233.7
41233.7
41233.7
41233.7
41233.7
41233.8
41233.8
41233.8
41233.8
41233.9
41233.9
41233.9
41234
41234
41234
41234.1
41234.1
41234.1
41234.2
41234.2
41234.3
41234.3
41234.4
41234.4
41234.5
41234.5
41234.6
41234.7
41234.7
41234.8
41234.8
41234.9
41235
41235
41235.1
41235.2
41235.2
41235.3
41235.4
41235.4
41235.5
41235.6
41235.6
41235.7
41235.8
41235.8
41235.9
41236
41236
41236.1
41236.2
41236.2
41236.3
41236.4
41236.4
41236.5
41236.6
41236.6
41236.7
41236.8
41236.8
41236.9
41236.9
41237
41237
41237.1
41237.1
41237.2
41237.2
41237.3
41237.3
41237.4
41237.4
41237.5
41237.5
41237.5
41237.6
41237.6
41237.6
41237.7
41237.7
41237.7
41237.7
41237.8
41237.8
41237.8
41237.8
41237.8
41237.8
41237.8
41237.8
41237.8
41237.8
41237.8
41237.8
41237.8
41237.8
41237.8
41237.8
41237.8
41237.8
41237.8
41237.7
41237.7
41237.7
41237.7
41237.7
41237.6
41237.6
41237.6
41237.5
41237.5
41237.5
41237.4
41237.4
41237.3
41237.3
41237.3
41237.2
41237.2
41237.1
41237.1
41237
41237
41236.9
41236.9
41236.8
41236.8
41236.7
41236.6
41236.6
41236.5
41236.5
41236.4
41236.4
41236.3
41236.2
41236.2
41236.1
41236.1
41236
41235.9
41235.9
41235.8
41235.8
41235.7
41235.7
41235.6
41235.5
41235.5
41235.4
41235.4
41235.3
41235.3
41235.2
41235.2
41235.1
41235.1
41235
41235
41234.9
41234.9
41234.8
41234.8
41234.7
41234.7
41234.7
41234.6
41234.6
41234.6
41234.5
41234.5
41234.5
41234.4
41234.4
41234.4
41234.4
41234.3
41234.3
41234.3
41234.3
41234.3
