
Primal Residual: 
23.7979
8.66007
3.32016
4.50399
3.19774
1.84864
1.35451
1.27753
1.1474
0.967676
0.81987
0.711759
0.627015
0.555191
0.492092
0.443503
0.418673
0.415264
0.421383
0.425655
0.419773
0.400882
0.371891
0.339436
0.313752
0.300105
0.29536
0.292105
0.28449
0.271204
0.255373
0.240613
0.230221
0.224874
0.222434
0.219798
0.215051
0.20795
0.199517
0.19133
0.184914
0.181271
0.180382
0.182457
0.186906
0.192804
0.199072
0.204729
0.209209
0.212425
0.214661
0.216404
0.218051
0.219739
0.221319
0.222452
0.222793
0.22214
0.220512
0.218131
0.215357
0.212525
0.209787
0.20714
0.20442
0.201385
0.197816
0.193599
0.188774
0.183534
0.178186
0.173091
0.168581
0.164893
0.162123
0.160219
0.158996
0.158199
0.157523
0.156721
0.155614
0.15407
0.152004
0.149373
0.146184
0.142494
0.138416
0.134114
0.129807
0.125755
0.122243
0.119547
0.117891
0.117404
0.11809
0.119827
0.122396
0.125521
0.128917
0.132325
0.13553
0.138373
0.140753
0.142619
0.143967
0.14483
0.145268
0.14536
0.145193
0.14486
0.144445
0.144025
0.143665
0.14341
0.143292
0.143323
0.143502
0.143813
0.14423
0.144717
0.145229
0.145718
0.146129
0.146403
0.146481
0.146301
0.145799
0.144921
0.143616
0.141843
0.139577
0.136804
0.133531
0.129787
0.125623
0.121116
0.116367
0.111506
0.106684
0.102074
0.0978622
0.0942349
0.0913595
0.089364
0.0883148
0.088204
0.0889484
0.0904036
0.0923862
0.0946988
0.0971505
0.0995716
0.101822
0.103793
0.105412
0.10664
0.107404
0.107764
0.107783
0.107525
0.107061
0.106468
0.105823
0.105203
0.104674
0.10429
0.104088
0.104083
0.104274
0.104644
0.105161
0.105789
0.106487
0.107213
0.107931
0.108597
0.109183
0.109681
0.110078
0.110365
0.110535
0.11058
0.110495
0.11027
0.109901
0.109384
0.10871
0.107882
0.106908
0.105803
0.104585
0.10328
0.101915
0.100526
0.0991503
0.0978236
0.0965799
0.0954487
0.0944537
0.0936118
0.0929325
0.0924167
0.0920568
0.0918367
0.091734
0.0917211
0.0917683
0.0918461
0.0919272
0.0919884
0.0920127
0.0919891
0.0919141
0.0917907
0.0916284
0.0914416
0.0912483
0.0910691
0.0909249
0.090836
0.0908209
0.0908948
0.0910689
0.0913501
0.0917401
0.0922355
0.0928278
0.093504
0.0942465
0.0950346
0.0958447
0.0966517
0.0974298
0.0981535
0.0987987
0.0993433
0.0997681
0.100057
0.1002
0.100188
0.100018
0.0996913
0.0992128
0.0985908
0.0978365
0.0969632
0.095986
0.0949206
0.0937828
0.0925881
0.091351
0.090085
0.0888021
0.0875133
0.0862287
0.0849579
0.0837105
0.0824965
0.0813271
0.0802149
0.0791741
0.0782204
0.0773709
0.0766435
0.0760557
0.075624
0.075362
0.0752801
0.0753834
0.0756717
0.0761384
0.076771
0.0775511
0.0784554
0.0794566
0.0805311
0.0815722
0.082567
0.083519
0.0844136
0.0852306
0.0859514
0.0865602
0.0870457
0.0874007
0.0876211
0.0877056
0.0876549
0.0874725
0.0871651
0.0867428
0.0862121
0.0855813
0.0848634
0.0840754
0.0832361
0.0823656
0.0814842
0.0806117
0.0797653
0.078959
0.0782022
0.0774997
0.0768519
0.0762556
0.0757046
0.0751909
0.0747055
0.0742389
0.0737823
0.0733274
0.0728677
0.0723979
0.0719147
0.0714165
0.0709036
0.0703782
0.0698445
0.0693091
0.0687805
0.0682695
0.0677889
0.0673531
0.066977
0.0666759
0.0664638
0.0663527
0.066352
0.0664669
0.0666987
0.0670443
0.0674964
0.0680437
0.0686721
0.0693649
0.0701037
0.0708696
0.0716434
0.0724067
0.0731419
0.0738331
0.0744665
0.0750302
0.0755147
0.0759131
0.0762211
0.0764369
0.0765614
0.0765978
0.0765516
0.0764301
0.0762423
0.0759984
0.075709
0.0753851
0.0750374
0.0746756
0.074308
0.0739412
0.07358
0.0732267
0.0728815
0.0725423
0.0722055
0.0718654
0.0715156
0.0711487
0.0707572
0.070334
0.0698726
0.069368
0.0688164
0.0682163
0.067568
0.0668744
0.0661406
0.0653742
0.0645851
0.0637856
0.0629896
0.0622126
0.0614715
0.0607834
0.0601655
0.0596341
0.0592041
0.0588879
0.0586952
0.0586323
0.0587018
0.0589022
0.0592285
0.0596719
0.060221
0.0608616
0.0615778
0.0623527
0.0631688
0.0640087
0.0648555
0.0656932
0.0665069
0.0672835
0.0680112
0.0686797
0.0692808
0.0698076
0.0702553
0.0706203
0.0709006
0.0710958
0.0712065
0.0712345
0.0711828
0.0710551
0.0708557
0.0705896
0.0702621
0.0698786
0.0694449
0.0689665
0.0684488
0.0678969
0.0673158
0.0667098
0.0660831
0.0654392
0.0647816
0.064113
0.0634361
0.0627536
0.0620676
0.0613807
0.0606952
0.060014
0.0593397
0.0586759
0.058026
0.0573942
0.0567847
0.0562022
0.0556518
0.0551384
0.054667
0.0542425
0.0538693
0.0535514
0.053292
0.0530933
0.0529567
0.0528824
0.0528694
0.0529158
0.0530184
0.0531731
0.053375
0.0536185
0.0538976
0.0542061
0.0545376
0.0548861
0.0552458
0.0556112
0.0559777
0.0563412
0.0566983
0.0570464
0.0573836
0.0577087
0.0580211
0.0583207
0.0586079
0.0588831
0.0591471
0.0594006
0.0596441
0.0598779
0.0601019
0.0603155
0.0605176
0.0607064
0.0608797
0.0610347
0.0611679
0.0612756
0.0613536
0.0613976
0.061403
0.0613654
0.0612805
0.0611442
0.0609531
0.060704
0.0603946
0.0600233
0.0595894
0.0590929
0.058535
0.0579179
0.0572445
0.0565191
0.0557468
0.0549337
0.0540869
0.0532143
0.0523246
0.051427
0.0505316
0.0496486
0.0487885
0.0479618
0.0471791
0.0464501
0.0457844
0.0451905
0.0446756
0.0442461
0.0439065
0.0436599
0.043508
0.0434506
0.0434861
0.0436114
0.0438224
0.0441137
0.0444791
0.0449121
0.0454053
0.0459514
0.0465429
0.0471722
0.0478319
0.0485145
0.049213
0.0499203
0.0506295
0.051334
0.0520273
0.052703
0.0533549
0.053977
0.0545635
0.0551087
0.0556074
0.0560543
0.0564447
0.0567741
0.0570385
0.0572343
0.0573583
0.057408
0.0573815
0.0572774
0.057095
0.0568343
0.0564961
0.0560819
0.055594
0.0550354
0.05441
0.0537223
0.0529777
0.0521824
0.051343
0.0504673
0.0495633
0.0486398
0.047706
0.0467717
0.0458468
0.0449416
0.0440664
0.0432315
0.0424466
0.0417213
0.0410643
0.0404833
0.0399849
0.0395743
0.0392553
0.0390298
0.0388983
0.0388595
0.0389104
0.0390467
0.0392629
0.0395524
0.0399079
0.0403216
0.0407853
0.0412909
0.0418302
0.0423953
0.0429784
0.0435724
0.0441704
0.0447659
0.0453531
0.0459265
0.0464811
0.0470122
0.0475157
0.047988
0.0484256
0.0488257
0.0491857
0.0495034
0.049777
0.050005
0.0501863
0.0503202
0.0504062
0.0504443
0.0504348
0.0503781
0.0502752
0.0501273
0.0499359
0.0497027
0.0494298
0.0491194
0.048774
0.0483963
0.0479889
0.047555
0.0470976
0.0466197
0.0461245
0.0456152
0.045095
0.0445669
0.0440341
0.0434995
0.0429661
0.0424366
0.0419137
0.0414
0.0408982
0.0404105
0.0399393
0.039487
0.0390556
0.0386475
0.0382648
0.0379096
0.0375839
0.0372898
0.0370294
0.0368045
0.0366168
0.0364682
0.0363599
0.0362932
0.036269
0.0362878
0.0363499
0.036455
0.0366024
0.0367909
0.0370188
0.0372841
0.037584
0.0379157
0.0382757
0.0386603
0.0390655
0.0394871
0.0399207
0.040362
0.0408062
0.0412491
0.0416862
0.0421132
0.042526
0.0429206
0.0432934
0.0436409
0.0439599
0.0442477
0.0445015
0.0447192
0.0448989
0.0450388
0.0451378
0.0451948
0.0452092
0.0451805
0.0451088
0.0449942
0.0448371
0.0446384
0.0443989
0.0441199
0.0438028
0.0434493
0.0430613
0.0426408
0.0421902
0.0417118
0.0412083
0.0406826
0.0401377
0.0395769
0.0390035
0.0384212
0.0378338
0.0372452
0.0366596
0.0360814
0.0355149
0.0349649
0.0344359
0.0339328
0.0334602
0.0330228
0.0326251
0.0322715
0.0319658
0.0317115
0.0315118
0.0313689
0.0312845
0.0312598
0.0312947
0.0313887
0.0315403
0.0317475
0.0320072
0.0323161
0.03267
0.0330646
0.033495
0.0339562
0.0344429
0.0349499
0.0354718
0.0360033
0.0365392
0.0370744
0.0376041
0.0381233
0.0386276
0.0391125
0.0395738
0.0400077
0.0404104
0.0407782
0.0411081
0.0413968
0.0416415
0.0418397
0.0419889
0.0420871
0.0421324
0.0421232
0.0420582
0.0419364
0.0417569
0.0415194
0.0412237
0.0408701
0.0404591
0.0399917
0.0394692
0.0388934
0.0382666
0.0375913
0.0368709
0.036109
0.03531
0.0344789
0.0336214
0.0327437
0.0318531
0.0309576
0.0300661
0.0291883
0.028335
0.0275175
0.0267483
0.0260401
0.025406
0.0248587
0.0244104
0.0240719
0.0238517
0.023756
0.0237877
0.0239463
0.0242279
0.0246259
0.0251307
0.0257312
0.0264148
0.0271684
0.0279789
0.0288331
0.0297186
0.0306237
0.0315374
0.0324495
0.0333507
0.0342326
0.0350874
0.0359081
0.0366883
0.0374222
0.0381049
0.0387315
0.0392982
0.0398012
0.0402374
0.0406042
0.0408992
0.0411206
0.0412669
0.0413369
0.0413299
0.0412456
0.0410838
0.040845
0.0405298
0.0401392
0.0396747
0.039138
0.0385312
0.0378568
0.0371177
0.0363173
0.0354592
0.0345477
0.0335876
0.0325841
0.0315432
0.0304714
0.0293763
0.028266
0.02715
0.0260388
0.024944
0.023879
0.0228583
0.0218981
0.0210159
0.0202301
0.0195594
0.0190216
0.0186324
0.0184036
0.0183419
0.018448
0.0187163
0.0191357
0.0196909
0.0203638
0.0211352
0.0219859
0.0228977
0.0238535
0.0248379
0.0258371
0.026839
0.0278326
0.0288084
0.029758
0.030674
0.0315498
0.0323798
0.0331587
0.0338823
0.0345466
0.0351483
0.0356847
0.0361533
0.0365521
0.0368796
0.0371347
0.0373166
0.0374248
0.0374593
0.0374205
0.0373089
0.0371255
0.0368718
0.0365495
0.0361605
0.0357075
0.0351931
0.0346206
0.0339937
0.0333164
0.0325932
0.0318291
0.0310296
0.0302006
0.0293489
0.0284815
0.0276063
0.0267319
0.0258674
0.0250229
0.0242088
0.0234364
0.0227174
0.0220636
0.0214865
0.0209973
0.0206057
0.0203198
0.0201449
0.020084
0.0201364
0.0202986
0.0205641
0.0209242
0.0213684
0.021885
0.0224619
0.0230869
0.0237483
0.0244349
0.0251362
0.0258428
0.0265458
0.0272375
0.0279108
0.0285594
0.0291777
0.0297607
0.0303041
0.0308041
0.0312574
0.0316612
0.032013
0.0323109
0.0325533
0.032739
0.032867
0.0329369
0.0329485
0.0329018
0.0327971
0.0326353
0.0324174
0.0321445
0.0318183
0.0314406
0.0310138
0.0305401
0.0300226
0.0294643
0.0288687
0.0282397
0.0275817
0.0268992
0.0261975
0.0254824
0.0247599
0.0240368
0.0233205
0.022619
0.0219407
0.0212947
0.0206905
0.0201377
0.0196459
0.0192244
0.0188818
0.0186254
0.0184606
0.0183908
0.0184172
0.0185382
0.0187501
0.0190467
0.0194206
0.0198627
0.0203635
0.0209131
0.0215014
0.0221188
0.0227562
0.0234048
0.0240567
0.0247045
0.0253415
0.0259614
0.0265589
0.0271289
0.0276668
0.0281687
0.0286311
0.0290508
0.029425
0.0297516
0.0300284
0.0302538
0.0304267
0.030546
0.0306111
0.0306218
0.0305781
0.0304804
0.0303292
0.0301257
0.029871
0.029567
0.0292156
0.0288191
0.0283802
0.0279021
0.0273881
0.0268423
0.0262687
0.0256723
0.025058
0.0244317
0.0237993
0.0231675
0.0225433
0.021934
0.0213477
0.0207923
0.020276
0.019807
0.0193932
0.0190418
0.018759
0.0185499
0.0184178
0.0183642
0.018389
0.0184896
0.018662
0.0189004
0.0191981
0.019547
0.0199391
0.0203656
0.0208181
0.0212883
0.0217684
0.0222509
0.0227289
0.0231963
0.0236471
0.0240764
0.0244794
0.024852
0.0251907
0.0254923
0.0257542
0.0259742
0.0261505
0.0262817
0.0263669
0.0264054
0.0263971
0.026342
0.0262408
0.0260944
0.0259039
0.0256711
0.0253979
0.0250867
0.0247403
0.0243618
0.0239548
0.0235233
0.0230716
0.0226046
0.0221274
0.0216458
0.0211658
0.0206939
0.0202369
0.0198018
0.0193957
0.0190259
0.0186993
0.0184223
0.0182009
0.0180397
0.0179425
0.0179114
0.0179472
0.0180488
0.0182139
0.0184387
0.018718
0.019046
0.0194161
0.0198213
0.0202544
0.0207084
0.0211761
0.021651
0.0221266
0.0225968
0.0230562
0.0234996
0.0239222
0.0243197
0.0246881
0.025024
0.0253242
0.0255859
0.0258067
0.0259844
0.0261173
0.0262039
0.0262432
0.0262342
0.0261764
0.0260695
0.0259136
0.0257091
0.0254564
0.0251566
0.0248108
0.0244206
0.0239878
0.0235145
0.0230034
0.0224572
0.0218793
0.0212733
0.0206435
0.0199946
0.0193317
0.0186607
0.0179882
0.0173215
0.0166684
0.0160381
0.01544
0.0148847
0.014383
0.013946
0.0135844
0.013308
0.0131247
0.01304
0.0130563
0.0131724
0.0133841
0.0136842
0.0140635
0.0145114
0.0150166
0.015568
0.0161549
0.016767
0.0173952
0.018031
0.0186668
0.0192957
0.0199118
0.0205095
0.021084
0.021631
0.0221466
0.0226276
0.0230709
0.0234738
0.0238341
0.0241498
0.0244193
0.0246411
0.0248141
0.0249375
0.0250107
0.0250334
0.0250055
0.0249271
0.0247986
0.0246207
0.0243943
0.0241204
0.0238006
0.0234365
0.0230299
0.0225832
0.0220987
0.0215792
0.0210279
0.0204482
0.0198439
0.0192193
0.0185793
0.017929
0.0172744
0.016622
0.0159791
0.0153538
0.0147548
0.0141919
0.0136752
0.0132152
0.0128227
0.0125074
0.012278
0.0121411
0.0121002
0.012156
0.0123056
0.0125432
0.0128606
0.013248
0.0136947
0.0141899
0.0147228
0.0152836
0.0158629
0.0164524
0.0170446
0.0176328
0.0182107
0.0187733
0.0193156
0.0198334
0.0203231
0.0207813
0.021205
0.0215918
0.0219394
0.0222458
0.0225094
0.0227288
0.0229029
0.0230308
0.0231118
0.0231455
0.0231316
0.0230702
0.0229615
0.0228059
0.0226038
0.0223563
0.0220643
0.021729
0.021352
0.0209349
0.0204798
0.0199887
0.0194644
0.0189095
0.0183273
0.0177213
0.0170955
0.0164542
0.0158026
0.0151461
0.0144912
0.0138449
0.0132153
0.0126115
0.0120434
0.0115221
0.0110594
0.0106673
0.0103573
0.0101395
0.0100215
0.0100073
0.0100967
0.0102853
0.0105652
0.0109261
0.0113559
0.0118425
0.0123739
0.012939
0.0135277
0.0141309
0.0147407
0.0153501
0.0159529
0.0165439
0.0171183
0.017672
0.0182013
0.018703
0.0191744
0.0196128
0.0200162
0.0203827
0.0207105
0.0209984
0.0212451
0.0214498
0.0216116
0.0217299
0.0218045
0.0218351
0.0218218
0.0217647
0.0216642
0.0215208
0.0213353
0.0211085
0.0208416
0.0205358
0.0201926
0.0198137
0.0194008
0.018956
0.0184815
0.0179798
0.0174534
0.0169054
0.0163389
0.0157575
0.0151651
0.014566
0.0139652
0.0133681
0.0127808
0.0122102
0.0116638
0.0111501
0.0106782
0.0102575
0.00989801
0.00960886
0.00939822
0.00927223
0.00923422
0.00928429
0.00941924
0.00963295
0.00991709
0.010262
0.0106576
0.0110939
0.0115612
0.0120509
0.0125552
0.0130671
0.0135805
0.0140899
0.0145906
0.0150785
0.01555
0.016002
0.0164315
0.0168362
0.017214
0.0175631
0.0178818
0.0181688
0.018423
0.0186435
0.0188296
0.0189807
0.0190965
0.0191767
0.0192214
0.0192306
0.0192048
0.0191443
0.0190497
0.0189219
0.0187616
0.01857
0.0183483
0.0180979
0.0178204
0.0175175
0.017191
0.0168432
0.0164764
0.0160931
0.015696
0.0152881
0.0148728
0.0144535
0.014034
0.0136183
0.0132107
0.0128158
0.0124385
0.0120835
0.011756
0.0114608
0.0112027
0.010986
0.0108144
0.0106908
0.010617
0.0105937
0.0106203
0.0106951
0.0108153
0.0109772
0.0111763
0.0114078
0.0116668
0.0119479
0.0122464
0.0125573
0.0128762
0.0131989
0.0135215
0.0138406
0.014153
0.0144558
0.0147467
0.0150232
0.0152836
0.015526
0.015749
0.0159512
0.0161318
0.0162897
0.0164244
0.0165352
0.0166219
0.0166842
0.0167221
0.0167356
0.0167251
0.0166907
0.0166331
0.0165527
0.0164504
0.0163269
0.0161832
0.0160203
0.0158393
0.0156415
0.0154284
0.0152012
0.0149616
0.0147112
0.0144517
0.0141851
0.0139133
0.0136382
0.013362
0.013087
0.0128153
0.0125494
0.0122916
0.0120444
0.0118101
0.0115911
0.0113896
0.0112078
0.0110477
0.0109109
0.0107988
0.0107126
0.0106529
0.0106199
0.0106136
0.0106334
0.0106784
0.0107473
0.0108384
0.01095
0.01108
0.0112264
0.0113868
0.011559
0.0117409
0.0119302
0.0121249
0.0123229
0.0125225
0.0127218
0.0129193
0.0131133
0.0133025
0.0134856
0.0136615
0.0138291
0.0139874
0.0141356
0.014273
0.0143989
0.0145127
0.0146139
0.0147021
0.0147768
0.014838
0.0148852
0.0149184
0.0149374
0.0149422
0.0149329
0.0149095
0.0148721
0.0148209
0.0147562
0.0146782
0.0145874
0.014484
0.0143686
0.0142417
0.0141039
0.0139558
0.0137982
0.0136319
0.0134577
0.0132765
0.0130893
0.0128973
0.0127015
0.0125033
0.0123039
0.0121046
0.011907
0.0117124
0.0115226
0.0113389
0.0111631
0.0109967
0.0108413
0.0106984
0.0105694
0.0104557
0.0103584
0.0102786
0.010217
0.010174
0.0101501
0.0101452
0.010159
0.010191
0.0102404
0.0103062
0.0103872
0.0104819
0.0105889
0.0107065
0.010833
0.0109668
0.011106
0.011249
0.011394
0.0115395
0.011684
0.0118259
0.0119638
0.0120965
0.0122228
0.0123415
0.0124517
0.0125524
0.012643
0.0127226
0.0127906
0.0128467
0.0128904
0.0129214
0.0129395
0.0129446
0.0129368
0.0129161
0.0128828
0.0128371
0.0127794
0.0127103
0.0126302
0.0125399
0.0124402
0.0123318
0.0122157
0.012093
0.0119647
0.011832
0.0116961
0.0115584
0.0114201
0.0112827
0.0111475
0.011016
0.0108896
0.0107696
0.0106574
0.0105542
0.0104612
0.0103793
0.0103096
0.0102527
0.0102092
0.0101794
0.0101633
0.0101611
0.0101723
0.0101964
0.0102329
0.0102808
0.0103392
0.0104069
0.0104829
0.0105657
0.0106541
0.0107467
0.0108422
0.0109392
0.0110365
0.0111327
0.0112266
0.0113172
0.0114033
0.011484
0.0115582
0.0116253
0.0116843
0.0117347
0.0117758
0.0118072
0.0118284
0.0118391
0.0118391
0.0118282
0.0118063
0.0117735
0.0117297
0.0116753
0.0116103
0.0115352
0.0114504
0.0113563
0.0112535
0.0111426
0.0110244
0.0108996
0.0107691
0.0106339
0.0104948
0.0103529
0.0102094
0.0100654
0.00992208
0.00978067
0.00964241
0.00950854
0.00938032
0.00925894
0.00914557
0.00904132
0.0089472
0.0088641
0.00879281
0.00873394
0.00868796
0.00865516
0.00863561
0.00862925
0.0086358
0.00865482
0.00868568
0.00872766
0.00877986
0.00884132
0.00891098
0.00898773
0.00907043
0.00915793
0.00924907
0.00934273
0.00943781
0.00953326
0.00962809
0.00972135
0.00981219
0.00989981
0.00998348
0.0100625
0.0101365
0.0102047
0.0102668
0.0103226
0.0103716
0.0104137
0.0104488
0.0104769
0.0104979
0.0105119
0.010519
0.0105195
0.0105137
0.0105017
0.0104841
0.0104611
0.0104333
0.0104011
0.0103651
0.0103257
0.0102836
0.0102393
0.0101933
0.0101463
0.0100988
0.0100513
0.0100044
0.00995857
0.0099142
0.00987172
0.00983146
0.00979371
0.00975869
0.00972655
0.00969737
0.00967116
0.00964786
0.00962734
0.0096094
0.00959379
0.00958018
0.00956822
0.00955749
0.00954753
0.00953787
0.00952802
0.00951745
0.00950564
0.00949209
0.00947629
0.00945775
0.00943602
0.00941066
0.00938128
0.00934753
0.00930912
0.0092658
0.00921739
0.00916376
0.00910484
0.00904066
0.00897129
0.00889689
0.00881769
0.00873401
0.00864624
0.00855486
0.00846043
0.0083636
0.00826508
0.00816568
0.00806629
0.00796785
0.00787138
0.00777795
0.00768867
0.00760467
0.0075271
0.0074571
0.00739575
0.00734409
0.00730307
0.00727351
0.0072561
0.00725137
0.00725965
0.0072811
0.00731565
0.00736305
0.00742285
0.00749444
0.00757701
0.00766964
0.00777129
0.00788083
0.00799706
0.00811875
0.00824463
0.00837344
0.00850394
0.0086349
0.00876514
0.00889354
0.00901899
0.0091405
0.0092571
0.00936789
0.00947207
0.00956888
0.00965765
0.00973776
0.00980869
0.00986999
0.00992125
0.00996217
0.00999251
0.0100121
0.0100208
0.0100187
0.0100057
0.00998205
0.00994784
0.00990338
0.00984898
0.00978504
0.00971204
0.0096305
0.00954104
0.00944433
0.00934109
0.00923214
0.00911832
0.00900056
0.00887982
0.00875713
0.00863353
0.00851014
0.00838806
0.00826843
0.0081524
0.00804108
0.00793558
0.00783694
0.00774615
0.00766409
0.00759155
0.00752917
0.00747747
0.00743679
0.00740728
0.00738894
0.00738157
0.00738479
0.00739808
0.00742073
0.00745192
0.0074907
0.00753606
0.00758688
0.00764203
0.00770033
0.00776061
0.00782171
0.00788248
0.00794185
0.00799875
0.00805219
0.00810127
0.00814512
0.00818296
0.00821411
0.00823794
0.00825391
0.00826158
0.00826058
0.00825064
0.00823156
0.00820325
0.0081657
0.00811899
0.0080633
0.00799891
0.0079262
0.00784563
0.00775778
0.00766334
0.0075631
0.00745797
0.00734896
0.00723719
0.00712391
0.00701046
0.00689829
0.00678894
0.00668402
0.0065852
0.00649418
0.00641266
0.00634228
0.0062846
0.00624104
0.0062128
0.00620088
0.00620597
0.00622846
0.00626839
0.0063255
0.00639919
0.00648858
0.00659256
0.00670978
0.00683876
0.00697791
0.00712554
0.00727998
0.0074395
0.00760245
0.00776719
0.00793214
0.00809581
0.00825676
0.00841365
0.00856521
0.00871026
0.00884768
0.00897646
0.00909566
0.00920441
0.00930191
0.00938747
0.00946044
0.00952024
0.00956638
0.00959843
0.00961602
0.00961885
0.00960667
0.00957933
0.00953669
0.00947872
0.00940544
0.00931694
0.00921338
0.00909499
0.00896208
0.00881502
0.00865423
0.00848021
0.00829352
0.00809476
0.00788461
0.00766381
0.00743317
0.00719359
0.00694604
0.00669161
0.00643151
0.00616711
0.00589991
0.00563166
0.00536432
0.00510012
0.00484163
0.00459177
0.00435387
0.00413171
0.00392947
0.00375166
0.00360293
0.00348772
0.00340984
0.00337194
0.0033751
0.00341861
0.00350007
0.00361576
0.00376116
0.00393141
0.00412174
0.00432771
0.0045453
0.004771
0.00500176
0.00523495
0.00546831
0.0056999
0.00592805
0.0061513
0.00636841
0.00657827
0.00677994
0.00697258
0.00715546
0.00732796
0.00748952
0.00763968
0.00777804
0.00790427
0.00801809
0.00811931
0.00820778
0.00828341
0.00834614
0.00839601
0.00843306
0.00845741
0.00846922
0.00846868
0.00845606
0.00843164
0.00839576
0.00834883
0.00829126
0.00822357
0.00814629
0.00806003
0.00796545
0.00786327
0.00775429
0.00763934
0.00751935
0.00739529
0.00726821
0.00713919
0.00700939
0.00688001
0.00675228
0.00662745
0.0065068
0.0063916
0.00628308
0.00618244
0.0060908
0.00600916
0.00593841
0.00587927
0.00583226
0.00579772
0.00577575
0.00576622
0.00576878
0.00578289
0.00580779
0.00584256
0.00588616
0.00593741
0.00599511
0.00605797
0.00612471
0.00619408
0.00626482
0.00633574
0.00640571
0.00647366
0.00653858
0.00659958
0.00665579
0.00670646
0.00675092
0.00678855
0.00681883
0.00684132
0.00685564
0.00686149
0.00685864
0.00684694
0.00682629
0.00679667
0.00675815
0.00671082
0.00665487
0.00659055
0.00651819
0.00643816
0.00635092
0.00625701
0.00615702
0.00605163
0.00594161
0.00582781
0.00571114
0.00559265
0.00547344
0.00535473
0.00523782
0.00512412
0.00501508
0.00491225
0.0048172
0.00473153
0.00465679
0.00459446
0.00454588
0.00451221
0.00449437
0.00449296
0.00450829
0.00454031
0.00458865
0.00465261
0.00473125
0.00482338
0.00492765
0.00504262
0.00516677
0.00529855
0.00543644
0.00557896
0.00572466
0.00587219
0.00602025
0.00616765
0.00631324
0.00645598
0.00659491
0.0067291
0.00685775
0.0069801
0.00709543
0.00720313
0.00730261
0.00739335
0.0074749
0.00754682
0.00760876
0.00766039
0.00770143
0.00773166
0.00775086
0.00775888
0.0077556
0.00774092
0.00771479
0.0076772
0.00762816
0.00756775
0.00749608
0.00741332
0.00731969
0.00721548
0.007101
0.00697665
0.00684288
0.00670018
0.00654912
0.00639032
0.00622447
0.00605232
0.00587471
0.00569255
0.00550684
0.00531868
0.00512928
0.00493998
0.00475225
0.00456769
0.00438808
0.00421532
0.0040515
0.00389881
0.00375958
0.00363614
0.00353077
0.00344557
0.00338231
0.00334225
0.00332608
0.00333375
0.00336454
0.00341708
0.0034895
0.00357958
0.0036849
0.00380297
0.00393139
0.00406785
0.00421023
0.00435662
0.00450529
0.00465469
0.00480347
0.00495043
0.00509451
0.00523478
0.00537044
0.00550077
0.00562516
0.00574307
0.00585404
0.00595768
0.00605365
0.00614168
0.00622155
0.00629308
0.00635616
0.00641072
0.0064567
0.00649413
0.00652305
0.00654354
0.00655573
0.00655977
0.00655585
0.0065442
0.00652505
0.00649871
0.00646549
0.00642572
0.00637979
0.00632809
0.00627105
0.00620913
0.0061428
0.00607259
0.00599901
0.00592262
0.00584402
0.0057638
0.00568259
0.00560102
0.00551977
0.0054395
0.00536087
0.00528457
0.00521125
0.00514156
0.00507611
0.00501548
0.00496019
0.0049107
0.0048674
0.00483061
0.00480053
0.0047773
0.00476091
0.00475131
0.0047483
0.00475161
0.00476088
0.00477567
0.00479548
0.00481976
0.00484791
0.00487929
0.00491328
0.00494921
0.00498644
0.00502433
0.00506227
0.00509966
0.00513594
0.00517058
0.00520307
0.00523297
0.00525986
0.00528336
0.00530314
0.00531892
0.00533045
0.00533752
0.00533999
0.00533773
0.00533068
0.00531882
0.00530215
0.00528074
0.00525469
0.00522414
0.0051893
0.00515037
0.00510765
0.00506143
0.00501209
0.00496
0.00490562
0.00484942
0.0047919
0.00473362
0.00467515
0.0046171
0.00456009
0.00450477
0.0044518
0.00440181
0.00435545
0.00431335
0.00427607
0.00424416
0.0042181
0.00419828
0.00418502
0.00417856
0.00417901
0.0041864
0.00420065
0.00422157
0.00424889
0.00428225
0.00432121
0.00436526
0.00441386
0.00446641
0.0045223
0.00458089
0.00464155
0.00470365
0.00476656
0.00482969
0.00489245
0.00495431
0.00501473
0.00507322
0.00512935
0.00518268
0.00523283
0.00527946
0.00532226
0.00536095
0.00539529
0.00542508
0.00545014
0.00547033
0.00548556
0.00549575
0.00550085
0.00550086
0.00549578
0.00548567
0.00547059
0.00545065
0.00542596
0.00539668
0.00536296
0.00532502
0.00528305
0.00523729
0.005188
0.00513545
0.00507993
0.00502174
0.00496121
0.00489869
0.00483452
0.00476909
0.00470277
0.00463597
0.0045691
0.00450258
0.00443683
0.00437228
0.00430936
0.00424851
0.00419012
0.00413462
0.00408239
0.00403379
0.00398917
0.00394881
0.003913
0.00388193
0.0038558
0.0038347
0.00381872
0.00380785
0.00380206
0.00380123
0.00380521
0.00381381
0.00382678
0.00384382
0.00386464
0.00388887
0.00391616
0.00394613
0.0039784
0.00401259
0.0040483
0.00408516
0.00412281
0.00416089
0.00419907
0.00423705
0.00427451
0.0043112
0.00434687
0.0043813
0.00441428
0.00444564
0.00447525
0.00450296
0.00452869
0.00455236
0.00457392
0.00459333
0.00461058
0.00462569
0.00463868
0.00464958
0.00465847
0.00466541
0.00467049
0.00467381
0.00467546
0.00467557
0.00467424
0.0046716
0.00466777
0.00466287
0.00465703
0.00465036
0.00464298
0.004635
0.00462652
0.00461763
0.00460843
0.00459897
0.00458934
0.00457958
0.00456974
0.00455985
0.00454993
0.00453999
0.00453004
0.00452007
0.00451005
0.00449997
0.00448979
0.00447948
0.00446899
0.00445828
0.00444729
0.00443598
0.00442429
0.00441217
0.00439958
0.00438645
0.00437275
0.00435843
0.00434346
0.00432781
0.00431145
0.00429437
0.00427657
0.00425803
0.00423877
0.00421881
0.00419818
0.00417692
0.00415508
0.00413272
0.00410993
0.00408677
0.00406335
0.00403977
0.00401615
0.00399261
0.00396928
0.00394629
0.0039238
0.00390194
0.00388087
0.00386072
0.00384163
0.00382375
0.00380721
0.00379212
0.00377859
0.00376672
0.00375658
0.00374824
0.00374174
0.00373709
0.00373431
0.00373339
0.00373427
0.00373692
0.00374126
0.0037472
0.00375465
0.00376348
0.00377359
0.00378483
0.00379708
0.0038102
0.00382404
0.00383848
0.00385338
0.00386862
0.00388406
0.00389961
0.00391515
0.00393059
0.00394586
0.00396088
0.00397558
0.00398992
0.00400386
0.00401736
0.00403041
0.00404299
0.00405509
0.00406673
0.0040779
0.00408862
0.00409889
0.00410874
0.00411819
0.00412725
0.00413594
0.00414427
0.00415227
0.00415993
0.00416728
0.0041743
0.004181
0.00418738
0.00419342
0.00419911
0.00420443
0.00420934
0.00421382
0.00421783
0.00422133
0.00422427
0.00422661
0.00422829
0.00422925
0.00422943
0.00422877
0.00422719
0.00422464
0.00422105
0.00421633
0.00421042
0.00420324
0.00419473
0.00418481
0.00417341
0.00416047
0.00414592
0.0041297
0.00411175
0.00409202
0.00407047
0.00404705
0.00402174
0.00399452
0.00396536
0.00393428
0.00390127
0.00386636
0.00382959
0.00379101
0.00375067
0.00370867
0.0036651
0.00362008
0.00357375
0.00352626
0.0034778
0.00342857
0.00337879
0.00332871
0.00327861
0.00322878
0.00317955
0.00313127
0.00308429
0.00303901
0.00299583
0.00295517
0.00291747
0.00288313
0.0028526
0.00282628
0.00280456
0.00278778
0.00277627
0.00277027
0.00276999
0.00277555
0.00278701
0.00280436
0.00282749
0.00285626
0.00289042
0.0029297
0.00297374
0.00302218
0.00307458
0.00313052
0.00318952
0.00325113
0.00331487
0.00338027
0.00344686
0.00351419
0.00358182
0.00364932
0.00371628
0.0037823
0.00384701
0.00391005
0.00397108
0.00402978
0.00408586
0.00413903
0.00418903
0.00423564
0.00427862
0.00431778
0.00435294
0.00438394
0.00441063
0.0044329
0.00445063
0.00446373
0.00447214
0.00447579
0.00447466
0.00446871
0.00445795
0.0044424
0.00442209
0.00439709
0.00436748
0.00433338
0.00429492
0.00425226
0.00420562
0.0041552
0.00410128
0.00404412
0.00398403
0.00392136
0.00385647
0.00378974
0.00372156
0.00365238
0.00358262
0.00351274
0.0034432
0.00337446
0.003307
0.00324127
0.00317773
0.00311681
0.00305892
0.00300446
0.00295375
0.00290712
0.00286481
0.00282702
0.00279389
0.00276549
0.00274185
0.0027229
0.00270855
0.00269862
0.00269291
0.00269115
0.00269305
0.00269831
0.0027066
0.00271756
0.00273086
0.00274618
0.00276319
0.00278158
0.00280107
0.0028214
0.00284234
0.00286366
0.0028852
0.00290677
0.00292826
0.00294954
0.00297053
0.00299116
0.00301138
0.00303116
0.00305048
0.00306936
0.00308781
0.00310586
0.00312355
0.00314094
0.00315809
0.00317508
0.00319197
0.00320886
0.00322582
0.00324295
0.00326033
0.00327805
0.00329619
0.00331484
0.00333406
0.00335391
0.00337446
0.00339574
0.00341779
0.00344061
0.00346421
0.00348857
0.00351367
0.00353946
0.00356587
0.00359283
0.00362024
0.00364799
0.00367597
0.00370405
0.00373207
0.00375988
0.00378732
0.00381422
0.00384039
0.00386565
0.00388982
0.0039127
0.0039341
0.00395381
0.00397166
0.00398744
0.00400096
0.00401204
0.00402049
0.00402613
0.00402879
0.00402831
0.00402453
0.0040173
0.00400649
0.00399196
0.00397361
0.00395133
0.00392504
0.00389467
0.00386016
0.00382148
0.00377861
0.00373153
0.00368028
0.00362489
0.0035654
0.00350189
0.00343446
0.00336322
0.0032883
0.00320985
0.00312806
0.00304312
0.00295526
0.00286475
0.00277186
0.00267692
0.00258029
0.00248238
0.00238366
0.00228465
0.00218595
0.00208824
0.00199232
0.00189907
0.00180954
0.0017249
0.00164648
0.00157574
0.00151424
0.00146358
0.00142524
0.00140053
0.00139035
0.0013951
0.00141463
0.00144824
0.00149482
0.00155293
0.00162102
0.00169751
0.0017809
0.00186979
0.00196295
0.00205927
0.00215782
0.00225774
0.00235831
0.0024589
0.00255895
0.00265798
0.00275555
0.00285129
0.00294486
0.00303595
0.00312429
0.00320965
0.0032918
0.00337056
0.00344574
0.0035172
0.0035848
0.00364841
0.00370794
0.00376331
0.00381443
0.00386125
0.00390374
0.00394187
0.00397562
0.00400499
0.00403001
0.0040507
0.00406708
0.00407919
0.00408706
0.00409072
0.00409018
0.00408544
0.0040765
0.00406338
0.00404608
0.00402464
0.00399909
0.00396951
0.00393598
0.0038986
0.00385751
0.00381283
0.00376474
0.0037134
0.003659
0.00360175
0.00354184
0.00347952
0.00341502
0.00334863
0.00328063
0.00321133
0.00314109
0.00307024
0.00299916
0.0029282
0.0028577
0.00278799
0.00271938
0.00265214
0.00258653
0.00252277
0.00246105
0.00240156
0.00234444
0.00228985
0.00223793
0.00218879
0.00214256
0.00209936
0.00205929
0.00202246
0.00198899
0.00195896
0.00193247
0.0019096
0.00189041
0.00187497
0.00186331
0.00185547
0.00185146
0.00185127
0.00185486
0.00186219
0.00187316
0.00188768
0.00190561
0.00192678
0.00195103
0.00197816
0.00200796
0.00204022
0.00207472
0.00211126
0.00214962
0.00218959
0.00223099
0.00227364
0.00231734
0.00236195
0.00240731
0.00245328
0.00249973
0.00254655
0.00259362
0.00264086
0.00268815
0.00273543
0.00278261
0.00282961
0.00287635
0.00292275
0.00296871
0.00301415
0.00305896
0.00310304
0.00314628
0.00318855
0.00322974
0.00326973
0.00330838
0.00334558
0.0033812
0.00341512
0.00344724
0.00347743
0.00350561
0.00353168
0.00355553
0.00357709
0.00359627
0.00361298
0.00362715
0.00363869
0.00364753
0.00365357
0.00365673
0.00365693
0.00365407
0.00364807
0.00363885
0.00362633
0.00361043
0.00359111
0.00356833
0.00354207
0.00351231
0.00347909
0.00344244
0.00340241
0.00335907
0.00331251
0.00326283
0.00321013
0.00315455
0.00309619
0.0030352
0.00297171
0.00290587
0.00283784
0.00276778
0.00269587
0.00262231
0.00254727
0.00247099
0.00239367
0.00231556
0.00223689
0.00215792
0.00207895
0.00200027
0.00192223
0.00184519
0.00176959
0.00169591
0.00162471
0.00155664
0.00149243
0.00143291
0.001379
0.00133167
0.00129196
0.00126084
0.00123919
0.00122771
0.00122682
0.00123663
0.00125688
0.00128705
0.00132633
0.00137376
0.0014283
0.00148889
0.00155449
0.00162416
0.00169701
0.00177226
0.00184922
0.00192727
0.00200588
0.0020846
0.002163
0.00224075
0.00231754
0.00239311
0.00246723
0.00253969
0.00261032
0.00267897
0.0027455
0.00280978
0.00287171
0.00293118
0.00298812
0.00304243
0.00309404
0.00314288
0.00318889
0.00323203
0.00327222
0.00330944
0.00334365
0.0033748
0.00340288
0.00342786
0.00344972
0.00346844
0.003484
0.00349639
0.00350558
0.00351155
0.00351428
0.00351377
0.00350999
0.00350295
0.00349266
0.00347914
0.00346243
0.00344257
0.00341963
0.0033937
0.00336485
0.0033332
0.00329885
0.00326157
0.003222
0.00318014
0.00313625
0.00309053
0.00304321
0.00299455
0.00294479
0.00289418
0.00284293
0.00279124
0.00273932
0.00268738
0.00263567
0.00258438
0.00253363
0.00248354
0.00243414
0.00238544
0.00233747
0.00229023
0.00224379
0.00219821
0.00215357
0.00210998
0.00206755
0.00202638
0.00198659
0.00194832
0.00191171
0.00187693
0.00184418
0.00181368
0.00178567
0.00176039
0.00173813
0.00171912
0.00170364
0.0016919
0.00168411
0.00168041
0.00168093
0.00168568
0.00169466
0.00170776
0.00172482
0.00174565
0.00176998
0.00179752
0.00182799
0.00186105
0.00189642
0.00193378
0.00197286
0.00201339
0.00205512
0.00209782
0.00214129
0.00218532
0.00222973
0.00227438
0.00231912
0.00236379
0.00240829
0.00245249
0.00249627
0.00253951
0.00258211
0.00262393
0.00266487
0.00270479
0.00274358
0.0027811
0.00281723
0.00285185
0.00288485
0.00291612
0.00294557
0.00297311
0.00299867
0.0030222
0.00304365
0.00306297
0.00308015
0.00309516
0.00310799
0.00311862
0.00312705
0.00313326
0.00313724
0.00313897
0.00313843
0.0031356
0.00313046
0.00312298
0.00311313
0.00310089
0.00308625
0.00306918
0.00304969
0.00302778
0.00300346
0.00297675
0.00294772
0.00291639
0.00288286
0.0028472
0.0028095
0.0027699
0.0027285
0.00268546
0.00264093
0.00259506
0.00254804
0.00250003
0.00245124
0.00240185
0.00235207
0.0023021
0.00225215
0.00220245
0.00215322
0.00210468
0.00205708
0.00201065
0.00196564
0.0019223
0.00188091
0.00184172
0.001805
0.00177101
0.00174001
0.00171223
0.00168792
0.00166726
0.00165041
0.00163751
0.00162864
0.00162382
0.00162304
0.00162624
0.00163328
0.00164401
0.00165823
0.0016757
0.00169617
0.00171937
0.00174502
0.00177284
0.00180255
0.00183388
0.00186657
0.00190038
0.00193508
0.00197046
0.00200631
0.00204247
0.00207877
0.00211505
0.00215118
0.00218703
0.00222249
0.00225745
0.00229183
0.00232553
0.00235848
0.00239062
0.00242187
0.00245219
0.00248152
0.00250982
0.00253705
0.00256317
0.00258816
0.00261198
0.00263461
0.00265602
0.00267618
0.00269508
0.00271269
0.00272898
0.00274393
0.00275752
0.00276971
0.00278048
0.00278979
0.00279762
0.00280392
0.00280868
0.00281185
0.0028134
0.00281329
0.0028115
0.00280799
0.00280273
0.00279569
0.00278684
0.00277618
0.00276368
0.00274932
0.00273312
0.00271505
0.00269514
0.00267341
0.00264986
0.00262455
0.00259751
0.0025688
0.00253849
0.00250665
0.00247337
0.00243875
0.00240291
0.00236596
0.00232805
0.00228933
0.00224994
0.00221008
0.00216991
0.00212964
0.00208947
0.00204961
0.00201028
0.00197172
0.00193417
0.00189786
0.00186303
0.00182993
0.0017988
0.00176986
0.00174335
0.00171947
0.0016984
0.00168032
0.00166536
0.00165362
0.00164518
0.00164008
0.00163831
0.00163983
0.00164457
0.0016524
0.0016632
0.00167678
0.00169295
0.00171151
0.00173223
0.00175487
0.00177921
0.001805
0.00183201
0.00186002
0.0018888
0.00191814
0.00194784
0.00197772
0.0020076
0.00203732
0.00206672
0.00209567
0.00212404
0.00215171
0.00217859
0.00220459
0.00222962
0.00225362
0.00227651
0.00229826
0.00231882
0.00233815
0.00235623
0.00237304
0.00238855
0.00240277
0.0024157
0.00242733
0.00243767
0.00244674
0.00245455
0.00246112
0.00246647
0.00247064
0.00247364
0.00247551
0.00247628
0.00247598
0.00247466
0.00247234
0.00246906
0.00246487
0.00245979
0.00245387
0.00244715
0.00243965
0.00243142
0.0024225
0.00241292
0.00240271
0.00239191
0.00238055
0.00236867
0.00235628
0.00234343
0.00233013
0.00231642
0.00230232
0.00228786
0.00227305
0.00225792
0.00224249
0.00222678
0.00221081
0.0021946
0.00217816
0.00216152
0.00214468
0.00212767
0.00211051
0.0020932
0.00207578
0.00205826
0.00204066
0.00202301
0.00200533
0.00198764
0.00196999
0.0019524
0.00193491
0.00191756
0.0019004
0.00188347
0.00186684
0.00185055
0.00183468
0.0018193
0.00180447
0.00179027
0.00177679
0.0017641
0.00175231
0.00174148
0.00173173
0.00172312
0.00171576
0.00170973
0.00170511
0.00170197
0.00170038
0.00170039
0.00170207
0.00170544
0.00171053
0.00171735
0.00172589
0.00173615
0.00174809
0.00176166
0.00177681
0.00179347
0.00181155
0.00183096
0.0018516
0.00187336
0.00189611
0.00191974
0.00194411
0.00196909
0.00199454
0.00202033
0.00204632
0.00207237
0.00209835
0.00212412
0.00214955
0.0021745
0.00219886
0.0022225
0.00224529
0.00226714
0.00228792
0.00230754
0.00232589
0.00234288
0.00235843
0.00237245
0.00238487
0.00239563
0.00240465
0.00241189
0.00241729
0.00242082
0.00242245
0.00242214
0.00241989
0.00241567
0.00240948
0.00240134
0.00239124
0.00237922
0.00236529
0.00234951
0.0023319
0.00231252
0.00229143
0.00226871
0.00224442
0.00221865
0.0021915
0.00216307
0.00213346
0.0021028
0.00207122
0.00203884
0.00200581
0.00197229
0.00193843
0.0019044
0.00187039
0.00183657
0.00180313
0.00177027
0.00173818
0.00170708
0.00167717
0.00164864
0.0016217
0.00159655
0.00157338
0.00155235
0.00153362
0.00151733
0.00150361
0.00149253
0.00148416
0.00147854
0.00147566
0.0014755
0.001478
0.00148306
0.00149058
0.00150042
0.00151244
0.00152645
0.00154229
0.00155977
0.0015787
0.0015989
0.00162019
0.00164237
0.00166528
0.00168875
0.00171263
0.00173676
0.00176102
0.00178527
0.0018094
0.0018333
0.00185687
0.00188003
0.0019027
0.00192481
0.0019463
0.00196711
0.0019872
0.00200653
0.00202505
0.00204275
0.00205961
0.00207559
0.00209069
0.00210489
0.00211819
0.00213059
0.00214207
0.00215264
0.0021623
0.00217105
0.0021789
0.00218584
0.00219189
0.00219705
0.00220132
0.00220471
0.00220721
0.00220885
0.00220961
0.00220951
0.00220854
0.0022067
0.002204
0.00220044
0.00219601
0.00219071
0.00218454
0.0021775
0.00216959
0.00216079
0.00215112
0.00214057
0.00212913
0.0021168
0.00210359
0.00208949
0.0020745
0.00205864
0.0020419
0.0020243
0.00200584
0.00198654
0.00196641
0.00194548
0.00192376
0.0019013
0.00187812
0.00185426
0.00182976
0.00180468
0.00177907
0.00175299
0.00172652
0.00169973
0.00167271
0.00164555
0.00161836
0.00159125
0.00156435
0.00153778
0.00151169
0.00148622
0.00146155
0.00143783
0.00141525
0.00139398
0.00137421
0.00135613
0.00133992
0.00132576
0.00131382
0.00130427
0.00129723
0.00129283
0.00129116
0.00129228
0.00129624
0.00130304
0.00131264
0.00132499
0.00134
0.00135756
0.00137752
0.00139974
0.00142404
0.00145023
0.00147814
0.00150755
0.00153828
0.00157013
0.00160289
0.00163639
0.00167043
0.00170483
0.00173941
0.00177402
0.00180848
0.00184264
0.00187636
0.00190949
0.00194191
0.00197348
0.00200408
0.0020336
0.00206194
0.002089
0.00211467
0.00213888
0.00216153
0.00218256
0.00220189
0.00221946
0.00223521
0.00224908
0.00226103
0.00227102
0.002279
0.00228496
0.00228885
0.00229067
0.00229039
0.00228801
0.00228352
0.00227692
0.00226822
0.00225744
0.00224458
0.00222966
0.00221273
0.0021938
0.00217291
0.00215011
0.00212545
0.00209897
0.00207074
0.00204081
0.00200927
0.00197618
0.00194161
0.00190567
0.00186844
0.00183001
0.0017905
0.00175002
0.00170868
0.00166662
0.00162398
0.00158089
0.00153753
0.00149405
0.00145064
0.00140749
0.00136482
0.00132286
0.00128184
0.00124202
0.00120369
0.00116713
0.00113265
0.00110058
0.00107124
0.00104495
0.00102202
0.00100276
0.000987416
0.000976196
0.000969254
0.000966669
0.000968447
0.000974517
0.000984738
0.000998906
0.00101677
0.00103802
0.00106236
0.00108946
0.00111897
0.0011506
0.00118401
0.00121893
0.00125508
0.0012922
0.00133008
0.00136848
0.00140722
0.00144612
0.00148502
0.00152377
0.00156224
0.0016003
0.00163783
0.00167475
0.00171095
0.00174634
0.00178084
0.00181438
0.00184689
0.00187831
0.00190857
0.00193762
0.00196541
0.00199188
0.002017
0.00204073
0.00206301
0.00208382
0.00210312
0.00212088
0.00213708
0.00215167
0.00216464
0.00217597
0.00218562
0.00219359
0.00219986
0.00220441
0.00220722
0.0022083
0.00220761
0.00220517
0.00220096
0.00219498
0.00218722
0.0021777
0.0021664
0.00215335
0.00213853
0.00212197
0.00210368
0.00208366
0.00206194
0.00203854
0.00201347
0.00198676
0.00195845
0.00192856
0.00189712
0.00186417
0.00182976
0.00179393
0.00175673
0.00171821
0.00167843
0.00163747
0.00159537
0.00155223
0.00150813
0.00146316
0.00141743
0.00137103
0.00132412
0.00127681
0.00122927
0.00118168
0.00113423
0.00108715
0.00104071
0.000995195
0.000950944
0.000908345
0.000867836
0.00082991
0.000795113
0.000764036
0.000737296
0.000715509
0.000699242
0.00068897
0.000685015
0.000687516
0.000696403
0.000711412
0.000732114
0.00075797
0.000788377
0.000822717
0.00086039
0.000900833
0.000943535
0.000988038
0.00103393
0.00108087
0.00112852
0.00117663
0.00122493
0.00127321
0.00132129
0.00136898
0.00141613
0.00146261
0.00150828
0.00155303
0.00159674
0.00163933
0.0016807
0.00172077
0.00175946
0.0017967
0.00183241
0.00186655
0.00189905
0.00192986
0.00195892
0.00198621
0.00201167
0.00203526
0.00205696
0.00207674
0.00209455
0.00211039
0.00212423
0.00213606
0.00214585
0.0021536
0.00215931
0.00216295
0.00216454
0.00216407
0.00216154
0.00215697
0.00215036
0.00214171
0.00213106
0.0021184
0.00210377
0.00208718
0.00206865
0.00204823
0.00202592
0.00200177
0.0019758
0.00194807
0.00191859
0.00188743
0.00185461
0.00182018
0.00178421
0.00174672
0.00170779
0.00166746
0.0016258
0.00158287
0.00153873
0.00149346
0.00144713
0.00139983
0.00135163
0.00130263
0.00125293
0.00120264
0.00115188
0.00110078
0.0010495
0.000998203
0.000947087
0.00089638
0.000846351
0.000797318
0.000749662
0.00070384
0.000660404
0.000620011
0.000583434
0.000551557
0.000525334
0.000505721
0.00049355
0.000489391
0.000493429
0.00050542
0.000524747
0.000550539
0.00058182
0.000617624
0.000657064
0.000699368
0.000743881
0.000790058
0.000837446
0.000885669
0.000934415
0.000983421
0.00103246
0.00108135
0.00112993
0.00117803
0.00122555
0.00127237
0.00131837
0.00136348
0.0014076
0.00145066
0.00149258
0.0015333
0.00157275
0.00161089
0.00164764
0.00168297
0.00171682
0.00174915
0.00177993
0.0018091
0.00183663
0.0018625
0.00188667
0.0019091
0.00192979
0.00194869
0.0019658
0.00198108
0.00199453
0.00200614
0.00201588
0.00202375
0.00202975
0.00203386
0.00203609
0.00203644
0.0020349
0.00203149
0.00202621
0.00201907
0.00201007
0.00199925
0.0019866
0.00197216
0.00195593
0.00193795
0.00191824
0.00189682
0.00187374
0.00184901
0.00182267
0.00179477
0.00176534
0.00173443
0.00170207
0.00166832
0.00163322
0.00159684
0.00155922
0.00152043
0.00148053
0.00143958
0.00139767
0.00135486
0.00131123
0.00126689
0.00122191
0.00117641
0.0011305
0.00108432
0.00103799
0.000991674
0.00094556
0.000899848
0.000854776
0.000810617
0.000767691
0.00072637
0.000687091
0.000650359
0.000616748
0.000586901
0.000561504
0.00054125
0.000526774
0.000518575
0.000516945
0.00052191
0.00053323
0.000550433
0.000572893
0.000599906
0.000630762
0.000664788
0.000701378
0.000740001
0.000780196
0.000821574
0.0008638
0.000906591
0.000949707
0.00099294
0.00103611
0.00107906
0.00112166
0.00116378
0.00120532
0.00124618
0.00128628
0.00132554
0.00136388
0.00140124
0.00143756
0.00147279
0.00150687
0.00153976
0.00157141
0.00160178
0.00163084
0.00165854
0.00168487
0.00170977
0.00173324
0.00175524
0.00177575
0.00179475
0.00181221
0.00182813
0.00184248
0.00185525
0.00186642
0.001876
0.00188396
0.00189031
0.00189504
0.00189813
0.0018996
0.00189944
0.00189766
0.00189425
0.00188923
0.00188259
0.00187435
0.00186452
0.00185311
0.00184013
0.0018256
0.00180954
0.00179197
0.00177291
0.00175238
0.00173041
0.00170703
0.00168226
0.00165614
0.0016287
0.00159999
0.00157004
0.0015389
0.00150661
0.00147321
0.00143878
0.00140336
0.00136701
0.0013298
0.00129181
0.00125311
0.00121378
0.00117393
0.00113366
0.00109307
0.00105231
0.00101149
0.0009708
0.000930402
0.000890503
0.000851334
0.000813158
0.000776274
0.000741023
0.000707788
0.000676995
0.000649112
0.000624631
0.000604054
0.000587864
0.000576478
0.000570215
0.00056925
0.000573596
0.000583096
0.00059745
0.000616243
0.000638993
0.000665188
0.000694321
0.000725911
0.000759513
0.00079473
0.000831206
0.000868628
0.000906724
0.000945252
0.000984001
0.00102278
0.00106144
0.00109982
0.00113779
0.00117524
0.00121207
0.00124817
0.00128346
0.00131786
0.0013513
0.00138372
0.00141505
0.00144525
0.00147425
0.00150202
0.0015285
0.00155367
0.0015775
0.00159993
0.00162096
0.00164056
0.00165869
0.00167536
0.00169053
0.0017042
0.00171635
0.00172698
0.00173608
0.00174365
0.00174969
0.00175421
0.00175719
0.00175867
0.00175863
0.0017571
0.00175408
0.0017496
0.00174367
0.00173631
0.00172754
0.0017174
0.00170589
0.00169306
0.00167893
0.00166353
0.00164691
0.00162909
0.00161011
0.00159002
0.00156885
0.00154665
0.00152346
0.00149934
0.00147434
0.00144851
0.0014219
0.00139457
0.00136659
0.00133801
0.00130892
0.00127937
0.00124945
0.00121923
0.0011888
0.00115825
0.00112768
0.00109719
0.00106688
0.00103688
0.00100732
0.000978316
0.000950027
0.000922601
0.000896203
0.000871003
0.000847181
0.000824925
0.000804423
0.000785866
0.000769439
0.000755318
0.000743662
0.000734607
0.000728259
0.00072469
0.000723931
0.000725971
0.000730761
0.00073821
0.000748194
0.000760561
0.000775139
0.000791739
0.000810168
0.000830226
0.000851718
0.000874455
0.000898253
0.000922941
0.000948356
0.000974346
0.00100077
0.0010275
0.00105441
0.00108139
0.00110834
0.00113516
0.00116176
0.00118807
0.001214
0.00123948
0.00126445
0.00128884
0.0013126
0.00133568
0.00135803
0.00137959
0.00140032
0.00142019
0.00143915
0.00145718
0.00147422
0.00149026
0.00150527
0.00151921
0.00153207
0.00154382
0.00155445
0.00156392
0.00157223
0.00157936
0.00158531
0.00159005
0.00159358
0.00159589
0.00159699
0.00159686
0.00159551
0.00159293
0.00158913
0.00158413
0.00157791
0.0015705
0.00156191
0.00155214
0.00154123
0.00152918
0.00151602
0.00150176
0.00148645
0.0014701
0.00145275
0.00143443
0.00141518
0.00139504
0.00137406
0.00135227
0.00132973
0.00130649
0.00128261
0.00125815
0.00123318
0.00120777
0.00118199
0.00115592
0.00112965
0.00110327
0.00107689
0.0010506
0.00102452
0.000998768
0.000973474
0.000948771
0.000924804
0.000901722
0.000879682
0.000858847
0.000839379
0.000821446
0.00080521
0.000790828
0.000778448
0.000768198
0.000760192
0.000754513
0.000751219
0.000750336
0.000751856
0.000755738
0.00076191
0.000770274
0.000780705
0.000793063
0.000807192
0.000822926
0.000840098
0.000858536
0.000878075
0.000898551
0.000919808
0.000941699
0.000964084
0.00098683
0.00100982
0.00103293
0.00105606
0.00107912
0.00110201
0.00112465
0.00114696
0.00116887
0.00119032
0.00121125
0.0012316
0.00125131
0.00127036
0.00128869
0.00130626
0.00132304
0.00133899
0.0013541
0.00136832
0.00138164
0.00139404
0.0014055
0.001416
0.00142552
0.00143407
0.00144161
0.00144816
0.0014537
0.00145822
0.00146173
0.00146422
0.0014657
0.00146616
0.00146562
0.00146407
0.00146153
0.001458
0.0014535
0.00144803
0.00144161
0.00143425
0.00142597
0.0014168
0.00140674
0.00139582
0.00138407
0.0013715
0.00135815
0.00134404
0.00132921
0.00131368
0.0012975
0.00128069
0.0012633
0.00124537
0.00122694
0.00120806
0.00118878
0.00116916
0.00114924
0.0011291
0.00110879
0.00108838
0.00106794
0.00104755
0.00102729
0.00100723
0.000987483
0.000968125
0.000949257
0.00093098
0.000913399
0.000896621
0.000880753
0.000865907
0.000852189
0.000839707
0.000828561
0.000818847
0.000810651
0.000804048
0.0007991
0.000795852
0.000794335
0.000794562
0.000796524
0.000800198
0.000805542
0.000812499
0.000820994
0.000830945
0.000842256
0.000854826
0.000868545
0.000883303
0.000898986
0.000915482
0.000932679
0.000950466
0.000968737
0.00098739
0.00100632
0.00102545
0.00104467
0.0010639
0.00108307
0.00110209
0.0011209
0.00113942
0.00115759
0.00117535
0.00119265
0.00120942
0.00122564
0.00124123
0.00125617
0.00127042
0.00128393
0.00129667
0.00130861
0.00131972
0.00132997
0.00133934
0.00134781
0.00135536
0.00136197
0.00136762
0.00137231
0.00137602
0.00137874
0.00138047
0.00138121
0.00138095
0.00137968
0.00137743
0.00137418
0.00136995
0.00136474
0.00135856
0.00135143
0.00134336
0.00133437
0.00132448
0.0013137
0.00130207
0.00128961
0.00127635
0.00126231
0.00124754
0.00123206
0.00121592
0.00119916
0.00118182
0.00116395
0.0011456
0.00112682
0.00110768
0.00108823
0.00106854
0.00104868
0.00102872
0.00100873
0.000988805
0.000969025
0.000949483
0.000930274
0.000911498
0.000893258
0.000875663
0.000858823
0.00084285
0.000827858
0.00081396
0.000801266
0.000789884
0.000779912
0.000771441
0.00076455
0.000759306
0.000755758
0.000753937
0.000753858
0.000755515
0.000758883
0.000763919
0.000770563
0.000778742
0.000788366
0.00079934
0.000811558
0.00082491
0.000839283
0.000854561
0.000870631
0.00088738
0.000904699
0.000922481
0.000940624
0.000959032
0.00097761
0.000996272
0.00101493
0.00103352
0.00105195
0.00107016
0.00108808
0.00110566
0.00112283
0.00113954
0.00115574
0.00117138
0.00118643
0.00120083
0.00121455
0.00122756
0.00123981
0.00125129
0.00126197
0.00127181
0.00128079
0.0012889
0.00129612
0.00130241
0.00130778
0.00131221
0.00131569
0.0013182
0.00131974
0.00132031
0.00131989
0.0013185
0.00131612
0.00131276
0.00130843
0.00130312
0.00129685
0.00128963
0.00128146
0.00127237
0.00126236
0.00125145
0.00123967
0.00122703
0.00121355
0.00119928
0.00118422
0.00116843
0.00115192
0.00113473
0.00111691
0.0010985
0.00107955
0.0010601
0.00104021
0.00101993
0.000999338
0.000978487
0.000957454
0.000936314
0.000915151
0.000894055
0.000873118
0.000852444
0.00083214
0.000812321
0.000793109
0.000774631
0.000757021
0.000740415
0.000724955
0.00071078
0.000698029
0.000686836
0.000677325
0.000669607
0.000663777
0.000659908
0.000658049
0.000658225
0.000660431
0.000664637
0.000670786
0.000678797
0.000688571
0.000699991
0.000712931
0.000727254
0.000742819
0.000759484
0.000777109
0.000795556
0.000814692
0.00083439
0.000854528
0.000874991
0.000895674
0.000916473
0.000937295
0.000958051
0.000978659
0.000999042
0.00101913
0.00103885
0.00105815
0.00107696
0.00109523
0.00111292
0.00112997
0.00114634
0.00116199
0.00117689
0.00119099
0.00120427
0.0012167
0.00122825
0.00123889
0.00124861
0.00125738
0.00126518
0.001272
0.00127783
0.00128264
0.00128644
0.0012892
0.00129093
0.00129163
0.00129127
0.00128987
0.00128743
0.00128394
0.00127942
0.00127386
0.00126727
0.00125966
0.00125105
0.00124144
0.00123084
0.00121928
0.00120677
0.00119334
0.00117899
0.00116376
0.00114767
0.00113075
0.00111302
0.00109453
0.0010753
0.00105537
0.00103479
0.00101359
0.000991824
0.000969539
0.000946791
0.000923639
0.000900145
0.00087638
0.000852419
0.000828342
0.00080424
0.000780209
0.000756357
0.000732801
0.000709667
0.000687096
0.000665239
0.000644261
0.000624339
0.00060566
0.000588422
0.000572827
0.000559078
0.000547374
0.000537895
0.000530803
0.000526224
0.000524244
0.000524901
0.000528186
0.000534037
0.000542352
0.000552988
0.000565775
0.000580521
0.000597027
0.000615089
0.000634505
0.000655081
0.000676633
0.000698989
0.000721987
0.000745482
0.000769336
0.000793425
0.000817634
0.000841859
0.000866004
0.00088998
0.000913706
0.000937107
0.000960113
0.000982661
0.00100469
0.00102615
0.00104698
0.00106714
0.00108657
0.00110525
0.00112313
0.00114018
0.00115635
0.00117162
0.00118596
0.00119934
0.00121174
0.00122313
0.00123349
0.0012428
0.00125104
0.00125821
0.00126427
0.00126922
0.00127305
0.00127576
0.00127732
0.00127774
0.00127701
0.00127514
0.00127211
0.00126793
0.00126261
0.00125614
0.00124853
0.00123979
0.00122993
0.00121896
0.00120689
0.00119373
0.00117951
0.00116424
0.00114794
0.00113062
0.00111232
0.00109306
0.00107286
0.00105176
0.00102979
0.00100697
0.000983349
0.000958963
0.000933853
0.000908065
0.000881647
0.000854653
0.000827138
0.000799166
0.000770805
0.00074213
0.000713226
0.000684186
0.000655116
0.000626134
0.000597376
0.000569
0.000541186
0.000514142
0.00048811
0.000463371
0.000440244
0.000419093
0.000400314
0.000384331
0.000371563
0.000362397
0.000357139
0.000355975
0.000358939
0.000365911
0.000376632
0.000390743
0.00040783
0.000427464
0.00044923
0.000472744
0.000497665
0.000523692
0.000550564
0.000578058
0.000605982
0.000634168
0.000662473
0.000690771
0.000718953
0.000746922
0.000774592
0.000801885
0.000828734
0.000855074
0.000880849
0.000906007
0.0009305
0.000954284
0.000977318
0.000999565
0.00102099
0.00104156
0.00106125
0.00108002
0.00109785
0.00111472
0.00113061
0.00114549
0.00115934
0.00117216
0.00118391
0.0011946
0.0012042
0.00121271
0.00122011
0.00122639
0.00123156
0.0012356
0.00123851
0.00124028
0.00124092
0.00124042
0.00123879
0.00123602
0.00123212
0.0012271
0.00122095
0.00121369
0.00120533
0.00119587
0.00118532
0.0011737
0.00116102
0.0011473
0.00113254
0.00111677
0.0011
0.00108225
0.00106355
0.00104391
0.00102336
0.00100193
0.000979626
0.000956492
0.000932553
0.000907838
0.000882382
0.000856217
0.000829381
0.000801914
0.000773857
0.000745255
0.000716158
0.000686619
0.000656698
0.000626461
0.000595981
0.000565343
0.000534644
0.000503999
0.000473543
0.00044344
0.000413891
0.000385145
0.000357513
0.000331388
0.00030726
0.000285732
0.000267516
0.000253395
0.000244131
0.000240311
0.0002422
0.00024965
0.000262151
0.000278971
0.000299317
0.000322442
0.000347705
0.000374579
0.000402642
0.000431557
0.000461057
0.000490927
0.000520991
0.000551106
0.000581151
0.000611024
0.000640637
0.000669912
0.000698782
0.000727185
0.000755065
0.000782374
0.000809065
0.000835095
0.000860424
0.000885017
0.000908837
0.000931853
0.000954035
0.000975354
0.000995783
0.0010153
0.00103387
0.00105149
0.00106813
0.00108376
0.00109838
0.00111196
0.0011245
0.00113597
0.00114637
0.00115568
0.0011639
0.00117101
0.00117701
0.0011819
0.00118567
0.00118831
0.00118983
0.00119022
0.00118949
0.00118763
0.00118465
0.00118056
0.00117536
0.00116905
0.00116165
0.00115317
0.00114361
0.00113299
0.00112132
0.00110862
0.0010949
0.00108017
0.00106446
0.00104779
0.00103017
0.00101163
0.000992194
0.000971879
0.000950714
0.000928726
0.000905942
0.000882392
0.000858108
0.000833121
0.000807467
0.000781182
0.000754305
0.000726875
0.000698938
0.000670541
0.000641735
0.000612575
0.000583125
0.000553453
0.000523638
0.000493771
0.000463958
0.000434328
0.000405033
0.000376264
0.000348262
0.000321331
0.000295863
0.000272359
0.000251449
0.000233896
0.000220551
0.000212235
0.000209554
0.000212703
0.000221396
0.000234963
0.00025255
0.000273303
0.000296467
0.000321428
0.000347698
0.000374899
0.000402738
0.000430983
0.000459453
0.000488
0.000516504
0.000544864
0.000572994
0.000600823
0.000628285
0.000655325
0.000681892
0.000707941
0.00073343
0.000758321
0.000782579
0.000806172
0.000829069
0.000851241
0.000872663
0.000893309
0.000913156
0.000932183
0.000950369
0.000967695
0.000984143
0.000999696
0.00101434
0.00102806
0.00104084
0.00105267
0.00106354
0.00107344
0.00108237
0.0010903
0.00109725
0.00110319
0.00110813
0.00111206
0.00111499
0.0011169
0.00111781
0.0011177
0.00111659
0.00111447
0.00111136
0.00110724
0.00110214
0.00109605
0.00108899
0.00108097
0.00107199
0.00106206
0.00105121
0.00103943
0.00102676
0.00101319
0.000998759
0.000983473
0.000967353
0.000950421
0.000932697
0.000914204
0.000894967
0.00087501
0.000854362
0.000833051
0.000811107
0.000788562
0.000765452
0.000741811
0.000717681
0.000693103
0.000668123
0.000642791
0.000617162
0.000591296
0.00056526
0.000539132
0.000512997
0.000486955
0.000461122
0.000435633
0.000410651
0.000386366
0.00036301
0.00034086
0.000320247
0.000301557
0.000285232
0.00027175
0.000261589
0.000255168
0.00025278
0.000254531
0.000260313
0.00026983
0.000282655
0.000298301
0.000316282
0.000336147
0.000357501
0.000380009
0.000403389
0.000427406
0.000451866
0.000476606
0.000501492
0.000526407
0.000551252
0.000575943
0.000600404
0.000624572
0.000648386
0.000671796
0.000694753
0.000717216
0.000739144
0.000760502
0.000781257
0.000801377
0.000820835
0.000839604
0.000857659
0.000874977
0.000891537
0.00090732
0.000922306
0.000936479
0.000949823
0.000962324
0.000973968
0.000984744
0.000994641
0.00100365
0.00101176
0.00101897
0.00102526
0.00103064
0.00103511
0.00103864
0.00104126
0.00104295
0.00104372
0.00104356
0.00104248
0.00104049
0.00103758
0.00103377
0.00102906
0.00102346
0.00101697
0.00100961
0.00100139
0.000992325
0.000982421
0.000971696
0.000960165
0.000947845
0.000934753
0.000920909
0.000906333
0.000891046
0.000875072
0.000858435
0.00084116
0.000823276
0.00080481
0.000785794
0.000766261
0.000746246
0.000725787
0.000704924
0.000683699
0.000662161
0.000640361
0.000618353
0.000596199
0.000573966
0.00055173
0.000529573
0.00050759
0.000485886
0.00046458
0.00044381
0.000423728
0.000404509
0.000386351
0.000369473
0.000354113
0.000340528
0.000328979
0.000319717
0.000312971
0.000308914
0.000307657
0.000309222
0.000313548
0.000320493
0.000329854
0.000341385
0.000354821
0.000369896
0.000386352
0.000403954
0.000422486
0.000441756
0.000461595
0.000481856
0.000502407
0.000523135
0.00054394
0.000564732
0.000585435
0.000605976
0.000626295
0.000646335
0.000666045
0.000685379
0.000704294
0.000722752
0.000740718
0.00075816
0.000775046
0.000791349
0.000807043
0.000822106
0.000836513
0.000850246
0.000863285
0.000875613
0.000887215
0.000898074
0.000908179
0.000917516
0.000926076
0.000933849
0.000940826
0.000947
0.000952364
0.000956915
0.000960647
0.000963558
0.000965646
0.000966911
0.000967352
0.000966972
0.000965773
0.000963759
0.000960934
0.000957303
0.000952875
0.000947657
0.000941657
0.000934886
0.000927356
0.000919078
0.000910066
0.000900335
0.000889901
0.00087878
0.000866992
0.000854555
0.000841492
0.000827824
0.000813576
0.000798773
0.000783442
0.000767613
0.000751317
0.000734587
0.000717458
0.000699969
0.000682161
0.000664077
0.000645765
0.000627276
0.000608667
0.000589997
0.000571333
0.000552748
0.00053432
0.000516137
0.000498294
0.000480895
0.000464057
0.000447902
0.000432568
0.000418199
0.000404948
0.000392972
0.000382432
0.000373481
0.000366261
0.000360895
0.000357478
0.000356069
0.000356686
0.000359305
0.000363865
0.000370264
0.000378378
0.000388057
0.000399144
0.000411474
0.000424886
0.000439224
0.000454339
0.000470093
0.000486361
0.000503026
0.000519982
0.000537135
0.000554397
0.00057169
0.000588943
0.000606092
0.000623077
0.000639844
0.000656346
0.000672537
0.000688375
0.000703824
0.000718847
0.000733414
0.000747494
0.000761059
0.000774085
0.000786547
0.000798426
0.000809699
0.00082035
0.000830361
0.000839716
0.000848403
0.000856409
0.000863722
0.000870332
0.00087623
0.000881409
0.000885863
0.000889586
0.000892575
0.000894825
0.000896336
0.000897108
0.000897139
0.000896432
0.000894991
0.000892817
0.000889917
0.000886297
0.000881964
0.000876925
0.000871192
0.000864773
0.000857683
0.000849932
0.000841537
0.000832512
0.000822875
0.000812644
0.000801839
0.000790481
0.000778592
0.000766198
0.000753325
0.00074
0.000726254
0.000712118
0.000697627
0.000682818
0.000667729
0.000652402
0.000636884
0.000621223
0.00060547
0.000589682
0.00057392
0.000558248
0.000542738
0.000527465
0.000512509
0.00049796
0.000483908
0.000470453
0.000457699
0.000445753
0.000434726
0.000424727
0.000415867
0.000408249
0.000401967
0.000397102
0.000393719
0.000391861
0.00039155
0.000392781
0.000395527
0.000399737
0.000405341
0.000412251
0.000420368
0.000429584
0.000439787
0.000450861
0.000462696
0.000475181
0.000488211
0.000501688
0.000515519
0.000529617
0.000543901
0.000558297
0.000572736
0.000587155
0.000601495
0.000615702
0.000629727
0.000643523
0.000657049
0.000670265
0.000683136
0.000695628
0.000707711
0.000719355
0.000730536
0.000741228
0.00075141
0.000761062
0.000770164
0.0007787
0.000786654
0.000794012
0.000800762
0.000806893
0.000812394
0.000817258
0.000821477
0.000825045
0.000827957
0.00083021
0.000831801
0.000832729
0.000832995
0.000832598
0.000831542
0.00082983
0.000827466
0.000824456
0.000820807
0.000816526
0.000811624
0.000806109
0.000799994
0.000793291
0.000786014
0.000778179
0.000769801
0.0007609
0.000751493
0.000741601
0.000731248
0.000720456
0.000709251
0.00069766
0.000685712
0.000673438
0.000660872
0.000648047
0.000635003
0.000621778
0.000608417
0.000594965
0.000581471
0.000567987
0.000554569
0.000541277
0.000528173
0.000515326
0.000502806
0.000490688
0.000479051
0.000467975
0.000457545
0.000447846
0.000438962
0.000430976
0.000423968
0.000418012
0.000413172
0.000409503
0.000407045
0.000405827
0.000405858
0.000407132
0.000409627
0.000413306
0.000418116
0.000423995
0.000430869
0.000438661
0.000447285
0.000456655
0.000466685
0.000477289
0.000488383
0.000499887
0.000511722
0.000523817
0.000536102
0.000548512
0.000560986
0.000573467
0.000585903
0.000598243
0.000610443
0.000622458
0.00063425
0.00064578
0.000657015
0.000667922
0.000678471
0.000688635
0.000698388
0.000707705
0.000716566
0.000724949
0.000732836
0.000740209
0.000747053
0.000753353
0.000759095
0.00076427
0.000768865
0.000772872
0.000776283
0.000779091
0.000781291
0.000782878
0.000783849
0.000784202
0.000783935
0.00078305
0.000781548
0.00077943
0.000776701
0.000773365
0.000769428
0.000764897
0.000759781
0.000754089
0.000747832
0.000741021
0.000733669
0.000725792
0.000717404
0.000708524
0.00069917
0.000689362
0.000679122
0.000668473
0.000657441
0.000646053
0.000634338
0.000622327
0.000610054
0.000597555
0.000584869
0.000572036
0.000559102
0.000546114
0.000533123
0.000520185
0.000507358
0.000494705
0.000482294
0.000470196
0.000458486
0.000447244
0.000436553
0.000426498
0.000417168
0.000408649
0.000401028
0.000394387
0.000388802
0.00038434
0.000381057
0.000378994
0.000378177
0.000378615
0.000380298
0.000383201
0.000387281
0.000392481
0.000398734
0.000405963
0.000414084
0.00042301
0.000432654
0.000442926
0.00045374
0.000465012
0.000476662
0.000488613
0.000500795
0.000513139
0.000525581
0.000538064
0.000550533
0.000562935
0.000575223
0.000587354
0.000599286
0.000610981
0.000622403
0.000633519
0.000644299
0.000654714
0.000664737
0.000674344
0.000683511
0.000692219
0.000700446
0.000708175
0.00071539
0.000722075
0.000728216
0.000733801
0.000738818
0.000743257
0.000747109
0.000750367
0.000753023
0.000755072
0.000756509
0.000757332
0.000757537
0.000757123
0.000756091
0.00075444
0.000752173
0.000749293
0.000745803
0.000741708
0.000737016
0.000731731
0.000725864
0.000719423
0.000712418
0.000704861
0.000696765
0.000688144
0.000679013
0.000669388
0.000659288
0.000648732
0.00063774
0.000626336
0.000614544
0.000602389
0.0005899
0.000577107
0.000564043
0.000550742
0.000537244
0.00052359
0.000509823
0.000495994
0.000482153
0.000468359
0.000454674
0.000441166
0.000427908
0.00041498
0.000402469
0.000390467
0.000379073
0.000368391
0.000358529
0.000349597
0.000341705
0.00033496
0.000329458
0.000325285
0.000322509
0.000321175
0.000321308
0.000322902
0.00032593
0.000330338
0.000336054
0.000342988
0.00035104
0.000360103
0.000370065
0.000380816
0.000392248
0.000404258
0.000416747
0.000429624
0.000442805
0.00045621
0.000469767
0.000483408
0.000497073
0.000510705
0.000524253
0.000537667
0.000550905
0.000563925
0.00057669
0.000589164
0.000601316
0.000613115
0.000624533
0.000635544
0.000646125
0.000656253
0.000665906
0.000675065
0.000683714
0.000691833
0.00069941
0.000706428
0.000712876
0.000718741
0.000724013
0.000728682
0.000732739
0.000736177
0.00073899
0.000741171
0.000742717
0.000743623
0.000743887
0.000743507
0.000742483
0.000740814
0.000738502
0.00073555
0.000731959
0.000727734
0.00072288
0.000717402
0.000711308
0.000704606
0.000697303
0.00068941
0.000680938
0.000671898
0.000662304
0.000652169
0.000641509
0.000630339
0.000618678
0.000606545
0.000593959
0.000580943
0.000567521
0.000553718
0.000539561
0.000525079
0.000510306
0.000495275
0.000480025
0.000464598
0.000449038
0.000433397
0.000417731
0.000402101
0.000386578
0.000371239
0.000356172
0.000341477
0.000327264
0.000313658
0.000300797
0.000288835
0.000277936
0.000268274
0.000260024
0.000253358
0.000248428
0.000245356
0.000244223
0.000245057
0.000247833
0.000252474
0.000258859
0.000266835
0.000276233
0.000286875
0.000298587
0.0003112
0.000324562
0.00033853
0.00035298
0.000367799
0.000382886
0.000398153
0.00041352
0.000428918
0.000444285
0.000459562
0.000474701
0.000489655
0.000504383
0.000518846
0.000533011
0.000546844
0.000560317
0.000573401
0.000586073
0.000598309
0.000610087
0.000621386
0.000632188
0.000642476
0.000652233
0.000661443
0.000670095
0.000678173
0.000685667
0.000692565
0.000698858
0.000704537
0.000709594
0.000714021
0.000717812
0.000720962
0.000723467
0.000725322
0.000726526
0.000727075
0.000726968
0.000726206
0.000724789
0.000722717
0.000719994
0.000716621
0.000712602
0.000707943
0.000702647
0.000696722
0.000690173
0.000683009
0.000675238
0.000666869
0.000657912
0.000648379
0.00063828
0.000627628
0.000616438
0.000604723
0.000592498
0.00057978
0.000566586
0.000552936
0.000538848
0.000524343
0.000509444
0.000494176
0.000478563
0.000462634
0.00044642
0.000429952
0.000413268
0.000396407
0.000379414
0.00036234
0.000345241
0.000328183
0.000311243
0.000294509
0.000278087
0.000262102
0.000246703
0.000232068
0.000218411
0.000205979
0.000195055
0.000185945
0.000178958
0.000174374
0.000172397
0.000173117
0.000176494
0.000182363
0.000190466
0.000200499
0.000212147
0.000225115
0.000239138
0.000253987
0.000269471
0.000285427
0.000301721
0.00031824
0.000334888
0.000351585
0.000368262
0.000384859
0.000401323
0.000417608
0.000433674
0.000449483
0.000465002
0.000480201
0.000495051
0.000509528
0.000523607
0.000537266
0.000550485
0.000563244
0.000575527
0.000587315
0.000598594
0.000609349
0.000619566
0.000629233
0.000638337
0.000646868
0.000654816
0.00066217
0.000668924
0.000675069
0.000680598
0.000685504
0.000689783
0.00069343
0.00069644
0.000698811
0.00070054
0.000701625
0.000702065
0.00070186
0.00070101
0.000699517
0.000697381
0.000694606
0.000691194
0.00068715
0.000682477
0.000677182
0.000671271
0.000664749
0.000657624
0.000649904
0.000641598
0.000632715
0.000623266
0.00061326
0.00060271
0.000591627
0.000580025
0.000567917
0.000555317
0.000542241
0.000528704
0.000514724
0.000500318
0.000485506
0.000470306
0.00045474
0.000438832
0.000422604
0.000406083
0.000389297
0.000372276
0.000355056
0.000337673
0.00032017
0.000302596
0.000285009
0.000267476
0.000250078
0.000232915
0.000216112
0.000199826
0.000184259
0.00016967
0.000156388
0.000144823
0.000135455
0.000128795
0.000125294
0.000125219
0.000128569
0.000135068
0.000144259
0.000155628
0.00016869
0.000183031
0.000198321
0.000214298
0.000230762
0.000247554
0.000264549
0.000281648
0.000298771
0.00031585
0.000332829
0.000349659
0.0003663
0.000382714
0.000398868
0.000414734
0.000430283
0.000445492
0.000460337
0.000474798
0.000488855
0.000502489
0.000515683
0.000528421
0.000540688
0.000552468
0.00056375
0.00057452
0.000584766
0.000594477
0.000603643
0.000612253
0.0006203
0.000627774
0.000634669
0.000640976
0.000646691
0.000651807
0.00065632
0.000660225
0.000663519
0.000666199
0.000668263
0.000669709
0.000670536
0.000670744
0.000670334
0.000669305
0.000667661
0.000665404
0.000662536
0.000659061
0.000654984
0.000650309
0.000645041
0.000639188
0.000632756
0.000625753
0.000618186
0.000610064
0.000601397
0.000592194
0.000582467
0.000572227
0.000561486
0.000550256
0.00053855
0.000526384
0.000513771
0.000500728
0.00048727
0.000473416
0.000459182
0.00044459
0.000429659
0.00041441
0.000398869
0.000383058
0.000367007
0.000350745
0.000334304
0.000317721
0.000301039
0.000284305
0.000267575
0.000250915
0.000234405
0.000218144
0.000202255
0.000186895
0.000172262
0.000158614
0.000146276
0.000135649
0.000127195
0.000121395
0.000118649
0.000119167
0.000122894
0.000129531
0.000138626
0.000149693
0.000162283
0.000176019
0.000190601
0.000205793
0.000221413
0.000237317
0.000253393
0.00026955
0.000285714
0.000301824
0.000317828
0.000333682
0.000349349
0.000364793
0.000379985
0.000394897
0.000409505
0.000423786
0.000437719
0.000451285
0.000464465
0.000477242
0.000489601
0.000501527
0.000513005
0.000524024
0.000534569
0.00054463
0.000554196
0.000563256
0.000571802
0.000579825
0.000587316
0.000594268
0.000600674
0.000606528
0.000611825
0.00061656
0.000620729
0.000624327
0.000627353
0.000629803
0.000631676
0.00063297
0.000633686
0.000633824
0.000633384
0.000632367
0.000630776
0.000628613
0.000625881
0.000622585
0.000618728
0.000614316
0.000609355
0.00060385
0.000597809
0.00059124
0.000584149
0.000576548
0.000568443
0.000559847
0.00055077
0.000541222
0.000531217
0.000520768
0.000509887
0.000498589
0.00048689
0.000474806
0.000462353
0.000449551
0.000436418
0.000422974
0.000409243
0.000395247
0.000381012
0.000366567
0.00035194
0.000337167
0.000322284
0.000307334
0.000292364
0.00027743
0.000262595
0.000247935
0.000233538
0.000219513
0.000205986
0.000193115
0.000181085
0.000170119
0.000160473
0.000152428
0.000146272
0.000142267
0.000140601
0.000141354
0.000144475
0.000149797
0.000157067
0.000165996
0.000176293
0.000187689
0.000199952
0.000212881
0.000226312
0.000240109
0.000254158
0.000268367
0.000282656
0.00029696
0.000311222
0.000325393
0.000339432
0.0003533
0.000366965
0.000380396
0.000393568
0.000406454
0.000419034
0.000431286
0.000443192
0.000454733
0.000465894
0.000476659
0.000487014
0.000496946
0.000506443
0.000515492
0.000524084
0.000532208
0.000539855
0.000547017
0.000553687
0.000559856
0.00056552
0.000570672
0.000575306
0.00057942
0.000583009
0.00058607
0.000588601
0.000590599
0.000592065
0.000592996
0.000593394
0.000593259
0.000592593
0.000591397
0.000589674
0.000587427
0.000584661
0.000581379
0.000577588
0.000573292
0.000568498
0.000563214
0.000557446
0.000551204
0.000544496
0.000537333
0.000529724
0.000521681
0.000513216
0.000504342
0.000495072
0.00048542
0.000475402
0.000465035
0.000454334
0.00044332
0.000432011
0.000420429
0.000408597
0.000396538
0.000384279
0.000371849
0.000359278
0.0003466
0.000333854
0.00032108
0.000308325
0.000295641
0.000283087
0.000270727
0.000258638
0.000246904
0.000235623
0.000224904
0.00021487
0.000205656
0.000197408
0.00019028
0.000184422
0.000179975
0.000177054
0.000175738
0.000176062
0.000178007
0.000181504
0.000186447
0.000192697
0.000200104
0.000208509
0.00021776
0.000227714
0.000238242
0.000249228
0.000260569
0.000272174
0.000283965
0.000295873
0.000307837
0.000319803
0.000331725
0.00034356
0.000355271
0.000366824
0.000378189
0.000389337
0.000400244
0.000410887
0.000421245
0.000431298
0.000441029
0.00045042
0.000459458
0.000468127
0.000476415
0.00048431
0.0004918
0.000498875
0.000505527
0.000511746
0.000517524
0.000522855
0.000527733
0.000532151
0.000536105
0.000539591
0.000542605
0.000545145
0.000547208
0.000548792
0.000549898
0.000550524
0.000550671
0.000550341
0.000549534
0.000548254
0.000546504
0.000544286
0.000541606
0.000538469
0.00053488
0.000530845
0.000526372
0.000521468
0.000516142
0.000510403
0.000504261
0.000497727
0.000490811
0.000483527
0.000475887
0.000467905
0.000459597
0.000450979
0.000442067
0.00043288
0.000423438
0.00041376
0.00040387
0.000393793
0.000383552
0.000373177
0.000362698
0.000352147
0.000341559
0.000330974
0.000320434
0.000309984
0.000299675
0.000289562
0.000279706
0.000270172
0.000261031
0.000252361
0.000244243
0.000236763
0.000230009
0.000224069
0.000219029
0.000214966
0.000211947
0.000210023
0.000209226
0.000209564
0.000211026
0.000213576
0.000217159
0.000221705
0.000227133
0.000233355
0.00024028
0.000247818
0.00025588
0.000264384
0.000273251
0.000282409
0.000291793
0.000301341
0.000310999
0.000320717
0.00033045
0.000340155
0.000349797
0.000359341
0.000368756
0.000378012
0.000387085
0.000395951
0.000404587
0.000412973
0.000421091
0.000428924
0.000436455
0.000443671
0.000450558
0.000457103
0.000463296
0.000469126
0.000474583
0.00047966
0.000484349
0.000488642
0.000492534
0.000496019
0.000499093
0.000501752
0.000503993
0.000505813
0.000507212
0.000508187
0.000508738
0.000508867
0.000508573
0.000507859
0.000506726
0.000505179
0.00050322
0.000500854
0.000498086
0.000494922
0.000491368
0.000487431
0.00048312
0.000478443
0.000473409
0.000468028
0.000462312
0.000456272
0.00044992
0.000443272
0.00043634
0.00042914
0.00042169
0.000414006
0.000406107
0.000398015
0.00038975
0.000381335
0.000372796
0.000364158
0.000355451
0.000346704
0.00033795
0.000329225
0.000320566
0.000312013
0.00030361
0.000295403
0.000287441
0.000279776
0.000272463
0.000265558
0.000259121
0.000253211
0.000247887
0.000243204
0.000239218
0.000235975
0.000233515
0.00023187
0.000231058
0.000231087
0.000231953
0.000233637
0.000236111
0.000239337
0.000243266
0.000247845
0.000253018
0.000258723
0.0002649
0.000271489
0.000278431
0.00028567
0.000293151
0.000300825
0.000308644
0.000316563
0.000324542
0.000332543
0.00034053
0.00034847
0.000356334
0.000364093
0.000371721
0.000379196
0.000386494
0.000393594
0.00040048
0.000407131
0.000413534
0.000419671
0.000425531
0.0004311
0.000436365
0.000441318
0.000445947
0.000450245
0.000454202
0.000457812
0.000461068
0.000463965
0.000466498
0.000468663
0.000470455
0.000471873
0.000472915
0.000473578
0.000473863
0.00047377
0.000473298
0.00047245
0.000471228
0.000469634
0.000467672
0.000465345
0.000462659
0.000459619
0.000456231
0.000452502
0.00044844
0.000444052
0.000439349
0.000434339
0.000429035
0.000423446
0.000417587
0.000411469
0.000405109
0.00039852
0.000391719
0.000384725
0.000377556
0.000370232
0.000362774
0.000355207
0.000347554
0.000339842
0.0003321
0.000324358
0.000316647
0.000309003
0.000301463
0.000294065
0.000286852
0.000279867
0.000273156
0.000266766
0.000260748
0.000255152
0.000250026
0.000245422
0.000241386
0.000237961
0.000235187
0.000233096
0.000231712
0.000231052
0.000231121
0.000231917
0.000233425
0.000235623
0.000238481
0.000241961
0.00024602
0.00025061
0.000255683
0.000261188
0.000267073
0.000273288
0.000279784
0.000286514
0.000293432
0.000300497
0.000307669
0.000314908
0.000322181
0.000329454
0.000336696
0.00034388
0.000350978
0.000357966
0.00036482
0.00037152
0.000378045
0.000384377
0.000390498
0.000396394
0.000402048
0.000407448
0.00041258
0.000417433
0.000421996
0.000426259
0.000430213
0.00043385
0.000437162
0.000440143
0.000442787
0.000445088
0.000447041
0.000448644
0.000449892
0.000450784
0.000451317
0.000451489
0.000451302
0.000450754
0.000449846
0.00044858
0.000446958
0.000444982
0.000442655
0.000439982
0.000436967
0.000433615
0.000429933
0.000425926
0.000421602
0.00041697
0.000412037
0.000406815
0.000401312
0.00039554
0.000389512
0.000383241
0.00037674
0.000370024
0.00036311
0.000356016
0.00034876
0.000341362
0.000333843
0.000326228
0.000318541
0.000310809
0.000303061
0.000295329
0.000287646
0.000280048
0.000272575
0.000265268
0.000258171
0.000251333
0.000244804
0.000238635
0.00023288
0.000227595
0.000222834
0.000218651
0.000215095
0.000212212
0.000210041
0.000208611
0.000207942
0.000208044
0.000208912
0.000210534
0.000212883
0.000215925
0.000219619
0.000223915
0.000228761
0.000234103
0.000239886
0.000246053
0.000252552
0.000259331
0.000266341
0.000273535
0.000280869
0.000288304
0.0002958
0.000303324
0.000310842
0.000318325
0.000325743
0.000333072
0.000340287
0.000347366
0.000354288
0.000361034
0.000367585
0.000373926
0.00038004
0.000385914
0.000391533
0.000396886
0.000401961
0.000406747
0.000411235
0.000415416
0.00041928
0.000422821
0.000426032
0.000428907
0.000431439
0.000433624
0.000435459
0.000436938
0.00043806
0.000438821
0.00043922
0.000439255
0.000438927
0.000438234
0.000437177
0.000435757
0.000433976
0.000431836
0.00042934
0.00042649
0.000423292
0.000419749
0.000415866
0.00041165
0.000407106
0.000402241
0.000397064
0.000391583
0.000385805
0.000379743
0.000373404
0.000366803
0.000359949
0.000352857
0.000345541
0.000338016
0.000330299
0.000322407
0.000314359
0.000306177
0.000297882
0.000289499
0.000281055
0.000272579
0.000264103
0.000255662
0.000247295
0.000239043
0.000230953
0.000223077
0.00021547
0.000208193
0.000201311
0.000194895
0.000189018
0.000183756
0.000179183
0.000175372
0.000172387
0.000170284
0.000169103
0.000168867
0.00016958
0.000171226
0.000173771
0.000177165
0.000181348
0.000186248
0.000191791
0.000197901
0.000204503
0.000211525
0.000218899
0.000226562
0.000234457
0.000242528
0.000250729
0.000259015
0.000267346
0.000275685
0.000284
0.000292259
0.000300436
0.000308504
0.000316442
0.000324226
0.000331838
0.000339259
0.000346473
0.000353462
0.000360214
0.000366715
0.000372951
0.000378911
0.000384584
0.00038996
0.00039503
0.000399785
0.000404217
0.000408319
0.000412083
0.000415504
0.000418577
0.000421296
0.000423656
0.000425654
0.000427287
0.000428552
0.000429446
0.000429967
0.000430115
0.000429889
0.000429288
0.000428312
0.000426963
0.000425241
0.000423149
0.000420688
0.000417861
0.000414671
0.000411123
0.00040722
0.000402967
0.00039837
0.000393433
0.000388164
0.000382569
0.000376656
0.000370432
0.000363907
0.000357089
0.000349988
0.000342615
0.000334982
0.000327099
0.000318981
0.000310642
0.000302096
0.000293359
0.00028445
0.000275387
0.000266191
0.000256886
0.000247496
0.000238049
0.000228577
0.000219116
0.000209705
0.000200389
0.000191221
0.00018226
0.000173574
0.000165244
0.000157358
0.000150018
0.000143338
0.000137441
0.000132453
0.000128499
0.000125692
0.000124118
0.000123829
0.000124834
0.000127096
0.000130539
0.00013506
0.000140535
0.000146836
0.000153838
0.000161423
0.000169483
0.000177925
0.000186663
0.000195627
0.000204751
0.000213983
0.000223273
0.00023258
0.000241868
0.000251102
0.000260255
0.000269299
0.000278212
0.000286972
0.000295559
0.000303955
0.000312144
0.000320111
0.000327841
0.000335321
0.00034254
0.000349485
0.000356146
0.000362512
0.000368576
0.000374328
0.00037976
0.000384865
0.000389635
0.000394065
0.000398148
0.000401879
0.000405254
0.000408267
0.000410916
0.000413196
0.000415105
0.00041664
0.000417798
0.000418579
0.000418982
0.000419005
0.000418648
0.000417911
0.000416796
0.000415302
0.000413432
0.000411187
0.00040857
0.000405583
0.000402229
0.000398513
0.000394437
0.000390007
0.000385228
0.000380104
0.000374641
0.000368846
0.000362725
0.000356284
0.000349533
0.000342478
0.000335128
0.000327492
0.000319579
0.0003114
0.000302964
0.000294284
0.000285372
0.000276239
0.0002669
0.000257369
0.000247663
0.000237798
0.000227793
0.000217669
0.00020745
0.000197161
0.000186833
0.0001765
0.000166203
0.000155992
0.000145926
0.000136077
0.000126538
0.00011742
0.000108868
0.000101058
9.42071e-05
8.85622e-05
8.43861e-05
8.19169e-05
8.13164e-05
8.26238e-05
8.57436e-05
9.04739e-05
9.65587e-05
0.000103736
0.000111768
0.000120454
0.000129631
0.000139167
0.000148959
0.000158924
0.000168994
0.000179115
0.000189242
0.000199336
0.000209366
0.000219302
0.000229121
0.000238801
0.000248321
0.000257665
0.000266816
0.000275759
0.000284481
0.000292969
0.00030121
0.000309194
0.00031691
0.000324348
0.0003315
0.000338355
0.000344907
0.000351147
0.000357069
0.000362665
0.000367929
0.000372855
0.000377439
0.000381674
0.000385557
0.000389083
0.000392248
0.00039505
0.000397485
0.00039955
0.000401244
0.000402564
0.000403511
0.000404081
0.000404276
0.000404094
0.000403537
0.000402604
0.000401298
0.000399618
0.000397568
0.000395149
0.000392363
0.000389215
0.000385706
0.000381842
0.000377625
0.000373061
0.000368154
0.000362909
0.000357333
0.00035143
0.000345208
0.000338672
0.000331831
0.000324691
0.00031726
0.000309546
0.000301558
0.000293305
0.000284796
0.000276042
0.000267051
0.000257836
0.000248407
0.000238777
0.000228958
0.000218964
0.000208809
0.00019851
0.000188083
0.000177549
0.000166928
0.000156245
0.000145532
0.000134822
0.000124161
0.000113606
0.000103232
9.3141e-05
8.34779e-05
7.44474e-05
6.63438e-05
5.95765e-05
5.46667e-05
5.21546e-05
5.23883e-05
5.53248e-05
6.05555e-05
6.75264e-05
7.57308e-05
8.47803e-05
9.43986e-05
0.000104393
0.00011463
0.000125011
0.000135466
0.000145941
0.000156394
0.000166791
0.000177102
0.000187305
0.00019738
0.000207306
0.000217069
0.000226653
0.000236044
0.00024523
0.0002542
0.000262941
0.000271443
0.000279697
0.000287694
0.000295424
0.000302878
0.00031005
0.000316932
0.000323515
0.000329794
0.000335763
0.000341415
0.000346744
0.000351746
0.000356416
0.000360749
0.00036474
0.000368387
0.000371686
0.000374634
0.000377228
0.000379466
0.000381347
0.000382868
0.000384028
0.000384827
0.000385264
0.00038534
0.000385054
0.000384407
0.0003834
0.000382035
0.000380314
0.000378238
0.00037581
0.000373033
0.00036991
0.000366446
0.000362642
0.000358505
0.000354039
0.000349248
0.000344138
0.000338716
0.000332985
0.000326955
0.00032063
0.000314018
0.000307127
0.000299965
0.000292539
0.000284859
0.000276934
0.000268772
0.000260385
0.000251782
0.000242974
0.000233974
0.000224793
0.000215446
0.000205945
0.000196307
0.000186549
0.000176688
0.000166747
0.000156748
0.000146721
0.000136699
0.000126723
0.000116843
0.000107127
9.766e-05
8.85606e-05
7.99886e-05
7.21643e-05
6.53847e-05
6.00267e-05
5.65106e-05
5.51952e-05
5.62315e-05
5.94849e-05
6.46029e-05
7.11605e-05
7.87715e-05
8.71299e-05
9.60081e-05
0.000105241
0.000114707
0.000124319
0.000134008
0.000143723
0.000153422
0.000163073
0.000172646
0.000182119
0.00019147
0.000200682
0.000209739
0.000218626
0.00022733
0.000235838
0.000244139
0.000252222
0.000260077
0.000267695
0.000275067
0.000282184
0.00028904
0.000295625
0.000301934
0.00030796
0.000313696
0.000319137
0.000324277
0.000329112
0.000333636
0.000337846
0.000341736
0.000345305
0.000348548
0.000351463
0.000354048
0.000356299
0.000358216
0.000359797
0.000361041
0.000361948
0.000362516
0.000362747
0.00036264
0.000362196
0.000361417
0.000360304
0.000358859
0.000357084
0.000354982
0.000352555
0.000349807
0.000346743
0.000343364
0.000339678
0.000335687
0.000331397
0.000326814
0.000321944
0.000316793
0.000311367
0.000305674
0.000299722
0.000293518
0.000287071
0.00028039
0.000273484
0.000266363
0.000259037
0.000251519
0.00024382
0.000235953
0.000227932
0.000219771
0.000211486
0.000203096
0.00019462
0.000186079
0.000177498
0.000168903
0.000160328
0.000151808
0.000143386
0.000135114
0.000127051
0.000119272
0.000111864
0.000104932
9.8603e-05
9.30203e-05
8.83436e-05
8.47363e-05
8.23473e-05
8.12873e-05
8.16057e-05
8.32791e-05
8.62162e-05
9.02774e-05
9.5299e-05
0.000101115
0.000107571
0.000114533
0.000121883
0.000129528
0.000137387
0.000145394
0.000153494
0.000161643
0.0001698
0.000177933
0.000186015
0.000194019
0.000201925
0.000209712
0.000217365
0.000224866
0.000232202
0.000239361
0.000246329
0.000253097
0.000259654
0.00026599
0.000272097
0.000277967
0.000283592
0.000288966
0.000294081
0.000298932
0.000303513
0.000307819
0.000311845
0.000315588
0.000319042
0.000322205
0.000325074
0.000327645
0.000329917
0.000331888
0.000333556
0.000334919
0.000335978
0.000336732
0.00033718
0.000337323
0.000337162
0.000336698
0.000335932
0.000334866
0.000333502
0.000331843
0.000329892
0.000327652
0.000325126
0.00032232
0.000319237
0.000315882
0.000312261
0.000308379
0.000304242
0.000299858
0.000295232
0.000290373
0.000285288
0.000279986
0.000274476
0.000268768
0.000262871
0.000256797
0.000250557
0.000244164
0.000237632
0.000230973
0.000224205
0.000217344
0.000210407
0.000203416
0.000196391
0.000189357
0.00018234
0.00017537
0.00016848
0.000161705
0.000155089
0.000148676
0.000142518
0.000136673
0.000131202
0.000126175
0.000121662
0.000117738
0.000114474
0.000111939
0.000110187
0.000109258
0.000109172
0.000109927
0.000111498
0.00011384
0.000116894
0.00012059
0.000124852
0.000129606
0.000134777
0.000140297
0.000146102
0.000152136
0.000158346
0.000164687
0.000171119
0.000177604
0.000184112
0.000190613
0.000197083
0.000203497
0.000209836
0.000216081
0.000222214
0.000228222
0.000234089
0.000239802
0.000245351
0.000250724
0.000255911
0.000260903
0.000265692
0.00027027
0.000274629
0.000278764
0.000282668
0.000286335
0.000289761
0.000292941
0.00029587
0.000298547
0.000300966
0.000303126
0.000305024
0.000306658
0.000308027
0.00030913
0.000309965
0.000310533
0.000310834
0.000310867
0.000310635
0.000310138
0.000309377
0.000308355
0.000307074
0.000305537
0.000303748
0.000301709
0.000299424
0.000296899
0.000294137
0.000291144
0.000287927
0.000284489
0.00028084
0.000276985
0.000272931
0.000268688
0.000264264
0.000259668
0.000254909
0.000249999
0.000244948
0.000239769
0.000234474
0.000229077
0.000223593
0.000218037
0.000212427
0.00020678
0.000201118
0.00019546
0.000189829
0.000184252
0.000178755
0.000173366
0.000168118
0.000163043
0.000158179
0.000153564
0.000149236
0.000145238
0.000141611
0.000138398
0.000135637
0.000133365
0.000131613
0.000130407
0.000129762
0.000129687
0.000130179
0.000131226
0.000132808
0.000134896
0.000137456
0.000140449
0.000143833
0.000147565
0.000151602
0.000155902
0.000160425
0.000165132
0.000169988
0.00017496
0.000180016
0.000185128
0.00019027
0.000195419
0.000200552
0.000205649
0.000210691
0.000215662
0.000220546
0.000225329
0.000229997
0.000234539
0.000238942
0.000243197
0.000247294
0.000251224
0.00025498
0.000258553
0.000261937
0.000265125
0.000268112
0.000270894
0.000273464
0.000275819
0.000277955
0.000279869
0.000281558
0.00028302
0.000284253
0.000285255
0.000286025
0.000286563
0.000286867
0.000286939
0.000286778
0.000286386
0.000285764
0.000284913
0.000283836
0.000282535
0.000281012
0.000279272
0.000277317
0.000275153
0.000272782
0.000270211
0.000267444
0.000264488
0.000261349
0.000258033
0.000254548
0.000250902
0.000247103
0.000243159
0.000239082
0.000234881
0.000230566
0.00022615
0.000221644
0.000217064
0.000212421
0.000207733
0.000203014
0.000198283
0.000193558
0.00018886
0.000184208
0.000179626
0.000175138
0.00017077
0.000166547
0.000162499
0.000158654
0.000155043
0.000151696
0.000148643
0.000145913
0.000143536
0.000141537
0.000139938
0.000138757
0.000138009
0.000137701
0.000137836
0.000138408
0.00013941
0.000140824
0.000142631
0.000144807
0.000147325
0.000150156
0.000153268
0.000156631
0.000160214
0.000163987
0.00016792
0.000171985
0.000176155
0.000180405
0.000184711
0.000189051
0.000193405
0.000197752
0.000202076
0.000206358
0.000210585
0.000214741
0.000218812
0.000222787
0.000226655
0.000230403
0.000234023
0.000237505
0.000240841
0.000244022
0.000247042
0.000249894
0.000252571
0.000255069
0.000257382
0.000259505
0.000261434
0.000263166
0.000264697
0.000266024
0.000267145
0.000268059
0.000268762
0.000269255
0.000269536
0.000269606
0.000269462
0.000269108
0.000268542
0.000267766
0.000266782
0.000265591
0.000264196
0.000262599
0.000260803
0.000258813
0.000256631
0.000254262
0.000251711
0.000248983
0.000246083
0.000243018
0.000239794
0.000236418
0.000232898
0.000229242
0.000225459
0.000221558
0.000217549
0.000213444
0.000209253
0.000204989
0.000200666
0.000196297
0.000191898
0.000187485
0.000183076
0.000178688
0.000174343
0.000170062
0.000165867
0.000161782
0.000157832
0.000154045
0.000150448
0.00014707
0.000143939
0.000141085
0.000138535
0.000136317
0.000134456
0.000132972
0.000131885
0.000131207
0.000130947
0.000131107
0.000131683
0.000132667
0.000134045
0.000135798
0.000137903
0.000140336
0.000143069
0.000146073
0.000149318
0.000152776
0.000156418
0.000160216
0.000164143
0.000168173
0.000172284
0.000176451
0.000180654
0.000184873
0.000189089
0.000193285
0.000197445
0.000201555
0.0002056
0.000209566
0.000213443
0.000217219
0.000220883
0.000224426
0.000227839
0.000231113
0.000234241
0.000237215
0.000240028
0.000242675
0.00024515
0.000247447
0.000249562
0.00025149
0.000253228
0.000254771
0.000256118
0.000257265
0.000258209
0.000258949
0.000259484
0.000259811
0.000259931
0.000259842
0.000259545
0.000259039
0.000258326
0.000257405
0.000256279
0.000254948
0.000253416
0.000251684
0.000249754
0.00024763
0.000245316
0.000242815
0.000240131
0.000237269
0.000234234
0.000231032
0.000227668
0.000224149
0.000220481
0.000216673
0.000212732
0.000208667
0.000204487
0.000200202
0.000195823
0.000191362
0.000186831
0.000182243
0.000177613
0.000172957
0.000168292
0.000163637
0.000159011
0.000154438
0.000149939
0.000145541
0.000141272
0.000137162
0.00013324
0.000129542
0.000126102
0.000122956
0.000120138
0.000117685
0.000115629
0.000114
0.000112821
0.000112113
0.000111885
0.000112142
0.000112879
0.000114082
0.000115732
0.000117803
0.000120265
0.000123085
0.000126226
0.000129653
0.00013333
0.000137223
0.000141297
0.000145523
0.000149869
0.00015431
0.000158819
0.000163372
0.000167949
0.00017253
0.000177095
0.000181629
0.000186115
0.000190539
0.000194887
0.000199148
0.00020331
0.000207362
0.000211295
0.000215098
0.000218764
0.000222285
0.000225654
0.000228862
0.000231905
0.000234776
0.00023747
0.000239981
0.000242305
0.000244438
0.000246376
0.000248116
0.000249653
0.000250986
0.000252112
0.000253029
0.000253736
0.000254229
0.000254509
0.000254575
0.000254426
0.000254062
0.000253483
0.000252689
0.000251682
0.000250462
0.00024903
0.000247389
0.00024554
0.000243485
0.000241227
0.00023877
0.000236116
0.000233268
0.000230232
0.000227011
0.000223609
0.000220033
0.000216287
0.000212377
0.000208309
0.000204092
0.00019973
0.000195234
0.00019061
0.000185869
0.000181019
0.000176072
0.00017104
0.000165934
0.000160769
0.000155559
0.000150322
0.000145076
0.000139841
0.000134641
0.000129499
0.000124446
0.000119513
0.000114735
0.000110152
0.000105809
0.000101754
9.80392e-05
9.47192e-05
9.18504e-05
8.94872e-05
8.76799e-05
8.64699e-05
8.58868e-05
8.59452e-05
8.66429e-05
8.79616e-05
8.98683e-05
9.2319e-05
9.52618e-05
9.86414e-05
0.000102401
0.000106487
0.000110847
0.000115433
0.000120203
0.000125117
0.00013014
0.000135242
0.000140393
0.00014557
0.000150751
0.000155914
0.000161043
0.00016612
0.000171132
0.000176064
0.000180904
0.000185641
0.000190264
0.000194764
0.000199131
0.000203357
0.000207435
0.000211357
0.000215116
0.000218707
0.000222123
0.000225358
0.000228409
0.000231269
0.000233935
0.000236404
0.00023867
0.000240731
0.000242584
0.000244225
0.000245654
0.000246866
0.000247862
0.000248638
0.000249194
0.000249529
0.000249642
0.000249533
0.000249201
0.000248647
0.00024787
0.000246873
0.000245654
0.000244216
0.000242561
0.000240689
0.000238603
0.000236305
0.000233798
0.000231084
0.000228166
0.000225049
0.000221735
0.000218228
0.000214533
0.000210654
0.000206595
0.000202363
0.000197963
0.000193399
0.00018868
0.00018381
0.000178798
0.000173651
0.000168377
0.000162985
0.000157483
0.000151884
0.000146196
0.000140434
0.000134611
0.000128741
0.000122842
0.000116934
0.000111039
0.000105184
9.93993e-05
9.3722e-05
8.81961e-05
8.28746e-05
7.7821e-05
7.31115e-05
6.88357e-05
6.5096e-05
6.20041e-05
5.96721e-05
5.81997e-05
5.76574e-05
5.80719e-05
5.94204e-05
6.16355e-05
6.46189e-05
6.82582e-05
7.24406e-05
7.70621e-05
8.20313e-05
8.72705e-05
9.27146e-05
9.83095e-05
0.00010401
0.00010978
0.000115586
0.000121403
0.000127207
0.000132979
0.000138701
0.000144357
0.000149935
0.000155422
0.000160806
0.000166078
0.000171228
0.000176247
0.000181128
0.000185862
0.000190443
0.000194865
0.000199121
0.000203205
0.000207112
0.000210838
0.000214376
0.000217724
0.000220876
0.000223829
0.000226579
0.000229124
0.00023146
0.000233583
0.000235493
0.000237186
0.000238661
0.000239916
0.000240949
0.00024176
0.000242347
0.000242709
