
Primal Residual: 
24.068
8.87797
3.10618
4.58385
3.5383
2.01992
1.4358
1.43335
1.29843
1.03293
0.809842
0.709431
0.674571
0.632964
0.560531
0.478357
0.426199
0.421041
0.441175
0.455958
0.450054
0.423104
0.383712
0.344674
0.316868
0.304379
0.30077
0.296344
0.286004
0.270679
0.255029
0.244221
0.239595
0.239063
0.239224
0.237488
0.232983
0.226051
0.217569
0.208578
0.200021
0.193401
0.189951
0.190307
0.194117
0.200091
0.206757
0.212877
0.217754
0.221194
0.22334
0.224497
0.22497
0.224951
0.224484
0.223491
0.221854
0.219498
0.216469
0.212967
0.209323
0.205801
0.202565
0.199644
0.196939
0.194283
0.191496
0.18846
0.185158
0.181693
0.178262
0.175111
0.172473
0.17051
0.169273
0.168689
0.168582
0.168711
0.168817
0.168656
0.167997
0.166678
0.164626
0.161833
0.158361
0.154318
0.149861
0.145191
0.140552
0.136208
0.132423
0.129424
0.127372
0.126329
0.126248
0.126983
0.128308
0.129964
0.131687
0.133247
0.134465
0.135231
0.135506
0.13532
0.134764
0.133978
0.13313
0.132397
0.131942
0.131893
0.132328
0.133264
0.134665
0.136447
0.138492
0.140668
0.142842
0.144891
0.14671
0.148217
0.149352
0.150075
0.150368
0.15022
0.14964
0.14864
0.147235
0.145444
0.14329
0.140795
0.137985
0.134887
0.131536
0.127974
0.124255
0.120445
0.116623
0.11288
0.109316
0.106035
0.103138
0.100713
0.0988252
0.0975087
0.0967597
0.0965359
0.0967609
0.0973329
0.0981361
0.0990517
0.0999685
0.100791
0.101442
0.10187
0.102041
0.101936
0.101599
0.101077
0.100427
0.0997103
0.0989978
0.098359
0.0978583
0.0975491
0.0974692
0.097638
0.0980561
0.0987067
0.0995589
0.100572
0.101699
0.102894
0.104111
0.10531
0.10646
0.107535
0.108515
0.109389
0.110134
0.110748
0.111231
0.111579
0.111788
0.111851
0.111762
0.111518
0.111114
0.11055
0.109817
0.108915
0.107855
0.106656
0.10534
0.103934
0.102471
0.100985
0.0995139
0.0980944
0.0967567
0.0955243
0.0944116
0.093424
0.0925582
0.0918034
0.0911433
0.0905575
0.0900241
0.0895217
0.0890313
0.088538
0.0880315
0.0875071
0.0869653
0.0864118
0.0858563
0.0853117
0.0847928
0.084315
0.0838929
0.0835395
0.0832653
0.0830776
0.0829806
0.0829755
0.0830609
0.0832331
0.0834869
0.0838162
0.0842141
0.0846737
0.0851876
0.085749
0.0863506
0.0869855
0.0876463
0.0883255
0.0890154
0.0897076
0.0903936
0.0910642
0.0917103
0.0923222
0.09289
0.0934039
0.0938538
0.0942297
0.0945215
0.0947195
0.0948139
0.0947953
0.0946548
0.0943844
0.0939768
0.093426
0.0927278
0.0918797
0.0908813
0.089735
0.0884459
0.0870224
0.0854758
0.0838213
0.0820774
0.0802661
0.0784128
0.0765459
0.0746963
0.0728971
0.071182
0.0695853
0.0681395
0.0668745
0.0658162
0.0649844
0.0643925
0.0640458
0.063942
0.0640712
0.0644167
0.0649567
0.0656655
0.0665155
0.0674766
0.0685152
0.0696069
0.070733
0.0718745
0.0730143
0.0741383
0.075235
0.0762945
0.0773079
0.0782669
0.079165
0.0799974
0.0807606
0.081452
0.082069
0.0826095
0.0830707
0.0834497
0.083743
0.0839469
0.0840574
0.0840705
0.0839822
0.0837888
0.0834869
0.0830736
0.082547
0.0819061
0.081151
0.080283
0.0793048
0.0782203
0.0770352
0.0757562
0.0743916
0.0729513
0.0714466
0.0698901
0.0682963
0.066681
0.0650619
0.0634583
0.0618911
0.0603826
0.0589565
0.0576369
0.056448
0.0554131
0.0545535
0.0538871
0.0534277
0.0531836
0.0531571
0.0533441
0.0537344
0.0543124
0.0550579
0.0559477
0.0569562
0.0580574
0.0592255
0.0604355
0.0616645
0.0628915
0.064098
0.0652682
0.0663886
0.0674482
0.0684383
0.0693524
0.0701857
0.0709351
0.0715987
0.0721757
0.072666
0.0730702
0.0733891
0.0736235
0.0737744
0.0738424
0.0738279
0.0737313
0.0735524
0.0732908
0.0729461
0.0725178
0.0720052
0.0714082
0.0707269
0.0699617
0.0691141
0.0681862
0.0671812
0.0661034
0.0649585
0.0637536
0.0624974
0.0612003
0.0598743
0.0585332
0.0571927
0.0558698
0.0545833
0.0533529
0.0521993
0.0511433
0.0502051
0.0494037
0.0487559
0.0482752
0.047971
0.0478483
0.0479065
0.0481404
0.0485398
0.0490904
0.0497747
0.050573
0.0514643
0.0524271
0.0534404
0.0544843
0.0555401
0.0565911
0.0576225
0.0586214
0.0595772
0.060481
0.0613261
0.0621073
0.0628211
0.0634654
0.0640394
0.0645431
0.0649773
0.0653434
0.0656432
0.0658786
0.0660514
0.0661632
0.0662155
0.0662093
0.0661449
0.0660225
0.0658414
0.0656009
0.0652996
0.064936
0.0645085
0.0640155
0.0634556
0.0628277
0.0621313
0.0613667
0.0605349
0.0596379
0.0586789
0.0576626
0.0565946
0.0554823
0.0543344
0.0531612
0.0519745
0.0507873
0.0496143
0.0484708
0.0473735
0.0463391
0.0453846
0.0445266
0.0437804
0.0431596
0.0426755
0.0423362
0.0421464
0.042107
0.0422153
0.042465
0.0428466
0.0433481
0.0439558
0.0446548
0.0454297
0.0462651
0.0471461
0.0480587
0.0489896
0.0499268
0.0508597
0.0517783
0.0526742
0.0535397
0.054368
0.0551534
0.0558904
0.0565745
0.0572015
0.0577676
0.0582693
0.0587035
0.0590673
0.0593579
0.0595728
0.0597097
0.0597667
0.0597419
0.0596338
0.0594414
0.059164
0.0588015
0.0583544
0.0578236
0.057211
0.0565192
0.0557517
0.0549127
0.0540077
0.053043
0.0520261
0.0509656
0.0498711
0.0487534
0.0476243
0.0464967
0.0453843
0.0443013
0.0432627
0.0422834
0.0413781
0.0405609
0.0398447
0.0392404
0.0387568
0.0383999
0.0381725
0.0380742
0.0381013
0.0382472
0.0385026
0.0388561
0.0392949
0.0398052
0.0403731
0.0409847
0.0416267
0.0422866
0.0429531
0.043616
0.0442661
0.0448959
0.0454987
0.0460692
0.0466031
0.0470972
0.0475489
0.0479568
0.0483198
0.0486378
0.048911
0.0491399
0.0493255
0.0494692
0.0495722
0.0496362
0.0496629
0.0496539
0.0496111
0.0495361
0.0494307
0.0492967
0.0491358
0.0489496
0.0487401
0.0485088
0.0482576
0.0479885
0.0477033
0.047404
0.0470927
0.0467716
0.046443
0.046109
0.045772
0.0454343
0.0450981
0.0447657
0.0444389
0.0441197
0.0438098
0.0435105
0.0432229
0.0429478
0.0426857
0.0424367
0.0422004
0.0419765
0.0417641
0.0415622
0.0413695
0.0411847
0.0410065
0.0408335
0.0406645
0.0404984
0.0403344
0.0401721
0.0400111
0.0398517
0.0396945
0.0395405
0.0393911
0.0392482
0.0391138
0.0389903
0.0388805
0.038787
0.0387126
0.0386601
0.038632
0.0386306
0.0386579
0.0387152
0.0388034
0.0389228
0.0390732
0.0392535
0.039462
0.0396965
0.0399543
0.0402319
0.0405257
0.0408316
0.0411453
0.0414622
0.0417779
0.0420878
0.0423875
0.0426726
0.0429391
0.0431831
0.0434011
0.0435898
0.0437463
0.0438681
0.043953
0.0439993
0.0440053
0.0439701
0.0438929
0.0437733
0.0436112
0.0434068
0.0431609
0.0428741
0.0425479
0.0421836
0.0417832
0.0413488
0.0408828
0.0403882
0.0398681
0.039326
0.0387658
0.0381917
0.0376083
0.0370207
0.0364341
0.0358543
0.0352873
0.0347391
0.0342163
0.0337253
0.0332725
0.0328642
0.0325063
0.0322041
0.0319624
0.0317851
0.0316749
0.0316336
0.0316616
0.0317581
0.0319212
0.0321477
0.0324332
0.0327727
0.0331602
0.0335893
0.0340531
0.0345447
0.0350569
0.0355826
0.036115
0.0366475
0.0371739
0.0376883
0.0381853
0.0386597
0.0391072
0.0395235
0.0399051
0.0402486
0.0405514
0.040811
0.0410254
0.0411929
0.0413124
0.0413829
0.0414036
0.0413742
0.0412946
0.0411651
0.0409859
0.0407578
0.0404815
0.0401584
0.0397895
0.0393766
0.0389214
0.0384261
0.0378928
0.0373243
0.0367236
0.0360938
0.0354386
0.0347621
0.0340689
0.0333638
0.0326523
0.0319404
0.0312347
0.0305421
0.0298704
0.0292274
0.0286217
0.0280618
0.0275565
0.0271145
0.0267436
0.0264514
0.0262441
0.0261264
0.0261015
0.0261706
0.026333
0.0265859
0.0269248
0.0273435
0.0278346
0.0283895
0.0289992
0.0296539
0.0303441
0.03106
0.0317922
0.0325317
0.0332696
0.0339978
0.0347085
0.0353945
0.0360491
0.0366661
0.0372397
0.0377647
0.0382365
0.0386507
0.0390036
0.0392918
0.0395124
0.039663
0.0397415
0.0397464
0.0396765
0.0395312
0.03931
0.0390133
0.0386416
0.0381961
0.0376783
0.0370903
0.0364348
0.0357148
0.0349343
0.0340974
0.0332094
0.0322759
0.0313035
0.0302998
0.0292731
0.0282329
0.0271899
0.026156
0.0251447
0.0241705
0.0232498
0.0223997
0.0216386
0.0209846
0.0204553
0.020066
0.0198289
0.0197513
0.0198349
0.0200757
0.0204643
0.020987
0.021627
0.022366
0.0231853
0.0240664
0.0249921
0.0259464
0.0269147
0.0278841
0.0288431
0.0297812
0.0306895
0.03156
0.0323858
0.0331607
0.0338794
0.0345375
0.0351311
0.035657
0.0361125
0.0364956
0.0368046
0.0370387
0.0371971
0.0372798
0.037287
0.0372194
0.0370782
0.0368648
0.0365812
0.0362295
0.0358125
0.0353331
0.0347947
0.034201
0.0335562
0.0328646
0.032131
0.0313606
0.0305589
0.0297318
0.0288858
0.0280276
0.0271647
0.0263049
0.0254565
0.0246286
0.0238306
0.0230722
0.0223637
0.0217151
0.0211363
0.0206368
0.0202247
0.019907
0.0196885
0.0195716
0.0195566
0.0196407
0.019819
0.0200847
0.0204291
0.0208425
0.0213147
0.0218353
0.0223939
0.0229808
0.0235867
0.0242029
0.0248215
0.0254354
0.026038
0.0266236
0.027187
0.0277235
0.0282291
0.0287003
0.029134
0.0295276
0.0298788
0.0301858
0.0304471
0.0306616
0.0308285
0.0309472
0.0310177
0.0310399
0.0310142
0.0309412
0.030822
0.0306577
0.0304497
0.0301998
0.0299101
0.0295827
0.0292205
0.0288262
0.028403
0.0279546
0.0274847
0.0269976
0.0264978
0.02599
0.0254794
0.0249716
0.0244721
0.023987
0.0235224
0.0230843
0.0226789
0.0223121
0.0219896
0.0217163
0.0214967
0.0213341
0.0212311
0.0211888
0.0212073
0.0212854
0.0214205
0.0216092
0.0218468
0.0221282
0.0224475
0.0227984
0.0231744
0.0235689
0.0239756
0.024388
0.0248002
0.0252063
0.0256009
0.025979
0.0263359
0.0266675
0.0269698
0.0272393
0.0274732
0.0276686
0.0278233
0.0279354
0.0280035
0.0280262
0.0280028
0.0279328
0.0278161
0.0276529
0.0274437
0.0271895
0.0268914
0.026551
0.0261701
0.025751
0.0252961
0.0248085
0.0242912
0.023748
0.0231826
0.0225996
0.0220037
0.0214001
0.0207944
0.0201928
0.0196017
0.0190283
0.0184797
0.0179637
0.0174881
0.0170607
0.0166889
0.0163797
0.016139
0.0159715
0.0158804
0.0158668
0.0159303
0.0160682
0.0162765
0.0165496
0.0168808
0.0172628
0.017688
0.0181486
0.018637
0.0191459
0.0196685
0.0201985
0.0207299
0.0212574
0.0217762
0.022282
0.0227707
0.0232389
0.0236836
0.0241019
0.0244915
0.0248503
0.0251766
0.0254689
0.0257259
0.0259466
0.0261303
0.0262764
0.0263846
0.0264548
0.0264869
0.0264813
0.0264383
0.0263585
0.0262426
0.0260914
0.025906
0.0256876
0.0254375
0.0251572
0.0248483
0.0245126
0.024152
0.0237687
0.023365
0.0229433
0.0225061
0.0220563
0.0215967
0.0211306
0.0206612
0.020192
0.0197266
0.0192688
0.0188226
0.0183921
0.0179814
0.0175948
0.0172363
0.0169099
0.0166196
0.0163687
0.0161601
0.0159964
0.0158792
0.0158094
0.015787
0.0158115
0.015881
0.0159933
0.0161453
0.0163335
0.0165539
0.0168021
0.0170739
0.0173646
0.0176698
0.0179852
0.0183066
0.01863
0.0189517
0.0192682
0.0195763
0.0198729
0.0201555
0.0204215
0.0206688
0.0208954
0.0210996
0.0212799
0.0214352
0.0215643
0.0216666
0.0217415
0.0217885
0.0218076
0.0217987
0.0217624
0.0216989
0.021609
0.0214936
0.0213539
0.0211912
0.021007
0.0208031
0.0205815
0.0203444
0.0200941
0.0198333
0.0195648
0.0192915
0.0190166
0.0187434
0.0184754
0.018216
0.0179688
0.0177374
0.0175252
0.0173355
0.0171714
0.0170355
0.0169304
0.0168577
0.0168189
0.0168145
0.0168447
0.0169089
0.0170059
0.0171339
0.0172907
0.0174735
0.0176793
0.0179046
0.0181461
0.0184
0.0186626
0.0189302
0.0191993
0.0194663
0.0197278
0.0199807
0.020222
0.0204488
0.0206586
0.0208488
0.0210175
0.0211626
0.0212823
0.0213753
0.02144
0.0214756
0.0214811
0.0214558
0.0213993
0.0213114
0.021192
0.0210414
0.0208599
0.0206482
0.0204071
0.0201376
0.0198411
0.0195191
0.0191733
0.0188058
0.0184189
0.0180152
0.0175974
0.0171688
0.0167327
0.016293
0.0158537
0.0154194
0.0149946
0.0145846
0.0141945
0.0138299
0.0134963
0.0131993
0.012944
0.0127352
0.012577
0.0124725
0.0124236
0.0124311
0.0124942
0.0126112
0.0127789
0.0129933
0.0132495
0.0135424
0.0138663
0.0142157
0.014585
0.014969
0.0153625
0.0157609
0.0161597
0.0165551
0.0169432
0.0173208
0.0176849
0.0180328
0.0183621
0.0186707
0.0189566
0.0192184
0.0194545
0.0196638
0.0198454
0.0199984
0.0201222
0.0202165
0.020281
0.0203157
0.0203205
0.0202958
0.0202421
0.0201597
0.0200495
0.0199124
0.0197492
0.0195612
0.0193496
0.019116
0.0188617
0.0185886
0.0182985
0.0179935
0.0176756
0.0173471
0.0170106
0.0166687
0.0163241
0.0159797
0.0156387
0.0153043
0.0149797
0.0146683
0.0143736
0.0140989
0.0138476
0.0136228
0.0134274
0.0132639
0.0131344
0.0130404
0.012983
0.0129624
0.0129783
0.0130297
0.013115
0.0132321
0.0133783
0.0135506
0.013746
0.0139609
0.0141918
0.0144354
0.0146881
0.0149466
0.0152076
0.0154683
0.0157255
0.0159768
0.0162196
0.0164516
0.0166706
0.0168748
0.0170625
0.017232
0.017382
0.0175113
0.0176188
0.0177037
0.0177653
0.0178029
0.0178163
0.0178051
0.0177693
0.0177089
0.0176242
0.0175156
0.0173837
0.0172292
0.017053
0.0168561
0.01664
0.016406
0.0161558
0.0158914
0.0156147
0.015328
0.015034
0.0147352
0.0144348
0.0141357
0.0138414
0.0135554
0.0132814
0.013023
0.0127839
0.012568
0.0123785
0.0122189
0.0120919
0.0119997
0.0119441
0.0119259
0.0119454
0.0120019
0.012094
0.0122198
0.0123765
0.0125611
0.0127701
0.0129997
0.0132462
0.0135056
0.0137742
0.0140483
0.0143243
0.0145988
0.0148687
0.0151311
0.0153832
0.0156226
0.015847
0.0160544
0.016243
0.0164112
0.0165575
0.0166809
0.0167803
0.0168549
0.0169041
0.0169275
0.0169249
0.0168963
0.0168417
0.0167614
0.016656
0.0165261
0.0163727
0.0161966
0.0159992
0.0157817
0.0155459
0.0152935
0.0150265
0.0147469
0.0144573
0.01416
0.013858
0.0135542
0.0132518
0.012954
0.0126644
0.0123866
0.0121244
0.0118814
0.0116612
0.0114674
0.011303
0.0111707
0.0110729
0.011011
0.0109859
0.0109976
0.0110454
0.0111277
0.0112424
0.0113868
0.0115578
0.0117517
0.0119649
0.0121937
0.0124343
0.0126829
0.0129361
0.0131904
0.0134426
0.0136897
0.0139291
0.0141581
0.0143746
0.0145763
0.0147615
0.0149284
0.0150757
0.015202
0.0153063
0.0153876
0.0154453
0.0154789
0.0154878
0.015472
0.0154314
0.0153661
0.0152763
0.0151625
0.0150253
0.0148654
0.0146838
0.0144816
0.0142601
0.0140207
0.0137651
0.0134953
0.0132132
0.0129211
0.0126217
0.0123177
0.012012
0.0117079
0.011409
0.0111188
0.0108413
0.0105805
0.0103404
0.010125
0.00993813
0.00978339
0.0096638
0.00958177
0.00953893
0.00953603
0.00957289
0.00964841
0.00976062
0.00990682
0.0100837
0.0102877
0.0105147
0.0107607
0.0110216
0.0112935
0.0115725
0.0118551
0.0121378
0.0124175
0.0126914
0.0129568
0.0132113
0.0134528
0.0136792
0.013889
0.0140804
0.0142521
0.0144031
0.0145322
0.0146386
0.0147216
0.0147808
0.0148156
0.014826
0.0148117
0.0147729
0.0147097
0.0146225
0.0145118
0.0143781
0.0142223
0.0140452
0.013848
0.0136317
0.0133978
0.0131478
0.0128832
0.012606
0.012318
0.0120215
0.0117188
0.0114123
0.0111049
0.0107995
0.0104991
0.0102071
0.00992702
0.00966239
0.0094169
0.00919422
0.00899787
0.00883113
0.00869685
0.00859736
0.00853427
0.00850841
0.00851973
0.00856733
0.0086495
0.00876382
0.00890732
0.00907662
0.00926809
0.00947797
0.00970255
0.00993817
0.0101814
0.0104288
0.0106775
0.0109247
0.0111676
0.0114041
0.011632
0.0118493
0.0120545
0.012246
0.0124224
0.0125827
0.0127259
0.0128512
0.0129578
0.0130452
0.0131129
0.0131608
0.0131886
0.0131963
0.0131839
0.0131517
0.0130998
0.0130286
0.0129387
0.0128307
0.0127052
0.0125631
0.0124054
0.0122331
0.0120474
0.0118496
0.0116413
0.0114238
0.0111991
0.0109689
0.0107353
0.0105003
0.0102662
0.0100355
0.00981052
0.00959394
0.00938836
0.00919641
0.00902069
0.00886367
0.00872766
0.00861472
0.00852654
0.00846442
0.00842917
0.00842109
0.00843993
0.00848494
0.00855486
0.008648
0.00876234
0.00889556
0.0090452
0.00920864
0.00938326
0.00956646
0.00975567
0.00994845
0.0101425
0.0103356
0.0105257
0.010711
0.0108897
0.0110603
0.0112212
0.0113713
0.0115093
0.0116342
0.0117452
0.0118415
0.0119223
0.0119873
0.0120358
0.0120677
0.0120826
0.0120804
0.0120612
0.012025
0.0119719
0.0119022
0.0118163
0.0117146
0.0115976
0.0114661
0.0113206
0.0111621
0.0109915
0.0108098
0.0106181
0.0104177
0.0102098
0.00999603
0.00977791
0.00955716
0.00933563
0.0091153
0.00889828
0.00868682
0.00848325
0.00829001
0.00810956
0.00794439
0.0077969
0.00766937
0.00756387
0.00748214
0.00742556
0.00739503
0.00739094
0.00741316
0.007461
0.00753329
0.00762841
0.00774441
0.00787904
0.00802988
0.0081944
0.00837004
0.00855427
0.00874463
0.00893875
0.00913441
0.0093295
0.00952208
0.00971034
0.00989263
0.0100674
0.0102334
0.0103892
0.0105338
0.0106662
0.0107855
0.0108909
0.0109819
0.0110577
0.0111181
0.0111626
0.0111909
0.0112029
0.0111986
0.0111778
0.0111408
0.0110876
0.0110186
0.0109341
0.0108346
0.0107206
0.0105928
0.0104518
0.0102986
0.0101342
0.00995947
0.00977577
0.00958436
0.00938666
0.00918424
0.00897877
0.00877207
0.00856606
0.00836278
0.00816438
0.00797309
0.0077912
0.00762101
0.00746481
0.00732479
0.007203
0.00710125
0.00702105
0.00696355
0.00692945
0.00691898
0.0069319
0.00696747
0.00702453
0.00710153
0.00719661
0.0073077
0.00743256
0.00756889
0.00771438
0.00786673
0.00802376
0.00818337
0.00834361
0.00850264
0.00865879
0.00881052
0.00895644
0.00909531
0.00922602
0.00934757
0.00945911
0.00955989
0.00964929
0.00972677
0.00979192
0.00984442
0.00988401
0.00991058
0.00992405
0.00992446
0.00991191
0.00988661
0.0098488
0.00979885
0.00973716
0.00966424
0.00958065
0.00948703
0.00938411
0.00927265
0.00915353
0.00902768
0.00889609
0.00875985
0.00862008
0.008478
0.00833487
0.00819204
0.00805087
0.0079128
0.00777926
0.00765173
0.00753164
0.00742042
0.0073194
0.00722986
0.00715292
0.00708953
0.00704048
0.00700632
0.00698736
0.00698367
0.00699505
0.00702108
0.00706108
0.00711418
0.00717934
0.00725535
0.00734092
0.00743468
0.0075352
0.00764105
0.0077508
0.00786305
0.00797646
0.00808972
0.0082016
0.00831095
0.00841669
0.00851781
0.00861339
0.00870259
0.00878463
0.00885884
0.00892459
0.00898135
0.00902865
0.00906609
0.00909334
0.00911013
0.00911627
0.00911164
0.00909615
0.0090698
0.00903266
0.00898486
0.00892658
0.00885807
0.00877968
0.00869178
0.00859484
0.00848939
0.00837605
0.00825551
0.00812851
0.00799592
0.00785865
0.00771771
0.0075742
0.00742929
0.00728424
0.00714037
0.00699909
0.00686188
0.00673022
0.00660566
0.00648974
0.00638395
0.00628975
0.00620846
0.00614129
0.00608924
0.00605307
0.0060333
0.00603016
0.00604358
0.00607321
0.00611842
0.00617831
0.00625181
0.00633765
0.00643445
0.00654075
0.00665503
0.00677578
0.00690151
0.00703077
0.00716217
0.0072944
0.00742621
0.00755647
0.00768411
0.00780817
0.00792778
0.00804212
0.00815051
0.00825231
0.00834697
0.00843401
0.00851304
0.00858372
0.00864577
0.00869899
0.00874322
0.00877838
0.00880441
0.00882134
0.00882921
0.00882813
0.00881826
0.00879978
0.00877293
0.00873797
0.00869522
0.00864501
0.00858772
0.00852375
0.00845355
0.00837758
0.00829631
0.00821028
0.00812001
0.00802605
0.00792898
0.00782939
0.00772787
0.00762503
0.00752148
0.00741783
0.0073147
0.00721269
0.00711237
0.00701431
0.00691906
0.0068271
0.00673891
0.00665491
0.00657546
0.00650086
0.00643138
0.0063672
0.00630844
0.00625517
0.00620738
0.00616502
0.00612797
0.00609606
0.00606909
0.00604682
0.00602897
0.00601526
0.00600537
0.005999
0.00599585
0.00599562
0.00599803
0.00600282
0.00600975
0.00601861
0.00602921
0.00604141
0.00605509
0.00607014
0.00608652
0.00610418
0.00612312
0.00614335
0.0061649
0.00618784
0.00621222
0.00623814
0.00626567
0.00629491
0.00632596
0.00635891
0.00639384
0.00643082
0.00646991
0.00651118
0.00655462
0.00660027
0.00664808
0.00669803
0.00675002
0.00680398
0.00685975
0.00691719
0.00697611
0.00703628
0.00709747
0.0071594
0.00722178
0.00728428
0.00734658
0.00740831
0.0074691
0.00752858
0.00758634
0.00764198
0.0076951
0.0077453
0.00779217
0.00783531
0.00787434
0.00790887
0.00793854
0.00796299
0.0079819
0.00799496
0.00800187
0.00800237
0.00799623
0.00798325
0.00796323
0.00793605
0.00790159
0.00785977
0.00781055
0.00775394
0.00768996
0.00761869
0.00754025
0.00745478
0.00736248
0.00726355
0.00715828
0.00704695
0.00692992
0.00680754
0.00668024
0.00654846
0.00641271
0.00627353
0.00613149
0.00598724
0.00584145
0.00569487
0.0055483
0.0054026
0.00525868
0.00511754
0.00498021
0.00484781
0.00472148
0.00460243
0.00449185
0.00439099
0.00430101
0.00422305
0.00415812
0.00410709
0.00407065
0.00404924
0.00404309
0.00405211
0.004076
0.00411417
0.00416584
0.00423005
0.00430568
0.00439155
0.00448642
0.00458903
0.00469814
0.00481254
0.0049311
0.00505273
0.00517641
0.00530121
0.00542627
0.0055508
0.00567408
0.00579547
0.00591439
0.00603032
0.00614279
0.0062514
0.00635581
0.0064557
0.00655082
0.00664096
0.00672593
0.00680561
0.00687989
0.0069487
0.007012
0.00706976
0.00712202
0.00716878
0.00721011
0.00724607
0.00727674
0.00730222
0.00732262
0.00733805
0.00734863
0.00735451
0.0073558
0.00735267
0.00734524
0.00733368
0.00731813
0.00729876
0.00727571
0.00724915
0.00721924
0.00718614
0.00715002
0.00711102
0.0070693
0.00702502
0.00697832
0.00692933
0.0068782
0.00682505
0.00676999
0.00671312
0.00665453
0.00659432
0.00653254
0.00646926
0.00640453
0.00633838
0.00627083
0.00620191
0.00613161
0.00605996
0.00598693
0.00591254
0.00583678
0.00575964
0.00568114
0.00560129
0.00552012
0.00543768
0.00535404
0.00526927
0.0051835
0.00509688
0.00500959
0.00492185
0.00483393
0.00474614
0.00465885
0.00457247
0.00448748
0.00440439
0.0043238
0.00424635
0.00417271
0.00410364
0.00403989
0.00398227
0.00393157
0.00388859
0.00385408
0.00382875
0.00381322
0.00380799
0.00381346
0.00382987
0.00385732
0.00389574
0.00394492
0.00400449
0.00407398
0.00415279
0.00424024
0.00433559
0.00443805
0.0045468
0.004661
0.00477982
0.00490245
0.00502806
0.00515587
0.00528511
0.00541506
0.005545
0.00567425
0.00580216
0.0059281
0.00605149
0.00617176
0.00628836
0.00640078
0.00650855
0.00661119
0.00670829
0.00679944
0.00688426
0.00696242
0.00703359
0.00709749
0.00715386
0.00720247
0.0072431
0.00727558
0.00729973
0.00731537
0.00732232
0.0073204
0.00730942
0.00728918
0.00725952
0.00722029
0.00717142
0.00711288
0.00704475
0.00696713
0.00688025
0.00678435
0.00667979
0.00656696
0.00644629
0.00631827
0.00618343
0.00604235
0.00589563
0.00574393
0.00558798
0.00542858
0.00526659
0.00510296
0.00493871
0.00477493
0.0046128
0.00445353
0.00429845
0.00414891
0.00400633
0.00387218
0.00374797
0.00363519
0.0035353
0.00344964
0.00337939
0.00332548
0.00328854
0.00326883
0.0032662
0.00328014
0.00330977
0.00335389
0.00341111
0.00347986
0.00355853
0.00364549
0.00373915
0.00383801
0.00394069
0.00404589
0.00415247
0.00425936
0.00436562
0.00447042
0.00457301
0.00467272
0.00476897
0.00486124
0.0049491
0.00503217
0.00511013
0.00518274
0.00524979
0.00531115
0.00536673
0.00541648
0.0054604
0.00549854
0.00553098
0.00555785
0.0055793
0.00559552
0.00560675
0.00561322
0.00561524
0.00561311
0.00560716
0.00559775
0.00558524
0.00557004
0.00555252
0.00553309
0.00551214
0.00549008
0.00546729
0.00544417
0.00542107
0.00539835
0.00537635
0.00535539
0.00533577
0.00531776
0.00530161
0.00528753
0.00527571
0.00526629
0.00525938
0.00525505
0.00525331
0.00525413
0.00525744
0.00526311
0.00527097
0.00528079
0.00529232
0.00530525
0.00531926
0.00533398
0.00534904
0.00536405
0.00537862
0.00539235
0.00540485
0.00541574
0.00542466
0.00543127
0.00543524
0.00543628
0.00543411
0.00542851
0.00541925
0.00540615
0.00538907
0.00536789
0.00534252
0.00531291
0.00527903
0.00524091
0.00519859
0.00515215
0.0051017
0.00504739
0.0049894
0.00492796
0.00486332
0.00479577
0.00472565
0.00465331
0.00457917
0.00450367
0.0044273
0.00435058
0.00427405
0.00419833
0.00412403
0.0040518
0.00398231
0.00391626
0.00385432
0.00379719
0.00374551
0.00369993
0.003661
0.00362924
0.00360505
0.00358877
0.00358059
0.0035806
0.00358876
0.00360491
0.00362878
0.00365997
0.003698
0.00374232
0.00379229
0.00384727
0.00390653
0.00396939
0.00403512
0.00410301
0.0041724
0.00424261
0.00431303
0.00438305
0.00445214
0.00451976
0.00458546
0.00464879
0.00470938
0.00476687
0.00482096
0.00487137
0.00491788
0.00496031
0.00499849
0.0050323
0.00506167
0.00508654
0.00510689
0.00512273
0.00513412
0.00514111
0.0051438
0.00514233
0.00513684
0.0051275
0.00511451
0.0050981
0.0050785
0.00505598
0.00503082
0.0050033
0.00497376
0.0049425
0.00490987
0.00487621
0.00484187
0.0048072
0.00477257
0.0047383
0.00470475
0.00467223
0.00464107
0.00461153
0.00458389
0.00455837
0.00453517
0.00451446
0.00449634
0.0044809
0.00446817
0.00445814
0.00445076
0.00444593
0.00444352
0.00444337
0.00444525
0.00444896
0.00445422
0.00446077
0.00446832
0.00447656
0.00448519
0.0044939
0.00450238
0.00451034
0.00451748
0.00452353
0.00452822
0.00453129
0.00453252
0.00453169
0.00452861
0.0045231
0.00451502
0.00450424
0.00449065
0.00447417
0.00445475
0.00443234
0.00440695
0.00437858
0.00434729
0.00431315
0.00427624
0.00423671
0.00419471
0.00415041
0.00410405
0.00405587
0.00400616
0.00395522
0.0039034
0.00385109
0.00379869
0.00374664
0.00369541
0.00364549
0.00359738
0.00355162
0.00350872
0.00346921
0.00343361
0.0034024
0.00337605
0.00335496
0.00333949
0.00332994
0.0033265
0.0033293
0.0033384
0.00335374
0.00337519
0.00340254
0.00343549
0.00347371
0.00351677
0.00356424
0.00361563
0.00367043
0.00372814
0.00378823
0.00385019
0.0039135
0.00397769
0.00404228
0.00410682
0.00417088
0.00423406
0.00429599
0.00435632
0.00441472
0.00447091
0.00452461
0.00457557
0.00462358
0.00466844
0.00470997
0.00474803
0.00478248
0.00481321
0.00484013
0.00486317
0.00488227
0.0048974
0.00490853
0.00491565
0.00491877
0.00491792
0.00491314
0.00490447
0.00489198
0.00487575
0.00485587
0.00483245
0.00480561
0.00477549
0.00474222
0.00470597
0.00466692
0.00462523
0.00458111
0.00453476
0.00448639
0.00443622
0.00438449
0.00433142
0.00427726
0.00422225
0.00416662
0.00411064
0.00405454
0.00399855
0.00394292
0.00388787
0.00383363
0.0037804
0.00372838
0.00367776
0.00362873
0.00358144
0.00353604
0.00349267
0.00345146
0.00341253
0.00337597
0.00334187
0.00331032
0.00328138
0.00325512
0.0032316
0.00321085
0.00319292
0.00317785
0.00316564
0.00315633
0.00314993
0.00314643
0.00314583
0.00314811
0.00315324
0.0031612
0.00317192
0.00318534
0.0032014
0.00322
0.00324104
0.00326441
0.00328999
0.00331764
0.00334723
0.00337859
0.00341157
0.003446
0.00348171
0.00351854
0.00355629
0.0035948
0.00363389
0.00367338
0.0037131
0.00375287
0.00379253
0.00383192
0.00387086
0.00390922
0.00394683
0.00398356
0.00401927
0.00405382
0.00408708
0.00411894
0.00414928
0.00417799
0.00420497
0.00423012
0.00425336
0.0042746
0.00429377
0.00431079
0.00432561
0.00433818
0.00434843
0.00435635
0.0043619
0.00436505
0.0043658
0.00436413
0.00436007
0.00435361
0.00434479
0.00433363
0.00432017
0.00430447
0.00428659
0.00426659
0.00424455
0.00422055
0.00419468
0.00416705
0.00413774
0.00410688
0.00407456
0.00404092
0.00400607
0.00397013
0.00393321
0.00389546
0.00385698
0.00381791
0.00377835
0.00373843
0.00369827
0.00365799
0.00361769
0.00357749
0.0035375
0.00349783
0.0034586
0.00341991
0.00338188
0.00334462
0.00330826
0.00327291
0.0032387
0.00320576
0.00317422
0.00314423
0.00311591
0.00308941
0.00306489
0.00304248
0.00302232
0.00300455
0.00298931
0.00297671
0.00296687
0.00295988
0.00295582
0.00295475
0.0029567
0.00296169
0.00296971
0.00298072
0.00299466
0.00301144
0.00303095
0.00305307
0.00307764
0.00310449
0.00313344
0.00316429
0.00319683
0.00323086
0.00326615
0.00330248
0.00333963
0.00337738
0.00341552
0.00345382
0.00349208
0.0035301
0.00356769
0.00360466
0.00364083
0.00367603
0.0037101
0.00374289
0.00377425
0.00380406
0.00383218
0.0038585
0.00388292
0.00390534
0.00392567
0.00394383
0.00395976
0.0039734
0.00398469
0.0039936
0.0040001
0.00400416
0.00400579
0.00400498
0.00400175
0.00399612
0.00398813
0.00397782
0.00396526
0.00395051
0.00393364
0.00391477
0.00389398
0.00387138
0.00384711
0.00382129
0.00379405
0.00376555
0.00373592
0.00370533
0.00367393
0.00364189
0.00360936
0.00357649
0.00354346
0.0035104
0.00347747
0.00344481
0.00341255
0.00338082
0.00334973
0.0033194
0.00328991
0.00326136
0.00323382
0.00320736
0.00318204
0.00315789
0.00313498
0.00311332
0.00309295
0.00307389
0.00305617
0.0030398
0.0030248
0.00301119
0.00299898
0.00298819
0.00297884
0.00297095
0.00296453
0.0029596
0.00295619
0.00295431
0.00295398
0.0029552
0.00295799
0.00296234
0.00296826
0.00297575
0.00298477
0.00299532
0.00300736
0.00302087
0.00303579
0.00305207
0.00306967
0.00308852
0.00310854
0.00312966
0.00315181
0.00317489
0.00319881
0.00322348
0.0032488
0.00327467
0.00330096
0.00332758
0.0033544
0.0033813
0.00340816
0.00343485
0.00346124
0.00348719
0.00351258
0.00353725
0.00356108
0.00358393
0.00360566
0.00362614
0.00364522
0.00366279
0.0036787
0.00369285
0.00370511
0.00371537
0.00372354
0.00372951
0.00373319
0.00373452
0.00373343
0.00372986
0.00372376
0.0037151
0.00370387
0.00369005
0.00367366
0.00365472
0.00363326
0.00360933
0.00358301
0.00355438
0.00352354
0.0034906
0.0034557
0.00341899
0.00338062
0.00334079
0.00329969
0.00325752
0.00321453
0.00317094
0.00312702
0.00308302
0.00303922
0.0029959
0.00295335
0.00291187
0.00287174
0.00283325
0.00279668
0.00276232
0.0027304
0.00270117
0.00267485
0.00265162
0.00263163
0.00261502
0.00260187
0.00259222
0.00258608
0.00258344
0.00258422
0.00258832
0.00259562
0.00260596
0.00261916
0.00263501
0.0026533
0.00267381
0.0026963
0.00272055
0.0027463
0.00277335
0.00280146
0.00283041
0.00286
0.00289004
0.00292033
0.00295071
0.00298102
0.00301112
0.00304086
0.00307013
0.00309883
0.00312685
0.0031541
0.00318053
0.00320607
0.00323065
0.00325425
0.00327682
0.00329833
0.00331877
0.00333811
0.00335634
0.00337346
0.00338946
0.00340434
0.00341809
0.0034307
0.00344217
0.00345251
0.00346169
0.0034697
0.00347655
0.0034822
0.00348665
0.00348986
0.00349181
0.00349248
0.00349183
0.00348982
0.00348644
0.00348162
0.00347535
0.00346757
0.00345825
0.00344735
0.00343483
0.00342066
0.0034048
0.00338722
0.00336789
0.00334679
0.0033239
0.0032992
0.00327269
0.00324438
0.00321426
0.00318236
0.0031487
0.00311332
0.00307627
0.00303761
0.00299741
0.00295577
0.00291279
0.00286858
0.00282329
0.00277707
0.00273009
0.00268255
0.00263465
0.00258663
0.00253874
0.00249126
0.00244448
0.00239872
0.00235429
0.00231156
0.00227088
0.00223262
0.00219714
0.00216483
0.00213604
0.00211111
0.00209036
0.00207407
0.00206247
0.00205575
0.00205402
0.00205736
0.00206575
0.00207912
0.00209735
0.00212023
0.00214752
0.00217896
0.00221421
0.00225294
0.00229479
0.0023394
0.00238639
0.00243541
0.00248608
0.00253807
0.00259104
0.00264466
0.00269864
0.00275268
0.00280653
0.00285991
0.00291259
0.00296437
0.00301502
0.00306435
0.0031122
0.00315841
0.00320281
0.00324528
0.0032857
0.00332394
0.00335991
0.00339352
0.00342468
0.00345331
0.00347935
0.00350274
0.00352342
0.00354135
0.00355648
0.00356876
0.00357817
0.00358466
0.00358822
0.00358881
0.00358641
0.00358102
0.00357262
0.00356122
0.00354681
0.00352942
0.00350908
0.00348582
0.00345968
0.00343074
0.00339905
0.00336469
0.00332776
0.00328834
0.00324655
0.00320249
0.00315629
0.00310807
0.00305795
0.00300608
0.00295259
0.00289763
0.00284134
0.00278389
0.00272543
0.00266614
0.00260618
0.00254575
0.00248504
0.00242425
0.0023636
0.00230332
0.00224367
0.00218491
0.00212734
0.00207126
0.00201701
0.00196496
0.00191549
0.00186901
0.00182596
0.00178676
0.00175186
0.0017217
0.00169668
0.0016772
0.00166356
0.00165602
0.00165475
0.00165983
0.00167122
0.00168881
0.00171239
0.00174167
0.00177629
0.00181585
0.00185989
0.00190797
0.0019596
0.00201432
0.00207167
0.0021312
0.00219248
0.00225511
0.00231871
0.00238291
0.00244739
0.00251183
0.00257595
0.00263946
0.00270213
0.00276373
0.00282404
0.00288288
0.00294007
0.00299545
0.00304888
0.00310023
0.00314939
0.00319625
0.00324073
0.00328274
0.00332222
0.00335911
0.00339335
0.00342491
0.00345373
0.00347979
0.00350304
0.00352346
0.00354101
0.00355566
0.00356738
0.00357614
0.00358192
0.00358468
0.00358442
0.00358113
0.00357481
0.00356549
0.00355319
0.00353796
0.00351986
0.00349897
0.00347535
0.00344913
0.0034204
0.00338929
0.00335593
0.00332044
0.00328298
0.00324369
0.00320271
0.00316019
0.00311627
0.00307079
0.00302456
0.00297749
0.00292978
0.00288148
0.00283263
0.0027833
0.00273356
0.00268345
0.00263297
0.00258209
0.00253081
0.00247915
0.00242714
0.00237482
0.00232226
0.00226949
0.00221659
0.00216367
0.00211086
0.00205838
0.00200648
0.00195549
0.00190579
0.00185779
0.00181194
0.00176871
0.00172864
0.00169224
0.00166007
0.00163268
0.00161059
0.0015943
0.00158421
0.00158063
0.00158375
0.00159362
0.00161017
0.00163317
0.0016623
0.00169715
0.00173722
0.00178197
0.00183085
0.0018833
0.00193877
0.00199673
0.0020567
0.00211821
0.00218084
0.00224423
0.00230801
0.00237189
0.00243557
0.0024988
0.00256135
0.002623
0.00268354
0.00274279
0.00280056
0.0028567
0.00291104
0.00296343
0.00301374
0.00306181
0.00310752
0.00315076
0.0031914
0.00322934
0.00326447
0.00329671
0.00332598
0.00335221
0.00337534
0.00339533
0.00341215
0.00342577
0.00343617
0.00344337
0.00344736
0.00344817
0.00344581
0.00344031
0.0034317
0.00342001
0.00340527
0.00338752
0.00336679
0.00334312
0.00331654
0.00328708
0.0032548
0.00321974
0.00318196
0.00314152
0.00309848
0.00305293
0.00300498
0.00295471
0.00290226
0.00284776
0.00279135
0.0027332
0.00267348
0.00261238
0.00255009
0.00248684
0.00242285
0.00235834
0.00229358
0.00222882
0.00216435
0.00210045
0.00203744
0.00197564
0.0019154
0.00185709
0.00180109
0.00174782
0.00169769
0.00165114
0.00160863
0.00157058
0.00153742
0.00150954
0.00148726
0.00147087
0.00146054
0.00145636
0.00145829
0.00146621
0.00147987
0.00149896
0.00152306
0.00155173
0.00158446
0.00162075
0.00166009
0.00170197
0.00174592
0.00179148
0.00183823
0.00188579
0.00193379
0.00198194
0.00202994
0.00207754
0.00212452
0.00217069
0.00221589
0.00225996
0.0023028
0.00234429
0.00238435
0.00242292
0.00245994
0.00249537
0.00252919
0.00256137
0.00259191
0.00262081
0.00264809
0.00267375
0.00269784
0.00272037
0.00274138
0.00276092
0.00277903
0.00279576
0.00281116
0.00282528
0.00283818
0.00284991
0.00286051
0.00287004
0.00287853
0.00288603
0.00289257
0.00289817
0.00290285
0.00290662
0.00290949
0.00291146
0.00291251
0.00291261
0.00291175
0.00290989
0.00290699
0.002903
0.00289787
0.00289154
0.00288397
0.00287508
0.00286482
0.00285313
0.00283995
0.00282523
0.00280892
0.00279097
0.00277135
0.00275003
0.00272698
0.0027022
0.00267568
0.00264743
0.00261748
0.00258586
0.00255261
0.0025178
0.00248149
0.00244377
0.00240475
0.00236454
0.00232325
0.00228105
0.00223807
0.0021945
0.0021505
0.00210629
0.00206205
0.00201803
0.00197445
0.00193155
0.00188959
0.00184883
0.00180956
0.00177203
0.00173653
0.00170332
0.00167269
0.00164488
0.00162012
0.00159864
0.00158062
0.00156619
0.00155548
0.00154854
0.00154538
0.00154598
0.00155026
0.00155809
0.00156932
0.00158376
0.00160117
0.00162134
0.001644
0.00166889
0.00169576
0.00172436
0.00175442
0.00178572
0.00181802
0.00185111
0.0018848
0.00191889
0.00195323
0.00198765
0.00202203
0.00205622
0.00209012
0.00212363
0.00215666
0.00218912
0.00222094
0.00225207
0.00228245
0.00231202
0.00234075
0.00236859
0.00239552
0.00242151
0.00244653
0.00247056
0.00249357
0.00251556
0.0025365
0.00255637
0.00257516
0.00259286
0.00260945
0.00262491
0.00263923
0.00265239
0.00266437
0.00267516
0.00268474
0.00269309
0.00270019
0.00270601
0.00271055
0.00271377
0.00271566
0.0027162
0.00271537
0.00271314
0.00270951
0.00270445
0.00269796
0.00269001
0.0026806
0.00266973
0.00265739
0.00264358
0.00262831
0.00261159
0.00259342
0.00257382
0.00255283
0.00253045
0.00250673
0.00248169
0.00245539
0.00242787
0.00239917
0.00236935
0.00233848
0.00230662
0.00227383
0.0022402
0.0022058
0.00217073
0.00213505
0.00209888
0.00206231
0.00202544
0.00198837
0.00195123
0.00191413
0.0018772
0.00184055
0.00180433
0.00176868
0.00173374
0.00169966
0.00166661
0.00163473
0.00160421
0.00157521
0.00154791
0.00152249
0.00149911
0.00147797
0.00145922
0.00144303
0.00142954
0.00141889
0.00141121
0.00140657
0.00140504
0.00140668
0.00141149
0.00141946
0.00143053
0.00144464
0.00146168
0.00148154
0.00150407
0.00152911
0.00155649
0.00158602
0.00161752
0.0016508
0.00168565
0.00172187
0.00175929
0.00179769
0.0018369
0.00187672
0.00191699
0.00195751
0.00199813
0.00203869
0.00207902
0.00211897
0.0021584
0.00219717
0.00223514
0.0022722
0.00230821
0.00234306
0.00237664
0.00240886
0.0024396
0.00246878
0.00249633
0.00252214
0.00254617
0.00256833
0.00258857
0.00260684
0.00262309
0.00263727
0.00264936
0.00265932
0.00266714
0.00267279
0.00267626
0.00267755
0.00267666
0.0026736
0.00266838
0.00266101
0.00265152
0.00263993
0.00262627
0.00261059
0.00259291
0.00257328
0.00255176
0.00252838
0.00250322
0.00247631
0.00244773
0.00241754
0.0023858
0.00235259
0.00231798
0.00228204
0.00224485
0.0022065
0.00216706
0.00212663
0.00208529
0.00204314
0.00200029
0.00195683
0.00191287
0.00186854
0.00182396
0.00177926
0.00173458
0.00169006
0.00164588
0.00160221
0.00155923
0.00151715
0.00147618
0.00143656
0.00139853
0.00136236
0.00132832
0.0012967
0.00126779
0.0012419
0.00121929
0.00120025
0.00118502
0.00117382
0.00116681
0.0011641
0.00116574
0.00117172
0.00118197
0.00119635
0.00121469
0.00123674
0.00126224
0.00129092
0.00132246
0.00135657
0.00139292
0.00143123
0.0014712
0.00151255
0.00155502
0.00159834
0.0016423
0.00168667
0.00173123
0.00177579
0.00182018
0.00186422
0.00190775
0.00195062
0.0019927
0.00203385
0.00207395
0.00211289
0.00215057
0.00218687
0.00222172
0.00225502
0.0022867
0.00231668
0.0023449
0.00237129
0.00239581
0.00241839
0.002439
0.00245759
0.00247414
0.00248861
0.00250098
0.00251122
0.00251934
0.00252531
0.00252913
0.00253081
0.00253034
0.00252774
0.00252302
0.00251619
0.00250729
0.00249632
0.00248333
0.00246835
0.00245141
0.00243256
0.00241184
0.00238931
0.002365
0.00233899
0.00231133
0.00228209
0.00225134
0.00221914
0.00218558
0.00215073
0.00211469
0.00207754
0.00203938
0.00200031
0.00196044
0.00191987
0.00187874
0.00183716
0.00179528
0.00175322
0.00171116
0.00166923
0.00162763
0.00158652
0.0015461
0.00150658
0.00146817
0.0014311
0.00139559
0.0013619
0.00133028
0.00130098
0.00127425
0.00125033
0.00122945
0.00121183
0.00119765
0.00118706
0.00118016
0.00117701
0.00117763
0.00118197
0.00118994
0.00120142
0.00121622
0.00123414
0.00125494
0.00127839
0.00130422
0.00133216
0.00136196
0.00139336
0.00142611
0.00145997
0.00149472
0.00153014
0.00156604
0.00160223
0.00163853
0.00167478
0.00171084
0.00174656
0.00178182
0.00181649
0.00185046
0.00188364
0.00191593
0.00194723
0.00197748
0.0020066
0.00203452
0.00206118
0.00208652
0.00211049
0.00213305
0.00215415
0.00217376
0.00219185
0.00220838
0.00222334
0.00223669
0.00224844
0.00225856
0.00226704
0.00227388
0.00227908
0.00228263
0.00228455
0.00228483
0.00228349
0.00228054
0.00227599
0.00226987
0.0022622
0.00225299
0.00224229
0.00223011
0.0022165
0.00220148
0.00218509
0.00216738
0.00214839
0.00212816
0.00210675
0.00208421
0.00206059
0.00203596
0.00201038
0.00198391
0.00195663
0.0019286
0.00189992
0.00187065
0.00184089
0.00181074
0.00178028
0.00174962
0.00171887
0.00168815
0.00165758
0.00162727
0.00159737
0.001568
0.00153932
0.00151147
0.00148461
0.00145888
0.00143445
0.00141148
0.00139012
0.00137053
0.00135285
0.00133721
0.00132376
0.00131259
0.00130381
0.00129748
0.00129365
0.00129235
0.00129359
0.00129732
0.00130351
0.00131209
0.00132294
0.00133597
0.00135104
0.00136801
0.00138672
0.00140701
0.00142872
0.00145168
0.00147571
0.00150067
0.00152637
0.00155267
0.00157941
0.00160644
0.00163362
0.00166082
0.0016879
0.00171476
0.00174126
0.00176731
0.00179281
0.00181764
0.00184174
0.00186501
0.00188738
0.00190877
0.00192912
0.00194836
0.00196645
0.00198332
0.00199893
0.00201324
0.00202622
0.00203782
0.00204803
0.00205682
0.00206416
0.00207005
0.00207448
0.00207743
0.00207891
0.00207891
0.00207745
0.00207453
0.00207017
0.00206438
0.0020572
0.00204864
0.00203874
0.00202754
0.00201506
0.00200136
0.00198649
0.00197049
0.00195342
0.00193534
0.00191631
0.00189641
0.00187571
0.00185427
0.00183219
0.00180955
0.00178644
0.00176295
0.00173918
0.00171522
0.00169118
0.00166718
0.00164332
0.0016197
0.00159646
0.0015737
0.00155155
0.00153011
0.00150952
0.00148987
0.0014713
0.0014539
0.00143777
0.00142303
0.00140974
0.001398
0.00138787
0.0013794
0.00137264
0.00136763
0.00136436
0.00136285
0.00136307
0.001365
0.0013686
0.00137381
0.00138056
0.00138878
0.00139838
0.00140927
0.00142135
0.00143451
0.00144866
0.00146368
0.00147947
0.00149591
0.00151291
0.00153037
0.00154817
0.00156622
0.00158443
0.00160271
0.00162097
0.00163913
0.00165711
0.00167484
0.00169224
0.00170925
0.00172582
0.00174187
0.00175736
0.00177223
0.00178643
0.00179993
0.00181268
0.00182464
0.00183578
0.00184606
0.00185546
0.00186394
0.00187149
0.00187809
0.00188371
0.00188834
0.00189197
0.00189458
0.00189617
0.00189673
0.00189626
0.00189475
0.00189222
0.00188865
0.00188407
0.00187848
0.00187189
0.00186432
0.00185578
0.0018463
0.00183589
0.00182459
0.00181242
0.00179941
0.0017856
0.00177102
0.00175571
0.00173973
0.00172311
0.0017059
0.00168816
0.00166994
0.00165131
0.00163232
0.00161305
0.00159356
0.00157392
0.00155421
0.00153452
0.00151491
0.00149549
0.00147634
0.00145755
0.00143921
0.00142142
0.00140428
0.00138788
0.00137232
0.00135769
0.00134409
0.00133161
0.00132033
0.00131034
0.00130171
0.00129451
0.00128879
0.0012846
0.00128198
0.00128095
0.00128153
0.00128371
0.00128748
0.00129281
0.00129967
0.00130801
0.00131777
0.00132888
0.00134126
0.00135484
0.00136951
0.00138518
0.00140177
0.00141915
0.00143724
0.00145593
0.00147511
0.00149469
0.00151456
0.00153462
0.00155478
0.00157493
0.00159499
0.00161487
0.00163448
0.00165374
0.00167256
0.00169088
0.00170861
0.00172569
0.00174204
0.00175762
0.00177236
0.00178619
0.00179908
0.00181097
0.00182181
0.00183157
0.00184019
0.00184766
0.00185394
0.001859
0.00186281
0.00186536
0.00186662
0.00186659
0.00186525
0.0018626
0.00185864
0.00185336
0.00184678
0.00183889
0.00182971
0.00181927
0.00180757
0.00179464
0.00178052
0.00176522
0.00174879
0.00173127
0.00171269
0.00169312
0.00167259
0.00165117
0.00162892
0.00160591
0.00158219
0.00155786
0.00153299
0.00150766
0.00148197
0.00145601
0.00142988
0.0014037
0.00137758
0.00135163
0.00132598
0.00130076
0.00127611
0.00125217
0.00122908
0.00120698
0.00118604
0.0011664
0.0011482
0.00113159
0.00111671
0.00110369
0.00109263
0.00108365
0.00107682
0.00107221
0.00106985
0.00106977
0.00107196
0.00107638
0.00108299
0.00109171
0.00110244
0.00111508
0.0011295
0.00114557
0.00116315
0.0011821
0.00120227
0.00122351
0.00124567
0.00126862
0.00129222
0.00131634
0.00134084
0.0013656
0.00139051
0.00141545
0.00144033
0.00146505
0.0014895
0.00151361
0.00153729
0.00156047
0.00158306
0.00160502
0.00162626
0.00164673
0.00166638
0.00168516
0.00170301
0.0017199
0.00173577
0.00175059
0.00176434
0.00177696
0.00178845
0.00179876
0.00180788
0.00181578
0.00182244
0.00182786
0.00183201
0.00183489
0.00183648
0.00183678
0.00183579
0.0018335
0.00182992
0.00182505
0.00181889
0.00181146
0.00180276
0.00179281
0.00178161
0.0017692
0.00175558
0.00174079
0.00172484
0.00170777
0.00168961
0.00167038
0.00165012
0.00162888
0.00160669
0.00158361
0.00155967
0.00153494
0.00150947
0.00148331
0.00145654
0.00142922
0.00140142
0.00137324
0.00134474
0.00131603
0.0012872
0.00125835
0.0012296
0.00120107
0.00117289
0.00114518
0.0011181
0.00109181
0.00106645
0.00104221
0.00101925
0.00099775
0.0009779
0.000959875
0.000943852
0.000929995
0.000918458
0.000909372
0.000902847
0.000898962
0.000897768
0.000899277
0.00090347
0.000910291
0.000919655
0.000931448
0.000945532
0.000961751
0.000979935
0.000999905
0.00102148
0.00104447
0.0010687
0.00109399
0.00112017
0.00114708
0.00117455
0.00120245
0.00123063
0.00125896
0.00128732
0.0013156
0.00134369
0.00137148
0.00139889
0.00142583
0.00145221
0.00147795
0.001503
0.00152727
0.00155071
0.00157327
0.00159488
0.0016155
0.00163507
0.00165357
0.00167095
0.00168717
0.0017022
0.00171601
0.00172857
0.00173987
0.00174987
0.00175856
0.00176593
0.00177197
0.00177665
0.00177998
0.00178195
0.00178256
0.0017818
0.00177969
0.00177621
0.00177139
0.00176523
0.00175775
0.00174895
0.00173886
0.00172749
0.00171486
0.00170101
0.00168595
0.00166971
0.00165233
0.00163383
0.00161427
0.00159366
0.00157206
0.00154951
0.00152605
0.00150173
0.00147661
0.00145075
0.00142419
0.00139701
0.00136928
0.00134105
0.00131241
0.00128343
0.00125421
0.00122483
0.00119539
0.00116599
0.00113674
0.00110775
0.00107916
0.0010511
0.0010237
0.00099711
0.000971495
0.000947016
0.000923842
0.000902149
0.000882114
0.000863912
0.000847714
0.000833682
0.000821962
0.000812681
0.000805942
0.000801815
0.00080034
0.000801521
0.000805325
0.000811686
0.000820507
0.000831664
0.000845011
0.000860386
0.000877616
0.000896523
0.000916925
0.000938644
0.000961506
0.000985344
0.00101
0.00103532
0.00106116
0.00108739
0.00111388
0.00114053
0.00116723
0.00119386
0.00122036
0.00124661
0.00127256
0.00129812
0.00132323
0.00134782
0.00137184
0.00139523
0.00141793
0.0014399
0.00146111
0.00148149
0.00150103
0.00151968
0.00153741
0.00155419
0.00156999
0.00158479
0.00159856
0.00161129
0.00162295
0.00163352
0.001643
0.00165136
0.0016586
0.0016647
0.00166966
0.00167346
0.00167612
0.00167761
0.00167795
0.00167712
0.00167514
0.001672
0.00166771
0.00166228
0.00165571
0.00164802
0.00163921
0.0016293
0.0016183
0.00160623
0.0015931
0.00157894
0.00156376
0.0015476
0.00153047
0.00151239
0.00149341
0.00147355
0.00145284
0.00143131
0.00140901
0.00138597
0.00136224
0.00133786
0.00131288
0.00128734
0.00126131
0.00123485
0.00120801
0.00118086
0.00115348
0.00112594
0.00109832
0.00107071
0.00104322
0.00101593
0.000988975
0.00096246
0.000936517
0.000911283
0.000886906
0.000863541
0.000841351
0.000820507
0.000801183
0.000783557
0.000767803
0.000754092
0.000742579
0.000733406
0.000726689
0.000722517
0.000720944
0.000721989
0.000725636
0.000731828
0.00074048
0.000751473
0.000764669
0.000779907
0.000797019
0.000815827
0.000836152
0.000857816
0.000880648
0.000904481
0.000929157
0.000954527
0.000980451
0.0010068
0.00103345
0.00106028
0.0010872
0.0011141
0.0011409
0.0011675
0.00119383
0.00121982
0.0012454
0.0012705
0.00129506
0.00131903
0.00134236
0.00136499
0.00138688
0.00140799
0.00142828
0.0014477
0.00146622
0.00148381
0.00150043
0.00151607
0.00153068
0.00154425
0.00155675
0.00156816
0.00157845
0.00158762
0.00159564
0.0016025
0.00160818
0.00161268
0.00161598
0.00161807
0.00161896
0.00161862
0.00161707
0.00161429
0.00161029
0.00160506
0.00159861
0.00159095
0.00158207
0.00157199
0.00156072
0.00154826
0.00153463
0.00151984
0.00150392
0.00148686
0.0014687
0.00144946
0.00142916
0.00140782
0.00138548
0.00136216
0.00133789
0.00131272
0.00128667
0.00125979
0.00123212
0.00120371
0.0011746
0.00114486
0.00111455
0.00108372
0.00105245
0.00102081
0.0009889
0.000956801
0.000924617
0.000892465
0.000860471
0.000828777
0.00079754
0.00076694
0.000737174
0.000708463
0.000681053
0.000655216
0.000631245
0.000609454
0.000590171
0.000573722
0.000560422
0.000550549
0.000544328
0.000541909
0.00054335
0.000548618
0.000557582
0.000570038
0.000585716
0.00060431
0.000625493
0.000648936
0.00067432
0.000701343
0.000729727
0.000759217
0.000789586
0.000820625
0.000852151
0.000883999
0.000916019
0.000948079
0.000980059
0.00101185
0.00104335
0.00107448
0.00110515
0.00113528
0.00116482
0.00119368
0.00122182
0.00124917
0.0012757
0.00130134
0.00132606
0.00134981
0.00137256
0.00139426
0.0014149
0.00143442
0.00145281
0.00147004
0.00148608
0.00150091
0.00151451
0.00152685
0.00153793
0.00154772
0.00155622
0.0015634
0.00156926
0.00157379
0.00157698
0.00157883
0.00157932
0.00157847
0.00157626
0.0015727
0.00156779
0.00156153
0.00155393
0.00154499
0.00153473
0.00152316
0.00151027
0.0014961
0.00148064
0.00146393
0.00144597
0.00142678
0.0014064
0.00138483
0.00136211
0.00133825
0.0013133
0.00128728
0.00126022
0.00123215
0.00120312
0.00117317
0.00114233
0.00111065
0.00107818
0.00104498
0.00101109
0.000976593
0.000941543
0.000906017
0.000870099
0.000833881
0.000797465
0.000760971
0.000724532
0.000688303
0.000652468
0.000617239
0.000582869
0.000549659
0.000517967
0.000488216
0.000460903
0.000436592
0.000415907
0.000399487
0.000387936
0.000381732
0.000381154
0.00038622
0.000396688
0.000412099
0.00043186
0.000455326
0.000481866
0.000510898
0.000541911
0.000574468
0.000608197
0.000642788
0.000677976
0.000713543
0.000749298
0.000785081
0.000820752
0.00085619
0.000891287
0.000925948
0.000960088
0.000993629
0.0010265
0.00105864
0.00108999
0.00112049
0.0011501
0.00117876
0.00120643
0.00123308
0.00125866
0.00128314
0.00130648
0.00132866
0.00134964
0.00136941
0.00138792
0.00140517
0.00142113
0.00143579
0.00144912
0.00146111
0.00147175
0.00148103
0.00148893
0.00149546
0.00150059
0.00150434
0.00150669
0.00150765
0.00150721
0.00150538
0.00150217
0.00149758
0.00149161
0.00148429
0.00147561
0.00146559
0.00145426
0.00144161
0.00142768
0.00141248
0.00139603
0.00137836
0.0013595
0.00133947
0.0013183
0.00129602
0.00127266
0.00124827
0.00122287
0.00119652
0.00116924
0.0011411
0.00111212
0.00108238
0.00105192
0.00102079
0.000989073
0.000956825
0.000924123
0.000891048
0.000857688
0.000824142
0.000790517
0.000756936
0.000723535
0.000690471
0.00065792
0.000626087
0.000595205
0.000565545
0.000537415
0.000511166
0.00048719
0.000465915
0.000447789
0.000433254
0.000422713
0.00041648
0.000414745
0.00041754
0.000424735
0.000436056
0.000451123
0.000469492
0.0004907
0.000514295
0.000539856
0.000567003
0.000595401
0.000624758
0.000654823
0.000685378
0.000716233
0.000747227
0.000778218
0.000809081
0.000839708
0.000870001
0.000899876
0.000929254
0.000958067
0.000986252
0.00101375
0.00104051
0.00106649
0.00109164
0.00111592
0.0011393
0.00116174
0.00118321
0.00120367
0.00122312
0.00124151
0.00125884
0.00127507
0.00129019
0.00130419
0.00131705
0.00132876
0.0013393
0.00134867
0.00135687
0.00136388
0.0013697
0.00137433
0.00137777
0.00138001
0.00138107
0.00138094
0.00137963
0.00137715
0.00137351
0.00136871
0.00136277
0.0013557
0.00134752
0.00133824
0.00132788
0.00131647
0.00130402
0.00129055
0.00127611
0.0012607
0.00124436
0.00122712
0.00120902
0.00119009
0.00117036
0.00114989
0.00112871
0.00110687
0.00108441
0.0010614
0.00103788
0.00101391
0.000989565
0.000964905
0.000940006
0.000914945
0.000889809
0.000864689
0.000839683
0.000814898
0.000790451
0.000766465
0.000743075
0.000720425
0.000698669
0.000677971
0.000658502
0.000640439
0.000623964
0.000609256
0.000596488
0.00058582
0.000577392
0.000571318
0.000567676
0.000566507
0.00056781
0.000571541
0.000577617
0.00058592
0.000596305
0.000608604
0.000622638
0.000638218
0.000655157
0.00067327
0.00069238
0.000712316
0.000732921
0.000754048
0.000775559
0.00079733
0.000819245
0.000841199
0.000863094
0.000884842
0.000906363
0.000927583
0.000948433
0.000968851
0.000988782
0.00100817
0.00102697
0.00104514
0.00106264
0.00107943
0.00109548
0.00111075
0.00112523
0.00113888
0.00115169
0.00116363
0.00117468
0.00118484
0.00119408
0.0012024
0.00120979
0.00121624
0.00122175
0.00122631
0.00122992
0.00123258
0.00123429
0.00123507
0.00123491
0.00123381
0.0012318
0.00122889
0.00122507
0.00122037
0.00121481
0.0012084
0.00120117
0.00119312
0.00118429
0.00117471
0.00116439
0.00115337
0.00114167
0.00112933
0.00111639
0.00110287
0.00108882
0.00107427
0.00105928
0.00104388
0.00102812
0.00101205
0.000995721
0.000979189
0.000962509
0.000945741
0.000928948
0.000912194
0.000895546
0.000879075
0.000862853
0.000846954
0.000831457
0.00081644
0.000801982
0.000788164
0.000775067
0.00076277
0.000751351
0.000740884
0.000731439
0.000723081
0.000715866
0.000709844
0.000705054
0.000701524
0.000699271
0.000698299
0.000698601
0.000700158
0.000702938
0.000706899
0.000711988
0.000718147
0.000725306
0.000733394
0.000742333
0.000752044
0.000762444
0.000773452
0.000784987
0.000796969
0.000809318
0.000821961
0.000834823
0.000847835
0.000860932
0.000874048
0.000887126
0.000900108
0.000912943
0.000925579
0.000937971
0.000950076
0.000961852
0.000973263
0.000984274
0.000994853
0.00100497
0.0010146
0.00102371
0.00103229
0.00104031
0.00104776
0.00105462
0.00106087
0.0010665
0.00107151
0.00107588
0.00107961
0.00108269
0.00108512
0.00108689
0.00108801
0.00108848
0.00108831
0.00108749
0.00108603
0.00108394
0.00108124
0.00107792
0.00107401
0.00106951
0.00106446
0.00105885
0.00105271
0.00104606
0.00103892
0.00103132
0.00102328
0.00101482
0.00100599
0.000996794
0.000987279
0.000977473
0.000967412
0.000957133
0.000946672
0.000936069
0.000925366
0.000914605
0.000903828
0.000893082
0.000882412
0.000871866
0.000861491
0.000851336
0.00084145
0.000831881
0.000822679
0.000813891
0.000805564
0.000797744
0.000790475
0.000783796
0.000777746
0.00077236
0.000767668
0.000763695
0.000760464
0.000757989
0.000756282
0.000755346
0.00075518
0.000755778
0.000757126
0.000759207
0.000761998
0.000765469
0.00076959
0.000774323
0.00077963
0.000785467
0.000791791
0.000798555
0.000805712
0.000813213
0.000821011
0.000829056
0.0008373
0.000845697
0.0008542
0.000862763
0.000871342
0.000879896
0.000888383
0.000896764
0.000905002
0.000913061
0.000920907
0.000928509
0.000935836
0.00094286
0.000949554
0.000955895
0.000961859
0.000967426
0.000972575
0.00097729
0.000981556
0.000985357
0.000988682
0.00099152
0.000993861
0.0009957
0.000997029
0.000997845
0.000998144
0.000997927
0.000997193
0.000995944
0.000994185
0.000991919
0.000989155
0.000985899
0.000982162
0.000977955
0.000973291
0.000968183
0.000962648
0.000956704
0.000950368
0.000943662
0.000936608
0.000929228
0.000921549
0.000913597
0.0009054
0.000896987
0.000888391
0.000879643
0.000870779
0.000861833
0.000852842
0.000843846
0.000834882
0.000825993
0.000817218
0.000808601
0.000800183
0.000792007
0.000784118
0.000776557
0.000769366
0.000762587
0.000756259
0.000750421
0.000745108
0.000740354
0.000736189
0.00073264
0.00072973
0.000727477
0.000725895
0.000724994
0.00072478
0.00072525
0.0007264
0.00072822
0.000730695
0.000733806
0.000737528
0.000741834
0.000746695
0.000752075
0.00075794
0.000764249
0.000770963
0.000778041
0.000785441
0.000793118
0.000801032
0.000809138
0.000817393
0.000825757
0.000834188
0.000842646
0.000851091
0.000859486
0.000867795
0.000875981
0.000884011
0.000891852
0.000899475
0.000906849
0.000913947
0.000920742
0.000927209
0.000933326
0.00093907
0.000944421
0.00094936
0.000953871
0.000957936
0.000961542
0.000964675
0.000967325
0.000969479
0.000971131
0.000972272
0.000972896
0.000972998
0.000972576
0.000971627
0.00097015
0.000968146
0.000965617
0.000962567
0.000959
0.000954923
0.000950343
0.000945269
0.000939711
0.000933681
0.000927194
0.000920262
0.000912903
0.000905134
0.000896974
0.000888446
0.00087957
0.000870372
0.000860877
0.000851112
0.000841109
0.000830896
0.000820509
0.000809981
0.000799349
0.000788653
0.000777932
0.000767229
0.000756588
0.000746055
0.000735678
0.000725506
0.000715589
0.000705978
0.000696725
0.000687884
0.000679505
0.000671642
0.000664344
0.00065766
0.000651637
0.000646319
0.000641745
0.000637949
0.000634963
0.000632809
0.000631506
0.000631064
0.000631488
0.000632775
0.000634915
0.000637892
0.000641682
0.000646257
0.000651583
0.00065762
0.000664326
0.000671654
0.000679556
0.000687981
0.000696878
0.000706193
0.000715873
0.000725867
0.000736121
0.000746585
0.000757208
0.000767943
0.000778741
0.000789557
0.000800348
0.000811071
0.000821686
0.000832154
0.00084244
0.000852507
0.000862323
0.000871857
0.000881078
0.000889959
0.000898473
0.000906595
0.000914301
0.000921571
0.000928382
0.000934717
0.000940558
0.000945888
0.000950693
0.000954958
0.000958673
0.000961825
0.000964405
0.000966404
0.000967815
0.000968633
0.000968852
0.000968468
0.00096748
0.000965886
0.000963685
0.00096088
0.000957473
0.000953467
0.000948867
0.000943679
0.000937911
0.000931571
0.000924669
0.000917217
0.000909227
0.000900713
0.00089169
0.000882176
0.000872188
0.000861748
0.000850876
0.000839596
0.000827933
0.000815914
0.000803567
0.000790925
0.000778021
0.000764889
0.000751567
0.000738097
0.000724521
0.000710885
0.000697237
0.00068363
0.000670119
0.000656761
0.000643618
0.000630753
0.000618235
0.000606133
0.00059452
0.00058347
0.000573059
0.000563363
0.000554456
0.000546413
0.000539303
0.000533191
0.000528136
0.000524188
0.000521387
0.000519764
0.000519337
0.000520109
0.000522073
0.000525209
0.000529486
0.000534859
0.000541276
0.000548678
0.000556998
0.000566165
0.000576106
0.000586743
0.000598002
0.000609806
0.000622081
0.000634754
0.000647756
0.000661019
0.000674479
0.000688075
0.000701748
0.000715444
0.00072911
0.000742697
0.000756159
0.000769452
0.000782535
0.00079537
0.000807919
0.00082015
0.000832029
0.000843527
0.000854616
0.000865268
0.000875459
0.000885166
0.000894368
0.000903043
0.000911173
0.000918741
0.000925731
0.000932128
0.000937918
0.000943089
0.00094763
0.000951532
0.000954784
0.00095738
0.000959312
0.000960576
0.000961167
0.000961081
0.000960316
0.000958871
0.000956746
0.000953942
0.000950459
0.000946302
0.000941474
0.000935981
0.000929828
0.000923022
0.000915573
0.000907489
0.00089878
0.00088946
0.00087954
0.000869035
0.00085796
0.000846332
0.000834169
0.000821491
0.00080832
0.000794677
0.000780589
0.00076608
0.000751181
0.000735921
0.000720333
0.000704454
0.000688322
0.000671977
0.000655466
0.000638837
0.000622142
0.000605439
0.00058879
0.000572263
0.000555931
0.000539874
0.000524179
0.000508938
0.000494253
0.000480231
0.000466985
0.000454635
0.000443303
0.000433113
0.000424188
0.000416642
0.000410583
0.000406101
0.000403266
0.000402126
0.000402702
0.000404985
0.00040894
0.000414508
0.000421606
0.000430135
0.000439983
0.000451031
0.000463155
0.000476232
0.00049014
0.000504763
0.000519991
0.000535718
0.000551849
0.000568291
0.000584962
0.000601784
0.000618685
0.000635599
0.000652465
0.000669227
0.000685831
0.00070223
0.000718379
0.000734234
0.000749758
0.000764913
0.000779666
0.000793984
0.000807837
0.000821198
0.000834039
0.000846337
0.000858068
0.00086921
0.000879743
0.000889648
0.000898908
0.000907505
0.000915425
0.000922653
0.000929177
0.000934985
0.000940065
0.000944408
0.000948006
0.00095085
0.000952934
0.000954253
0.000954801
0.000954576
0.000953573
0.000951793
0.000949234
0.000945896
0.000941781
0.000936891
0.00093123
0.000924801
0.000917611
0.000909665
0.000900971
0.000891537
0.000881372
0.000870488
0.000858895
0.000846607
0.000833637
0.000819999
0.000805712
0.000790791
0.000775255
0.000759126
0.000742423
0.000725172
0.000707397
0.000689124
0.000670383
0.000651206
0.000631625
0.000611679
0.000591407
0.000570854
0.000550068
0.000529105
0.000508024
0.000486894
0.000465793
0.000444808
0.000424042
0.000403612
0.000383653
0.000364326
0.000345813
0.000328329
0.000312117
0.000297451
0.000284631
0.000273968
0.000265763
0.000260282
0.000257721
0.000258177
0.000261633
0.00026796
0.000276941
0.000288295
0.000301715
0.000316892
0.000333533
0.000351373
0.000370176
0.000389737
0.000409879
0.000430449
0.000451318
0.00047237
0.000493509
0.000514648
0.000535711
0.000556632
0.00057735
0.000597812
0.000617969
0.000637777
0.000657194
0.000676184
0.000694711
0.000712744
0.000730252
0.000747207
0.000763583
0.000779356
0.000794502
0.000809
0.000822829
0.00083597
0.000848406
0.00086012
0.000871095
0.000881319
0.000890776
0.000899455
0.000907345
0.000914434
0.000920714
0.000926176
0.000930813
0.000934618
0.000937585
0.00093971
0.000940988
0.000941419
0.000940998
0.000939727
0.000937603
0.000934629
0.000930806
0.000926137
0.000920626
0.000914276
0.000907093
0.000899084
0.000890256
0.000880616
0.000870174
0.000858939
0.000846921
0.000834134
0.000820588
0.000806296
0.000791274
0.000775535
0.000759096
0.000741973
0.000724184
0.000705746
0.00068668
0.000667006
0.000646744
0.000625917
0.000604549
0.000582664
0.000560288
0.000537448
0.000514174
0.000490497
0.00046645
0.00044207
0.000417397
0.000392477
0.000367361
0.000342109
0.000316794
0.000291504
0.000266353
0.000241491
0.000217122
0.000193539
0.000171167
0.000150644
0.000132915
0.000119305
0.000111381
0.000110397
0.000116522
0.000128714
0.000145409
0.000165186
0.000187
0.000210144
0.000234141
0.000258672
0.000283511
0.000308497
0.000333507
0.000358448
0.000383243
0.00040783
0.000432154
0.00045617
0.000479837
0.000503116
0.000525974
0.000548379
0.000570302
0.000591715
0.000612592
0.000632908
0.000652641
0.000671768
0.000690267
0.000708119
0.000725305
0.000741805
0.000757604
0.000772685
0.000787031
0.000800629
0.000813465
0.000825525
0.000836799
0.000847274
0.000856941
0.00086579
0.000873813
0.000881002
0.00088735
0.000892852
0.000897503
0.000901299
0.000904235
0.000906312
0.000907526
