
Primal Residual: 
23.7386
9.2183
3.55544
4.82565
3.29284
1.83597
1.35518
1.2533
1.11402
0.937434
0.796192
0.694764
0.615164
0.544938
0.479925
0.429312
0.406292
0.40745
0.417514
0.42283
0.415173
0.393713
0.363866
0.333756
0.311122
0.299486
0.294632
0.289843
0.28085
0.267608
0.252867
0.239591
0.230134
0.224658
0.221318
0.21769
0.212366
0.20523
0.197142
0.189426
0.183425
0.180087
0.179451
0.18179
0.18661
0.192943
0.199664
0.205795
0.210708
0.214231
0.216644
0.218424
0.219991
0.221525
0.222909
0.223822
0.22391
0.22295
0.220967
0.218188
0.214927
0.211519
0.208194
0.205021
0.201912
0.198689
0.195167
0.191235
0.186907
0.182332
0.177763
0.173501
0.169819
0.166897
0.16478
0.163376
0.162499
0.161849
0.161128
0.160102
0.158607
0.156541
0.153851
0.150528
0.146609
0.142187
0.137408
0.132471
0.127627
0.123166
0.119396
0.116605
0.115016
0.114739
0.115743
0.11786
0.120821
0.124311
0.128013
0.131648
0.134994
0.137892
0.140248
0.142023
0.143231
0.143921
0.144174
0.144088
0.143772
0.143334
0.142875
0.142482
0.142223
0.142145
0.142273
0.14261
0.14314
0.143833
0.144645
0.145524
0.146413
0.147252
0.147977
0.148525
0.14883
0.148831
0.148466
0.147677
0.146418
0.144651
0.142349
0.139503
0.136122
0.132234
0.127892
0.123173
0.118178
0.113036
0.1079
0.102945
0.0983636
0.0943495
0.091085
0.0887166
0.0873315
0.086941
0.0874754
0.0887962
0.0907189
0.0930391
0.0955564
0.0980904
0.10049
0.10264
0.10446
0.105853
0.106815
0.107389
0.107619
0.107554
0.107258
0.106801
0.106258
0.105702
0.1052
0.104808
0.104565
0.104494
0.104603
0.104885
0.105319
0.105878
0.106538
0.107242
0.107956
0.108659
0.109327
0.109938
0.110473
0.110916
0.111251
0.111465
0.111547
0.111487
0.11127
0.110889
0.110334
0.109587
0.108647
0.107524
0.106242
0.10483
0.103323
0.101761
0.100185
0.0986379
0.0971601
0.0957874
0.0945509
0.0934756
0.0925791
0.0918706
0.0913489
0.0910027
0.0908108
0.0907438
0.0907668
0.0908429
0.0909361
0.0910143
0.0910517
0.0910306
0.0909419
0.0907853
0.0905685
0.0903062
0.090018
0.0897271
0.0894585
0.089237
0.0890862
0.0890273
0.0890777
0.0892502
0.0895525
0.0899867
0.0905489
0.0912295
0.0920133
0.0928805
0.0938073
0.094767
0.0957312
0.0966707
0.097557
0.0983631
0.0990644
0.0996397
0.100071
0.100347
0.100456
0.100397
0.100167
0.0997721
0.099219
0.098518
0.0976817
0.0967238
0.0956593
0.094503
0.0932695
0.0919728
0.0906261
0.0892418
0.0878315
0.0864066
0.0849785
0.0835592
0.0821619
0.0808012
0.0794934
0.078257
0.0771117
0.0760786
0.0751793
0.0744344
0.0738625
0.0734791
0.0732946
0.0733138
0.073535
0.0739496
0.0745424
0.0752924
0.0761732
0.0771521
0.0781251
0.079099
0.0800682
0.0810131
0.081911
0.0827413
0.0834871
0.0841354
0.0846776
0.0851077
0.0854219
0.0856184
0.0856984
0.0856661
0.0855285
0.0852946
0.084968
0.0845545
0.0840642
0.0835112
0.0829112
0.0822805
0.0816349
0.0809885
0.0803526
0.0797346
0.0791384
0.0785639
0.0780084
0.0774668
0.0769329
0.0763999
0.075861
0.0753105
0.0747433
0.0741559
0.0735464
0.0729139
0.0722595
0.0715854
0.0708955
0.0701954
0.0694924
0.0687957
0.0681164
0.0674676
0.0668637
0.0663202
0.0658527
0.0654761
0.0652037
0.0650459
0.0650098
0.0650985
0.0653106
0.0656404
0.0660783
0.0666114
0.0672239
0.0678983
0.0686161
0.0693583
0.0701064
0.0708428
0.0715513
0.0722175
0.0728289
0.0733755
0.0738495
0.0742459
0.0745619
0.0747975
0.074955
0.0750387
0.0750548
0.0750112
0.0749168
0.0747809
0.0746133
0.074423
0.0742184
0.0740063
0.0737918
0.0735783
0.0733667
0.073156
0.0729431
0.0727231
0.0724899
0.0722361
0.0719541
0.071636
0.0712743
0.0708624
0.0703951
0.0698684
0.0692806
0.0686317
0.0679242
0.0671627
0.0663544
0.0655084
0.0646365
0.0637518
0.0628696
0.062006
0.0611784
0.0604041
0.0597001
0.0590826
0.0585659
0.0581622
0.0578806
0.057727
0.0577037
0.0578094
0.0580391
0.0583846
0.0588352
0.0593776
0.0599973
0.0606787
0.0614057
0.0621625
0.0629339
0.0637054
0.0644639
0.0651975
0.0658957
0.0665497
0.0671519
0.0676965
0.0681788
0.0685957
0.0689451
0.0692261
0.0694386
0.0695835
0.0696623
0.069677
0.06963
0.0695242
0.0693624
0.0691475
0.0688826
0.0685705
0.0682139
0.0678153
0.0673772
0.0669018
0.066391
0.065847
0.0652717
0.0646669
0.0640349
0.0633779
0.0626985
0.0619995
0.0612844
0.0605569
0.0598214
0.0590826
0.0583459
0.0576171
0.0569026
0.0562088
0.0555424
0.0549104
0.0543193
0.0537756
0.0532851
0.0528529
0.0524834
0.0521797
0.051944
0.051777
0.0516783
0.0516462
0.0516778
0.0517693
0.051916
0.0521123
0.0523525
0.0526304
0.0529399
0.0532751
0.0536302
0.054
0.0543799
0.0547659
0.0551545
0.0555429
0.0559291
0.0563113
0.0566884
0.0570596
0.0574244
0.0577824
0.058133
0.0584758
0.0588101
0.0591346
0.059448
0.0597483
0.0600331
0.0602996
0.0605445
0.060764
0.060954
0.0611103
0.0612284
0.0613037
0.0613318
0.0613084
0.0612296
0.0610919
0.0608921
0.0606279
0.0602976
0.0599003
0.0594359
0.0589052
0.0583099
0.0576528
0.0569374
0.0561683
0.0553511
0.0544921
0.0535986
0.0526787
0.051741
0.0507951
0.0498509
0.0489187
0.0480091
0.0471328
0.0463004
0.0455221
0.0448079
0.0441667
0.0436066
0.0431344
0.0427557
0.0424744
0.0422928
0.0422117
0.0422301
0.0423455
0.0425539
0.0428502
0.0432283
0.0436812
0.0442014
0.0447807
0.0454111
0.046084
0.0467913
0.0475244
0.0482754
0.0490361
0.0497988
0.0505559
0.0513
0.052024
0.0527212
0.0533848
0.0540087
0.0545868
0.0551136
0.0555838
0.0559927
0.056336
0.0566097
0.0568106
0.0569359
0.0569836
0.0569521
0.0568406
0.056649
0.0563779
0.0560286
0.0556032
0.0551045
0.0545361
0.0539022
0.0532078
0.0524586
0.0516611
0.0508222
0.0499496
0.0490514
0.0481363
0.0472134
0.046292
0.0453818
0.0444926
0.043634
0.0428156
0.0420467
0.0413359
0.0406911
0.0401194
0.0396267
0.0392176
0.0388954
0.0386619
0.0385171
0.0384599
0.0384876
0.0385963
0.0387808
0.0390352
0.0393528
0.0397267
0.0401493
0.0406132
0.041111
0.0416353
0.0421792
0.0427359
0.043299
0.0438626
0.0444212
0.0449696
0.0455031
0.0460173
0.0465082
0.0469724
0.0474065
0.0478078
0.0481736
0.0485019
0.0487907
0.0490385
0.0492441
0.0494066
0.0495253
0.0495999
0.0496304
0.049617
0.0495602
0.0494607
0.0493195
0.0491379
0.0489172
0.0486591
0.0483654
0.048038
0.0476791
0.0472907
0.0468753
0.0464352
0.0459728
0.0454907
0.0449914
0.0444775
0.0439516
0.0434163
0.0428744
0.0423285
0.0417814
0.0412358
0.0406947
0.040161
0.0396377
0.0391279
0.0386348
0.0381617
0.037712
0.0372891
0.0368965
0.0365376
0.0362158
0.0359343
0.0356963
0.0355045
0.0353614
0.0352689
0.0352285
0.0352412
0.0353071
0.0354257
0.0355961
0.0358163
0.0360837
0.0363954
0.0367476
0.037136
0.0375561
0.038003
0.0384714
0.0389562
0.0394518
0.039953
0.0404544
0.0409508
0.0414373
0.0419092
0.0423619
0.0427912
0.0431934
0.0435648
0.0439023
0.044203
0.0444644
0.0446845
0.0448614
0.0449938
0.0450806
0.045121
0.0451146
0.0450613
0.0449613
0.0448152
0.0446235
0.0443874
0.0441082
0.0437872
0.0434264
0.0430275
0.0425929
0.0421249
0.041626
0.0410991
0.0405472
0.0399735
0.0393814
0.0387745
0.0381566
0.0375318
0.0369042
0.0362785
0.0356591
0.0350509
0.0344589
0.0338883
0.0333441
0.0328316
0.032356
0.0319223
0.0315353
0.0311995
0.0309189
0.0306969
0.0305364
0.0304392
0.0304067
0.030439
0.0305356
0.0306947
0.0309141
0.0311906
0.0315202
0.0318985
0.0323205
0.0327809
0.0332742
0.0337946
0.0343364
0.0348937
0.035461
0.0360325
0.0366029
0.0371669
0.0377194
0.0382558
0.0387713
0.0392616
0.0397227
0.0401505
0.0405416
0.0408925
0.0412001
0.0414614
0.0416739
0.0418352
0.0419431
0.0419958
0.0419918
0.0419296
0.0418082
0.0416271
0.0413858
0.0410842
0.0407226
0.0403016
0.0398224
0.0392862
0.038695
0.0380512
0.0373573
0.0366169
0.0358338
0.0350123
0.0341577
0.0332757
0.032373
0.0314568
0.0305354
0.029618
0.0287148
0.0278367
0.0269957
0.0262047
0.025477
0.0248263
0.0242661
0.023809
0.0234664
0.0232472
0.0231575
0.0232
0.0233738
0.0236743
0.0240939
0.0246222
0.025247
0.0259551
0.0267326
0.0275655
0.0284407
0.0293451
0.030267
0.0311952
0.0321195
0.0330308
0.0339204
0.0347808
0.0356051
0.0363871
0.0371211
0.0378022
0.0384259
0.0389884
0.039486
0.039916
0.0402756
0.0405629
0.040776
0.0409137
0.0409749
0.040959
0.0408659
0.0406957
0.0404487
0.0401259
0.0397283
0.0392576
0.0387155
0.0381044
0.0374268
0.0366858
0.0358847
0.0350274
0.0341183
0.0331621
0.0321642
0.0311307
0.0300682
0.0289843
0.0278873
0.0267866
0.0256928
0.0246176
0.0235743
0.0225773
0.0216428
0.0207877
0.0200302
0.0193883
0.0188788
0.0185164
0.0183119
0.0182707
0.0183927
0.0186716
0.019096
0.0196506
0.0203178
0.0210787
0.0219149
0.0228087
0.0237435
0.0247047
0.0256789
0.0266542
0.0276201
0.0285676
0.0294884
0.0303753
0.0312221
0.0320231
0.0327736
0.0334692
0.0341063
0.0346816
0.0351926
0.0356369
0.0360127
0.0363185
0.0365534
0.0367166
0.0368079
0.0368272
0.0367751
0.0366522
0.0364597
0.0361991
0.035872
0.0354808
0.035028
0.0345165
0.0339497
0.0333313
0.0326655
0.0319569
0.0312108
0.0304326
0.0296285
0.0288054
0.0279705
0.0271317
0.0262977
0.0254777
0.0246816
0.0239198
0.0232032
0.0225429
0.0219499
0.021435
0.0210079
0.020677
0.0204485
0.0203265
0.020312
0.0204034
0.0205961
0.0208832
0.0212558
0.0217035
0.0222152
0.0227795
0.0233851
0.0240208
0.0246765
0.0253424
0.0260096
0.0266701
0.0273166
0.0279425
0.028542
0.0291099
0.0296416
0.0301331
0.030581
0.0309822
0.0313342
0.0316348
0.0318824
0.0320755
0.0322133
0.032295
0.0323203
0.0322893
0.0322022
0.0320597
0.0318626
0.0316123
0.0313101
0.0309578
0.0305576
0.0301118
0.0296231
0.0290945
0.0285294
0.0279314
0.0273046
0.0266536
0.0259831
0.0252985
0.0246058
0.0239111
0.0232215
0.0225442
0.0218874
0.0212593
0.0206689
0.0201251
0.0196371
0.0192135
0.0188627
0.0185917
0.0184062
0.0183101
0.018305
0.0183904
0.0185635
0.0188194
0.0191515
0.0195522
0.0200124
0.0205232
0.0210752
0.0216591
0.0222662
0.022888
0.0235166
0.024145
0.0247662
0.0253744
0.0259637
0.0265294
0.0270667
0.0275716
0.0280404
0.02847
0.0288574
0.0292003
0.0294964
0.0297439
0.0299415
0.0300879
0.0301824
0.0302244
0.0302138
0.0301505
0.030035
0.029868
0.0296505
0.0293837
0.0290695
0.0287096
0.0283064
0.0278626
0.0273812
0.0268656
0.0263196
0.0257475
0.0251537
0.0245435
0.0239224
0.0232964
0.0226719
0.0220559
0.0214557
0.020879
0.0203339
0.0198284
0.0193706
0.0189682
0.0186282
0.0183568
0.0181588
0.0180374
0.0179941
0.0180282
0.0181374
0.0183173
0.0185622
0.0188652
0.0192184
0.0196137
0.0200424
0.0204963
0.0209671
0.0214471
0.021929
0.0224062
0.0228723
0.0233218
0.0237496
0.0241511
0.0245224
0.0248599
0.0251605
0.0254216
0.0256411
0.0258171
0.0259483
0.0260337
0.0260728
0.0260651
0.026011
0.0259108
0.0257655
0.0255761
0.0253444
0.0250721
0.0247617
0.0244158
0.0240374
0.02363
0.0231975
0.0227442
0.0222748
0.0217943
0.0213085
0.0208234
0.0203452
0.0198809
0.0194375
0.0190223
0.0186425
0.0183052
0.0180173
0.0177847
0.0176127
0.0175052
0.0174648
0.0174924
0.0175874
0.0177474
0.0179687
0.0182464
0.0185745
0.0189465
0.0193551
0.0197932
0.0202535
0.020729
0.0212127
0.0216983
0.0221796
0.022651
0.0231073
0.0235436
0.0239556
0.0243393
0.0246912
0.0250079
0.0252867
0.025525
0.0257208
0.0258721
0.0259775
0.0260357
0.0260457
0.026007
0.0259192
0.0257821
0.025596
0.0253614
0.025079
0.0247499
0.0243753
0.023957
0.0234968
0.0229971
0.0224605
0.0218899
0.0212889
0.0206611
0.020011
0.0193433
0.0186634
0.0179774
0.0172921
0.016615
0.0159545
0.01532
0.0147216
0.0141702
0.0136774
0.0132547
0.0129132
0.0126628
0.0125111
0.0124627
0.012519
0.0126773
0.0129317
0.0132735
0.0136923
0.0141763
0.0147139
0.0152935
0.0159043
0.0165363
0.0171804
0.0178285
0.0184733
0.0191084
0.0197279
0.0203268
0.0209006
0.0214451
0.0219569
0.0224327
0.0228699
0.0232659
0.0236187
0.0239265
0.0241877
0.0244012
0.0245658
0.024681
0.0247462
0.0247611
0.0247259
0.0246407
0.0245059
0.0243224
0.024091
0.0238131
0.0234899
0.0231232
0.022715
0.0222675
0.0217831
0.0212647
0.0207153
0.0201384
0.0195378
0.0189177
0.0182828
0.0176384
0.0169903
0.0163449
0.0157094
0.0150917
0.0145006
0.0139454
0.0134363
0.0129835
0.0125974
0.0122876
0.0120626
0.0119285
0.0118889
0.0119442
0.0120914
0.0123247
0.012636
0.0130157
0.0134531
0.0139377
0.0144591
0.0150075
0.0155738
0.01615
0.0167286
0.0173031
0.0178676
0.0184169
0.0189464
0.0194521
0.0199303
0.0203778
0.0207918
0.0211699
0.0215099
0.0218099
0.0220684
0.0222841
0.0224558
0.0225829
0.0226647
0.0227007
0.0226909
0.0226353
0.022534
0.0223875
0.0221964
0.0219616
0.0216842
0.0213652
0.0210063
0.0206091
0.0201756
0.019708
0.0192087
0.0186806
0.0181267
0.0175505
0.016956
0.0163474
0.0157294
0.0151076
0.014488
0.0138772
0.0132829
0.0127135
0.0121781
0.0116867
0.0112499
0.0108784
0.0105821
0.0103701
0.010249
0.0102225
0.0102908
0.0104506
0.0106956
0.0110169
0.0114042
0.0118467
0.0123337
0.0128549
0.0134007
0.0139626
0.014533
0.015105
0.0156726
0.0162306
0.0167742
0.0172993
0.0178023
0.01828
0.0187296
0.0191485
0.0195347
0.019886
0.020201
0.0204782
0.0207163
0.0209145
0.021072
0.0211881
0.0212624
0.0212948
0.0212852
0.0212338
0.0211409
0.0210069
0.0208327
0.0206189
0.0203667
0.0200772
0.0197519
0.0193924
0.0190004
0.0185779
0.0181269
0.01765
0.0171496
0.0166286
0.0160902
0.0155378
0.0149751
0.0144065
0.0138367
0.013271
0.0127152
0.0121758
0.0116601
0.011176
0.0107319
0.0103366
0.00999918
0.00972789
0.00953006
0.00941117
0.00937422
0.00941938
0.00954392
0.0097425
0.0100078
0.0103311
0.0107033
0.0111152
0.0115579
0.0120231
0.0125035
0.0129922
0.0134834
0.0139717
0.0144525
0.0149216
0.0153756
0.0158112
0.0162255
0.0166163
0.0169812
0.0173185
0.0176266
0.017904
0.0181496
0.0183625
0.0185419
0.0186872
0.0187981
0.0188743
0.0189157
0.0189224
0.0188948
0.0188331
0.018738
0.0186102
0.0184505
0.0182599
0.0180396
0.0177909
0.0175154
0.0172147
0.0168906
0.0165453
0.016181
0.0158002
0.0154056
0.015
0.0145868
0.0141693
0.0137514
0.0133369
0.0129301
0.0125357
0.0121584
0.0118031
0.0114749
0.0111787
0.0109195
0.0107016
0.0105289
0.0104043
0.0103298
0.0103061
0.0103327
0.010408
0.0105291
0.0106923
0.010893
0.0111264
0.0113874
0.0116708
0.0119715
0.0122849
0.0126062
0.0129313
0.0132565
0.0135781
0.0138931
0.0141986
0.0144922
0.0147715
0.0150347
0.01528
0.015506
0.0157114
0.0158951
0.0160563
0.0161943
0.0163085
0.0163986
0.0164644
0.0165058
0.0165229
0.0165158
0.016485
0.0164307
0.0163537
0.0162546
0.0161343
0.0159935
0.0158334
0.0156551
0.0154597
0.0152487
0.0150235
0.0147855
0.0145366
0.0142783
0.0140125
0.0137412
0.0134664
0.0131902
0.012915
0.012643
0.0123765
0.0121181
0.0118701
0.0116352
0.0114156
0.0112137
0.0110319
0.010872
0.0107359
0.0106251
0.0105406
0.0104832
0.0104532
0.0104504
0.0104742
0.0105236
0.0105973
0.0106935
0.0108104
0.0109457
0.0110973
0.0112628
0.0114398
0.0116261
0.0118194
0.0120175
0.0122184
0.0124201
0.0126208
0.0128189
0.0130126
0.0132008
0.0133819
0.0135549
0.0137187
0.0138723
0.0140149
0.0141457
0.0142641
0.0143696
0.0144616
0.0145397
0.0146036
0.0146532
0.0146881
0.0147084
0.014714
0.0147049
0.0146812
0.014643
0.0145907
0.0145244
0.0144446
0.0143516
0.0142459
0.0141281
0.0139987
0.0138585
0.0137081
0.0135485
0.0133803
0.0132047
0.0130227
0.0128353
0.0126437
0.0124493
0.0122532
0.012057
0.011862
0.0116697
0.0114818
0.0112998
0.0111254
0.01096
0.0108054
0.0106629
0.0105341
0.0104202
0.0103224
0.0102418
0.010179
0.0101346
0.0101089
0.0101018
0.0101132
0.0101425
0.0101889
0.0102513
0.0103287
0.0104195
0.0105224
0.0106357
0.0107577
0.0108868
0.0110212
0.0111592
0.0112992
0.0114397
0.0115789
0.0117156
0.0118484
0.0119759
0.012097
0.0122107
0.0123158
0.0124117
0.0124974
0.0125724
0.012636
0.0126878
0.0127274
0.0127546
0.0127691
0.0127709
0.0127601
0.0127367
0.012701
0.0126532
0.0125939
0.0125235
0.0124426
0.0123519
0.0122521
0.0121442
0.0120292
0.0119079
0.0117816
0.0116515
0.0115187
0.0113847
0.0112506
0.011118
0.0109882
0.0108627
0.0107427
0.0106297
0.0105249
0.0104295
0.0103447
0.0102713
0.0102102
0.010162
0.0101271
0.0101057
0.0100979
0.0101035
0.0101221
0.010153
0.0101956
0.0102489
0.0103118
0.0103832
0.0104618
0.0105464
0.0106356
0.0107281
0.0108225
0.0109175
0.0110118
0.0111042
0.0111936
0.0112787
0.0113587
0.0114325
0.0114994
0.0115584
0.011609
0.0116504
0.0116822
0.011704
0.0117154
0.0117162
0.0117061
0.0116851
0.0116532
0.0116104
0.011557
0.0114931
0.0114192
0.0113355
0.0112427
0.0111412
0.0110317
0.010915
0.0107919
0.0106632
0.0105299
0.0103931
0.0102537
0.0101129
0.00997197
0.00983206
0.00969444
0.00956038
0.00943115
0.00930801
0.00919219
0.00908483
0.00898704
0.00889979
0.00882396
0.00876026
0.00870924
0.0086713
0.00864662
0.0086352
0.00863686
0.0086512
0.0086777
0.00871562
0.00876414
0.00882228
0.00888901
0.00896319
0.00904366
0.00912926
0.00921877
0.00931104
0.00940493
0.00949933
0.00959319
0.00968554
0.00977545
0.00986206
0.00994461
0.0100224
0.0100948
0.0101613
0.0102214
0.0102747
0.0103209
0.0103598
0.0103912
0.0104151
0.0104314
0.0104402
0.0104416
0.0104358
0.0104231
0.0104038
0.0103782
0.0103469
0.0103102
0.0102688
0.0102232
0.010174
0.0101218
0.0100674
0.0100113
0.00995441
0.00989726
0.00984059
0.00978507
0.00973133
0.00967998
0.00963158
0.00958663
0.00954557
0.00950875
0.00947647
0.00944892
0.0094262
0.00940834
0.00939526
0.00938678
0.00938266
0.00938256
0.00938606
0.00939267
0.00940186
0.00941302
0.00942553
0.00943872
0.0094519
0.00946437
0.00947545
0.00948445
0.00949069
0.00949354
0.00949238
0.00948666
0.00947583
0.00945943
0.00943705
0.00940833
0.00937297
0.00933075
0.00928152
0.0092252
0.0091618
0.00909139
0.00901413
0.00893027
0.00884015
0.0087442
0.00864292
0.00853694
0.00842695
0.00831376
0.00819827
0.00808145
0.0079644
0.00784827
0.0077343
0.0076238
0.00751814
0.0074187
0.0073269
0.00724412
0.0071717
0.0071109
0.00706288
0.00702861
0.00700891
0.00700435
0.00701527
0.00704178
0.0070837
0.0071406
0.00721182
0.00729651
0.00739359
0.00750186
0.00762
0.00774661
0.00788022
0.00801935
0.00816252
0.00830828
0.00845521
0.00860192
0.00874712
0.00888956
0.00902807
0.00916157
0.00928903
0.00940952
0.00952221
0.0096263
0.00972112
0.00980606
0.00988059
0.00994424
0.00999667
0.0100376
0.0100667
0.0100839
0.0100892
0.0100825
0.0100639
0.0100336
0.00999176
0.00993873
0.00987486
0.00980059
0.00971645
0.00962301
0.00952093
0.00941095
0.00929385
0.0091705
0.00904182
0.00890882
0.00877253
0.00863407
0.0084946
0.00835532
0.00821746
0.00808229
0.0079511
0.00782514
0.00770566
0.00759388
0.00749094
0.00739787
0.00731561
0.00724494
0.00718647
0.00714064
0.00710766
0.00708755
0.00708009
0.00708488
0.00710131
0.00712858
0.00716575
0.00721174
0.00726539
0.00732545
0.00739061
0.00745958
0.00753105
0.00760372
0.00767636
0.00774776
0.00781679
0.00788239
0.00794358
0.00799945
0.00804918
0.00809204
0.00812739
0.00815467
0.00817341
0.00818325
0.0081839
0.00817516
0.00815695
0.00812924
0.00809212
0.00804578
0.00799048
0.00792661
0.00785463
0.00777511
0.00768874
0.00759629
0.00749865
0.00739681
0.00729188
0.00718505
0.00707763
0.00697103
0.00686673
0.00676628
0.00667129
0.00658339
0.0065042
0.0064353
0.0063782
0.00633425
0.00630465
0.00629036
0.0062921
0.00631027
0.006345
0.00639608
0.00646303
0.00654506
0.00664116
0.00675011
0.00687053
0.00700092
0.0071397
0.00728525
0.00743594
0.00759015
0.0077463
0.00790285
0.00805833
0.00821133
0.00836054
0.0085047
0.00864264
0.00877326
0.00889555
0.00900858
0.00911149
0.00920349
0.00928389
0.00935205
0.0094074
0.00944945
0.00947778
0.00949202
0.00949187
0.00947711
0.00944755
0.0094031
0.00934371
0.00926941
0.00918029
0.00907653
0.00895834
0.00882604
0.00867998
0.0085206
0.00834838
0.00816385
0.00796762
0.00776034
0.00754273
0.00731558
0.00707975
0.00683618
0.00658595
0.00633022
0.00607031
0.0058077
0.00554408
0.00528135
0.00502169
0.00476758
0.00452189
0.00428784
0.00406912
0.00386979
0.00369427
0.0035471
0.00343265
0.00335469
0.00331587
0.00331734
0.00335849
0.00343705
0.00354944
0.00369126
0.00385778
0.00404432
0.0042465
0.0044604
0.00468254
0.00490991
0.00513994
0.0053704
0.00559936
0.0058252
0.00604648
0.00626197
0.00647059
0.00667142
0.00686364
0.00704653
0.00721947
0.00738193
0.00753346
0.00767366
0.00780221
0.00791885
0.00802339
0.00811567
0.0081956
0.00826315
0.00831831
0.00836116
0.00839178
0.00841032
0.00841697
0.00841197
0.00839557
0.0083681
0.00832992
0.00828141
0.00822303
0.00815529
0.00807873
0.00799395
0.00790162
0.00780245
0.00769723
0.00758678
0.00747201
0.00735387
0.00723335
0.0071115
0.00698941
0.00686821
0.00674904
0.00663304
0.00652138
0.00641518
0.00631552
0.00622343
0.00613984
0.00606559
0.00600136
0.00594769
0.00590495
0.00587331
0.00585275
0.00584305
0.00584381
0.00585444
0.0058742
0.00590222
0.00593752
0.00597903
0.00602564
0.00607621
0.00612959
0.00618464
0.00624027
0.00629542
0.00634908
0.00640032
0.00644827
0.00649212
0.00653116
0.00656472
0.00659223
0.00661319
0.00662718
0.00663384
0.00663289
0.00662412
0.00660739
0.00658264
0.00654986
0.00650913
0.00646058
0.00640441
0.00634091
0.00627042
0.00619335
0.00611019
0.00602149
0.00592789
0.00583011
0.00572892
0.00562522
0.00551994
0.00541414
0.00530893
0.00520553
0.00510521
0.00500932
0.00491926
0.00483644
0.0047623
0.0046982
0.00464546
0.00460526
0.00457862
0.00456632
0.00456892
0.00458667
0.00461956
0.00466728
0.00472924
0.00480463
0.00489244
0.0049915
0.00510053
0.00521818
0.00534307
0.00547381
0.00560906
0.00574747
0.00588779
0.0060288
0.00616935
0.00630838
0.00644487
0.00657788
0.00670655
0.00683006
0.00694766
0.00705869
0.0071625
0.00725853
0.00734626
0.00742523
0.00749502
0.00755525
0.00760561
0.00764581
0.00767561
0.00769481
0.00770323
0.00770074
0.00768723
0.00766264
0.00762694
0.00758013
0.00752227
0.00745347
0.00737387
0.0072837
0.00718321
0.00707273
0.00695262
0.00682332
0.00668532
0.00653917
0.00638546
0.00622486
0.00605811
0.005886
0.0057094
0.00552928
0.00534669
0.00516278
0.00497882
0.00479619
0.00461641
0.00444112
0.00427211
0.00411129
0.0039607
0.00382244
0.00369868
0.00359152
0.00350292
0.00343457
0.00338775
0.00336322
0.00336115
0.00338108
0.00342196
0.00348224
0.00355999
0.00365304
0.00375914
0.00387603
0.00400152
0.00413357
0.0042703
0.00441001
0.00455118
0.00469244
0.00483259
0.00497057
0.00510545
0.0052364
0.00536271
0.00548374
0.00559896
0.00570789
0.00581013
0.00590534
0.00599324
0.0060736
0.00614624
0.00621102
0.00626788
0.00631676
0.00635766
0.00639062
0.00641571
0.00643305
0.00644278
0.00644507
0.00644013
0.00642821
0.00640956
0.00638448
0.0063533
0.00631636
0.00627403
0.00622671
0.00617482
0.00611881
0.00605912
0.00599624
0.00593067
0.00586294
0.00579356
0.00572309
0.00565208
0.00558111
0.00551074
0.00544154
0.00537408
0.00530891
0.00524656
0.00518755
0.00513235
0.00508138
0.00503503
0.00499362
0.00495741
0.00492658
0.00490125
0.00488144
0.00486712
0.00485815
0.00485434
0.00485543
0.00486109
0.00487093
0.00488454
0.00490144
0.00492115
0.00494315
0.00496694
0.00499197
0.00501774
0.00504373
0.00506946
0.00509446
0.00511827
0.00514047
0.00516069
0.00517855
0.00519375
0.00520599
0.00521502
0.00522064
0.00522267
0.00522098
0.00521547
0.00520608
0.00519281
0.00517567
0.00515473
0.00513008
0.00510186
0.00507025
0.00503547
0.00499777
0.00495743
0.00491478
0.00487017
0.004824
0.00477669
0.00472868
0.00468046
0.0046325
0.00458533
0.00453946
0.00449544
0.00445377
0.00441498
0.00437956
0.00434798
0.00432068
0.00429804
0.00428038
0.00426799
0.00426104
0.00425968
0.00426392
0.00427375
0.00428905
0.00430963
0.00433524
0.00436555
0.00440018
0.00443873
0.00448074
0.00452572
0.00457316
0.00462256
0.0046734
0.00472516
0.00477735
0.00482946
0.00488104
0.00493163
0.0049808
0.00502816
0.00507332
0.00511596
0.00515576
0.00519243
0.00522572
0.00525541
0.00528131
0.00530327
0.00532114
0.00533483
0.00534427
0.00534941
0.00535025
0.00534679
0.00533907
0.00532717
0.00531117
0.00529119
0.00526737
0.00523987
0.00520888
0.00517459
0.00513723
0.00509704
0.00505428
0.00500921
0.00496213
0.00491334
0.00486315
0.00481187
0.00475983
0.00470738
0.00465484
0.00460256
0.00455087
0.00450012
0.00445063
0.00440271
0.00435668
0.00431281
0.00427138
0.00423262
0.00419677
0.00416401
0.00413449
0.00410834
0.00408566
0.00406649
0.00405086
0.00403875
0.00403012
0.00402488
0.00402293
0.00402411
0.00402827
0.00403522
0.00404475
0.00405665
0.00407067
0.00408658
0.00410413
0.00412306
0.00414312
0.00416408
0.00418568
0.00420768
0.00422987
0.00425203
0.00427395
0.00429544
0.00431634
0.00433649
0.00435574
0.00437397
0.00439108
0.00440698
0.0044216
0.00443489
0.00444683
0.00445739
0.00446659
0.00447443
0.00448095
0.00448621
0.00449027
0.00449319
0.00449507
0.004496
0.00449607
0.00449539
0.00449408
0.00449223
0.00448996
0.00448737
0.00448457
0.00448165
0.0044787
0.0044758
0.00447301
0.00447039
0.004468
0.00446586
0.00446399
0.0044624
0.00446108
0.00446002
0.00445918
0.00445852
0.00445799
0.00445754
0.00445708
0.00445656
0.00445588
0.00445497
0.00445375
0.00445212
0.00445
0.00444731
0.00444397
0.00443989
0.00443502
0.00442929
0.00442262
0.00441498
0.00440632
0.00439659
0.00438578
0.00437386
0.00436083
0.00434668
0.00433142
0.00431507
0.00429767
0.00427925
0.00425986
0.00423958
0.00421846
0.0041966
0.00417408
0.00415101
0.00412752
0.0041037
0.00407971
0.00405568
0.00403175
0.00400808
0.00398482
0.00396213
0.00394016
0.00391908
0.00389903
0.00388016
0.0038626
0.0038465
0.00383195
0.00381907
0.00380793
0.0037986
0.00379112
0.00378552
0.00378181
0.00377997
0.00377996
0.00378171
0.00378517
0.00379022
0.00379675
0.00380466
0.00381379
0.00382401
0.00383516
0.0038471
0.00385966
0.00387269
0.00388604
0.00389957
0.00391314
0.00392661
0.00393987
0.0039528
0.00396532
0.00397734
0.00398879
0.00399961
0.00400975
0.00401919
0.00402791
0.00403589
0.00404315
0.00404969
0.00405553
0.00406072
0.00406528
0.00406927
0.00407272
0.0040757
0.00407825
0.00408044
0.00408232
0.00408394
0.00408536
0.00408664
0.00408781
0.00408892
0.00409
0.0040911
0.00409223
0.00409341
0.00409465
0.00409596
0.00409732
0.00409872
0.00410015
0.00410157
0.00410294
0.00410422
0.00410534
0.00410626
0.00410689
0.00410717
0.00410702
0.00410634
0.00410505
0.00410305
0.00410025
0.00409655
0.00409184
0.00408603
0.00407902
0.00407071
0.00406101
0.00404984
0.00403709
0.00402272
0.00400663
0.00398877
0.0039691
0.00394757
0.00392416
0.00389886
0.00387165
0.00384256
0.00381162
0.00377888
0.00374439
0.00370825
0.00367055
0.00363142
0.00359099
0.00354944
0.00350694
0.0034637
0.00341996
0.00337595
0.00333195
0.00328826
0.0032452
0.00320309
0.00316229
0.00312317
0.00308611
0.00305149
0.0030197
0.00299112
0.00296614
0.0029451
0.00292834
0.00291616
0.0029088
0.00290647
0.00290933
0.00291746
0.00293087
0.00294955
0.00297337
0.00300218
0.00303575
0.00307381
0.00311604
0.00316208
0.00321155
0.00326404
0.00331912
0.00337637
0.00343533
0.00349557
0.00355665
0.00361815
0.00367965
0.00374075
0.00380105
0.00386019
0.00391781
0.00397356
0.00402714
0.00407824
0.00412658
0.0041719
0.00421396
0.00425255
0.00428745
0.00431849
0.00434551
0.00436836
0.00438691
0.00440107
0.00441073
0.00441582
0.0044163
0.00441212
0.00440326
0.00438974
0.00437156
0.00434878
0.00432146
0.0042897
0.00425362
0.00421336
0.00416911
0.00412106
0.00406945
0.00401454
0.00395663
0.00389602
0.00383306
0.00376811
0.00370158
0.00363386
0.00356539
0.00349662
0.003428
0.00336001
0.00329311
0.00322778
0.00316449
0.0031037
0.00304584
0.00299133
0.00294056
0.00289385
0.00285151
0.00281377
0.00278081
0.00275274
0.00272962
0.00271143
0.00269807
0.0026894
0.00268523
0.00268529
0.0026893
0.00269694
0.00270787
0.00272172
0.00273815
0.00275679
0.0027773
0.00279935
0.00282263
0.00284686
0.00287177
0.00289712
0.00292271
0.00294834
0.00297387
0.00299915
0.00302409
0.00304858
0.00307257
0.003096
0.00311884
0.00314109
0.00316275
0.00318382
0.00320435
0.00322436
0.0032439
0.00326303
0.00328181
0.00330031
0.0033186
0.00333675
0.00335484
0.00337294
0.00339112
0.00340944
0.00342799
0.0034468
0.00346593
0.00348543
0.00350531
0.0035256
0.00354631
0.00356742
0.00358892
0.00361077
0.00363293
0.00365533
0.0036779
0.00370056
0.00372319
0.00374569
0.00376795
0.00378981
0.00381115
0.00383181
0.00385163
0.00387046
0.00388813
0.00390446
0.00391927
0.00393241
0.00394368
0.00395291
0.00395993
0.00396457
0.00396666
0.00396604
0.00396255
0.00395605
0.00394639
0.00393346
0.00391712
0.00389727
0.00387382
0.00384669
0.00381581
0.00378114
0.00374264
0.00370031
0.00365413
0.00360415
0.00355039
0.00349292
0.00343181
0.00336717
0.00329912
0.00322779
0.00315336
0.003076
0.00299594
0.00291342
0.0028287
0.00274209
0.00265393
0.00256461
0.00247456
0.00238426
0.00229426
0.00220517
0.00211768
0.00203259
0.00195075
0.00187316
0.00180087
0.00173506
0.00167693
0.00162772
0.0015886
0.00156064
0.00154464
0.00154112
0.00155024
0.00157176
0.0016051
0.00164937
0.00170351
0.00176633
0.0018366
0.00191312
0.00199477
0.0020805
0.00216936
0.0022605
0.00235316
0.00244665
0.00254038
0.00263381
0.00272647
0.00281793
0.0029078
0.00299575
0.00308148
0.0031647
0.00324517
0.00332268
0.00339702
0.00346801
0.0035355
0.00359936
0.00365946
0.00371569
0.00376798
0.00381625
0.00386045
0.00390053
0.00393647
0.00396825
0.00399589
0.00401937
0.00403872
0.00405397
0.00406513
0.00407222
0.00407526
0.00407424
0.00406918
0.00406006
0.00404691
0.00402972
0.00400854
0.00398339
0.00395435
0.00392148
0.00388489
0.00384469
0.003801
0.00375398
0.00370377
0.00365056
0.00359453
0.00353587
0.00347479
0.00341154
0.00334635
0.00327951
0.00321128
0.003142
0.00307196
0.0030015
0.00293094
0.00286058
0.00279073
0.00272166
0.00265363
0.00258688
0.00252161
0.00245803
0.00239631
0.00233663
0.00227913
0.00222398
0.00217134
0.00212134
0.00207417
0.00202997
0.00198893
0.0019512
0.00191697
0.00188641
0.00185969
0.00183698
0.00181841
0.00180413
0.00179424
0.00178883
0.00178795
0.0017916
0.00179976
0.00181234
0.00182924
0.00185028
0.00187528
0.001904
0.00193618
0.00197156
0.00200985
0.00205077
0.00209402
0.00213933
0.00218641
0.00223502
0.00228489
0.0023358
0.00238752
0.00243985
0.0024926
0.0025456
0.00259868
0.00265171
0.00270454
0.00275705
0.00280913
0.00286066
0.00291156
0.0029617
0.003011
0.00305936
0.00310667
0.00315283
0.00319773
0.00324127
0.00328334
0.00332382
0.00336263
0.00339964
0.00343475
0.00346788
0.00349893
0.00352782
0.00355446
0.00357879
0.00360075
0.00362027
0.00363729
0.00365176
0.00366363
0.00367284
0.00367934
0.00368307
0.00368397
0.00368199
0.00367705
0.0036691
0.00365807
0.00364392
0.00362659
0.00360604
0.00358226
0.00355524
0.00352497
0.0034915
0.00345485
0.00341509
0.00337228
0.00332653
0.00327791
0.00322655
0.00317256
0.00311606
0.00305718
0.00299607
0.00293285
0.0028677
0.00280075
0.00273218
0.00266215
0.00259085
0.00251846
0.00244518
0.0023712
0.00229675
0.00222204
0.00214732
0.00207285
0.00199891
0.00192581
0.00185392
0.00178363
0.00171543
0.00164984
0.00158747
0.00152901
0.00147524
0.00142698
0.00138512
0.00135053
0.00132407
0.00130644
0.00129822
0.00129972
0.00131098
0.00133178
0.00136165
0.0013999
0.0014457
0.00149815
0.00155631
0.00161929
0.0016862
0.00175627
0.00182875
0.00190302
0.00197848
0.00205464
0.00213105
0.00220732
0.00228312
0.00235814
0.00243213
0.00250485
0.00257611
0.00264573
0.00271355
0.00277942
0.00284322
0.00290482
0.00296413
0.00302104
0.00307546
0.00312731
0.0031765
0.00322298
0.00326668
0.00330754
0.0033455
0.00338053
0.00341258
0.00344163
0.00346765
0.0034906
0.00351047
0.00352723
0.00354086
0.00355133
0.00355861
0.00356267
0.00356349
0.00356104
0.00355532
0.00354632
0.00353405
0.00351855
0.00349985
0.003478
0.00345308
0.00342517
0.00339436
0.00336076
0.00332395
0.00328478
0.00324322
0.00319957
0.00315403
0.00310681
0.00305817
0.00300837
0.00295765
0.00290621
0.00285422
0.00280189
0.00274945
0.00269712
0.00264508
0.00259349
0.0025424
0.00249182
0.00244176
0.00239217
0.00234306
0.00229445
0.00224638
0.00219895
0.00215224
0.00210636
0.00206144
0.00201761
0.00197502
0.00193383
0.00189426
0.00185655
0.00182097
0.00178784
0.00175746
0.00173019
0.00170637
0.00168633
0.00167038
0.00165878
0.00165177
0.00164949
0.00165202
0.00165935
0.00167138
0.00168794
0.0017088
0.00173365
0.00176216
0.001794
0.00182879
0.00186619
0.00190586
0.00194748
0.00199077
0.00203544
0.00208125
0.00212797
0.00217539
0.00222332
0.00227158
0.00232
0.00236845
0.00241678
0.00246486
0.00251255
0.00255972
0.00260623
0.00265196
0.00269675
0.00274047
0.00278298
0.00282412
0.00286375
0.00290174
0.00293797
0.0029723
0.00300464
0.00303489
0.00306298
0.00308884
0.00311242
0.00313369
0.00315263
0.00316921
0.00318342
0.00319524
0.00320468
0.00321173
0.00321635
0.00321855
0.00321829
0.00321555
0.00321031
0.00320253
0.00319218
0.00317923
0.00316367
0.00314547
0.00312463
0.00310115
0.00307505
0.00304637
0.00301514
0.00298143
0.00294532
0.00290691
0.00286631
0.00282364
0.00277905
0.0027327
0.00268475
0.00263539
0.00258482
0.00253322
0.00248082
0.00242782
0.00237445
0.00232095
0.00226754
0.00221447
0.00216198
0.00211033
0.00205978
0.00201059
0.00196305
0.00191744
0.00187403
0.00183313
0.00179503
0.00175999
0.00172831
0.00170022
0.00167597
0.00165574
0.00163968
0.0016279
0.00162045
0.00161731
0.00161842
0.00162366
0.00163284
0.00164576
0.00166214
0.00168172
0.00170418
0.00172921
0.00175651
0.00178577
0.00181669
0.00184899
0.00188241
0.00191672
0.00195167
0.00198709
0.00202278
0.00205858
0.00209435
0.00212996
0.00216529
0.00220025
0.00223473
0.00226866
0.00230197
0.0023346
0.00236649
0.0023976
0.00242787
0.00245727
0.00248578
0.00251335
0.00253998
0.00256563
0.00259028
0.00261392
0.00263654
0.00265811
0.00267861
0.00269803
0.00271636
0.00273356
0.00274961
0.00276449
0.00277817
0.0027906
0.00280177
0.00281162
0.00282013
0.00282723
0.0028329
0.00283708
0.00283973
0.00284079
0.00284023
0.002838
0.00283404
0.00282833
0.00282082
0.00281148
0.00280028
0.00278719
0.0027722
0.0027553
0.00273649
0.00271577
0.00269317
0.00266871
0.00264243
0.00261438
0.00258462
0.00255323
0.00252029
0.0024859
0.00245017
0.00241322
0.0023752
0.00233625
0.00229652
0.0022562
0.00221546
0.00217449
0.00213351
0.00209273
0.00205236
0.00201265
0.00197382
0.00193612
0.00189979
0.00186508
0.00183223
0.00180149
0.00177308
0.00174723
0.00172413
0.00170397
0.00168691
0.00167306
0.00166253
0.00165538
0.00165161
0.00165122
0.00165413
0.00166027
0.00166949
0.00168165
0.00169655
0.00171399
0.00173375
0.0017556
0.00177929
0.00180459
0.00183126
0.00185906
0.00188776
0.00191715
0.00194702
0.00197716
0.0020074
0.00203757
0.0020675
0.00209705
0.00212608
0.00215447
0.00218212
0.00220892
0.00223479
0.00225964
0.00228342
0.00230606
0.00232751
0.00234774
0.0023667
0.00238437
0.00240074
0.00241578
0.0024295
0.00244189
0.00245295
0.00246269
0.00247113
0.00247829
0.00248417
0.00248882
0.00249225
0.00249449
0.00249559
0.00249557
0.00249448
0.00249235
0.00248922
0.00248513
0.00248014
0.00247427
0.00246758
0.0024601
0.00245189
0.00244298
0.00243342
0.00242326
0.00241252
0.00240125
0.0023895
0.00237729
0.00236467
0.00235167
0.00233833
0.00232468
0.00231074
0.00229655
0.00228213
0.00226751
0.00225272
0.00223776
0.00222268
0.00220748
0.00219218
0.00217679
0.00216134
0.00214583
0.00213029
0.00211471
0.00209912
0.00208352
0.00206793
0.00205237
0.00203684
0.00202137
0.00200597
0.00199066
0.00197547
0.00196042
0.00194554
0.00193088
0.00191645
0.00190232
0.00188851
0.00187509
0.00186212
0.00184964
0.00183772
0.00182643
0.00181584
0.00180603
0.00179706
0.00178902
0.00178198
0.00177602
0.00177121
0.00176761
0.0017653
0.00176433
0.00176475
0.00176662
0.00176995
0.00177478
0.00178112
0.00178897
0.00179832
0.00180914
0.0018214
0.00183505
0.00185003
0.00186627
0.00188368
0.00190219
0.00192169
0.00194207
0.00196323
0.00198504
0.00200738
0.00203014
0.00205318
0.00207638
0.0020996
0.00212272
0.00214562
0.00216816
0.00219023
0.00221171
0.00223247
0.00225242
0.00227143
0.00228942
0.00230627
0.0023219
0.00233623
0.00234917
0.00236065
0.0023706
0.00237897
0.0023857
0.00239075
0.00239407
0.00239564
0.00239544
0.00239345
0.00238966
0.00238408
0.00237671
0.00236757
0.00235668
0.00234408
0.0023298
0.0023139
0.00229644
0.00227747
0.00225707
0.00223532
0.00221231
0.00218814
0.0021629
0.00213672
0.0021097
0.00208197
0.00205368
0.00202494
0.00199592
0.00196676
0.00193762
0.00190865
0.00188003
0.00185191
0.00182447
0.00179788
0.00177229
0.00174788
0.0017248
0.0017032
0.00168323
0.001665
0.00164865
0.00163427
0.00162194
0.00161172
0.00160366
0.00159778
0.00159407
0.00159252
0.00159308
0.00159568
0.00160025
0.00160668
0.00161488
0.0016247
0.00163604
0.00164874
0.00166267
0.00167768
0.00169364
0.0017104
0.00172783
0.0017458
0.00176418
0.00178286
0.00180172
0.00182065
0.00183957
0.00185838
0.001877
0.00189536
0.00191339
0.00193104
0.00194824
0.00196495
0.00198114
0.00199677
0.0020118
0.00202622
0.00204
0.00205312
0.00206557
0.00207735
0.00208843
0.00209882
0.00210851
0.0021175
0.00212579
0.00213337
0.00214025
0.00214643
0.0021519
0.00215667
0.00216074
0.00216411
0.00216677
0.00216872
0.00216997
0.00217052
0.00217034
0.00216945
0.00216784
0.00216551
0.00216244
0.00215863
0.00215407
0.00214877
0.00214271
0.00213588
0.00212828
0.0021199
0.00211074
0.0021008
0.00209007
0.00207856
0.00206625
0.00205316
0.00203929
0.00202465
0.00200925
0.0019931
0.00197621
0.00195861
0.00194032
0.00192137
0.0019018
0.00188163
0.00186091
0.00183969
0.00181801
0.00179595
0.00177357
0.00175093
0.00172811
0.00170521
0.0016823
0.0016595
0.0016369
0.00161462
0.00159278
0.00157151
0.00155093
0.00153119
0.00151242
0.00149477
0.00147838
0.00146339
0.00144996
0.0014382
0.00142826
0.00142025
0.00141428
0.00141043
0.00140879
0.00140941
0.00141231
0.00141751
0.00142501
0.00143476
0.00144672
0.0014608
0.00147692
0.00149497
0.00151482
0.00153633
0.00155937
0.00158378
0.00160941
0.00163608
0.00166365
0.00169195
0.00172082
0.00175009
0.00177963
0.00180926
0.00183886
0.00186826
0.00189735
0.00192598
0.00195403
0.00198137
0.0020079
0.00203351
0.00205808
0.00208153
0.00210376
0.00212468
0.00214422
0.00216229
0.00217883
0.00219378
0.00220708
0.00221867
0.0022285
0.00223655
0.00224277
0.00224712
0.0022496
0.00225016
0.00224882
0.00224554
0.00224034
0.00223321
0.00222417
0.00221321
0.00220037
0.00218567
0.00216913
0.0021508
0.0021307
0.00210889
0.00208541
0.00206033
0.00203369
0.00200558
0.00197606
0.00194521
0.00191312
0.00187987
0.00184557
0.00181031
0.00177421
0.00173738
0.00169995
0.00166206
0.00162384
0.00158544
0.00154703
0.00150878
0.00147087
0.00143348
0.00139683
0.00136112
0.00132659
0.00129345
0.00126196
0.00123237
0.00120491
0.00117985
0.00115741
0.00113783
0.00112132
0.00110805
0.00109818
0.0010918
0.00108898
0.00108974
0.00109402
0.00110176
0.00111281
0.00112703
0.0011442
0.00116411
0.00118653
0.00121121
0.00123791
0.00126639
0.00129639
0.00132771
0.00136011
0.00139339
0.00142736
0.00146184
0.00149665
0.00153165
0.00156668
0.00160161
0.00163631
0.00167067
0.00170459
0.00173795
0.00177066
0.00180265
0.00183382
0.00186411
0.00189344
0.00192174
0.00194896
0.00197503
0.0019999
0.00202353
0.00204585
0.00206683
0.00208643
0.0021046
0.00212131
0.00213652
0.00215021
0.00216234
0.00217288
0.00218182
0.00218912
0.00219478
0.00219876
0.00220105
0.00220165
0.00220053
0.0021977
0.00219313
0.00218683
0.0021788
0.00216903
0.00215754
0.00214431
0.00212936
0.00211271
0.00209436
0.00207433
0.00205263
0.0020293
0.00200435
0.00197781
0.00194972
0.0019201
0.001889
0.00185646
0.00182253
0.00178725
0.00175068
0.00171289
0.00167394
0.0016339
0.00159286
0.0015509
0.00150811
0.00146461
0.00142051
0.00137594
0.00133104
0.00128597
0.00124091
0.00119606
0.00115164
0.00110789
0.00106511
0.00102359
0.000983704
0.000945828
0.000910393
0.000877859
0.000848716
0.00082346
0.000802582
0.000786533
0.000775695
0.000770345
0.000770633
0.000776565
0.000787998
0.000804663
0.000826184
0.000852116
0.000881974
0.00091526
0.000951487
0.000990194
0.00103095
0.00107336
0.00111707
0.00116176
0.00120715
0.00125297
0.00129899
0.00134501
0.00139083
0.0014363
0.00148126
0.00152555
0.00156907
0.00161169
0.0016533
0.0016938
0.00173311
0.00177113
0.00180779
0.00184301
0.00187674
0.00190889
0.00193942
0.00196828
0.00199541
0.00202077
0.00204432
0.00206602
0.00208584
0.00210374
0.00211971
0.00213372
0.00214574
0.00215576
0.00216378
0.00216977
0.00217373
0.00217566
0.00217556
0.00217342
0.00216926
0.00216308
0.00215489
0.0021447
0.00213254
0.00211841
0.00210234
0.00208436
0.00206449
0.00204276
0.0020192
0.00199385
0.00196675
0.00193792
0.00190742
0.00187529
0.00184158
0.00180633
0.00176959
0.00173144
0.00169191
0.00165108
0.00160901
0.00156577
0.00152142
0.00147606
0.00142976
0.00138261
0.00133471
0.00128615
0.00123707
0.00118757
0.00113781
0.00108793
0.00103811
0.000988552
0.000939489
0.000891187
0.000843958
0.000798171
0.000754256
0.00071272
0.000674152
0.000639223
0.000608677
0.000583302
0.00056387
0.000551058
0.000545358
0.000546985
0.000555844
0.000571542
0.000593457
0.000620833
0.000652868
0.000688781
0.000727858
0.000769466
0.000813057
0.000858166
0.000904395
0.000951408
0.00099892
0.00104669
0.00109449
0.00114216
0.00118953
0.00123645
0.0012828
0.00132847
0.00137335
0.00141735
0.00146039
0.00150237
0.00154324
0.00158291
0.00162134
0.00165845
0.0016942
0.00172852
0.00176138
0.00179272
0.0018225
0.00185069
0.00187724
0.00190212
0.00192529
0.00194674
0.00196642
0.00198432
0.00200041
0.00201468
0.0020271
0.00203766
0.00204635
0.00205315
0.00205807
0.00206109
0.00206221
0.00206142
0.00205874
0.00205416
0.0020477
0.00203935
0.00202914
0.00201707
0.00200316
0.00198743
0.00196989
0.00195058
0.00192952
0.00190674
0.00188226
0.00185612
0.00182836
0.00179901
0.00176811
0.00173571
0.00170186
0.00166659
0.00162997
0.00159205
0.00155289
0.00151255
0.00147109
0.00142858
0.00138511
0.00134075
0.00129558
0.00124971
0.00120323
0.00115625
0.0011089
0.00106132
0.00101365
0.000966077
0.000918794
0.000872033
0.000826058
0.000781182
0.000737772
0.000696259
0.000657151
0.000621035
0.00058858
0.000560522
0.000537626
0.000520626
0.000510136
0.000506559
0.000510011
0.000520297
0.000536945
0.000559287
0.000586556
0.000617969
0.000652785
0.000690337
0.000730042
0.000771405
0.000814004
0.000857484
0.000901544
0.000945932
0.000990431
0.00103485
0.00107904
0.00112285
0.00116616
0.00120886
0.00125085
0.00129205
0.00133237
0.00137175
0.00141012
0.00144742
0.00148359
0.00151858
0.00155235
0.00158486
0.00161605
0.00164591
0.00167438
0.00170145
0.00172708
0.00175124
0.00177391
0.00179508
0.00181471
0.00183279
0.00184931
0.00186425
0.0018776
0.00188934
0.00189948
0.00190799
0.00191489
0.00192015
0.00192379
0.00192579
0.00192617
0.00192493
0.00192206
0.00191758
0.00191149
0.0019038
0.00189453
0.00188368
0.00187127
0.00185732
0.00184185
0.00182486
0.00180639
0.00178646
0.00176509
0.00174231
0.00171815
0.00169264
0.0016658
0.00163769
0.00160832
0.00157776
0.00154603
0.00151318
0.00147927
0.00144434
0.00140846
0.00137168
0.00133407
0.0012957
0.00125665
0.001217
0.00117685
0.0011363
0.00109545
0.00105444
0.00101341
0.000972512
0.000931926
0.000891855
0.000852529
0.000814212
0.000777202
0.000741842
0.000708517
0.000677656
0.000649728
0.000625232
0.000604675
0.00058854
0.000577253
0.000571132
0.000570355
0.000574933
0.000584707
0.000599372
0.00061851
0.000641636
0.000668234
0.000697796
0.000729837
0.000763913
0.000799624
0.000836617
0.000874577
0.00091323
0.000952337
0.000991685
0.00103109
0.00107038
0.00110942
0.00114807
0.00118621
0.00122374
0.00126056
0.00129659
0.00133175
0.00136595
0.00139914
0.00143126
0.00146224
0.00149203
0.00152059
0.00154788
0.00157384
0.00159846
0.00162168
0.00164349
0.00166386
0.00168276
0.00170018
0.00171608
0.00173047
0.00174332
0.00175463
0.00176439
0.00177259
0.00177923
0.00178432
0.00178785
0.00178984
0.00179028
0.00178918
0.00178657
0.00178245
0.00177685
0.00176977
0.00176124
0.00175128
0.00173992
0.00172719
0.00171311
0.00169771
0.00168103
0.00166311
0.00164397
0.00162367
0.00160223
0.00157972
0.00155616
0.0015316
0.00150611
0.00147973
0.00145251
0.00142452
0.00139581
0.00136645
0.00133651
0.00130605
0.00127516
0.0012439
0.00121238
0.00118067
0.00114887
0.00111708
0.00108542
0.001054
0.00102294
0.000992392
0.000962489
0.000933393
0.000905269
0.000878296
0.000852663
0.000828565
0.000806208
0.000785798
0.000767541
0.000751635
0.000738265
0.000727593
0.000719752
0.000714838
0.000712905
0.000713959
0.000717961
0.000724824
0.000734425
0.000746604
0.000761176
0.00077794
0.000796684
0.000817193
0.000839253
0.000862658
0.00088721
0.000912722
0.000939019
0.00096594
0.000993333
0.00102106
0.00104899
0.00107701
0.00110501
0.00113289
0.00116056
0.00118793
0.00121492
0.00124146
0.00126749
0.00129294
0.00131775
0.00134186
0.00136524
0.00138782
0.00140957
0.00143044
0.0014504
0.0014694
0.00148742
0.00150443
0.00152039
0.00153528
0.00154908
0.00156175
0.00157329
0.00158367
0.00159288
0.0016009
0.00160772
0.00161332
0.00161771
0.00162087
0.0016228
0.00162349
0.00162295
0.00162117
0.00161816
0.00161392
0.00160847
0.0016018
0.00159393
0.00158488
0.00157466
0.00156329
0.00155078
0.00153716
0.00152246
0.00150671
0.00148992
0.00147214
0.00145339
0.00143373
0.00141318
0.0013918
0.00136962
0.0013467
0.0013231
0.00129887
0.00127407
0.00124877
0.00122304
0.00119695
0.00117059
0.00114404
0.0011174
0.00109075
0.00106421
0.00103789
0.0010119
0.000986376
0.000961449
0.00093726
0.000913958
0.000891695
0.000870633
0.000850933
0.000832757
0.000816268
0.000801621
0.000788959
0.000778412
0.000770093
0.000764085
0.000760449
0.000759212
0.000760369
0.000763883
0.000769688
0.000777688
0.000787765
0.00079978
0.000813582
0.000829009
0.000845895
0.000864072
0.000883375
0.000903642
0.000924718
0.000946455
0.000968713
0.000991362
0.00101428
0.00103735
0.00106047
0.00108353
0.00110646
0.00112916
0.00115157
0.00117359
0.00119518
0.00121627
0.00123681
0.00125674
0.00127603
0.00129461
0.00131247
0.00132955
0.00134583
0.00136128
0.00137588
0.00138959
0.0014024
0.00141429
0.00142523
0.00143523
0.00144425
0.0014523
0.00145937
0.00146544
0.00147051
0.00147459
0.00147766
0.00147973
0.0014808
0.00148087
0.00147995
0.00147804
0.00147515
0.0014713
0.00146649
0.00146073
0.00145405
0.00144644
0.00143794
0.00142856
0.00141832
0.00140725
0.00139536
0.00138268
0.00136924
0.00135507
0.0013402
0.00132467
0.0013085
0.00129174
0.00127443
0.0012566
0.00123832
0.00121961
0.00120054
0.00118116
0.00116153
0.0011417
0.00112174
0.00110172
0.00108171
0.00106179
0.00104204
0.00102253
0.00100337
0.00098463
0.000966419
0.000948829
0.000931964
0.000915923
0.000900811
0.00088673
0.000873781
0.000862062
0.000851663
0.000842671
0.000835159
0.000829194
0.000824825
0.00082209
0.00082101
0.000821588
0.000823814
0.000827658
0.000833077
0.000840012
0.000848392
0.000858136
0.000869152
0.000881344
0.000894608
0.00090884
0.000923933
0.000939779
0.000956273
0.00097331
0.000990791
0.00100862
0.00102669
0.00104493
0.00106324
0.00108155
0.00109978
0.00111785
0.00113569
0.00115325
0.00117045
0.00118725
0.00120358
0.0012194
0.00123467
0.00124933
0.00126335
0.00127669
0.00128931
0.00130119
0.00131229
0.0013226
0.00133207
0.00134069
0.00134845
0.00135533
0.0013613
0.00136637
0.00137051
0.00137373
0.00137601
0.00137735
0.00137775
0.00137722
0.00137575
0.00137334
0.00137001
0.00136577
0.00136062
0.00135458
0.00134766
0.00133988
0.00133126
0.00132183
0.00131159
0.00130059
0.00128885
0.00127639
0.00126326
0.00124948
0.0012351
0.00122015
0.00120468
0.00118872
0.00117234
0.00115558
0.00113849
0.00112113
0.00110356
0.00108584
0.00106804
0.00105022
0.00103247
0.00101485
0.000997447
0.000980338
0.000963608
0.000947345
0.000931636
0.000916572
0.000902243
0.00088874
0.000876151
0.000864563
0.000854059
0.000844716
0.000836605
0.000829789
0.00082432
0.000820241
0.00081758
0.000816357
0.000816573
0.000818219
0.000821272
0.000825696
0.000831444
0.000838457
0.000846667
0.000856002
0.000866378
0.000877711
0.000889912
0.00090289
0.000916554
0.000930813
0.000945578
0.00096076
0.000976273
0.000992036
0.00100797
0.00102399
0.00104004
0.00105603
0.00107191
0.00108762
0.00110308
0.00111825
0.00113308
0.00114751
0.00116149
0.001175
0.00118797
0.00120038
0.00121218
0.00122335
0.00123386
0.00124367
0.00125275
0.0012611
0.00126867
0.00127546
0.00128144
0.0012866
0.00129093
0.0012944
0.00129702
0.00129877
0.00129965
0.00129965
0.00129878
0.00129702
0.00129438
0.00129086
0.00128647
0.00128122
0.00127511
0.00126815
0.00126036
0.00125175
0.00124235
0.00123215
0.0012212
0.00120951
0.0011971
0.00118402
0.00117028
0.00115592
0.00114098
0.00112549
0.0011095
0.00109306
0.00107621
0.001059
0.00104149
0.00102374
0.00100582
0.000987783
0.000969709
0.000951672
0.000933753
0.000916037
0.000898612
0.000881572
0.000865013
0.000849037
0.000833746
0.000819245
0.000805641
0.000793038
0.000781541
0.000771248
0.000762252
0.00075464
0.000748485
0.00074385
0.000740783
0.000739315
0.000739462
0.000741221
0.000744571
0.000749477
0.000755884
0.000763728
0.000772929
0.000783398
0.00079504
0.000807753
0.000821431
0.000835969
0.000851258
0.000867192
0.000883668
0.000900583
0.000917842
0.00093535
0.000953016
0.000970758
0.000988492
0.00100614
0.00102364
0.00104091
0.0010579
0.00107453
0.00109077
0.00110654
0.00112181
0.00113653
0.00115065
0.00116413
0.00117694
0.00118905
0.00120041
0.001211
0.0012208
0.00122977
0.0012379
0.00124517
0.00125155
0.00125704
0.00126161
0.00126526
0.00126798
0.00126975
0.00127058
0.00127045
0.00126937
0.00126734
0.00126435
0.00126041
0.00125552
0.0012497
0.00124294
0.00123527
0.00122669
0.00121721
0.00120686
0.00119565
0.0011836
0.00117074
0.00115708
0.00114265
0.00112749
0.00111162
0.00109508
0.0010779
0.00106012
0.00104178
0.00102294
0.00100363
0.000983912
0.000963838
0.00094347
0.00092287
0.00090211
0.000881264
0.000860411
0.000839639
0.000819041
0.000798715
0.000778768
0.000759314
0.000740473
0.000722373
0.000705147
0.000688933
0.000673874
0.000660112
0.000647789
0.00063704
0.000627993
0.000620761
0.00061544
0.000612104
0.0006108
0.000611551
0.000614346
0.000619151
0.000625902
0.000634512
0.000644875
0.000656871
0.000670365
0.000685219
0.000701289
0.000718434
0.000736511
0.000755385
0.000774925
0.000795006
0.000815509
0.000836325
0.000857348
0.000878481
0.000899632
0.000920716
0.000941655
0.000962372
0.0009828
0.00100287
0.00102253
0.00104171
0.00106037
0.00107845
0.00109591
0.00111271
0.00112879
0.00114414
0.0011587
0.00117244
0.00118535
0.00119737
0.0012085
0.0012187
0.00122795
0.00123623
0.00124352
0.0012498
0.00125507
0.00125929
0.00126247
0.00126459
0.00126565
0.00126563
0.00126454
0.00126236
0.0012591
0.00125477
0.00124935
0.00124285
0.00123528
0.00122665
0.00121696
0.00120623
0.00119447
0.00118169
0.00116791
0.00115315
0.00113742
0.00112076
0.00110317
0.0010847
0.00106537
0.00104521
0.00102426
0.00100254
0.000980113
0.000957007
0.000933271
0.000908957
0.000884118
0.000858816
0.000833115
0.000807086
0.000780806
0.000754364
0.000727854
0.000701382
0.000675066
0.00064904
0.000623451
0.000598466
0.000574272
0.000551076
0.00052911
0.000508627
0.000489899
0.000473214
0.000458864
0.000447133
0.000438277
0.000432508
0.000429969
0.000430726
0.000434753
0.000441942
0.00045211
0.000465017
0.000480389
0.000497934
0.00051736
0.000538384
0.000560743
0.000584195
0.00060852
0.000633521
0.000659022
0.000684867
0.000710917
0.000737047
0.000763145
0.000789113
0.000814859
0.000840304
0.000865373
0.000889999
0.00091412
0.000937682
0.000960631
0.00098292
0.0010045
0.00102534
0.0010454
0.00106464
0.00108303
0.00110054
0.00111714
0.00113281
0.00114752
0.00116125
0.00117398
0.00118569
0.00119636
0.00120599
0.00121456
0.00122205
0.00122845
0.00123376
0.00123797
0.00124107
0.00124307
0.00124394
0.0012437
0.00124235
0.00123987
0.00123629
0.00123159
0.00122579
0.0012189
0.00121091
0.00120184
0.00119169
0.00118049
0.00116824
0.00115496
0.00114066
0.00112536
0.00110908
0.00109183
0.00107365
0.00105454
0.00103454
0.00101366
0.000991945
0.000969413
0.000946098
0.000922031
0.000897247
0.000871784
0.00084568
0.000818979
0.000791727
0.000763974
0.000735773
0.000707185
0.000678275
0.000649118
0.000619795
0.000590402
0.000561047
0.000531855
0.000502974
0.000474578
0.000446877
0.00042012
0.00039461
0.000370706
0.000348837
0.000329493
0.000313218
0.000300573
0.000292073
0.000288114
0.00028889
0.000294354
0.000304227
0.000318056
0.000335296
0.000355383
0.000377787
0.000402037
0.000427727
0.000454518
0.000482127
0.000510317
0.000538893
0.00056769
0.000596569
0.000625409
0.000654108
0.000682576
0.000710733
0.000738508
0.000765838
0.000792666
0.000818937
0.000844605
0.000869625
0.000893955
0.000917557
0.000940396
0.000962438
0.000983652
0.00100401
0.00102348
0.00104204
0.00105967
0.00107634
0.00109203
0.00110673
0.00112041
0.00113306
0.00114466
0.00115521
0.00116468
0.00117308
0.00118038
0.00118658
0.00119168
0.00119566
0.00119853
0.00120028
0.00120091
0.00120042
0.00119881
0.00119609
0.00119225
0.0011873
0.00118125
0.00117411
0.00116588
0.00115658
0.00114621
0.00113479
0.00112234
0.00110885
0.00109437
0.00107889
0.00106244
0.00104504
0.00102671
0.00100748
0.000987354
0.000966375
0.000944562
0.000921945
0.000898553
0.000874416
0.000849567
0.00082404
0.000797871
0.000771099
0.000743765
0.000715914
0.000687591
0.00065885
0.000629745
0.000600339
0.000570702
0.000540911
0.000511058
0.000481247
0.000451604
0.000422279
0.000393456
0.000365365
0.000338295
0.000312611
0.000288778
0.000267373
0.000249095
0.000234728
0.000225058
0.000220718
0.000222012
0.000228816
0.000240616
0.000256663
0.000276142
0.000298299
0.000322491
0.000348197
0.000375007
0.000402595
0.000430707
0.000459141
0.000487732
0.000516346
0.000544874
0.000573221
0.000601307
0.000629062
0.000656426
0.000683342
0.000709764
0.000735645
0.000760946
0.000785629
0.000809659
0.000833005
0.000855635
0.000877523
0.000898643
0.000918968
0.000938477
0.000957149
0.000974962
0.000991899
0.00100794
0.00102307
0.00103728
0.00105054
0.00106286
0.00107421
0.00108458
0.00109397
0.00110237
0.00110977
0.00111617
0.00112155
0.00112592
0.00112927
0.00113161
0.00113292
0.00113321
0.00113249
0.00113075
0.001128
0.00112424
0.00111948
0.00111372
0.00110698
0.00109926
0.00109057
0.00108092
0.00107032
0.0010588
0.00104635
0.00103301
0.00101877
0.00100367
0.000987712
0.000970926
0.00095333
0.000934946
0.000915798
0.000895911
0.00087531
0.000854024
0.000832081
0.000809514
0.000786355
0.000762638
0.000738403
0.000713689
0.000688539
0.000663001
0.000637125
0.00061097
0.000584596
0.000558075
0.000531485
0.000504918
0.000478478
0.000452288
0.000426494
0.000401268
0.000376818
0.000353396
0.000331304
0.000310905
0.000292621
0.000276932
0.000264347
0.000255357
0.000250368
0.000249621
0.000253136
0.000260713
0.000271967
0.00028641
0.000303523
0.000322808
0.00034382
0.00036618
0.000389567
0.000413716
0.000438409
0.000463465
0.000488734
0.000514087
0.000539419
0.000564637
0.000589661
0.000614421
0.000638856
0.000662911
0.000686536
0.000709687
0.000732322
0.000754404
0.000775898
0.000796773
0.000816999
0.000836549
0.000855397
0.000873518
0.000890892
0.000907497
0.000923314
0.000938326
0.000952515
0.000965867
0.000978368
0.000990004
0.00100077
0.00101064
0.00101962
0.00102769
0.00103486
0.00104111
0.00104644
0.00105084
0.00105431
0.00105685
0.00105847
0.00105915
0.00105891
0.00105774
0.00105565
0.00105264
0.00104872
0.00104389
0.00103817
0.00103156
0.00102407
0.00101571
0.0010065
0.000996439
0.000985555
0.000973857
0.000961363
0.000948089
0.000934054
0.000919279
0.000903783
0.00088759
0.000870724
0.000853208
0.000835071
0.00081634
0.000797046
0.00077722
0.000756896
0.000736111
0.000714905
0.000693318
0.000671396
0.000649189
0.00062675
0.000604139
0.000581419
0.000558664
0.000535953
0.000513378
0.00049104
0.000469056
0.000447559
0.000426699
0.00040665
0.000387608
0.000369795
0.000353456
0.000338857
0.000326278
0.000315996
0.000308267
0.000303301
0.00030124
0.000302136
0.000305946
0.000312535
0.000321694
0.000333168
0.000346673
0.000361922
0.00037864
0.000396574
0.000415493
0.000435193
0.000455497
0.000476248
0.000497309
0.000518563
0.000539906
0.000561246
0.000582502
0.000603604
0.000624488
0.000645096
0.000665376
0.000685282
0.000704771
0.000723804
0.000742344
0.00076036
0.000777821
0.000794698
0.000810965
0.000826598
0.000841575
0.000855875
0.000869478
0.000882368
0.000894527
0.000905942
0.000916597
0.000926481
0.000935582
0.000943891
0.000951399
0.000958097
0.00096398
0.000969041
0.000973277
0.000976684
0.00097926
0.000981004
0.000981915
0.000981995
0.000981246
0.000979671
0.000977274
0.00097406
0.000970036
0.000965208
0.000959586
0.000953179
0.000945997
0.000938053
0.000929359
0.000919928
0.000909777
0.000898922
0.00088738
0.00087517
0.000862311
0.000848827
0.000834739
0.000820072
0.000804853
0.000789107
0.000772867
0.000756162
0.000739026
0.000721496
0.00070361
0.000685408
0.000666937
0.000648244
0.00062938
0.000610402
0.000591372
0.000572357
0.00055343
0.000534671
0.00051617
0.000498023
0.000480337
0.00046323
0.000446829
0.000431274
0.000416713
0.000403303
0.000391207
0.000380587
0.000371604
0.000364402
0.000359104
0.000355807
0.000354567
0.000355398
0.000358271
0.000363117
0.000369829
0.000378272
0.000388291
0.000399722
0.000412397
0.000426148
0.000440818
0.000456256
0.000472323
0.000488892
0.000505847
0.000523083
0.000540504
0.000558024
0.000575566
0.000593058
0.000610438
0.000627646
0.000644629
0.000661341
0.000677735
0.000693772
0.000709414
0.000724627
0.00073938
0.000753642
0.000767387
0.000780591
0.00079323
0.000805282
0.000816729
0.000827553
0.000837736
0.000847264
0.000856124
0.000864303
0.000871789
0.000878574
0.000884649
0.000890006
0.000894638
0.000898542
0.000901714
0.000904149
0.000905847
0.000906808
0.000907031
0.000906519
0.000905273
0.000903299
0.000900601
0.000897185
0.000893058
0.000888229
0.000882707
0.000876503
0.000869628
0.000862097
0.000853922
0.000845119
0.000835706
0.0008257
0.000815121
0.000803989
0.000792329
0.000780162
0.000767516
0.000754417
0.000740895
0.000726981
0.000712709
0.000698115
0.000683236
0.000668113
0.000652791
0.000637316
0.000621738
0.000606111
0.000590494
0.000574949
0.000559543
0.000544346
0.000529438
0.000514898
0.000500816
0.000487284
0.000474398
0.000462261
0.000450975
0.000440646
0.000431378
0.00042327
0.000416415
0.000410895
0.000406777
0.000404113
0.000402932
0.000403243
0.000405032
0.000408262
0.000412878
0.000418807
0.000425961
0.000434245
0.000443553
0.000453778
0.000464814
0.000476552
0.00048889
0.00050173
0.000514978
0.000528546
0.000542352
0.000556319
0.000570378
0.000584462
0.000598511
0.000612469
0.000626284
0.000639909
0.0006533
0.000666416
0.000679219
0.000691676
0.000703754
0.000715423
0.000726657
0.00073743
0.000747719
0.000757504
0.000766764
0.000775483
0.000783644
0.000791232
0.000798235
0.000804641
0.000810439
0.000815622
0.000820181
0.00082411
0.000827404
0.000830059
0.000832072
0.000833443
0.00083417
0.000834255
0.0008337
0.000832508
0.000830683
0.000828231
0.000825158
0.000821473
0.000817184
0.000812301
0.000806836
0.000800801
0.000794211
0.000787079
0.000779423
0.000771259
0.000762608
0.000753488
0.000743923
0.000733935
0.000723549
0.000712792
0.000701692
0.000690278
0.000678584
0.000666642
0.000654489
0.000642164
0.000629706
0.000617159
0.000604568
0.000591983
0.000579455
0.000567037
0.000554787
0.000542765
0.000531034
0.00051966
0.00050871
0.000498255
0.000488366
0.000479115
0.000470574
0.000462811
0.000455895
0.000449886
0.000444841
0.000440808
0.000437825
0.000435919
0.000435107
0.00043539
0.000436759
0.000439191
0.000442654
0.000447101
0.00045248
0.000458731
0.000465787
0.000473578
0.000482031
0.000491073
0.000500631
0.000510632
0.000521007
0.000531687
0.000542606
0.000553705
0.000564922
0.000576203
0.000587496
0.000598751
0.000609923
0.000620967
0.000631844
0.000642515
0.000652946
0.000663103
0.000672956
0.000682477
0.000691638
0.000700416
0.000708787
0.000716731
0.000724228
0.00073126
0.000737811
0.000743866
0.000749412
0.000754437
0.00075893
0.000762881
0.000766283
0.000769128
0.000771411
0.000773128
0.000774275
0.00077485
0.000774852
0.000774281
0.000773139
0.000771429
0.000769154
0.000766318
0.000762929
0.000758993
0.000754519
0.000749516
0.000743996
0.000737971
0.000731453
0.000724458
0.000717003
0.000709104
0.00070078
0.000692053
0.000682944
0.000673476
0.000663676
0.00065357
0.000643188
0.00063256
0.00062172
0.000610703
0.000599545
0.000588288
0.000576973
0.000565646
0.000554354
0.000543146
0.000532078
0.000521203
0.00051058
0.000500272
0.000490339
0.000480847
0.000471863
0.000463451
0.00045568
0.000448612
0.000442311
0.000436833
0.000432231
0.00042855
0.000425827
0.000424089
0.000423353
0.000423623
0.000424894
0.000427147
0.000430356
0.000434483
0.00043948
0.000445296
0.00045187
0.000459142
0.000467044
0.00047551
0.000484473
0.000493866
0.000503623
0.000513682
0.00052398
0.00053446
0.000545065
0.000555742
0.000566441
0.000577115
0.000587718
0.00059821
0.00060855
0.000618701
0.000628629
0.000638302
0.000647689
0.000656762
0.000665494
0.000673862
0.000681841
0.000689412
0.000696554
0.000703249
0.000709481
0.000715235
0.000720496
0.000725252
0.000729492
0.000733206
0.000736385
0.000739021
0.000741108
0.00074264
0.000743614
0.000744026
0.000743875
0.000743159
0.000741879
0.000740036
0.000737633
0.000734673
0.00073116
0.000727102
0.000722503
0.000717374
0.000711722
0.000705559
0.000698895
0.000691744
0.00068412
0.000676038
0.000667515
0.00065857
0.000649222
0.000639492
0.000629405
0.000618983
0.000608254
0.000597247
0.000585993
0.000574523
0.000562874
0.000551084
0.000539193
0.000527245
0.000515286
0.000503368
0.000491543
0.00047987
0.000468408
0.000457224
0.000446384
0.000435962
0.000426032
0.000416672
0.000407961
0.000399978
0.0003928
0.000386504
0.000381159
0.000376827
0.000373563
0.000371407
0.000370387
0.000370518
0.000371795
0.000374203
0.000377709
0.000382269
0.000387826
0.000394315
0.000401664
0.000409797
0.000418636
0.000428099
0.000438109
0.000448588
0.000459462
0.000470658
0.00048211
0.000493751
0.000505523
0.000517368
0.000529234
0.000541069
0.000552828
0.000564467
0.000575945
0.000587226
0.000598273
0.000609053
0.000619536
0.000629693
0.000639497
0.000648923
0.000657948
0.00066655
0.000674708
0.000682405
0.000689622
0.000696344
0.000702555
0.000708243
0.000713395
0.000718
0.000722047
0.000725528
0.000728435
0.000730761
0.0007325
0.000733647
0.000734199
0.000734153
0.000733507
0.00073226
0.000730413
0.000727967
0.000724924
0.000721287
0.000717061
0.00071225
0.000706861
0.000700902
0.00069438
0.000687304
0.000679687
0.000671538
0.000662871
0.000653699
0.000644039
0.000633905
0.000623317
0.000612293
0.000600855
0.000589024
0.000576825
0.000564284
0.00055143
0.000538292
0.000524904
0.000511302
0.000497524
0.000483613
0.000469615
0.00045558
0.000441564
0.000427627
0.000413835
0.000400262
0.000386987
0.000374098
0.00036169
0.000349867
0.000338739
0.000328423
0.000319041
0.000310717
0.000303572
0.000297719
0.00029326
0.000290276
0.000288825
0.000288935
0.000290602
0.000293794
0.000298448
0.000304478
0.00031178
0.000320237
0.000329728
0.00034013
0.000351319
0.000363181
0.000375605
0.000388489
0.000401739
0.000415269
0.000428999
0.000442857
0.000456778
0.000470703
0.000484576
0.000498347
0.000511972
0.000525408
0.000538617
0.000551563
0.000564212
0.000576536
0.000588505
0.000600094
0.000611278
0.000622034
0.000632342
0.000642181
0.000651534
0.000660384
0.000668715
0.000676513
0.000683764
0.000690456
0.000696578
0.00070212
0.000707072
0.000711427
0.000715176
0.000718313
0.000720834
0.000722733
0.000724007
0.000724652
0.000724667
0.000724052
0.000722804
0.000720926
0.000718417
0.000715282
0.000711523
0.000707143
0.000702147
0.000696542
0.000690333
0.000683528
0.000676135
0.000668163
0.000659623
0.000650523
0.000640878
0.000630698
0.000619999
0.000608794
0.000597099
0.000584932
0.00057231
0.000559252
0.00054578
0.000531915
0.000517682
0.000503106
0.000488215
0.000473039
0.000457611
0.000441967
0.000426145
0.000410191
0.000394152
0.000378082
0.000362044
0.000346106
0.000330348
0.000314862
0.000299752
0.000285141
0.000271167
0.000257991
0.000245794
0.000234777
0.000225157
0.000217155
0.000210986
0.000206836
0.000204841
0.000205068
0.000207506
0.000212066
0.000218595
0.000226897
0.000236751
0.000247935
0.000260234
0.00027345
0.000287407
0.00030195
0.000316943
0.00033227
0.000347828
0.00036353
0.000379299
0.000395068
0.000410778
0.000426376
0.000441815
0.000457054
0.000472054
0.00048678
0.000501202
0.000515289
0.000529016
0.000542358
0.000555291
0.000567795
0.000579849
0.000591435
0.000602536
0.000613136
0.000623219
0.000632772
0.000641782
0.000650237
0.000658125
0.000665436
0.000672162
0.000678293
0.000683822
0.000688741
0.000693045
0.000696729
0.000699787
0.000702216
0.000704013
0.000705176
0.000705702
0.000705592
0.000704845
0.000703462
0.000701445
0.000698794
0.000695513
0.000691607
0.000687078
0.000681931
0.000676174
0.000669811
0.00066285
0.000655299
0.000647167
0.000638462
0.000629194
0.000619375
0.000609015
0.000598127
0.000586723
0.000574819
0.000562427
0.000549563
0.000536245
0.000522488
0.000508311
0.000493735
0.000478779
0.000463465
0.000447817
0.00043186
0.000415622
0.000399133
0.000382424
0.000365533
0.0003485
0.00033137
0.000314196
0.000297038
0.000279969
0.000263072
0.000246451
0.000230231
0.000214568
0.000199655
0.00018573
0.000173086
0.000162069
0.00015307
0.000146493
0.00014269
0.000141893
0.000144147
0.000149299
0.000157038
0.000166973
0.000178697
0.000191837
0.000206072
0.000221138
0.000236821
0.000252948
0.00026938
0.000286004
0.000302727
0.000319473
0.000336176
0.000352782
0.000369242
0.000385515
0.000401563
0.000417354
0.000432856
0.000448043
0.00046289
0.000477373
0.000491471
0.000505164
0.000518433
0.000531261
0.000543631
0.000555528
0.000566937
0.000577845
0.00058824
0.000598108
0.00060744
0.000616224
0.000624452
0.000632113
0.000639201
0.000645708
0.000651627
0.000656951
0.000661676
0.000665797
0.000669309
0.00067221
0.000674496
0.000676166
0.000677219
0.000677653
0.000677469
0.000676667
0.000675248
0.000673215
0.00067057
0.000667316
0.000663458
0.000658999
0.000653945
0.000648302
0.000642076
0.000635274
0.000627904
0.000619975
0.000611495
0.000602474
0.000592922
0.00058285
0.000572271
0.000561196
0.000549638
0.00053761
0.000525129
0.000512207
0.000498863
0.000485111
0.000470971
0.000456461
0.000441601
0.000426412
0.000410917
0.00039514
0.000379107
0.000362847
0.000346391
0.000329775
0.000313037
0.000296222
0.000279383
0.000262579
0.000245883
0.000229385
0.000213194
0.000197448
0.000182323
0.000168044
0.000154896
0.000143241
0.000133507
0.000126171
0.000121686
0.000120377
0.000122339
0.000127405
0.000135198
0.000145245
0.000157071
0.000170259
0.000184466
0.00019942
0.000214909
0.000230769
0.000246868
0.000263104
0.000279393
0.000295665
0.000311865
0.000327943
0.000343856
0.000359569
0.000375049
0.000390267
0.000405196
0.000419812
0.000434093
0.000448019
0.00046157
0.000474729
0.000487479
0.000499804
0.000511691
0.000523125
0.000534092
0.000544583
0.000554583
0.000564084
0.000573075
0.000581547
0.000589491
0.0005969
0.000603766
0.000610082
0.000615842
0.000621042
0.000625676
0.000629741
0.000633232
0.000636147
0.000638484
0.000640241
0.000641418
0.000642012
0.000642026
0.00064146
0.000640315
0.000638593
0.000636297
0.00063343
0.000629997
0.000626001
0.000621448
0.000616343
0.000610693
0.000604505
0.000597786
0.000590545
0.00058279
0.000574531
0.000565778
0.000556541
0.000546832
0.000536664
0.000526048
0.000514998
0.000503529
0.000491656
0.000479394
0.00046676
0.000453773
0.000440451
0.000426815
0.000412885
0.000398686
0.000384242
0.00036958
0.00035473
0.000339725
0.000324601
0.000309398
0.000294165
0.000278953
0.000263825
0.000248854
0.000234128
0.000219751
0.000205851
0.000192582
0.000180133
0.000168728
0.000158634
0.000150146
0.000143576
0.000139211
0.000137269
0.000137849
0.000140908
0.000146271
0.000153668
0.000162789
0.000173321
0.000184981
0.000197522
0.000210738
0.000224459
0.000238544
0.000252879
0.000267371
0.000281939
0.000296518
0.000311052
0.000325492
0.000339796
0.000353928
0.000367853
0.000381544
0.000394972
0.000408115
0.000420949
0.000433455
0.000445613
0.000457407
0.000468819
0.000479834
0.000490439
0.00050062
0.000510364
0.000519661
0.0005285
0.00053687
0.000544762
0.000552169
0.000559082
0.000565493
0.000571397
0.000576788
0.00058166
0.00058601
0.000589832
0.000593125
0.000595885
0.00059811
0.000599799
0.000600951
0.000601567
0.000601645
0.000601189
0.000600199
0.000598678
0.000596628
0.000594054
0.000590959
0.000587349
0.000583228
0.000578603
0.000573481
0.000567869
0.000561775
0.000555208
0.000548176
0.000540691
0.000532762
0.000524401
0.000515621
0.000506434
0.000496854
0.000486896
0.000476575
0.000465907
0.000454911
0.000443606
0.00043201
0.000420145
0.000408035
0.000395704
0.000383179
0.000370488
0.000357664
0.000344741
0.000331757
0.000318755
0.000305784
0.000292895
0.00028015
0.000267617
0.000255374
0.000243512
0.00023213
0.000221346
0.000211287
0.000202098
0.000193932
0.000186949
0.000181306
0.000177144
0.000174579
0.000173682
0.000174474
0.000176921
0.000180938
0.0001864
0.000193159
0.000201051
0.000209913
0.00021959
0.000229937
0.000240826
0.000252143
0.000263786
0.000275668
0.000287713
0.000299853
0.00031203
0.000324192
0.000336293
0.000348294
0.000360157
0.000371851
0.000383345
0.000394614
0.000405633
0.000416379
0.000426832
0.000436974
0.000446788
0.000456256
0.000465364
0.0004741
0.000482449
0.000490401
0.000497944
0.000505069
0.000511767
0.000518029
0.000523847
0.000529216
0.000534129
0.00053858
0.000542565
0.000546081
0.000549123
0.000551689
0.000553777
0.000555385
0.000556514
0.000557163
0.000557332
0.000557023
0.000556237
0.000554978
0.000553248
0.000551051
0.000548392
0.000545275
0.000541707
0.000537694
0.000533243
0.000528361
0.000523058
0.000517342
0.000511224
0.000504714
0.000497824
0.000490565
0.000482952
0.000474998
0.000466718
0.000458128
0.000449245
0.000440087
0.000430674
0.000421026
0.000411166
0.000401116
0.000390904
0.000380556
0.000370102
0.000359574
0.000349006
0.000338437
0.000327908
0.000317462
0.000307149
0.000297023
0.000287141
0.000277567
0.000268368
0.000259619
0.000251397
0.000243785
0.000236867
0.000230728
0.000225451
0.000221113
0.00021778
0.000215506
0.000214327
0.000214259
0.000215296
0.000217411
0.000220558
0.000224675
0.000229687
0.000235513
0.000242065
0.000249256
0.000256999
0.000265212
0.000273815
0.000282738
0.000291912
0.000301276
0.000310773
0.000320353
0.000329969
0.000339577
0.000349141
0.000358624
0.000367994
0.000377222
0.000386281
0.000395147
0.000403797
0.00041221
0.000420367
0.00042825
0.000435844
0.000443133
0.000450103
0.000456743
0.00046304
0.000468985
0.000474566
0.000479777
0.000484609
0.000489054
0.000493107
0.000496763
0.000500016
0.000502863
0.0005053
0.000507326
0.000508938
0.000510135
0.000510917
0.000511283
0.000511236
0.000510777
0.000509907
0.000508631
0.00050695
0.000504871
0.000502398
0.000499536
0.000496292
0.000492673
0.000488687
0.000484342
0.000479648
0.000474615
0.000469253
0.000463575
0.000457592
0.000451318
0.000444768
0.000437956
0.0004309
0.000423615
0.000416121
0.000408438
0.000400586
0.000392588
0.000384467
0.000376249
0.000367962
0.000359633
0.000351294
0.000342977
0.000334718
0.000326554
0.000318524
0.00031067
0.000303036
0.000295669
0.000288617
0.00028193
0.000275659
0.000269856
0.000264571
0.000259855
0.000255753
0.000252309
0.000249558
0.000247531
0.000246249
0.000245723
0.000245956
0.000246938
0.000248653
0.000251073
0.000254163
0.000257882
0.000262184
0.000267019
0.000272334
0.000278078
0.000284196
0.000290637
0.000297352
0.000304292
0.00031141
0.000318665
0.000326015
0.000333421
0.00034085
0.000348266
0.00035564
0.000362942
0.000370147
0.000377228
0.000384164
0.000390934
0.000397516
0.000403894
0.00041005
0.000415968
0.000421635
0.000427036
0.000432161
0.000436997
0.000441534
0.000445764
0.000449677
0.000453267
0.000456526
0.000459449
0.000462031
0.000464266
0.000466153
0.000467687
0.000468867
0.000469691
0.000470159
0.000470271
0.000470027
0.000469428
0.000468477
0.000467177
0.00046553
0.000463541
0.000461215
0.000458558
0.000455575
0.000452273
0.000448661
0.000444747
0.000440539
0.000436048
0.000431286
0.000426262
0.000420991
0.000415484
0.000409758
0.000403827
0.000397707
0.000391417
0.000384973
0.000378398
0.00037171
0.000364934
0.000358091
0.000351208
0.000344312
0.000337429
0.00033059
0.000323827
0.000317172
0.000310659
0.000304325
0.000298207
0.000292342
0.00028677
0.000281531
0.000276664
0.000272207
0.000268197
0.000264671
0.000261659
0.000259191
0.000257288
0.00025597
0.000255248
0.000255127
0.000255606
0.000256677
0.000258324
0.000260527
0.00026326
0.000266492
0.000270191
0.000274318
0.000278836
0.000283704
0.000288882
0.000294331
0.000300011
0.000305884
0.000311913
0.000318062
0.000324297
0.000330587
0.0003369
0.000343208
0.000349484
0.000355702
0.000361839
0.000367871
0.000373778
0.00037954
0.000385139
0.000390558
0.000395781
0.000400793
0.000405581
0.00041013
0.000414431
0.000418472
0.000422243
0.000425735
0.000428939
0.000431849
0.000434458
0.000436759
0.000438747
0.000440419
0.00044177
0.000442798
0.000443499
0.000443873
0.000443918
0.000443634
0.000443021
0.000442081
0.000440815
0.000439225
0.000437315
0.000435087
0.000432548
0.000429701
0.000426552
0.000423108
0.000419376
0.000415365
0.000411082
0.000406537
0.000401742
0.000396706
0.000391442
0.000385963
0.000380283
0.000374417
0.000368382
0.000362193
0.00035587
0.000349432
0.0003429
0.000336297
0.000329646
0.000322973
0.000316305
0.00030967
0.000303098
0.000296623
0.000290277
0.000284097
0.000278119
0.000272382
0.000266926
0.00026179
0.000257016
0.000252644
0.000248712
0.000245258
0.000242317
0.000239917
0.000238086
0.000236843
0.000236202
0.000236169
0.000236744
0.000237918
0.000239677
0.000242
0.000244861
0.000248228
0.000252066
0.000256336
0.000261001
0.000266018
0.000271347
0.000276948
0.000282781
0.000288806
0.000294988
0.00030129
0.000307678
0.000314122
0.000320589
0.000327053
0.000333486
0.000339862
0.000346159
0.000352354
0.000358427
0.000364358
0.000370129
0.000375722
0.000381123
0.000386317
0.000391289
0.000396027
0.000400519
0.000404754
0.000408721
0.000412412
0.000415818
0.000418931
0.000421743
0.000424249
0.000426442
0.000428318
0.000429871
0.000431099
0.000431997
0.000432564
0.000432798
0.000432696
0.00043226
0.000431487
0.000430379
0.000428937
0.000427163
0.000425059
0.000422627
0.000419872
0.000416798
0.000413408
0.00040971
0.000405708
0.00040141
0.000396823
0.000391955
0.000386815
0.000381413
0.00037576
0.000369866
0.000363744
0.000357408
0.000350871
0.000344148
0.000337257
0.000330215
0.000323042
0.000315757
0.000308383
0.000300944
0.000293467
0.000285978
0.000278509
0.000271091
0.000263761
0.000256556
0.000249518
0.000242689
0.000236117
0.000229851
0.000223943
0.000218446
0.000213414
0.000208903
0.000204965
0.00020165
0.000199001
0.000197057
0.000195846
0.000195387
0.000195686
0.000196738
0.000198527
0.000201026
0.000204199
0.000208001
0.000212384
0.000217295
0.000222681
0.000228485
0.000234655
0.000241138
0.000247883
0.000254845
0.000261977
0.000269239
0.000276592
0.000284
0.000291429
0.00029885
0.000306232
0.00031355
0.00032078
0.000327897
0.000334883
0.000341715
0.000348378
0.000354852
0.000361124
0.000367177
0.000372998
0.000378575
0.000383895
0.000388948
0.000393722
0.00039821
0.000402401
0.000406288
0.000409863
0.00041312
0.000416052
0.000418653
0.00042092
0.000422846
0.000424429
0.000425665
0.000426552
0.000427087
0.000427268
0.000427094
0.000426566
0.000425681
0.000424442
0.000422849
0.000420904
0.000418608
0.000415963
0.000412974
0.000409643
0.000405975
0.000401974
0.000397646
0.000392996
0.00038803
0.000382756
0.000377181
0.000371313
0.000365161
0.000358734
0.000352043
0.000345099
0.000337914
0.0003305
0.00032287
0.000315041
0.000307028
0.000298848
0.00029052
0.000282064
0.000273503
0.000264861
0.000256164
0.000247443
0.00023873
0.000230062
0.000221479
0.000213025
0.000204753
0.000196719
0.000188985
0.000181621
0.000174705
0.000168319
0.000162552
0.000157495
0.000153237
0.000149864
0.000147448
0.000146048
0.000145695
0.0001464
0.000148142
0.000150879
0.000154548
0.000159068
0.000164352
0.00017031
0.000176849
0.000183884
0.000191333
0.000199122
0.000207183
0.000215456
0.000223885
0.000232423
0.000241026
0.000249654
0.000258273
0.000266851
0.000275359
0.000283772
0.000292066
0.00030022
0.000308213
0.000316027
0.000323645
0.000331053
0.000338234
0.000345176
0.000351867
0.000358294
0.000364447
0.000370315
0.00037589
0.000381161
0.000386122
0.000390765
0.000395082
0.000399067
0.000402715
0.00040602
0.000408976
0.000411581
0.000413829
0.000415719
0.000417245
0.000418407
0.000419203
0.00041963
0.000419688
0.000419377
0.000418695
0.000417644
0.000416224
0.000414437
0.000412283
0.000409766
0.000406888
0.000403652
0.00040006
0.000396118
0.000391829
0.000387198
0.000382231
0.000376933
0.00037131
0.000365369
0.000359117
0.000352561
0.00034571
0.000338573
0.000331158
0.000323475
0.000315536
0.00030735
0.00029893
0.000290289
0.00028144
0.000272397
0.000263178
0.000253798
0.000244278
0.000234637
0.000224898
0.000215088
0.000205234
0.000195371
0.000185536
0.000175774
0.000166137
0.000156687
0.000147498
0.000138659
0.000130276
0.000122477
0.000115411
0.000109248
0.000104172
0.000100365
9.79884e-05
9.71547e-05
9.79039e-05
0.000100195
0.000103916
0.000108905
0.000114977
0.000121947
0.000129644
0.000137918
0.000146642
0.000155707
0.000165024
0.00017452
0.000184131
0.000193805
0.000203498
0.000213172
0.000222795
0.000232336
0.00024177
0.000251075
0.000260231
0.000269218
0.000278019
0.00028662
0.000295005
0.000303161
0.000311076
0.000318739
0.000326137
0.000333262
0.000340103
0.000346653
0.000352901
0.000358841
0.000364465
0.000369767
0.000374739
0.000379377
0.000383674
0.000387626
0.000391228
0.000394476
0.000397366
0.000399895
0.00040206
0.000403859
0.00040529
0.00040635
0.000407039
0.000407356
0.0004073
0.000406872
0.000406071
0.0004049
0.000403357
0.000401446
0.000399169
0.000396527
0.000393523
0.000390161
0.000386443
0.000382374
0.000377958
0.0003732
0.000368105
0.000362677
0.000356923
0.000350849
0.000344462
0.000337768
0.000330775
0.000323489
0.000315921
0.000308077
0.000299967
0.0002916
0.000282986
0.000274136
0.00026506
0.000255771
0.000246279
0.000236599
0.000226743
0.000216728
0.00020657
0.000196286
0.000185897
0.000175426
0.000164897
0.000154343
0.000143799
0.000133311
0.000122934
0.000112743
0.000102831
9.33299e-05
8.44146e-05
7.63261e-05
6.93845e-05
6.39888e-05
6.05701e-05
5.94777e-05
6.08352e-05
6.44775e-05
7.00315e-05
7.7062e-05
8.51769e-05
9.40656e-05
0.000103497
0.0001133
0.000123352
0.000133559
0.000143853
0.000154178
0.000164491
0.000174757
0.000184946
0.000195033
0.000204997
0.000214818
0.000224479
0.000233965
0.00024326
0.000252352
0.000261229
0.00026988
0.000278292
0.000286457
0.000294365
0.000302006
0.000309372
0.000316456
0.000323249
0.000329744
0.000335934
0.000341813
0.000347375
0.000352615
0.000357526
0.000362105
0.000366346
0.000370246
0.000373801
0.000377007
0.000379862
0.000382363
0.000384507
0.000386293
0.000387719
0.000388784
0.000389487
0.000389829
0.000389808
0.000389425
0.000388681
0.000387577
0.000386115
0.000384295
0.000382121
0.000379595
0.00037672
0.000373498
0.000369934
0.000366031
0.000361795
0.000357228
0.000352337
0.000347127
0.000341603
0.000335772
0.000329639
0.000323213
0.000316498
0.000309505
0.000302239
0.000294709
0.000286924
0.000278893
0.000270625
0.00026213
0.000253419
0.000244502
0.000235391
0.000226098
0.000216636
0.000207019
0.000197263
0.000187383
0.000177398
0.000167328
0.000157198
0.000147033
0.000136868
0.000126741
0.000116703
0.000106818
9.71723e-05
8.78822e-05
7.91085e-05
7.10758e-05
6.4092e-05
5.85565e-05
5.49241e-05
5.35892e-05
5.47165e-05
5.8151e-05
6.35007e-05
7.03056e-05
7.81586e-05
8.67448e-05
9.58346e-05
0.000105264
0.000114913
0.000124696
0.000134547
0.000144417
0.000154264
0.000164057
0.000173768
0.000183375
0.000192857
0.000202198
0.000211381
0.000220392
0.000229218
0.000237846
0.000246266
0.000254467
0.000262439
0.000270173
0.000277659
0.000284891
0.000291859
0.000298557
0.000304977
0.000311112
0.000316958
0.000322507
0.000327755
0.000332695
0.000337325
0.000341639
0.000345632
0.000349303
0.000352647
0.000355661
0.000358343
0.000360691
0.000362703
0.000364377
0.000365713
0.000366709
0.000367365
0.000367681
0.000367658
0.000367295
0.000366595
0.000365559
0.000364187
0.000362483
0.000360449
0.000358088
0.000355403
0.000352397
0.000349074
0.000345439
0.000341497
0.000337251
0.000332709
0.000327874
0.000322754
0.000317356
0.000311685
0.000305749
0.000299556
0.000293115
0.000286433
0.00027952
0.000272385
0.000265039
0.000257492
0.000249756
0.000241843
0.000233766
0.000225539
0.000217178
0.000208698
0.000200119
0.000191459
0.000182742
0.000173992
0.000165238
0.000156514
0.000147859
0.000139317
0.000130945
0.000122808
0.000114987
0.000107579
0.000100701
9.44939e-05
8.91177e-05
8.47467e-05
8.15542e-05
7.96879e-05
7.92421e-05
8.02353e-05
8.26054e-05
8.62242e-05
9.09237e-05
9.65243e-05
0.000102854
0.00010976
0.000117113
0.000124803
0.000132741
0.000140854
0.000149082
0.000157375
0.000165692
0.000173996
0.000182257
0.00019045
0.000198552
0.000206542
0.000214402
0.000222117
0.000229672
0.000237053
0.000244248
0.000251246
0.000258037
0.00026461
0.000270957
0.000277071
0.000282941
0.000288563
0.000293928
0.000299031
0.000303866
0.000308428
0.000312711
0.000316711
0.000320425
0.000323848
0.000326977
0.000329809
0.000332342
0.000334574
0.000336502
0.000338126
0.000339444
0.000340456
0.000341161
0.00034156
0.000341653
0.000341441
0.000340925
0.000340106
0.000338987
0.000337569
0.000335857
0.000333851
0.000331557
0.000328978
0.000326117
0.00032298
0.000319572
0.000315897
0.000311962
0.000307774
0.000303337
0.00029866
0.000293751
0.000288616
0.000283266
0.000277708
0.000271953
0.000266011
0.000259892
0.000253609
0.000247174
0.0002406
0.000233902
0.000227095
0.000220196
0.000213223
0.000206197
0.000199138
0.000192071
0.000185022
0.000178021
0.000171099
0.000164293
0.000157645
0.000151199
0.000145005
0.000139121
0.000133607
0.000128531
0.000123962
0.000119972
0.000116634
0.000114013
0.000112165
0.00011113
0.000110931
0.000111567
0.000113016
0.000115238
0.000118176
0.000121763
0.000125925
0.000130587
0.000135677
0.000141126
0.000146871
0.000152853
0.000159021
0.000165328
0.000171733
0.0001782
0.000184696
0.000191191
0.000197659
0.000204078
0.000210427
0.000216685
0.000222838
0.000228867
0.00023476
0.000240504
0.000246086
0.000251496
0.000256723
0.000261759
0.000266595
0.000271222
0.000275634
0.000279824
0.000283787
0.000287515
0.000291006
0.000294253
0.000297253
0.000300003
0.000302498
0.000304738
0.000306718
0.000308437
0.000309894
0.000311087
0.000312016
0.000312681
0.000313082
0.000313218
0.000313091
0.000312703
0.000312054
0.000311147
0.000309985
0.000308569
0.000306903
0.000304991
0.000302837
0.000300445
0.00029782
0.000294967
0.000291892
0.0002886
0.0002851
0.000281396
0.000277498
0.000273413
0.000269149
0.000264716
0.000260124
0.000255382
0.000250503
0.000245498
0.000240378
0.000235159
0.000229854
0.000224478
0.000219049
0.000213583
0.0002081
0.000202619
0.000197163
0.000191756
0.000186422
0.000181188
0.000176084
0.000171139
0.000166388
0.000161864
0.000157603
0.000153642
0.000150018
0.000146769
0.000143929
0.000141531
0.000139605
0.000138175
0.000137258
0.000136865
0.000136997
0.00013765
0.000138809
0.000140454
0.000142557
0.000145088
0.00014801
0.000151287
0.00015488
0.000158751
0.000162862
0.000167177
0.000171661
0.000176281
0.000181007
0.000185811
0.000190666
0.000195547
0.000200433
0.000205301
0.000210134
0.000214913
0.000219622
0.000224246
0.000228772
0.000233186
0.000237477
0.000241634
0.000245647
0.000249507
0.000253205
0.000256733
0.000260085
0.000263254
0.000266233
0.000269018
0.000271604
0.000273986
0.00027616
0.000278124
0.000279873
0.000281406
0.000282721
0.000283816
0.000284689
0.000285341
0.00028577
0.000285976
0.000285961
0.000285725
0.000285269
0.000284595
0.000283705
0.000282601
0.000281286
0.000279764
0.000278038
0.000276112
0.00027399
0.000271679
0.000269182
0.000266507
0.000263658
0.000260644
0.000257471
0.000254147
0.00025068
0.00024708
0.000243355
0.000239516
0.000235574
0.000231539
0.000227425
0.000223244
0.000219009
0.000214735
0.000210438
0.000206134
0.000201839
0.000197573
0.000193355
0.000189204
0.000185142
0.000181191
0.000177375
0.000173716
0.000170239
0.000166969
0.000163931
0.000161147
0.000158643
0.000156439
0.000154556
0.000153012
0.000151821
0.000150993
0.000150537
0.000150455
0.000150745
0.000151403
0.000152418
0.000153776
0.000155461
0.000157454
0.000159731
0.000162271
0.000165048
0.000168038
0.000171215
0.000174554
0.000178031
0.000181623
0.000185307
0.000189061
0.000192863
0.000196696
0.00020054
0.000204377
0.000208193
0.000211971
0.000215696
0.000219357
0.00022294
0.000226434
0.000229827
0.00023311
0.000236274
0.00023931
0.000242209
0.000244965
0.00024757
0.000250019
0.000252306
0.000254425
0.000256372
0.000258142
0.000259732
0.000261139
0.000262359
0.000263391
0.000264232
0.00026488
0.000265335
0.000265596
0.000265663
0.000265535
0.000265212
0.000264697
0.00026399
0.000263092
0.000262006
0.000260735
0.00025928
0.000257645
0.000255835
0.000253853
0.000251703
0.000249391
0.000246921
0.000244301
0.000241536
0.000238633
0.0002356
0.000232444
0.000229173
0.000225798
0.000222328
0.000218772
0.000215143
0.00021145
0.000207708
0.000203929
0.000200128
0.000196318
0.000192516
0.000188738
0.000185001
0.000181325
0.000177727
0.000174228
0.000170849
0.00016761
0.000164534
0.000161641
0.000158955
0.000156496
0.000154284
0.00015234
0.00015068
0.000149321
0.000148276
0.000147554
0.000147163
0.000147105
0.000147381
0.000147986
0.000148913
0.000150151
0.000151685
0.000153501
0.00015558
0.000157901
0.000160444
0.000163187
0.000166108
0.000169185
0.000172396
0.000175719
0.000179136
0.000182624
0.000186166
0.000189743
0.000193338
0.000196935
0.000200518
0.000204072
0.000207584
0.000211041
0.000214432
0.000217744
0.000220967
0.000224091
0.000227107
0.000230006
0.00023278
0.000235422
0.000237925
0.000240282
0.000242487
0.000244535
0.000246421
0.000248141
0.000249689
0.000251064
0.00025226
0.000253276
0.000254108
0.000254756
0.000255216
0.000255489
0.000255572
0.000255465
0.000255169
0.000254683
0.000254007
0.000253143
0.000252092
0.000250856
0.000249436
0.000247835
0.000246056
0.000244101
0.000241976
0.000239682
0.000237226
0.000234611
0.000231844
0.000228929
0.000225873
0.000222682
0.000219365
0.000215929
0.000212381
0.000208732
0.000204991
0.000201168
0.000197274
0.000193322
0.000189324
0.000185294
0.000181247
0.000177198
0.000173164
0.000169163
0.000165215
0.00016134
0.000157559
0.000153895
0.000150372
0.000147015
0.000143849
0.000140902
0.000138197
0.000135763
0.000133622
0.000131799
0.000130314
0.000129184
0.000128424
0.000128043
0.000128045
0.000128431
0.000129195
0.000130327
0.000131814
0.000133636
0.000135774
0.000138203
0.000140899
0.000143835
0.000146987
0.000150326
0.000153829
0.000157469
0.000161223
0.000165068
0.000168982
0.000172946
0.000176939
0.000180945
0.000184945
0.000188924
0.000192868
0.000196763
0.000200595
0.000204353
0.000208026
0.000211603
0.000215074
0.000218431
0.000221664
0.000224765
0.000227728
0.000230545
0.000233211
0.000235718
0.000238061
0.000240236
0.000242238
0.000244063
0.000245705
0.000247163
0.000248433
0.000249512
0.000250398
0.000251089
0.000251582
0.000251877
0.000251972
0.000251867
0.000251561
0.000251055
0.000250347
0.00024944
0.000248334
0.000247029
0.000245528
0.000243832
0.000241944
0.000239866
0.000237601
0.000235152
0.000232523
0.000229718
0.000226741
0.000223597
0.000220291
0.000216828
0.000213215
0.000209458
0.000205564
0.000201541
0.000197397
0.00019314
0.000188781
0.000184329
0.000179796
0.000175193
0.000170534
0.000165832
0.000161104
0.000156366
0.000151637
0.000146936
0.000142287
0.000137712
0.00013324
0.000128898
0.000124718
0.000120735
0.000116985
0.000113506
0.000110338
0.000107522
0.000105097
0.000103101
0.000101567
0.000100522
9.99861e-05
9.99687e-05
0.000100471
0.000101482
0.000102983
0.000104949
0.000107344
0.000110133
0.000113275
0.000116731
0.000120459
0.000124422
0.000128582
0.000132906
0.000137361
0.000141918
0.000146551
0.000151235
0.000155948
0.000160668
0.000165379
0.000170061
0.0001747
0.000179281
0.000183792
0.000188219
0.000192551
0.000196778
0.00020089
0.000204878
0.000208734
0.00021245
0.000216017
0.000219431
0.000222683
0.000225769
0.000228683
0.00023142
0.000233974
0.000236342
0.00023852
0.000240504
0.00024229
0.000243876
0.000245259
0.000246437
0.000247407
0.000248167
0.000248717
0.000249055
0.00024918
0.000249091
0.000248789
0.000248272
0.000247542
0.000246599
0.000245443
0.000244076
0.000242498
0.000240713
0.00023872
0.000236523
0.000234125
0.000231527
0.000228733
0.000225747
0.000222571
0.00021921
0.000215668
0.00021195
0.000208061
0.000204005
0.00019979
0.00019542
0.000190902
0.000186244
0.000181452
0.000176535
0.000171502
0.000166362
0.000161125
0.000155802
0.000150406
0.00014495
0.000139449
0.00013392
0.00012838
0.000122852
0.000117359
0.000111929
0.000106594
0.00010139
9.63591e-05
9.15515e-05
8.70231e-05
8.28382e-05
7.90681e-05
7.57896e-05
7.30819e-05
7.10205e-05
6.96705e-05
6.90783e-05
6.92648e-05
7.02227e-05
7.19169e-05
7.42902e-05
7.72708e-05
8.07802e-05
8.47396e-05
8.90744e-05
9.37164e-05
9.86053e-05
0.000103688
0.000108919
0.000114259
0.000119674
0.000125133
0.000130612
0.000136088
0.00014154
0.000146952
0.000152307
0.000157592
0.000162794
0.000167901
0.000172902
0.000177787
0.000182548
0.000187176
0.000191663
0.000196002
0.000200186
0.000204209
0.000208064
0.000211747
0.000215253
0.000218575
0.00022171
0.000224654
0.000227402
0.000229952
0.000232299
0.000234441
0.000236374
0.000238098
0.000239608
0.000240904
0.000241983
0.000242844
0.000243487
0.000243909
0.00024411
0.000244091
0.00024385
0.000243388
0.000242705
0.000241801
0.000240678
0.000239337
0.000237778
0.000236003
0.000234015
0.000231814
0.000229404
0.000226786
0.000223964
0.00022094
0.000217718
0.000214301
0.000210692
0.000206896
0.000202917
0.000198759
0.000194427
0.000189925
0.00018526
0.000180435
0.000175458
0.000170334
0.000165071
0.000159673
0.00015415
0.000148508
0.000142756
0.000136904
0.00013096
0.000124935
0.000118842
0.000112694
0.000106505
0.000100295
9.40818e-05
8.78923e-05
8.17563e-05
7.57121e-05
6.98082e-05
6.41076e-05
5.86928e-05
5.36723e-05
4.9187e-05
4.54131e-05
4.25542e-05
4.08124e-05
4.03371e-05
4.11716e-05
4.3235e-05
4.63541e-05
5.03204e-05
5.49359e-05
6.00339e-05
6.54833e-05
7.11838e-05
7.70592e-05
8.30513e-05
8.9115e-05
9.52147e-05
0.000101322
0.000107413
0.000113469
0.000119473
0.000125411
0.000131269
0.000137037
0.000142704
0.000148261
0.000153699
0.000159011
0.000164189
0.000169227
0.000174117
0.000178854
0.000183432
0.000187846
0.000192089
0.000196159
0.00020005
0.000203757
0.000207277
0.000210606
0.00021374
0.000216676
0.000219411
0.000221942
0.000224267
0.000226383
0.000228288
0.00022998
0.000231457
