
Primal Residual: 
21.6776
7.89479
3.08862
4.14258
2.95971
1.71561
1.3159
1.24738
1.10109
0.905122
0.757603
0.666932
0.603821
0.551278
0.498075
0.44278
0.400111
0.383465
0.391174
0.408095
0.418417
0.413371
0.392213
0.360898
0.329135
0.305578
0.293097
0.286011
0.2776
0.265172
0.250646
0.238561
0.232376
0.23222
0.235366
0.238683
0.240171
0.239295
0.236461
0.232378
0.227604
0.222353
0.216403
0.209658
0.2021
0.193696
0.184582
0.175159
0.166156
0.158663
0.154017
0.153441
0.157534
0.165929
0.177426
0.190447
0.203474
0.215307
0.225144
0.232508
0.237256
0.239462
0.239368
0.237361
0.233681
0.228543
0.222215
0.215022
0.207309
0.199402
0.191584
0.18408
0.177054
0.170612
0.164817
0.159715
0.155361
0.151836
0.149244
0.147685
0.147219
0.147834
0.149412
0.151727
0.154471
0.157296
0.159852
0.161812
0.162921
0.163008
0.162002
0.159913
0.156801
0.152794
0.148077
0.142868
0.137403
0.131926
0.126672
0.121846
0.117616
0.114096
0.111321
0.109292
0.107978
0.107315
0.107222
0.107606
0.108376
0.109446
0.110735
0.112169
0.113673
0.115173
0.116541
0.117774
0.118814
0.119609
0.120133
0.120395
0.120428
0.120294
0.120075
0.119867
0.119763
0.119846
0.120169
0.120755
0.121586
0.122612
0.123751
0.124907
0.125975
0.126854
0.127458
0.127717
0.127581
0.127027
0.126053
0.124675
0.122931
0.120868
0.118547
0.116032
0.113387
0.110675
0.107954
0.105273
0.102673
0.100187
0.0978369
0.095642
0.0936146
0.0917644
0.0900992
0.0886256
0.0873486
0.0862713
0.0853926
0.0847066
0.0842004
0.0838538
0.0836389
0.0835212
0.0834614
0.0834182
0.0833508
0.0832227
0.0830046
0.0826767
0.0822315
0.081675
0.0810272
0.0803221
0.0796062
0.0789359
0.0783742
0.0779852
0.0778294
0.077957
0.0784033
0.0791846
0.0802968
0.0817157
0.0834
0.0852956
0.0873399
0.0894666
0.0916096
0.0937071
0.0957004
0.0975336
0.0991659
0.100563
0.101699
0.102553
0.103113
0.103372
0.103331
0.102996
0.102377
0.101493
0.100362
0.0990116
0.0974686
0.0957646
0.0939329
0.0920076
0.0900233
0.0880135
0.0860076
0.0840363
0.0821254
0.0802939
0.0785558
0.0769143
0.075375
0.0739407
0.0726075
0.071365
0.070198
0.0690791
0.0680023
0.0669581
0.0659366
0.0649308
0.0639365
0.0629526
0.0619815
0.061029
0.0601044
0.0592206
0.0583935
0.0576423
0.0569888
0.0564566
0.0560701
0.055853
0.0558267
0.0560083
0.0564091
0.0570327
0.0578748
0.0589228
0.0601561
0.0615477
0.0630654
0.0646735
0.0663348
0.0680117
0.0696677
0.0712686
0.072783
0.0741833
0.0754455
0.0765503
0.0774825
0.0782315
0.0787912
0.0791599
0.0793398
0.0793374
0.0791626
0.0788287
0.0783518
0.0777506
0.0770453
0.0762578
0.0754103
0.0745253
0.0736243
0.0727276
0.0718532
0.0710167
0.0702302
0.0695022
0.0688374
0.0682367
0.0676972
0.0672126
0.0667738
0.0663696
0.0659871
0.065613
0.0652339
0.064837
0.0644115
0.063948
0.0634402
0.0628842
0.0622795
0.0616291
0.060939
0.0602189
0.0594815
0.0587423
0.0580194
0.0573324
0.0567022
0.0561495
0.0556941
0.0553537
0.0551429
0.0550719
0.0551462
0.0553658
0.0557254
0.0562144
0.0568179
0.0575173
0.0582911
0.0591165
0.05997
0.0608283
0.0616691
0.0624718
0.0632178
0.0638911
0.0644782
0.0649684
0.0653536
0.0656287
0.0657912
0.0658412
0.065781
0.0656154
0.0653507
0.0649954
0.0645589
0.0640521
0.0634864
0.0628737
0.062226
0.0615552
0.0608725
0.0601881
0.0595114
0.0588503
0.058211
0.0575986
0.057016
0.056465
0.0559459
0.0554575
0.0549978
0.054564
0.054153
0.0537614
0.0533861
0.0530242
0.0526736
0.052333
0.0520022
0.0516818
0.0513735
0.0510801
0.050805
0.0505525
0.0503274
0.0501345
0.0499786
0.049864
0.0497944
0.0497723
0.0497991
0.0498746
0.0499972
0.0501635
0.0503688
0.0506069
0.0508706
0.0511516
0.0514411
0.0517301
0.0520096
0.0522711
0.0525067
0.0527092
0.0528729
0.0529932
0.0530669
0.0530923
0.0530694
0.0529994
0.0528851
0.0527308
0.0525415
0.0523235
0.0520838
0.0518297
0.0515686
0.051308
0.0510545
0.0508142
0.0505918
0.0503911
0.0502139
0.0500605
0.0499297
0.0498185
0.0497223
0.0496353
0.0495507
0.0494608
0.0493575
0.0492324
0.0490777
0.0488855
0.0486494
0.0483635
0.0480236
0.0476266
0.0471716
0.0466589
0.0460912
0.045473
0.0448109
0.0441134
0.0433911
0.0426565
0.0419239
0.0412089
0.0405283
0.0398996
0.0393402
0.0388672
0.0384959
0.0382396
0.0381084
0.038109
0.0382439
0.0385113
0.0389055
0.039417
0.0400333
0.0407395
0.0415192
0.0423551
0.0432298
0.0441261
0.0450277
0.0459191
0.0467862
0.0476162
0.0483978
0.0491209
0.0497772
0.0503593
0.0508614
0.0512789
0.0516084
0.0518473
0.0519944
0.0520492
0.0520122
0.0518845
0.0516682
0.0513659
0.0509809
0.0505169
0.0499785
0.0493704
0.0486981
0.0479674
0.0471845
0.0463562
0.0454896
0.0445923
0.0436724
0.0427384
0.0417992
0.0408643
0.0399434
0.0390468
0.0381848
0.0373681
0.0366072
0.0359124
0.0352936
0.0347594
0.0343178
0.0339748
0.0337347
0.0335997
0.0335698
0.0336425
0.0338133
0.0340757
0.0344215
0.034841
0.0353238
0.0358588
0.0364348
0.0370406
0.0376654
0.0382989
0.0389316
0.0395549
0.0401608
0.0407427
0.0412946
0.0418116
0.0422898
0.0427261
0.0431183
0.0434653
0.0437665
0.044022
0.0442328
0.0444001
0.0445258
0.0446123
0.0446619
0.0446775
0.0446617
0.0446175
0.0445476
0.0444544
0.0443404
0.0442075
0.0440573
0.0438911
0.0437099
0.0435139
0.0433034
0.043078
0.0428371
0.0425798
0.0423053
0.0420123
0.0416996
0.0413663
0.0410114
0.0406343
0.0402345
0.0398122
0.0393678
0.0389024
0.0384176
0.0379155
0.037399
0.0368716
0.0363372
0.0358006
0.0352669
0.0347418
0.0342316
0.0337424
0.033281
0.0328538
0.0324673
0.0321275
0.03184
0.0316097
0.0314404
0.031335
0.0312955
0.0313225
0.0314154
0.0315726
0.0317914
0.0320682
0.0323987
0.0327781
0.033201
0.0336619
0.0341552
0.0346753
0.0352166
0.0357739
0.036342
0.036916
0.0374915
0.038064
0.0386295
0.0391842
0.0397244
0.0402466
0.0407475
0.0412239
0.0416728
0.0420911
0.0424759
0.0428244
0.0431339
0.0434015
0.0436248
0.0438012
0.0439282
0.0440035
0.0440251
0.043991
0.0438992
0.0437483
0.0435369
0.0432639
0.0429286
0.0425304
0.0420692
0.0415452
0.040959
0.0403117
0.0396046
0.0388396
0.0380191
0.0371462
0.0362241
0.0352572
0.0342501
0.0332085
0.0321387
0.0310481
0.0299451
0.0288392
0.0277413
0.0266637
0.0256203
0.0246264
0.0236991
0.0228566
0.0221178
0.0215018
0.0210266
0.0207074
0.0205558
0.0205778
0.0207737
0.0211376
0.0216586
0.0223214
0.0231084
0.0240005
0.0249788
0.0260248
0.0271211
0.0282519
0.0294026
0.03056
0.0317125
0.0328492
0.0339608
0.0350384
0.0360743
0.0370615
0.0379937
0.038865
0.0396705
0.0404055
0.041066
0.0416485
0.0421498
0.0425673
0.042899
0.0431431
0.0432983
0.043364
0.0433395
0.0432249
0.0430205
0.0427271
0.0423459
0.0418785
0.0413268
0.0406934
0.039981
0.0391932
0.0383337
0.0374068
0.0364174
0.035371
0.0342736
0.0331319
0.0319531
0.0307454
0.0295175
0.0282793
0.0270416
0.0258164
0.0246169
0.0234581
0.0223563
0.0213294
0.0203965
0.0195776
0.0188926
0.0183596
0.0179937
0.0178048
0.0177966
0.0179656
0.0183016
0.0187892
0.0194093
0.0201412
0.0209641
0.0218582
0.0228052
0.023789
0.0247951
0.0258112
0.0268264
0.0278315
0.0288185
0.0297805
0.0307116
0.0316067
0.0324614
0.0332719
0.0340349
0.0347475
0.0354072
0.036012
0.0365599
0.0370493
0.0374789
0.0378475
0.0381541
0.0383979
0.0385782
0.0386945
0.0387466
0.0387341
0.0386569
0.0385152
0.0383092
0.0380392
0.0377057
0.0373097
0.0368519
0.0363337
0.0357564
0.0351218
0.0344318
0.0336886
0.0328947
0.0320529
0.0311663
0.0302385
0.0292735
0.0282759
0.0272507
0.0262037
0.0251418
0.0240724
0.0230044
0.0219478
0.020914
0.0199161
0.018969
0.0180892
0.0172948
0.0166048
0.0160386
0.0156138
0.0153452
0.0152421
0.0153079
0.0155384
0.0159234
0.0164475
0.0170925
0.0178387
0.018667
0.019559
0.0204984
0.0214704
0.0224622
0.0234624
0.0244612
0.0254502
0.0264218
0.0273694
0.0282874
0.0291705
0.0300144
0.0308151
0.0315689
0.0322727
0.0329238
0.0335196
0.0340581
0.0345373
0.0349556
0.0353117
0.0356044
0.0358328
0.0359962
0.0360942
0.0361265
0.036093
0.0359938
0.0358291
0.0355996
0.0353058
0.0349486
0.0345292
0.0340489
0.0335095
0.0329128
0.0322612
0.0315573
0.030804
0.0300049
0.0291638
0.0282851
0.0273735
0.0264346
0.0254744
0.0244994
0.0235173
0.0225362
0.0215656
0.0206156
0.0196978
0.0188249
0.0180104
0.0172691
0.0166161
0.0160664
0.0156336
0.0153291
0.0151609
0.0151319
0.0152404
0.0154794
0.015838
0.0163023
0.0168569
0.0174859
0.0181738
0.0189062
0.01967
0.0204534
0.0212461
0.022039
0.0228242
0.0235949
0.0243451
0.0250695
0.0257638
0.0264241
0.0270468
0.0276292
0.0281688
0.0286633
0.029111
0.0295104
0.0298603
0.0301597
0.0304079
0.0306044
0.0307489
0.0308414
0.0308821
0.0308713
0.0308095
0.0306975
0.0305363
0.0303268
0.0300706
0.0297691
0.0294241
0.0290375
0.0286115
0.0281486
0.0276514
0.0271229
0.0265661
0.0259846
0.0253821
0.0247627
0.0241309
0.0234914
0.0228496
0.0222112
0.021582
0.0209688
0.0203782
0.0198175
0.019294
0.0188149
0.0183874
0.0180182
0.0177134
0.0174778
0.0173152
0.0172278
0.0172158
0.0172783
0.0174121
0.017613
0.0178755
0.0181931
0.0185589
0.0189655
0.0194057
0.0198723
0.0203585
0.0208578
0.0213643
0.0218723
0.022377
0.0228736
0.0233581
0.0238268
0.0242764
0.024704
0.025107
0.0254831
0.0258305
0.0261474
0.0264322
0.0266839
0.0269014
0.0270837
0.0272304
0.0273409
0.0274149
0.0274522
0.0274529
0.027417
0.0273449
0.027237
0.0270938
0.0269161
0.0267048
0.0264608
0.0261853
0.0258797
0.0255454
0.0251842
0.0247977
0.024388
0.0239573
0.0235079
0.0230423
0.0225632
0.0220736
0.0215766
0.0210754
0.0205737
0.0200752
0.0195837
0.0191034
0.0186386
0.0181936
0.0177729
0.017381
0.0170222
0.0167007
0.0164204
0.0161847
0.0159966
0.0158583
0.0157711
0.0157358
0.0157519
0.0158184
0.0159332
0.0160937
0.0162965
0.016538
0.0168142
0.0171208
0.0174535
0.0178081
0.0181805
0.0185666
0.0189626
0.019365
0.0197703
0.0201756
0.0205779
0.0209745
0.021363
0.0217411
0.0221066
0.0224577
0.0227926
0.0231096
0.0234074
0.0236844
0.0239395
0.0241716
0.0243797
0.0245629
0.0247203
0.0248514
0.0249556
0.0250324
0.0250815
0.0251028
0.0250959
0.0250611
0.0249984
0.024908
0.0247903
0.0246459
0.0244753
0.0242792
0.0240586
0.0238145
0.0235481
0.0232605
0.0229534
0.0226282
0.0222867
0.0219309
0.0215627
0.0211843
0.0207982
0.0204067
0.0200126
0.0196185
0.0192274
0.0188422
0.0184658
0.0181015
0.0177522
0.017421
0.0171107
0.0168242
0.0165639
0.0163323
0.0161312
0.0159622
0.0158265
0.0157246
0.0156567
0.0156224
0.0156209
0.0156508
0.0157105
0.0157977
0.0159102
0.0160454
0.0162004
0.0163724
0.0165586
0.0167561
0.0169623
0.0171743
0.0173897
0.0176061
0.0178213
0.0180332
0.01824
0.01844
0.0186318
0.0188141
0.0189856
0.0191456
0.0192931
0.0194277
0.0195488
0.0196563
0.0197499
0.0198298
0.019896
0.019949
0.019989
0.0200167
0.0200327
0.0200377
0.0200327
0.0200185
0.0199961
0.0199665
0.0199309
0.0198902
0.0198456
0.0197981
0.0197488
0.0196987
0.0196486
0.0195994
0.0195518
0.0195064
0.0194637
0.0194241
0.0193877
0.0193546
0.0193247
0.0192979
0.0192736
0.0192515
0.019231
0.0192113
0.0191917
0.0191714
0.0191494
0.0191249
0.0190969
0.0190646
0.0190271
0.0189835
0.0189332
0.0188755
0.0188098
0.0187356
0.0186527
0.0185608
0.0184597
0.0183497
0.0182309
0.0181036
0.0179682
0.0178256
0.0176763
0.0175213
0.0173617
0.0171985
0.017033
0.0168665
0.0167004
0.0165363
0.0163756
0.0162198
0.0160704
0.015929
0.015797
0.0156758
0.0155665
0.0154703
0.0153881
0.0153207
0.0152687
0.0152324
0.015212
0.0152073
0.0152181
0.0152439
0.0152838
0.0153371
0.0154027
0.0154793
0.0155656
0.0156604
0.015762
0.0158691
0.0159801
0.0160936
0.0162082
0.0163223
0.0164347
0.016544
0.0166492
0.016749
0.0168426
0.016929
0.0170074
0.0170771
0.0171376
0.0171884
0.0172292
0.0172598
0.0172799
0.0172897
0.0172891
0.0172784
0.0172578
0.0172277
0.0171886
0.0171409
0.0170854
0.0170226
0.0169533
0.0168783
0.0167984
0.0167145
0.0166275
0.0165382
0.0164477
0.0163567
0.0162663
0.0161774
0.0160907
0.0160071
0.0159273
0.0158521
0.0157822
0.015718
0.0156601
0.0156088
0.0155645
0.0155274
0.0154976
0.0154751
0.0154598
0.0154516
0.0154502
0.0154552
0.0154662
0.0154828
0.0155043
0.01553
0.0155594
0.0155916
0.0156258
0.0156614
0.0156974
0.015733
0.0157675
0.0157998
0.0158292
0.0158549
0.0158762
0.0158921
0.015902
0.0159052
0.0159011
0.015889
0.0158684
0.0158388
0.0157998
0.0157511
0.0156922
0.0156231
0.0155435
0.0154535
0.015353
0.0152422
0.0151212
0.0149904
0.0148502
0.014701
0.0145436
0.0143785
0.0142066
0.0140288
0.0138463
0.0136601
0.0134715
0.013282
0.0130929
0.012906
0.0127229
0.0125453
0.0123753
0.0122145
0.012065
0.0119287
0.0118074
0.0117029
0.0116169
0.0115509
0.011506
0.0114835
0.0114839
0.0115078
0.0115552
0.0116258
0.0117192
0.0118345
0.0119706
0.0121259
0.0122991
0.0124882
0.0126915
0.0129069
0.0131324
0.0133659
0.0136054
0.0138488
0.0140941
0.0143394
0.0145828
0.0148225
0.0150566
0.0152836
0.0155018
0.0157097
0.0159059
0.0160891
0.016258
0.0164113
0.016548
0.0166672
0.0167677
0.0168488
0.0169097
0.0169495
0.0169678
0.016964
0.0169374
0.0168877
0.0168146
0.0167177
0.0165969
0.016452
0.0162832
0.0160904
0.0158738
0.0156339
0.015371
0.0150856
0.0147786
0.0144507
0.014103
0.0137365
0.0133527
0.0129531
0.0125394
0.0121135
0.0116777
0.0112345
0.0107867
0.0103376
0.00989084
0.00945046
0.00902118
0.00860827
0.00821763
0.00785579
0.00752976
0.00724691
0.0070145
0.00683926
0.00672664
0.00668025
0.00670127
0.00678834
0.00693765
0.00714353
0.00739901
0.00769656
0.00802862
0.00838795
0.00876787
0.00916239
0.00956618
0.00997456
0.0103834
0.0107892
0.0111889
0.0115796
0.0119591
0.0123253
0.0126765
0.0130111
0.0133277
0.0136253
0.0139028
0.0141596
0.0143948
0.014608
0.0147988
0.0149669
0.0151121
0.0152344
0.0153337
0.0154102
0.0154641
0.0154956
0.0155052
0.0154932
0.0154601
0.0154066
0.0153333
0.0152408
0.0151301
0.0150019
0.0148571
0.0146968
0.0145221
0.014334
0.0141339
0.0139228
0.0137023
0.0134736
0.0132383
0.0129978
0.0127538
0.0125079
0.0122618
0.0120173
0.0117762
0.0115403
0.0113114
0.0110915
0.0108823
0.0106854
0.0105024
0.0103348
0.0101837
0.0100502
0.00993491
0.00983833
0.00976058
0.0097015
0.00966065
0.00963732
0.00963055
0.00963919
0.00966191
0.00969728
0.00974377
0.00979983
0.00986388
0.00993439
0.0100099
0.010089
0.0101703
0.0102528
0.0103352
0.0104167
0.0104964
0.0105735
0.0106475
0.0107178
0.0107841
0.0108459
0.010903
0.0109553
0.0110027
0.011045
0.0110822
0.0111145
0.0111417
0.0111641
0.0111816
0.0111945
0.0112029
0.0112069
0.0112069
0.0112029
0.0111953
0.0111844
0.0111704
0.0111537
0.0111347
0.0111138
0.0110914
0.011068
0.0110441
0.0110202
0.0109968
0.0109745
0.0109537
0.010935
0.0109189
0.0109059
0.0108963
0.0108906
0.0108891
0.010892
0.0108994
0.0109116
0.0109285
0.0109501
0.0109761
0.0110064
0.0110407
0.0110785
0.0111194
0.0111628
0.0112083
0.0112552
0.0113029
0.0113508
0.0113981
0.0114442
0.0114886
0.0115304
0.0115691
0.0116042
0.011635
0.0116611
0.011682
0.0116972
0.0117063
0.011709
0.011705
0.011694
0.0116759
0.0116504
0.0116174
0.0115769
0.0115288
0.0114731
0.0114098
0.011339
0.0112607
0.0111752
0.0110826
0.0109831
0.0108768
0.0107642
0.0106454
0.0105207
0.0103906
0.0102554
0.0101156
0.00997162
0.00982401
0.00967334
0.00952021
0.00936531
0.00920934
0.0090531
0.0088974
0.00874314
0.00859125
0.00844271
0.00829855
0.00815983
0.00802762
0.00790301
0.00778706
0.00768084
0.00758533
0.00750145
0.00743004
0.00737179
0.00732729
0.00729695
0.007281
0.00727951
0.00729237
0.00731929
0.00735982
0.00741336
0.00747919
0.00755648
0.00764432
0.00774174
0.00784773
0.00796128
0.00808135
0.00820694
0.00833706
0.00847076
0.00860713
0.0087453
0.00888445
0.00902381
0.00916263
0.00930023
0.00943596
0.00956921
0.00969942
0.00982603
0.00994855
0.0100665
0.0101794
0.0102869
0.0103885
0.0104839
0.0105726
0.0106545
0.0107291
0.0107962
0.0108555
0.0109067
0.0109496
0.010984
0.0110097
0.0110266
0.0110346
0.0110335
0.0110232
0.0110037
0.010975
0.0109372
0.0108902
0.0108341
0.0107692
0.0106956
0.0106136
0.0105233
0.0104252
0.0103197
0.0102072
0.0100881
0.00996298
0.00983247
0.00969714
0.00955764
0.00941467
0.00926891
0.0091211
0.00897196
0.00882223
0.00867266
0.00852396
0.00837687
0.00823208
0.00809026
0.00795206
0.00781811
0.00768898
0.00756523
0.00744735
0.00733582
0.00723106
0.00713344
0.00704331
0.00696094
0.00688658
0.00682042
0.0067626
0.00671321
0.00667231
0.00663988
0.00661588
0.0066002
0.00659271
0.00659323
0.00660152
0.00661733
0.00664037
0.00667032
0.00670683
0.00674953
0.00679803
0.00685193
0.0069108
0.00697422
0.00704175
0.00711293
0.00718734
0.0072645
0.00734398
0.00742533
0.00750809
0.00759185
0.00767616
0.00776062
0.00784481
0.00792836
0.00801089
0.00809205
0.0081715
0.00824894
0.00832406
0.0083966
0.00846632
0.00853297
0.00859637
0.00865632
0.00871265
0.00876522
0.00881389
0.00885856
0.00889911
0.00893546
0.00896753
0.00899525
0.00901857
0.00903744
0.00905183
0.00906169
0.00906701
0.00906778
0.00906399
0.00905566
0.00904281
0.00902549
0.00900373
0.00897763
0.00894726
0.00891275
0.00887422
0.00883185
0.00878581
0.00873631
0.00868358
0.00862786
0.00856944
0.00850861
0.00844566
0.00838093
0.00831474
0.00824743
0.00817934
0.00811082
0.00804221
0.00797384
0.00790602
0.00783907
0.00777328
0.00770893
0.00764626
0.00758552
0.00752691
0.00747061
0.00741678
0.00736557
0.00731706
0.00727136
0.0072285
0.00718852
0.00715142
0.00711717
0.00708573
0.00705702
0.00703094
0.00700736
0.00698615
0.00696713
0.00695013
0.00693496
0.0069214
0.00690924
0.00689826
0.00688826
0.006879
0.00687029
0.00686193
0.00685375
0.00684557
0.00683727
0.00682872
0.00681984
0.00681056
0.00680084
0.00679068
0.0067801
0.00676915
0.00675791
0.00674648
0.006735
0.0067236
0.00671248
0.00670182
0.00669184
0.00668274
0.00667478
0.00666818
0.0066632
0.00666007
0.00665903
0.00666033
0.00666417
0.00667076
0.0066803
0.00669295
0.00670884
0.0067281
0.0067508
0.00677699
0.00680669
0.00683988
0.0068765
0.00691646
0.00695963
0.00700585
0.00705493
0.00710663
0.0071607
0.00721686
0.0072748
0.0073342
0.00739472
0.007456
0.00751766
0.00757934
0.00764064
0.0077012
0.00776061
0.0078185
0.00787449
0.00792821
0.00797929
0.00802739
0.00807215
0.00811326
0.00815039
0.00818324
0.00821153
0.00823498
0.00825336
0.00826641
0.00827392
0.0082757
0.00827157
0.00826137
0.00824496
0.00822223
0.00819309
0.00815747
0.00811532
0.00806663
0.00801141
0.0079497
0.00788156
0.0078071
0.00772644
0.00763976
0.00754726
0.00744918
0.00734579
0.00723743
0.00712445
0.00700726
0.00688632
0.00676214
0.00663526
0.00650629
0.0063759
0.00624478
0.00611372
0.00598353
0.00585509
0.00572932
0.00560719
0.00548971
0.00537792
0.00527287
0.00517563
0.00508722
0.00500865
0.00494084
0.00488462
0.00484069
0.0048096
0.00479173
0.00478726
0.00479618
0.00481827
0.00485311
0.00490014
0.00495861
0.00502767
0.00510637
0.00519368
0.00528854
0.00538988
0.00549662
0.00560772
0.00572215
0.00583893
0.00595713
0.00607586
0.00619431
0.0063117
0.0064273
0.00654046
0.00665054
0.00675698
0.00685927
0.00695692
0.00704951
0.00713664
0.00721796
0.00729315
0.00736196
0.00742412
0.00747945
0.00752777
0.00756895
0.00760288
0.0076295
0.00764876
0.00766067
0.00766525
0.00766256
0.00765271
0.00763582
0.00761206
0.00758163
0.00754477
0.00750175
0.0074529
0.00739857
0.00733914
0.00727505
0.00720677
0.00713479
0.00705965
0.00698193
0.00690222
0.00682115
0.00673937
0.00665752
0.00657629
0.00649633
0.0064183
0.00634286
0.00627062
0.00620215
0.00613799
0.00607861
0.00602442
0.00597576
0.00593286
0.00589591
0.00586498
0.00584005
0.00582101
0.0058077
0.00579983
0.00579709
0.00579907
0.00580534
0.00581541
0.00582878
0.00584491
0.00586328
0.00588334
0.00590458
0.00592648
0.00594855
0.00597034
0.00599143
0.0060114
0.00602991
0.00604662
0.00606127
0.0060736
0.00608341
0.00609052
0.0060948
0.00609616
0.00609453
0.00608989
0.00608222
0.00607158
0.00605802
0.00604163
0.00602255
0.0060009
0.00597688
0.00595067
0.00592252
0.00589265
0.00586136
0.00582893
0.00579569
0.00576198
0.00572815
0.00569458
0.00566167
0.0056298
0.00559939
0.00557084
0.00554457
0.00552096
0.00550039
0.00548322
0.00546979
0.00546036
0.00545519
0.00545448
0.00545836
0.00546691
0.00548014
0.00549802
0.00552043
0.0055472
0.00557811
0.00561287
0.00565116
0.00569259
0.00573679
0.0057833
0.00583169
0.00588149
0.00593224
0.00598348
0.00603475
0.00608561
0.00613563
0.00618441
0.00623155
0.00627671
0.00631955
0.00635976
0.00639706
0.00643121
0.00646196
0.00648912
0.00651252
0.00653199
0.00654741
0.00655866
0.00656565
0.00656831
0.00656658
0.00656042
0.00654982
0.00653477
0.00651528
0.00649139
0.00646315
0.00643064
0.00639394
0.00635318
0.00630849
0.00626003
0.00620799
0.00615259
0.00609407
0.0060327
0.00596877
0.00590263
0.00583461
0.00576511
0.00569453
0.0056233
0.00555188
0.00548073
0.00541033
0.00534118
0.00527376
0.00520855
0.00514604
0.00508668
0.0050309
0.00497908
0.00493159
0.00488873
0.00485075
0.00481785
0.00479015
0.00476772
0.00475058
0.00473865
0.00473185
0.00472999
0.00473288
0.00474026
0.00475187
0.00476741
0.00478657
0.00480903
0.00483447
0.00486261
0.00489312
0.00492574
0.0049602
0.00499625
0.00503367
0.00507226
0.00511181
0.00515216
0.00519314
0.00523461
0.00527644
0.00531847
0.00536059
0.00540268
0.00544459
0.00548621
0.0055274
0.00556803
0.00560797
0.00564708
0.0056852
0.00572221
0.00575794
0.00579226
0.00582502
0.00585608
0.00588529
0.00591253
0.00593766
0.00596057
0.00598114
0.00599927
0.00601487
0.00602784
0.00603812
0.00604565
0.00605036
0.00605223
0.00605122
0.0060473
0.00604047
0.00603073
0.00601808
0.00600254
0.00598415
0.00596293
0.00593893
0.00591221
0.00588283
0.00585086
0.00581639
0.0057795
0.0057403
0.00569889
0.0056554
0.00560995
0.00556268
0.00551374
0.00546329
0.00541151
0.00535856
0.00530464
0.00524996
0.00519473
0.00513918
0.00508354
0.00502806
0.004973
0.00491862
0.00486522
0.00481308
0.00476249
0.00471374
0.00466716
0.00462302
0.00458164
0.00454331
0.0045083
0.00447688
0.00444928
0.00442574
0.00440644
0.00439154
0.00438115
0.00437535
0.00437418
0.00437764
0.00438568
0.00439821
0.00441509
0.00443617
0.00446123
0.00449005
0.00452237
0.0045579
0.00459637
0.00463745
0.00468084
0.00472621
0.00477325
0.00482164
0.00487106
0.00492123
0.00497182
0.00502258
0.00507322
0.00512348
0.00517311
0.00522188
0.00526958
0.00531598
0.0053609
0.00540415
0.00544557
0.00548499
0.00552227
0.00555728
0.0055899
0.00562001
0.00564751
0.00567232
0.00569435
0.00571353
0.00572981
0.00574313
0.00575345
0.00576074
0.00576498
0.00576615
0.00576425
0.0057593
0.00575129
0.00574027
0.00572626
0.00570931
0.00568949
0.00566685
0.00564148
0.00561347
0.00558291
0.00554993
0.00551463
0.00547716
0.00543765
0.00539625
0.00535311
0.00530841
0.00526231
0.00521498
0.00516659
0.00511734
0.00506739
0.00501694
0.00496615
0.00491521
0.0048643
0.00481359
0.00476324
0.00471344
0.00466433
0.00461608
0.00456885
0.00452279
0.00447804
0.00443474
0.00439303
0.00435305
0.00431491
0.00427875
0.00424468
0.00421281
0.00418325
0.00415608
0.0041314
0.0041093
0.00408984
0.00407309
0.00405912
0.00404798
0.0040397
0.00403432
0.00403188
0.00403238
0.00403585
0.00404228
0.00405168
0.00406403
0.0040793
0.00409748
0.00411852
0.00414237
0.00416897
0.00419826
0.00423015
0.00426455
0.00430135
0.00434045
0.00438172
0.00442501
0.00447019
0.00451709
0.00456555
0.00461539
0.00466643
0.00471847
0.00477133
0.0048248
0.00487868
0.00493275
0.00498681
0.00504064
0.00509403
0.00514677
0.00519865
0.00524945
0.00529897
0.00534701
0.00539335
0.0054378
0.00548016
0.00552024
0.00555786
0.00559282
0.00562496
0.00565408
0.00568002
0.00570262
0.0057217
0.0057371
0.00574868
0.00575626
0.00575971
0.00575889
0.00575364
0.00574385
0.00572939
0.00571014
0.00568602
0.00565693
0.00562282
0.00558363
0.00553934
0.00548994
0.00543545
0.00537593
0.00531143
0.00524205
0.00516792
0.00508919
0.00500602
0.00491861
0.00482719
0.004732
0.00463332
0.00453144
0.00442667
0.00431938
0.00420993
0.00409873
0.00398622
0.00387288
0.00375924
0.00364584
0.00353331
0.00342233
0.00331364
0.00320803
0.00310639
0.00300966
0.00291887
0.00283509
0.00275942
0.00269298
0.00263686
0.00259206
0.00255944
0.00253969
0.00253325
0.00254029
0.00256072
0.00259416
0.00263999
0.00269742
0.00276551
0.00284324
0.00292954
0.00302337
0.00312369
0.00322952
0.00333995
0.00345412
0.00357123
0.00369057
0.00381143
0.00393321
0.00405531
0.00417718
0.00429832
0.00441825
0.00453652
0.0046527
0.00476641
0.00487726
0.00498492
0.00508907
0.00518942
0.00528569
0.00537767
0.00546515
0.00554796
0.00562597
0.00569908
0.00576723
0.00583036
0.00588848
0.00594155
0.00598958
0.00603251
0.00607026
0.00610267
0.00612955
0.00615063
0.00616562
0.00617422
0.00617609
0.0061709
0.0061583
0.00613796
0.0061096
0.00607299
0.00602796
0.00597446
0.00591252
0.00584227
0.00576398
0.00567801
0.00558481
0.00548497
0.00537914
0.00526807
0.00515257
0.00503353
0.00491186
0.00478849
0.00466437
0.00454037
0.00441734
0.00429602
0.00417703
0.00406088
0.00394793
0.00383843
0.00373252
0.00363023
0.00353159
0.00343657
0.00334519
0.00325753
0.00317375
0.00309409
0.00301891
0.00294864
0.00288376
0.0028248
0.00277226
0.00272659
0.00268817
0.00265727
0.00263403
0.0026185
0.00261063
0.0026103
0.00261734
0.00263162
0.002653
0.00268142
0.00271684
0.00275927
0.00280877
0.00286535
0.00292904
0.00299976
0.00307737
0.0031616
0.00325208
0.00334828
0.0034496
0.00355531
0.00366462
0.00377668
0.00389061
0.00400555
0.00412063
0.00423504
0.00434804
0.00445894
0.00456715
0.00467215
0.00477352
0.00487093
0.00496413
0.00505294
0.00513726
0.00521706
0.00529233
0.00536314
0.00542956
0.00549169
0.00554962
0.00560344
0.00565323
0.00569901
0.00574079
0.00577848
0.00581198
0.00584109
0.00586556
0.00588509
0.00589932
0.00590787
0.00591033
0.00590631
0.00589543
0.00587738
0.0058519
0.00581882
0.00577809
0.00572978
0.00567407
0.0056113
0.00554193
0.00546652
0.00538573
0.00530029
0.00521098
0.00511858
0.00502387
0.00492756
0.00483031
0.0047327
0.00463519
0.00453813
0.00444174
0.00434615
0.00425135
0.00415727
0.00406375
0.0039706
0.0038776
0.00378458
0.00369142
0.0035981
0.00350471
0.00341151
0.00331888
0.00322739
0.00313774
0.00305076
0.00296735
0.00288847
0.00281506
0.00274799
0.002688
0.00263568
0.00259142
0.00255538
0.00252757
0.00250779
0.00249575
0.00249108
0.00249343
0.00250247
0.00251795
0.00253973
0.00256775
0.00260204
0.00264268
0.00268976
0.00274336
0.00280348
0.00287007
0.00294293
0.00302176
0.00310615
0.00319555
0.00328934
0.00338683
0.00348726
0.00358987
0.00369388
0.00379854
0.00390314
0.00400701
0.00410956
0.00421024
0.00430862
0.00440431
0.00449701
0.00458649
0.00467257
0.00475517
0.00483421
0.0049097
0.00498165
0.0050501
0.00511513
0.00517681
0.00523522
0.00529041
0.00534246
0.00539138
0.00543719
0.00547983
0.00551918
0.00555507
0.00558719
0.00561518
0.00563856
0.00565681
0.00566934
0.00567557
0.00567494
0.00566689
0.00565096
0.00562674
0.00559397
0.00555255
0.00550252
0.00544411
0.0053777
0.00530385
0.00522319
0.00513649
0.00504455
0.00494821
0.00484832
0.00474569
0.0046411
0.00453526
0.00442883
0.00432233
0.0042162
0.00411078
0.00400626
0.00390275
0.00380023
0.00369862
0.00359783
0.00349774
0.00339834
0.00329968
0.00320203
0.00310581
0.00301167
0.00292047
0.00283327
0.00275128
0.00267576
0.002608
0.00254915
0.00250015
0.00246162
0.00243384
0.00241669
0.00240967
0.00241203
0.00242281
0.00244098
0.00246556
0.0024957
0.0025307
0.0025701
0.00261367
0.00266135
0.00271321
0.00276945
0.00283027
0.00289586
0.00296632
0.00304163
0.00312164
0.00320604
0.00329436
0.003386
0.00348022
0.00357623
0.00367316
0.0037701
0.00386619
0.00396055
0.00405241
0.00414104
0.00422581
0.00430622
0.00438185
0.00445241
0.00451772
0.00457769
0.00463235
0.00468178
0.00472617
0.00476574
0.00480072
0.0048314
0.00485804
0.00488087
0.0049001
0.0049159
0.00492835
0.00493752
0.00494338
0.00494588
0.0049449
0.00494029
0.0049319
0.00491958
0.00490316
0.00488256
0.00485771
0.00482863
0.00479541
0.00475824
0.00471738
0.00467319
0.00462608
0.00457655
0.00452512
0.00447232
0.00441868
0.00436471
0.00431084
0.00425744
0.00420475
0.00415294
0.00410204
0.00405197
0.00400257
0.00395356
0.00390461
0.00385534
0.00380537
0.00375432
0.00370186
0.00364771
0.0035917
0.00353376
0.00347392
0.00341234
0.0033493
0.00328517
0.00322045
0.00315566
0.00309142
0.00302836
0.00296712
0.00290832
0.00285256
0.00280036
0.00275221
0.00270855
0.00266974
0.00263609
0.00260788
0.00258537
0.00256876
0.00255826
0.00255404
0.00255625
0.002565
0.00258033
0.00260224
0.00263064
0.00266532
0.00270602
0.00275237
0.00280389
0.00286006
0.00292028
0.00298391
0.00305029
0.00311873
0.00318859
0.00325921
0.00332999
0.00340036
0.0034698
0.00353785
0.00360409
0.00366818
0.0037298
0.00378871
0.00384471
0.00389764
0.00394738
0.00399385
0.00403699
0.00407676
0.00411315
0.00414616
0.00417579
0.00420206
0.00422498
0.00424457
0.00426086
0.00427385
0.00428359
0.00429009
0.0042934
0.00429359
0.00429071
0.00428486
0.00427615
0.00426473
0.00425075
0.00423442
0.00421594
0.00419556
0.00417352
0.0041501
0.00412555
0.00410015
0.00407414
0.00404777
0.00402123
0.00399471
0.00396833
0.00394219
0.00391634
0.00389078
0.00386549
0.00384038
0.00381535
0.00379027
0.00376499
0.00373935
0.00371318
0.00368632
0.00365863
0.00362998
0.00360026
0.00356938
0.00353731
0.00350402
0.00346952
0.00343386
0.00339709
0.00335931
0.00332065
0.00328123
0.00324123
0.00320081
0.00316018
0.00311957
0.00307921
0.00303938
0.00300038
0.00296252
0.00292615
0.00289167
0.00285946
0.00282995
0.00280358
0.00278076
0.00276192
0.00274745
0.00273769
0.00273293
0.00273339
0.00273918
0.00275035
0.00276685
0.00278852
0.00281513
0.00284635
0.0028818
0.00292105
0.00296362
0.00300901
0.0030567
0.00310619
0.00315698
0.00320859
0.00326056
0.00331247
0.00336392
0.00341454
0.003464
0.003512
0.00355826
0.00360255
0.00364464
0.00368434
0.00372147
0.00375589
0.00378746
0.00381608
0.00384164
0.00386406
0.00388329
0.00389927
0.00391197
0.00392138
0.00392752
0.00393039
0.00393004
0.00392655
0.00392
0.0039105
0.00389819
0.00388324
0.00386583
0.00384617
0.0038245
0.00380107
0.00377614
0.00374998
0.00372286
0.00369507
0.00366686
0.00363849
0.00361019
0.00358215
0.00355457
0.00352757
0.00350128
0.00347576
0.00345106
0.00342719
0.00340412
0.0033818
0.00336017
0.00333913
0.00331859
0.00329845
0.00327859
0.00325891
0.00323931
0.00321969
0.00319999
0.00318013
0.00316006
0.00313974
0.00311913
0.00309822
0.00307701
0.0030555
0.00303374
0.00301175
0.0029896
0.00296738
0.00294519
0.00292315
0.00290145
0.00288026
0.00285982
0.00284037
0.0028222
0.00280562
0.00279094
0.0027785
0.00276862
0.00276161
0.00275776
0.00275732
0.00276047
0.00276737
0.00277807
0.00279259
0.00281084
0.0028327
0.00285794
0.00288632
0.00291751
0.00295117
0.00298692
0.00302437
0.00306313
0.0031028
0.00314299
0.00318333
0.00322348
0.00326309
0.00330188
0.00333954
0.00337584
0.00341052
0.00344337
0.0034742
0.00350282
0.00352907
0.0035528
0.00357388
0.00359218
0.00360758
0.00362001
0.00362936
0.00363558
0.00363863
0.00363846
0.00363509
0.00362852
0.00361882
0.00360607
0.00359037
0.00357187
0.00355077
0.00352727
0.00350164
0.00347415
0.00344512
0.00341487
0.00338376
0.00335213
0.00332034
0.00328874
0.00325765
0.00322738
0.0031982
0.00317034
0.00314397
0.00311925
0.00309626
0.00307504
0.00305558
0.00303783
0.00302172
0.00300712
0.00299389
0.00298187
0.0029709
0.0029608
0.00295139
0.0029425
0.00293397
0.00292566
0.0029174
0.00290908
0.00290056
0.00289174
0.00288252
0.00287279
0.00286249
0.00285154
0.00283989
0.00282752
0.0028144
0.00280057
0.00278606
0.00277096
0.00275539
0.00273951
0.00272351
0.00270764
0.00269219
0.00267745
0.00266377
0.0026515
0.002641
0.00263265
0.00262677
0.00262368
0.00262365
0.00262691
0.0026336
0.00264382
0.00265758
0.00267484
0.00269547
0.00271929
0.00274607
0.00277553
0.00280737
0.00284124
0.0028768
0.00291371
0.00295151
0.00298997
0.00302877
0.0030676
0.00310618
0.00314423
0.00318149
0.00321772
0.00325266
0.00328607
0.00331771
0.00334734
0.00337475
0.00339971
0.00342203
0.00344155
0.00345811
0.00347157
0.00348185
0.00348886
0.0034926
0.00349306
0.00349029
0.00348436
0.00347538
0.00346348
0.00344881
0.00343154
0.00341184
0.00338992
0.00336598
0.00334022
0.00331286
0.0032841
0.00325414
0.0032232
0.00319148
0.00315916
0.00312645
0.00309352
0.00306054
0.0030277
0.00299513
0.00296298
0.00293139
0.00290046
0.00287029
0.00284096
0.00281252
0.00278503
0.00275849
0.0027329
0.00270825
0.0026845
0.0026616
0.00263947
0.00261804
0.00259723
0.00257694
0.0025571
0.0025376
0.00251839
0.00249939
0.00248057
0.00246188
0.00244332
0.00242491
0.00240668
0.00238871
0.00237109
0.00235394
0.0023374
0.00232167
0.00230692
0.00229338
0.00228127
0.00227085
0.00226235
0.00225603
0.00225213
0.00225087
0.00225246
0.00225707
0.00226485
0.0022759
0.00229028
0.00230801
0.00232905
0.00235334
0.00238074
0.00241111
0.00244423
0.00247988
0.0025178
0.0025577
0.00259927
0.00264221
0.00268619
0.00273088
0.00277595
0.00282109
0.00286597
0.00291029
0.00295375
0.00299607
0.00303699
0.00307626
0.00311364
0.00314893
0.00318194
0.0032125
0.00324045
0.00326567
0.00328805
0.0033075
0.00332397
0.00333741
0.00334778
0.00335509
0.00335935
0.0033606
0.00335887
0.00335424
0.00334679
0.00333661
0.00332381
0.0033085
0.00329083
0.00327091
0.00324892
0.00322498
0.00319927
0.00317194
0.00314316
0.00311308
0.00308187
0.00304969
0.00301669
0.00298302
0.00294882
0.00291421
0.00287932
0.00284426
0.00280913
0.00277401
0.00273897
0.00270407
0.00266936
0.00263487
0.00260064
0.00256666
0.00253295
0.00249951
0.00246632
0.00243337
0.00240065
0.00236815
0.00233587
0.0023038
0.00227195
0.00224033
0.00220898
0.00217795
0.0021473
0.00211712
0.00208751
0.00205861
0.00203056
0.00200354
0.00197776
0.00195342
0.00193078
0.00191008
0.00189161
0.00187563
0.00186242
0.00185225
0.00184537
0.00184203
0.00184241
0.00184669
0.00185497
0.00186733
0.00188376
0.00190424
0.00192867
0.00195689
0.00198871
0.0020239
0.0020622
0.00210331
0.00214691
0.00219268
0.00224029
0.00228938
0.00233964
0.00239072
0.0024423
0.00249407
0.00254573
0.00259699
0.00264758
0.00269725
0.00274575
0.00279287
0.00283839
0.00288212
0.0029239
0.00296357
0.00300098
0.00303601
0.00306856
0.00309853
0.00312584
0.00315044
0.00317227
0.0031913
0.00320751
0.00322089
0.00323145
0.0032392
0.00324416
0.00324639
0.00324591
0.00324279
0.00323709
0.00322888
0.00321823
0.00320523
0.00318996
0.00317252
0.00315298
0.00313146
0.00310803
0.00308281
0.00305587
0.00302733
0.00299726
0.00296575
0.0029329
0.00289878
0.00286348
0.00282706
0.0027896
0.00275117
0.00271182
0.00267161
0.0026306
0.00258883
0.00254636
0.00250324
0.0024595
0.0024152
0.00237039
0.00232511
0.00227942
0.00223339
0.00218708
0.00214057
0.00209396
0.00204734
0.00200083
0.00195458
0.00190873
0.00186348
0.00181901
0.00177556
0.00173339
0.00169277
0.00165401
0.00161744
0.00158343
0.00155234
0.00152456
0.00150047
0.00148045
0.00146485
0.00145398
0.0014481
0.00144741
0.00145203
0.00146199
0.00147724
0.00149766
0.00152305
0.00155312
0.00158758
0.00162604
0.00166813
0.00171345
0.0017616
0.00181217
0.00186476
0.00191901
0.00197455
0.00203102
0.00208812
0.00214552
0.00220295
0.00226014
0.00231684
0.00237281
0.00242785
0.00248174
0.00253432
0.0025854
0.00263484
0.00268249
0.00272822
0.00277192
0.00281348
0.0028528
0.00288981
0.00292443
0.00295659
0.00298625
0.00301335
0.00303786
0.00305975
0.003079
0.00309559
0.00310952
0.00312079
0.00312939
0.00313535
0.00313867
0.00313937
0.00313748
0.00313302
0.00312603
0.00311653
0.00310457
0.00309017
0.00307339
0.00305426
0.00303282
0.00300912
0.00298321
0.00295512
0.0029249
0.0028926
0.00285827
0.00282195
0.0027837
0.00274355
0.00270157
0.0026578
0.00261229
0.0025651
0.0025163
0.00246593
0.00241406
0.00236076
0.00230611
0.00225018
0.00219307
0.00213487
0.00207568
0.00201562
0.00195483
0.00189346
0.00183167
0.00176965
0.00170762
0.00164583
0.00158454
0.00152409
0.00146483
0.00140718
0.0013516
0.00129863
0.00124885
0.00120291
0.00116151
0.00112537
0.00109521
0.00107174
0.00105554
0.0010471
0.00104668
0.00105435
0.00106996
0.00109317
0.00112344
0.00116015
0.00120259
0.00125004
0.00130178
0.00135714
0.00141547
0.0014762
0.00153881
0.00160282
0.0016678
0.00173338
0.00179921
0.00186499
0.00193043
0.00199529
0.00205933
0.00212236
0.00218417
0.0022446
0.00230348
0.00236068
0.00241606
0.00246949
0.00252087
0.00257009
0.00261706
0.0026617
0.00270392
0.00274368
0.00278089
0.00281551
0.0028475
0.00287682
0.00290342
0.00292729
0.00294841
0.00296676
0.00298232
0.00299511
0.00300511
0.00301234
0.0030168
0.00301852
0.0030175
0.00301378
0.00300738
0.00299833
0.00298667
0.00297243
0.00295565
0.00293638
0.00291467
0.00289055
0.00286407
0.0028353
0.00280429
0.00277108
0.00273575
0.00269834
0.00265892
0.00261755
0.00257429
0.00252923
0.00248241
0.00243392
0.00238383
0.00233222
0.00227917
0.00222476
0.00216908
0.00211224
0.00205434
0.00199548
0.00193578
0.00187539
0.00181443
0.00175308
0.00169151
0.00162992
0.00156852
0.00150758
0.00144738
0.00138824
0.00133054
0.0012747
0.00122119
0.00117056
0.0011234
0.00108036
0.00104215
0.00100949
0.000983077
0.000963552
0.000951441
0.0009471
0.000950679
0.0009621
0.000981066
0.0010071
0.00103959
0.00107785
0.00112115
0.00116878
0.00122006
0.00127435
0.00133107
0.00138972
0.00144981
0.00151095
0.00157275
0.00163488
0.00169706
0.001759
0.00182048
0.00188127
0.00194117
0.002
0.00205759
0.0021138
0.00216847
0.00222148
0.00227271
0.00232205
0.0023694
0.00241465
0.00245774
0.00249858
0.00253709
0.00257323
0.00260692
0.00263812
0.00266678
0.00269288
0.00271637
0.00273723
0.00275545
0.002771
0.00278388
0.00279409
0.00280164
0.00280651
0.00280874
0.00280834
0.00280533
0.00279973
0.00279158
0.00278091
0.00276776
0.00275217
0.00273418
0.00271385
0.00269123
0.00266638
0.00263934
0.00261019
0.00257898
0.00254579
0.00251068
0.00247373
0.00243501
0.0023946
0.00235258
0.00230903
0.00226404
0.00221772
0.00217014
0.00212141
0.00207165
0.00202096
0.00196946
0.00191728
0.00186456
0.00181145
0.00175811
0.00170471
0.00165145
0.00159853
0.00154618
0.00149467
0.00144426
0.00139527
0.00134803
0.00130291
0.0012603
0.00122063
0.00118435
0.00115192
0.00112378
0.00110038
0.00108212
0.00106933
0.00106226
0.00106104
0.0010657
0.00107615
0.00109217
0.00111347
0.00113965
0.00117029
0.00120492
0.00124306
0.00128424
0.00132801
0.00137394
0.00142162
0.00147067
0.00152075
0.00157155
0.00162277
0.00167414
0.00172542
0.00177639
0.00182685
0.00187659
0.00192545
0.00197328
0.00201991
0.00206521
0.00210906
0.00215134
0.00219194
0.00223077
0.00226773
0.00230275
0.00233574
0.00236664
0.00239538
0.00242193
0.00244622
0.00246822
0.0024879
0.00250522
0.00252018
0.00253274
0.0025429
0.00255066
0.00255603
0.002559
0.0025596
0.00255784
0.00255375
0.00254736
0.00253869
0.0025278
0.00251473
0.00249952
0.00248222
0.00246291
0.00244163
0.00241846
0.00239347
0.00236673
0.00233831
0.00230831
0.00227682
0.00224391
0.00220969
0.00217426
0.00213771
0.00210017
0.00206174
0.00202253
0.00198268
0.00194231
0.00190156
0.00186056
0.00181948
0.00177845
0.00173765
0.00169725
0.00165743
0.00161838
0.00158029
0.00154338
0.00150785
0.00147394
0.00144186
0.00141185
0.00138413
0.00135894
0.00133648
0.00131697
0.00130059
0.0012875
0.00127782
0.00127165
0.00126904
0.00127
0.0012745
0.00128245
0.00129376
0.00130826
0.00132577
0.0013461
0.00136902
0.00139429
0.00142168
0.00145093
0.00148182
0.0015141
0.00154753
0.0015819
0.00161698
0.00165259
0.00168852
0.00172459
0.00176062
0.00179645
0.00183194
0.00186693
0.00190128
0.00193488
0.00196759
0.00199931
0.00202994
0.00205937
0.00208751
0.00211428
0.0021396
0.0021634
0.00218561
0.00220618
0.00222503
0.00224214
0.00225745
0.00227092
0.00228253
0.00229225
0.00230006
0.00230593
0.00230987
0.00231185
0.0023119
0.00231
0.00230618
0.00230044
0.00229281
0.00228331
0.00227197
0.00225884
0.00224395
0.00222735
0.00220908
0.00218921
0.0021678
0.00214491
0.00212061
0.00209499
0.00206811
0.00204007
0.00201097
0.00198089
0.00194993
0.00191822
0.00188586
0.00185297
0.00181967
0.00178611
0.00175241
0.00171872
0.0016852
0.001652
0.00161929
0.00158724
0.00155601
0.0015258
0.00149679
0.00146917
0.00144312
0.00141883
0.00139648
0.00137626
0.00135832
0.00134281
0.00132988
0.00131963
0.00131215
0.00130751
0.00130573
0.00130683
0.00131076
0.00131748
0.00132689
0.0013389
0.00135335
0.00137012
0.00138902
0.00140989
0.00143254
0.00145678
0.00148244
0.00150931
0.00153722
0.00156599
0.00159544
0.00162541
0.00165573
0.00168625
0.00171682
0.00174731
0.00177759
0.00180751
0.00183698
0.00186586
0.00189407
0.00192149
0.00194804
0.00197361
0.00199813
0.00202153
0.00204371
0.00206462
0.0020842
0.00210237
0.00211909
0.0021343
0.00214795
0.00216001
0.00217044
0.0021792
0.00218626
0.0021916
0.0021952
0.00219704
0.00219711
0.00219539
0.00219189
0.00218661
0.00217956
0.00217074
0.00216016
0.00214785
0.00213383
0.00211813
0.00210078
0.00208181
0.00206128
0.00203923
0.00201571
0.00199077
0.00196449
0.00193692
0.00190815
0.00187826
0.00184732
0.00181543
0.0017827
0.00174922
0.00171511
0.00168049
0.00164549
0.00161024
0.0015749
0.00153961
0.00150455
0.00146988
0.0014358
0.0014025
0.00137018
0.00133905
0.00130934
0.00128128
0.00125508
0.00123099
0.00120921
0.00118998
0.00117348
0.00115989
0.00114937
0.00114204
0.00113797
0.0011372
0.00113974
0.00114553
0.0011545
0.00116652
0.00118143
0.00119906
0.0012192
0.00124164
0.00126616
0.00129253
0.00132053
0.00134992
0.00138051
0.00141207
0.00144441
0.00147735
0.00151071
0.00154431
0.00157801
0.00161166
0.00164511
0.00167825
0.00171095
0.00174309
0.00177459
0.00180532
0.00183521
0.00186417
0.00189212
0.00191898
0.00194468
0.00196916
0.00199235
0.00201419
0.00203465
0.00205365
0.00207116
0.00208714
0.00210155
0.00211435
0.00212551
0.00213499
0.00214279
0.00214887
0.00215321
0.0021558
0.00215662
0.00215567
0.00215295
0.00214844
0.00214215
0.00213408
0.00212424
0.00211264
0.0020993
0.00208422
0.00206744
0.00204898
0.00202887
0.00200713
0.00198381
0.00195894
0.00193257
0.00190475
0.00187554
0.00184497
0.00181314
0.00178008
0.00174589
0.00171064
0.00167442
0.00163731
0.00159942
0.00156085
0.00152171
0.00148214
0.00144226
0.00140222
0.00136218
0.00132231
0.0012828
0.00124384
0.00120566
0.00116849
0.00113258
0.00109822
0.00106568
0.00103527
0.0010073
0.000982097
0.000959964
0.000941199
0.000926074
0.000914816
0.000907601
0.00090454
0.000905671
0.000910958
0.000920294
0.000933502
0.000950357
0.000970585
0.00099389
0.00101996
0.00104847
0.00107911
0.00111157
0.00114557
0.00118083
0.0012171
0.00125415
0.00129177
0.00132975
0.00136792
0.00140611
0.00144417
0.00148197
0.00151937
0.00155626
0.00159253
0.00162809
0.00166284
0.00169669
0.00172958
0.00176142
0.00179215
0.00182171
0.00185004
0.00187709
0.00190279
0.00192712
0.00195002
0.00197145
0.00199138
0.00200977
0.0020266
0.00204182
0.00205542
0.00206738
0.00207767
0.00208626
0.00209316
0.00209834
0.00210179
0.00210351
0.00210348
0.0021017
0.00209818
0.0020929
0.00208589
0.00207713
0.00206665
0.00205445
0.00204054
0.00202494
0.00200768
0.00198876
0.00196823
0.00194609
0.00192239
0.00189717
0.00187044
0.00184226
0.00181267
0.00178171
0.00174944
0.00171591
0.00168118
0.00164531
0.00160837
0.00157044
0.00153158
0.0014919
0.00145147
0.00141041
0.00136881
0.00132681
0.00128452
0.00124208
0.00119967
0.00115744
0.00111559
0.00107433
0.0010339
0.000994547
0.000956571
0.000920286
0.00088604
0.000854205
0.000825178
0.000799371
0.000777193
0.000759035
0.000745246
0.000736109
0.000731814
0.000732444
0.000737965
0.000748229
0.000762986
0.000781909
0.000804616
0.000830697
0.000859733
0.000891315
0.000925053
0.000960584
0.000997576
0.00103573
0.00107477
0.00111445
0.00115456
0.00119489
0.00123528
0.00127557
0.00131561
0.00135528
0.00139445
0.00143303
0.00147091
0.00150801
0.00154425
0.00157955
0.00161383
0.00164705
0.00167913
0.00171002
0.00173968
0.00176804
0.00179507
0.00182074
0.00184498
0.00186779
0.00188911
0.00190892
0.00192719
0.0019439
0.00195902
0.00197254
0.00198442
0.00199466
0.00200325
0.00201016
0.0020154
0.00201894
0.0020208
0.00202095
0.0020194
0.00201616
0.00201122
0.00200459
0.00199627
0.00198628
0.00197462
0.00196132
0.00194638
0.00192983
0.00191169
0.00189197
0.00187071
0.00184794
0.00182368
0.00179797
0.00177084
0.00174234
0.00171251
0.00168139
0.00164903
0.00161549
0.00158081
0.00154507
0.00150832
0.00147063
0.00143208
0.00139275
0.00135273
0.0013121
0.00127097
0.00122945
0.00118766
0.00114574
0.00110384
0.00106211
0.00102074
0.000979933
0.000939923
0.000900965
0.000863347
0.000827391
0.000793453
0.000761924
0.000733224
0.000707794
0.000686078
0.000668504
0.000655451
0.00064722
0.000644004
0.000645867
0.000652735
0.000664406
0.000680566
0.000700826
0.000724749
0.000751881
0.000781772
0.000813998
0.000848161
0.000883902
0.000920898
0.00095886
0.000997533
0.00103669
0.00107613
0.00111567
0.00115517
0.00119446
0.00123343
0.00127197
0.00130996
0.00134731
0.00138394
0.00141977
0.00145473
0.00148874
0.00152175
0.0015537
0.00158453
0.0016142
0.00164266
0.00166987
0.00169579
0.00172038
0.0017436
0.00176543
0.00178584
0.00180479
0.00182227
0.00183825
0.00185271
0.00186563
0.00187701
0.00188681
0.00189504
0.00190168
0.00190672
0.00191016
0.001912
0.00191223
0.00191086
0.00190788
0.00190331
0.00189714
0.0018894
0.00188008
0.00186921
0.00185679
0.00184286
0.00182742
0.0018105
0.00179212
0.00177232
0.00175111
0.00172854
0.00170464
0.00167944
0.00165299
0.00162533
0.0015965
0.00156655
0.00153554
0.00150352
0.00147055
0.00143669
0.00140202
0.0013666
0.00133051
0.00129385
0.00125669
0.00121914
0.00118131
0.0011433
0.00110526
0.00106732
0.00102963
0.00099237
0.000955719
0.000919889
0.00088511
0.000851636
0.000819744
0.000789737
0.000761938
0.000736689
0.000714339
0.000695233
0.000679696
0.000668015
0.000660414
0.000657038
0.000657942
0.000663078
0.000672308
0.000685408
0.000702092
0.000722028
0.000744864
0.000770241
0.000797806
0.000827227
0.000858192
0.000890414
0.000923634
0.000957617
0.000992152
0.00102705
0.00106214
0.00109727
0.00113231
0.00116712
0.0012016
0.00123564
0.00126915
0.00130205
0.00133426
0.00136571
0.00139633
0.00142606
0.00145484
0.00148263
0.00150938
0.00153503
0.00155956
0.00158291
0.00160507
0.00162598
0.00164563
0.00166399
0.00168103
0.00169673
0.00171107
0.00172403
0.0017356
0.00174576
0.0017545
0.00176181
0.00176769
0.00177212
0.00177511
0.00177666
0.00177676
0.00177542
0.00177264
0.00176844
0.00176282
0.00175579
0.00174737
0.00173757
0.00172641
0.00171391
0.00170009
0.00168498
0.00166861
0.001651
0.00163219
0.0016122
0.00159109
0.00156888
0.00154562
0.00152135
0.00149613
0.00146999
0.00144301
0.00141524
0.00138673
0.00135755
0.00132779
0.0012975
0.00126678
0.0012357
0.00120437
0.00117287
0.00114133
0.00110985
0.00107855
0.00104758
0.00101707
0.000987178
0.000958076
0.000929938
0.000902955
0.000877325
0.000853257
0.000830966
0.000810669
0.000792581
0.000776909
0.000763842
0.000753545
0.000746152
0.000741755
0.000740404
0.000742096
0.000746784
0.000754372
0.000764723
0.000777668
0.000793011
0.00081054
0.000830033
0.000851265
0.000874015
0.000898067
0.000923217
0.000949271
0.000976048
0.00100338
0.00103111
0.00105909
0.0010872
0.0011153
0.00114329
0.00117107
0.00119854
0.00122561
0.00125221
0.00127826
0.00130368
0.00132843
0.00135243
0.00137565
0.00139802
0.0014195
0.00144005
0.00145964
0.00147822
0.00149576
0.00151224
0.00152762
0.00154189
0.00155502
0.00156699
0.00157778
0.00158739
0.0015958
0.001603
0.00160898
0.00161373
0.00161726
0.00161957
0.00162065
0.0016205
0.00161914
0.00161657
0.0016128
0.00160784
0.0016017
0.00159441
0.00158598
0.00157644
0.00156579
0.00155408
0.00154132
0.00152756
0.00151281
0.00149711
0.00148051
0.00146303
0.00144473
0.00142565
0.00140583
0.00138533
0.00136421
0.00134251
0.0013203
0.00129765
0.00127462
0.00125128
0.00122771
0.00120399
0.00118021
0.00115644
0.0011328
0.00110937
0.00108626
0.00106358
0.00104143
0.00101994
0.000999221
0.0009794
0.0009606
0.000942946
0.000926561
0.000911565
0.000898073
0.000886192
0.000876018
0.000867634
0.000861109
0.000856492
0.000853814
0.000853084
0.000854292
0.000857405
0.000862371
0.000869121
0.000877567
0.000887611
0.000899142
0.000912041
0.000926186
0.000941448
0.0009577
0.000974815
0.000992668
0.00101114
0.00103011
0.00104947
0.00106911
0.00108892
0.00110883
0.00112872
0.00114853
0.00116816
0.00118755
0.00120662
0.00122531
0.00124356
0.00126131
0.00127852
0.00129513
0.00131109
0.00132637
0.00134093
0.00135473
0.00136774
0.00137994
0.00139129
0.00140177
0.00141137
0.00142005
0.00142782
0.00143464
0.00144052
0.00144544
0.0014494
0.00145239
0.00145441
0.00145546
0.00145554
0.00145466
0.00145282
0.00145003
0.00144631
0.00144166
0.00143611
0.00142966
0.00142234
0.00141417
0.00140517
0.00139538
0.00138481
0.00137351
0.00136149
0.00134881
0.0013355
0.00132159
0.00130714
0.00129219
0.00127678
0.00126097
0.00124482
0.00122837
0.00121169
0.00119485
0.0011779
0.00116091
0.00114396
0.00112711
0.00111045
0.00109405
0.00107799
0.00106235
0.00104722
0.00103266
0.00101878
0.00100564
0.00099333
0.000981923
0.000971492
0.000962106
0.000953826
0.000946707
0.000940795
0.000936128
0.000932734
0.000930628
0.000929818
0.000930299
0.000932053
0.000935054
0.000939265
0.000944639
0.000951123
0.000958653
0.000967162
0.000976576
0.000986817
0.000997806
0.00100946
0.0010217
0.00103444
0.00104759
0.00106108
0.00107483
0.00108877
0.00110281
0.00111688
0.00113092
0.00114486
0.00115864
0.0011722
0.00118547
0.00119842
0.00121099
0.00122312
0.00123479
0.00124594
0.00125653
0.00126654
0.00127593
0.00128467
0.00129272
0.00130008
0.0013067
0.00131258
0.0013177
0.00132203
0.00132558
0.00132832
0.00133025
0.00133136
0.00133165
0.00133111
0.00132976
0.00132759
0.0013246
0.00132081
0.00131622
0.00131085
0.0013047
0.00129781
0.00129018
0.00128184
0.00127281
0.00126312
0.0012528
0.00124188
0.00123039
0.00121838
0.00120587
0.00119291
0.00117956
0.00116584
0.00115183
0.00113756
0.00112311
0.00110852
0.00109385
0.00107919
0.00106458
0.00105011
0.00103585
0.00102186
0.00100824
0.000995048
0.000982373
0.000970292
0.000958884
0.000948224
0.000938388
0.000929447
0.000921467
0.000914512
0.000908634
0.000903882
0.000900294
0.0008979
0.000896719
0.00089676
0.000898021
0.000900491
0.000904146
0.000908954
0.000914874
0.000921854
0.000929838
0.000938763
0.000948559
0.000959153
0.000970469
0.000982429
0.000994954
0.00100796
0.00102138
0.00103512
0.00104911
0.00106327
0.00107754
0.00109183
0.00110608
0.00112023
0.00113421
0.00114796
0.00116143
0.00117455
0.00118728
0.00119957
0.00121138
0.00122265
0.00123335
0.00124344
0.00125288
0.00126165
0.00126971
0.00127703
0.00128358
0.00128935
0.00129431
0.00129844
0.00130173
0.00130416
0.00130571
0.00130639
0.00130617
0.00130506
0.00130304
0.00130013
0.00129631
0.00129159
0.00128598
0.00127948
0.0012721
0.00126385
0.00125475
0.00124481
0.00123405
0.00122249
0.00121015
0.00119707
0.00118326
0.00116877
0.00115362
0.00113785
0.0011215
0.00110462
0.00108726
0.00106946
0.00105128
0.00103278
0.00101403
0.000995088
0.000976034
0.000956944
0.000937902
0.000918998
0.000900324
0.000881982
0.000864077
0.000846718
0.000830021
0.000814105
0.00079909
0.000785099
0.000772255
0.000760677
0.000750481
0.000741774
0.000734653
0.000729201
0.000725486
0.000723557
0.000723444
0.000725152
0.000728669
0.00073396
0.00074097
0.000749626
0.000759842
0.000771517
0.000784543
0.000798802
0.000814176
0.000830541
0.000847775
0.000865758
0.000884373
0.000903504
0.000923042
0.000942882
0.000962925
0.000983074
0.00100324
0.00102334
0.00104329
0.00106302
0.00108245
0.00110152
0.00112017
0.00113833
0.00115596
0.00117299
0.00118939
0.00120509
0.00122007
0.00123428
0.00124769
0.00126025
0.00127194
0.00128272
0.00129257
0.00130147
0.00130938
0.00131629
0.00132217
0.00132702
0.00133082
0.00133354
0.00133518
0.00133574
0.0013352
0.00133355
0.0013308
0.00132693
0.00132196
0.00131588
0.0013087
0.00130041
0.00129103
0.00128057
0.00126904
0.00125644
0.0012428
0.00122813
0.00121246
0.00119579
0.00117816
0.00115959
0.00114011
0.00111975
0.00109854
0.00107652
0.00105373
0.00103021
0.00100601
0.000981179
0.000955768
0.00092984
0.00090346
0.0008767
0.000849638
0.000822362
0.000794967
0.00076756
0.000740259
0.000713196
0.000686521
0.000660397
0.00063501
0.000610565
0.000587291
0.000565437
0.000545274
0.000527088
0.000511173
0.000497822
0.000487307
0.000479866
0.00047568
0.000474859
0.000477428
0.000483331
0.000492427
0.000504515
0.000519343
0.00053663
0.000556084
0.000577414
0.000600342
0.000624606
0.000649965
0.0006762
0.000703114
0.00073053
0.000758287
0.000786244
0.000814271
0.000842254
0.000870087
0.000897675
0.000924932
0.000951779
0.000978145
0.00100396
0.00102917
0.0010537
0.00107752
0.00110057
0.0011228
0.00114418
0.00116465
0.0011842
0.00120277
0.00122034
0.00123688
0.00125236
0.00126675
0.00128003
0.00129218
0.00130318
0.00131301
0.00132166
0.0013291
0.00133533
0.00134033
0.0013441
0.00134662
0.00134789
0.00134791
0.00134667
0.00134417
0.00134041
0.00133539
0.00132912
0.00132159
0.00131282
0.00130281
0.00129157
0.00127912
0.00126546
0.0012506
0.00123457
0.00121737
0.00119904
0.00117957
0.00115901
0.00113736
0.00111466
0.00109093
0.00106619
0.00104048
0.00101382
0.000986246
0.000957797
0.000928506
0.000898411
0.000867553
0.000835975
0.000803725
0.000770853
0.000737412
0.000703464
0.000669074
0.000634316
0.000599275
0.000564047
0.000528746
0.00049351
0.000458506
0.000423944
0.000390093
0.000357304
0.000326041
0.000296924
0.000270772
0.000248633
0.000231751
0.000221395
0.000218527
0.000223435
0.000235607
0.000253947
0.000277159
0.000304042
0.000333608
0.000365096
0.000397934
0.000431692
0.000466046
0.000500744
0.00053559
0.000570427
0.000605125
0.000639575
0.000673687
0.000707378
0.000740578
0.000773224
0.000805258
0.000836628
0.000867285
0.000897184
0.000926284
0.000954546
0.000981931
0.00100841
0.00103394
0.0010585
0.00108205
0.00110458
0.00112605
0.00114644
0.00116573
0.00118389
0.00120091
0.00121677
0.00123144
0.00124493
0.0012572
0.00126826
0.00127808
0.00128666
0.00129399
0.00130006
0.00130487
0.00130841
