
Primal Residual: 
21.6995
7.87398
3.06947
4.12339
2.98566
1.72388
1.32374
1.26034
1.10884
0.906185
0.755089
0.664135
0.60171
0.549059
0.494895
0.439881
0.396951
0.379295
0.386188
0.402462
0.412049
0.406251
0.384674
0.353815
0.32358
0.302584
0.29216
0.28605
0.277608
0.264606
0.249541
0.237306
0.231151
0.231039
0.234075
0.237128
0.238334
0.237309
0.234548
0.230767
0.22647
0.2218
0.216424
0.210183
0.202955
0.194644
0.185362
0.175516
0.16588
0.157628
0.152207
0.15096
0.154568
0.162684
0.174085
0.187172
0.200429
0.212667
0.223089
0.231249
0.236924
0.240126
0.241033
0.239982
0.237228
0.232886
0.227127
0.220199
0.212426
0.204158
0.195735
0.187456
0.179564
0.172236
0.165594
0.159724
0.154702
0.150622
0.147588
0.145708
0.145056
0.145622
0.147283
0.149798
0.152839
0.156031
0.159003
0.161412
0.162977
0.16351
0.162935
0.16123
0.158453
0.154727
0.150227
0.145161
0.139761
0.134263
0.1289
0.123885
0.119397
0.115555
0.112442
0.110095
0.10851
0.107646
0.107426
0.10776
0.10855
0.109694
0.111097
0.112664
0.114303
0.115928
0.117432
0.118744
0.119832
0.120652
0.12118
0.121427
0.121434
0.12127
0.12102
0.120782
0.120653
0.120714
0.121019
0.121589
0.122408
0.123424
0.124556
0.125708
0.126777
0.127663
0.128277
0.128552
0.128439
0.127912
0.126969
0.125626
0.123919
0.121898
0.119622
0.117155
0.114566
0.111918
0.109271
0.106676
0.104173
0.101793
0.0995582
0.0974809
0.0955676
0.0938197
0.0922363
0.0908149
0.0895525
0.0884455
0.0874891
0.0866769
0.0859991
0.0854421
0.0849878
0.0846139
0.0842935
0.0839961
0.0836939
0.0833677
0.0829995
0.0825777
0.0820996
0.0815727
0.0810152
0.080456
0.0799335
0.0794934
0.0791857
0.0790609
0.0791659
0.0795393
0.0802073
0.0811806
0.0824526
0.084
0.0857846
0.0877567
0.0898588
0.0920292
0.0942058
0.0963285
0.0983417
0.100195
0.101846
0.103258
0.104401
0.105254
0.105802
0.106036
0.105956
0.105564
0.104873
0.103897
0.102659
0.101184
0.0995025
0.0976489
0.0956596
0.0935733
0.0914293
0.0892665
0.0871322
0.0850446
0.083022
0.0810937
0.0792901
0.0776317
0.076124
0.0747609
0.0735282
0.0724077
0.0713791
0.0704212
0.0695091
0.0686171
0.0677364
0.0668526
0.0659537
0.0650325
0.0640857
0.0631144
0.0621242
0.0611252
0.0601331
0.0591683
0.0582564
0.0574275
0.0567149
0.0561539
0.0557794
0.0556234
0.0557124
0.0560643
0.0566865
0.057575
0.0587139
0.0600773
0.0616306
0.0633335
0.0651423
0.067012
0.0688984
0.0707593
0.0725558
0.0742529
0.0758199
0.0772311
0.0784655
0.0795071
0.0803453
0.0809742
0.0813928
0.0816047
0.081618
0.0814446
0.0811
0.0806026
0.0799735
0.0792355
0.0784126
0.0775294
0.07661
0.0756775
0.0747531
0.0738554
0.0729998
0.0721976
0.0714561
0.0707781
0.070162
0.0696023
0.0690898
0.0686124
0.0681562
0.0677057
0.0672454
0.0667603
0.0662366
0.0656631
0.0650307
0.0643341
0.0635715
0.0627448
0.0618603
0.0609284
0.0599637
0.0589848
0.0580135
0.0570751
0.0561965
0.0554061
0.0547318
0.0541998
0.0538327
0.0536481
0.0536574
0.0538643
0.0542649
0.0548479
0.055595
0.0564827
0.0574834
0.0585672
0.0597028
0.0608576
0.0620029
0.0631136
0.0641658
0.0651385
0.0660136
0.066776
0.0674139
0.0679189
0.0682862
0.0685143
0.0686048
0.068562
0.0683928
0.0681065
0.0677142
0.0672283
0.0666624
0.0660309
0.0653482
0.0646288
0.0638867
0.0631348
0.062385
0.0616475
0.0609307
0.0602412
0.0595833
0.0589595
0.05837
0.0578136
0.0572875
0.0567874
0.0563087
0.0558461
0.0553944
0.0549487
0.0545048
0.0540598
0.0536118
0.0531604
0.0527068
0.0522539
0.0518059
0.0513684
0.0509485
0.0505537
0.0501923
0.0498727
0.0496028
0.0493899
0.0492399
0.049157
0.0491436
0.0491996
0.049323
0.0495092
0.0497518
0.0500424
0.0503715
0.0507282
0.0511013
0.0514796
0.0518521
0.0522086
0.0525398
0.0528379
0.0530966
0.0533113
0.0534789
0.0535985
0.0536705
0.0536972
0.0536821
0.0536304
0.0535478
0.0534413
0.0533178
0.0531847
0.053049
0.0529169
0.0527941
0.0526846
0.0525914
0.0525154
0.0524563
0.0524115
0.0523773
0.0523482
0.0523175
0.0522775
0.0522198
0.0521358
0.0520166
0.051854
0.0516402
0.0513684
0.0510329
0.0506297
0.0501561
0.0496116
0.0489972
0.0483164
0.0475745
0.0467793
0.0459406
0.0450705
0.0441833
0.0432951
0.0424237
0.0415885
0.0408096
0.0401072
0.039501
0.0390093
0.0386477
0.0384285
0.0383595
0.0384439
0.0386797
0.0390603
0.0395744
0.0402074
0.0409419
0.0417591
0.0426392
0.0435624
0.0445096
0.0454628
0.0464052
0.0473217
0.048199
0.0490252
0.0497903
0.0504859
0.0511051
0.0516427
0.0520946
0.0524581
0.0527316
0.0529146
0.0530076
0.0530119
0.0529295
0.0527633
0.0525166
0.0521932
0.0517976
0.0513343
0.0508084
0.0502253
0.0495906
0.0489102
0.04819
0.0474364
0.0466559
0.045855
0.0450408
0.0442203
0.0434009
0.04259
0.0417952
0.0410245
0.0402856
0.0395865
0.0389346
0.0383376
0.0378021
0.0373345
0.0369401
0.0366231
0.0363864
0.0362317
0.0361588
0.0361664
0.0362514
0.0364092
0.0366343
0.0369198
0.0372583
0.0376416
0.0380613
0.0385089
0.0389761
0.0394548
0.0399376
0.0404174
0.0408879
0.0413437
0.0417801
0.042193
0.0425794
0.0429369
0.0432641
0.0435599
0.0438243
0.0440576
0.0442606
0.0444345
0.0445811
0.044702
0.0447992
0.0448746
0.0449301
0.0449674
0.0449879
0.0449929
0.0449831
0.0449589
0.0449205
0.0448674
0.0447989
0.0447138
0.0446107
0.0444879
0.0443437
0.0441759
0.0439826
0.043762
0.0435123
0.043232
0.0429199
0.0425753
0.0421978
0.0417877
0.0413458
0.0408736
0.040373
0.039847
0.0392989
0.0387329
0.0381537
0.0375668
0.0369781
0.0363942
0.0358219
0.0352685
0.0347412
0.0342477
0.033795
0.0333902
0.0330397
0.032749
0.032523
0.0323653
0.0322785
0.0322638
0.0323211
0.0324491
0.0326455
0.0329067
0.0332284
0.0336056
0.0340327
0.0345039
0.0350132
0.0355543
0.0361214
0.0367085
0.0373099
0.0379201
0.0385339
0.0391464
0.0397529
0.0403487
0.0409296
0.0414916
0.0420306
0.0425429
0.0430248
0.0434728
0.0438835
0.0442534
0.0445796
0.0448588
0.0450882
0.0452649
0.0453865
0.0454503
0.0454542
0.0453963
0.0452747
0.045088
0.0448351
0.0445151
0.0441275
0.0436722
0.0431495
0.0425601
0.0419051
0.0411861
0.0404051
0.0395648
0.0386684
0.0377196
0.0367228
0.0356832
0.0346066
0.0334998
0.0323705
0.0312275
0.0300808
0.0289418
0.0278232
0.0267393
0.025706
0.0247407
0.0238622
0.0230899
0.0224431
0.0219403
0.0215972
0.0214253
0.0214312
0.0216151
0.0219712
0.0224884
0.0231514
0.023942
0.0248409
0.0258284
0.0268857
0.0279949
0.0291396
0.0303049
0.0314773
0.0326446
0.0337959
0.0349215
0.0360126
0.0370612
0.0380602
0.0390034
0.0398848
0.0406995
0.0414428
0.0421108
0.0426999
0.0432071
0.0436299
0.0439661
0.044214
0.0443726
0.044441
0.0444187
0.0443058
0.0441028
0.0438103
0.0434296
0.0429624
0.0424105
0.0417765
0.0410631
0.0402737
0.0394121
0.0384825
0.0374896
0.0364388
0.0353361
0.0341879
0.0330014
0.0317846
0.0305461
0.0292956
0.0280438
0.0268026
0.0255851
0.0244061
0.0232818
0.02223
0.02127
0.0204218
0.0197055
0.01914
0.0187415
0.0185211
0.018484
0.0186283
0.0189454
0.0194209
0.0200364
0.0207714
0.0216047
0.0225162
0.0234868
0.0244995
0.0255392
0.0265927
0.0276483
0.0286961
0.0297274
0.0307346
0.0317112
0.0326516
0.0335508
0.0344045
0.0352088
0.0359604
0.0366565
0.0372945
0.0378721
0.0383874
0.0388387
0.0392245
0.0395436
0.0397949
0.0399776
0.0400909
0.0401345
0.040108
0.0400112
0.0398443
0.0396074
0.039301
0.0389258
0.0384826
0.0379726
0.0373972
0.036758
0.0360569
0.0352962
0.0344783
0.033606
0.0326825
0.0317112
0.0306961
0.0296417
0.028553
0.0274357
0.0262963
0.0251422
0.0239823
0.0228263
0.0216858
0.0205741
0.0195067
0.0185012
0.0175775
0.0167574
0.016064
0.0155201
0.0151457
0.014956
0.0149587
0.0151522
0.0155266
0.0160647
0.0167452
0.0175445
0.0184396
0.0194088
0.0204327
0.0214942
0.0225784
0.0236727
0.024766
0.0258489
0.026913
0.0279512
0.0289572
0.0299256
0.0308513
0.0317301
0.0325581
0.033332
0.0340486
0.0347053
0.0352997
0.0358297
0.0362936
0.0366899
0.0370172
0.0372746
0.0374613
0.0375767
0.0376206
0.0375927
0.0374931
0.0373221
0.0370802
0.0367679
0.0363862
0.0359362
0.0354192
0.034837
0.0341914
0.0334847
0.0327196
0.0318991
0.0310266
0.0301063
0.0291424
0.0281401
0.0271049
0.026043
0.0249615
0.0238681
0.0227716
0.021682
0.0206107
0.0195704
0.0185756
0.0176425
0.016789
0.0160345
0.0153984
0.0148997
0.0145544
0.0143739
0.0143629
0.0145186
0.0148313
0.0152853
0.0158616
0.0165395
0.0172987
0.0181199
0.018986
0.0198816
0.0207935
0.0217104
0.0226224
0.0235211
0.0243995
0.0252511
0.0260708
0.0268538
0.0275962
0.0282946
0.028946
0.0295477
0.0300977
0.0305941
0.0310353
0.03142
0.0317474
0.0320166
0.0322272
0.0323789
0.0324716
0.0325054
0.0324809
0.0323984
0.0322589
0.0320633
0.0318127
0.0315087
0.0311528
0.0307469
0.0302932
0.029794
0.029252
0.0286701
0.0280513
0.0273992
0.0267174
0.0260103
0.0252822
0.0245381
0.0237835
0.0230244
0.0222673
0.0215195
0.0207887
0.0200835
0.0194129
0.0187864
0.0182137
0.0177047
0.0172687
0.0169144
0.0166488
0.0164775
0.0164032
0.0164265
0.0165452
0.0167544
0.0170475
0.0174161
0.0178507
0.0183416
0.0188789
0.0194528
0.0200542
0.0206747
0.0213063
0.0219419
0.0225752
0.0232004
0.0238123
0.0244064
0.0249785
0.0255252
0.0260431
0.0265296
0.0269821
0.0273985
0.027777
0.0281159
0.0284139
0.0286699
0.028883
0.0290524
0.0291776
0.0292583
0.0292942
0.0292853
0.0292317
0.0291338
0.028992
0.0288069
0.0285794
0.0283103
0.0280008
0.0276523
0.0272663
0.0268444
0.0263888
0.0259014
0.0253846
0.0248412
0.0242738
0.0236858
0.0230803
0.0224612
0.0218324
0.0211983
0.0205636
0.0199332
0.0193127
0.0187078
0.0181248
0.0175701
0.0170505
0.0165729
0.016144
0.0157706
0.0154585
0.0152131
0.0150385
0.0149374
0.0149108
0.0149583
0.0150774
0.0152646
0.0155148
0.015822
0.0161798
0.0165813
0.0170195
0.0174879
0.0179798
0.0184892
0.0190105
0.0195385
0.0200685
0.0205961
0.0211176
0.0216294
0.0221283
0.0226114
0.0230763
0.0235205
0.0239421
0.0243391
0.0247098
0.0250528
0.0253667
0.0256503
0.0259025
0.0261226
0.0263096
0.026463
0.0265823
0.026667
0.026717
0.0267321
0.0267122
0.0266576
0.0265686
0.0264454
0.0262887
0.0260991
0.0258775
0.0256249
0.0253423
0.0250311
0.0246927
0.0243287
0.023941
0.0235315
0.0231024
0.0226561
0.0221952
0.0217225
0.021241
0.020754
0.0202649
0.0197775
0.0192956
0.0188234
0.0183651
0.017925
0.0175076
0.0171172
0.0167582
0.0164345
0.01615
0.0159079
0.015711
0.0155611
0.0154594
0.0154064
0.0154013
0.0154429
0.0155288
0.0156562
0.0158215
0.0160209
0.0162501
0.0165047
0.0167803
0.0170726
0.0173772
0.0176901
0.0180075
0.0183257
0.0186415
0.0189517
0.0192535
0.0195445
0.0198223
0.0200849
0.0203306
0.0205578
0.0207652
0.0209518
0.0211165
0.0212588
0.0213781
0.0214742
0.0215469
0.0215965
0.0216231
0.0216271
0.0216094
0.0215706
0.0215118
0.021434
0.0213387
0.0212273
0.0211015
0.0209629
0.0208134
0.0206551
0.0204901
0.0203204
0.0201483
0.019976
0.0198057
0.0196396
0.0194797
0.019328
0.0191864
0.0190565
0.0189396
0.018837
0.0187496
0.0186779
0.0186221
0.0185824
0.0185583
0.0185492
0.0185542
0.0185722
0.0186017
0.0186412
0.0186891
0.0187434
0.0188024
0.0188641
0.0189267
0.0189884
0.0190473
0.0191018
0.0191503
0.0191915
0.0192239
0.0192466
0.0192586
0.019259
0.0192473
0.019223
0.0191859
0.0191358
0.0190728
0.0189972
0.0189093
0.0188096
0.0186989
0.0185777
0.0184472
0.0183082
0.0181619
0.0180094
0.017852
0.0176911
0.0175281
0.0173642
0.0172011
0.01704
0.0168825
0.0167299
0.0165837
0.016445
0.0163151
0.0161952
0.0160863
0.0159892
0.0159047
0.0158333
0.0157755
0.0157316
0.0157015
0.0156852
0.0156825
0.0156928
0.0157157
0.0157503
0.0157959
0.0158515
0.0159161
0.0159885
0.0160678
0.0161526
0.0162418
0.0163343
0.016429
0.0165246
0.0166202
0.0167147
0.0168073
0.0168971
0.0169832
0.017065
0.0171418
0.0172132
0.0172786
0.0173377
0.0173902
0.0174359
0.0174746
0.0175062
0.0175307
0.0175481
0.0175586
0.0175623
0.0175593
0.0175499
0.0175343
0.0175129
0.0174858
0.0174534
0.0174161
0.0173741
0.0173279
0.0172778
0.0172242
0.0171673
0.0171077
0.0170456
0.0169814
0.0169155
0.0168483
0.0167799
0.0167109
0.0166415
0.016572
0.0165028
0.0164341
0.0163662
0.0162993
0.0162337
0.0161696
0.0161071
0.0160464
0.0159876
0.0159307
0.0158758
0.0158227
0.0157716
0.0157221
0.0156743
0.0156278
0.0155825
0.015538
0.015494
0.0154502
0.0154062
0.0153617
0.0153161
0.0152691
0.0152202
0.0151692
0.0151155
0.0150589
0.014999
0.0149356
0.0148684
0.0147972
0.014722
0.0146428
0.0145594
0.0144722
0.0143813
0.0142869
0.0141895
0.0140895
0.0139875
0.0138842
0.0137802
0.0136765
0.0135738
0.0134732
0.0133756
0.0132822
0.013194
0.0131121
0.0130378
0.0129721
0.012916
0.0128706
0.0128369
0.0128156
0.0128075
0.0128133
0.0128332
0.0128677
0.0129168
0.0129805
0.0130584
0.0131503
0.0132554
0.013373
0.0135022
0.0136421
0.0137914
0.0139489
0.0141134
0.0142835
0.0144577
0.0146346
0.0148127
0.0149906
0.0151669
0.01534
0.0155086
0.0156712
0.0158266
0.0159735
0.0161106
0.0162367
0.0163506
0.0164514
0.016538
0.0166095
0.016665
0.0167036
0.0167248
0.0167278
0.016712
0.016677
0.0166224
0.0165478
0.016453
0.0163379
0.0162024
0.0160466
0.0158706
0.0156746
0.0154591
0.0152246
0.0149716
0.0147009
0.0144133
0.01411
0.013792
0.0134608
0.0131178
0.0127647
0.0124035
0.0120364
0.0116656
0.0112939
0.0109242
0.0105598
0.0102041
0.00986118
0.0095351
0.00923034
0.00895156
0.00870345
0.00849067
0.00831752
0.00818777
0.00810436
0.00806917
0.00808285
0.00814475
0.00825299
0.00840459
0.00859573
0.008822
0.00907863
0.00936079
0.0096637
0.00998276
0.0103137
0.0106524
0.0109954
0.0113392
0.011681
0.0120178
0.0123475
0.0126677
0.0129766
0.0132724
0.0135537
0.0138192
0.0140676
0.014298
0.0145097
0.0147017
0.0148737
0.0150252
0.0151559
0.0152655
0.0153541
0.0154215
0.015468
0.0154937
0.0154989
0.0154841
0.0154498
0.0153964
0.0153248
0.0152355
0.0151294
0.0150075
0.0148706
0.0147198
0.0145563
0.0143811
0.0141955
0.0140008
0.0137983
0.0135894
0.0133755
0.0131581
0.0129386
0.0127187
0.0124998
0.0122834
0.0120713
0.0118648
0.0116655
0.0114749
0.0112944
0.0111252
0.0109686
0.0108254
0.0106967
0.010583
0.0104847
0.0104022
0.0103354
0.0102842
0.010248
0.0102262
0.0102182
0.0102228
0.010239
0.0102657
0.0103015
0.0103453
0.0103956
0.0104513
0.0105111
0.0105738
0.0106382
0.0107033
0.0107681
0.0108318
0.0108935
0.0109526
0.0110085
0.0110607
0.0111088
0.0111524
0.0111913
0.0112253
0.0112543
0.0112784
0.0112974
0.0113115
0.0113208
0.0113255
0.0113258
0.011322
0.0113142
0.0113029
0.0112884
0.011271
0.0112512
0.0112293
0.0112059
0.0111812
0.0111559
0.0111304
0.0111052
0.0110807
0.0110575
0.011036
0.0110167
0.011
0.0109863
0.010976
0.0109696
0.0109671
0.010969
0.0109754
0.0109864
0.0110022
0.0110226
0.0110476
0.0110771
0.0111108
0.0111485
0.0111899
0.0112345
0.0112819
0.0113316
0.0113831
0.0114357
0.0114889
0.011542
0.0115945
0.0116457
0.011695
0.0117418
0.0117853
0.0118252
0.0118608
0.0118915
0.0119169
0.0119366
0.01195
0.0119568
0.0119567
0.0119493
0.0119344
0.0119118
0.0118813
0.0118428
0.0117962
0.0117415
0.0116786
0.0116077
0.0115288
0.011442
0.0113476
0.0112457
0.0111366
0.0110205
0.0108979
0.0107691
0.0106345
0.0104946
0.0103498
0.0102007
0.0100479
0.00989204
0.00973371
0.00957367
0.00941268
0.00925157
0.00909118
0.00893243
0.00877627
0.00862368
0.00847569
0.00833333
0.00819769
0.00806981
0.00795076
0.00784156
0.00774318
0.00765652
0.0075824
0.00752151
0.00747443
0.00744156
0.00742316
0.00741932
0.00742993
0.00745473
0.0074933
0.00754506
0.0076093
0.00768521
0.00777187
0.00786831
0.00797351
0.00808642
0.00820598
0.00833115
0.00846088
0.00859417
0.00873004
0.00886758
0.00900588
0.0091441
0.00928145
0.00941718
0.00955059
0.00968101
0.00980783
0.00993048
0.0100484
0.0101612
0.0102682
0.0103692
0.0104637
0.0105514
0.0106318
0.0107049
0.0107701
0.0108274
0.0108765
0.0109173
0.0109495
0.010973
0.0109878
0.0109938
0.010991
0.0109792
0.0109586
0.0109292
0.0108911
0.0108445
0.0107894
0.010726
0.0106547
0.0105757
0.0104894
0.010396
0.010296
0.0101899
0.0100781
0.00996124
0.00983982
0.00971448
0.00958586
0.0094546
0.00932141
0.00918697
0.00905199
0.00891717
0.00878321
0.0086508
0.0085206
0.00839324
0.00826933
0.00814944
0.00803409
0.00792374
0.00781881
0.00771967
0.00762663
0.00753992
0.00745974
0.00738621
0.00731941
0.00725936
0.00720603
0.00715934
0.00711916
0.00708535
0.00705771
0.00703604
0.0070201
0.00700965
0.00700443
0.00700417
0.00700862
0.00701751
0.0070306
0.00704761
0.00706833
0.0070925
0.00711991
0.00715035
0.00718359
0.00721944
0.00725771
0.0072982
0.00734072
0.00738509
0.00743113
0.00747865
0.00752748
0.00757742
0.0076283
0.00767993
0.00773215
0.00778476
0.00783759
0.00789048
0.00794324
0.00799571
0.00804772
0.00809912
0.00814976
0.00819947
0.00824811
0.00829555
0.00834164
0.00838624
0.00842923
0.00847046
0.00850982
0.00854717
0.0085824
0.00861537
0.00864597
0.00867408
0.00869958
0.00872236
0.00874231
0.00875933
0.00877333
0.00878422
0.00879192
0.00879638
0.00879753
0.00879533
0.00878977
0.00878084
0.00876854
0.0087529
0.00873397
0.00871181
0.0086865
0.00865814
0.00862684
0.00859273
0.00855595
0.00851665
0.00847501
0.00843119
0.00838537
0.00833773
0.00828847
0.00823775
0.00818578
0.00813273
0.00807877
0.00802408
0.00796882
0.00791314
0.0078572
0.00780113
0.00774507
0.00768913
0.00763344
0.00757811
0.00752322
0.00746889
0.00741519
0.00736221
0.00731003
0.00725871
0.00720833
0.00715896
0.00711064
0.00706343
0.0070174
0.00697258
0.00692902
0.00688677
0.00684586
0.00680634
0.00676824
0.00673161
0.00669648
0.00666289
0.00663088
0.00660051
0.00657183
0.00654487
0.00651972
0.00649642
0.00647505
0.00645568
0.0064384
0.00642327
0.00641039
0.00639984
0.00639172
0.00638611
0.0063831
0.00638277
0.0063852
0.00639046
0.00639862
0.00640973
0.00642384
0.00644098
0.00646117
0.00648441
0.00651069
0.00653997
0.00657222
0.00660737
0.00664534
0.00668602
0.0067293
0.00677505
0.0068231
0.0068733
0.00692546
0.00697937
0.00703483
0.00709161
0.00714948
0.00720818
0.00726747
0.00732708
0.00738674
0.00744618
0.00750512
0.00756329
0.00762039
0.00767617
0.00773032
0.00778259
0.00783269
0.00788035
0.00792532
0.00796733
0.00800613
0.00804148
0.00807314
0.00810087
0.00812447
0.00814373
0.00815843
0.00816841
0.00817348
0.00817347
0.00816825
0.00815767
0.00814163
0.00812
0.00809271
0.00805968
0.00802088
0.00797626
0.00792583
0.00786959
0.00780758
0.00773987
0.00766656
0.00758775
0.00750359
0.00741427
0.00731999
0.007221
0.00711759
0.00701006
0.00689878
0.00678414
0.00666659
0.00654661
0.00642473
0.00630152
0.00617762
0.0060537
0.00593048
0.00580874
0.00568929
0.005573
0.00546077
0.00535353
0.00525224
0.00515786
0.00507134
0.0049936
0.00492554
0.00486794
0.00482152
0.00478685
0.00476437
0.00475434
0.00475687
0.00477186
0.00479904
0.00483799
0.00488812
0.0049487
0.00501892
0.00509786
0.00518456
0.00527803
0.00537724
0.0054812
0.00558891
0.0056994
0.00581176
0.0059251
0.00603859
0.00615143
0.00626288
0.00637227
0.00647895
0.00658233
0.00668186
0.00677707
0.00686749
0.00695273
0.00703241
0.00710623
0.00717389
0.00723517
0.00728985
0.00733778
0.00737882
0.00741289
0.00743994
0.00745994
0.00747291
0.0074789
0.007478
0.00747033
0.00745603
0.00743531
0.00740837
0.00737549
0.00733695
0.00729307
0.00724422
0.00719078
0.00713316
0.00707182
0.00700724
0.0069399
0.00687034
0.00679909
0.00672671
0.00665376
0.00658081
0.00650843
0.00643719
0.00636761
0.00630025
0.00623558
0.00617408
0.00611617
0.00606221
0.00601252
0.00596734
0.00592687
0.00589122
0.00586044
0.00583449
0.00581328
0.00579666
0.00578439
0.00577621
0.00577178
0.00577075
0.0057727
0.00577721
0.00578386
0.00579218
0.00580173
0.00581206
0.00582275
0.00583338
0.00584356
0.00585292
0.00586114
0.00586789
0.00587293
0.005876
0.00587691
0.0058755
0.00587166
0.00586528
0.00585632
0.00584478
0.00583066
0.00581403
0.00579498
0.00577364
0.00575016
0.00572472
0.00569755
0.00566887
0.00563898
0.00560814
0.00557669
0.00554495
0.00551328
0.00548203
0.0054516
0.00542236
0.00539469
0.005369
0.00534566
0.00532503
0.00530748
0.00529332
0.00528287
0.00527639
0.0052741
0.00527619
0.00528278
0.00529396
0.00530975
0.00533011
0.00535495
0.00538413
0.00541744
0.00545464
0.00549542
0.00553946
0.00558639
0.00563579
0.00568726
0.00574035
0.0057946
0.00584957
0.0059048
0.00595984
0.00601426
0.00606761
0.00611949
0.00616952
0.00621731
0.00626251
0.00630481
0.00634391
0.00637951
0.00641138
0.00643929
0.00646303
0.00648244
0.00649735
0.00650763
0.00651319
0.00651393
0.0065098
0.00650077
0.00648681
0.00646794
0.0064442
0.00641563
0.00638234
0.00634442
0.00630202
0.0062553
0.00620444
0.00614967
0.00609122
0.00602938
0.00596443
0.00589672
0.00582658
0.00575441
0.00568061
0.0056056
0.00552984
0.0054538
0.00537795
0.00530281
0.00522887
0.00515664
0.00508662
0.00501931
0.00495518
0.00489468
0.00483824
0.00478624
0.004739
0.00469682
0.00465993
0.00462847
0.00460255
0.00458221
0.0045674
0.00455803
0.00455396
0.00455496
0.0045608
0.00457118
0.00458579
0.00460429
0.00462634
0.00465158
0.00467967
0.00471028
0.00474307
0.00477775
0.00481404
0.00485166
0.00489038
0.00492998
0.00497027
0.00501107
0.00505222
0.00509357
0.00513501
0.0051764
0.00521764
0.00525862
0.00529925
0.00533943
0.00537907
0.00541806
0.00545632
0.00549376
0.00553027
0.00556576
0.00560015
0.00563332
0.00566519
0.00569566
0.00572463
0.00575202
0.00577774
0.00580169
0.0058238
0.00584398
0.00586215
0.00587825
0.00589221
0.00590395
0.00591343
0.00592057
0.00592533
0.00592766
0.00592752
0.00592486
0.00591965
0.00591186
0.00590146
0.00588844
0.00587277
0.00585446
0.00583351
0.00580991
0.00578368
0.00575485
0.00572346
0.00568953
0.00565312
0.0056143
0.00557314
0.00552972
0.00548413
0.00543649
0.00538692
0.00533556
0.00528254
0.00522804
0.00517222
0.0051153
0.00505746
0.00499894
0.00493998
0.00488084
0.00482177
0.00476308
0.00470507
0.00464804
0.00459233
0.00453827
0.00448621
0.0044365
0.00438947
0.00434549
0.00430487
0.00426795
0.00423503
0.00420638
0.00418226
0.00416287
0.00414839
0.00413895
0.00413464
0.00413548
0.00414147
0.00415254
0.00416858
0.00418944
0.00421494
0.00424483
0.00427886
0.00431674
0.00435817
0.00440281
0.00445035
0.00450042
0.00455269
0.00460682
0.00466246
0.00471927
0.00477693
0.00483512
0.00489353
0.00495186
0.00500983
0.00506717
0.00512363
0.00517894
0.00523288
0.00528524
0.0053358
0.00538437
0.00543077
0.00547484
0.00551641
0.00555535
0.00559152
0.0056248
0.00565509
0.00568229
0.00570631
0.00572708
0.00574453
0.00575862
0.00576928
0.00577649
0.00578023
0.00578046
0.00577719
0.00577042
0.00576015
0.00574641
0.00572922
0.00570863
0.00568467
0.00565742
0.00562695
0.00559332
0.00555664
0.00551701
0.00547454
0.00542936
0.0053816
0.00533141
0.00527893
0.00522435
0.00516782
0.00510953
0.00504967
0.00498843
0.00492602
0.00486264
0.00479852
0.00473386
0.0046689
0.00460385
0.00453897
0.00447448
0.00441063
0.00434766
0.00428583
0.00422538
0.00416659
0.00410969
0.00405496
0.00400266
0.00395304
0.00390635
0.00386284
0.00382276
0.00378633
0.00375377
0.00372527
0.00370101
0.00368115
0.00366582
0.00365514
0.00364918
0.003648
0.00365162
0.00366004
0.00367322
0.00369109
0.00371358
0.00374057
0.00377191
0.00380745
0.003847
0.00389035
0.0039373
0.00398761
0.00404102
0.00409728
0.00415612
0.00421727
0.00428044
0.00434534
0.00441169
0.0044792
0.00454758
0.00461653
0.00468577
0.00475503
0.00482401
0.00489246
0.00496009
0.00502667
0.00509192
0.00515562
0.00521752
0.00527739
0.00533503
0.00539022
0.00544276
0.00549247
0.00553914
0.00558262
0.00562273
0.00565931
0.00569221
0.00572129
0.00574638
0.00576737
0.00578411
0.00579647
0.00580433
0.00580756
0.00580604
0.00579965
0.00578829
0.00577187
0.00575029
0.00572349
0.00569141
0.00565402
0.0056113
0.00556327
0.00550996
0.00545143
0.00538778
0.00531912
0.00524559
0.00516735
0.00508458
0.0049975
0.00490633
0.00481131
0.0047127
0.00461078
0.00450583
0.00439817
0.00428812
0.00417602
0.00406223
0.00394712
0.00383111
0.00371464
0.00359817
0.00348223
0.00336738
0.00325426
0.00314357
0.00303608
0.00293265
0.00283423
0.00274185
0.00265662
0.00257968
0.00251221
0.00245536
0.0024102
0.00237767
0.00235848
0.00235309
0.00236167
0.00238405
0.00241981
0.00246824
0.00252846
0.00259945
0.00268013
0.00276937
0.0028661
0.00296926
0.00307786
0.003191
0.00330782
0.00342753
0.0035494
0.00367278
0.00379701
0.00392153
0.00404578
0.00416924
0.00429143
0.00441189
0.00453018
0.0046459
0.00475867
0.00486814
0.00497398
0.0050759
0.00517364
0.00526696
0.00535567
0.00543959
0.0055186
0.0055926
0.00566154
0.00572541
0.0057842
0.00583797
0.00588675
0.00593059
0.00596949
0.00600337
0.0060321
0.00605541
0.00607301
0.00608454
0.00608964
0.00608794
0.00607905
0.0060626
0.00603822
0.0060056
0.00596453
0.00591489
0.00585668
0.00579
0.0057151
0.00563231
0.00554208
0.00544496
0.00534156
0.0052326
0.00511883
0.0050011
0.00488025
0.00475719
0.00463279
0.00450791
0.00438335
0.00425979
0.00413782
0.00401791
0.00390036
0.00378536
0.00367301
0.00356331
0.00345623
0.00335177
0.00324999
0.00315101
0.00305513
0.00296276
0.00287448
0.002791
0.00271311
0.0026417
0.00257761
0.00252165
0.00247449
0.0024366
0.00240828
0.00238959
0.00238039
0.0023804
0.0023892
0.00240636
0.00243146
0.0024641
0.00250401
0.00255096
0.00260482
0.00266548
0.00273287
0.00280689
0.00288738
0.00297409
0.00306666
0.00316464
0.00326744
0.00337438
0.00348472
0.00359763
0.00371225
0.00382774
0.00394326
0.00405799
0.0041712
0.00428221
0.00439043
0.00449535
0.00459656
0.00469373
0.00478663
0.00487508
0.004959
0.00503837
0.00511321
0.00518359
0.00524961
0.00531139
0.00536905
0.00542271
0.00547248
0.00551844
0.00556061
0.00559901
0.00563356
0.00566416
0.00569061
0.00571267
0.00573005
0.00574238
0.00574927
0.00575032
0.00574511
0.00573328
0.0057145
0.0056885
0.00565512
0.0056143
0.00556612
0.00551077
0.00544859
0.00538003
0.00530564
0.00522605
0.00514197
0.00505409
0.00496314
0.00486976
0.00477458
0.00467813
0.00458085
0.00448307
0.00438503
0.00428684
0.00418854
0.00409005
0.00399125
0.00389195
0.00379194
0.00369103
0.00358907
0.00348598
0.00338181
0.00327676
0.00317118
0.00306563
0.00296084
0.00285774
0.00275742
0.0026611
0.00257006
0.00248563
0.00240906
0.00234148
0.0022838
0.0022367
0.00220052
0.00217533
0.0021609
0.00215682
0.00216251
0.00217734
0.0022007
0.00223203
0.00227088
0.0023169
0.00236981
0.00242941
0.00249552
0.00256794
0.00264643
0.00273068
0.0028203
0.00291482
0.00301365
0.00311616
0.00322165
0.00332938
0.0034386
0.00354854
0.00365848
0.00376771
0.00387559
0.00398152
0.00408499
0.00418554
0.0042828
0.00437648
0.00446634
0.00455223
0.00463406
0.00471177
0.00478538
0.00485492
0.00492047
0.00498212
0.00503996
0.0050941
0.00514464
0.00519166
0.00523521
0.00527533
0.00531199
0.00534514
0.00537464
0.00540028
0.00542176
0.00543872
0.00545074
0.00545734
0.00545805
0.00545239
0.00543992
0.00542028
0.00539316
0.00535841
0.00531596
0.00526594
0.0052086
0.00514434
0.00507367
0.00499722
0.00491565
0.00482971
0.00474011
0.00464759
0.00455282
0.00445644
0.00435902
0.00426104
0.00416288
0.00406485
0.00396714
0.00386984
0.00377294
0.00367637
0.00358
0.00348369
0.00338733
0.00329088
0.00319443
0.00309819
0.0030026
0.00290825
0.00281596
0.00272673
0.0026417
0.00256211
0.00248921
0.00242421
0.00236813
0.0023218
0.00228572
0.00226007
0.0022447
0.00223916
0.00224282
0.0022549
0.00227461
0.00230122
0.00233409
0.00237276
0.00241688
0.00246626
0.0025208
0.00258044
0.00264514
0.00271482
0.00278934
0.00286845
0.00295178
0.00303886
0.00312912
0.00322187
0.00331639
0.00341187
0.00350753
0.00360254
0.00369616
0.00378763
0.00387632
0.00396163
0.00404306
0.00412022
0.00419281
0.0042606
0.00432348
0.00438141
0.00443443
0.00448264
0.00452621
0.00456531
0.00460017
0.004631
0.00465803
0.00468146
0.00470145
0.00471813
0.00473159
0.00474187
0.00474897
0.00475284
0.00475341
0.00475058
0.00474424
0.00473428
0.0047206
0.00470316
0.00468192
0.00465692
0.00462826
0.00459609
0.00456063
0.00452216
0.004481
0.00443753
0.00439214
0.00434521
0.00429713
0.00424826
0.0041989
0.00414931
0.00409966
0.00405006
0.00400053
0.00395102
0.00390142
0.00385155
0.00380119
0.00375012
0.00369809
0.00364487
0.00359028
0.00353419
0.00347651
0.00341726
0.00335654
0.00329453
0.0032315
0.00316781
0.0031039
0.00304024
0.00297738
0.00291586
0.00285627
0.00279916
0.00274507
0.00269451
0.00264794
0.00260577
0.00256837
0.00253606
0.0025091
0.00248773
0.00247215
0.00246253
0.00245898
0.00246159
0.00247041
0.00248543
0.00250657
0.00253369
0.00256658
0.00260495
0.00264845
0.00269663
0.00274902
0.00280509
0.00286429
0.00292602
0.0029897
0.00305476
0.00312063
0.00318679
0.00325272
0.00331798
0.00338215
0.00344484
0.00350575
0.00356458
0.00362111
0.00367514
0.00372651
0.0037751
0.00382082
0.00386361
0.00390341
0.00394022
0.003974
0.00400477
0.00403253
0.00405729
0.00407907
0.00409789
0.00411377
0.00412674
0.00413682
0.00414406
0.0041485
0.0041502
0.00414922
0.00414565
0.00413959
0.00413114
0.00412045
0.00410764
0.00409289
0.00407636
0.00405822
0.00403865
0.00401784
0.00399594
0.00397312
0.00394952
0.00392527
0.00390046
0.00387518
0.00384946
0.00382335
0.00379683
0.00376987
0.00374243
0.00371445
0.00368585
0.00365654
0.00362645
0.00359548
0.00356356
0.00353063
0.00349664
0.00346157
0.00342541
0.00338817
0.0033499
0.00331067
0.00327057
0.00322971
0.00318823
0.00314629
0.00310406
0.00306176
0.0030196
0.00297781
0.00293667
0.00289645
0.00285744
0.00281998
0.00278438
0.00275102
0.00272024
0.00269241
0.00266792
0.00264712
0.00263034
0.0026179
0.00261006
0.00260704
0.00260899
0.00261598
0.00262802
0.00264503
0.00266685
0.00269326
0.00272398
0.00275864
0.00279686
0.00283822
0.00288226
0.00292854
0.00297658
0.00302594
0.00307618
0.00312687
0.00317762
0.00322805
0.00327781
0.00332659
0.00337409
0.00342005
0.00346423
0.00350641
0.00354642
0.00358408
0.00361924
0.00365179
0.00368161
0.00370863
0.00373276
0.00375395
0.00377218
0.0037874
0.00379962
0.00380885
0.0038151
0.00381842
0.00381887
0.00381651
0.00381144
0.00380376
0.00379361
0.00378112
0.00376644
0.00374977
0.00373127
0.00371115
0.00368961
0.00366686
0.00364309
0.00361852
0.00359334
0.00356773
0.00354186
0.00351587
0.00348989
0.00346402
0.00343835
0.00341293
0.00338779
0.00336295
0.00333838
0.00331407
0.00328998
0.00326606
0.00324223
0.00321846
0.00319466
0.00317079
0.00314679
0.00312262
0.00309825
0.00307366
0.00304883
0.00302377
0.00299851
0.00297308
0.00294751
0.00292189
0.00289628
0.00287079
0.00284552
0.00282061
0.00279622
0.0027725
0.00274967
0.00272792
0.00270749
0.00268863
0.00267161
0.00265667
0.0026441
0.00263415
0.00262707
0.00262308
0.00262237
0.00262508
0.00263132
0.00264113
0.00265451
0.00267138
0.00269163
0.00271509
0.00274153
0.00277069
0.00280228
0.00283597
0.00287144
0.00290833
0.0029463
0.00298501
0.00302412
0.00306331
0.00310227
0.00314071
0.00317837
0.00321499
0.00325036
0.00328424
0.00331646
0.00334683
0.00337521
0.00340144
0.00342541
0.003447
0.00346613
0.0034827
0.00349666
0.00350796
0.00351657
0.00352246
0.00352564
0.00352614
0.00352399
0.00351924
0.003512
0.00350234
0.00349041
0.00347634
0.00346029
0.00344246
0.00342303
0.00340223
0.00338026
0.00335735
0.00333374
0.00330964
0.00328526
0.00326081
0.00323646
0.00321238
0.0031887
0.00316554
0.00314298
0.00312107
0.00309983
0.00307927
0.00305937
0.00304008
0.00302133
0.00300306
0.00298517
0.00296758
0.00295019
0.0029329
0.00291562
0.00289826
0.00288075
0.002863
0.00284497
0.0028266
0.00280785
0.0027887
0.00276912
0.00274913
0.00272873
0.00270797
0.0026869
0.00266559
0.00264414
0.00262269
0.00260138
0.00258039
0.00255993
0.00254024
0.00252157
0.00250421
0.00248846
0.00247462
0.00246301
0.00245391
0.00244762
0.00244438
0.00244443
0.00244793
0.00245501
0.00246572
0.00248008
0.00249801
0.00251942
0.00254412
0.0025719
0.00260249
0.00263561
0.00267095
0.00270817
0.00274693
0.00278689
0.00282758
0.00286885
0.00291033
0.00295174
0.0029928
0.00303322
0.00307277
0.00311121
0.00314831
0.00318383
0.00321754
0.00324923
0.00327871
0.0033058
0.00333035
0.0033522
0.00337125
0.00338739
0.00340056
0.00341072
0.00341786
0.00342201
0.00342321
0.00342155
0.00341711
0.00341002
0.0034004
0.00338838
0.00337412
0.00335775
0.00333944
0.00331932
0.00329757
0.00327431
0.0032497
0.00322389
0.00319701
0.00316921
0.0031406
0.00311134
0.00308153
0.0030513
0.00302076
0.00299001
0.00295916
0.00292828
0.00289746
0.00286674
0.0028362
0.00280585
0.00277574
0.00274586
0.00271623
0.00268684
0.00265767
0.0026287
0.00259991
0.00257129
0.00254279
0.00251442
0.00248616
0.00245803
0.00243003
0.00240221
0.00237462
0.00234734
0.00232047
0.00229413
0.00226846
0.00224363
0.00221983
0.00219727
0.00217618
0.00215679
0.00213935
0.00212413
0.00211138
0.00210134
0.00209426
0.00209034
0.00208977
0.00209271
0.00209927
0.00210952
0.00212349
0.00214114
0.00216242
0.0021872
0.00221533
0.00224661
0.0022808
0.00231766
0.00235689
0.0023982
0.00244127
0.00248579
0.00253143
0.00257787
0.00262478
0.00267186
0.00271879
0.00276529
0.00281109
0.0028559
0.00289949
0.00294161
0.00298207
0.00302065
0.00305719
0.00309151
0.00312349
0.003153
0.00317993
0.0032042
0.00322575
0.00324453
0.0032605
0.00327365
0.00328398
0.00329151
0.00329626
0.00329828
0.00329763
0.00329437
0.00328857
0.00328033
0.00326973
0.00325688
0.00324188
0.00322485
0.00320589
0.00318512
0.00316267
0.00313864
0.00311315
0.00308632
0.00305826
0.00302907
0.00299886
0.00296771
0.00293573
0.00290299
0.00286956
0.00283551
0.00280091
0.0027658
0.00273022
0.00269422
0.00265783
0.00262108
0.00258398
0.00254656
0.00250884
0.00247083
0.00243257
0.00239407
0.00235537
0.00231651
0.00227753
0.00223849
0.00219947
0.00216057
0.00212187
0.00208352
0.00204566
0.00200845
0.0019721
0.00193681
0.00190284
0.00187043
0.00183988
0.00181148
0.00178556
0.00176243
0.00174242
0.00172585
0.00171302
0.00170421
0.00169963
0.0016995
0.00170394
0.00171302
0.00172676
0.00174509
0.0017679
0.001795
0.00182617
0.00186113
0.00189958
0.00194117
0.00198557
0.00203241
0.00208132
0.00213194
0.00218392
0.0022369
0.00229057
0.00234459
0.00239866
0.0024525
0.00250584
0.00255841
0.00260999
0.00266036
0.00270931
0.00275665
0.00280222
0.00284585
0.00288742
0.00292678
0.00296385
0.0029985
0.00303067
0.00306028
0.00308728
0.00311162
0.00313326
0.00315219
0.00316838
0.00318185
0.00319259
0.00320062
0.00320597
0.00320866
0.00320873
0.00320624
0.00320122
0.00319374
0.00318385
0.00317162
0.0031571
0.00314037
0.00312149
0.00310055
0.00307759
0.00305271
0.00302595
0.00299741
0.00296713
0.0029352
0.00290167
0.0028666
0.00283006
0.00279211
0.00275279
0.00271218
0.00267032
0.00262726
0.00258306
0.00253777
0.00249144
0.00244414
0.00239592
0.00234685
0.00229699
0.00224642
0.00219523
0.0021435
0.00209134
0.00203887
0.00198623
0.00193357
0.00188105
0.00182888
0.00177727
0.00172648
0.00167678
0.0016285
0.00158197
0.00153757
0.00149572
0.00145687
0.00142147
0.00139001
0.00136297
0.00134081
0.00132395
0.00131276
0.00130752
0.00130841
0.00131552
0.00132879
0.00134807
0.00137311
0.00140357
0.00143903
0.00147905
0.00152315
0.00157085
0.00162165
0.00167509
0.00173072
0.00178812
0.00184689
0.00190665
0.00196706
0.0020278
0.00208857
0.00214909
0.00220912
0.00226842
0.00232678
0.002384
0.00243989
0.00249429
0.00254705
0.00259802
0.00264708
0.00269411
0.002739
0.00278167
0.00282201
0.00285996
0.00289546
0.00292843
0.00295884
0.00298663
0.00301178
0.00303425
0.00305403
0.00307109
0.00308544
0.00309706
0.00310596
0.00311214
0.00311562
0.0031164
0.00311451
0.00310997
0.00310281
0.00309305
0.00308072
0.00306586
0.00304851
0.00302869
0.00300645
0.00298182
0.00295485
0.00292559
0.00289407
0.00286034
0.00282444
0.00278643
0.00274635
0.00270425
0.00266018
0.0026142
0.00256636
0.00251672
0.00246535
0.0024123
0.00235764
0.00230146
0.00224382
0.00218481
0.00212454
0.00206309
0.0020006
0.00193717
0.00187296
0.00180811
0.00174282
0.00167729
0.00161174
0.00154644
0.0014817
0.00141788
0.00135537
0.00129465
0.00123626
0.00118083
0.00112905
0.00108172
0.00103967
0.0010038
0.000974988
0.00095405
0.000941648
0.000938223
0.000943935
0.000958644
0.00098193
0.00101315
0.0010515
0.00109612
0.00114612
0.00120065
0.00125892
0.00132022
0.0013839
0.00144941
0.00151624
0.00158395
0.00165216
0.00172052
0.00178873
0.00185651
0.00192362
0.00198984
0.00205496
0.00211881
0.00218123
0.00224205
0.00230113
0.00235836
0.00241361
0.00246678
0.00251776
0.00256647
0.00261282
0.00265675
0.00269817
0.00273704
0.0027733
0.0028069
0.0028378
0.00286597
0.00289137
0.00291398
0.00293379
0.00295078
0.00296495
0.00297628
0.00298478
0.00299047
0.00299333
0.00299341
0.00299069
0.00298523
0.00297702
0.00296612
0.00295254
0.00293632
0.00291751
0.00289613
0.00287224
0.00284587
0.00281709
0.00278593
0.00275245
0.00271671
0.00267876
0.00263865
0.00259646
0.00255225
0.00250607
0.00245801
0.00240812
0.00235649
0.00230319
0.00224831
0.00219193
0.00213414
0.00207504
0.00201474
0.00195334
0.00189097
0.00182777
0.00176387
0.00169944
0.00163467
0.00156975
0.00150492
0.00144044
0.0013766
0.00131376
0.00125231
0.00119273
0.00113553
0.00108135
0.00103088
0.000984904
0.000944278
0.000909893
0.00088263
0.000863287
0.000852494
0.000850631
0.000857775
0.000873689
0.000897856
0.000929547
0.000967909
0.00101204
0.00106106
0.00111413
0.0011705
0.0012295
0.00129052
0.00135306
0.00141665
0.00148091
0.00154547
0.00161004
0.00167435
0.00173814
0.00180121
0.00186334
0.00192437
0.00198413
0.00204247
0.00209925
0.00215435
0.00220765
0.00225904
0.00230842
0.0023557
0.0024008
0.00244364
0.00248415
0.00252227
0.00255794
0.00259111
0.00262174
0.00264978
0.0026752
0.00269798
0.00271809
0.00273551
0.00275024
0.00276227
0.00277159
0.00277822
0.00278215
0.0027834
0.00278198
0.00277793
0.00277126
0.002762
0.00275019
0.00273587
0.00271908
0.00269985
0.00267824
0.0026543
0.00262809
0.00259966
0.00256907
0.00253638
0.00250167
0.002465
0.00242645
0.00238608
0.00234398
0.00230024
0.00225493
0.00220816
0.00216
0.00211058
0.00205998
0.00200832
0.00195572
0.00190231
0.00184822
0.00179361
0.00173863
0.00168345
0.00162827
0.0015733
0.00151876
0.00146491
0.00141204
0.00136046
0.00131051
0.00126258
0.0012171
0.0011745
0.00113529
0.00109997
0.00106906
0.00104306
0.00102244
0.00100761
0.000998865
0.000996402
0.00100026
0.00101035
0.00102643
0.00104816
0.0010751
0.00110675
0.00114258
0.00118207
0.00122469
0.00126995
0.00131738
0.00136655
0.00141708
0.00146859
0.00152078
0.00157334
0.001626
0.00167853
0.0017307
0.00178231
0.00183317
0.00188312
0.001932
0.00197966
0.00202598
0.00207082
0.00211409
0.00215568
0.00219548
0.00223341
0.0022694
0.00230337
0.00233525
0.00236499
0.00239252
0.00241781
0.00244081
0.00246149
0.00247982
0.00249577
0.00250932
0.00252047
0.00252921
0.00253554
0.00253946
0.00254097
0.00254011
0.00253687
0.00253129
0.0025234
0.00251323
0.00250082
0.00248621
0.00246945
0.00245059
0.00242968
0.0024068
0.002382
0.00235535
0.00232692
0.0022968
0.00226506
0.00223179
0.00219709
0.00216103
0.00212373
0.00208529
0.00204582
0.00200543
0.00196424
0.00192239
0.00188
0.00183723
0.0017942
0.0017511
0.00170807
0.00166531
0.00162299
0.00158132
0.00154051
0.00150077
0.00146235
0.00142548
0.00139043
0.00135745
0.0013268
0.00129876
0.00127358
0.00125152
0.00123279
0.00121761
0.00120614
0.0011985
0.00119478
0.001195
0.00119914
0.0012071
0.00121877
0.00123396
0.00125247
0.00127405
0.00129846
0.00132542
0.00135464
0.00138586
0.0014188
0.0014532
0.0014888
0.00152535
0.00156264
0.00160043
0.00163854
0.00167676
0.00171491
0.00175284
0.00179038
0.00182738
0.00186372
0.00189926
0.00193388
0.00196747
0.00199993
0.00203117
0.00206109
0.00208961
0.00211665
0.00214214
0.00216601
0.00218822
0.00220869
0.00222739
0.00224427
0.00225929
0.00227242
0.00228363
0.00229289
0.00230019
0.00230552
0.00230887
0.00231023
0.0023096
0.00230699
0.00230242
0.0022959
0.00228744
0.00227708
0.00226484
0.00225076
0.00223487
0.00221723
0.00219788
0.00217688
0.00215428
0.00213015
0.00210455
0.00207756
0.00204925
0.00201972
0.00198904
0.00195732
0.00192465
0.00189114
0.0018569
0.00182205
0.00178672
0.00175103
0.00171513
0.00167916
0.00164329
0.00160766
0.00157246
0.00153787
0.00150407
0.00147126
0.00143964
0.00140942
0.00138082
0.00135403
0.00132929
0.00130679
0.00128674
0.00126932
0.00125469
0.001243
0.00123437
0.00122887
0.00122656
0.00122744
0.00123149
0.00123864
0.00124879
0.00126181
0.00127755
0.00129582
0.00131643
0.00133918
0.00136385
0.00139024
0.00141811
0.00144727
0.0014775
0.00150862
0.00154042
0.00157273
0.00160537
0.00163818
0.001671
0.00170369
0.00173612
0.00176815
0.00179966
0.00183053
0.00186066
0.00188996
0.00191831
0.00194564
0.00197186
0.0019969
0.00202068
0.00204313
0.00206419
0.00208381
0.00210193
0.00211849
0.00213346
0.0021468
0.00215847
0.00216843
0.00217666
0.00218313
0.00218783
0.00219074
0.00219185
0.00219114
0.00218863
0.0021843
0.00217816
0.00217023
0.0021605
0.00214902
0.00213578
0.00212083
0.00210419
0.00208589
0.00206598
0.00204449
0.00202149
0.00199701
0.00197112
0.00194389
0.00191537
0.00188565
0.0018548
0.00182291
0.00179006
0.00175637
0.00172192
0.00168684
0.00165124
0.00161525
0.001579
0.00154265
0.00150634
0.00147024
0.00143453
0.00139939
0.00136502
0.00133163
0.00129943
0.00126865
0.00123953
0.00121231
0.00118722
0.0011645
0.00114439
0.00112708
0.00111278
0.00110166
0.00109383
0.00108939
0.00108839
0.00109082
0.00109664
0.00110576
0.00111803
0.0011333
0.00115137
0.00117202
0.00119503
0.00122015
0.00124715
0.0012758
0.00130585
0.00133708
0.00136929
0.00140226
0.0014358
0.00146975
0.00150392
0.00153815
0.00157231
0.00160626
0.00163986
0.00167301
0.00170558
0.00173747
0.00176859
0.00179885
0.00182817
0.00185646
0.00188366
0.00190969
0.00193449
0.001958
0.00198017
0.00200095
0.00202029
0.00203814
0.00205446
0.00206923
0.0020824
0.00209395
0.00210385
0.00211207
0.0021186
0.00212342
0.00212651
0.00212787
0.00212748
0.00212534
0.00212146
0.00211583
0.00210845
0.00209934
0.00208851
0.00207596
0.00206173
0.00204583
0.00202828
0.00200912
0.00198837
0.00196607
0.00194227
0.00191699
0.0018903
0.00186224
0.00183286
0.00180223
0.00177041
0.00173748
0.00170349
0.00166854
0.00163272
0.0015961
0.00155881
0.00152093
0.00148259
0.00144391
0.00140504
0.0013661
0.00132727
0.00128871
0.00125061
0.00121317
0.0011766
0.00114114
0.00110704
0.00107456
0.00104398
0.00101559
0.000989688
0.000966568
0.000946517
0.000929803
0.000916662
0.000907288
0.000901821
0.000900339
0.00090285
0.000909297
0.000919555
0.000933444
0.000950738
0.000971172
0.000994463
0.00102031
0.00104843
0.0010785
0.00111026
0.00114344
0.00117778
0.00121304
0.00124901
0.00128548
0.00132228
0.00135923
0.00139618
0.00143298
0.0014695
0.00150563
0.00154125
0.00157625
0.00161055
0.00164406
0.00167669
0.00170837
0.00173903
0.0017686
0.00179702
0.00182424
0.00185021
0.00187486
0.00189817
0.00192008
0.00194056
0.00195957
0.00197708
0.00199305
0.00200746
0.00202028
0.0020315
0.00204108
0.00204901
0.00205528
0.00205988
0.00206279
0.002064
0.00206351
0.00206132
0.00205742
0.00205182
0.00204453
0.00203554
0.00202487
0.00201254
0.00199854
0.00198292
0.00196567
0.00194683
0.00192642
0.00190447
0.00188102
0.00185609
0.00182972
0.00180196
0.00177285
0.00174244
0.00171078
0.00167792
0.00164393
0.00160886
0.0015728
0.00153581
0.00149797
0.00145938
0.00142011
0.00138028
0.00134
0.00129938
0.00125856
0.00121768
0.00117689
0.00113638
0.00109632
0.00105694
0.00101846
0.000981136
0.000945259
0.000911134
0.000879092
0.000849489
0.000822696
0.00079909
0.000779041
0.000762895
0.000750951
0.000743441
0.000740514
0.000742217
0.000748495
0.000759194
0.000774074
0.000792828
0.000815106
0.000840529
0.000868717
0.000899292
0.000931899
0.0009662
0.00100189
0.00103868
0.00107633
0.00111459
0.00115327
0.00119218
0.00123114
0.00127001
0.00130864
0.00134692
0.00138473
0.00142196
0.00145853
0.00149434
0.00152931
0.00156337
0.00159645
0.00162849
0.00165943
0.0016892
0.00171777
0.00174507
0.00177108
0.00179574
0.00181902
0.00184089
0.0018613
0.00188023
0.00189765
0.00191354
0.00192786
0.00194061
0.00195176
0.00196129
0.0019692
0.00197546
0.00198007
0.00198302
0.00198431
0.00198393
0.00198188
0.00197815
0.00197277
0.00196572
0.00195701
0.00194667
0.00193469
0.0019211
0.0019059
0.00188912
0.00187079
0.00185092
0.00182953
0.00180667
0.00178236
0.00175663
0.00172953
0.00170108
0.00167135
0.00164036
0.00160818
0.00157484
0.00154042
0.00150497
0.00146856
0.00143125
0.00139313
0.00135426
0.00131475
0.00127469
0.00123418
0.00119333
0.00115226
0.00111113
0.00107007
0.00102927
0.000988895
0.000949173
0.000910337
0.000872655
0.000836423
0.000801974
0.000769674
0.000739921
0.000713137
0.000689761
0.000670225
0.00065493
0.00064422
0.000638349
0.000637453
0.000641535
0.00065047
0.000664007
0.000681807
0.000703464
0.000728538
0.000756586
0.000787174
0.000819896
0.000854377
0.000890279
0.000927298
0.000965163
0.00100364
0.0010425
0.00108157
0.00112068
0.00115967
0.00119841
0.00123679
0.00127468
0.00131199
0.00134864
0.00138452
0.00141958
0.00145374
0.00148692
0.00151909
0.00155016
0.00158011
0.00160887
0.00163639
0.00166265
0.0016876
0.0017112
0.00173342
0.00175423
0.0017736
0.0017915
0.00180792
0.00182282
0.00183618
0.001848
0.00185825
0.00186693
0.00187402
0.0018795
0.00188339
0.00188567
0.00188633
0.00188538
0.00188283
0.00187867
0.0018729
0.00186555
0.00185661
0.00184611
0.00183405
0.00182045
0.00180534
0.00178872
0.00177064
0.00175111
0.00173016
0.00170782
0.00168413
0.00165913
0.00163284
0.00160531
0.0015766
0.00154673
0.00151577
0.00148377
0.00145079
0.00141689
0.00138213
0.00134659
0.00131034
0.00127346
0.00123605
0.0011982
0.00116002
0.00112161
0.0010831
0.00104465
0.00100638
0.000968486
0.000931145
0.000894569
0.000858993
0.000824679
0.000791915
0.000761019
0.000732337
0.000706235
0.000683096
0.000663301
0.000647216
0.000635163
0.000627399
0.000624091
0.000625301
0.000630974
0.000640949
0.00065497
0.000672711
0.000693804
0.000717856
0.000744476
0.000773287
0.000803932
0.000836086
0.000869451
0.000903761
0.000938777
0.000974285
0.0010101
0.00104604
0.00108196
0.00111773
0.00115322
0.00118832
0.00122293
0.00125696
0.00129032
0.00132295
0.00135476
0.0013857
0.0014157
0.00144471
0.00147268
0.00149956
0.0015253
0.00154987
0.00157323
0.00159534
0.00161618
0.0016357
0.00165389
0.00167072
0.00168618
0.00170022
0.00171286
0.00172405
0.0017338
0.00174209
0.00174892
0.00175427
0.00175814
0.00176053
0.00176145
0.00176088
0.00175883
0.00175532
0.00175034
0.00174392
0.00173605
0.00172676
0.00171606
0.00170397
0.00169051
0.00167571
0.00165959
0.00164217
0.0016235
0.00160359
0.00158249
0.00156024
0.00153687
0.00151243
0.00148697
0.00146053
0.00143316
0.00140493
0.00137589
0.00134611
0.00131566
0.00128461
0.00125303
0.00122102
0.00118866
0.00115605
0.0011233
0.00109052
0.00105784
0.00102539
0.000993315
0.000961777
0.000930948
0.000901015
0.00087218
0.000844659
0.000818681
0.000794487
0.000772326
0.000752449
0.000735102
0.000720518
0.000708904
0.000700432
0.00069523
0.000693369
0.00069486
0.000699655
0.000707646
0.000718674
0.000732541
0.000749015
0.000767849
0.000788784
0.000811561
0.000835929
0.000861647
0.000888486
0.000916235
0.000944696
0.00097369
0.00100305
0.00103263
0.00106228
0.00109189
0.00112133
0.00115051
0.00117932
0.00120768
0.0012355
0.00126271
0.00128925
0.00131505
0.00134005
0.0013642
0.00138744
0.00140974
0.00143105
0.00145133
0.00147055
0.00148867
0.00150567
0.00152152
0.00153618
0.00154966
0.00156191
0.00157293
0.0015827
0.00159121
0.00159845
0.00160441
0.00160909
0.00161248
0.00161459
0.0016154
0.00161494
0.00161319
0.00161018
0.0016059
0.00160038
0.00159362
0.00158564
0.00157646
0.00156611
0.00155459
0.00154195
0.0015282
0.00151337
0.00149751
0.00148064
0.0014628
0.00144404
0.00142439
0.0014039
0.00138262
0.00136061
0.00133791
0.00131459
0.00129071
0.00126634
0.00124155
0.00121642
0.00119102
0.00116544
0.00113977
0.00111411
0.00108856
0.00106323
0.00103824
0.0010137
0.000989744
0.000966507
0.000944128
0.00092275
0.000902523
0.000883597
0.00086612
0.000850241
0.000836101
0.00082383
0.000813548
0.000805355
0.000799331
0.000795531
0.000793984
0.00079469
0.000797622
0.000802725
0.00080992
0.000819103
0.000830156
0.000842942
0.000857319
0.000873133
0.000890231
0.000908459
0.000927663
0.000947696
0.000968415
0.000989684
0.00101137
0.00103336
0.00105553
0.00107777
0.0011
0.0011221
0.00114399
0.0011656
0.00118685
0.00120766
0.00122797
0.00124773
0.00126687
0.00128535
0.00130311
0.00132011
0.00133631
0.00135168
0.00136617
0.00137977
0.00139244
0.00140415
0.00141488
0.00142461
0.00143333
0.00144102
0.00144766
0.00145326
0.00145778
0.00146125
0.00146364
0.00146495
0.0014652
0.00146438
0.0014625
0.00145956
0.00145557
0.00145055
0.00144452
0.00143748
0.00142946
0.00142047
0.00141055
0.00139971
0.00138799
0.00137542
0.00136202
0.00134785
0.00133292
0.00131729
0.001301
0.0012841
0.00126664
0.00124867
0.00123024
0.00121143
0.00119228
0.00117287
0.00115327
0.00113356
0.00111381
0.0010941
0.00107453
0.00105517
0.00103613
0.0010175
0.000999386
0.000981884
0.0009651
0.000949139
0.000934107
0.000920108
0.000907242
0.000895606
0.000885289
0.000876374
0.000868933
0.000863025
0.000858696
0.000855979
0.000854889
0.000855425
0.00085757
0.000861292
0.000866543
0.00087326
0.000881371
0.000890791
0.000901429
0.000913185
0.000925957
0.000939639
0.000954124
0.000969305
0.000985077
0.00100134
0.00101798
0.00103492
0.00105205
0.00106928
0.00108654
0.00110374
0.0011208
0.00113766
0.00115424
0.00117048
0.00118632
0.0012017
0.00121657
0.00123088
0.00124459
0.00125765
0.00127002
0.00128167
0.00129257
0.00130267
0.00131196
0.00132042
0.00132801
0.00133471
0.00134052
0.00134541
0.00134937
0.0013524
0.00135447
0.0013556
0.00135577
0.00135498
0.00135324
0.00135054
0.0013469
0.00134231
0.0013368
0.00133038
0.00132305
0.00131484
0.00130576
0.00129585
0.00128511
0.00127359
0.00126131
0.0012483
0.0012346
0.00122025
0.00120529
0.00118976
0.00117371
0.0011572
0.00114028
0.001123
0.00110542
0.00108763
0.00106967
0.00105163
0.00103359
0.00101563
0.000997826
0.000980277
0.000963076
0.000946318
0.000930105
0.000914538
0.000899722
0.00088576
0.000872758
0.000860815
0.000850031
0.000840497
0.000832298
0.000825509
0.000820195
0.000816406
0.000814178
0.000813532
0.000814473
0.000816988
0.00082105
0.000826615
0.000833626
0.000842013
0.000851697
0.000862587
0.000874589
0.000887602
0.000901523
0.000916245
0.000931665
0.000947677
0.000964179
0.000981072
0.000998259
0.00101565
0.00103315
0.00105067
0.00106814
0.00108548
0.00110262
0.00111948
0.00113601
0.00115213
0.0011678
0.00118295
0.00119755
0.00121153
0.00122486
0.00123749
0.00124939
0.00126052
0.00127085
0.00128034
0.00128898
0.00129672
0.00130356
0.00130946
0.00131442
0.00131841
0.00132142
0.00132345
0.00132447
0.00132448
0.00132349
0.00132147
0.00131844
0.0013144
0.00130934
0.00130328
0.00129622
0.00128816
0.00127914
0.00126915
0.00125821
0.00124634
0.00123357
0.00121992
0.00120541
0.00119008
0.00117395
0.00115706
0.00113945
0.00112116
0.00110223
0.00108272
0.00106267
0.00104214
0.0010212
0.000999903
0.000978326
0.000956545
0.000934642
0.000912707
0.000890835
0.000869129
0.000847701
0.000826668
0.000806158
0.000786304
0.000767248
0.000749138
0.000732129
0.000716376
0.000702038
0.00068927
0.000678219
0.000669024
0.000661806
0.000656665
0.000653676
0.000652886
0.00065431
0.000657932
0.000663703
0.000671548
0.000681364
0.000693032
0.000706412
0.000721358
0.000737714
0.000755322
0.000774028
0.000793677
0.000814122
0.000835221
0.00085684
0.000878851
0.000901136
0.000923583
0.000946087
0.000968551
0.000990885
0.001013
0.00103483
0.00105628
0.0010773
0.00109782
0.00111778
0.00113712
0.00115579
0.00117374
0.00119094
0.00120732
0.00122287
0.00123753
0.00125127
0.00126407
0.0012759
0.00128672
0.00129651
0.00130525
0.00131293
0.00131951
0.00132499
0.00132935
0.00133257
0.00133466
0.00133559
0.00133537
0.00133398
0.00133142
0.0013277
0.00132282
0.00131676
0.00130955
0.00130118
0.00129167
0.00128102
0.00126925
0.00125636
0.00124238
0.00122731
0.00121119
0.00119403
0.00117585
0.00115669
0.00113656
0.0011155
0.00109354
0.00107072
0.00104708
0.00102265
0.000997482
0.000971626
0.000945133
0.000918061
0.000890473
0.000862438
0.00083403
0.000805335
0.000776443
0.00074746
0.0007185
0.000689694
0.000661188
0.000633151
0.000605772
0.000579265
0.000553875
0.000529876
0.000507573
0.0004873
0.000469409
0.000454262
0.00044221
0.000433564
0.00042857
0.000427379
0.000430028
0.000436441
0.000446431
0.000459727
0.000476002
0.000494899
0.000516059
0.000539135
0.000563802
0.000589767
0.000616767
0.000644566
0.000672959
0.000701764
0.00073082
0.000759984
0.000789131
0.000818149
0.000846936
0.000875401
0.000903462
0.000931045
0.00095808
0.000984505
0.00101026
0.0010353
0.00105956
0.00108301
0.00110559
0.00112728
0.00114802
0.0011678
0.00118657
0.0012043
0.00122097
0.00123656
0.00125103
0.00126436
0.00127654
0.00128755
0.00129737
0.00130598
0.00131337
0.00131953
0.00132446
0.00132813
0.00133055
0.00133171
0.00133161
0.00133024
0.0013276
0.0013237
0.00131854
0.00131212
0.00130445
0.00129553
0.00128537
0.00127399
0.00126139
0.00124759
0.00123261
0.00121645
0.00119913
0.00118069
0.00116112
0.00114047
0.00111874
0.00109597
0.00107217
0.00104739
0.00102165
0.000994972
0.0009674
0.000938965
0.000909704
0.000879655
0.000848861
0.000817366
0.000785216
0.000752462
0.00071916
0.000685371
0.000651161
0.000616605
0.000581788
0.00054681
0.000511788
0.000476861
0.000442204
0.000408034
0.000374634
0.000342373
0.000311745
0.00028341
0.000258244
0.00023736
0.000222047
0.000213558
0.000212732
0.000219641
0.000233561
0.000253276
0.00027747
0.000304985
0.000334897
0.000366506
0.000399289
0.000432856
0.000466911
0.000501225
0.000535618
0.000569946
0.000604087
0.000637943
0.000671426
0.000704461
0.000736982
0.000768928
0.000800245
0.000830883
0.000860796
0.000889941
0.000918279
0.000945771
0.000972384
0.000998083
0.00102284
0.00104662
0.0010694
0.00109115
0.00111185
0.00113148
0.00115001
0.00116742
0.0011837
0.00119883
0.00121279
0.00122557
0.00123716
0.00124753
0.0012567
0.00126464
0.00127134
0.00127681
0.00128104
0.00128402
0.00128575
0.00128624
0.00128548
0.00128347
0.00128022
0.00127574
0.00127002
0.00126308
0.00125493
0.00124557
0.00123502
0.00122329
0.00121039
0.00119634
0.00118116
0.00116486
0.00114746
0.00112899
0.00110946
0.0010889
0.00106733
0.00104477
0.00102126
0.000996825
0.000971486
0.000945279
0.000918236
0.00089039
0.000861777
0.000832434
0.0008024
0.000771717
0.000740428
0.000708582
0.000676227
0.00064342
0.00061022
0.000576695
0.00054292
0.000508984
0.000474987
0.000441055
0.000407341
0.00037404
0.000341404
0.000309774
0.000279614
0.000251569
0.000226526
0.000205668
0.000190434
0.000182269
0.000182121
0.000189973
0.000204848
0.000225276
0.000249804
0.00027724
0.000306688
0.000337505
0.000369223
0.000401505
0.000434097
0.000466808
0.000499486
0.00053201
0.00056428
0.000596214
0.000627737
0.000658788
0.00068931
0.000719252
0.00074857
0.000777219
0.000805162
0.000832363
0.000858786
0.000884401
0.000909179
0.00093309
0.000956109
0.000978211
0.000999373
0.00101957
0.00103879
0.00105701
0.00107421
0.00109038
0.00110549
0.00111955
0.00113252
0.00114442
0.00115521
0.00116491
0.00117349
0.00118095
0.0011873
0.00119252
0.00119661
0.00119958
0.00120141
0.00120213
0.00120172
0.00120019
0.00119756
0.00119381
0.00118897
0.00118305
0.00117604
0.00116797
0.00115885
0.00114869
0.00113751
0.00112533
0.00111216
0.00109802
0.00108294
0.00106693
0.00105003
0.00103225
0.00101363
0.000994184
0.000973953
0.000952965
0.000931254
0.000908856
0.000885808
0.000862151
0.000837927
0.000813183
0.000787967
0.000762333
0.000736337
0.000710042
0.000683517
0.000656836
0.000630084
0.000603353
0.000576749
0.000550391
0.000524416
0.00049898
0.000474262
0.000450471
0.000427844
0.000406653
0.000387205
0.000369835
0.000354898
0.000342751
0.000333726
0.00032809
0.000326018
0.000327561
0.000332637
0.000341046
0.000352496
0.000366638
0.000383101
0.000401522
0.000421558
0.000442902
0.00046528
0.000488456
0.000512223
0.000536405
0.00056085
0.000585424
0.000610013
0.000634517
0.000658848
0.000682928
0.000706687
0.000730064
0.000753003
0.000775454
0.000797371
0.000818712
0.000839438
0.000859516
0.000878913
0.000897599
0.000915548
0.000932734
0.000949134
0.000964727
0.000979495
0.000993419
0.00100648
0.00101867
0.00102998
0.00104039
0.00104988
0.00105847
0.00106613
0.00107286
0.00107865
0.00108351
0.00108743
0.00109041
0.00109246
0.00109356
0.00109374
0.00109298
0.00109131
0.00108871
0.00108521
0.00108082
0.00107553
0.00106938
0.00106236
0.00105449
0.0010458
0.00103629
0.00102599
0.00101492
0.0010031
0.000990547
0.000977294
0.000963364
0.000948786
0.000933589
0.000917806
0.000901471
0.000884618
0.000867286
0.000849516
0.000831351
0.000812836
0.00079402
0.000774956
0.0007557
0.000736311
0.000716853
0.000697396
0.000678014
0.000658786
0.000639798
0.000621142
0.000602918
0.000585231
0.000568194
0.000551926
0.000536552
0.000522202
0.000509008
0.000497101
0.00048661
0.000477656
0.000470346
0.000464772
0.000461002
0.000459079
0.000459018
0.000460802
0.000464386
0.0004697
0.00047665
0.000485122
0.000494991
0.000506124
0.000518383
0.00053163
0.000545732
0.000560558
0.000575986
0.0005919
0.000608192
0.000624762
0.000641518
0.000658374
0.000675252
0.00069208
0.000708793
0.00072533
0.000741635
0.000757656
0.000773349
0.000788668
0.000803575
0.000818034
0.00083201
0.000845474
0.000858397
0.000870754
0.000882521
0.000893676
0.000904201
0.000914079
0.000923292
0.000931828
0.000939675
0.00094682
0.000953257
0.000958976
0.000963972
0.00096824
0.000971777
0.000974581
0.000976651
0.000977989
0.000978596
0.000978476
0.000977633
0.000976074
0.000973807
0.000970839
0.000967182
0.000962846
0.000957844
0.00095219
0.000945899
0.000938989
0.000931477
0.000923383
0.000914727
0.000905534
0.000895825
0.000885628
0.000874968
0.000863876
0.000852381
0.000840516
0.000828316
0.000815815
0.000803052
0.000790068
0.000776904
0.000763606
0.000750219
0.000736793
0.000723379
0.000710031
0.000696805
0.00068376
0.000670956
0.000658455
0.000646323
0.000634625
0.000623428
0.000612798
0.000602803
0.000593509
0.000584979
0.000577274
0.000570449
0.000564555
0.000559636
0.000555727
0.000552856
0.000551039
0.000550284
0.000550587
0.000551934
0.0005543
0.000557652
0.000561948
0.000567139
0.000573168
0.000579975
0.000587496
0.000595663
0.000604408
0.000613663
0.000623359
0.000633428
0.000643805
0.000654427
0.000665232
0.000676161
0.000687159
0.000698172
0.000709151
0.000720047
0.000730816
0.000741416
0.000751808
0.000761956
0.000771824
0.000781382
0.000790599
0.000799448
0.000807904
0.000815944
0.000823546
0.000830691
0.000837362
0.000843541
0.000849216
0.000854374
0.000859003
0.000863095
0.000866642
0.000869636
0.000872074
0.000873952
0.000875268
0.00087602
0.000876211
0.000875842
0.000874917
0.000873441
0.000871419
0.000868859
0.000865771
0.000862165
0.000858052
0.000853445
0.000848359
0.00084281
0.000836815
0.000830392
0.000823563
0.000816347
0.000808769
0.000800854
0.000792626
0.000784114
0.000775348
0.000766357
0.000757175
0.000747835
0.000738373
0.000728826
0.000719234
0.000709635
0.000700072
0.000690589
0.000681228
0.000672036
0.000663058
0.000654342
0.000645934
0.000637882
0.000630232
0.00062303
0.000616321
0.000610147
0.000604548
0.000599561
0.000595219
0.000591552
0.000588584
0.000586333
0.000584814
0.000584033
0.000583992
0.000584686
0.000586105
0.000588231
0.000591043
0.000594512
0.000598608
0.000603295
0.000608532
0.000614279
0.000620492
0.000627123
0.000634127
0.000641456
0.000649063
0.0006569
0.000664921
0.00067308
0.000681332
0.000689635
0.000697946
0.000706225
0.000714434
0.000722536
0.000730494
0.000738277
0.000745852
0.00075319
0.000760262
0.000767041
0.000773504
0.000779626
0.000785386
0.000790765
0.000795744
0.000800307
0.000804437
0.000808122
0.000811348
0.000814106
0.000816386
0.000818179
0.00081948
0.000820283
0.000820584
0.00082038
0.000819672
0.000818458
0.000816741
0.000814523
0.00081181
0.000808606
0.000804919
0.000800757
0.000796131
0.000791051
0.000785531
0.000779585
0.000773229
0.000766479
0.000759356
0.000751879
0.00074407
0.000735955
0.000727557
0.000718905
0.000710027
0.000700954
0.00069172
0.000682359
0.000672908
0.000663405
0.00065389
0.000644407
0.000634999
0.000625712
0.000616594
0.000607694
0.000599061
0.000590748
0.000582804
0.000575282
0.000568234
0.000561708
0.000555753
0.000550416
0.000545738
0.000541759
0.000538513
0.000536028
0.000534326
0.000533424
0.00053333
0.000534046
0.000535567
0.000537879
0.000540964
0.000544795
0.00054934
0.000554564
0.000560425
0.000566879
0.000573877
0.00058137
0.000589307
0.000597637
0.000606307
0.000615266
0.000624462
0.000633845
0.000643365
0.000652977
0.000662633
0.000672288
0.000681902
0.000691432
0.000700841
0.00071009
0.000719145
0.000727972
0.00073654
0.000744819
0.00075278
0.000760396
0.000767644
0.000774499
0.00078094
0.000786946
0.000792498
0.000797579
0.000802172
0.000806263
0.000809838
0.000812886
0.000815395
0.000817356
0.000818761
0.000819602
0.000819874
0.000819573
0.000818695
0.000817238
0.000815201
0.000812585
0.000809391
0.000805623
0.000801284
0.00079638
0.000790917
0.000784904
0.000778351
0.000771267
0.000763666
0.00075556
0.000746966
0.000737899
0.000728378
0.000718423
0.000708056
0.0006973
0.000686181
0.000674727
0.000662968
0.000650936
0.000638665
0.000626194
0.000613562
0.000600812
0.000587992
0.000575151
0.000562344
0.000549626
0.00053706
0.000524712
0.00051265
0.000500949
0.000489685
0.000478939
0.000468795
0.000459338
0.000450653
0.000442824
0.000435935
0.000430061
0.000425273
0.000421629
0.000419179
0.000417956
0.00041798
0.000419253
0.000421761
0.000425476
0.000430354
0.000436339
0.000443365
0.000451358
0.000460238
0.000469922
0.000480324
0.000491358
0.000502943
0.000514995
0.000527436
0.000540192
0.00055319
0.000566364
0.000579649
0.000592986
0.000606318
0.000619593
0.000632761
0.000645776
0.000658595
0.000671178
0.000683485
0.000695482
0.000707135
0.000718413
0.000729287
0.000739729
0.000749713
0.000759217
0.000768216
0.000776691
0.000784622
0.00079199
0.00079878
0.000804976
0.000810564
0.000815531
0.000819865
0.000823556
0.000826594
0.000828972
0.000830682
0.000831717
0.000832075
0.000831749
0.000830738
0.00082904
0.000826654
0.000823581
0.000819822
0.000815379
0.000810257
0.00080446
0.000797994
0.000790865
0.000783082
0.000774653
0.000765589
0.000755901
0.000745601
0.000734704
0.000723225
0.000711179
0.000698586
0.000685463
0.000671832
0.000657716
0.000643139
0.000628127
0.000612709
0.000596915
0.00058078
0.000564339
0.000547634
0.000530706
0.000513604
0.000496382
0.000479098
0.000461817
0.000444612
0.000427564
0.000410766
0.00039432
0.000378343
0.000362964
0.000348328
0.000334597
0.000321943
0.000310554
0.000300622
0.000292338
0.000285882
0.000281407
0.000279028
0.00027881
0.000280761
0.00028483
0.000290913
0.000298867
0.000308518
0.000319677
0.000332151
0.000345753
0.000360305
0.000375643
0.000391619
0.000408098
0.000424961
0.000442101
0.000459423
0.000476843
0.000494285
0.00051168
0.000528968
0.000546094
0.000563006
0.000579659
0.000596011
0.000612023
0.00062766
0.000642887
0.000657675
0.000671996
0.000685821
0.000699127
0.00071189
0.000724088
0.000735702
0.000746712
0.000757102
0.000766853
0.000775952
0.000784384
0.000792136
0.000799196
0.000805554
0.000811199
0.000816123
0.000820318
0.000823776
0.000826492
0.000828462
0.00082968
0.000830143
0.000829851
0.0008288
0.000826991
0.000824425
0.000821102
0.000817025
0.000812198
0.000806623
0.000800307
0.000793255
0.000785474
0.000776971
0.000767755
0.000757834
0.000747221
0.000735924
0.000723958
0.000711333
0.000698064
0.000684166
0.000669655
0.000654546
0.000638857
0.000622608
0.000605818
0.000588507
0.000570698
0.000552415
0.000533682
0.000514526
0.000494977
0.000475065
0.000454824
0.000434291
0.000413508
0.000392521
0.000371381
0.000350151
0.000328901
0.000307716
0.0002867
0.000265984
0.00024573
0.000226148
0.000207514
0.000190186
0.000174624
0.000161405
0.000151197
0.000144677
0.000142373
0.00014449
0.000150828
0.000160863
0.000173914
0.00018931
0.000206469
0.000224927
0.000244321
0.000264375
0.000284877
0.000305661
0.000326598
0.000347583
0.000368531
0.000389369
0.000410038
0.000430485
0.000450664
0.000470533
0.000490056
0.000509199
0.000527931
0.000546223
0.00056405
0.000581385
0.000598207
0.000614492
0.000630221
0.000645374
0.000659932
0.000673879
0.000687198
0.000699873
0.000711891
0.000723237
0.000733899
0.000743866
0.000753126
0.000761669
0.000769487
0.00077657
0.000782912
0.000788505
0.000793345
0.000797425
0.000800741
