
Primal Residual: 
21.6995
7.86993
3.07319
4.13491
2.97735
1.71626
1.31058
1.25488
1.11733
0.923709
0.771549
0.677448
0.616947
0.567801
0.513247
0.454042
0.408779
0.395077
0.40928
0.429851
0.437473
0.4239
0.391326
0.349459
0.312464
0.292015
0.287499
0.288865
0.286523
0.276774
0.261884
0.247101
0.237239
0.233521
0.233659
0.234026
0.231887
0.226268
0.217757
0.207913
0.198672
0.191814
0.188361
0.188785
0.192508
0.198336
0.204967
0.211172
0.216085
0.219287
0.220745
0.220709
0.219567
0.217718
0.215466
0.212995
0.210381
0.207653
0.204845
0.202033
0.199379
0.196991
0.194859
0.192896
0.190961
0.188907
0.186616
0.184035
0.18119
0.178191
0.175208
0.172435
0.170047
0.168154
0.166776
0.165831
0.165159
0.164532
0.163726
0.162519
0.160754
0.158336
0.155228
0.151458
0.147117
0.142357
0.137391
0.13248
0.127915
0.123991
0.120969
0.119034
0.118263
0.11861
0.119915
0.121926
0.12435
0.126898
0.129315
0.131405
0.133034
0.134138
0.134716
0.134824
0.13456
0.134055
0.133451
0.132887
0.13248
0.132313
0.132429
0.132817
0.133442
0.134237
0.13511
0.135967
0.136721
0.137294
0.137626
0.137668
0.137385
0.136753
0.135758
0.134395
0.132666
0.130579
0.128146
0.125385
0.122319
0.118979
0.115403
0.111644
0.107764
0.103841
0.0999687
0.0962559
0.0928216
0.0897932
0.0872931
0.0854252
0.0842605
0.0838248
0.0840916
0.0849839
0.0863834
0.0881446
0.0901102
0.0921248
0.0940461
0.0957522
0.0971456
0.0981552
0.0987361
0.0988663
0.0985471
0.0978231
0.0967539
0.0954134
0.0938893
0.092279
0.0906832
0.0891993
0.0879136
0.0868946
0.0861872
0.0858092
0.0857513
0.0859806
0.0864455
0.0870826
0.0878246
0.0886066
0.0893711
0.0900715
0.0906733
0.0911554
0.0915082
0.091732
0.0918343
0.0918274
0.0917257
0.0915431
0.0912917
0.0909797
0.0906116
0.0901882
0.0897073
0.0891634
0.0885505
0.0878662
0.0871133
0.0863013
0.0854454
0.084567
0.0836917
0.0828477
0.082063
0.0813631
0.0807682
0.0802915
0.0799381
0.0797045
0.079579
0.0795435
0.0795749
0.0796476
0.0797354
0.0798136
0.0798603
0.0798578
0.0797926
0.0796563
0.0794449
0.0791589
0.0788024
0.0783823
0.0779081
0.0773909
0.0768438
0.0762818
0.0757203
0.0751755
0.0746637
0.0742008
0.0738024
0.0734827
0.073254
0.0731264
0.0731067
0.0731983
0.0734005
0.0737083
0.074113
0.0746018
0.0751587
0.0757653
0.0764015
0.0770461
0.0776776
0.078275
0.0788183
0.0792895
0.0796731
0.079955
0.0801231
0.0801675
0.0800806
0.0798569
0.0794932
0.0789884
0.0783432
0.0775605
0.0766455
0.0756054
0.0744493
0.0731886
0.0718378
0.0704141
0.0689372
0.067429
0.0659142
0.0644196
0.0629739
0.0616075
0.060351
0.0592339
0.0582843
0.0575269
0.056981
0.0566599
0.0565696
0.0567079
0.0570645
0.0576219
0.0583566
0.0592402
0.0602414
0.0613273
0.0624649
0.063622
0.0647682
0.0658756
0.0669194
0.0678781
0.0687339
0.0694724
0.0700834
0.0705599
0.0708986
0.0710995
0.0711657
0.0711031
0.0709199
0.0706263
0.0702343
0.0697569
0.0692078
0.068601
0.0679503
0.067269
0.0665693
0.0658621
0.0651568
0.0644609
0.0637803
0.0631187
0.062478
0.0618582
0.0612581
0.0606751
0.0601054
0.0595446
0.0589875
0.0584289
0.0578636
0.0572866
0.0566938
0.0560816
0.0554479
0.0547917
0.0541137
0.0534164
0.0527042
0.0519834
0.0512626
0.0505523
0.0498646
0.0492134
0.0486136
0.0480806
0.0476298
0.0472755
0.0470303
0.0469041
0.0469035
0.0470311
0.0472856
0.0476613
0.0481489
0.0487357
0.0494064
0.0501441
0.0509309
0.0517485
0.0525797
0.053408
0.0542184
0.054998
0.0557357
0.0564224
0.0570513
0.0576174
0.0581177
0.0585507
0.0589163
0.0592154
0.0594498
0.0596217
0.0597338
0.0597886
0.0597885
0.0597356
0.0596312
0.0594763
0.0592711
0.0590152
0.0587075
0.0583467
0.0579307
0.0574573
0.0569246
0.0563307
0.0556745
0.0549556
0.0541743
0.0533322
0.0524322
0.0514787
0.0504778
0.0494371
0.0483664
0.0472772
0.0461827
0.0450983
0.0440407
0.0430282
0.0420801
0.0412161
0.0404552
0.0398156
0.0393132
0.0389607
0.0387667
0.0387352
0.038865
0.0391496
0.0395783
0.0401363
0.0408058
0.0415674
0.0424003
0.0432842
0.0441987
0.0451252
0.0460463
0.0469463
0.0478116
0.0486305
0.0493935
0.0500927
0.0507224
0.0512784
0.0517583
0.0521611
0.0524873
0.0527383
0.0529168
0.0530261
0.0530701
0.0530533
0.0529802
0.0528557
0.0526844
0.0524709
0.0522193
0.0519333
0.0516163
0.0512711
0.0508998
0.0505043
0.0500858
0.0496453
0.0491835
0.0487011
0.0481983
0.0476756
0.0471337
0.0465735
0.0459961
0.0454032
0.0447971
0.0441803
0.0435563
0.0429288
0.0423024
0.0416817
0.0410723
0.0404796
0.0399095
0.0393677
0.0388601
0.038392
0.0379685
0.0375938
0.0372716
0.0370046
0.0367946
0.0366425
0.0365479
0.0365099
0.0365265
0.036595
0.0367121
0.0368742
0.0370776
0.0373181
0.0375915
0.0378939
0.0382213
0.0385702
0.0389372
0.0393193
0.0397137
0.0401175
0.0405281
0.040943
0.0413595
0.0417751
0.042187
0.0425924
0.0429882
0.0433712
0.0437381
0.0440851
0.0444086
0.0447045
0.0449689
0.0451977
0.045387
0.0455328
0.0456314
0.0456793
0.0456733
0.0456109
0.0454896
0.0453078
0.0450644
0.0447589
0.0443916
0.0439633
0.0434759
0.0429318
0.0423344
0.0416876
0.0409964
0.0402664
0.0395038
0.0387158
0.03791
0.0370945
0.0362779
0.0354692
0.0346774
0.0339119
0.0331821
0.0324968
0.0318647
0.0312934
0.0307898
0.0303598
0.0300076
0.0297362
0.029547
0.0294398
0.0294131
0.0294639
0.029588
0.0297803
0.030035
0.0303461
0.0307069
0.031111
0.0315519
0.0320235
0.0325197
0.0330348
0.0335635
0.0341007
0.0346413
0.0351809
0.0357149
0.036239
0.0367489
0.0372407
0.0377103
0.0381538
0.0385673
0.0389473
0.0392902
0.0395926
0.0398513
0.0400636
0.0402267
0.0403384
0.0403969
0.0404006
0.0403487
0.0402405
0.0400762
0.0398563
0.0395821
0.0392554
0.0388787
0.0384548
0.0379876
0.0374813
0.0369407
0.0363712
0.0357787
0.0351695
0.0345504
0.0339283
0.0333104
0.0327041
0.0321165
0.0315547
0.0310254
0.0305348
0.0300882
0.0296905
0.0293452
0.029055
0.0288214
0.0286447
0.028524
0.0284576
0.0284427
0.0284755
0.0285518
0.0286668
0.0288153
0.0289922
0.0291924
0.0294109
0.0296431
0.0298847
0.0301316
0.0303805
0.0306281
0.0308717
0.0311091
0.0313382
0.0315573
0.0317652
0.0319607
0.032143
0.0323113
0.0324653
0.0326045
0.0327287
0.0328378
0.0329317
0.0330106
0.0330744
0.0331236
0.0331582
0.0331786
0.0331853
0.0331786
0.0331592
0.0331274
0.0330839
0.0330293
0.0329641
0.0328888
0.0328042
0.0327108
0.0326092
0.0325
0.0323836
0.0322605
0.0321308
0.0319948
0.0318526
0.0317043
0.0315498
0.0313888
0.0312214
0.0310471
0.0308657
0.030677
0.0304808
0.030277
0.0300655
0.0298465
0.0296204
0.0293875
0.0291487
0.0289049
0.0286574
0.0284077
0.0281575
0.0279088
0.027664
0.0274253
0.0271953
0.0269768
0.0267724
0.0265849
0.0264166
0.02627
0.0261472
0.02605
0.0259796
0.0259371
0.0259226
0.0259363
0.0259773
0.0260445
0.0261364
0.0262509
0.0263855
0.0265376
0.0267043
0.0268826
0.0270694
0.0272617
0.0274563
0.0276506
0.0278419
0.0280277
0.0282058
0.0283744
0.0285318
0.0286768
0.0288083
0.0289255
0.029028
0.0291155
0.029188
0.0292457
0.0292889
0.029318
0.0293337
0.0293366
0.0293272
0.0293064
0.0292747
0.0292329
0.0291813
0.0291205
0.0290508
0.0289726
0.0288859
0.0287908
0.0286873
0.0285752
0.0284544
0.0283245
0.0281854
0.0280367
0.0278782
0.0277096
0.0275308
0.0273417
0.0271424
0.026933
0.0267141
0.0264861
0.02625
0.0260067
0.0257575
0.0255039
0.0252477
0.0249909
0.0247356
0.0244843
0.0242395
0.0240041
0.0237808
0.0235725
0.0233822
0.0232127
0.0230665
0.0229463
0.0228541
0.0227917
0.0227606
0.0227614
0.0227947
0.0228603
0.0229573
0.0230844
0.0232398
0.0234211
0.0236256
0.0238499
0.0240908
0.0243443
0.0246067
0.0248739
0.0251419
0.0254065
0.025664
0.0259103
0.0261419
0.0263551
0.0265467
0.0267137
0.0268533
0.0269629
0.0270405
0.0270842
0.0270926
0.0270644
0.0269989
0.0268958
0.0267551
0.0265773
0.026363
0.0261137
0.0258311
0.0255173
0.0251749
0.024807
0.0244171
0.0240092
0.0235878
0.0231577
0.0227244
0.0222934
0.0218709
0.0214631
0.0210765
0.0207175
0.0203926
0.0201078
0.0198686
0.0196799
0.0195456
0.0194685
0.0194501
0.0194907
0.019589
0.0197427
0.0199483
0.0202013
0.0204963
0.0208274
0.0211886
0.0215734
0.0219754
0.0223884
0.0228064
0.0232237
0.0236349
0.024035
0.0244195
0.0247841
0.0251252
0.0254392
0.0257234
0.0259749
0.0261916
0.0263717
0.0265134
0.0266157
0.0266775
0.0266982
0.0266775
0.0266153
0.0265118
0.0263675
0.0261831
0.0259595
0.0256981
0.0254004
0.025068
0.024703
0.0243078
0.0238848
0.0234369
0.0229672
0.0224791
0.0219763
0.0214629
0.020943
0.0204215
0.0199033
0.0193937
0.0188983
0.0184228
0.0179733
0.0175557
0.017176
0.0168399
0.0165526
0.0163187
0.0161419
0.0160248
0.0159688
0.0159738
0.0160387
0.0161606
0.016336
0.0165602
0.0168276
0.0171326
0.017469
0.0178305
0.018211
0.0186047
0.0190059
0.0194093
0.01981
0.0202036
0.0205858
0.0209531
0.021302
0.0216297
0.0219336
0.0222115
0.0224614
0.0226818
0.0228714
0.0230293
0.0231547
0.0232472
0.0233067
0.0233333
0.0233274
0.0232896
0.0232207
0.0231218
0.0229942
0.0228395
0.0226596
0.0224563
0.0222318
0.0219887
0.0217295
0.021457
0.0211743
0.0208843
0.0205905
0.020296
0.0200045
0.0197193
0.0194438
0.0191815
0.0189355
0.0187089
0.0185046
0.0183248
0.0181717
0.0180469
0.0179516
0.0178862
0.0178508
0.0178449
0.0178675
0.017917
0.0179916
0.0180889
0.0182063
0.018341
0.01849
0.0186502
0.0188186
0.0189921
0.0191678
0.0193428
0.0195144
0.0196802
0.0198378
0.0199851
0.0201202
0.0202413
0.0203471
0.0204361
0.0205074
0.02056
0.0205932
0.0206064
0.0205994
0.0205718
0.0205237
0.0204551
0.0203661
0.0202572
0.0201287
0.0199811
0.0198152
0.0196317
0.0194313
0.0192151
0.0189839
0.0187389
0.0184813
0.0182123
0.0179333
0.0176458
0.0173514
0.0170517
0.0167487
0.0164443
0.0161406
0.01584
0.0155449
0.0152578
0.0149815
0.014719
0.0144731
0.014247
0.0140438
0.0138664
0.0137179
0.0136008
0.0135177
0.0134705
0.0134607
0.0134894
0.0135567
0.0136625
0.0138059
0.0139852
0.0141985
0.0144433
0.0147165
0.0150151
0.0153356
0.0156744
0.0160279
0.0163925
0.0167645
0.0171405
0.0175169
0.0178906
0.0182582
0.0186169
0.0189636
0.0192957
0.0196107
0.0199062
0.0201799
0.0204298
0.020654
0.0208508
0.0210187
0.0211563
0.0212623
0.0213358
0.0213758
0.0213818
0.0213532
0.0212897
0.0211911
0.0210574
0.020889
0.0206862
0.0204497
0.0201803
0.0198792
0.0195475
0.0191869
0.0187991
0.0183861
0.0179503
0.0174942
0.0170208
0.0165331
0.0160346
0.0155293
0.0150213
0.0145152
0.0140162
0.0135295
0.0130612
0.0126172
0.0122042
0.0118287
0.0114972
0.0112158
0.0109901
0.0108243
0.0107215
0.0106828
0.0107078
0.0107942
0.0109378
0.0111334
0.0113749
0.0116553
0.0119679
0.0123056
0.0126618
0.0130305
0.0134059
0.0137828
0.0141567
0.0145235
0.0148794
0.0152214
0.0155466
0.0158528
0.0161378
0.0164001
0.0166381
0.0168509
0.0170375
0.0171973
0.01733
0.0174354
0.0175136
0.0175648
0.0175895
0.0175882
0.0175618
0.0175113
0.0174377
0.0173424
0.0172268
0.0170926
0.0169414
0.0167751
0.0165957
0.0164055
0.0162065
0.0160012
0.0157919
0.0155813
0.0153718
0.0151661
0.0149666
0.0147761
0.014597
0.0144315
0.0142819
0.0141502
0.0140381
0.0139469
0.0138777
0.0138312
0.0138075
0.0138067
0.013828
0.0138705
0.013933
0.0140138
0.0141111
0.0142227
0.0143464
0.0144799
0.0146207
0.0147663
0.0149144
0.0150627
0.0152087
0.0153504
0.0154856
0.0156126
0.0157295
0.0158347
0.0159268
0.0160044
0.0160665
0.0161122
0.0161405
0.016151
0.016143
0.0161165
0.0160711
0.016007
0.0159243
0.0158234
0.0157047
0.015569
0.015417
0.0152497
0.0150682
0.0148739
0.014668
0.0144523
0.0142283
0.0139981
0.0137635
0.0135266
0.0132897
0.0130552
0.0128253
0.0126026
0.0123896
0.0121886
0.0120021
0.0118323
0.0116814
0.0115513
0.0114435
0.0113592
0.0112995
0.0112647
0.0112548
0.0112695
0.011308
0.0113689
0.0114509
0.0115519
0.01167
0.0118029
0.0119484
0.0121039
0.0122672
0.012436
0.0126079
0.0127809
0.0129529
0.0131222
0.0132869
0.0134455
0.0135967
0.0137392
0.013872
0.0139943
0.0141052
0.0142042
0.014291
0.0143651
0.0144265
0.0144752
0.0145113
0.0145351
0.0145469
0.0145471
0.0145363
0.0145153
0.0144846
0.0144451
0.0143977
0.0143433
0.0142827
0.0142171
0.0141473
0.0140743
0.0139992
0.0139229
0.0138463
0.0137703
0.0136956
0.0136232
0.0135536
0.0134874
0.013425
0.013367
0.0133134
0.0132646
0.0132205
0.0131812
0.0131464
0.0131159
0.0130894
0.0130664
0.0130465
0.0130291
0.0130135
0.0129992
0.0129855
0.0129718
0.0129572
0.0129412
0.0129232
0.0129025
0.0128786
0.0128508
0.0128188
0.0127822
0.0127406
0.0126937
0.0126414
0.0125836
0.0125202
0.0124512
0.012377
0.0122976
0.0122134
0.0121249
0.0120326
0.011937
0.0118388
0.0117389
0.011638
0.0115369
0.0114368
0.0113385
0.0112432
0.0111518
0.0110655
0.0109853
0.0109123
0.0108474
0.0107917
0.0107458
0.0107107
0.0106868
0.0106748
0.0106749
0.0106874
0.0107122
0.0107493
0.0107983
0.0108588
0.0109301
0.0110117
0.0111026
0.0112018
0.0113085
0.0114214
0.0115395
0.0116616
0.0117865
0.0119131
0.0120402
0.0121666
0.0122912
0.0124131
0.012531
0.0126441
0.0127515
0.0128522
0.0129455
0.0130306
0.0131068
0.0131736
0.0132303
0.0132766
0.0133119
0.013336
0.0133485
0.0133493
0.0133382
0.0133152
0.0132802
0.0132332
0.0131745
0.0131041
0.0130224
0.0129298
0.0128265
0.012713
0.01259
0.0124579
0.0123175
0.0121694
0.0120146
0.0118538
0.011688
0.0115182
0.0113455
0.011171
0.0109959
0.0108215
0.0106491
0.0104801
0.0103158
0.0101577
0.0100073
0.00986599
0.00973515
0.00961617
0.00951033
0.00941879
0.00934261
0.00928264
0.00923957
0.00921387
0.00920577
0.00921527
0.00924213
0.00928586
0.00934575
0.00942091
0.00951025
0.00961252
0.00972638
0.00985038
0.009983
0.0101227
0.0102679
0.010417
0.0105686
0.0107211
0.010873
0.011023
0.0111697
0.0113119
0.0114484
0.011578
0.0116997
0.0118126
0.0119157
0.0120083
0.0120896
0.012159
0.0122159
0.0122599
0.0122905
0.0123074
0.0123104
0.0122993
0.0122741
0.0122347
0.0121814
0.0121142
0.0120335
0.0119396
0.0118331
0.0117146
0.0115847
0.0114442
0.011294
0.0111352
0.0109688
0.0107961
0.0106185
0.0104373
0.0102543
0.010071
0.00988915
0.00971068
0.00953746
0.00937145
0.0092146
0.00906885
0.0089361
0.00881812
0.00871654
0.00863276
0.00856797
0.00852303
0.00849847
0.00849447
0.00851085
0.00854707
0.00860226
0.00867524
0.00876457
0.00886863
0.00898561
0.00911363
0.00925073
0.00939493
0.00954431
0.00969695
0.00985103
0.0100048
0.0101567
0.0103051
0.0104486
0.0105859
0.0107159
0.0108375
0.0109497
0.0110516
0.0111426
0.0112221
0.0112893
0.011344
0.0113859
0.0114145
0.0114299
0.0114319
0.0114205
0.0113959
0.0113582
0.0113076
0.0112445
0.0111693
0.0110825
0.0109846
0.0108762
0.010758
0.0106309
0.0104955
0.0103528
0.0102039
0.0100496
0.00989114
0.00972964
0.00956632
0.00940244
0.00923934
0.00907838
0.00892096
0.0087685
0.00862243
0.00848417
0.0083551
0.00823656
0.00812979
0.00803593
0.00795599
0.00789079
0.00784098
0.007807
0.00778906
0.00778715
0.00780102
0.00783022
0.00787408
0.00793176
0.00800227
0.0080845
0.00817726
0.00827926
0.00838921
0.0085058
0.00862772
0.00875368
0.00888246
0.00901284
0.00914371
0.00927397
0.00940261
0.0095287
0.00965133
0.0097697
0.00988304
0.00999066
0.0100919
0.0101862
0.0102731
0.010352
0.0104225
0.0104843
0.010537
0.0105803
0.010614
0.0106379
0.0106518
0.0106555
0.010649
0.0106323
0.0106053
0.010568
0.0105206
0.0104631
0.0103957
0.0103185
0.0102319
0.0101362
0.0100316
0.00991858
0.00979764
0.00966928
0.00953411
0.0093928
0.00924609
0.0090948
0.00893983
0.00878217
0.0086229
0.00846318
0.00830424
0.00814743
0.00799414
0.00784585
0.0077041
0.00757045
0.00744647
0.00733373
0.00723372
0.00714786
0.00707741
0.00702345
0.00698684
0.00696817
0.00696774
0.00698555
0.00702126
0.00707427
0.00714367
0.00722834
0.00732692
0.00743793
0.00755974
0.00769067
0.00782899
0.00797298
0.00812091
0.00827114
0.00842205
0.00857211
0.00871987
0.00886397
0.00900311
0.00913613
0.00926191
0.00937945
0.00948784
0.00958624
0.00967392
0.00975023
0.0098146
0.00986654
0.00990565
0.00993162
0.0099442
0.00994323
0.00992866
0.00990047
0.00985875
0.00980368
0.00973551
0.00965456
0.00956127
0.00945614
0.00933977
0.00921286
0.00907619
0.00893066
0.00877726
0.00861708
0.00845135
0.00828139
0.00810864
0.00793468
0.00776118
0.00758993
0.00742285
0.00726192
0.0071092
0.00696677
0.00683672
0.00672108
0.00662175
0.00654045
0.00647864
0.00643745
0.00641765
0.00641956
0.00644308
0.00648765
0.00655234
0.00663583
0.00673652
0.00685259
0.00698204
0.00712281
0.00727278
0.00742986
0.00759201
0.00775726
0.00792375
0.00808972
0.00825353
0.00841365
0.0085687
0.00871737
0.0088585
0.00899101
0.00911397
0.00922649
0.00932782
0.00941729
0.0094943
0.00955837
0.00960905
0.00964601
0.00966897
0.00967772
0.00967213
0.00965211
0.00961767
0.00956886
0.00950579
0.00942866
0.00933773
0.00923331
0.0091158
0.00898569
0.00884351
0.0086899
0.00852557
0.00835132
0.00816805
0.00797675
0.0077785
0.00757451
0.00736611
0.00715472
0.00694194
0.00672949
0.00651923
0.00631318
0.00611351
0.00592252
0.00574264
0.00557637
0.00542622
0.00529466
0.005184
0.00509629
0.00503317
0.00499579
0.0049847
0.00499983
0.00504045
0.00510524
0.00519241
0.0052998
0.00542498
0.00556541
0.00571852
0.00588181
0.00605286
0.00622943
0.00640942
0.00659091
0.00677218
0.00695163
0.00712785
0.00729959
0.0074657
0.00762518
0.00777716
0.00792086
0.00805559
0.0081808
0.00829598
0.00840074
0.00849476
0.00857778
0.00864964
0.00871023
0.00875952
0.00879754
0.00882437
0.00884017
0.00884513
0.00883952
0.00882363
0.00879783
0.00876251
0.00871812
0.00866515
0.00860412
0.00853559
0.00846016
0.00837846
0.00829115
0.00819892
0.00810247
0.00800254
0.00789987
0.00779521
0.00768933
0.00758301
0.00747699
0.00737205
0.00726891
0.0071683
0.0070709
0.00697736
0.00688828
0.00680421
0.00672561
0.0066529
0.00658641
0.00652637
0.00647295
0.0064262
0.0063861
0.00635254
0.00632531
0.00630412
0.00628864
0.00627844
0.00627306
0.00627198
0.00627466
0.00628054
0.00628904
0.00629959
0.00631162
0.0063246
0.00633799
0.00635131
0.00636409
0.00637593
0.00638645
0.00639532
0.00640228
0.00640709
0.00640958
0.00640962
0.00640715
0.00640215
0.00639464
0.00638472
0.00637251
0.00635819
0.00634199
0.00632416
0.006305
0.00628485
0.00626408
0.00624307
0.00622222
0.00620197
0.00618272
0.00616491
0.00614896
0.00613527
0.00612423
0.00611621
0.00611151
0.00611045
0.00611325
0.00612011
0.00613118
0.00614655
0.00616625
0.00619026
0.0062185
0.00625084
0.00628711
0.00632708
0.00637048
0.006417
0.00646633
0.00651809
0.0065719
0.00662738
0.00668413
0.00674172
0.00679977
0.00685787
0.00691562
0.00697264
0.00702856
0.00708302
0.00713568
0.00718623
0.00723435
0.00727976
0.0073222
0.00736142
0.0073972
0.00742932
0.00745761
0.00748188
0.00750199
0.0075178
0.0075292
0.00753609
0.00753839
0.00753603
0.00752897
0.00751716
0.00750061
0.00747931
0.00745327
0.00742254
0.00738715
0.00734718
0.00730269
0.0072538
0.0072006
0.00714322
0.0070818
0.00701648
0.00694744
0.00687486
0.00679891
0.0067198
0.00663774
0.00655297
0.00646571
0.0063762
0.00628471
0.0061915
0.00609684
0.00600102
0.00590432
0.00580707
0.00570956
0.00561213
0.00551511
0.00541886
0.00532372
0.00523009
0.00513835
0.00504892
0.00496222
0.00487869
0.0047988
0.00472302
0.00465185
0.00458578
0.00452533
0.004471
0.0044233
0.00438272
0.00434972
0.00432472
0.00430811
0.0043002
0.00430125
0.00431142
0.00433081
0.0043594
0.00439709
0.00444372
0.00449898
0.00456254
0.00463396
0.00471275
0.00479836
0.00489022
0.00498769
0.00509014
0.00519691
0.00530733
0.00542074
0.00553648
0.00565388
0.00577232
0.00589117
0.00600982
0.00612768
0.00624419
0.00635879
0.00647097
0.00658022
0.00668605
0.00678802
0.0068857
0.00697866
0.00706652
0.00714892
0.00722552
0.00729599
0.00736004
0.00741739
0.0074678
0.00751103
0.00754688
0.00757515
0.00759568
0.00760831
0.00761293
0.00760942
0.00759769
0.00757769
0.00754937
0.00751274
0.00746781
0.00741467
0.00735339
0.00728413
0.00720707
0.00712243
0.00703047
0.00693148
0.00682581
0.00671383
0.00659595
0.0064726
0.00634426
0.00621143
0.00607466
0.0059345
0.00579158
0.00564654
0.00550004
0.00535281
0.00520559
0.00505917
0.00491436
0.00477202
0.00463302
0.00449828
0.00436871
0.00424528
0.00412891
0.00402057
0.00392115
0.00383153
0.0037525
0.00368476
0.00362888
0.00358526
0.00355416
0.00353564
0.00352955
0.00353558
0.00355323
0.00358188
0.00362076
0.00366903
0.00372581
0.00379015
0.00386116
0.00393792
0.00401957
0.00410528
0.0041943
0.00428589
0.00437941
0.00447426
0.00456988
0.00466578
0.0047615
0.00485664
0.00495082
0.00504372
0.00513503
0.00522449
0.00531186
0.00539691
0.00547946
0.00555932
0.00563634
0.00571039
0.00578133
0.00584905
0.00591347
0.0059745
0.00603206
0.0060861
0.00613657
0.00618341
0.00622661
0.00626614
0.00630197
0.00633411
0.00636255
0.00638731
0.00640839
0.00642581
0.00643962
0.00644984
0.00645653
0.00645975
0.00645955
0.00645602
0.00644923
0.00643926
0.00642623
0.00641021
0.00639132
0.00636965
0.00634533
0.00631845
0.00628912
0.00625743
0.00622349
0.0061874
0.00614922
0.00610906
0.00606696
0.00602301
0.00597726
0.00592976
0.00588054
0.00582966
0.00577714
0.005723
0.00566728
0.00561
0.00555116
0.0054908
0.00542894
0.00536559
0.00530079
0.00523457
0.00516696
0.00509802
0.00502779
0.00495634
0.00488374
0.00481009
0.0047355
0.00466009
0.00458401
0.00450742
0.00443053
0.00435355
0.00427676
0.00420042
0.00412489
0.00405051
0.00397769
0.00390687
0.00383853
0.00377318
0.00371138
0.0036537
0.00360071
0.00355303
0.00351124
0.00347592
0.0034476
0.00342678
0.00341386
0.00340921
0.00341305
0.00342553
0.00344668
0.00347643
0.00351459
0.00356089
0.00361495
0.00367634
0.00374455
0.00381902
0.00389919
0.00398443
0.00407413
0.00416767
0.00426443
0.00436381
0.00446521
0.00456805
0.00467177
0.00477582
0.00487969
0.00498288
0.00508491
0.00518531
0.00528365
0.00537951
0.0054725
0.00556224
0.00564838
0.00573059
0.00580855
0.00588198
0.00595061
0.00601418
0.00607247
0.00612528
0.00617241
0.0062137
0.00624898
0.00627812
0.00630099
0.00631746
0.00632741
0.00633073
0.00632731
0.00631705
0.00629986
0.00627567
0.00624443
0.00620613
0.00616079
0.00610845
0.00604922
0.00598323
0.00591066
0.00583171
0.00574663
0.0056557
0.00555923
0.00545756
0.00535108
0.0052402
0.00512536
0.00500705
0.00488581
0.00476222
0.00463691
0.00451054
0.00438383
0.00425756
0.0041325
0.00400951
0.00388947
0.00377328
0.00366188
0.00355623
0.0034573
0.00336604
0.00328338
0.0032102
0.00314729
0.00309532
0.00305481
0.00302611
0.00300935
0.00300448
0.0030112
0.00302904
0.00305737
0.00309539
0.00314223
0.00319692
0.00325848
0.00332592
0.00339827
0.0034746
0.003554
0.00363565
0.00371876
0.00380263
0.00388658
0.00397002
0.00405242
0.00413329
0.0042122
0.00428879
0.00436273
0.00443374
0.0045016
0.00456612
0.00462716
0.00468462
0.00473841
0.0047885
0.00483488
0.00487755
0.00491655
0.00495195
0.00498381
0.00501222
0.00503728
0.00505911
0.00507783
0.00509355
0.00510641
0.00511653
0.00512405
0.00512909
0.00513179
0.00513228
0.00513069
0.00512713
0.00512175
0.00511468
0.00510603
0.00509595
0.00508456
0.00507199
0.00505838
0.00504385
0.00502852
0.00501253
0.00499596
0.00497894
0.00496154
0.00494384
0.00492591
0.00490779
0.0048895
0.00487105
0.00485244
0.00483363
0.00481459
0.00479525
0.00477556
0.00475541
0.00473473
0.00471343
0.0046914
0.00466854
0.00464477
0.00461998
0.0045941
0.00456705
0.00453876
0.00450919
0.0044783
0.00444606
0.00441248
0.00437756
0.00434135
0.00430388
0.00426524
0.00422551
0.00418482
0.00414328
0.00410106
0.00405834
0.0040153
0.00397217
0.00392918
0.00388658
0.00384465
0.00380365
0.00376389
0.00372566
0.00368927
0.00365503
0.00362324
0.00359419
0.00356815
0.00354541
0.00352618
0.00351069
0.0034991
0.00349157
0.00348821
0.00348906
0.00349416
0.00350348
0.00351696
0.00353451
0.00355598
0.0035812
0.00360998
0.00364209
0.00367727
0.00371526
0.00375578
0.00379853
0.00384323
0.00388955
0.00393721
0.00398588
0.00403528
0.00408509
0.00413502
0.0041848
0.00423413
0.00428274
0.00433037
0.00437677
0.0044217
0.00446491
0.00450619
0.00454532
0.00458212
0.00461639
0.00464797
0.00467668
0.00470239
0.00472497
0.00474429
0.00476026
0.00477278
0.00478178
0.0047872
0.00478899
0.00478714
0.00478162
0.00477244
0.00475963
0.00474322
0.00472327
0.00469985
0.00467306
0.00464301
0.00460982
0.00457365
0.00453466
0.00449303
0.00444899
0.00440274
0.00435453
0.00430462
0.0042533
0.00420086
0.00414762
0.0040939
0.00404004
0.00398641
0.00393337
0.00388128
0.00383053
0.00378148
0.00373451
0.00368997
0.00364821
0.00360955
0.0035743
0.00354271
0.00351502
0.00349143
0.00347206
0.00345703
0.00344638
0.00344009
0.00343811
0.00344035
0.00344663
0.00345677
0.00347052
0.00348763
0.00350778
0.00353066
0.00355593
0.00358325
0.00361225
0.00364258
0.00367388
0.0037058
0.00373802
0.00377019
0.00380201
0.00383319
0.00386344
0.00389252
0.00392019
0.00394624
0.00397047
0.00399273
0.00401288
0.00403079
0.00404639
0.0040596
0.00407039
0.00407873
0.00408464
0.00408815
0.00408932
0.00408823
0.00408496
0.00407965
0.00407243
0.00406346
0.00405291
0.00404095
0.0040278
0.00401366
0.00399873
0.00398324
0.00396741
0.00395146
0.0039356
0.00392005
0.00390502
0.00389069
0.00387723
0.00386483
0.00385361
0.00384371
0.00383523
0.00382824
0.0038228
0.00381895
0.0038167
0.00381602
0.00381687
0.0038192
0.00382292
0.00382794
0.00383412
0.00384135
0.00384946
0.00385831
0.00386773
0.00387755
0.00388759
0.00389768
0.00390764
0.0039173
0.00392649
0.00393505
0.00394281
0.00394963
0.00395537
0.0039599
0.00396311
0.00396488
0.00396512
0.00396376
0.00396073
0.00395598
0.00394946
0.00394117
0.0039311
0.00391926
0.00390566
0.00389036
0.00387341
0.00385489
0.00383488
0.00381348
0.00379081
0.00376701
0.0037422
0.00371655
0.00369023
0.0036634
0.00363625
0.00360897
0.00358175
0.00355481
0.00352832
0.0035025
0.00347755
0.00345366
0.00343101
0.00340979
0.00339016
0.00337228
0.00335629
0.00334232
0.00333047
0.00332083
0.00331347
0.00330843
0.00330573
0.00330538
0.00330737
0.00331164
0.00331815
0.00332681
0.00333754
0.00335022
0.00336474
0.00338095
0.00339872
0.00341789
0.00343831
0.00345981
0.00348222
0.00350537
0.00352911
0.00355324
0.00357762
0.00360207
0.00362643
0.00365054
0.00367425
0.00369741
0.00371988
0.00374152
0.0037622
0.0037818
0.00380019
0.00381729
0.00383297
0.00384716
0.00385977
0.00387073
0.00387997
0.00388744
0.0038931
0.0038969
0.00389883
0.00389887
0.00389702
0.00389329
0.00388769
0.00388025
0.00387101
0.00386001
0.00384733
0.00383302
0.00381716
0.00379983
0.00378114
0.00376118
0.00374006
0.00371789
0.00369479
0.00367089
0.00364632
0.00362121
0.00359568
0.00356987
0.00354392
0.00351795
0.00349211
0.0034665
0.00344127
0.00341652
0.00339237
0.00336892
0.00334628
0.00332453
0.00330376
0.00328403
0.00326542
0.00324798
0.00323174
0.00321674
0.00320301
0.00319054
0.00317935
0.00316943
0.00316075
0.00315328
0.003147
0.00314186
0.00313781
0.00313478
0.00313273
0.00313159
0.00313128
0.00313175
0.00313292
0.00313471
0.00313708
0.00313994
0.00314324
0.00314692
0.00315093
0.00315523
0.00315977
0.00316453
0.00316947
0.00317459
0.00317987
0.00318531
0.00319092
0.00319672
0.00320271
0.00320893
0.00321541
0.00322218
0.00322928
0.00323675
0.00324463
0.00325297
0.00326179
0.00327115
0.00328106
0.00329157
0.00330268
0.00331442
0.00332678
0.00333977
0.00335338
0.00336757
0.00338233
0.0033976
0.00341334
0.00342948
0.00344596
0.00346268
0.00347958
0.00349654
0.00351349
0.00353029
0.00354686
0.00356308
0.00357883
0.003594
0.00360848
0.00362214
0.00363489
0.0036466
0.00365718
0.00366652
0.00367452
0.00368109
0.00368614
0.00368959
0.00369137
0.0036914
0.00368963
0.00368601
0.00368048
0.00367301
0.00366357
0.00365214
0.00363871
0.00362327
0.00360582
0.00358639
0.003565
0.00354168
0.00351648
0.00348945
0.00346065
0.00343015
0.00339805
0.00336443
0.00332939
0.00329306
0.00325554
0.00321697
0.00317749
0.00313725
0.00309641
0.00305513
0.00301358
0.00297194
0.00293041
0.00288916
0.00284841
0.00280834
0.00276917
0.0027311
0.00269435
0.00265911
0.0026256
0.00259403
0.00256459
0.00253747
0.00251286
0.00249093
0.00247184
0.00245575
0.00244276
0.00243301
0.00242656
0.0024235
0.00242386
0.00242766
0.00243489
0.00244553
0.00245953
0.00247681
0.00249726
0.00252079
0.00254725
0.00257649
0.00260836
0.00264267
0.00267926
0.00271791
0.00275844
0.00280065
0.00284433
0.00288927
0.00293527
0.00298212
0.00302961
0.00307754
0.0031257
0.0031739
0.00322194
0.00326963
0.00331678
0.00336319
0.0034087
0.00345313
0.0034963
0.00353805
0.00357822
0.00361666
0.00365321
0.00368773
0.00372008
0.00375012
0.00377773
0.00380278
0.00382515
0.00384473
0.00386139
0.00387504
0.00388556
0.00389285
0.00389681
0.00389735
0.00389437
0.00388779
0.00387754
0.00386356
0.0038458
0.00382422
0.00379882
0.0037696
0.00373658
0.0036998
0.00365935
0.00361529
0.00356776
0.00351687
0.00346279
0.00340569
0.00334577
0.00328324
0.00321834
0.00315132
0.00308244
0.00301202
0.00294034
0.00286773
0.00279454
0.00272111
0.00264783
0.00257508
0.00250325
0.00243277
0.00236406
0.00229756
0.00223373
0.00217302
0.0021159
0.00206283
0.00201425
0.00197061
0.00193228
0.00189965
0.001873
0.00185257
0.00183852
0.00183092
0.00182975
0.00183489
0.00184617
0.0018633
0.00188597
0.0019138
0.00194637
0.00198325
0.002024
0.00206818
0.00211535
0.00216509
0.00221702
0.00227074
0.00232591
0.0023822
0.00243929
0.00249691
0.00255479
0.00261269
0.00267039
0.00272769
0.00278441
0.00284037
0.00289542
0.00294943
0.00300226
0.00305381
0.00310396
0.00315264
0.00319974
0.00324519
0.00328893
0.00333089
0.00337102
0.00340925
0.00344554
0.00347985
0.00351213
0.00354234
0.00357044
0.00359641
0.0036202
0.00364177
0.00366111
0.00367817
0.00369293
0.00370535
0.00371541
0.00372308
0.00372832
0.00373111
0.00373141
0.00372922
0.00372449
0.00371722
0.00370738
0.00369497
0.00367999
0.00366242
0.00364229
0.00361959
0.00359436
0.00356662
0.0035364
0.00350374
0.0034687
0.00343132
0.00339166
0.00334979
0.00330578
0.0032597
0.00321164
0.00316168
0.00310991
0.00305642
0.00300131
0.00294467
0.0028866
0.0028272
0.00276659
0.00270485
0.00264212
0.0025785
0.00251411
0.00244909
0.00238357
0.00231771
0.00225167
0.00218565
0.00211986
0.00205454
0.00198998
0.0019265
0.00186446
0.0018043
0.00174648
0.00169157
0.00164016
0.00159292
0.00155055
0.00151378
0.00148334
0.00145992
0.00144414
0.00143648
0.00143727
0.00144665
0.00146456
0.00149074
0.00152477
0.0015661
0.00161408
0.001668
0.00172714
0.00179079
0.00185825
0.00192887
0.00200206
0.00207726
0.00215396
0.00223171
0.00231009
0.00238872
0.00246725
0.00254539
0.00262284
0.00269933
0.00277464
0.00284853
0.0029208
0.00299126
0.00305971
0.003126
0.00318997
0.00325147
0.00331036
0.00336653
0.00341986
0.00347025
0.00351763
0.00356191
0.00360303
0.00364095
0.00367561
0.00370696
0.00373493
0.00375945
0.00378041
0.00379768
0.00381115
0.00382067
0.0038261
0.00382735
0.00382429
0.00381687
0.003805
0.00378867
0.00376785
0.00374258
0.00371289
0.00367887
0.00364062
0.00359828
0.00355199
0.00350195
0.00344835
0.00339145
0.0033315
0.00326879
0.00320362
0.00313633
0.00306724
0.00299673
0.00292514
0.00285284
0.00278018
0.00270752
0.00263517
0.00256345
0.00249265
0.00242301
0.00235477
0.00228811
0.00222319
0.00216015
0.0020991
0.00204011
0.00198327
0.00192866
0.00187635
0.00182645
0.00177909
0.00173444
0.00169271
0.00165419
0.00161918
0.00158808
0.0015613
0.00153927
0.00152246
0.0015113
0.00150615
0.00150731
0.00151497
0.00152919
0.00154989
0.00157687
0.0016098
0.00164827
0.00169177
0.00173977
0.00179171
0.00184702
0.00190516
0.00196561
0.00202789
0.00209157
0.00215624
0.00222156
0.00228721
0.00235292
0.00241845
0.00248358
0.00254812
0.00261191
0.0026748
0.00273664
0.00279729
0.00285664
0.00291455
0.00297089
0.00302555
0.00307838
0.00312928
0.0031781
0.00322473
0.00326904
0.00331091
0.00335024
0.00338691
0.00342085
0.00345196
0.00348017
0.00350541
0.00352762
0.00354673
0.0035627
0.00357546
0.00358496
0.00359117
0.00359404
0.00359354
0.00358967
0.00358242
0.00357179
0.00355781
0.00354052
0.00351997
0.00349622
0.00346934
0.00343688
0.00340217
0.00336473
0.00332518
0.00328356
0.00323998
0.00319479
0.00314835
0.00310089
0.00305248
0.00300315
0.00295301
0.00290225
0.00285115
0.00279998
0.00274894
0.00269811
0.00264748
0.00259696
0.00254642
0.00249577
0.00244498
0.00239405
0.00234305
0.00229209
0.00224125
0.00219065
0.00214036
0.0020905
0.0020412
0.00199265
0.00194512
0.00189892
0.00185447
0.0018122
0.00177265
0.00173635
0.00170389
0.00167584
0.00165276
0.00163513
0.00162333
0.00161762
0.0016181
0.00162468
0.00163713
0.00165504
0.00167791
0.00170516
0.00173615
0.00177027
0.00180694
0.00184562
0.00188582
0.00192716
0.00196929
0.00201194
0.0020549
0.002098
0.00214114
0.00218424
0.00222725
0.00227017
0.00231299
0.00235572
0.00239835
0.0024409
0.00248333
0.00252562
0.00256771
0.00260951
0.00265093
0.00269184
0.00273213
0.00277165
0.00281027
0.00284785
0.00288427
0.00291943
0.00295324
0.0029856
0.00301647
0.0030458
0.00307354
0.00309965
0.0031241
0.00314686
0.00316785
0.00318703
0.00320429
0.00321956
0.0032327
0.00324359
0.00325209
0.00325804
0.00326127
0.00326165
0.00325901
0.00325321
0.00324412
0.00323164
0.00321568
0.00319617
0.00317307
0.00314636
0.00311605
0.00308218
0.00304479
0.00300397
0.00295981
0.00291243
0.00286195
0.00280852
0.00275231
0.00269347
0.0026322
0.00256869
0.00250314
0.00243578
0.00236685
0.00229661
0.00222532
0.0021533
0.00208089
0.00200845
0.00193641
0.00186522
0.00179539
0.0017275
0.00166217
0.0016001
0.001542
0.00148867
0.00144088
0.00139943
0.00136503
0.00133832
0.00131977
0.00130968
0.00130809
0.00131484
0.00132953
0.00135159
0.00138028
0.00141479
0.00145428
0.0014979
0.00154483
0.00159432
0.00164567
0.00169827
0.00175156
0.00180507
0.00185839
0.00191114
0.00196304
0.00201382
0.00206326
0.0021112
0.00215749
0.00220201
0.00224466
0.0022854
0.00232417
0.00236094
0.00239572
0.0024285
0.00245931
0.00248818
0.00251515
0.00254029
0.00256366
0.00258532
0.00260535
0.00262384
0.00264085
0.00265648
0.00267079
0.00268387
0.00269577
0.00270657
0.00271632
0.00272507
0.00273285
0.0027397
0.00274562
0.00275063
0.00275473
0.00275791
0.00276015
0.00276142
0.00276169
0.00276092
0.00275907
0.00275609
0.00275194
0.00274655
0.00273988
0.00273188
0.00272249
0.00271168
0.0026994
0.00268562
0.00267031
0.00265345
0.00263504
0.00261507
0.00259355
0.00257052
0.002546
0.00252005
0.00249272
0.0024641
0.00243426
0.00240331
0.00237136
0.00233854
0.00230497
0.0022708
0.00223619
0.00220128
0.00216626
0.00213128
0.00209654
0.0020622
0.00202844
0.00199545
0.0019634
0.00193246
0.0019028
0.00187457
0.00184794
0.00182302
0.00179997
0.00177887
0.00175983
0.00174293
0.00172822
0.00171576
0.00170556
0.00169763
0.00169196
0.00168851
0.00168725
0.00168811
0.00169102
0.00169589
0.00170264
0.00171117
0.00172136
0.00173312
0.00174634
0.0017609
0.0017767
0.00179364
0.0018116
0.00183049
0.00185022
0.00187068
0.0018918
0.00191349
0.00193566
0.00195824
0.00198115
0.00200432
0.00202768
0.00205116
0.00207468
0.00209819
0.00212161
0.00214487
0.00216792
0.00219069
0.0022131
0.00223509
0.00225659
0.00227754
0.00229787
0.00231751
0.0023364
0.00235446
0.00237164
0.00238786
0.00240307
0.0024172
0.0024302
0.00244201
0.00245257
0.00246183
0.00246974
0.00247626
0.00248134
0.00248495
0.00248706
0.00248764
0.00248666
0.00248411
0.00247998
0.00247426
0.00246696
0.00245807
0.00244762
0.00243563
0.00242212
0.00240714
0.00239072
0.00237293
0.00235381
0.00233344
0.0023119
0.00228927
0.00226564
0.0022411
0.00221577
0.00218976
0.00216319
0.00213619
0.00210888
0.0020814
0.0020539
0.00202652
0.0019994
0.00197269
0.00194654
0.00192109
0.00189649
0.00187287
0.00185037
0.00182911
0.00180921
0.00179076
0.00177386
0.00175859
0.00174501
0.00173317
0.00172309
0.00171479
0.00170826
0.0017035
0.00170045
0.00169908
0.00169932
0.0017011
0.00170434
0.00170896
0.00171485
0.00172192
0.00173007
0.0017392
0.00174922
0.00176002
0.00177152
0.00178362
0.00179624
0.00180931
0.00182275
0.00183649
0.00185047
0.00186464
0.00187895
0.00189334
0.00190778
0.00192223
0.00193666
0.00195103
0.00196531
0.00197948
0.00199352
0.00200739
0.00202108
0.00203455
0.00204778
0.00206076
0.00207344
0.00208581
0.00209784
0.00210948
0.00212072
0.00213152
0.00214185
0.00215166
0.00216093
0.00216961
0.00217766
0.00218506
0.00219176
0.00219772
0.0022029
0.00220728
0.00221082
0.00221348
0.00221524
0.00221606
0.00221594
0.00221484
0.00221276
0.00220967
0.00220558
0.00220048
0.00219438
0.00218728
0.00217919
0.00217014
0.00216015
0.00214924
0.00213747
0.00212486
0.00211147
0.00209734
0.00208254
0.00206713
0.00205118
0.00203475
0.00201793
0.0020008
0.00198343
0.00196591
0.00194833
0.00193078
0.00191335
0.00189612
0.00187919
0.00186263
0.00184654
0.00183099
0.00181606
0.00180183
0.00178835
0.00177568
0.00176389
0.001753
0.00174307
0.00173412
0.00172618
0.00171924
0.00171334
0.00170845
0.00170457
0.00170169
0.00169979
0.00169883
0.00169879
0.00169963
0.00170131
0.0017038
0.00170705
0.00171101
0.00171565
0.00172093
0.00172679
0.00173321
0.00174014
0.00174754
0.00175539
0.00176365
0.00177229
0.00178127
0.00179058
0.00180019
0.00181008
0.00182022
0.00183059
0.00184117
0.00185194
0.00186288
0.00187396
0.00188517
0.00189647
0.00190784
0.00191926
0.00193068
0.00194209
0.00195345
0.00196471
0.00197585
0.00198682
0.00199757
0.00200807
0.00201826
0.0020281
0.00203754
0.00204653
0.00205501
0.00206294
0.00207027
0.00207694
0.0020829
0.00208811
0.00209252
0.00209608
0.00209876
0.0021005
0.00210129
0.00210107
0.00209983
0.00209754
0.00209418
0.00208973
0.00208418
0.00207752
0.00206976
0.00206089
0.00205093
0.00203989
0.0020278
0.00201468
0.00200056
0.00198548
0.0019695
0.00195265
0.00193499
0.00191659
0.00189752
0.00187784
0.00185763
0.00183699
0.00181599
0.00179473
0.00177331
0.00175182
0.00173038
0.00170908
0.00168805
0.00166738
0.0016472
0.00162761
0.00160873
0.00159067
0.00157353
0.00155743
0.00154246
0.00152872
0.00151629
0.00150525
0.00149568
0.00148763
0.00148115
0.00147629
0.00147306
0.00147148
0.00147156
0.00147327
0.0014766
0.00148152
0.00148797
0.00149591
0.00150528
0.00151599
0.00152799
0.00154118
0.00155548
0.00157081
0.00158707
0.00160417
0.00162201
0.00164051
0.00165957
0.0016791
0.001699
0.0017192
0.00173959
0.0017601
0.00178064
0.00180113
0.00182149
0.00184164
0.0018615
0.001881
0.00190007
0.00191863
0.00193663
0.00195398
0.00197064
0.00198654
0.00200161
0.00201581
0.00202907
0.00204135
0.0020526
0.00206278
0.00207183
0.00207972
0.00208642
0.00209189
0.00209609
0.00209901
0.00210063
0.00210092
0.00209986
0.00209746
0.0020937
0.00208858
0.0020821
0.00207427
0.0020651
0.0020546
0.0020428
0.00202972
0.00201539
0.00199983
0.0019831
0.00196522
0.00194625
0.00192623
0.00190523
0.00188329
0.00186049
0.00183689
0.00181256
0.00178757
0.00176201
0.00173595
0.0017095
0.00168273
0.00165573
0.00162862
0.00160149
0.00157444
0.00154758
0.00152103
0.0014949
0.00146931
0.00144437
0.00142021
0.00139695
0.00137471
0.00135362
0.00133379
0.00131534
0.0012984
0.00128306
0.00126944
0.00125761
0.00124767
0.00123969
0.00123373
0.00122983
0.00122801
0.0012283
0.00123068
0.00123515
0.00124165
0.00125015
0.00126057
0.00127285
0.0012869
0.00130262
0.00131991
0.00133866
0.00135877
0.00138011
0.00140258
0.00142605
0.00145041
0.00147554
0.00150133
0.00152766
0.00155443
0.00158153
0.00160885
0.00163628
0.00166374
0.00169112
0.00171832
0.00174525
0.00177183
0.00179797
0.00182357
0.00184857
0.00187288
0.00189642
0.00191912
0.00194091
0.00196171
0.00198147
0.00200012
0.0020176
0.00203385
0.00204881
0.00206244
0.00207468
0.00208549
0.00209483
0.00210265
0.00210893
0.00211362
0.00211671
0.00211815
0.00211794
0.00211604
0.00211246
0.00210716
0.00210016
0.00209143
0.00208098
0.00206882
0.00205495
0.00203937
0.00202211
0.00200318
0.0019826
0.0019604
0.00193661
0.00191126
0.00188438
0.00185603
0.00182623
0.00179505
0.00176254
0.00172876
0.00169377
0.00165765
0.00162046
0.00158229
0.00154323
0.00150338
0.00146284
0.00142173
0.00138017
0.0013383
0.00129626
0.00125423
0.00121238
0.00117093
0.00113008
0.00109009
0.00105124
0.00101381
0.000978139
0.000944585
0.000913528
0.000885366
0.00086051
0.000839364
0.000822311
0.000809686
0.000801759
0.000798711
0.000800616
0.000807443
0.000819048
0.000835196
0.000855575
0.00087982
0.000907535
0.000938314
0.000971754
0.00100747
0.00104509
0.00108429
0.00112475
0.00116618
0.00120834
0.00125098
0.00129391
0.00133691
0.00137983
0.00142249
0.00146476
0.0015065
0.00154759
0.0015879
0.00162735
0.00166582
0.00170322
0.00173948
0.00177451
0.00180823
0.00184058
0.0018715
0.00190091
0.00192877
0.00195501
0.0019796
0.00200248
0.00202362
0.00204298
0.00206051
0.0020762
0.00209
0.00210191
0.00211189
0.00211992
0.002126
0.0021301
0.00213223
0.00213238
0.00213054
0.00212671
0.00212091
0.00211313
0.00210339
0.0020917
0.00207807
0.00206254
0.00204511
0.00202582
0.00200469
0.00198176
0.00195705
0.00193061
0.00190247
0.00187267
0.00184127
0.00180831
0.00177383
0.0017379
0.00170056
0.00166188
0.00162192
0.00158074
0.00153841
0.00149501
0.00145062
0.00140531
0.00135917
0.0013123
0.00126479
0.00121676
0.00116834
0.00111964
0.00107083
0.00102206
0.000973526
0.000925449
0.000878078
0.000831707
0.00078668
0.000743403
0.00070235
0.000664076
0.000629218
0.000598486
0.000572641
0.000552446
0.000538588
0.000531594
0.000531736
0.00053899
0.000553032
0.000573298
0.000599076
0.000629588
0.000664071
0.000701816
0.000742191
0.00078465
0.000828725
0.000874021
0.000920199
0.000966975
0.0010141
0.00106138
0.00110861
0.00115564
0.00120233
0.00124855
0.00129419
0.00133915
0.00138332
0.00142663
0.00146899
0.00151032
0.00155056
0.00158964
0.0016275
0.00166407
0.00169931
0.00173315
0.00176555
0.00179647
0.00182585
0.00185365
0.00187984
0.00190437
0.00192721
0.00194833
0.0019677
0.00198528
0.00200106
0.00201501
0.0020271
0.00203732
0.00204565
0.00205207
0.00205659
0.00205917
0.00205982
0.00205854
0.00205531
0.00205015
0.00204304
0.002034
0.00202303
0.00201014
0.00199534
0.00197865
0.00196007
0.00193964
0.00191736
0.00189327
0.00186738
0.00183972
0.00181032
0.00177922
0.00174643
0.00171201
0.00167598
0.00163838
0.00159926
0.00155866
0.00151663
0.0014732
0.00142844
0.0013824
0.00133513
0.00128668
0.00123713
0.00118653
0.00113496
0.00108249
0.00102921
0.000975191
0.000920543
0.000865375
0.000809813
0.000754007
0.000698136
0.000642423
0.000587153
0.000532704
0.000479593
0.000428549
0.000380624
0.000337356
0.000300937
0.000274249
0.000260381
0.000261403
0.00027711
0.000305155
0.000342393
0.000386022
0.000433946
0.000484708
0.000537308
0.000591054
0.000645453
0.000700141
0.000754845
0.000809348
0.000863475
0.00091708
0.00097004
0.00102225
0.0010736
0.00112402
0.00117343
0.00122175
0.00126891
0.00131485
0.00135952
0.00140285
0.0014448
0.00148532
0.00152435
0.00156187
0.00159783
0.00163218
0.0016649
0.00169595
0.00172531
0.00175294
0.00177883
0.00180294
0.00182526
0.00184577
0.00186446
0.00188132
0.00189632
0.00190948
0.00192077
0.0019302
0.00193777
0.00194349
0.00194734
0.00194935
0.00194951
0.00194785
0.00194437
0.00193909
0.00193202
0.00192319
0.00191263
0.00190034
0.00188636
0.00187072
0.00185344
0.00183456
0.00181411
0.00179212
0.00176864
0.0017437
0.00171734
0.0016896
0.00166054
0.00163019
0.0015986
0.00156583
0.00153192
0.00149694
0.00146094
0.00142398
0.00138613
0.00134744
0.001308
0.00126788
0.00122715
0.00118591
0.00114424
0.00110226
0.00106006
0.00101778
0.000975554
0.000933528
0.000891879
0.000850803
0.000810526
0.000771306
0.000733441
0.000697272
0.000663191
0.000631637
0.000603099
0.000578104
0.000557189
0.000540877
0.000529619
0.000523751
0.000523444
0.000528678
0.000539243
0.000554772
0.000574783
0.000598735
0.000626073
0.00065626
0.000688803
0.000723256
0.000759227
0.000796375
0.000834402
0.000873053
0.000912105
0.000951363
0.000990659
0.00102984
0.00106878
0.00110736
0.00114547
0.00118302
0.00121992
0.00125609
0.00129145
0.00132595
0.00135952
0.0013921
0.00142364
0.00145408
0.00148339
0.00151151
0.00153842
0.00156406
0.00158841
0.00161143
0.00163309
0.00165337
0.00167225
0.00168968
0.00170567
0.00172018
0.00173321
0.00174473
0.00175474
0.00176323
0.00177019
0.00177562
0.0017795
0.00178185
0.00178266
0.00178193
0.00177968
0.0017759
0.00177061
0.00176383
0.00175556
0.00174582
0.00173463
0.00172201
0.00170798
0.00169258
0.00167581
0.00165773
0.00163835
0.00161771
0.00159584
0.0015728
0.00154861
0.00152332
0.00149698
0.00146964
0.00144134
0.00141216
0.00138214
0.00135135
0.00131986
0.00128774
0.00125506
0.00122191
0.00118839
0.00115457
0.00112057
0.00108651
0.00105249
0.00101865
0.000985148
0.000952128
0.000919766
0.00088825
0.000857785
0.000828593
0.000800912
0.000774994
0.000751107
0.000729522
0.000710511
0.000694336
0.000681238
0.000671421
0.00066504
0.000662192
0.000662905
0.000667137
0.000674777
0.000685656
0.000699554
0.000716217
0.000735372
0.000756733
0.000780018
0.000804952
0.000831273
0.000858739
0.000887124
0.000916219
0.000945837
0.000975806
0.00100597
0.00103619
0.00106633
0.00109628
0.00112594
0.00115521
0.00118399
0.00121222
0.00123982
0.00126672
0.00129286
0.00131819
0.00134265
0.0013662
0.0013888
0.00141041
0.001431
0.00145052
0.00146897
0.0014863
0.00150249
0.00151754
0.00153141
0.0015441
0.00155559
0.00156588
0.00157495
0.0015828
0.00158944
0.00159485
0.00159904
0.00160201
0.00160377
0.00160432
0.00160368
0.00160186
0.00159886
0.00159471
0.00158942
0.001583
0.00157549
0.00156689
0.00155724
0.00154656
0.00153488
0.00152222
0.00150862
0.00149411
0.00147872
0.0014625
0.00144547
0.00142768
0.00140917
0.00138999
0.00137017
0.00134978
0.00132886
0.00130746
0.00128564
0.00126346
0.00124098
0.00121827
0.00119539
0.00117242
0.00114943
0.00112651
0.00110372
0.00108116
0.00105893
0.00103711
0.0010158
0.000995108
0.000975136
0.000955992
0.000937785
0.000920624
0.00090462
0.00088988
0.000876508
0.0008646
0.000854246
0.000845526
0.000838506
0.000833238
0.00082976
0.000828089
0.000828226
0.000830154
0.000833837
0.000839224
0.000846246
0.000854823
0.000864864
0.000876268
0.000888929
0.000902734
0.000917571
0.000933326
0.000949884
0.000967135
0.00098497
0.00100329
0.00102198
0.00104096
0.00106013
0.0010794
0.00109871
0.00111795
0.00113708
0.00115601
0.00117468
0.00119304
0.00121102
0.00122859
0.00124568
0.00126225
0.00127826
0.00129367
0.00130845
0.00132256
0.00133597
0.00134865
0.00136058
0.00137174
0.00138209
0.00139163
0.00140034
0.00140819
0.00141519
0.00142131
0.00142655
0.0014309
0.00143435
0.00143691
0.00143856
0.00143932
0.00143918
0.00143814
0.00143621
0.0014334
0.00142971
0.00142516
0.00141976
0.00141352
0.00140645
0.00139858
0.00138993
0.00138051
0.00137034
0.00135946
0.00134789
0.00133566
0.0013228
0.00130934
0.00129531
0.00128077
0.00126574
0.00125027
0.0012344
0.00121819
0.00120168
0.00118492
0.00116797
0.00115089
0.00113374
0.00111659
0.0010995
0.00108254
0.00106578
0.0010493
0.00103318
0.00101749
0.00100231
0.000987733
0.000973829
0.000960681
0.000948371
0.000936973
0.000926563
0.000917208
0.000908972
0.000901912
0.000896075
0.000891499
0.000888215
0.000886239
0.000885579
0.000886229
0.000888174
0.000891386
0.000895827
0.00090145
0.000908199
0.00091601
0.000924813
0.000934534
0.000945094
0.000956411
0.000968402
0.000980983
0.000994071
0.00100758
0.00102144
0.00103556
0.00104987
0.00106429
0.00107875
0.00109319
0.00110755
0.00112175
0.00113574
0.00114948
0.0011629
0.00117596
0.00118862
0.00120083
0.00121255
0.00122376
0.00123441
0.00124448
0.00125394
0.00126277
0.00127094
0.00127844
0.00128524
0.00129134
0.00129672
0.00130137
0.00130528
0.00130845
0.00131088
0.00131256
0.00131349
0.00131367
0.00131312
0.00131183
0.00130981
0.00130707
0.00130363
0.0012995
0.00129468
0.00128921
0.00128309
0.00127635
0.00126901
0.0012611
0.00125262
0.00124362
0.00123413
0.00122416
0.00121376
0.00120295
0.00119178
0.00118027
0.00116847
0.00115641
0.00114414
0.0011317
0.00111913
0.00110648
0.0010938
0.00108114
0.00106854
0.00105606
0.00104374
0.00103165
0.00101984
0.00100836
0.000997255
0.000986591
0.000976418
0.000966788
0.00095775
0.000949353
0.000941643
0.000934662
0.000928449
0.000923039
0.000918462
0.000914743
0.000911901
0.000909951
0.000908899
0.000908747
0.00090949
0.000911117
0.000913611
0.000916949
0.000921103
0.00092604
0.000931722
0.000938108
0.000945152
0.000952808
0.000961024
0.000969749
0.00097893
0.000988513
0.000998444
0.00100867
0.00101913
0.00102978
0.00104057
0.00105144
0.00106234
0.00107322
0.00108405
0.00109476
0.00110533
0.0011157
0.00112584
0.00113571
0.00114527
0.0011545
0.00116335
0.0011718
0.00117981
0.00118736
0.00119443
0.00120099
0.00120702
0.00121251
0.00121742
0.00122175
0.00122547
0.00122859
0.00123108
0.00123293
0.00123414
0.0012347
0.00123461
0.00123386
0.00123245
0.00123037
0.00122764
0.00122425
0.00122022
0.00121553
0.00121021
0.00120427
0.0011977
0.00119054
0.00118279
0.00117447
0.00116561
0.00115621
0.00114631
0.00113593
0.0011251
0.00111384
0.0011022
0.00109019
0.00107787
0.00106526
0.00105242
0.00103938
0.00102619
0.0010129
0.000999569
0.00098624
0.000972976
0.000959834
0.000946878
0.000934171
0.000921778
0.000909767
0.000898207
0.000887166
0.000876714
0.00086692
0.000857849
0.000849568
0.000842137
0.000835616
0.000830055
0.000825503
0.000821998
0.000819572
0.00081825
0.000818045
0.000818962
0.000820997
0.000824136
0.000828356
0.000833626
0.000839905
0.000847148
0.000855302
0.000864307
0.000874101
0.000884617
0.000895787
0.00090754
0.000919803
0.000932506
0.000945576
0.000958943
0.000972537
0.000986289
0.00100013
0.00101401
0.00102785
0.00104159
0.00105519
0.00106858
0.00108171
0.00109454
0.00110701
0.00111908
0.00113071
0.00114186
0.0011525
0.00116257
0.00117206
0.00118093
0.00118916
0.00119671
0.00120356
0.0012097
0.00121509
0.00121973
0.00122359
0.00122667
0.00122894
0.00123041
0.00123105
0.00123087
0.00122987
0.00122802
0.00122535
0.00122184
0.0012175
0.00121234
0.00120637
0.00119958
0.00119199
0.00118362
0.00117448
0.00116459
0.00115395
0.00114261
0.00113057
0.00111786
0.00110451
0.00109056
0.00107602
0.00106094
0.00104536
0.00102931
0.00101284
0.000995994
0.000978821
0.000961375
0.000943713
0.000925894
0.000907984
0.000890051
0.000872168
0.000854412
0.000836865
0.000819615
0.000802751
0.00078637
0.000770569
0.000755453
0.000741127
0.000727696
0.000715267
0.000703947
0.000693837
0.000685033
0.000677623
0.000671685
0.000667284
0.00066447
0.000663277
0.000663718
0.000665792
0.000669476
0.000674732
0.000681503
0.000689722
0.000699305
0.000710163
0.000722196
0.000735303
0.000749377
0.000764313
0.000780003
0.000796344
0.000813235
0.000830578
0.000848278
0.000866248
0.0008844
0.000902654
0.000920935
0.000939169
0.000957289
0.000975231
0.000992933
0.00101034
0.0010274
0.00104406
0.00106027
0.00107599
0.00109118
0.00110579
0.0011198
0.00113316
0.00114585
0.00115782
0.00116907
0.00117955
0.00118925
0.00119814
0.00120619
0.0012134
0.00121974
0.0012252
0.00122976
0.00123341
0.00123614
0.00123793
0.00123878
0.00123869
0.00123764
0.00123563
0.00123266
0.00122873
0.00122383
0.00121798
0.00121117
0.00120341
0.0011947
0.00118506
0.00117449
0.001163
0.0011506
0.00113732
0.00112316
0.00110815
0.00109231
0.00107565
0.0010582
0.00103998
0.00102104
0.00100139
0.000981068
0.000960116
0.000938573
0.000916481
0.000893888
0.000870845
0.000847409
0.000823642
0.000799611
0.000775392
0.000751066
0.000726724
0.000702467
0.000678407
0.000654669
0.000631389
0.000608722
0.000586836
0.000565919
0.000546173
0.000527819
0.000511087
0.000496219
0.000483452
0.000473017
0.000465121
0.000459932
0.000457571
0.000458098
0.000461508
0.000467731
0.000476638
0.000488054
0.00050177
0.000517556
0.000535173
0.000554383
0.000574959
0.000596684
0.000619359
0.000642798
0.000666836
0.000691319
0.000716111
0.000741087
0.000766134
0.000791151
0.000816045
0.000840731
0.000865131
0.000889174
0.000912796
0.000935935
0.000958535
0.000980546
0.00100192
0.00102261
0.00104257
0.00106177
0.00108017
0.00109774
0.00111443
0.00113024
0.00114512
0.00115905
0.00117201
0.00118398
0.00119493
0.00120485
0.00121373
0.00122154
0.00122827
0.00123391
0.00123846
0.0012419
0.00124422
0.00124542
0.0012455
0.00124445
0.00124228
0.00123897
0.00123454
0.00122898
0.00122231
0.00121452
0.00120563
0.00119564
0.00118456
0.00117241
0.00115919
0.00114492
0.00112962
0.00111331
0.00109599
0.0010777
0.00105844
0.00103826
0.00101716
0.000995176
0.000972334
0.000948663
0.000924193
0.000898957
0.00087299
0.000846328
0.000819011
0.000791081
0.000762583
0.000733567
0.000704087
0.000674202
0.000643976
0.000613484
0.000582808
0.000552044
0.000521303
0.000490716
0.000460441
0.000430667
0.000401631
0.000373625
0.000347013
0.00032225
0.000299895
0.000280612
0.000265145
0.00025425
0.000248561
0.000248451
0.000253917
0.000264587
0.000279818
0.000298853
0.000320942
0.000345417
0.000371715
0.000399381
0.000428047
0.00045742
0.000487265
0.00051739
0.00054764
0.000577882
0.000608007
0.000637921
0.00066754
0.000696793
0.000725615
0.000753949
0.000781743
0.000808947
0.000835518
0.000861416
0.000886601
0.000911039
0.000934696
0.000957542
0.000979546
0.00100068
0.00102092
0.00104024
0.00105862
0.00107604
0.00109247
0.0011079
0.00112231
0.00113569
0.00114801
0.00115927
0.00116945
0.00117855
0.00118655
0.00119344
0.00119922
0.00120388
0.00120741
0.00120982
0.00121109
0.00121123
0.00121024
0.00120811
0.00120486
0.00120047
0.00119497
0.00118834
0.0011806
0.00117176
0.00116183
0.0011508
0.00113871
0.00112555
0.00111134
0.0010961
0.00107984
0.00106258
0.00104433
0.00102511
0.00100494
0.000983848
0.000961848
0.000938964
0.00091522
0.000890639
0.000865249
0.000839074
0.000812144
0.000784485
0.000756129
0.000727105
0.000697447
0.000667187
0.000636362
0.000605008
0.000573164
0.000540873
0.00050818
0.000475135
0.000441793
0.000408219
0.000374488
0.000340692
0.000306953
0.000273432
0.000240361
0.000208096
0.000177214
0.000148711
0.000124349
0.000107077
0.000100657
0.000107046
0.000124232
0.000148437
0.000176706
0.000207279
0.000239165
0.000271788
0.000304792
0.000337946
0.00037109
0.000404106
0.0004369
0.000469399
0.000501541
0.00053327
0.00056454
0.000595305
0.000625526
0.000655166
0.000684189
0.000712562
0.000740253
0.000767233
0.000793474
0.000818947
0.000843626
0.000867488
0.000890508
0.000912663
0.000933932
0.000954295
0.000973731
0.000992224
0.00100976
0.00102631
0.00104187
0.00105642
0.00106996
0.00108247
0.00109393
0.00110434
0.00111369
0.00112198
0.00112919
0.00113533
0.00114038
0.00114435
0.00114724
0.00114903
0.00114974
0.00114937
0.00114792
0.00114539
0.00114179
0.00113712
0.00113139
0.00112462
0.0011168
0.00110796
0.00109809
0.00108723
0.00107537
0.00106254
0.00104875
0.00103402
0.00101836
0.0010018
0.000984358
0.000966055
0.000946913
0.000926956
0.00090621
0.000884702
0.000862459
0.00083951
0.000815886
0.00079162
0.000766744
0.000741295
0.000715312
0.000688834
0.000661905
0.000634571
0.000606885
0.000578901
0.000550683
0.000522299
0.000493829
0.000465367
0.00043702
0.000408919
0.000381221
0.000354125
0.000327875
0.000302786
0.000279255
0.000257788
0.000239004
0.000223634
0.00021245
0.00020615
0.000205175
0.000209573
0.000218975
0.000232713
0.000250002
0.00027008
0.000292282
0.000316068
0.000341009
0.000366768
0.000393084
0.000419748
0.000446595
0.00047349
0.000500322
0.000527
0.000553444
0.000579586
0.000605367
0.000630735
0.000655643
0.000680049
0.000703913
0.000727201
0.00074988
0.000771921
0.000793295
0.000813977
0.000833943
0.000853169
0.000871635
0.000889322
0.000906211
0.000922285
0.000937528
0.000951927
0.000965468
0.000978138
0.000989926
0.00100082
0.00101082
0.00101991
0.00102808
0.00103534
0.00104167
0.00104706
0.00105153
0.00105507
0.00105767
0.00105934
0.00106008
0.0010599
0.00105878
0.00105675
0.0010538
0.00104995
0.0010452
0.00103956
0.00103303
0.00102564
0.00101739
0.0010083
0.000998371
0.000987631
0.000976094
0.000963776
0.000950696
0.000936874
0.000922332
0.000907091
0.000891177
0.000874614
0.000857429
0.000839651
0.00082131
0.000802438
0.00078307
0.000763241
0.000742992
0.000722363
0.0007014
0.000680151
0.000658669
0.000637011
0.00061524
0.000593423
0.000571637
0.000549966
0.000528503
0.000507352
0.00048663
0.000466468
0.000447012
0.000428425
0.000410887
0.000394597
0.000379764
0.000366612
0.000355362
0.00034623
0.000339404
0.000335035
0.000333219
0.000333987
0.000337302
0.00034306
0.000351105
0.000361239
0.00037324
0.000386877
0.000401921
0.000418154
0.000435374
0.000453395
0.000472052
0.000491196
0.000510695
0.000530432
0.000550303
0.000570217
0.000590091
0.000609852
0.000629435
0.00064878
0.000667834
0.000686549
0.00070488
0.000722788
0.000740236
0.00075719
0.00077362
0.000789497
0.000804795
0.00081949
0.00083356
0.000846985
0.000859746
0.000871826
0.000883211
0.000893885
0.000903837
0.000913055
0.00092153
0.000929252
0.000936214
0.000942411
0.000947837
0.000952487
0.000956361
0.000959455
0.00096177
0.000963307
0.000964066
0.000964051
0.000963267
0.000961717
0.000959408
0.000956348
0.000952545
0.000948009
0.000942749
0.000936777
0.000930107
0.000922753
0.000914729
0.000906052
0.000896739
0.000886809
0.000876282
0.000865179
0.000853523
0.000841339
0.00082865
0.000815486
0.000801874
0.000787844
0.00077343
0.000758664
0.000743584
0.000728228
0.000712636
0.000696853
0.000680924
0.000664899
0.00064883
0.000632774
0.000616789
0.00060094
0.000585294
0.000569924
0.000554907
0.000540324
0.000526259
0.000512804
0.00050005
0.000488094
0.00047703
0.000466957
0.000457965
0.000450145
0.000443575
0.000438325
0.00043445
0.000431989
0.000430962
0.000431372
0.000433198
0.000436404
0.000440935
0.000446723
0.000453684
0.000461731
0.000470766
0.000480689
0.000491402
0.000502805
0.000514801
0.000527298
0.000540208
0.000553448
0.000566939
0.00058061
0.000594391
0.00060822
0.000622039
0.000635793
0.000649433
0.000662912
0.000676188
0.000689221
0.000701975
0.000714416
0.000726513
0.000738238
0.000749563
0.000760465
0.000770921
0.000780911
0.000790415
0.000799416
0.000807899
0.00081585
0.000823255
0.000830103
0.000836384
0.00084209
0.000847211
0.000851743
0.00085568
0.000859017
0.000861752
0.000863882
0.000865408
0.000866328
0.000866645
0.000866361
0.000865478
0.000864003
0.00086194
0.000859295
0.000856078
0.000852295
0.000847958
0.000843076
0.000837663
0.000831731
0.000825294
0.000818368
0.000810969
0.000803115
0.000794826
0.000786122
0.000777024
0.000767555
0.000757741
0.000747606
0.000737179
0.000726488
0.000715564
0.00070444
0.000693149
0.000681729
0.000670216
0.00065865
0.000647074
0.00063553
0.000624066
0.000612728
0.000601567
0.000590634
0.000579982
0.000569666
0.000559741
0.000550264
0.000541291
0.000532879
0.000525082
0.000517954
0.000511544
0.0005059
0.000501062
0.000497066
0.000493942
0.00049171
0.000490385
0.000489971
0.000490464
0.000491852
0.000494113
0.00049722
0.000501136
0.00050582
0.000511225
0.000517299
0.00052399
0.000531239
0.00053899
0.000547185
0.000555766
0.000564676
0.000573859
0.000583261
0.00059283
0.000602515
0.00061227
0.000622047
0.000631805
0.000641502
0.000651098
0.000660559
0.00066985
0.000678938
0.000687794
0.00069639
0.000704699
0.000712697
0.000720363
0.000727674
0.000734611
0.000741159
0.000747299
0.000753018
0.000758302
0.00076314
0.000767522
0.000771438
0.000774881
0.000777843
0.000780321
0.00078231
0.000783807
0.00078481
0.00078532
0.000785336
0.000784861
0.000783898
0.000782451
0.000780525
0.000778127
0.000775264
0.000771946
0.000768182
0.000763982
0.000759361
0.00075433
0.000748905
0.000743101
0.000736935
0.000730426
0.000723593
0.000716457
0.00070904
0.000701365
0.000693458
0.000685344
0.00067705
0.000668606
0.000660041
0.000651388
0.000642678
0.000633947
0.000625229
0.000616562
0.000607983
0.000599532
0.000591247
0.00058317
0.000575342
0.000567803
0.000560596
0.00055376
0.000547337
0.000541363
0.000535877
0.000530913
0.000526504
0.000522676
0.000519457
0.000516865
0.000514918
0.000513625
0.000512993
0.000513022
0.000513708
0.000515039
0.000517001
0.000519572
0.00052273
0.000526446
0.000530687
0.000535418
0.000540605
0.000546206
0.000552182
0.000558493
0.000565096
0.000571951
0.000579017
0.000586252
0.000593618
0.000601075
0.000608587
0.000616116
0.000623629
0.000631092
0.000638473
0.000645742
0.000652869
0.000659827
0.000666591
0.000673136
0.000679439
0.000685478
0.000691234
0.000696687
0.00070182
0.000706618
0.000711064
0.000715146
0.000718851
0.000722169
0.000725088
0.000727601
0.0007297
0.000731378
0.000732631
0.000733453
0.000733842
0.000733796
0.000733314
0.000732396
0.000731043
0.000729259
0.000727046
0.000724409
0.000721355
0.000717889
0.00071402
0.000709757
0.000705111
0.000700093
0.000694716
0.000688993
0.000682941
0.000676576
0.000669916
0.00066298
0.000655789
0.000648364
0.00064073
0.000632911
0.000624935
0.000616828
0.000608622
0.000600347
0.000592035
0.000583722
0.000575444
0.000567237
0.000559141
0.000551195
0.000543441
0.000535922
0.000528679
0.000521757
0.000515198
0.000509045
0.000503341
0.000498124
0.000493435
0.000489309
0.000485777
0.00048287
0.000480611
0.000479019
0.000478109
0.000477889
0.00047836
0.00047952
0.000481358
0.000483859
0.000487004
0.000490765
0.000495114
0.000500017
0.000505437
0.000511334
0.000517668
0.000524396
0.000531473
0.000538857
0.000546504
0.000554369
0.00056241
0.000570586
0.000578854
0.000587176
0.000595513
0.000603828
0.000612087
0.000620254
0.000628299
0.00063619
0.000643898
0.000651394
0.000658654
0.000665652
0.000672364
0.000678769
0.000684846
0.000690575
0.000695938
0.000700919
0.000705502
0.000709673
0.000713418
0.000716726
0.000719585
0.000721987
0.000723921
0.000725381
0.000726361
0.000726855
0.000726859
0.00072637
0.000725386
0.000723905
0.000721929
0.000719457
0.000716494
0.000713041
0.000709104
0.000704689
0.000699801
0.000694449
0.000688643
0.000682393
0.00067571
0.000668607
0.000661099
0.000653202
0.000644932
0.000636308
0.000627351
0.000618083
0.000608526
0.000598707
0.000588653
0.000578393
0.000567958
0.000557384
0.000546705
0.000535961
0.000525193
0.000514445
0.000503764
0.000493201
0.000482808
0.000472641
0.000462759
0.000453224
0.000444099
0.00043545
0.000427343
0.000419846
0.000413025
0.000406944
0.000401664
0.000397241
0.000393723
0.000391152
0.000389559
0.000388965
0.000389379
0.000390797
0.000393205
0.000396577
0.000400877
0.00040606
0.000412073
0.000418859
0.000426354
0.000434495
0.000443213
0.000452443
0.000462117
0.000472172
0.000482544
0.000493173
0.000504002
0.000514974
0.000526039
0.000537146
0.00054825
0.000559305
0.000570272
0.00058111
0.000591784
0.000602259
0.000612504
0.000622487
0.000632181
0.000641559
0.000650596
0.000659268
0.000667554
0.000675434
0.000682888
0.000689898
0.000696448
0.000702524
0.000708109
0.000713192
0.000717761
0.000721804
0.000725313
0.000728277
0.00073069
0.000732544
0.000733834
0.000734555
0.000734703
0.000734274
0.000733267
0.000731681
0.000729515
0.000726771
0.000723449
0.000719553
0.000715086
0.000710052
0.000704457
0.000698307
0.00069161
0.000684374
0.000676608
0.000668323
0.000659531
0.000650244
0.000640475
0.000630241
0.000619557
0.000608442
0.000596913
0.000584993
0.000572703
0.000560068
0.000547114
0.000533869
0.000520365
0.000506634
0.000492714
0.000478644
0.000464468
0.000450233
0.000435993
0.000421806
0.000407735
0.000393851
0.000380234
0.000366969
0.000354151
0.000341885
0.000330284
0.000319469
0.000309569
0.000300716
0.000293042
0.000286676
0.000281734
0.000278312
0.000276483
0.000276288
0.000277733
0.000280789
0.000285394
0.000291459
0.000298875
0.000307516
0.000317252
0.000327951
0.000339483
0.000351724
0.000364559
0.00037788
0.000391588
0.000405595
0.000419818
0.000434184
0.000448625
0.000463082
0.000477497
0.000491821
0.000506008
0.000520015
0.000533804
0.000547337
0.000560582
0.000573508
0.000586087
0.000598292
0.000610097
0.00062148
0.000632419
0.000642894
0.000652886
0.000662377
0.000671351
0.000679792
0.000687686
0.000695021
0.000701783
0.000707961
0.000713546
0.000718528
0.000722898
0.000726649
0.000729773
0.000732267
0.000734123
0.000735339
0.00073591
0.000735835
0.000735111
0.000733738
0.000731715
0.000729045
0.000725727
0.000721764
0.00071716
0.000711919
0.000706044
0.000699542
0.00069242
0.000684683
0.000676341
0.000667402
0.000657874
0.00064777
0.0006371
0.000625875
0.00061411
0.000601818
0.000589013
0.000575712
0.000561931
0.000547688
0.000533003
0.000517895
0.000502386
0.000486501
0.000470263
0.000453701
0.000436844
0.000419723
0.000402376
0.000384841
0.000367163
0.000349392
0.000331587
0.000313815
0.000296154
0.0002787
0.000261566
0.00024489
0.000228843
0.000213632
0.000199512
0.000186789
0.000175817
0.000166986
0.000160683
0.000157234
0.000156839
0.000159519
0.000165112
0.000173313
0.000183742
0.000196004
0.000209734
0.000224612
0.000240372
0.000256794
0.000273701
0.000290946
0.000308411
0.000325998
0.000343623
0.000361217
0.00037872
0.00039608
0.000413251
0.000430193
0.00044687
0.000463248
0.000479297
0.000494991
0.000510302
0.000525208
0.000539687
0.000553718
0.000567282
0.00058036
0.000592936
0.000604993
0.000616517
0.000627494
0.00063791
0.000647752
0.00065701
0.000665673
0.00067373
0.000681173
0.000687994
0.000694183
0.000699735
0.000704644
0.000708903
0.000712508
0.000715456
0.000717742
0.000719365
0.000720322
0.000720613
0.000720236
0.000719192
0.000717482
0.000715108
0.000712071
0.000708375
0.000704024
0.000699022
0.000693373
0.000687084
0.00068016
0.000672609
0.000664438
0.000655656
0.000646271
0.000636293
0.000625733
0.000614599
0.000602905
0.000590662
0.000577883
0.00056458
0.000550767
0.00053646
0.000521673
0.000506421
0.00049072
0.000474589
0.000458044
0.000441104
0.000423788
0.000406116
0.00038811
0.000369791
0.000351184
0.000332315
0.000313211
0.000293902
0.000274424
0.000254816
0.000235125
0.000215407
0.000195737
0.00017621
0.000156962
0.000138187
0.000120186
0.000103438
8.8724e-05
7.7268e-05
7.0707e-05
7.04315e-05
7.64945e-05
8.75562e-05
0.000101958
0.000118433
0.000136173
0.00015468
0.000173643
0.000192861
0.000212196
0.00023155
0.00025085
0.000270037
0.000289065
0.000307895
0.000326493
0.000344828
0.000362874
0.000380607
0.000398002
0.00041504
0.000431699
0.000447962
0.000463809
0.000479225
0.000494192
0.000508695
0.000522719
0.00053625
0.000549275
0.00056178
0.000573755
0.000585186
0.000596063
0.000606376
0.000616115
0.000625271
0.000633836
0.000641802
0.000649161
0.000655908
0.000662035
0.000667539
0.000672415
0.000676658
0.000680265
0.000683233
0.000685561
0.000687247
