
Primal Residual: 
23.9048
8.76254
3.33683
4.55335
3.23627
1.85632
1.36074
1.27276
1.13661
0.956789
0.808865
0.701202
0.620069
0.55303
0.491242
0.439386
0.410429
0.404492
0.411117
0.418234
0.415877
0.400254
0.373733
0.343075
0.316086
0.299591
0.292334
0.287805
0.280197
0.26773
0.253007
0.239433
0.230037
0.225389
0.223438
0.221223
0.216809
0.209878
0.201395
0.192969
0.186233
0.182186
0.181055
0.182933
0.187318
0.193193
0.19942
0.205042
0.209395
0.212277
0.213925
0.214799
0.215357
0.215864
0.216319
0.216509
0.216157
0.215073
0.213286
0.210953
0.208316
0.205627
0.20304
0.200571
0.1981
0.195432
0.19237
0.188788
0.184685
0.180195
0.175568
0.171123
0.167176
0.163968
0.161614
0.160077
0.159194
0.158731
0.158346
0.157759
0.156769
0.155243
0.1531
0.150304
0.146872
0.142879
0.138462
0.133814
0.129183
0.12485
0.121113
0.118249
0.116471
0.115891
0.116492
0.118131
0.12057
0.123522
0.126693
0.129821
0.132697
0.135173
0.137161
0.138632
0.139602
0.140127
0.140285
0.140172
0.139885
0.139519
0.139156
0.138864
0.13869
0.138662
0.138791
0.139069
0.139478
0.139986
0.140557
0.141146
0.141706
0.142189
0.142542
0.142711
0.142644
0.142291
0.141601
0.14053
0.139037
0.137092
0.134676
0.131786
0.128436
0.124659
0.120514
0.116082
0.111469
0.106807
0.10225
0.0979707
0.0941496
0.090962
0.0885575
0.0870383
0.0864408
0.0867265
0.0877872
0.0894624
0.0915626
0.0938923
0.0962682
0.098537
0.100529
0.102141
0.103347
0.10413
0.104488
0.104445
0.104047
0.103358
0.102457
0.101433
0.100378
0.0993767
0.0985041
0.0978197
0.0973641
0.0971565
0.0971949
0.0974591
0.0979149
0.0985196
0.0992273
0.0999926
0.100773
0.10153
0.102218
0.102822
0.103324
0.103709
0.103967
0.104089
0.104069
0.103905
0.103598
0.103142
0.102532
0.101773
0.100877
0.099865
0.098758
0.0975815
0.0963652
0.0951425
0.0939486
0.0928179
0.0917813
0.0908644
0.090086
0.089457
0.0889805
0.0886507
0.0884539
0.0883691
0.0883698
0.0884261
0.0885069
0.0885823
0.0886257
0.0886152
0.0885351
0.088376
0.0881354
0.0878177
0.0874331
0.0869973
0.0865299
0.0860533
0.0855916
0.0851688
0.0848082
0.0845303
0.0843529
0.0842892
0.0843478
0.084532
0.0848397
0.0852635
0.0857914
0.0864067
0.0870896
0.0878178
0.0885672
0.0893134
0.0900324
0.0907013
0.0912993
0.0918082
0.0922129
0.0925016
0.092666
0.092701
0.0926051
0.0923792
0.0920271
0.0915541
0.0909673
0.0902747
0.0894845
0.0886054
0.087646
0.0866146
0.0855193
0.0843685
0.0831708
0.0819355
0.080673
0.0793953
0.0781165
0.0768526
0.0756222
0.0744458
0.073346
0.0723463
0.0714706
0.0707418
0.0701802
0.0698027
0.0696207
0.0696395
0.0698575
0.0702659
0.0708492
0.0715982
0.07242
0.0732899
0.0742058
0.0751476
0.0760889
0.0770029
0.0778654
0.0786559
0.0793582
0.0799593
0.0804488
0.0808187
0.0810637
0.081182
0.0811755
0.0810492
0.0808099
0.0804664
0.0800241
0.0794909
0.0788801
0.0782091
0.0774964
0.0767608
0.0760198
0.0752885
0.0745792
0.0739003
0.0732567
0.0726497
0.072078
0.0715377
0.0710235
0.0705291
0.0700474
0.0695714
0.0690943
0.06861
0.0681127
0.0675981
0.0670627
0.0665049
0.0659245
0.0653239
0.0647079
0.0640837
0.0634614
0.0628534
0.0622743
0.0617399
0.0612668
0.0608711
0.0605675
0.0603682
0.0602824
0.0603153
0.0604678
0.0607368
0.0611151
0.0615919
0.0621534
0.0627839
0.063466
0.0641818
0.0649131
0.0656425
0.0663536
0.0670315
0.0676633
0.068238
0.068747
0.0691842
0.0695459
0.069831
0.0700406
0.0701779
0.070248
0.0702577
0.0702145
0.0701269
0.0700034
0.0698522
0.0696807
0.0694949
0.0692996
0.0690976
0.0688896
0.0686748
0.0684504
0.0682117
0.0679533
0.0676685
0.0673502
0.0669911
0.0665846
0.0661246
0.0656062
0.065026
0.0643825
0.0636759
0.0629089
0.0620862
0.0612151
0.0603052
0.0593681
0.0584178
0.05747
0.056542
0.0556522
0.0548193
0.0540623
0.0533989
0.0528455
0.052416
0.0521212
0.0519682
0.05196
0.0520953
0.0523688
0.0527713
0.0532903
0.0539111
0.0546167
0.0553896
0.0562116
0.0570648
0.057932
0.0587974
0.0596462
0.0604653
0.0612435
0.061971
0.0626398
0.0632437
0.0637778
0.064239
0.0646254
0.0649361
0.0651715
0.0653328
0.0654221
0.0654418
0.065395
0.065285
0.0651151
0.0648888
0.0646097
0.064281
0.0639058
0.0634869
0.063027
0.0625285
0.0619936
0.0614242
0.0608223
0.0601898
0.0595286
0.0588411
0.0581294
0.0573965
0.0566455
0.0558802
0.0551049
0.0543243
0.0535439
0.0527699
0.0520087
0.0512673
0.050553
0.0498733
0.0492356
0.0486472
0.0481149
0.0476446
0.0472417
0.0469104
0.0466533
0.0464721
0.0463668
0.0463361
0.0463773
0.0464865
0.0466587
0.0468883
0.047169
0.0474942
0.0478571
0.0482512
0.0486702
0.0491082
0.04956
0.0500208
0.0504867
0.0509541
0.0514203
0.051883
0.0523403
0.0527907
0.0532328
0.0536656
0.0540879
0.0544982
0.0548952
0.055277
0.0556414
0.055986
0.0563078
0.0566035
0.0568695
0.0571017
0.0572959
0.0574478
0.0575531
0.0576073
0.0576063
0.0575463
0.0574236
0.0572354
0.0569791
0.056653
0.0562561
0.0557882
0.0552498
0.0546426
0.053969
0.0532326
0.0524375
0.0515893
0.0506942
0.0497594
0.048793
0.0478039
0.0468017
0.0457967
0.0447998
0.0438223
0.0428756
0.0419716
0.0411215
0.0403366
0.0396271
0.0390026
0.0384713
0.0380399
0.0377133
0.0374946
0.0373849
0.0373831
0.0374865
0.0376906
0.0379895
0.038376
0.0388421
0.0393793
0.0399786
0.0406309
0.0413274
0.042059
0.0428173
0.043594
0.044381
0.0451708
0.045956
0.0467297
0.047485
0.0482156
0.0489152
0.0495781
0.0501985
0.0507712
0.0512911
0.0517535
0.0521542
0.0524891
0.0527549
0.0529483
0.053067
0.0531089
0.0530726
0.0529572
0.0527625
0.052489
0.0521377
0.0517105
0.0512099
0.0506389
0.0500016
0.0493023
0.0485465
0.0477399
0.0468892
0.0460015
0.0450846
0.0441469
0.043197
0.0422444
0.0412987
0.0403697
0.0394676
0.0386024
0.0377842
0.0370226
0.0363267
0.0357049
0.0351644
0.0347115
0.0343506
0.0340849
0.0339155
0.033842
0.0338623
0.0339725
0.0341675
0.0344409
0.0347854
0.0351933
0.0356562
0.0361657
0.0367134
0.0372911
0.0378909
0.0385052
0.0391269
0.0397493
0.0403663
0.0409721
0.0415615
0.0421297
0.0426724
0.0431856
0.0436659
0.0441102
0.0445158
0.0448804
0.0452019
0.0454789
0.04571
0.0458943
0.0460314
0.0461209
0.0461628
0.0461576
0.046106
0.0460087
0.0458671
0.0456825
0.0454566
0.0451911
0.0448883
0.0445501
0.044179
0.0437773
0.0433476
0.0428925
0.0424145
0.0419163
0.0414006
0.0408701
0.0403276
0.0397756
0.0392169
0.0386542
0.0380903
0.0375279
0.0369698
0.0364191
0.0358785
0.0353513
0.0348406
0.0343497
0.0338822
0.0334414
0.033031
0.0326546
0.0323159
0.0320184
0.0317655
0.0315602
0.0314054
0.0313034
0.0312558
0.0312639
0.031328
0.0314478
0.0316222
0.0318492
0.0321263
0.0324501
0.0328166
0.0332214
0.0336595
0.0341258
0.0346146
0.0351205
0.0356378
0.0361607
0.0366839
0.0372019
0.0377096
0.0382022
0.038675
0.0391237
0.0395445
0.0399337
0.0402883
0.0406052
0.040882
0.0411167
0.0413074
0.0414529
0.041552
0.0416041
0.0416088
0.0415662
0.0414763
0.0413399
0.0411578
0.040931
0.040661
0.0403493
0.0399978
0.0396086
0.039184
0.0387265
0.0382387
0.0377236
0.0371842
0.0366239
0.0360461
0.0354545
0.034853
0.0342455
0.0336363
0.0330297
0.0324303
0.0318427
0.0312718
0.0307223
0.0301993
0.0297075
0.0292517
0.0288366
0.0284665
0.0281453
0.0278766
0.0276634
0.0275079
0.0274117
0.0273756
0.0273996
0.0274827
0.0276234
0.0278192
0.0280669
0.0283631
0.0287035
0.0290835
0.0294985
0.0299435
0.0304133
0.0309029
0.0314073
0.0319214
0.0324404
0.0329597
0.0334746
0.0339808
0.0344741
0.0349505
0.0354062
0.0358376
0.0362413
0.0366139
0.0369526
0.0372543
0.0375164
0.0377365
0.0379121
0.0380414
0.0381223
0.0381533
0.0381329
0.0380599
0.0379333
0.0377525
0.0375171
0.037227
0.0368824
0.0364839
0.0360322
0.0355287
0.0349751
0.0343733
0.033726
0.0330362
0.0323074
0.0315438
0.0307501
0.0299317
0.0290947
0.028246
0.0273935
0.0265457
0.0257122
0.0249035
0.0241311
0.0234072
0.0227444
0.0221558
0.0216541
0.0212513
0.0209578
0.0207818
0.0207283
0.0207992
0.0209928
0.0213039
0.0217244
0.0222439
0.0228504
0.0235311
0.0242727
0.0250623
0.0258874
0.0267363
0.027598
0.0284625
0.0293206
0.030164
0.0309851
0.0317771
0.0325339
0.0332498
0.0339201
0.0345403
0.0351065
0.0356153
0.0360636
0.0364489
0.036769
0.0370221
0.0372067
0.0373217
0.0373663
0.0373401
0.0372431
0.0370752
0.0368371
0.0365296
0.0361538
0.0357112
0.0352034
0.0346326
0.0340012
0.033312
0.0325679
0.0317727
0.0309301
0.0300444
0.0291207
0.0281642
0.0271809
0.0261777
0.0251621
0.0241425
0.0231284
0.0221306
0.021161
0.0202329
0.0193609
0.0185609
0.0178497
0.0172442
0.0167604
0.0164122
0.0162103
0.0161601
0.0162616
0.0165091
0.0168919
0.0173955
0.0180034
0.0186978
0.0194613
0.0202776
0.0211314
0.0220091
0.0228985
0.0237889
0.0246707
0.0255357
0.0263766
0.027187
0.0279613
0.0286946
0.0293826
0.0300216
0.0306084
0.0311403
0.031615
0.0320304
0.0323852
0.0326781
0.0329083
0.0330753
0.033179
0.0332194
0.033197
0.0331127
0.0329673
0.0327624
0.0324996
0.0321809
0.0318085
0.0313853
0.030914
0.0303982
0.0298414
0.0292478
0.0286218
0.0279683
0.0272925
0.0266001
0.0258974
0.0251908
0.0244874
0.0237948
0.0231207
0.0224734
0.0218613
0.021293
0.0207768
0.0203208
0.0199324
0.019618
0.0193825
0.0192293
0.0191598
0.0191736
0.0192681
0.0194388
0.01968
0.0199843
0.0203439
0.0207503
0.0211948
0.0216688
0.022164
0.0226727
0.0231875
0.0237016
0.0242089
0.0247037
0.0251811
0.0256365
0.026066
0.0264662
0.0268338
0.0271664
0.0274616
0.0277177
0.0279329
0.0281063
0.0282367
0.0283237
0.0283668
0.0283661
0.0283215
0.0282337
0.0281032
0.027931
0.0277181
0.0274659
0.0271761
0.0268504
0.0264909
0.0261
0.0256801
0.0252342
0.0247652
0.0242767
0.0237721
0.0232556
0.0227315
0.0222044
0.0216792
0.0211614
0.0206564
0.0201703
0.019709
0.0192789
0.0188861
0.0185367
0.0182364
0.0179904
0.0178029
0.0176775
0.0176162
0.0176199
0.0176882
0.0178191
0.0180095
0.0182552
0.0185511
0.0188915
0.0192702
0.0196807
0.0201167
0.0205716
0.0210395
0.0215142
0.0219903
0.0224625
0.0229259
0.023376
0.0238087
0.0242203
0.0246072
0.0249666
0.0252955
0.0255916
0.0258528
0.0260773
0.0262635
0.0264103
0.0265166
0.0265817
0.0266053
0.0265873
0.0265276
0.0264269
0.0262856
0.0261048
0.0258857
0.0256298
0.0253389
0.0250151
0.0246608
0.0242786
0.0238716
0.0234431
0.0229967
0.0225363
0.0220663
0.0215912
0.0211159
0.0206454
0.0201853
0.0197409
0.0193179
0.018922
0.0185586
0.018233
0.01795
0.0177137
0.0175275
0.0173939
0.0173142
0.0172884
0.0173156
0.0173937
0.0175194
0.0176885
0.0178964
0.0181376
0.0184066
0.0186974
0.0190044
0.0193217
0.0196438
0.0199657
0.0202824
0.0205893
0.0208825
0.0211581
0.0214129
0.0216439
0.0218485
0.0220247
0.0221705
0.0222845
0.0223657
0.0224133
0.0224268
0.0224062
0.0223517
0.0222638
0.0221435
0.0219919
0.0218106
0.0216013
0.0213662
0.0211078
0.0208288
0.0205323
0.0202217
0.0199008
0.0195735
0.0192441
0.0189172
0.0185975
0.0182899
0.0179993
0.0177308
0.0174892
0.0172791
0.0171047
0.0169698
0.0168773
0.0168295
0.0168277
0.0168722
0.0169623
0.0170966
0.0172725
0.0174868
0.0177357
0.0180149
0.0183196
0.0186449
0.0189859
0.0193376
0.0196951
0.0200536
0.0204087
0.0207561
0.0210917
0.0214117
0.0217127
0.0219915
0.0222451
0.0224709
0.0226665
0.0228299
0.0229592
0.0230527
0.0231093
0.0231278
0.0231073
0.0230474
0.0229476
0.0228078
0.0226283
0.0224092
0.0221514
0.0218556
0.0215231
0.0211551
0.0207535
0.0203202
0.0198574
0.0193678
0.0188545
0.0183206
0.0177701
0.017207
0.0166362
0.0160628
0.0154927
0.0149323
0.0143887
0.0138698
0.0133837
0.0129393
0.0125456
0.0122116
0.0119454
0.0117543
0.0116437
0.0116166
0.0116736
0.0118125
0.0120287
0.0123156
0.0126651
0.0130684
0.0135163
0.0139997
0.01451
0.0150391
0.0155795
0.0161245
0.0166679
0.0172042
0.0177285
0.0182363
0.0187237
0.0191873
0.0196237
0.0200304
0.0204048
0.0207447
0.0210484
0.0213141
0.0215406
0.0217267
0.0218714
0.0219743
0.0220347
0.0220526
0.0220278
0.0219605
0.0218513
0.0217005
0.0215092
0.0212784
0.0210092
0.0207032
0.0203621
0.0199878
0.0195825
0.0191487
0.018689
0.0182064
0.0177043
0.0171863
0.0166564
0.0161191
0.0155792
0.0150423
0.0145143
0.0140015
0.013511
0.0130504
0.0126272
0.0122497
0.0119255
0.0116619
0.0114652
0.0113401
0.0112897
0.0113144
0.0114128
0.011581
0.0118136
0.0121037
0.0124434
0.0128248
0.0132396
0.0136801
0.0141388
0.0146089
0.0150841
0.0155586
0.0160273
0.0164856
0.0169294
0.0173549
0.017759
0.0181385
0.0184911
0.0188144
0.0191063
0.0193653
0.0195897
0.0197784
0.0199304
0.0200448
0.020121
0.0201585
0.0201573
0.0201171
0.0200381
0.0199207
0.0197652
0.0195724
0.019343
0.0190781
0.0187789
0.0184469
0.0180835
0.0176908
0.0172707
0.0168257
0.0163584
0.0158717
0.0153688
0.0148535
0.0143298
0.0138021
0.0132755
0.0127556
0.0122485
0.0117612
0.011301
0.010876
0.0104945
0.010165
0.00989577
0.00969408
0.00956575
0.0095145
0.00954156
0.00964543
0.00982213
0.0100656
0.0103682
0.0107216
0.0111172
0.0115465
0.0120012
0.0124741
0.0129583
0.0134477
0.0139369
0.0144209
0.0148955
0.0153569
0.0158016
0.0162266
0.0166293
0.0170073
0.0173586
0.0176813
0.0179738
0.0182348
0.018463
0.0186575
0.0188175
0.0189424
0.0190317
0.0190851
0.0191024
0.0190837
0.0190292
0.0189391
0.0188139
0.0186542
0.0184609
0.0182348
0.0179771
0.0176889
0.0173718
0.0170271
0.0166566
0.0162623
0.015846
0.0154101
0.0149569
0.0144892
0.0140098
0.0135219
0.0130292
0.0125356
0.0120455
0.0115638
0.0110958
0.0106475
0.0102252
0.00983601
0.00948693
0.00918523
0.00893778
0.00875068
0.00862871
0.00857483
0.00858984
0.00867228
0.00881855
0.00902328
0.00927989
0.00958105
0.00991924
0.010287
0.0106775
0.011084
0.0115008
0.0119225
0.0123444
0.0127623
0.0131724
0.0135715
0.0139567
0.0143253
0.0146751
0.0150041
0.0153106
0.0155931
0.0158502
0.0160809
0.0162842
0.0164593
0.0166057
0.0167229
0.0168106
0.0168687
0.0168972
0.0168962
0.016866
0.0168069
0.0167195
0.0166043
0.0164623
0.0162943
0.0161013
0.0158845
0.0156453
0.0153852
0.0151058
0.0148089
0.0144966
0.014171
0.0138345
0.0134896
0.0131393
0.0127863
0.0124341
0.0120859
0.0117455
0.0114166
0.0111031
0.0108093
0.010539
0.0102962
0.0100848
0.009908
0.00976876
0.00966921
0.00961066
0.00959356
0.00961736
0.00968063
0.00978107
0.0099157
0.010081
0.0102731
0.010488
0.0107214
0.0109694
0.011228
0.0114935
0.0117624
0.0120316
0.0122981
0.0125593
0.0128128
0.0130564
0.0132882
0.0135067
0.0137103
0.0138978
0.014068
0.0142201
0.0143534
0.0144672
0.0145611
0.0146348
0.0146881
0.014721
0.0147334
0.0147257
0.014698
0.0146507
0.0145844
0.0144997
0.0143971
0.0142775
0.0141418
0.0139908
0.0138256
0.0136473
0.0134572
0.0132563
0.0130463
0.0128284
0.0126041
0.0123752
0.0121432
0.0119099
0.0116772
0.0114469
0.011221
0.0110015
0.0107904
0.0105898
0.0104016
0.0102277
0.0100701
0.00993034
0.00981006
0.00971051
0.00963271
0.00957739
0.00954494
0.00953539
0.00954843
0.00958344
0.00963946
0.00971526
0.0098094
0.00992023
0.010046
0.0101848
0.0103347
0.0104939
0.0106604
0.0108324
0.011008
0.0111857
0.0113638
0.0115407
0.0117151
0.0118857
0.0120512
0.0122105
0.0123625
0.0125065
0.0126415
0.0127667
0.0128815
0.0129852
0.0130774
0.0131576
0.0132254
0.0132804
0.0133224
0.0133512
0.0133666
0.0133686
0.0133572
0.0133323
0.0132941
0.0132428
0.0131784
0.0131014
0.013012
0.0129107
0.0127978
0.012674
0.0125398
0.0123959
0.0122431
0.0120822
0.0119141
0.0117397
0.0115602
0.0113767
0.0111904
0.0110026
0.0108148
0.0106284
0.0104448
0.0102658
0.0100928
0.00992752
0.00977161
0.00962665
0.00949418
0.00937565
0.00927236
0.00918546
0.0091159
0.00906438
0.00903133
0.00901692
0.00902102
0.00904321
0.00908281
0.00913886
0.00921022
0.00929551
0.00939324
0.0095018
0.0096195
0.00974462
0.00987543
0.0100102
0.0101473
0.0102851
0.010422
0.0105566
0.0106876
0.0108136
0.0109335
0.0110463
0.0111509
0.0112466
0.0113326
0.0114082
0.0114728
0.0115261
0.0115678
0.0115974
0.011615
0.0116205
0.0116138
0.0115953
0.011565
0.0115233
0.0114707
0.0114077
0.0113348
0.0112527
0.0111623
0.0110643
0.0109597
0.0108495
0.0107348
0.0106167
0.0104964
0.0103751
0.0102541
0.0101347
0.0100182
0.00990593
0.00979909
0.00969893
0.0096066
0.00952317
0.00944958
0.00938664
0.00933503
0.00929522
0.00926753
0.00925208
0.0092488
0.00925742
0.0092775
0.00930843
0.00934945
0.00939966
0.00945807
0.00952359
0.00959507
0.00967131
0.00975111
0.00983325
0.00991653
0.00999978
0.0100819
0.0101617
0.0102384
0.0103108
0.0103781
0.0104395
0.0104943
0.0105417
0.0105813
0.0106125
0.0106349
0.0106482
0.010652
0.0106462
0.0106307
0.0106054
0.0105703
0.0105256
0.0104715
0.0104083
0.0103362
0.0102556
0.0101671
0.0100713
0.00996859
0.00985985
0.00974578
0.0096272
0.00950499
0.0093801
0.0092535
0.00912624
0.00899938
0.00887402
0.00875128
0.00863227
0.00851811
0.00840987
0.00830862
0.00821532
0.00813087
0.00805609
0.00799164
0.00793809
0.00789584
0.00786513
0.00784605
0.00783852
0.00784228
0.00785696
0.007882
0.00791676
0.00796046
0.00801225
0.00807121
0.00813637
0.00820674
0.00828132
0.0083591
0.00843911
0.00852041
0.00860208
0.00868326
0.00876316
0.00884103
0.00891618
0.008988
0.00905593
0.00911948
0.00917824
0.00923184
0.00928001
0.00932251
0.00935918
0.00938993
0.00941471
0.00943355
0.00944652
0.00945377
0.00945546
0.00945185
0.00944321
0.00942986
0.00941218
0.00939057
0.00936547
0.00933732
0.00930662
0.00927387
0.00923956
0.00920421
0.00916832
0.0091324
0.0090969
0.00906228
0.00902896
0.0089973
0.00896763
0.00894023
0.00891532
0.00889304
0.00887347
0.00885666
0.00884253
0.00883098
0.00882182
0.00881482
0.00880966
0.00880599
0.00880341
0.00880147
0.0087997
0.00879761
0.00879466
0.00879033
0.00878409
0.00877541
0.00876379
0.00874873
0.00872976
0.00870645
0.0086784
0.00864524
0.00860668
0.00856245
0.00851236
0.00845624
0.00839403
0.0083257
0.00825131
0.00817098
0.00808491
0.00799337
0.00789672
0.0077954
0.00768992
0.00758091
0.00746905
0.00735514
0.00724005
0.00712476
0.00701031
0.00689785
0.00678856
0.00668374
0.00658468
0.00649274
0.00640925
0.00633553
0.00627284
0.00622234
0.00618506
0.00616185
0.00615336
0.00616002
0.00618199
0.00621919
0.00627129
0.0063377
0.00641764
0.00651011
0.00661399
0.00672802
0.00685086
0.00698112
0.00711737
0.00725821
0.00740224
0.00754809
0.00769447
0.00784011
0.00798384
0.00812453
0.00826114
0.0083927
0.00851833
0.00863719
0.00874855
0.00885173
0.00894614
0.00903126
0.00910663
0.00917188
0.00922668
0.00927079
0.00930405
0.00932632
0.00933758
0.00933783
0.00932716
0.00930572
0.0092737
0.00923139
0.00917911
0.00911726
0.00904628
0.0089667
0.00887907
0.00878404
0.00868229
0.00857455
0.00846162
0.00834434
0.0082236
0.00810034
0.00797552
0.00785015
0.00772526
0.00760189
0.00748112
0.00736398
0.00725153
0.00714477
0.00704466
0.0069521
0.00686788
0.00679272
0.00672719
0.00667173
0.00662662
0.006592
0.00656782
0.00655386
0.00654976
0.00655499
0.0065689
0.0065907
0.00661953
0.00665444
0.00669441
0.0067384
0.00678537
0.00683425
0.00688402
0.00693368
0.00698226
0.00702887
0.00707266
0.00711284
0.00714871
0.00717963
0.00720503
0.00722444
0.00723745
0.00724373
0.00724303
0.00723519
0.00722012
0.00719783
0.0071684
0.00713199
0.00708885
0.00703933
0.00698385
0.00692292
0.00685713
0.00678719
0.00671387
0.00663804
0.00656063
0.00648268
0.0064053
0.00632963
0.00625691
0.00618839
0.00612533
0.006069
0.00602062
0.00598137
0.00595231
0.00593438
0.00592836
0.00593486
0.00595424
0.00598669
0.00603213
0.00609028
0.00616064
0.00624252
0.00633506
0.00643725
0.00654798
0.00666606
0.00679023
0.0069192
0.00705169
0.0071864
0.00732208
0.00745747
0.00759141
0.00772274
0.00785038
0.0079733
0.00809053
0.00820116
0.00830434
0.0083993
0.0084853
0.00856169
0.00862786
0.00868328
0.00872747
0.00875999
0.00878048
0.00878863
0.00878417
0.0087669
0.00873665
0.00869333
0.00863688
0.00856734
0.00848477
0.00838932
0.0082812
0.00816066
0.00802802
0.00788366
0.007728
0.00756151
0.00738469
0.00719813
0.00700244
0.00679828
0.0065864
0.00636761
0.0061428
0.00591297
0.00567925
0.00544286
0.00520523
0.00496793
0.00473276
0.00450174
0.0042772
0.00406176
0.00385837
0.00367032
0.00350123
0.00335487
0.00323503
0.00314521
0.00308822
0.00306581
0.0030784
0.00312497
0.00320324
0.00330993
0.00344124
0.00359316
0.00376178
0.00394346
0.00413493
0.00433333
0.00453614
0.00474121
0.00494667
0.00515092
0.00535257
0.00555044
0.00574346
0.00593075
0.0061115
0.00628504
0.00645077
0.00660815
0.00675675
0.00689619
0.00702613
0.00714632
0.00725653
0.00735661
0.00744643
0.00752591
0.00759502
0.00765377
0.00770219
0.00774037
0.0077684
0.00778642
0.00779462
0.00779319
0.00778235
0.00776238
0.00773355
0.00769621
0.0076507
0.00759742
0.00753682
0.00746938
0.00739562
0.00731611
0.00723146
0.00714234
0.00704946
0.00695354
0.00685538
0.00675578
0.00665558
0.00655564
0.00645683
0.00636001
0.00626605
0.00617579
0.00609002
0.00600951
0.00593493
0.0058669
0.00580591
0.00575237
0.00570656
0.0056686
0.00563852
0.00561617
0.0056013
0.00559353
0.00559234
0.00559715
0.00560727
0.00562197
0.00564045
0.0056619
0.00568549
0.0057104
0.00573583
0.005761
0.00578516
0.00580762
0.00582774
0.00584491
0.00585861
0.00586835
0.00587372
0.00587436
0.00587
0.00586039
0.00584537
0.00582485
0.00579877
0.00576717
0.00573013
0.00568778
0.00564034
0.00558808
0.00553132
0.00547044
0.00540591
0.00533823
0.00526797
0.00519576
0.00512229
0.00504832
0.00497465
0.00490214
0.00483169
0.00476426
0.00470083
0.00464237
0.0045899
0.00454437
0.00450671
0.00447779
0.00445835
0.00444903
0.00445033
0.00446256
0.00448587
0.00452024
0.00456543
0.00462107
0.00468661
0.00476137
0.00484457
0.00493534
0.00503274
0.0051358
0.00524351
0.00535487
0.00546891
0.00558464
0.00570113
0.00581747
0.0059328
0.00604631
0.00615721
0.00626477
0.00636831
0.0064672
0.00656084
0.00664869
0.00673025
0.00680505
0.00687267
0.00693275
0.00698493
0.00702892
0.00706444
0.00709127
0.00710919
0.00711803
0.00711764
0.00710791
0.00708873
0.00706006
0.00702188
0.00697419
0.00691708
0.00685064
0.00677505
0.00669051
0.00659729
0.00649569
0.00638607
0.00626884
0.00614445
0.00601342
0.00587628
0.00573365
0.00558619
0.00543462
0.00527974
0.0051224
0.00496354
0.00480419
0.00464543
0.00448848
0.00433461
0.0041852
0.00404169
0.00390564
0.00377862
0.00366226
0.00355816
0.00346785
0.00339273
0.00333397
0.00329245
0.00326868
0.00326276
0.00327438
0.00330281
0.00334697
0.00340551
0.00347688
0.00355943
0.00365148
0.00375135
0.00385746
0.00396831
0.00408253
0.00419885
0.00431614
0.00443339
0.00454966
0.00466417
0.00477617
0.00488505
0.00499023
0.00509122
0.0051876
0.005279
0.0053651
0.00544564
0.0055204
0.00558921
0.00565194
0.0057085
0.00575885
0.00580295
0.00584084
0.00587255
0.00589816
0.00591778
0.00593154
0.00593958
0.00594208
0.00593924
0.00593128
0.00591842
0.00590092
0.00587903
0.00585303
0.0058232
0.00578986
0.00575329
0.00571383
0.00567179
0.00562751
0.00558132
0.00553358
0.00548463
0.00543483
0.00538453
0.00533408
0.00528384
0.00523415
0.00518535
0.00513776
0.00509169
0.00504742
0.00500521
0.00496531
0.00492791
0.00489318
0.00486125
0.00483222
0.00480613
0.00478299
0.00476278
0.00474543
0.00473083
0.00471884
0.0047093
0.004702
0.00469672
0.00469324
0.00469129
0.0046906
0.00469091
0.00469194
0.00469342
0.00469508
0.00469665
0.00469789
0.00469854
0.0046984
0.00469724
0.0046949
0.00469119
0.00468599
0.00467917
0.00467063
0.00466033
0.0046482
0.00463425
0.00461849
0.00460096
0.00458174
0.00456091
0.00453861
0.00451499
0.00449021
0.00446448
0.00443801
0.00441106
0.00438387
0.00435672
0.00432989
0.00430369
0.00427842
0.00425438
0.00423189
0.00421123
0.0041927
0.00417658
0.0041631
0.00415251
0.004145
0.00414074
0.00413986
0.00414243
0.00414852
0.00415812
0.00417121
0.00418769
0.00420746
0.00423035
0.00425618
0.00428471
0.00431571
0.0043489
0.00438399
0.00442067
0.00445863
0.00449755
0.0045371
0.00457695
0.00461678
0.00465628
0.00469514
0.00473306
0.00476976
0.00480496
0.00483841
0.00486987
0.00489911
0.00492592
0.00495012
0.00497154
0.00499003
0.00500546
0.00501771
0.0050267
0.00503235
0.00503462
0.00503347
0.0050289
0.00502091
0.00500954
0.00499484
0.00497687
0.00495573
0.00493152
0.00490438
0.00487443
0.00484184
0.00480679
0.00476947
0.00473008
0.00468884
0.00464598
0.00460173
0.00455635
0.0045101
0.00446324
0.00441603
0.00436876
0.00432168
0.00427509
0.00422923
0.00418438
0.00414079
0.00409871
0.00405837
0.00401998
0.00398375
0.00394986
0.00391848
0.00388974
0.00386377
0.00384064
0.00382045
0.00380323
0.00378899
0.00377775
0.00376946
0.00376409
0.00376155
0.00376176
0.0037646
0.00376995
0.00377767
0.0037876
0.00379957
0.0038134
0.00382892
0.00384593
0.00386425
0.00388367
0.00390401
0.00392508
0.00394669
0.00396865
0.0039908
0.00401297
0.00403501
0.00405676
0.00407809
0.0040989
0.00411906
0.00413849
0.00415711
0.00417485
0.00419166
0.00420751
0.00422238
0.00423625
0.00424912
0.00426101
0.00427194
0.00428194
0.00429104
0.00429929
0.00430673
0.00431342
0.00431939
0.0043247
0.0043294
0.00433353
0.00433712
0.00434022
0.00434286
0.00434505
0.0043468
0.00434813
0.00434904
0.00434952
0.00434955
0.00434911
0.00434819
0.00434673
0.00434471
0.0043421
0.00433884
0.00433489
0.00433021
0.00432475
0.00431847
0.00431134
0.00430331
0.00429435
0.00428443
0.00427353
0.00426163
0.00424871
0.00423477
0.00421981
0.00420383
0.00418684
0.00416886
0.00414993
0.00413006
0.0041093
0.0040877
0.0040653
0.00404218
0.00401838
0.00399399
0.00396909
0.00394377
0.00391811
0.00389223
0.00386623
0.00384023
0.00381435
0.00378872
0.00376347
0.00373874
0.00371467
0.00369141
0.0036691
0.00364789
0.00362791
0.0036093
0.0035922
0.00357672
0.00356298
0.00355108
0.00354109
0.0035331
0.00352713
0.00352324
0.00352142
0.00352167
0.00352395
0.00352822
0.0035344
0.00354241
0.00355213
0.00356344
0.00357622
0.00359031
0.00360556
0.00362181
0.0036389
0.00365667
0.00367494
0.00369356
0.00371237
0.00373122
0.00374998
0.00376851
0.0037867
0.00380442
0.00382159
0.00383813
0.00385394
0.00386899
0.00388321
0.00389656
0.00390904
0.00392061
0.00393127
0.00394102
0.00394987
0.00395785
0.00396497
0.00397126
0.00397675
0.00398148
0.00398548
0.00398881
0.00399148
0.00399355
0.00399505
0.00399602
0.00399649
0.0039965
0.00399607
0.00399522
0.00399398
0.00399237
0.00399039
0.00398806
0.00398537
0.00398232
0.0039789
0.0039751
0.00397091
0.00396629
0.00396122
0.00395568
0.00394961
0.00394298
0.00393575
0.00392787
0.00391929
0.00390995
0.0038998
0.00388879
0.00387686
0.00386395
0.00385002
0.003835
0.00381886
0.00380154
0.003783
0.00376322
0.00374215
0.00371978
0.0036961
0.00367111
0.0036448
0.0036172
0.00358834
0.00355826
0.003527
0.00349465
0.00346128
0.003427
0.0033919
0.00335614
0.00331985
0.00328319
0.00324635
0.00320952
0.00317293
0.00313679
0.00310135
0.00306687
0.00303363
0.0030019
0.00297198
0.00294417
0.00291875
0.00289603
0.00287628
0.00285978
0.00284679
0.00283753
0.00283221
0.00283099
0.002834
0.00284132
0.002853
0.00286902
0.00288932
0.00291382
0.00294236
0.00297476
0.00301079
0.0030502
0.0030927
0.00313799
0.00318574
0.00323562
0.00328726
0.00334033
0.00339446
0.0034493
0.00350449
0.00355971
0.0036146
0.00366884
0.00372212
0.00377413
0.00382459
0.00387322
0.00391976
0.00396397
0.0040056
0.00404446
0.00408033
0.00411304
0.00414242
0.00416831
0.00419057
0.00420907
0.00422372
0.00423439
0.00424103
0.00424354
0.00424187
0.00423599
0.00422587
0.0042115
0.00419289
0.00417009
0.00414314
0.00411213
0.00407717
0.00403838
0.00399594
0.00395003
0.00390087
0.00384869
0.00379377
0.0037364
0.0036769
0.0036156
0.00355287
0.00348909
0.00342464
0.00335994
0.0032954
0.00323145
0.00316851
0.003107
0.00304734
0.00298993
0.00293514
0.00288334
0.00283484
0.00278993
0.00274886
0.00271182
0.00267896
0.00265036
0.00262608
0.00260609
0.00259032
0.00257867
0.00257096
0.002567
0.00256657
0.00256942
0.00257528
0.00258387
0.00259493
0.00260818
0.00262336
0.00264022
0.00265853
0.00267807
0.00269866
0.00272011
0.00274229
0.00276504
0.00278827
0.00281187
0.00283578
0.00285992
0.00288425
0.00290873
0.00293335
0.00295809
0.00298294
0.0030079
0.00303298
0.00305819
0.00308355
0.00310906
0.00313474
0.00316062
0.00318669
0.00321298
0.0032395
0.00326624
0.00329321
0.0033204
0.0033478
0.00337539
0.00340314
0.00343102
0.00345898
0.00348696
0.00351492
0.00354277
0.00357044
0.00359785
0.00362488
0.00365145
0.00367744
0.00370274
0.00372723
0.00375077
0.00377325
0.00379452
0.00381445
0.00383289
0.00384972
0.00386477
0.00387791
0.003889
0.00389788
0.00390442
0.00390848
0.0039099
0.00390856
0.00390433
0.00389707
0.00388667
0.00387302
0.00385601
0.00383556
0.00381158
0.00378402
0.00375284
0.00371799
0.00367947
0.00363728
0.00359144
0.003542
0.00348902
0.00343258
0.00337277
0.0033097
0.00324352
0.00317437
0.00310242
0.00302788
0.00295093
0.00287183
0.00279083
0.0027082
0.00262427
0.00253936
0.00245386
0.00236818
0.00228278
0.00219817
0.00211491
0.00203364
0.00195506
0.00187995
0.00180915
0.00174359
0.00168426
0.00163216
0.0015883
0.00155363
0.00152899
0.00151499
0.00151203
0.00152019
0.00153926
0.00156876
0.00160795
0.00165597
0.00171181
0.00177445
0.00184289
0.00191615
0.00199334
0.00207361
0.00215622
0.00224048
0.0023258
0.00241163
0.00249748
0.00258293
0.00266759
0.00275111
0.00283318
0.00291354
0.00299193
0.00306812
0.00314192
0.00321315
0.00328166
0.00334729
0.00340993
0.00346946
0.00352579
0.00357883
0.00362852
0.00367481
0.00371764
0.00375699
0.00379283
0.00382515
0.00385395
0.00387923
0.00390099
0.00391925
0.00393399
0.00394521
0.00395291
0.00395705
0.00395761
0.00395454
0.00394783
0.00393743
0.00392333
0.00390553
0.00388402
0.00385884
0.00383002
0.00379762
0.00376172
0.00372242
0.00367984
0.00363411
0.00358537
0.00353379
0.00347956
0.00342287
0.00336393
0.00330297
0.00324024
0.003176
0.00311051
0.00304404
0.00297688
0.00290927
0.00284148
0.00277373
0.00270624
0.00263919
0.00257275
0.00250708
0.00244229
0.00237851
0.00231583
0.00225438
0.00219425
0.00213555
0.00207844
0.00202305
0.00196957
0.00191822
0.00186924
0.00182292
0.00177958
0.0017396
0.00170336
0.00167129
0.00164383
0.00162142
0.00160445
0.00159332
0.00158831
0.00158966
0.00159747
0.00161175
0.00163238
0.00165916
0.00169176
0.0017298
0.00177282
0.00182035
0.00187187
0.00192688
0.00198487
0.00204537
0.00210792
0.00217209
0.00223748
0.00230372
0.00237049
0.00243748
0.00250442
0.00257105
0.00263715
0.00270251
0.00276695
0.0028303
0.0028924
0.0029531
0.00301226
0.00306974
0.00312542
0.00317916
0.00323086
0.00328037
0.0033276
0.00337243
0.00341475
0.00345447
0.0034915
0.00352575
0.00355717
0.00358568
0.00361124
0.00363381
0.00365336
0.00366987
0.0036833
0.00369364
0.00370088
0.00370499
0.00370595
0.00370375
0.00369836
0.00368977
0.00367797
0.00366295
0.00364471
0.00362324
0.00359858
0.00357073
0.00353975
0.00350568
0.00346858
0.00342855
0.00338568
0.00334008
0.00329188
0.00324122
0.00318826
0.00313317
0.00307612
0.00301729
0.00295687
0.00289506
0.00283205
0.00276804
0.00270321
0.00263775
0.00257185
0.00250568
0.00243941
0.0023732
0.00230721
0.00224158
0.00217647
0.00211202
0.00204839
0.00198575
0.0019243
0.00186427
0.00180593
0.00174959
0.00169564
0.00164452
0.00159675
0.0015529
0.0015136
0.00147954
0.00145138
0.00142979
0.00141535
0.00140854
0.00140967
0.00141888
0.0014361
0.00146108
0.00149337
0.00153242
0.00157756
0.00162808
0.00168322
0.00174228
0.00180455
0.0018694
0.00193623
0.00200451
0.00207377
0.00214359
0.00221361
0.00228351
0.00235301
0.00242187
0.00248988
0.00255685
0.00262262
0.00268704
0.00274997
0.00281129
0.00287089
0.00292864
0.00298445
0.00303821
0.00308983
0.00313922
0.00318627
0.00323092
0.00327307
0.00331266
0.00334961
0.00338388
0.0034154
0.00344412
0.00347
0.00349298
0.00351301
0.00353003
0.00354399
0.0035548
0.00356241
0.00356673
0.00356772
0.00356532
0.00355949
0.0035502
0.00353743
0.0035212
0.00350152
0.00347843
0.00345198
0.00342223
0.00338797
0.00335093
0.00331089
0.00326822
0.0032231
0.00317576
0.00312649
0.00307561
0.00302337
0.00296997
0.00291557
0.00286043
0.00280486
0.00274918
0.00269369
0.00263863
0.00258408
0.00253008
0.00247657
0.0024235
0.00237083
0.00231856
0.00226674
0.00221546
0.00216484
0.00211501
0.0020661
0.00201828
0.00197169
0.00192655
0.00188309
0.00184158
0.00180237
0.00176583
0.00173235
0.00170236
0.00167628
0.00165452
0.00163746
0.00162541
0.00161864
0.00161729
0.00162141
0.00163093
0.00164566
0.0016653
0.00168948
0.00171774
0.00174961
0.0017846
0.00182224
0.00186207
0.0019037
0.00194675
0.00199091
0.00203591
0.00208151
0.0021275
0.00217372
0.00222003
0.00226632
0.00231248
0.00235844
0.00240412
0.00244947
0.00249441
0.00253889
0.00258281
0.00262611
0.00266867
0.00271038
0.00275112
0.00279075
0.00282914
0.00286614
0.00290162
0.00293546
0.00296754
0.00299775
0.00302602
0.00305228
0.00307649
0.00309861
0.00311863
0.00313653
0.00315231
0.00316597
0.00317749
0.00318688
0.00319411
0.00319914
0.00320194
0.00320244
0.00320059
0.00319632
0.00318954
0.00318019
0.00316818
0.00315344
0.00313593
0.00311558
0.00309238
0.0030663
0.00303736
0.00300557
0.002971
0.00293371
0.0028938
0.00285138
0.00280658
0.00275957
0.00271051
0.0026596
0.00260702
0.002553
0.00249776
0.00244153
0.00238457
0.00232713
0.00226948
0.00221188
0.00215462
0.002098
0.00204233
0.00198793
0.00193514
0.00188431
0.00183581
0.00179
0.00174729
0.00170804
0.00167263
0.0016414
0.00161469
0.00159276
0.00157582
0.001564
0.00155738
0.00155591
0.00155948
0.00156789
0.00158087
0.00159807
0.00161912
0.00164361
0.0016711
0.00170118
0.00173341
0.00176739
0.00180275
0.00183915
0.00187625
0.00191379
0.00195152
0.00198921
0.00202668
0.00206377
0.00210035
0.0021363
0.00217153
0.00220597
0.00223956
0.00227223
0.00230398
0.00233475
0.00236454
0.00239333
0.00242112
0.00244791
0.0024737
0.0024985
0.00252233
0.00254518
0.00256709
0.00258806
0.0026081
0.00262723
0.00264546
0.0026628
0.00267924
0.00269479
0.00270943
0.00272315
0.00273593
0.00274775
0.00275856
0.00276834
0.00277704
0.0027846
0.00279098
0.00279612
0.00279996
0.00280243
0.00280348
0.00280303
0.00280102
0.00279738
0.00279207
0.00278502
0.00277617
0.00276548
0.00275291
0.00273842
0.002722
0.00270362
0.00268328
0.00266098
0.00263676
0.00261063
0.00258264
0.00255285
0.00252134
0.00248819
0.0024535
0.00241739
0.00237999
0.00234144
0.0023019
0.00226153
0.00222054
0.0021791
0.00213743
0.00209574
0.00205427
0.00201325
0.00197292
0.00193354
0.00189535
0.00185863
0.00182362
0.00179057
0.00175974
0.00173136
0.00170564
0.0016828
0.001663
0.0016464
0.00163312
0.00162323
0.00161678
0.00161377
0.00161417
0.00161789
0.00162484
0.00163486
0.00164778
0.0016634
0.00168152
0.00170191
0.00172433
0.00174854
0.0017743
0.0018014
0.00182958
0.00185864
0.00188838
0.00191858
0.00194908
0.00197969
0.00201025
0.00204063
0.00207068
0.00210029
0.00212934
0.00215773
0.00218537
0.00221217
0.00223806
0.00226299
0.00228688
0.00230969
0.00233136
0.00235188
0.00237118
0.00238926
0.00240608
0.00242162
0.00243586
0.0024488
0.00246042
0.00247072
0.00247968
0.00248732
0.00249364
0.00249864
0.00250232
0.00250471
0.00250581
0.00250564
0.00250422
0.00250157
0.00249771
0.00249266
0.00248646
0.00247913
0.00247071
0.00246122
0.00245071
0.0024392
0.00242675
0.0024134
0.00239918
0.00238415
0.00236835
0.00235183
0.00233465
0.00231687
0.00229853
0.0022797
0.00226044
0.0022408
0.00222087
0.00220068
0.00218032
0.00215985
0.00213933
0.00211883
0.00209841
0.00207814
0.00205807
0.00203828
0.00201882
0.00199974
0.0019811
0.00196296
0.00194536
0.00192835
0.00191196
0.00189625
0.00188123
0.00186696
0.00185345
0.00184073
0.00182882
0.00181776
0.00180754
0.0017982
0.00178975
0.00178219
0.00177554
0.00176982
0.00176503
0.00176119
0.0017583
0.00175637
0.00175541
0.00175543
0.00175644
0.00175845
0.00176146
0.00176547
0.00177049
0.00177653
0.00178356
0.00179161
0.00180064
0.00181065
0.00182163
0.00183355
0.00184639
0.00186011
0.00187469
0.00189006
0.0019062
0.00192304
0.00194053
0.0019586
0.00197719
0.00199623
0.00201563
0.00203531
0.00205519
0.00207519
0.00209521
0.00211516
0.00213494
0.00215446
0.00217362
0.00219233
0.00221049
0.002228
0.00224478
0.00226072
0.00227575
0.00228976
0.00230269
0.00231445
0.00232496
0.00233416
0.00234198
0.00234836
0.00235324
0.00235658
0.00235834
0.00235847
0.00235696
0.00235378
0.00234892
0.00234237
0.00233413
0.00232421
0.00231263
0.00229941
0.00228459
0.00226822
0.00225032
0.00223098
0.00221025
0.0021882
0.00216492
0.0021405
0.00211504
0.00208863
0.00206141
0.00203349
0.00200499
0.00197606
0.00194684
0.00191748
0.00188812
0.00185894
0.0018301
0.00180176
0.0017741
0.00174728
0.00172148
0.00169685
0.00167358
0.0016518
0.00163168
0.00161334
0.00159691
0.0015825
0.00157019
0.00156005
0.00155214
0.00154647
0.00154306
0.00154188
0.00154289
0.00154603
0.00155123
0.00155838
0.00156737
0.00157808
0.00159039
0.00160414
0.00161921
0.00163544
0.0016527
0.00167083
0.00168972
0.00170921
0.00172919
0.00174953
0.00177011
0.00179084
0.00181161
0.00183233
0.0018529
0.00187327
0.00189334
0.00191306
0.00193237
0.0019512
0.00196952
0.00198728
0.00200443
0.00202095
0.00203679
0.00205194
0.00206636
0.00208003
0.00209292
0.00210502
0.00211631
0.00212677
0.00213639
0.00214515
0.00215304
0.00216004
0.00216614
0.00217133
0.00217561
0.00217895
0.00218135
0.0021828
0.00218329
0.00218282
0.00218137
0.00217895
0.00217554
0.00217115
0.00216578
0.00215941
0.00215206
0.00214373
0.00213442
0.00212414
0.00211289
0.0021007
0.00208757
0.00207352
0.00205857
0.00204274
0.00202606
0.00200856
0.00199026
0.0019712
0.00195142
0.00193096
0.00190987
0.0018882
0.00186599
0.00184332
0.00182023
0.0017968
0.0017731
0.0017492
0.00172519
0.00170114
0.00167715
0.00165331
0.00162972
0.00160649
0.00158372
0.00156152
0.00154001
0.00151932
0.00149955
0.00148084
0.00146331
0.00144707
0.00143225
0.00141896
0.00140732
0.00139742
0.00138936
0.00138322
0.00137908
0.00137697
0.00137696
0.00137904
0.00138324
0.00138954
0.0013979
0.00140828
0.00142062
0.00143485
0.00145086
0.00146857
0.00148786
0.0015086
0.00153069
0.00155398
0.00157835
0.00160365
0.00162976
0.00165654
0.00168386
0.00171157
0.00173956
0.00176769
0.00179584
0.00182388
0.0018517
0.00187919
0.00190623
0.00193271
0.00195854
0.00198361
0.00200783
0.00203111
0.00205337
0.00207451
0.00209446
0.00211315
0.00213052
0.00214648
0.00216099
0.00217399
0.00218543
0.00219525
0.00220343
0.00220991
0.00221467
0.00221769
0.00221892
0.00221837
0.00221601
0.00221184
0.00220585
0.00219804
0.00218842
0.002177
0.0021638
0.00214883
0.00213212
0.0021137
0.00209361
0.00207189
0.00204858
0.00202374
0.00199741
0.00196966
0.00194056
0.00191018
0.00187859
0.00184588
0.00181213
0.00177745
0.00174193
0.00170567
0.00166881
0.00163145
0.00159374
0.0015558
0.0015178
0.00147989
0.00144224
0.00140503
0.00136845
0.00133271
0.00129803
0.00126462
0.00123273
0.0012026
0.00117448
0.00114863
0.00112528
0.00110469
0.00108708
0.00107266
0.00106158
0.00105399
0.00104999
0.0010496
0.00105281
0.00105958
0.00106979
0.00108329
0.0010999
0.00111941
0.00114158
0.00116617
0.00119293
0.00122162
0.00125198
0.00128379
0.00131681
0.00135083
0.00138565
0.00142108
0.00145694
0.00149306
0.0015293
0.0015655
0.00160154
0.00163728
0.00167261
0.00170743
0.00174162
0.00177511
0.00180778
0.00183957
0.0018704
0.00190018
0.00192885
0.00195635
0.00198261
0.00200757
0.00203118
0.00205339
0.00207415
0.00209341
0.00211114
0.00212729
0.00214182
0.00215471
0.00216593
0.00217544
0.00218322
0.00218925
0.00219351
0.00219598
0.00219666
0.00219552
0.00219256
0.00218777
0.00218116
0.00217272
0.00216245
0.00215036
0.00213647
0.00212077
0.00210329
0.00208404
0.00206305
0.00204033
0.00201592
0.00198984
0.00196212
0.00193281
0.00190195
0.00186957
0.00183572
0.00180046
0.00176384
0.00172592
0.00168677
0.00164646
0.00160506
0.00156266
0.00151934
0.00147522
0.00143038
0.00138495
0.00133907
0.00129287
0.00124651
0.00120017
0.00115406
0.00110839
0.00106342
0.00101943
0.000976758
0.000935754
0.000896829
0.000860435
0.000827066
0.000797248
0.000771523
0.000750424
0.000734444
0.000723993
0.000719359
0.000720678
0.000727918
0.000740881
0.000759227
0.000782512
0.000810223
0.000841821
0.000876767
0.000914545
0.000954679
0.000996732
0.00104031
0.00108506
0.00113068
0.00117689
0.00122344
0.00127011
0.00131671
0.00136306
0.00140901
0.0014544
0.00149911
0.00154302
0.00158602
0.00162801
0.00166888
0.00170857
0.00174698
0.00178404
0.00181968
0.00185383
0.00188644
0.00191744
0.00194679
0.00197444
0.00200034
0.00202444
0.00204672
0.00206714
0.00208566
0.00210226
0.00211691
0.00212959
0.00214028
0.00214897
0.00215564
0.00216029
0.0021629
0.00216347
0.00216201
0.00215851
0.00215298
0.00214542
0.00213585
0.00212428
0.00211073
0.00209521
0.00207774
0.00205836
0.00203707
0.00201393
0.00198894
0.00196216
0.00193362
0.00190334
0.00187139
0.00183779
0.00180261
0.00176587
0.00172765
0.00168799
0.00164695
0.00160459
0.00156098
0.00151618
0.00147026
0.00142331
0.0013754
0.00132661
0.00127705
0.00122681
0.00117601
0.00112476
0.00107322
0.00102153
0.000969862
0.000918434
0.000867481
0.000817287
0.000768193
0.000720608
0.00067503
0.00063206
0.000592421
0.000556963
0.000526649
0.000502504
0.000485519
0.000476494
0.000475887
0.000483704
0.000499495
0.000522455
0.000551586
0.000585848
0.000624259
0.000665952
0.000710192
0.000756365
0.000803966
0.00085258
0.000901863
0.00095153
0.00100134
0.00105109
0.0011006
0.00114973
0.00119833
0.00124629
0.00129349
0.00133986
0.00138529
0.0014297
0.00147302
0.00151518
0.00155611
0.00159575
0.00163405
0.00167095
0.0017064
0.00174036
0.00177277
0.0018036
0.0018328
0.00186035
0.0018862
0.00191032
0.00193269
0.00195328
0.00197205
0.001989
0.00200409
0.00201731
0.00202865
0.00203809
0.00204562
0.00205123
0.00205491
0.00205667
0.0020565
0.00205439
0.00205036
0.0020444
0.00203653
0.00202675
0.00201508
0.00200153
0.00198612
0.00196886
0.00194978
0.0019289
0.00190625
0.00188185
0.00185573
0.00182793
0.00179848
0.00176742
0.00173478
0.00170062
0.00166496
0.00162787
0.00158938
0.00154956
0.00150845
0.00146611
0.00142262
0.00137802
0.0013324
0.00128583
0.00123838
0.00119015
0.00114123
0.00109172
0.00104174
0.000991416
0.000940899
0.000890356
0.000839983
0.000790012
0.000740721
0.000692449
0.000645612
0.000600722
0.000558419
0.000519487
0.000484874
0.000455676
0.000433075
0.000418192
0.000411881
0.000414513
0.00042587
0.0004452
0.000471415
0.000503311
0.000539734
0.000579672
0.000622281
0.000666871
0.00071289
0.000759893
0.00080752
0.000855479
0.000903528
0.000951465
0.000999119
0.00104634
0.00109301
0.00113901
0.00118424
0.00122861
0.00127205
0.00131448
0.00135583
0.00139604
0.00143506
0.00147284
0.00150932
0.00154446
0.00157822
0.00161056
0.00164146
0.00167086
0.00169875
0.0017251
0.00174988
0.00177307
0.00179465
0.0018146
0.0018329
0.00184954
0.00186452
0.00187781
0.00188941
0.00189932
0.00190753
0.00191404
0.00191885
0.00192195
0.00192337
0.00192309
0.00192113
0.0019175
0.0019122
0.00190526
0.00189667
0.00188646
0.00187465
0.00186126
0.0018463
0.0018298
0.00181178
0.00179227
0.0017713
0.00174889
0.00172508
0.0016999
0.00167339
0.00164558
0.0016165
0.00158622
0.00155475
0.00152216
0.00148849
0.0014538
0.00141813
0.00138156
0.00134413
0.00130592
0.001267
0.00122746
0.00118737
0.00114682
0.00110594
0.00106481
0.00102358
0.00098239
0.000941391
0.000900768
0.000860728
0.000821505
0.000783371
0.000746635
0.00071165
0.000678816
0.000648579
0.000621427
0.000597876
0.000578444
0.000563619
0.000553815
0.000549322
0.000550272
0.000556617
0.000568138
0.000584471
0.000605152
0.000629663
0.000657473
0.000688068
0.000720972
0.00075575
0.000792019
0.00082944
0.000867718
0.000906593
0.000945839
0.000985258
0.00102468
0.00106394
0.00110291
0.00114146
0.00117949
0.00121689
0.00125357
0.00128945
0.00132445
0.0013585
0.00139155
0.00142352
0.00145436
0.00148403
0.00151247
0.00153964
0.00156551
0.00159004
0.00161318
0.00163492
0.00165522
0.00167406
0.00169143
0.00170729
0.00172163
0.00173444
0.0017457
0.00175542
0.00176357
0.00177017
0.0017752
0.00177866
0.00178057
0.00178092
0.00177973
0.001777
0.00177274
0.00176698
0.00175972
0.00175099
0.00174081
0.0017292
0.00171619
0.0017018
0.00168607
0.00166903
0.00165071
0.00163115
0.00161038
0.00158846
0.00156541
0.0015413
0.00151616
0.00149004
0.00146301
0.00143511
0.00140641
0.00137697
0.00134685
0.00131612
0.00128487
0.00125316
0.00122108
0.00118873
0.00115619
0.00112357
0.00109098
0.00105853
0.00102636
0.000994602
0.000963405
0.000932931
0.000903351
0.000874853
0.000847635
0.000821906
0.000797886
0.000775802
0.000755881
0.000738349
0.000723419
0.000711281
0.000702099
0.000695995
0.000693045
0.000693271
0.000696644
0.000703078
0.000712442
0.000724564
0.000739242
0.000756254
0.000775364
0.000796335
0.000818932
0.000842929
0.000868109
0.00089427
0.000921223
0.000948795
0.000976825
0.00100517
0.00103369
0.00106226
0.00109078
0.00111913
0.00114724
0.001175
0.00120234
0.00122919
0.00125548
0.00128114
0.00130613
0.00133038
0.00135385
0.0013765
0.00139827
0.00141914
0.00143907
0.00145801
0.00147595
0.00149286
0.0015087
0.00152345
0.00153711
0.00154963
0.00156101
0.00157124
0.00158029
0.00158817
0.00159485
0.00160033
0.00160461
0.00160768
0.00160953
0.00161018
0.00160962
0.00160786
0.00160489
0.00160073
0.00159539
0.00158887
0.0015812
0.00157238
0.00156243
0.00155137
0.00153922
0.00152601
0.00151176
0.00149649
0.00148024
0.00146303
0.00144491
0.0014259
0.00140605
0.00138541
0.001364
0.00134189
0.00131913
0.00129576
0.00127185
0.00124746
0.00122266
0.00119752
0.00117211
0.00114651
0.00112082
0.00109512
0.00106951
0.0010441
0.00101899
0.000994312
0.000970182
0.000946733
0.000924105
0.00090244
0.000881887
0.000862596
0.000844722
0.000828414
0.00081382
0.000801076
0.000790309
0.000781627
0.00077512
0.000770851
0.000768858
0.000769149
0.000771702
0.000776469
0.000783372
0.000792312
0.000803169
0.000815808
0.000830084
0.000845842
0.000862927
0.000881182
0.000900452
0.000920586
0.000941441
0.000962879
0.00098477
0.00100699
0.00102943
0.00105197
0.00107452
0.00109698
0.00111928
0.00114132
0.00116304
0.00118436
0.00120523
0.00122558
0.00124536
0.00126452
0.00128302
0.00130082
0.00131786
0.00133413
0.00134959
0.0013642
0.00137795
0.00139081
0.00140276
0.00141377
0.00142384
0.00143294
0.00144107
0.00144822
0.00145437
0.00145953
0.00146368
0.00146683
0.00146897
0.00147011
0.00147025
0.00146939
0.00146753
0.00146469
0.00146088
0.00145611
0.00145038
0.00144372
0.00143613
0.00142765
0.00141828
0.00140804
0.00139697
0.00138509
0.00137241
0.00135898
0.00134481
0.00132995
0.00131443
0.00129829
0.00128155
0.00126428
0.0012465
0.00122827
0.00120964
0.00119066
0.00117138
0.00115187
0.00113219
0.0011124
0.00109258
0.00107279
0.00105312
0.00103365
0.00101446
0.000995635
0.000977276
0.000959476
0.000942333
0.000925947
0.000910419
0.000895851
0.000882344
0.000869995
0.000858897
0.000849138
0.000840798
0.000833944
0.000828634
0.000824914
0.000822811
0.000822339
0.000823495
0.000826261
0.000830601
0.000836467
0.000843796
0.000852514
0.000862535
0.000873769
0.000886118
0.000899479
0.000913748
0.000928821
0.000944592
0.000960958
0.000977818
0.000995075
0.00101263
0.0010304
0.00104829
0.00106623
0.00108412
0.00110191
0.00111952
0.00113687
0.00115392
0.0011706
0.00118686
0.00120265
0.00121792
0.00123262
0.00124671
0.00126016
0.00127293
0.00128498
0.0012963
0.00130684
0.00131659
0.00132552
0.00133361
0.00134085
0.00134722
0.00135271
0.0013573
0.00136099
0.00136376
0.00136563
0.00136657
0.0013666
0.00136571
0.00136391
0.0013612
0.00135759
0.00135309
0.00134771
0.00134146
0.00133436
0.00132642
0.00131767
0.00130813
0.00129781
0.00128676
0.00127498
0.00126252
0.0012494
0.00123566
0.00122134
0.00120647
0.0011911
0.00117527
0.00115903
0.00114243
0.00112552
0.00110836
0.001091
0.00107352
0.00105596
0.00103841
0.00102094
0.00100361
0.000986508
0.000969715
0.000953313
0.000937388
0.000922029
0.000907323
0.000893362
0.000880234
0.000868028
0.000856828
0.000846717
0.00083777
0.000830057
0.000823639
0.000818567
0.000814881
0.000812609
0.000811766
0.000812355
0.000814362
0.000817764
0.000822523
0.00082859
0.000835906
0.000844404
0.000854007
0.000864635
0.000876201
0.000888617
0.000901792
0.000915637
0.000930059
0.000944971
0.000960284
0.000975914
0.000991778
0.0010078
0.0010239
0.00104
0.00105605
0.00107196
0.00108769
0.00110317
0.00111835
0.00113317
0.00114758
0.00116154
0.00117501
0.00118794
0.00120029
0.00121204
0.00122314
0.00123357
0.00124329
0.00125229
0.00126054
0.00126801
0.00127469
0.00128055
0.00128559
0.00128978
0.00129313
0.00129561
0.00129722
0.00129795
0.00129779
0.00129676
0.00129483
0.00129203
0.00128834
0.00128377
0.00127834
0.00127204
0.00126489
0.00125691
0.0012481
0.00123848
0.00122808
0.00121691
0.00120499
0.00119235
0.00117903
0.00116504
0.00115043
0.00113522
0.00111946
0.00110319
0.00108645
0.00106929
0.00105176
0.00103392
0.00101582
0.000997533
0.00097912
0.000960655
0.000942211
0.000923871
0.000905719
0.000887845
0.000870344
0.000853314
0.000836857
0.000821081
0.000806094
0.000792005
0.000778925
0.000766964
0.000756226
0.00074681
0.00073881
0.000732305
0.000727365
0.000724043
0.000722376
0.000722383
0.000724065
0.000727401
0.000732357
0.000738878
0.000746896
0.000756328
0.000767084
0.000779062
0.000792157
0.000806259
0.000821256
0.000837036
0.000853489
0.000870508
0.000887988
0.000905828
0.000923931
0.000942205
0.000960562
0.00097892
0.0009972
0.00101533
0.00103324
0.00105086
0.00106813
0.00108499
0.0011014
0.00111729
0.00113263
0.00114736
0.00116145
0.00117486
0.00118755
0.00119949
0.00121064
0.00122099
0.00123051
0.00123916
0.00124694
0.00125382
0.00125978
0.00126481
0.0012689
0.00127203
0.0012742
0.0012754
0.00127562
0.00127487
0.00127314
0.00127042
0.00126673
0.00126206
0.00125643
0.00124983
0.00124229
0.0012338
0.00122439
0.00121406
0.00120285
0.00119075
0.0011778
0.00116402
0.00114944
0.00113407
0.00111796
0.00110113
0.00108362
0.00106546
0.0010467
0.00102737
0.00100754
0.000987236
0.000966525
0.000945462
0.00092411
0.000902537
0.000880815
0.000859024
0.000837247
0.000815578
0.000794114
0.000772963
0.00075224
0.000732066
0.000712573
0.0006939
0.000676194
0.000659606
0.000644292
0.000630409
0.000618112
0.000607549
0.000598856
0.000592152
0.000587534
0.00058507
0.0005848
0.000586729
0.000590829
0.00059704
0.000605275
0.000615422
0.000627348
0.000640911
0.000655956
0.000672327
0.000689868
0.000708424
0.000727847
0.000747994
0.000768732
0.000789934
0.000811482
0.000833265
0.00085518
0.000877133
0.000899035
0.000920803
0.000942361
0.000963638
0.000984567
0.00100509
0.00102514
0.00104467
0.00106363
0.00108198
0.00109966
0.00111664
0.00113287
0.00114833
0.00116298
0.00117679
0.00118973
0.00120177
0.00121288
0.00122305
0.00123225
0.00124047
0.00124768
0.00125387
0.00125902
0.00126313
0.00126618
0.00126816
0.00126906
0.00126889
0.00126763
0.00126528
0.00126184
0.00125731
0.00125169
0.001245
0.00123722
0.00122837
0.00121846
0.0012075
0.0011955
0.00118247
0.00116844
0.0011534
0.0011374
0.00112044
0.00110255
0.00108375
0.00106408
0.00104355
0.00102221
0.00100009
0.000977222
0.000953648
0.000929412
0.000904562
0.000879147
0.000853224
0.000826854
0.000800103
0.000773044
0.000745759
0.000718338
0.000690881
0.000663502
0.000636327
0.000609501
0.000583188
0.000557574
0.00053287
0.000509315
0.000487178
0.000466756
0.00044837
0.000432358
0.00041906
0.000408796
0.000401839
0.000398391
0.000398555
0.000402323
0.000409581
0.000420115
0.000433646
0.000449847
0.000468379
0.000488903
0.000511099
0.000534673
0.000559359
0.000584921
0.00061115
0.000637861
0.000664894
0.000692105
0.000719368
0.000746572
0.000773617
0.000800413
0.000826881
0.000852946
0.000878543
0.000903611
0.000928095
0.000951943
0.000975108
0.000997547
0.00101922
0.00104009
0.00106011
0.00107927
0.00109752
0.00111484
0.00113121
0.00114659
0.00116098
0.00117434
0.00118666
0.00119792
0.0012081
0.0012172
0.0012252
0.00123208
0.00123785
0.00124249
0.00124599
0.00124836
0.00124958
0.00124966
0.00124859
0.00124638
0.00124302
0.00123852
0.00123289
0.00122613
0.00121825
0.00120925
0.00119915
0.00118796
0.00117569
0.00116235
0.00114796
0.00113253
0.00111609
0.00109864
0.00108022
0.00106084
0.00104053
0.00101931
0.000997205
0.000974242
0.000950452
0.000925865
0.000900514
0.000874433
0.000847658
0.000820229
0.000792188
0.00076358
0.000734453
0.00070486
0.000674861
0.000644519
0.000613906
0.000583104
0.000552209
0.000521327
0.00049059
0.000460152
0.000430202
0.000400971
0.00037275
0.000345902
0.000320879
0.000298242
0.000278662
0.000262898
0.000251723
0.000245798
0.000245517
0.00025089
0.000261539
0.000276809
0.000295922
0.000318112
0.000342697
0.000369107
0.000396879
0.000425644
0.000455107
0.000485032
0.000515228
0.000545537
0.00057583
0.000605995
0.000635939
0.000665579
0.000694844
0.000723668
0.000751994
0.00077977
0.000806947
0.000833481
0.000859331
0.000884459
0.00090883
0.000932409
0.000955165
0.00097707
0.000998095
0.00101822
0.00103741
0.00105564
0.00107291
0.00108917
0.00110443
0.00111866
0.00113184
0.00114396
0.00115501
0.00116497
0.00117384
0.0011816
0.00118824
0.00119377
0.00119817
0.00120144
0.00120358
0.00120459
0.00120446
0.00120319
0.00120079
0.00119726
0.00119261
0.00118684
0.00117995
0.00117196
0.00116287
0.0011527
0.00114146
0.00112916
0.0011158
0.00110142
0.00108602
0.00106963
0.00105225
0.00103392
0.00101465
0.000994458
0.000973375
0.000951424
0.00092863
0.000905019
0.000880621
0.000855465
0.000829581
0.000803003
0.000775765
0.000747904
0.000719456
0.000690465
0.000660972
0.000631026
0.000600678
0.000569985
0.000539009
0.000507823
0.00047651
0.000445166
0.00041391
0.000382888
0.000352284
0.000322336
0.000293364
0.000265797
0.000240223
0.000217439
0.000198484
0.000184595
0.000177
0.000176513
0.000183163
0.000196178
0.000214332
0.000236364
0.000261202
0.000288021
0.000316213
0.000345334
0.000375056
0.000405135
0.000435384
0.000465655
0.000495831
0.000525815
0.000555526
0.000584894
0.00061386
0.000642368
0.000670371
0.000697826
0.000724692
0.000750932
0.000776512
0.000801399
0.000825565
0.00084898
0.000871619
0.000893455
0.000914467
0.000934631
0.000953927
0.000972336
0.000989838
0.00100642
0.00102206
0.00103674
0.00105046
0.0010632
0.00107495
0.00108569
0.00109543
0.00110415
0.00111184
0.00111849
0.00112412
0.0011287
0.00113224
0.00113473
0.00113618
0.00113659
0.00113595
0.00113428
0.00113157
0.00112783
0.00112306
0.00111728
0.00111049
0.0011027
0.00109392
0.00108416
0.00107344
0.00106177
0.00104915
0.00103562
0.00102118
0.00100586
0.000989672
0.000972635
0.000954772
0.000936107
0.000916663
0.000896465
0.00087554
0.000853915
0.000831621
0.000808689
0.000785151
0.000761042
0.000736401
0.000711267
0.000685683
0.000659695
0.000633355
0.000606716
0.000579842
0.000552801
0.000525671
0.00049854
0.000471511
0.000444707
0.000418272
0.000392377
0.000367235
0.000343103
0.000320294
0.000299193
0.000280254
0.000264004
0.000251012
0.000241834
0.000236929
0.00023656
0.000240726
0.000249165
0.000261413
0.000276904
0.000295057
0.000315335
0.00033727
0.000360472
0.00038462
0.000409452
0.000434754
0.000460353
0.000486103
0.000511884
0.000537594
0.000563145
0.000588463
0.00061348
0.000638139
0.000662388
0.000686178
0.000709469
0.00073222
0.000754396
0.000775965
0.000796895
0.000817158
0.000836728
0.000855581
0.000873693
0.000891044
0.000907613
0.000923382
0.000938333
0.000952452
0.000965724
0.000978135
0.000989673
0.00100033
0.00101009
0.00101895
0.00102689
0.00103393
0.00104003
0.00104522
0.00104947
0.00105279
0.00105518
0.00105664
0.00105716
0.00105676
0.00105542
0.00105317
0.00104999
0.00104591
0.00104092
0.00103504
0.00102827
0.00102062
0.00101211
0.00100275
0.000992549
0.000981527
0.000969697
0.000957078
0.000943686
0.000929543
0.000914668
0.000899084
0.000882813
0.000865881
0.000848314
0.000830139
0.000811387
0.000792088
0.000772276
0.000751988
0.00073126
0.000710134
0.000688654
0.000666868
0.000644828
0.00062259
0.000600217
0.000577776
0.000555345
0.000533008
0.00051086
0.000489009
0.000467577
0.000446701
0.000426539
0.000407268
0.000389086
0.000372215
0.000356896
0.000343386
0.000331943
0.00032282
0.000316237
0.000312365
0.000311304
0.000313071
0.000317598
0.000324738
0.000334282
0.000345985
0.00035958
0.000374802
0.000391395
0.000409123
0.000427772
0.000447151
0.000467093
0.00048745
0.000508091
0.000528905
0.00054979
0.000570659
0.000591433
0.000612042
0.000632425
0.000652526
0.000672292
0.00069168
0.000710646
0.000729153
0.000747164
0.000764648
0.000781576
0.000797918
0.00081365
0.000828749
0.000843192
0.00085696
0.000870033
0.000882395
0.000894031
0.000904925
0.000915066
0.000924441
0.00093304
0.000940854
0.000947874
0.000954094
0.000959508
0.000964112
0.000967901
0.000970873
0.000973028
0.000974364
0.000974883
0.000974586
0.000973477
0.000971559
0.000968838
0.000965319
0.00096101
0.00095592
0.000950057
0.000943433
0.000936058
0.000927946
0.000919111
0.000909568
0.000899333
0.000888423
0.000876858
0.000864657
0.000851842
0.000838436
0.000824463
0.000809949
0.000794922
0.000779412
0.000763449
0.000747067
0.000730302
0.000713192
0.000695778
0.000678104
0.000660217
0.000642167
0.00062401
0.000605806
0.000587618
0.000569517
0.00055158
0.000533889
0.000516535
0.000499617
0.000483241
0.000467524
0.000452588
0.000438566
0.000425595
0.000413816
0.00040337
0.000394394
0.000387016
0.000381345
0.000377471
0.000375451
0.000375312
0.000377045
0.000380606
0.000385922
0.000392888
0.000401384
0.000411273
0.00042241
0.000434651
0.000447849
0.000461868
0.000476574
0.000491846
0.00050757
0.00052364
0.000539961
0.000556446
0.000573015
0.000589595
0.000606119
0.000622528
0.000638767
0.000654783
0.000670532
0.000685971
0.00070106
0.000715764
0.000730049
0.000743885
0.000757243
0.000770098
0.000782425
0.000794202
0.00080541
0.000816028
0.00082604
0.00083543
0.000844184
0.000852289
0.000859734
0.000866508
0.000872603
0.00087801
0.000882722
0.000886736
0.000890045
0.000892648
0.000894541
0.000895725
0.000896199
0.000895965
0.000895025
0.000893383
0.000891043
0.000888012
0.000884295
0.000879901
0.00087484
0.000869121
0.000862756
0.000855758
0.00084814
0.000839918
0.000831108
0.000821728
0.000811796
0.000801334
0.000790363
0.000778908
0.000766992
0.000754643
0.00074189
0.000728763
0.000715295
0.00070152
0.000687477
0.000673203
0.000658742
0.00064414
0.000629443
0.000614704
0.000599978
0.000585325
0.000570806
0.000556489
0.000542446
0.000528753
0.000515488
0.000502737
0.000490586
0.000479126
0.000468449
0.000458647
0.00044981
0.000442027
0.000435377
0.000429934
0.000425756
0.000422891
0.000421369
0.000421202
0.000422384
0.00042489
0.000428679
0.000433694
0.000439865
0.000447113
0.000455349
0.000464483
0.000474418
0.000485061
0.000496317
0.000508096
0.000520311
0.000532879
0.00054572
0.000558762
0.000571935
0.000585175
0.000598421
0.000611617
0.000624713
0.000637659
0.000650411
0.000662928
0.000675171
0.000687105
0.000698696
0.000709915
0.000720734
0.000731125
0.000741066
0.000750534
0.000759509
0.000767972
0.000775906
0.000783297
0.000790129
0.000796392
0.000802073
0.000807163
0.000811654
0.000815539
0.000818812
0.000821468
0.000823505
0.00082492
0.000825711
0.000825881
0.000825429
0.000824358
0.000822673
0.000820378
0.00081748
0.000813985
0.000809902
0.00080524
0.000800012
0.000794228
0.000787902
0.000781048
0.000773683
0.000765823
0.000757488
0.000748697
0.000739471
0.000729834
0.00071981
0.000709425
0.000698707
0.000687686
0.000676394
0.000664863
0.000653129
0.000641231
0.000629208
0.000617103
0.000604961
0.00059283
0.00058076
0.000568804
0.000557017
0.000545459
0.00053419
0.000523275
0.000512777
0.000502765
0.000493307
0.000484471
0.000476324
0.000468933
0.000462359
0.000456662
0.000451892
0.000448094
0.000445302
0.000443543
0.00044283
0.000443165
0.000444539
0.000446931
0.000450309
0.000454632
0.00045985
0.000465906
0.000472739
0.000480282
0.000488467
0.000497225
0.000506486
0.000516181
0.000526243
0.000536606
0.000547209
0.00055799
0.000568893
0.000579864
0.000590851
0.000601806
0.000612685
0.000623443
0.000634042
0.000644443
0.000654613
0.000664517
0.000674127
0.000683413
0.000692348
0.000700909
0.000709072
0.000716816
0.000724122
0.000730972
0.00073735
0.00074324
0.000748629
0.000753504
0.000757855
0.000761673
0.000764948
0.000767674
0.000769844
0.000771455
0.000772502
0.000772984
0.000772898
0.000772246
0.000771028
0.000769245
0.000766903
0.000764005
0.000760558
0.000756567
0.000752041
0.00074699
0.000741424
0.000735356
0.000728797
0.000721762
0.000714268
0.000706331
0.00069797
0.000689206
0.000680059
0.000670554
0.000660714
0.000650568
0.000640144
0.000629472
0.000618585
0.000607518
0.000596308
0.000584996
0.000573623
0.000562235
0.000550878
0.000539603
0.000528464
0.000517517
0.000506821
0.000496436
0.000486428
0.000476861
0.000467803
0.000459323
0.000451486
0.000444361
0.00043801
0.000432494
0.000427866
0.000424173
0.000421453
0.000419736
0.000419039
0.000419367
0.000420715
0.000423065
0.000426389
0.000430648
0.000435794
0.000441775
0.000448528
0.000455991
0.000464095
0.000472774
0.000481957
0.000491578
0.000501569
0.000511867
0.000522408
0.000533134
0.000543987
0.000554915
0.000565865
0.000576791
0.000587647
0.000598391
0.000608982
0.000619384
0.000629561
0.000639481
0.000649112
0.000658427
0.000667397
0.000676
0.00068421
0.000692007
0.00069937
0.000706282
0.000712724
0.000718682
0.00072414
0.000729087
0.000733509
0.000737397
0.00074074
0.000743532
0.000745765
0.000747433
0.000748531
0.000749056
0.000749005
0.000748377
0.000747171
0.000745388
0.00074303
0.0007401
0.000736602
0.000732541
0.000727922
0.000722755
0.000717046
0.000710806
0.000704045
0.000696776
0.000689011
0.000680767
0.000672057
0.000662901
0.000653316
0.000643323
0.000632944
0.000622203
0.000611126
0.00059974
0.000588074
0.000576161
0.000564035
0.000551733
0.000539294
0.000526762
0.000514183
0.000501607
0.000489087
0.00047668
0.000464449
0.000452461
0.000440785
0.000429497
0.000418677
0.000408408
0.000398775
0.000389868
0.000381775
0.000374583
0.000368374
0.000363226
0.000359206
0.000356368
0.000354753
0.000354384
0.000355267
0.000357388
0.000360717
0.000365207
0.000370799
0.00037742
0.000384991
0.000393427
0.000402639
0.000412539
0.00042304
0.000434054
0.000445501
0.000457303
0.000469384
0.000481677
0.000494116
0.00050664
0.000519193
0.000531723
0.00054418
0.000556519
0.000568698
0.000580678
0.000592422
0.000603895
0.000615067
0.000625907
0.000636388
0.000646484
0.000656172
0.000665428
0.000674232
0.000682565
0.000690409
0.000697747
0.000704564
0.000710845
0.000716579
0.000721752
0.000726355
0.000730378
0.000733812
0.00073665
0.000738885
0.000740513
0.000741528
0.000741927
0.000741708
0.000740869
0.00073941
0.000737331
0.000734634
0.00073132
0.000727393
0.000722858
0.000717719
0.000711984
0.000705658
0.000698751
0.000691272
0.00068323
0.000674638
0.000665508
0.000655853
0.000645689
0.00063503
0.000623896
0.000612304
0.000600275
0.000587831
0.000574995
0.000561792
0.00054825
0.000534399
0.000520271
0.0005059
0.000491324
0.000476586
0.000461731
0.000446808
0.000431873
0.000416987
0.000402217
0.000387639
0.000373336
0.0003594
0.000345936
0.000333055
0.000320884
0.000309555
0.000299212
0.000290004
0.000282079
0.00027558
0.000270636
0.000267354
0.000265806
0.00026603
0.000268019
0.000271725
0.000277066
0.000283927
0.000292174
0.000301661
0.00031224
0.000323762
0.000336085
0.000349079
0.000362621
0.0003766
0.000390916
0.000405479
0.000420207
0.000435027
0.000449872
0.000464685
0.000479409
0.000493997
0.000508404
0.000522589
0.000536515
0.000550147
0.000563453
0.000576404
0.000588972
0.000601133
0.000612863
0.00062414
0.000634943
0.000645254
0.000655055
0.000664329
0.000673061
0.000681238
0.000688846
0.000695873
0.000702308
0.000708142
0.000713364
0.000717968
0.000721945
0.00072529
0.000727997
0.000730062
0.00073148
0.000732249
0.000732367
0.000731833
0.000730646
0.000728807
0.000726317
0.000723178
0.000719394
0.000714967
0.000709904
0.000704208
0.000697886
0.000690945
0.000683393
0.000675238
0.000666491
0.00065716
0.000647259
0.000636798
0.00062579
0.00061425
0.000602193
0.000589633
0.000576589
0.000563078
0.000549119
0.000534733
0.000519943
0.000504771
0.000489243
0.000473386
0.000457231
0.000440809
0.000424155
0.00040731
0.000390316
0.000373222
0.000356084
0.000338964
0.000321937
0.000305087
0.000288514
0.000272337
0.000256696
0.000241761
0.000227729
0.000214835
0.000203347
0.00019356
0.000185779
0.000180293
0.000177332
0.000177031
0.0001794
0.000184323
0.000191582
0.000200893
0.000211949
0.000224449
0.00023812
0.000252719
0.00026804
0.000283909
0.000300181
0.000316732
0.00033346
0.000350278
0.00036711
0.000383891
0.000400566
0.000417085
0.000433404
0.000449484
0.000465289
0.000480786
0.000495947
0.000510744
0.000525152
0.000539148
0.00055271
0.000565817
0.000578452
0.000590596
0.000602234
0.000613348
0.000623926
0.000633954
0.000643418
0.000652308
0.000660612
0.000668322
0.000675426
0.000681918
0.000687789
0.000693033
0.000697644
0.000701617
0.000704946
0.000707628
0.000709661
0.000711042
0.000711769
0.000711841
0.000711259
0.000710023
0.000708134
0.000705595
0.000702407
0.000698575
0.000694103
0.000688995
0.000683258
0.000676896
0.000669918
0.000662331
0.000654142
0.000645362
0.000635999
0.000626064
0.000615569
0.000604524
0.000592943
0.000580837
0.000568222
0.000555112
0.000541523
0.00052747
0.00051297
0.000498042
0.000482705
0.000466978
0.000450883
0.000434443
0.000417681
0.000400625
0.000383301
0.000365741
0.00034798
0.000330055
0.000312009
0.000293892
0.000275763
0.000257693
0.000239766
0.000222089
0.000204798
0.000188069
0.000172132
0.000157289
0.000143937
0.000132577
0.000123795
0.000118196
0.000116251
0.000118139
0.000123666
0.000132351
0.000143582
0.000156768
0.000171409
0.000187107
0.00020356
0.000220539
0.000237868
0.000255412
0.000273066
0.000290746
0.000308381
0.000325915
0.000343298
0.000360489
0.00037745
0.000394149
0.000410555
0.000426643
0.000442387
0.000457765
0.000472755
0.000487337
0.000501494
0.000515208
0.000528461
0.00054124
0.000553529
0.000565315
0.000576584
0.000587325
0.000597526
0.000607177
0.000616267
0.000624788
0.000632731
0.000640087
0.00064685
0.000653013
0.000658571
0.000663517
0.000667849
0.000671561
0.00067465
0.000677115
0.000678953
0.000680163
0.000680744
0.000680696
0.000680021
0.00067872
0.000676794
0.000674246
0.00067108
0.0006673
0.000662911
0.000657916
0.000652324
0.000646139
0.000639369
0.000632023
0.000624108
0.000615634
0.000606609
0.000597046
0.000586954
0.000576345
0.000565232
0.000553627
0.000541544
0.000528998
0.000516003
0.000502575
0.000488732
0.00047449
0.000459868
0.000444886
0.000429563
0.000413923
0.000397989
0.000381786
0.000365341
0.000348684
0.000331849
0.000314872
0.000297795
0.000280667
0.000263545
0.000246496
0.000229603
0.000212967
0.00019672
0.000181027
0.000166104
0.000152233
0.000139777
0.000129188
0.000120989
0.00011571
0.000113766
0.000115319
0.000120216
0.000128044
0.00013827
0.00015036
0.000163854
0.000178379
0.000193649
0.000209442
0.00022559
0.000241959
0.000258449
0.000274975
0.00029147
0.000307878
0.000324151
0.000340249
0.000356136
0.00037178
0.000387152
0.000402227
0.000416982
0.000431395
0.000445445
0.000459115
0.000472387
0.000485244
0.000497672
0.000509655
0.000521181
0.000532238
0.000542812
0.000552892
0.00056247
0.000571534
0.000580076
0.000588087
0.000595559
0.000602487
0.000608862
0.00061468
0.000619935
0.000624622
0.000628739
0.000632281
0.000635246
0.000637632
0.000639438
0.000640662
0.000641305
0.000641368
0.00064085
0.000639755
0.000638084
0.000635841
0.000633029
0.000629651
0.000625714
0.000621222
0.000616182
0.000610599
0.000604483
0.000597839
0.000590678
0.000583008
0.000574839
0.000566181
0.000557047
0.000547447
0.000537394
0.000526902
0.000515985
0.000504657
0.000492935
0.000480835
0.000468375
0.000455573
0.00044245
0.000429027
0.000415327
0.000401374
0.000387194
0.000372818
0.000358276
0.000343603
0.000328838
0.000314024
0.000299212
0.000284457
0.000269825
0.000255393
0.00024125
0.000227502
0.000214278
0.000201726
0.000190026
0.000179383
0.000170032
0.000162224
0.000156214
0.000152227
0.00015043
0.000150896
0.000153595
0.000158391
0.000165075
0.000173397
0.000183097
0.000193924
0.000205658
0.000218104
0.000231098
0.000244501
0.000258198
0.000272092
0.0002861
0.000300154
0.000314193
0.000328167
0.00034203
0.000355743
0.000369272
0.000382585
0.000395653
0.000408452
0.000420958
0.000433149
0.000445006
0.000456511
0.000467647
0.000478398
0.000488749
0.000498688
0.000508201
0.000517278
0.000525906
0.000534076
0.00054178
0.000549007
0.000555751
0.000562005
0.000567761
0.000573015
0.000577761
0.000581995
0.000585714
0.000588913
0.000591592
0.000593747
0.000595378
0.000596484
0.000597065
0.000597123
0.000596658
0.000595672
0.000594168
0.00059215
0.00058962
0.000586585
0.000583048
0.000579015
0.000574494
0.00056949
0.000564013
0.000558069
0.000551669
0.000544822
0.000537539
0.00052983
0.000521709
0.000513187
0.000504278
0.000494997
0.000485359
0.000475381
0.00046508
0.000454474
0.000443584
0.00043243
0.000421036
0.000409425
0.000397625
0.000385663
0.00037357
0.00036138
0.000349129
0.000336859
0.000324613
0.000312442
0.0003004
0.000288548
0.000276955
0.000265699
0.000254863
0.000244544
0.000234846
0.000225882
0.000217773
0.000210642
0.000204614
0.000199805
0.000196316
0.000194224
0.000193573
0.000194374
0.000196596
0.000200176
0.000205023
0.000211023
0.000218053
0.000225984
0.000234689
0.000244048
0.000253949
0.00026429
0.000274979
0.000285934
0.00029708
0.000308353
0.000319695
0.000331053
0.000342381
0.000353639
0.000364788
0.000375794
0.000386628
0.000397262
0.00040767
0.000417829
0.000427717
0.000437316
0.000446608
0.000455575
0.000464202
0.000472476
0.000480383
0.000487911
0.00049505
0.000501789
0.000508119
0.000514031
0.000519519
0.000524575
0.000529193
0.000533368
0.000537095
0.000540371
0.000543192
0.000545556
0.00054746
0.000548904
0.000549887
0.000550409
0.000550471
0.000550075
0.000549222
0.000547916
0.000546159
0.000543956
0.000541312
0.000538232
0.000534721
0.000530788
0.000526438
0.000521682
0.000516526
0.000510982
0.000505058
0.000498768
0.000492121
0.000485132
0.000477814
0.000470182
0.000462251
0.000454038
0.000445561
0.000436838
0.00042789
0.000418738
0.000409407
0.000399919
0.000390302
0.000380584
0.000370796
0.00036097
0.000351143
0.000341351
0.000331637
0.000322045
0.000312623
0.000303422
0.000294497
0.000285909
0.000277718
0.000269992
0.000262798
0.000256206
0.000250285
0.000245102
0.000240722
0.000237199
0.000234581
0.000232903
0.000232185
0.000232433
0.000233637
0.000235772
0.000238797
0.000242661
0.000247306
0.000252663
0.000258663
0.000265234
0.000272304
0.000279804
0.000287667
0.00029583
0.000304234
0.000312823
0.000321547
0.000330357
0.000339211
0.000348069
0.000356893
0.000365651
0.00037431
0.000382843
0.000391222
0.000399425
0.000407428
0.00041521
0.000422754
0.000430041
0.000437055
0.000443782
0.000450207
0.000456318
0.000462104
0.000467555
0.000472659
0.00047741
0.000481799
0.000485819
0.000489465
0.00049273
0.000495611
0.000498103
0.000500203
0.000501909
0.00050322
0.000504135
0.000504653
0.000504774
0.000504501
0.000503834
0.000502776
0.000501331
0.000499503
0.000497295
0.000494714
0.000491764
0.000488454
0.000484791
0.000480782
0.000476436
0.000471764
0.000466775
0.000461482
0.000455895
0.000450029
0.000443897
0.000437515
0.000430897
0.000424061
0.000417025
0.000409808
0.000402431
0.000394915
0.000387284
0.000379562
0.000371776
0.000363952
0.000356122
0.000348315
0.000340566
0.00033291
0.000325383
0.000318025
0.000310877
0.000303981
0.000297382
0.000291125
0.000285256
0.00027982
0.000274863
0.000270429
0.000266558
0.000263288
0.000260651
0.000258672
0.000257372
0.000256761
0.000256842
0.000257611
0.000259053
0.000261148
0.000263866
0.000267173
0.000271031
0.000275397
0.000280226
0.00028547
0.000291083
0.000297018
0.000303229
0.000309672
0.000316303
0.000323081
0.000329968
0.000336926
0.000343922
0.000350922
0.000357897
0.000364817
0.000371657
0.00037839
0.000384996
0.00039145
0.000397735
0.000403831
0.000409721
0.000415389
0.00042082
0.000426001
0.000430918
0.000435561
0.000439919
0.000443981
0.00044774
0.000451188
0.000454317
0.00045712
0.000459594
0.000461732
0.000463531
0.000464989
0.000466101
0.000466867
0.000467285
0.000467356
0.000467079
0.000466456
0.000465488
0.000464178
0.00046253
0.000460545
0.000458231
0.000455591
0.000452631
0.000449359
0.000445782
0.000441908
0.000437746
0.000433307
0.000428599
0.000423636
0.000418429
0.000412993
0.00040734
0.000401486
0.000395448
0.000389243
0.000382889
0.000376407
0.000369816
0.00036314
0.000356402
0.000349628
0.000342843
0.000336076
0.000329357
0.000322716
0.000316188
0.000309806
0.000303606
0.000297625
0.000291901
0.000286474
0.000281381
0.000276663
0.000272357
0.0002685
0.000265126
0.000262266
0.000259948
0.000258194
0.000257022
0.00025644
0.000256455
0.000257064
0.000258258
0.000260021
0.000262333
0.000265168
0.000268494
0.000272279
0.000276486
0.000281077
0.000286011
0.000291251
0.000296755
0.000302486
0.000308405
0.000314476
0.000320664
0.000326936
0.000333258
0.000339602
0.000345938
0.00035224
0.000358482
0.00036464
0.000370693
0.000376618
0.000382397
0.000388011
0.000393443
0.000398677
0.000403698
0.000408493
0.000413047
0.00041735
0.000421391
0.000425159
0.000428645
0.000431841
0.000434738
0.000437331
0.000439613
0.000441578
0.000443222
0.000444542
0.000445533
0.000446192
0.000446519
0.000446512
0.000446171
0.000445494
0.000444484
0.000443142
0.000441469
0.000439468
0.000437143
0.000434498
0.000431538
0.000428268
0.000424694
0.000420824
0.000416665
0.000412225
0.000407514
0.000402541
0.000397318
0.000391857
0.00038617
0.00038027
0.000374174
0.000367895
0.000361453
0.000354864
0.000348149
0.000341328
0.000334423
0.000327459
0.000320462
0.000313459
0.000306478
0.000299553
0.000292715
0.000286
0.000279446
0.000273092
0.000266979
0.000261149
0.000255648
0.00025052
0.000245809
0.00024156
0.000237815
0.000234613
0.000231991
0.000229978
0.000228598
0.000227869
0.000227799
0.000228389
0.00022963
0.000231506
0.000233994
0.000237064
0.00024068
0.000244804
0.000249392
0.000254401
0.000259785
0.0002655
0.000271501
0.000277745
0.00028419
0.000290796
0.000297526
0.000304344
0.000311216
0.000318111
0.000324998
0.00033185
0.000338641
0.000345346
0.000351943
0.000358411
0.000364729
0.000370879
0.000376844
0.000382607
0.000388153
0.000393469
0.00039854
0.000403356
0.000407904
0.000412175
0.000416158
0.000419845
0.000423227
0.000426297
0.000429048
0.000431474
0.00043357
0.000435332
0.000436754
0.000437833
0.000438567
0.000438952
0.000438989
0.000438674
0.000438009
0.000436992
0.000435626
0.00043391
0.000431846
0.000429439
0.000426689
0.000423601
0.00042018
0.00041643
0.000412356
0.000407965
0.000403264
0.000398261
0.000392962
0.000387378
0.000381519
0.000375394
0.000369015
0.000362394
0.000355546
0.000348483
0.000341222
0.000333779
0.000326172
0.00031842
0.000310545
0.000302569
0.000294518
0.000286416
0.000278295
0.000270186
0.000262124
0.000254146
0.000246294
0.000238614
0.000231154
0.000223967
0.00021711
0.000210645
0.000204635
0.000199146
0.000194246
0.000189998
0.000186467
0.000183707
0.000181764
0.000180672
0.000180451
0.000181105
0.000182622
0.000184974
0.00018812
0.000192009
0.000196582
0.000201774
0.000207518
0.000213748
0.000220399
0.000227407
0.000234714
0.000242265
0.000250008
0.000257897
0.000265887
0.000273939
0.000282017
0.000290087
0.000298118
0.000306083
0.000313955
0.00032171
0.000329327
0.000336784
0.000344063
0.000351147
0.000358018
0.000364662
0.000371065
0.000377213
0.000383095
0.000388699
0.000394013
0.000399029
0.000403738
0.00040813
0.000412198
0.000415935
0.000419335
0.000422391
0.000425098
0.000427452
0.000429447
0.000431082
0.000432351
0.000433254
0.000433787
0.00043395
0.00043374
0.000433158
0.000432204
0.000430878
0.000429181
0.000427115
0.000424681
0.000421883
0.000418722
0.000415203
0.00041133
0.000407108
0.00040254
0.000397633
0.000392394
0.000386828
0.000380944
0.000374748
0.00036825
0.000361458
0.000354382
0.000347033
0.000339423
0.000331562
0.000323464
0.000315144
0.000306615
0.000297895
0.000289
0.000279951
0.000270767
0.000261471
0.00025209
0.00024265
0.000233183
0.000223725
0.000214314
0.000204996
0.000195822
0.000186851
0.00017815
0.000169796
0.000161877
0.000154491
0.000147749
0.000141769
0.000136675
0.000132589
0.000129622
0.000127861
0.000127363
0.000128144
0.000130175
0.000133392
0.000137697
0.000142976
0.000149105
0.000155961
0.000163425
0.000171392
0.000179764
0.000188456
0.000197394
0.000206512
0.000215755
0.000225071
0.000234418
0.000243758
0.000253056
0.000262281
0.000271408
0.000280411
0.000289267
0.000297958
0.000306463
0.000314766
0.000322851
0.000330704
0.00033831
0.000345657
0.000352733
0.000359527
0.000366029
0.00037223
0.000378119
0.000383689
0.000388933
0.000393842
0.00039841
0.000402632
0.000406501
0.000410012
0.000413161
0.000415943
0.000418355
0.000420394
0.000422056
0.000423341
0.000424244
0.000424766
0.000424906
0.000424662
0.000424035
0.000423026
0.000421634
0.000419861
0.00041771
0.000415181
0.000412278
0.000409004
0.000405361
0.000401354
0.000396987
0.000392264
0.000387191
0.000381773
0.000376017
0.000369928
0.000363513
0.00035678
0.000349736
0.000342389
0.000334749
0.000326824
0.000318624
0.000310159
0.00030144
0.00029248
0.000283289
0.000273882
0.000264271
0.000254473
0.000244503
0.000234379
0.000224121
0.00021375
0.000203291
0.000192771
0.000182222
0.000171681
0.000161192
0.000150808
0.000140595
0.000130635
0.000121029
0.000111909
0.000103439
9.58239e-05
8.9313e-05
8.41865e-05
8.07256e-05
7.91591e-05
7.96009e-05
8.20133e-05
8.62187e-05
9.19535e-05
9.89292e-05
0.000106877
0.000115566
0.00012481
0.000134461
0.000144402
0.000154542
0.000164806
0.000175135
0.000185482
0.000195806
0.000206071
0.00021625
0.000226317
0.000236248
0.000246024
0.000255627
0.00026504
0.000274248
0.000283236
0.000291992
0.000300504
0.00030876
0.000316749
0.000324462
0.000331888
0.00033902
0.000345848
0.000352365
0.000358563
0.000364435
0.000369976
0.000375178
0.000380037
0.000384546
0.000388702
0.0003925
0.000395935
0.000399005
0.000401706
0.000404036
0.000405992
0.000407572
0.000408774
0.000409598
