
Primal Residual: 
21.5719
7.84348
3.09087
4.10881
2.97973
1.72696
1.31826
1.27624
1.13279
0.923207
0.761775
0.663656
0.597444
0.543944
0.493082
0.441376
0.396893
0.376406
0.382902
0.399127
0.406613
0.39675
0.370724
0.336818
0.306375
0.288534
0.28254
0.280349
0.274933
0.263961
0.249932
0.237731
0.23112
0.230432
0.232968
0.235639
0.236688
0.235799
0.233465
0.230273
0.226515
0.222143
0.216929
0.210644
0.203133
0.194374
0.184512
0.173844
0.163
0.153089
0.145703
0.142584
0.144879
0.152479
0.164073
0.177826
0.192028
0.205387
0.217066
0.226698
0.234205
0.239479
0.242498
0.243312
0.242042
0.238866
0.233922
0.227462
0.21981
0.21133
0.202418
0.193478
0.184885
0.176952
0.169894
0.163835
0.158831
0.154884
0.151969
0.150051
0.149083
0.148986
0.149638
0.150867
0.152453
0.15415
0.155703
0.156884
0.157481
0.157338
0.156357
0.154504
0.151808
0.148355
0.14428
0.139759
0.134993
0.130196
0.125589
0.121383
0.117749
0.114806
0.112566
0.111011
0.110082
0.109693
0.109742
0.110121
0.110731
0.111491
0.112338
0.113224
0.114108
0.114955
0.115734
0.116413
0.116968
0.117382
0.117632
0.117755
0.117781
0.117758
0.117753
0.117847
0.118126
0.11866
0.119499
0.120659
0.122116
0.123809
0.125646
0.127517
0.129301
0.130882
0.132158
0.133047
0.133493
0.133464
0.132957
0.131992
0.130609
0.128865
0.126827
0.124569
0.122163
0.119678
0.117173
0.114695
0.112318
0.110025
0.107695
0.105373
0.103088
0.100851
0.0986634
0.0965223
0.0944332
0.0924181
0.0905118
0.0887521
0.0871717
0.0857956
0.0846398
0.0837075
0.082984
0.0824345
0.0820075
0.0816428
0.0812833
0.0808847
0.0804231
0.0798989
0.0793369
0.0787832
0.0783001
0.0779599
0.0778367
0.0779986
0.0784993
0.0793725
0.0806275
0.0822491
0.0842007
0.0864285
0.0888687
0.0914521
0.09411
0.0967769
0.0993928
0.101904
0.104264
0.106431
0.108369
0.110049
0.111443
0.112531
0.113294
0.11372
0.113802
0.113538
0.112931
0.111993
0.11074
0.109197
0.107393
0.10537
0.103162
0.10081
0.0983571
0.0958534
0.0933477
0.0908853
0.0885055
0.0862394
0.0841073
0.0821231
0.0802922
0.0786138
0.0770803
0.075678
0.0743882
0.0731889
0.0720565
0.0709672
0.0698979
0.0688272
0.067737
0.0666128
0.0654446
0.0642271
0.0629589
0.0616498
0.0603142
0.0589722
0.0576512
0.0563859
0.0552167
0.0541888
0.0533493
0.0527445
0.0524165
0.0523993
0.0527151
0.0533717
0.0543614
0.0556617
0.0572377
0.0590458
0.0610369
0.0631589
0.0653601
0.0675911
0.0698062
0.071964
0.0740282
0.0759672
0.077755
0.0793703
0.0807969
0.0820233
0.0830428
0.0838529
0.0844555
0.0848561
0.085064
0.0850916
0.0849538
0.0846684
0.0842538
0.0837285
0.0831124
0.0824253
0.0816864
0.0809134
0.0801221
0.0793255
0.0785334
0.0777729
0.0770588
0.0763597
0.0756678
0.0749698
0.0742497
0.0734919
0.0726799
0.0717989
0.0708378
0.0697896
0.0686503
0.0674177
0.0660914
0.0646739
0.0631711
0.0615925
0.0599513
0.0582649
0.0565548
0.0548475
0.0531753
0.0515759
0.0500919
0.0487697
0.0476567
0.0467977
0.0462316
0.0459865
0.0460773
0.0465029
0.047247
0.0482789
0.0495578
0.0510359
0.0526625
0.0543872
0.0561626
0.0579452
0.059697
0.0613854
0.0629831
0.0644682
0.0658237
0.0670368
0.0680989
0.069005
0.0697532
0.0703448
0.0707833
0.0710746
0.0712265
0.0712485
0.0711513
0.0709466
0.070647
0.0702651
0.0698139
0.0693057
0.0687524
0.0681647
0.067552
0.066922
0.0662807
0.0656319
0.0649777
0.064318
0.0636511
0.0629736
0.0622811
0.0615684
0.0608298
0.0600597
0.0592531
0.0584058
0.0575146
0.0565782
0.0555969
0.0545731
0.0535111
0.0524177
0.051302
0.050175
0.0490502
0.0479426
0.046869
0.0458472
0.0448954
0.0440319
0.0432736
0.0426355
0.0421301
0.0417657
0.0415467
0.0414727
0.041538
0.0417344
0.0420501
0.0424703
0.0429777
0.0435542
0.0441817
0.044843
0.0455221
0.0462037
0.0468769
0.0475333
0.0481651
0.0487673
0.0493377
0.0498757
0.0503826
0.0508608
0.0513137
0.0517449
0.0521588
0.052559
0.0529489
0.0533309
0.0537075
0.0540857
0.0544636
0.0548328
0.0551855
0.0555141
0.0558114
0.0560691
0.0562786
0.0564311
0.0565178
0.0565306
0.0564619
0.0563042
0.0560511
0.0556967
0.0552364
0.0546672
0.0539874
0.0531975
0.0522998
0.0512987
0.0502058
0.0490406
0.0478002
0.0464889
0.0451212
0.0437169
0.0422987
0.0408899
0.0395148
0.0381987
0.0369679
0.0358487
0.034866
0.0340422
0.0333948
0.0329363
0.0326727
0.0326036
0.0327216
0.033014
0.0334631
0.0340479
0.0347457
0.0355337
0.0363895
0.0372922
0.0382228
0.0391646
0.0401026
0.0410242
0.0419187
0.0427773
0.0435929
0.0443598
0.0450741
0.0457328
0.0463339
0.0468763
0.0473598
0.0477845
0.0481509
0.0484598
0.0487121
0.0489091
0.0490518
0.0491414
0.049179
0.0491657
0.0491025
0.0489907
0.0488313
0.0486257
0.0483752
0.0480815
0.0477464
0.0473721
0.046961
0.0465159
0.0460398
0.0455362
0.0450088
0.0444617
0.0438992
0.0433256
0.0427456
0.042164
0.0415854
0.0410143
0.0404553
0.0399122
0.0393889
0.0388886
0.0384138
0.0379667
0.0375486
0.0371604
0.0368023
0.0364738
0.0361743
0.0359024
0.0356568
0.0354361
0.0352386
0.0350631
0.0349086
0.0347743
0.0346599
0.0345656
0.0344922
0.0344409
0.0344133
0.0344114
0.0344374
0.0344938
0.0345829
0.0347069
0.0348679
0.0350671
0.0353055
0.0355831
0.0358992
0.0362523
0.0366398
0.0370584
0.0375039
0.0379717
0.038456
0.0389511
0.0394505
0.0399478
0.0404362
0.0409093
0.0413604
0.0417835
0.0421727
0.0425225
0.042828
0.0430847
0.0432888
0.0434371
0.043527
0.0435564
0.0435241
0.0434291
0.0432715
0.0430517
0.0427706
0.0424299
0.0420315
0.041578
0.0410724
0.040518
0.0399188
0.0392788
0.0386025
0.0378949
0.0371612
0.0364067
0.0356376
0.0348599
0.0340802
0.0333055
0.0325431
0.0318007
0.0310863
0.0304083
0.0297754
0.0291961
0.0286792
0.0282331
0.0278656
0.0275838
0.0273936
0.0272993
0.0273038
0.0274078
0.0276102
0.0279079
0.028296
0.0287679
0.0293159
0.0299311
0.0306038
0.0313241
0.0320818
0.0328666
0.0336687
0.0344782
0.0352859
0.0360829
0.0368609
0.0376121
0.0383292
0.0390055
0.0396349
0.0402119
0.0407314
0.041189
0.0415808
0.0419034
0.042154
0.0423304
0.0424308
0.0424538
0.0423986
0.0422651
0.0420532
0.0417636
0.0413973
0.0409557
0.0404407
0.0398545
0.0391997
0.0384793
0.0376969
0.0368561
0.0359613
0.0350171
0.0340287
0.0330018
0.0319428
0.0308586
0.0297569
0.0286466
0.0275372
0.0264397
0.0253662
0.0243303
0.0233469
0.0224323
0.021604
0.02088
0.020278
0.0198145
0.019503
0.0193532
0.0193691
0.0195492
0.0198861
0.0203676
0.0209778
0.0216989
0.022512
0.0233985
0.0243407
0.0253221
0.0263278
0.0273443
0.0283595
0.0293629
0.0303449
0.0312973
0.0322128
0.0330849
0.033908
0.0346774
0.0353888
0.0360387
0.0366241
0.0371426
0.0375924
0.0379719
0.0382801
0.0385165
0.0386809
0.0387735
0.0387948
0.0387456
0.038627
0.0384406
0.0381879
0.0378709
0.0374917
0.0370528
0.0365568
0.0360066
0.0354052
0.0347559
0.0340623
0.0333283
0.032558
0.0317557
0.0309263
0.030075
0.0292072
0.028329
0.0274469
0.0265681
0.0257002
0.0248515
0.0240311
0.0232485
0.022514
0.021838
0.0212314
0.0207045
0.0202674
0.0199287
0.0196953
0.0195719
0.0195603
0.0196596
0.019866
0.020173
0.0205721
0.0210533
0.0216056
0.0222176
0.0228781
0.023576
0.024301
0.0250432
0.0257937
0.0265443
0.0272876
0.0280169
0.028726
0.0294096
0.0300628
0.0306812
0.0312609
0.0317984
0.0322909
0.0327355
0.03313
0.0334724
0.0337609
0.0339941
0.0341709
0.0342903
0.0343517
0.0343547
0.034299
0.0341848
0.0340122
0.0337817
0.0334942
0.0331505
0.0327519
0.0322997
0.0317958
0.0312421
0.0306409
0.0299948
0.0293066
0.0285797
0.0278177
0.0270248
0.0262054
0.0253647
0.0245085
0.0236432
0.0227759
0.0219148
0.0210687
0.0202476
0.0194625
0.0187253
0.0180486
0.0174458
0.0169298
0.0165133
0.016207
0.0160192
0.0159549
0.0160149
0.0161962
0.0164919
0.016892
0.0173845
0.0179561
0.0185932
0.0192827
0.0200119
0.0207693
0.0215443
0.0223274
0.0231103
0.0238854
0.024646
0.0253864
0.0261012
0.026786
0.0274366
0.0280495
0.0286216
0.0291501
0.0296326
0.0300672
0.0304519
0.0307854
0.0310665
0.0312941
0.0314675
0.0315862
0.0316499
0.0316585
0.0316121
0.0315111
0.0313558
0.0311471
0.0308858
0.0305731
0.0302101
0.0297986
0.0293401
0.0288368
0.0282909
0.0277049
0.0270818
0.0264246
0.0257369
0.0250226
0.024286
0.0235319
0.0227654
0.0219924
0.0212191
0.0204525
0.0197001
0.01897
0.018271
0.0176126
0.0170046
0.016457
0.0159796
0.0155818
0.0152716
0.0150554
0.0149372
0.0149182
0.0149969
0.0151688
0.0154271
0.0157632
0.0161671
0.0166287
0.0171373
0.0176828
0.0182556
0.0188469
0.0194486
0.0200535
0.0206551
0.0212476
0.0218259
0.0223856
0.0229226
0.0234337
0.0239156
0.024366
0.0247825
0.0251632
0.0255066
0.0258114
0.0260766
0.0263015
0.0264854
0.0266282
0.0267297
0.0267901
0.0268096
0.026789
0.0267288
0.02663
0.0264937
0.0263211
0.0261138
0.0258732
0.0256013
0.0252999
0.0249713
0.0246177
0.0242416
0.0238456
0.0234326
0.0230055
0.0225674
0.0221217
0.0216719
0.0212215
0.0207743
0.0203343
0.0199053
0.0194915
0.0190969
0.0187256
0.0183816
0.0180686
0.0177902
0.0175494
0.0173491
0.0171912
0.0170774
0.0170085
0.0169845
0.0170048
0.0170681
0.0171723
0.0173151
0.0174934
0.0177038
0.0179427
0.0182064
0.0184911
0.018793
0.0191082
0.0194333
0.0197647
0.0200992
0.0204336
0.0207651
0.021091
0.0214087
0.0217159
0.0220106
0.0222908
0.0225547
0.0228007
0.0230274
0.0232334
0.0234176
0.023579
0.0237166
0.0238297
0.0239176
0.0239798
0.0240159
0.0240254
0.0240083
0.0239643
0.0238936
0.0237962
0.0236723
0.0235223
0.0233466
0.0231458
0.0229205
0.0226716
0.0223998
0.0221064
0.0217924
0.0214592
0.0211082
0.0207412
0.0203598
0.0199661
0.0195622
0.0191504
0.0187334
0.0183138
0.0178948
0.0174795
0.0170714
0.0166741
0.0162916
0.015928
0.0155873
0.015274
0.0149921
0.0147457
0.0145388
0.0143747
0.0142563
0.0141858
0.0141645
0.0141931
0.014271
0.014397
0.014569
0.0147841
0.015039
0.0153298
0.0156522
0.016002
0.0163746
0.0167658
0.0171711
0.0175866
0.0180081
0.018432
0.0188547
0.0192729
0.0196836
0.0200839
0.0204711
0.0208429
0.0211969
0.0215311
0.0218437
0.022133
0.0223973
0.0226354
0.0228461
0.0230282
0.0231808
0.0233032
0.0233948
0.0234549
0.0234834
0.0234798
0.0234442
0.0233766
0.0232772
0.0231462
0.0229841
0.0227915
0.0225691
0.0223178
0.0220385
0.0217323
0.0214006
0.0210447
0.0206663
0.0202671
0.0198491
0.0194143
0.018965
0.0185038
0.0180335
0.017557
0.0170776
0.0165987
0.0161241
0.0156577
0.015204
0.0147672
0.0143521
0.0139635
0.0136061
0.0132846
0.0130035
0.0127667
0.0125777
0.012439
0.0123522
0.0123179
0.0123354
0.0124031
0.0125184
0.0126776
0.0128767
0.0131109
0.0133755
0.0136655
0.0139759
0.0143022
0.0146398
0.0149846
0.0153327
0.0156808
0.0160255
0.0163642
0.0166943
0.0170135
0.01732
0.017612
0.0178881
0.0181472
0.0183882
0.0186103
0.0188129
0.0189955
0.0191579
0.0192998
0.0194214
0.0195226
0.0196037
0.0196651
0.0197072
0.0197305
0.0197356
0.0197233
0.0196942
0.0196493
0.0195894
0.0195154
0.0194284
0.0193294
0.0192193
0.0190994
0.0189706
0.0188341
0.018691
0.0185423
0.0183892
0.0182326
0.0180737
0.0179133
0.0177525
0.0175921
0.0174329
0.0172757
0.0171213
0.0169701
0.0168228
0.0166799
0.0165418
0.0164087
0.016281
0.0161588
0.0160422
0.0159313
0.0158262
0.0157267
0.0156328
0.0155445
0.0154615
0.0153838
0.0153111
0.0152434
0.0151805
0.0151223
0.0150686
0.0150193
0.0149744
0.0149338
0.0148974
0.0148652
0.0148372
0.0148133
0.0147936
0.0147782
0.0147668
0.0147597
0.0147567
0.0147578
0.014763
0.0147722
0.0147852
0.0148019
0.0148222
0.0148458
0.0148724
0.0149018
0.0149337
0.0149676
0.0150033
0.0150404
0.0150783
0.0151168
0.0151553
0.0151935
0.0152308
0.015267
0.0153015
0.015334
0.0153642
0.0153917
0.0154162
0.0154374
0.0154552
0.0154693
0.0154796
0.0154859
0.0154883
0.0154868
0.0154812
0.0154718
0.0154586
0.0154418
0.0154215
0.0153979
0.0153714
0.0153423
0.0153107
0.015277
0.0152417
0.015205
0.0151674
0.0151292
0.0150909
0.0150527
0.0150152
0.0149787
0.0149435
0.0149101
0.0148786
0.0148495
0.014823
0.0147994
0.0147788
0.0147614
0.0147473
0.0147365
0.0147292
0.0147252
0.0147245
0.0147269
0.0147324
0.0147405
0.0147512
0.014764
0.0147786
0.0147946
0.0148115
0.014829
0.0148466
0.0148636
0.0148797
0.0148942
0.0149066
0.0149164
0.0149231
0.014926
0.0149247
0.0149187
0.0149074
0.0148903
0.0148672
0.0148374
0.0148007
0.0147567
0.014705
0.0146455
0.0145779
0.014502
0.0144178
0.0143251
0.014224
0.0141146
0.0139968
0.0138711
0.0137375
0.0135964
0.0134483
0.0132937
0.0131331
0.0129671
0.0127966
0.0126224
0.0124455
0.0122669
0.0120877
0.0119093
0.011733
0.0115602
0.0113926
0.0112317
0.0110792
0.0109369
0.0108067
0.0106901
0.010589
0.0105051
0.0104398
0.0103946
0.0103706
0.0103686
0.0103894
0.0104333
0.0105003
0.01059
0.0107019
0.0108351
0.0109884
0.0111603
0.0113494
0.0115538
0.0117718
0.0120013
0.0122405
0.0124873
0.0127396
0.0129956
0.0132533
0.0135108
0.0137662
0.0140177
0.0142638
0.0145026
0.0147326
0.0149523
0.0151604
0.0153553
0.0155359
0.0157009
0.0158493
0.0159799
0.0160917
0.016184
0.0162557
0.0163063
0.016335
0.0163411
0.0163243
0.016284
0.0162198
0.0161316
0.016019
0.0158819
0.0157204
0.0155344
0.0153241
0.0150898
0.0148317
0.0145502
0.014246
0.0139195
0.0135716
0.0132031
0.0128149
0.0124082
0.0119844
0.0115448
0.0110911
0.0106253
0.0101496
0.00966636
0.00917861
0.00868968
0.00820357
0.00772496
0.00725945
0.00681372
0.00639568
0.00601462
0.0056811
0.00540657
0.00520241
0.00507849
0.00504133
0.00509272
0.00522921
0.0054429
0.00572311
0.00605811
0.00643644
0.00684775
0.00728305
0.00773473
0.0081964
0.00866274
0.00912928
0.00959224
0.0100484
0.0104951
0.0109298
0.0113506
0.0117556
0.0121432
0.0125121
0.0128611
0.013189
0.013495
0.0137783
0.0140381
0.0142739
0.0144854
0.014672
0.0148335
0.0149699
0.0150809
0.0151667
0.0152274
0.015263
0.0152739
0.0152605
0.0152232
0.0151624
0.0150787
0.0149729
0.0148458
0.0146982
0.0145311
0.0143456
0.0141429
0.0139243
0.0136912
0.0134453
0.0131881
0.0129215
0.0126473
0.0123676
0.0120844
0.0118001
0.011517
0.0112374
0.010964
0.0106993
0.010446
0.0102066
0.00998374
0.00977983
0.00959717
0.00943778
0.00930337
0.00919523
0.00911421
0.00906064
0.00903433
0.00903457
0.00906013
0.00910937
0.00918028
0.00927055
0.00937768
0.00949907
0.00963204
0.00977397
0.0099223
0.0100746
0.0102285
0.010382
0.010533
0.0106798
0.0108207
0.0109543
0.0110795
0.011195
0.0113
0.0113937
0.0114754
0.0115446
0.0116009
0.0116441
0.011674
0.0116905
0.0116938
0.0116838
0.0116609
0.0116254
0.0115777
0.0115182
0.0114475
0.0113663
0.0112754
0.0111755
0.0110676
0.0109526
0.0108317
0.0107061
0.0105769
0.0104456
0.0103136
0.0101824
0.0100535
0.0099285
0.00980909
0.0096969
0.00959355
0.00950062
0.00941962
0.00935192
0.00929878
0.00926124
0.00924014
0.00923606
0.00924935
0.00928004
0.00932793
0.00939251
0.00947305
0.00956857
0.00967792
0.00979977
0.00993267
0.0100751
0.0102254
0.0103819
0.0105431
0.0107073
0.0108729
0.0110384
0.0112023
0.0113632
0.0115198
0.0116708
0.0118152
0.0119517
0.0120793
0.0121972
0.0123046
0.0124005
0.0124844
0.0125556
0.0126135
0.0126577
0.0126877
0.0127032
0.0127039
0.0126895
0.0126599
0.0126149
0.0125546
0.0124789
0.0123878
0.0122816
0.0121603
0.0120243
0.0118739
0.0117094
0.0115313
0.0113402
0.0111366
0.0109213
0.0106949
0.0104583
0.0102124
0.00995833
0.00969715
0.00943013
0.00915866
0.00888425
0.00860858
0.00833348
0.00806098
0.00779329
0.00753281
0.00728216
0.00704411
0.00682162
0.00661773
0.00643553
0.00627802
0.00614799
0.00604789
0.00597963
0.00594443
0.00594278
0.00597433
0.00603794
0.00613177
0.00625342
0.00640006
0.00656866
0.00675607
0.00695918
0.00717499
0.00740066
0.00763359
0.00787136
0.00811182
0.008353
0.00859314
0.00883069
0.00906425
0.00929258
0.0095146
0.00972932
0.0099359
0.0101336
0.0103217
0.0104997
0.010667
0.0108233
0.0109681
0.0111011
0.0112221
0.0113309
0.0114272
0.0115109
0.0115821
0.0116405
0.0116863
0.0117194
0.01174
0.011748
0.0117437
0.0117272
0.0116987
0.0116585
0.0116068
0.011544
0.0114703
0.0113861
0.0112919
0.0111881
0.0110752
0.0109536
0.0108241
0.0106872
0.0105436
0.0103939
0.010239
0.0100796
0.00991649
0.00975063
0.00958289
0.00941422
0.00924559
0.00907797
0.00891236
0.00874977
0.0085912
0.00843762
0.00828999
0.00814923
0.00801621
0.00789172
0.00777649
0.00767115
0.00757623
0.00749216
0.00741923
0.00735762
0.00730737
0.00726841
0.00724054
0.00722342
0.00721665
0.0072197
0.00723198
0.00725282
0.00728153
0.00731737
0.00735957
0.00740738
0.00746004
0.00751681
0.00757697
0.00763984
0.00770476
0.00777111
0.00783833
0.00790587
0.00797325
0.00804
0.00810572
0.00817002
0.00823258
0.00829308
0.00835125
0.00840688
0.00845974
0.00850968
0.00855655
0.00860025
0.00864069
0.00867782
0.00871161
0.00874208
0.00876925
0.00879318
0.00881394
0.00883165
0.00884643
0.00885842
0.0088678
0.00887474
0.00887943
0.0088821
0.00888294
0.00888219
0.00888006
0.00887677
0.00887255
0.00886761
0.00886215
0.00885635
0.00885039
0.00884442
0.00883859
0.008833
0.00882775
0.00882291
0.00881853
0.00881463
0.00881122
0.00880829
0.0088058
0.00880369
0.0088019
0.00880034
0.00879893
0.00879756
0.00879611
0.00879448
0.00879254
0.00879016
0.00878723
0.00878362
0.00877921
0.00877387
0.0087675
0.00875998
0.0087512
0.00874105
0.00872943
0.00871624
0.00870139
0.00868478
0.00866633
0.00864597
0.00862361
0.00859918
0.00857263
0.00854388
0.00851289
0.00847961
0.00844402
0.00840607
0.00836577
0.00832312
0.00827812
0.0082308
0.00818122
0.00812943
0.00807552
0.0080196
0.00796179
0.00790224
0.00784112
0.00777863
0.00771499
0.00765044
0.00758526
0.00751974
0.0074542
0.00738897
0.00732441
0.00726089
0.00719881
0.00713856
0.00708054
0.00702517
0.00697287
0.00692402
0.00687902
0.00683826
0.00680208
0.0067708
0.00674473
0.00672412
0.00670919
0.0067001
0.00669699
0.00669991
0.0067089
0.00672392
0.0067449
0.00677169
0.00680414
0.00684201
0.00688505
0.00693296
0.00698542
0.00704207
0.00710255
0.00716645
0.00723338
0.00730292
0.00737465
0.00744814
0.00752297
0.00759873
0.00767498
0.00775134
0.0078274
0.00790276
0.00797704
0.00804989
0.00812094
0.00818985
0.00825629
0.00831995
0.00838052
0.00843772
0.00849128
0.00854094
0.00858645
0.0086276
0.00866415
0.00869593
0.00872275
0.00874445
0.00876087
0.00877188
0.00877737
0.00877724
0.00877141
0.00875981
0.00874241
0.00871917
0.00869009
0.00865519
0.0086145
0.00856808
0.008516
0.00845838
0.00839532
0.008327
0.00825357
0.00817524
0.00809223
0.00800481
0.00791325
0.00781787
0.00771901
0.00761704
0.00751238
0.00740546
0.00729676
0.00718678
0.00707606
0.00696519
0.00685477
0.00674545
0.00663791
0.00653283
0.00643096
0.00633304
0.00623982
0.00615206
0.00607052
0.00599593
0.00592899
0.00587036
0.00582065
0.00578037
0.00574995
0.00572974
0.00571993
0.00572063
0.00573182
0.00575333
0.00578489
0.00582612
0.00587653
0.00593552
0.00600243
0.00607655
0.00615709
0.00624324
0.00633419
0.00642908
0.00652708
0.00662736
0.00672911
0.00683153
0.00693388
0.00703541
0.00713543
0.00723328
0.00732833
0.00742001
0.00750775
0.00759107
0.00766948
0.00774256
0.00780993
0.00787123
0.00792615
0.00797443
0.00801583
0.00805016
0.00807727
0.00809703
0.00810939
0.00811429
0.00811174
0.00810179
0.0080845
0.00806001
0.00802847
0.00799008
0.00794507
0.00789373
0.00783638
0.00777338
0.00770513
0.00763207
0.00755468
0.00747348
0.00738903
0.00730193
0.00721281
0.00712232
0.00703117
0.00694007
0.00684976
0.00676099
0.00667451
0.00659109
0.00651148
0.0064364
0.00636654
0.00630257
0.00624507
0.00619458
0.00615155
0.00611632
0.00608918
0.00607026
0.0060596
0.00605715
0.00606272
0.00607603
0.0060967
0.00612424
0.00615811
0.0061977
0.00624232
0.00629128
0.00634382
0.00639921
0.00645666
0.00651544
0.0065748
0.00663402
0.0066924
0.00674929
0.00680405
0.0068561
0.00690489
0.00694992
0.00699074
0.00702694
0.00705815
0.00708405
0.00710439
0.00711893
0.00712751
0.00713001
0.00712634
0.00711648
0.00710045
0.00707833
0.00705023
0.00701631
0.0069768
0.00693195
0.00688209
0.00682758
0.00676882
0.00670628
0.00664045
0.0065719
0.00650121
0.00642903
0.00635602
0.0062829
0.00621039
0.00613928
0.00607032
0.0060043
0.00594199
0.00588417
0.00583156
0.00578485
0.00574468
0.0057116
0.00568609
0.00566854
0.0056592
0.00565823
0.00566567
0.00568143
0.00570531
0.00573699
0.00577605
0.00582198
0.0058742
0.00593205
0.00599483
0.0060618
0.0061322
0.00620526
0.0062802
0.00635627
0.00643271
0.00650881
0.00658387
0.00665724
0.00672829
0.00679643
0.00686113
0.00692187
0.00697819
0.00702967
0.00707593
0.00711662
0.00715144
0.00718014
0.00720248
0.00721829
0.00722741
0.00722973
0.00722519
0.00721373
0.00719536
0.00717012
0.00713806
0.00709931
0.00705401
0.00700233
0.0069445
0.00688077
0.00681145
0.00673687
0.00665742
0.00657351
0.00648563
0.00639427
0.0063
0.00620342
0.00610517
0.00600595
0.00590648
0.00580754
0.00570992
0.00561446
0.00552201
0.00543343
0.00534958
0.0052713
0.00519941
0.00513467
0.00507779
0.00502938
0.00498995
0.0049599
0.00493949
0.00492884
0.00492793
0.0049366
0.00495453
0.0049813
0.00501636
0.00505907
0.00510872
0.00516453
0.00522568
0.00529136
0.00536071
0.00543292
0.00550719
0.00558273
0.0056588
0.00573472
0.00580983
0.00588353
0.00595526
0.00602452
0.00609086
0.00615386
0.00621317
0.00626846
0.00631946
0.00636594
0.0064077
0.00644458
0.00647647
0.00650328
0.00652496
0.00654148
0.00655286
0.00655913
0.00656037
0.00655667
0.00654816
0.00653499
0.00651735
0.00649544
0.00646948
0.00643975
0.00640651
0.00637008
0.00633078
0.00628895
0.00624496
0.00619919
0.00615204
0.00610392
0.00605523
0.00600641
0.00595787
0.00591003
0.00586329
0.00581806
0.00577471
0.00573359
0.00569502
0.0056593
0.00562666
0.00559732
0.00557143
0.0055491
0.00553038
0.00551529
0.00550377
0.00549573
0.00549102
0.00548946
0.00549081
0.00549483
0.00550121
0.00550965
0.00551982
0.00553137
0.00554396
0.00555724
0.00557087
0.00558453
0.00559788
0.00561063
0.00562249
0.00563321
0.00564254
0.00565028
0.00565623
0.00566024
0.00566216
0.00566191
0.00565938
0.00565454
0.00564734
0.0056378
0.00562591
0.00561174
0.00559534
0.0055768
0.00555623
0.00553376
0.00550953
0.00548372
0.0054565
0.00542808
0.00539868
0.00536852
0.00533786
0.00530696
0.00527608
0.00524552
0.00521555
0.00518648
0.00515861
0.00513223
0.00510764
0.00508514
0.005065
0.0050475
0.00503288
0.00502137
0.00501317
0.00500847
0.00500738
0.00501003
0.00501647
0.00502672
0.00504077
0.00505856
0.00508
0.00510493
0.00513318
0.00516456
0.0051988
0.00523565
0.00527482
0.00531599
0.00535885
0.00540304
0.00544825
0.00549411
0.00554028
0.00558644
0.00563223
0.00567735
0.00572147
0.00576429
0.00580553
0.00584492
0.0058822
0.00591713
0.00594949
0.00597907
0.00600568
0.00602915
0.00604931
0.00606604
0.0060792
0.00608868
0.00609438
0.00609622
0.00609412
0.00608804
0.00607792
0.00606374
0.00604548
0.00602312
0.00599669
0.0059662
0.00593168
0.0058932
0.00585081
0.00580459
0.00575464
0.00570107
0.00564403
0.00558365
0.00552011
0.0054536
0.00538434
0.00531254
0.00523848
0.00516242
0.00508467
0.00500556
0.00492544
0.00484467
0.00476367
0.00468284
0.00460262
0.0045235
0.00444593
0.00437043
0.0042975
0.00422767
0.00416144
0.00409935
0.0040419
0.00398958
0.00394286
0.00390216
0.00386788
0.00384033
0.0038198
0.00380649
0.00380052
0.00380194
0.00381073
0.0038268
0.00384997
0.00388001
0.00391662
0.00395945
0.00400812
0.00406221
0.00412128
0.00418486
0.00425249
0.0043237
0.00439802
0.00447497
0.0045541
0.00463498
0.00471715
0.00480021
0.00488375
0.00496737
0.0050507
0.00513337
0.00521503
0.00529535
0.00537401
0.00545068
0.00552509
0.00559695
0.00566597
0.00573192
0.00579455
0.00585361
0.0059089
0.00596022
0.00600736
0.00605015
0.00608842
0.00612202
0.00615081
0.00617466
0.00619345
0.00620708
0.00621545
0.00621848
0.00621609
0.00620823
0.00619485
0.00617591
0.00615138
0.00612125
0.00608553
0.00604424
0.00599741
0.0059451
0.00588738
0.00582434
0.0057561
0.00568278
0.00560453
0.00552153
0.00543397
0.00534207
0.00524605
0.00514617
0.0050427
0.00493595
0.00482623
0.00471388
0.00459929
0.00448283
0.00436494
0.00424608
0.00412673
0.00400744
0.00388878
0.00377137
0.0036559
0.00354309
0.00343374
0.0033287
0.00322887
0.00313522
0.00304875
0.00297047
0.0029014
0.00284252
0.00279472
0.00275879
0.00273532
0.00272472
0.00272716
0.00274254
0.00277056
0.00281066
0.00286213
0.00292408
0.00299557
0.00307557
0.00316305
0.00325698
0.00335639
0.00346032
0.00356791
0.00367833
0.00379082
0.00390467
0.00401925
0.00413395
0.00424823
0.00436159
0.00447355
0.0045837
0.00469163
0.00479699
0.00489944
0.00499867
0.00509441
0.00518638
0.00527438
0.00535817
0.00543757
0.00551242
0.00558257
0.00564789
0.00570827
0.00576362
0.00581387
0.00585895
0.00589884
0.00593348
0.00596288
0.00598701
0.00600587
0.00601948
0.00602782
0.00603091
0.00602876
0.00602137
0.00600877
0.00599096
0.00596797
0.00593984
0.00590659
0.0058683
0.00582504
0.0057769
0.00572399
0.00566645
0.00560441
0.00553807
0.00546762
0.00539326
0.00531522
0.00523376
0.00514912
0.00506157
0.00497139
0.00487885
0.00478422
0.00468781
0.00458988
0.00449072
0.00439062
0.00428987
0.00418877
0.00408762
0.00398672
0.00388642
0.00378704
0.00368895
0.00359254
0.00349823
0.00340645
0.00331768
0.00323241
0.00315119
0.00307454
0.00300303
0.00293723
0.00287769
0.00282495
0.0027795
0.00274179
0.00271218
0.00269097
0.00267835
0.00267442
0.00267917
0.00269248
0.00271418
0.00274396
0.00278148
0.00282634
0.00287808
0.00293623
0.00300029
0.00306974
0.00314409
0.00322281
0.00330541
0.00339139
0.00348027
0.00357158
0.00366487
0.00375969
0.00385563
0.00395228
0.00404925
0.00414617
0.0042427
0.00433851
0.00443329
0.00452674
0.00461859
0.00470859
0.00479648
0.00488206
0.00496509
0.00504539
0.00512276
0.00519702
0.00526799
0.00533552
0.00539945
0.00545962
0.00551589
0.00556812
0.00561615
0.00565987
0.00569914
0.00573382
0.00576378
0.0057889
0.00580903
0.00582405
0.00583379
0.00583811
0.00583684
0.00582982
0.00581688
0.00579789
0.0057727
0.00574122
0.00570338
0.00565915
0.00560855
0.00555164
0.0054885
0.00541925
0.00534406
0.00526311
0.0051766
0.00508473
0.00498772
0.0048858
0.00477919
0.00466809
0.00455273
0.00443332
0.00431007
0.00418319
0.00405291
0.00391946
0.0037831
0.00364409
0.00350276
0.00335945
0.00321456
0.00306859
0.00292209
0.00277574
0.00263034
0.00248685
0.00234645
0.00221054
0.00208077
0.00195915
0.00184798
0.00174986
0.0016676
0.00160399
0.0015615
0.0015419
0.00154593
0.00157311
0.00162187
0.00168984
0.00177427
0.00187235
0.00198145
0.00209927
0.00222386
0.00235358
0.0024871
0.00262331
0.00276131
0.00290034
0.00303976
0.00317898
0.00331753
0.00345492
0.00359075
0.00372461
0.00385611
0.00398488
0.00411058
0.00423284
0.00435136
0.0044658
0.00457588
0.00468132
0.00478187
0.00487728
0.00496736
0.00505193
0.00513083
0.00520393
0.00527116
0.00533244
0.00538775
0.00543709
0.0054805
0.00551805
0.00554981
0.00557589
0.00559638
0.00561137
0.00562086
0.00562482
0.00562314
0.00561564
0.00560214
0.00558245
0.00555636
0.00552368
0.00548424
0.0054379
0.00538457
0.00532428
0.00525711
0.00518326
0.00510303
0.00501681
0.00492506
0.00482833
0.0047272
0.00462231
0.0045143
0.00440383
0.00429155
0.00417811
0.0040641
0.00395011
0.00383667
0.00372427
0.00361337
0.00350437
0.00339767
0.00329364
0.00319264
0.00309504
0.00300124
0.00291163
0.00282669
0.00274692
0.00267287
0.00260515
0.00254438
0.0024912
0.00244619
0.00240987
0.00238262
0.00236466
0.00235602
0.00235652
0.00236581
0.00238335
0.0024085
0.00244053
0.0024787
0.00252225
0.00257051
0.00262287
0.00267879
0.00273784
0.00279964
0.00286391
0.00293041
0.00299894
0.0030693
0.0031413
0.00321473
0.00328936
0.00336492
0.00344109
0.00351755
0.00359392
0.00366983
0.00374486
0.00381865
0.0038908
0.00396097
0.00402884
0.00409413
0.0041566
0.00421606
0.00427237
0.00432543
0.00437518
0.00442161
0.00446475
0.00450463
0.00454135
0.00457498
0.00460565
0.00463345
0.00465849
0.00468088
0.0047007
0.00471801
0.00473285
0.00474523
0.00475515
0.00476256
0.00476739
0.00476956
0.00476897
0.00476551
0.00475907
0.00474955
0.00473685
0.0047209
0.00470165
0.00467906
0.00465315
0.00462393
0.00459147
0.00455585
0.00451718
0.00447557
0.00443115
0.00438406
0.00433444
0.00428243
0.00422816
0.00417174
0.00411329
0.00405291
0.00399068
0.00392669
0.003861
0.0037937
0.00372487
0.00365459
0.00358297
0.00351014
0.00343625
0.0033615
0.00328612
0.00321038
0.0031346
0.00305917
0.0029845
0.00291107
0.00283942
0.00277011
0.00270375
0.00264099
0.00258247
0.00252885
0.00248079
0.00243889
0.00240371
0.00237574
0.00235536
0.00234288
0.00233844
0.00234211
0.00235381
0.00237334
0.0024004
0.00243461
0.00247552
0.00252262
0.00257534
0.00263313
0.00269541
0.00276158
0.00283107
0.00290333
0.00297781
0.00305398
0.00313136
0.00320945
0.00328781
0.00336602
0.00344367
0.00352038
0.00359581
0.00366964
0.00374156
0.0038113
0.00387861
0.00394326
0.00400506
0.00406382
0.00411937
0.00417159
0.00422036
0.00426556
0.00430712
0.00434497
0.00437906
0.00440934
0.00443578
0.00445836
0.00447707
0.00449191
0.00450286
0.00450994
0.00451316
0.00451253
0.00450807
0.00449981
0.00448777
0.004472
0.00445255
0.00442948
0.00440287
0.00437281
0.0043394
0.00430277
0.00426305
0.0042204
0.00417497
0.00412695
0.00407652
0.00402389
0.00396925
0.00391282
0.00385481
0.00379543
0.00373491
0.00367346
0.0036113
0.00354866
0.00348575
0.00342279
0.00336001
0.00329765
0.00323593
0.00317511
0.00311542
0.00305713
0.00300051
0.00294583
0.00289337
0.00284342
0.00279628
0.00275222
0.00271154
0.00267452
0.00264141
0.00261245
0.00258785
0.0025678
0.00255244
0.00254187
0.00253617
0.00253535
0.00253939
0.00254824
0.00256181
0.00257995
0.00260252
0.00262932
0.00266014
0.00269476
0.00273292
0.00277437
0.00281881
0.00286598
0.00291556
0.00296725
0.00302074
0.00307571
0.00313184
0.0031888
0.00324628
0.00330396
0.00336151
0.00341864
0.00347505
0.00353045
0.00358457
0.00363716
0.00368797
0.00373679
0.0037834
0.00382763
0.00386931
0.00390829
0.00394445
0.00397766
0.00400785
0.00403493
0.00405884
0.00407954
0.00409699
0.00411116
0.00412204
0.00412962
0.00413393
0.00413495
0.00413273
0.00412729
0.00411866
0.0041069
0.00409206
0.00407421
0.00405343
0.00402981
0.00400346
0.00397448
0.00394302
0.0039092
0.00387319
0.00383514
0.00379523
0.00375364
0.00371054
0.00366613
0.0036206
0.00357414
0.00352693
0.00347915
0.003431
0.00338265
0.00333426
0.003286
0.00323803
0.00319052
0.0031436
0.00309744
0.00305218
0.00300798
0.00296499
0.00292336
0.00288325
0.00284481
0.00280822
0.00277363
0.00274122
0.00271113
0.00268353
0.00265857
0.00263639
0.00261712
0.00260086
0.00258772
0.00257777
0.00257105
0.00256759
0.00256741
0.00257048
0.00257675
0.00258617
0.00259864
0.00261408
0.00263234
0.00265332
0.00267684
0.00270277
0.00273092
0.00276112
0.00279318
0.00282693
0.00286215
0.00289865
0.00293623
0.00297469
0.00301383
0.00305344
0.00309332
0.00313327
0.00317312
0.00321266
0.00325172
0.00329013
0.00332772
0.00336434
0.00339985
0.0034341
0.00346697
0.00349835
0.00352813
0.0035562
0.0035825
0.00360692
0.00362941
0.00364991
0.00366835
0.00368469
0.00369889
0.00371092
0.00372074
0.00372834
0.00373369
0.00373679
0.00373764
0.00373623
0.00373257
0.00372667
0.00371856
0.00370827
0.00369583
0.00368129
0.0036647
0.00364613
0.00362563
0.0036033
0.00357921
0.00355346
0.00352613
0.00349735
0.00346719
0.00343579
0.00340324
0.00336965
0.00333514
0.0032998
0.00326376
0.00322711
0.00318995
0.00315238
0.00311451
0.00307642
0.00303821
0.00299998
0.00296182
0.00292383
0.0028861
0.00284873
0.00281184
0.00277552
0.0027399
0.00270509
0.00267122
0.00263842
0.00260682
0.00257657
0.00254779
0.00252065
0.00249529
0.00247184
0.00245047
0.00243131
0.00241451
0.00240018
0.00238847
0.00237947
0.0023733
0.00237004
0.00236976
0.00237252
0.00237836
0.00238728
0.00239929
0.00241435
0.00243241
0.0024534
0.00247722
0.00250375
0.00253286
0.00256439
0.00259816
0.00263398
0.00267164
0.00271094
0.00275165
0.00279354
0.00283637
0.00287991
0.00292392
0.00296817
0.0030124
0.00305645
0.00310005
0.00314296
0.00318499
0.00322596
0.00326568
0.00330397
0.00334067
0.00337561
0.00340863
0.00343959
0.00346834
0.00349477
0.00351876
0.00354021
0.00355903
0.00357515
0.00358849
0.00359901
0.00360667
0.00361144
0.00361332
0.0036123
0.00360839
0.00360162
0.00359201
0.00357961
0.00356446
0.00354663
0.00352617
0.00350317
0.00347771
0.00344987
0.00341976
0.00338748
0.00335314
0.00331685
0.00327876
0.00323899
0.00319768
0.00315498
0.00311104
0.00306603
0.00302011
0.00297346
0.00292624
0.00287864
0.00283086
0.00278309
0.00273551
0.00268834
0.00264179
0.00259605
0.00255135
0.00250791
0.00246592
0.00242562
0.00238722
0.00235092
0.00231694
0.00228547
0.00225669
0.00223079
0.00220792
0.00218822
0.00217181
0.00215878
0.00214921
0.00214312
0.00214053
0.00214143
0.00214576
0.00215344
0.00216439
0.00217846
0.00219552
0.0022154
0.00223791
0.00226287
0.00229008
0.00231932
0.00235039
0.00238308
0.00241716
0.00245244
0.0024887
0.00252574
0.00256336
0.00260138
0.0026396
0.00267786
0.00271598
0.00275379
0.00279115
0.00282789
0.00286389
0.002899
0.00293309
0.00296606
0.00299778
0.00302815
0.00305707
0.00308447
0.00311024
0.00313433
0.00315667
0.00317719
0.00319586
0.00321262
0.00322746
0.00324034
0.00325125
0.00326019
0.00326715
0.00327214
0.00327517
0.00327629
0.0032755
0.00327286
0.00326841
0.00326219
0.00325428
0.00324472
0.00323358
0.00322095
0.00320689
0.00319149
0.00317482
0.00315697
0.00313802
0.00311807
0.0030972
0.00307549
0.00305304
0.00302992
0.00300622
0.00298202
0.00295739
0.00293241
0.00290715
0.00288168
0.00285604
0.00283032
0.00280454
0.00277877
0.00275304
0.0027274
0.00270189
0.00267653
0.00265135
0.00262639
0.00260167
0.00257722
0.00255306
0.00252921
0.00250571
0.00248258
0.00245985
0.00243755
0.00241574
0.00239444
0.0023737
0.00235358
0.00233414
0.00231544
0.00229756
0.00228056
0.00226452
0.00224954
0.0022357
0.00222309
0.00221181
0.00220195
0.00219361
0.00218686
0.00218181
0.00217853
0.00217708
0.00217753
0.00217994
0.00218433
0.00219074
0.00219916
0.00220959
0.00222201
0.00223637
0.00225263
0.0022707
0.0022905
0.00231193
0.00233488
0.00235923
0.00238484
0.00241158
0.00243929
0.00246783
0.00249705
0.00252678
0.00255688
0.0025872
0.00261757
0.00264785
0.0026779
0.00270758
0.00273674
0.00276527
0.00279304
0.00281994
0.00284585
0.00287069
0.00289434
0.00291674
0.0029378
0.00295745
0.00297564
0.0029923
0.00300739
0.00302088
0.00303272
0.0030429
0.00305139
0.00305819
0.00306329
0.00306668
0.00306839
0.0030684
0.00306675
0.00306345
0.00305853
0.00305201
0.00304393
0.00303432
0.00302322
0.00301068
0.00299673
0.00298142
0.00296481
0.00294693
0.00292784
0.00290759
0.00288623
0.00286382
0.00284042
0.00281608
0.00279085
0.0027648
0.00273798
0.00271046
0.0026823
0.00265356
0.00262431
0.00259462
0.00256455
0.00253419
0.0025036
0.00247286
0.00244205
0.00241127
0.0023806
0.00235012
0.00231995
0.00229017
0.00226089
0.00223223
0.00220429
0.00217719
0.00215104
0.00212597
0.0021021
0.00207954
0.00205843
0.00203887
0.00202098
0.00200488
0.00199066
0.00197841
0.00196823
0.00196019
0.00195433
0.00195072
0.00194937
0.00195029
0.0019535
0.00195895
0.00196662
0.00197645
0.00198837
0.00200231
0.00201815
0.0020358
0.00205515
0.00207606
0.00209841
0.00212207
0.0021469
0.00217276
0.00219952
0.00222703
0.00225517
0.0022838
0.00231279
0.00234203
0.00237138
0.00240074
0.00242999
0.00245904
0.00248778
0.00251612
0.00254397
0.00257125
0.00259788
0.00262379
0.00264891
0.00267318
0.00269654
0.00271893
0.00274031
0.00276063
0.00277984
0.0027979
0.00281479
0.00283045
0.00284487
0.002858
0.00286983
0.00288034
0.00288948
0.00289725
0.00290363
0.00290859
0.00291212
0.0029142
0.00291482
0.00291397
0.00291163
0.00290779
0.00290245
0.00289559
0.00288721
0.00287731
0.00286588
0.00285293
0.00283845
0.00282244
0.00280492
0.0027859
0.00276538
0.00274338
0.00271993
0.00269504
0.00266874
0.00264107
0.00261205
0.00258174
0.00255018
0.00251742
0.00248352
0.00244855
0.00241259
0.00237572
0.00233802
0.00229959
0.00226055
0.002221
0.00218109
0.00214095
0.00210072
0.00206057
0.00202067
0.00198122
0.0019424
0.00190443
0.00186753
0.00183193
0.00179787
0.0017656
0.00173537
0.00170744
0.00168206
0.00165946
0.00163988
0.00162353
0.0016106
0.00160124
0.00159557
0.00159368
0.0015956
0.00160133
0.00161081
0.00162397
0.00164066
0.00166074
0.00168399
0.00171021
0.00173918
0.00177063
0.00180433
0.00184001
0.00187742
0.00191633
0.00195647
0.00199762
0.00203955
0.00208205
0.00212492
0.00216795
0.00221096
0.00225378
0.00229626
0.00233822
0.00237953
0.00242006
0.00245968
0.00249826
0.00253569
0.00257187
0.00260671
0.0026401
0.00267197
0.00270223
0.0027308
0.00275762
0.00278263
0.00280576
0.00282695
0.00284616
0.00286334
0.00287844
0.00289143
0.00290227
0.00291093
0.00291739
0.00292161
0.00292358
0.00292328
0.00292071
0.00291584
0.00290868
0.00289922
0.00288747
0.00287344
0.00285712
0.00283854
0.00281771
0.00279466
0.00276941
0.00274199
0.00271244
0.0026808
0.00264711
0.00261142
0.0025738
0.00253429
0.00249298
0.00244992
0.00240521
0.00235894
0.0023112
0.0022621
0.00221175
0.00216028
0.00210783
0.00205456
0.00200062
0.0019462
0.0018915
0.00183674
0.00178215
0.00172801
0.00167459
0.00162222
0.00157124
0.00152203
0.00147499
0.00143056
0.0013892
0.00135137
0.00131758
0.00128828
0.00126394
0.00124497
0.00123169
0.00122436
0.00122313
0.00122802
0.00123894
0.00125569
0.00127797
0.0013054
0.00133754
0.00137392
0.00141406
0.00145748
0.00150369
0.00155225
0.00160273
0.00165474
0.00170791
0.00176189
0.00181638
0.00187109
0.00192577
0.00198017
0.00203407
0.00208728
0.0021396
0.00219088
0.00224094
0.00228966
0.00233689
0.00238252
0.00242643
0.00246852
0.00250869
0.00254686
0.00258294
0.00261686
0.00264856
0.00267798
0.00270505
0.00272974
0.00275199
0.00277178
0.00278906
0.00280381
0.00281601
0.00282565
0.0028327
0.00283716
0.00283903
0.00283831
0.002835
0.00282912
0.00282067
0.00280968
0.00279618
0.00278018
0.00276172
0.00274084
0.00271757
0.00269196
0.00266407
0.00263393
0.00260162
0.00256719
0.00253072
0.00249227
0.00245192
0.00240975
0.00236586
0.00232033
0.00227328
0.00222481
0.00217504
0.00212408
0.00207209
0.00201919
0.00196556
0.00191135
0.00185675
0.00180196
0.0017472
0.0016927
0.00163873
0.00158555
0.0015335
0.00148288
0.00143409
0.00138749
0.00134352
0.00130262
0.00126525
0.00123187
0.00120295
0.00117891
0.00116014
0.00114696
0.0011396
0.00113817
0.00114268
0.00115302
0.00116897
0.0011902
0.00121633
0.00124693
0.00128151
0.00131962
0.00136077
0.00140451
0.00145041
0.00149806
0.00154709
0.00159715
0.00164793
0.00169913
0.00175051
0.00180181
0.00185282
0.00190334
0.00195318
0.00200218
0.00205019
0.00209707
0.00214268
0.0021869
0.00222963
0.00227077
0.00231022
0.00234789
0.00238371
0.00241761
0.00244951
0.00247936
0.0025071
0.00253269
0.00255607
0.00257722
0.00259609
0.00261265
0.00262688
0.00263876
0.00264827
0.00265539
0.00266012
0.00266246
0.0026624
0.00265995
0.00265511
0.00264789
0.00263832
0.0026264
0.00261217
0.00259564
0.00257686
0.00255585
0.00253264
0.0025073
0.00247985
0.00245036
0.00241887
0.00238545
0.00235016
0.00231307
0.00227426
0.0022338
0.00219178
0.0021483
0.00210345
0.00205734
0.00201009
0.00196181
0.00191265
0.00186276
0.00181228
0.00176139
0.00171028
0.00165915
0.00160823
0.00155777
0.00150802
0.0014593
0.00141191
0.0013662
0.00132256
0.00128139
0.00124311
0.00120818
0.00117703
0.00115011
0.00112784
0.0011106
0.0010987
0.00109235
0.00109167
0.00109667
0.00110725
0.0011232
0.00114421
0.00116993
0.00119992
0.00123374
0.00127094
0.00131105
0.00135365
0.00139831
0.00144465
0.00149229
0.00154092
0.0015902
0.00163988
0.00168968
0.00173937
0.00178874
0.00183757
0.0018857
0.00193296
0.00197918
0.00202423
0.00206797
0.00211028
0.00215105
0.00219017
0.00222755
0.00226309
0.00229672
0.00232835
0.00235792
0.00238537
0.00241064
0.00243366
0.00245441
0.00247283
0.00248889
0.00250256
0.00251381
0.00252262
0.00252897
0.00253285
0.00253426
0.00253319
0.00252965
0.00252363
0.00251517
0.00250426
0.00249093
0.00247521
0.00245713
0.00243672
0.00241402
0.00238908
0.00236194
0.00233267
0.00230132
0.00226795
0.00223263
0.00219545
0.00215648
0.0021158
0.00207352
0.00202974
0.00198456
0.0019381
0.00189048
0.00184185
0.00179235
0.00174213
0.00169137
0.00164026
0.001589
0.00153781
0.00148694
0.00143665
0.00138725
0.00133904
0.00129238
0.00124766
0.00120528
0.00116568
0.00112934
0.00109671
0.00106828
0.00104449
0.00102576
0.00101243
0.00100475
0.00100285
0.00100676
0.00101636
0.00103143
0.00105164
0.00107659
0.00110582
0.00113887
0.00117524
0.00121446
0.00125607
0.00129966
0.00134482
0.0013912
0.00143847
0.00148631
0.00153447
0.00158269
0.00163076
0.00167846
0.00172562
0.00177207
0.00181764
0.00186221
0.00190565
0.00194783
0.00198865
0.002028
0.00206581
0.00210197
0.00213642
0.00216909
0.0021999
0.00222881
0.00225574
0.00228067
0.00230353
0.0023243
0.00234293
0.0023594
0.00237369
0.00238575
0.00239559
0.00240318
0.00240852
0.0024116
0.00241241
0.00241096
0.00240726
0.0024013
0.00239311
0.0023827
0.00237009
0.0023553
0.00233836
0.0023193
0.00229816
0.00227497
0.00224978
0.00222263
0.00219357
0.00216266
0.00212995
0.00209551
0.0020594
0.0020217
0.00198248
0.00194183
0.00189984
0.00185659
0.0018122
0.00176676
0.00172041
0.00167326
0.00162546
0.00157716
0.00152852
0.00147971
0.00143094
0.00138243
0.0013344
0.00128712
0.00124089
0.00119602
0.00115285
0.00111178
0.00107322
0.00103759
0.00100537
0.000977008
0.00095297
0.000933679
0.000919499
0.000910717
0.000907509
0.000909934
0.000917919
0.000931275
0.000949704
0.000972828
0.00100021
0.0010314
0.00106591
0.00110328
0.00114308
0.00118487
0.0012283
0.00127299
0.00131864
0.00136495
0.00141166
0.00145855
0.00150539
0.00155198
0.00159817
0.00164378
0.00168867
0.0017327
0.00177576
0.00181772
0.00185849
0.00189797
0.00193607
0.0019727
0.00200779
0.00204127
0.00207307
0.00210313
0.0021314
0.00215782
0.00218234
0.00220493
0.00222555
0.00224415
0.00226071
0.0022752
0.00228759
0.00229786
0.00230601
0.002312
0.00231584
0.00231751
0.00231701
0.00231434
0.00230951
0.00230251
0.00229337
0.00228209
0.00226868
0.00225318
0.0022356
0.00221596
0.0021943
0.00217066
0.00214506
0.00211754
0.00208816
0.00205696
0.00202398
0.00198929
0.00195295
0.00191501
0.00187555
0.00183463
0.00179235
0.00174877
0.001704
0.00165813
0.00161126
0.00156351
0.00151499
0.00146586
0.00141625
0.00136632
0.00131626
0.00126627
0.00121656
0.00116739
0.00111903
0.00107181
0.00102607
0.000982217
0.000940696
0.000901998
0.000866655
0.000835232
0.000808304
0.000786431
0.000770117
0.000759769
0.000755653
0.000757865
0.000766321
0.000780761
0.000800782
0.000825879
0.000855486
0.000889018
0.000925899
0.000965585
0.00100758
0.00105141
0.0010967
0.00114306
0.00119018
0.00123779
0.00128562
0.00133346
0.00138111
0.00142839
0.00147514
0.00152123
0.00156651
0.00161087
0.0016542
0.00169641
0.0017374
0.00177708
0.00181539
0.00185224
0.00188758
0.00192133
0.00195345
0.00198388
0.00201257
0.00203947
0.00206456
0.00208778
0.00210911
0.00212851
0.00214595
0.00216142
0.00217489
0.00218635
0.00219577
0.00220315
0.00220848
0.00221174
0.00221295
0.00221209
0.00220917
0.0022042
0.00219719
0.00218813
0.00217706
0.00216399
0.00214893
0.00213192
0.00211296
0.00209211
0.00206938
0.00204482
0.00201845
0.00199033
0.0019605
0.001929
0.00189589
0.00186122
0.00182505
0.00178745
0.00174848
0.00170822
0.00166674
0.00162413
0.00158048
0.00153588
0.00149044
0.00144427
0.00139749
0.00135024
0.00130266
0.00125492
0.0012072
0.00115969
0.00111262
0.00106625
0.00102085
0.000976749
0.000934302
0.000893912
0.000856027
0.000821134
0.000789757
0.00076244
0.00073972
0.000722097
0.000709995
0.000703715
0.000703405
0.000709041
0.000720428
0.00073722
0.000758963
0.000785128
0.00081516
0.000848505
0.000884633
0.000923055
0.000963325
0.00100505
0.00104786
0.00109147
0.00113558
0.00117996
0.00122439
0.00126868
0.00131267
0.0013562
0.00139913
0.00144135
0.00148274
0.0015232
0.00156265
0.00160099
0.00163815
0.00167406
0.00170866
0.00174189
0.00177369
0.00180401
0.00183281
0.00186005
0.00188568
0.00190968
0.00193201
0.00195264
0.00197155
0.00198872
0.00200412
0.00201775
0.00202959
0.00203963
0.00204785
0.00205427
0.00205886
0.00206164
0.00206261
0.00206176
0.00205912
0.00205468
0.00204847
0.0020405
0.00203078
0.00201933
0.00200619
0.00199137
0.0019749
0.00195682
0.00193715
0.00191594
0.00189322
0.00186903
0.00184342
0.00181644
0.00178813
0.00175856
0.00172777
0.00169584
0.00166282
0.00162879
0.00159382
0.00155798
0.00152137
0.00148408
0.00144619
0.00140782
0.00136907
0.00133007
0.00129095
0.00125185
0.00121292
0.00117433
0.00113627
0.00109892
0.00106252
0.00102729
0.00099348
0.000961369
0.000931243
0.000903402
0.000878154
0.000855809
0.000836663
0.000820993
0.000809035
0.000800976
0.000796937
0.000796968
0.000801038
0.000809044
0.000820811
0.000836109
0.000854664
0.000876175
0.000900324
0.000926791
0.000955263
0.00098544
0.00101704
0.00104979
0.00108346
0.00111781
0.00115265
0.00118779
0.00122306
0.0012583
0.00129337
0.00132815
0.00136251
0.00139636
0.0014296
0.00146213
0.00149387
0.00152475
0.00155469
0.00158364
0.00161153
0.00163831
0.00166394
0.00168835
0.00171152
0.0017334
0.00175396
0.00177317
0.00179099
0.00180741
0.00182239
0.00183593
0.00184799
0.00185857
0.00186766
0.00187524
0.00188131
0.00188587
0.00188891
0.00189043
0.00189043
0.00188893
0.00188593
0.00188144
0.00187547
0.00186805
0.00185918
0.00184888
0.00183719
0.00182413
0.00180972
0.001794
0.001777
0.00175876
0.00173932
0.00171872
0.00169701
0.00167423
0.00165044
0.00162569
0.00160005
0.00157357
0.00154633
0.0015184
0.00148985
0.00146076
0.00143123
0.00140133
0.00137117
0.00134086
0.0013105
0.0012802
0.0012501
0.00122032
0.001191
0.00116229
0.00113434
0.00110731
0.00108137
0.00105668
0.00103344
0.0010118
0.000991948
0.000974051
0.000958271
0.000944752
0.000933625
0.000924995
0.00091894
0.00091551
0.00091472
0.000916553
0.000920958
0.000927853
0.000937131
0.000948656
0.000962278
0.00097783
0.000995137
0.00101402
0.00103429
0.00105578
0.0010783
0.00110169
0.00112578
0.00115043
0.00117548
0.0012008
0.00122626
0.00125175
0.00127716
0.00130238
0.00132731
0.00135188
0.00137599
0.00139959
0.00142258
0.00144493
0.00146656
0.00148742
0.00150747
0.00152666
0.00154495
0.00156231
0.00157869
0.00159408
0.00160845
0.00162177
0.00163402
0.00164519
0.00165527
0.00166423
0.00167208
0.00167881
0.00168441
0.00168888
0.00169222
0.00169444
0.00169555
0.00169554
0.00169443
0.00169224
0.00168897
0.00168464
0.00167928
0.0016729
0.00166552
0.00165717
0.00164788
0.00163768
0.00162658
0.00161464
0.00160188
0.00158834
0.00157406
0.00155908
0.00154344
0.00152719
0.00151038
0.00149305
0.00147525
0.00145705
0.00143849
0.00141964
0.00140054
0.00138128
0.00136191
0.00134249
0.0013231
0.00130381
0.00128468
0.0012658
0.00124724
0.00122907
0.00121137
0.00119422
0.0011777
0.00116188
0.00114685
0.00113266
0.0011194
0.00110713
0.00109591
0.00108581
0.00107687
0.00106914
0.00106265
0.00105744
0.00105352
0.0010509
0.00104959
0.00104957
0.00105082
0.00105332
0.00105704
0.00106192
0.00106792
0.00107497
0.00108303
0.00109201
0.00110185
0.00111248
0.00112382
0.00113579
0.00114833
0.00116136
0.0011748
0.00118858
0.00120264
0.0012169
0.0012313
0.00124577
0.00126025
0.0012747
0.00128904
0.00130323
0.00131723
0.00133098
0.00134444
0.00135756
0.00137032
0.00138267
0.00139458
0.00140601
0.00141695
0.00142736
0.00143722
0.00144651
0.0014552
0.00146327
0.00147072
0.00147753
0.00148368
0.00148917
0.00149398
0.00149811
0.00150155
0.0015043
0.00150635
0.00150771
0.00150838
0.00150836
0.00150765
0.00150627
0.00150421
0.00150149
0.00149811
0.0014941
0.00148945
0.00148419
0.00147834
0.00147191
0.00146491
0.00145738
0.00144933
0.00144078
0.00143177
0.00142231
0.00141243
0.00140217
0.00139155
0.00138061
0.00136937
0.00135787
0.00134614
0.00133423
0.00132217
0.00131
0.00129775
0.00128547
0.0012732
0.00126098
0.00124886
0.00123687
0.00122506
0.00121347
0.00120215
0.00119115
0.00118049
0.00117023
0.0011604
0.00115105
0.00114221
0.00113393
0.00112623
0.00111914
0.0011127
0.00110694
0.00110186
0.00109751
0.00109388
0.00109099
0.00108884
0.00108745
0.00108681
0.00108692
0.00108776
0.00108932
0.00109159
0.00109454
0.00109816
0.00110241
0.00110726
0.00111269
0.00111865
0.00112512
0.00113205
0.0011394
0.00114714
0.00115522
0.0011636
0.00117225
0.00118112
0.00119017
0.00119936
0.00120865
0.001218
0.00122737
0.00123673
0.00124605
0.00125528
0.00126439
0.00127336
0.00128214
0.00129072
0.00129905
0.00130713
0.00131491
0.00132237
0.0013295
0.00133627
0.00134266
0.00134865
0.00135422
0.00135936
0.00136405
0.00136828
0.00137204
0.00137531
0.00137809
0.00138036
0.00138212
0.00138337
0.0013841
0.0013843
0.00138398
0.00138313
0.00138175
0.00137985
0.00137742
0.00137448
0.00137103
0.00136708
0.00136263
0.00135769
0.00135228
0.0013464
0.00134008
0.00133333
0.00132615
0.00131858
0.00131064
0.00130233
0.00129369
0.00128473
0.0012755
0.001266
0.00125627
0.00124633
0.00123623
0.00122599
0.00121565
0.00120523
0.00119478
0.00118434
0.00117394
0.00116362
0.00115342
0.00114339
0.00113356
0.00112398
0.00111469
0.00110573
0.00109714
0.00108897
0.00108125
0.00107402
0.00106732
0.00106119
0.00105565
0.00105074
0.00104649
0.00104291
0.00104003
0.00103787
0.00103643
0.00103573
0.00103577
0.00103654
0.00103805
0.00104027
0.0010432
0.00104682
0.00105111
0.00105604
0.00106158
0.00106769
0.00107435
0.00108151
0.00108914
0.00109719
0.00110562
0.00111439
0.00112345
0.00113275
0.00114226
0.00115192
0.0011617
0.00117154
0.0011814
0.00119124
0.00120102
0.00121069
0.00122022
0.00122956
0.00123869
0.00124756
0.00125613
0.00126438
0.00127227
0.00127978
0.00128687
0.00129352
0.0012997
0.00130538
0.00131055
0.00131519
0.00131927
0.00132278
0.0013257
0.00132801
0.00132972
0.0013308
0.00133124
0.00133104
0.0013302
0.0013287
0.00132656
0.00132375
0.0013203
0.0013162
0.00131146
0.00130608
0.00130007
0.00129345
0.00128623
0.00127842
0.00127004
0.00126111
0.00125165
0.00124169
0.00123124
0.00122035
0.00120904
0.00119733
0.00118528
0.00117291
0.00116027
0.0011474
0.00113435
0.00112116
0.00110789
0.00109458
0.0010813
0.0010681
0.00105504
0.00104219
0.00102961
0.00101736
0.00100551
0.000994141
0.000983306
0.000973076
0.00096352
0.0009547
0.00094668
0.000939519
0.00093327
0.000927985
0.000923705
0.000920469
0.000918304
0.000917233
0.000917269
0.000918414
0.000920665
0.000924008
0.00092842
0.000933871
0.000940324
0.000947733
0.000956047
0.000965211
0.000975163
0.000985839
0.000997172
0.00100909
0.00102153
0.00103441
0.00104767
0.00106123
0.00107503
0.00108898
0.00110304
0.00111712
0.00113117
0.00114513
0.00115893
0.00117252
0.00118583
0.00119883
0.00121146
0.00122367
0.00123541
0.00124664
0.00125732
0.00126741
0.00127688
0.00128569
0.00129381
0.0013012
0.00130785
0.00131372
0.00131879
0.00132304
0.00132646
0.00132902
0.00133071
0.00133152
0.00133144
0.00133045
0.00132856
0.00132576
0.00132205
0.00131742
0.00131188
0.00130544
0.0012981
0.00128988
0.00128077
0.00127081
0.00126
0.00124836
0.00123592
0.0012227
0.00120874
0.00119405
0.00117867
0.00116264
0.00114601
0.0011288
0.00111108
0.00109289
0.00107429
0.00105534
0.0010361
0.00101664
0.000997031
0.000977361
0.000957711
0.000938172
0.000918841
0.000899819
0.000881216
0.000863145
0.000845725
0.000829079
0.000813335
0.00079862
0.000785064
0.000772794
0.000761932
0.000752594
0.000744885
0.000738895
0.000734701
0.000732357
0.000731897
0.000733335
0.000736658
0.000741832
0.000748804
0.000757499
0.000767826
0.000779681
0.000792949
0.000807509
0.000823234
0.000839994
0.000857662
0.00087611
0.000895213
0.000914851
0.000934909
0.000955276
0.000975847
0.000996522
0.00101721
0.00103781
0.00105825
0.00107845
0.00109833
0.00111782
0.00113686
0.00115539
0.00117334
0.00119067
0.00120732
0.00122324
0.00123839
0.00125273
0.00126622
0.00127883
0.00129051
0.00130124
0.00131099
0.00131973
0.00132745
0.00133411
0.00133971
0.00134421
0.00134761
0.00134989
0.00135105
0.00135107
0.00134995
0.00134768
0.00134426
0.00133969
0.00133397
0.0013271
0.0013191
0.00130996
0.00129969
0.00128832
0.00127584
0.00126229
0.00124767
0.001232
0.00121532
0.00119764
0.001179
0.00115942
0.00113893
0.00111758
0.0010954
0.00107244
0.00104875
0.00102436
0.000999349
0.000973765
0.000947676
0.000921154
0.000894277
0.000867132
0.000839813
0.000812425
0.000785085
0.000757921
0.000731076
0.000704708
0.000678994
0.00065413
0.00063033
0.00060783
0.000586883
0.00056776
0.00055074
0.000536103
0.000524118
0.000515027
0.000509031
0.000506269
0.000506812
0.000510651
0.000517701
0.000527809
0.000540767
0.000556325
0.000574213
0.000594152
0.000615863
0.000639082
0.000663559
0.000689064
0.000715384
0.000742329
0.000769725
0.000797414
0.000825257
0.000853124
0.000880901
0.000908481
0.00093577
0.000962678
0.000989126
0.00101504
0.00104035
0.001065
0.00108892
0.00111206
0.00113438
0.00115582
0.00117634
0.00119589
0.00121445
0.00123198
0.00124844
0.0012638
0.00127803
0.00129111
0.00130302
0.00131373
0.00132322
0.00133147
0.00133847
0.00134421
0.00134867
0.00135184
0.00135372
0.00135429
0.00135356
0.00135151
0.00134815
0.00134348
0.0013375
0.00133022
0.00132163
0.00131176
0.0013006
0.00128816
0.00127447
0.00125954
0.00124337
0.00122599
0.00120743
0.00118769
0.0011668
0.0011448
0.0011217
0.00109753
0.00107233
0.00104613
0.00101896
0.000990861
0.000961873
0.00093204
0.000901406
0.000870022
0.00083794
0.000805218
0.00077192
0.000738115
0.000703881
0.000669306
0.000634487
0.000599541
0.000564601
0.000529828
0.000495414
0.000461599
0.000428679
0.000397027
0.000367118
0.000339548
0.000315057
0.000294522
0.000278906
0.000269129
0.000265869
0.00026937
0.000279355
0.000295118
0.000315729
0.000340221
0.000367722
0.000397498
0.000428958
0.000461633
0.000495154
0.000529227
0.000563617
0.000598132
0.000632615
0.000666932
0.000700969
0.00073463
0.000767826
0.000800483
0.00083253
0.000863906
0.000894553
0.000924419
0.000953454
0.000981614
0.00100886
0.00103514
0.00106043
0.00108469
0.00110789
0.00113
0.00115099
0.00117082
0.00118949
0.00120696
0.00122322
0.00123824
0.001252
0.0012645
0.00127571
0.00128562
0.00129422
0.00130151
0.00130746
0.00131208
0.00131537
0.0013173
0.0013179
0.00131715
0.00131506
0.00131162
0.00130685
0.00130075
0.00129333
0.00128459
0.00127455
0.00126321
0.0012506
0.00123672
0.0012216
0.00120524
0.00118768
0.00116892
0.001149
0.00112793
0.00110574
0.00108245
0.0010581
0.00103271
0.00100631
0.00097894
0.000950625
0.000921402
0.000891309
0.000860382
0.000828663
0.000796192
0.000763016
0.000729179
0.000694733
0.000659732
0.000624233
0.000588301
0.000552007
0.000515434
0.000478676
0.000441849
0.000405094
0.000368595
0.000332594
0.000297431
0.000263592
0.000231803
0.000203159
0.000179285
0.000162375
0.000154765
0.000157797
0.000170854
0.00019182
0.000218327
0.00024849
0.000281008
0.000315018
0.000349946
0.000385403
0.00042111
0.000456865
0.000492513
0.000527932
0.000563021
0.000597697
0.000631888
0.000665529
0.000698565
0.000730942
0.000762615
0.000793538
0.00082367
0.000852975
0.000881414
0.000908954
0.000935563
0.000961211
0.000985868
0.00100951
0.00103211
0.00105364
0.00107408
0.00109341
0.00111161
0.00112866
0.00114455
0.00115926
0.00117277
0.00118508
0.00119617
0.00120603
0.00121466
0.00122204
0.00122818
0.00123307
0.00123671
0.0012391
0.00124023
0.00124011
0.00123874
0.00123613
0.00123228
0.00122721
0.00122092
0.00121341
0.00120472
0.00119484
0.00118379
0.00117159
0.00115826
0.00114381
0.00112828
0.00111167
0.00109401
0.00107534
0.00105567
0.00103503
0.00101346
0.000990986
0.000967644
0.000943468
0.000918498
0.000892772
0.000866335
0.000839231
0.00081151
0.000783223
0.000754427
0.000725184
0.000695561
0.000665631
0.000635478
0.000605194
0.000574885
0.000544672
0.000514697
0.000485127
0.000456161
0.000428036
0.000401041
0.000375523
0.000351899
0.00033066
0.000312361
0.000297602
0.000286964
0.000280933
0.0002798
0.0002836
0.000292096
0.000304833
0.000321232
0.000340678
0.000362584
0.000386428
0.000411764
0.00043822
0.000465488
0.000493314
0.00052149
0.000549841
0.000578221
0.000606506
0.000634589
0.000662379
0.000689795
0.000716765
0.000743227
0.000769123
0.000794401
0.000819015
0.000842922
0.000866082
0.000888459
0.00091002
0.000930734
0.000950573
0.00096951
0.00098752
0.00100458
0.00102068
0.00103578
0.00104988
0.00106296
0.00107501
0.00108602
0.00109596
0.00110484
0.00111265
0.00111938
0.00112503
0.00112959
0.00113307
0.00113546
0.00113676
0.00113698
0.00113612
0.00113419
0.0011312
0.00112715
0.00112205
0.00111592
0.00110877
0.00110061
0.00109146
0.00108134
0.00107027
0.00105827
0.00104536
0.00103156
0.00101691
0.00100143
0.000985143
0.000968093
0.000950308
0.000931825
0.000912682
0.000892921
0.000872585
0.000851721
0.000830379
0.000808613
0.000786482
0.000764046
0.000741373
0.000718538
0.000695618
0.000672702
0.000649884
0.000627268
0.000604969
0.000583113
0.000561839
0.000541298
0.000521656
0.000503092
0.000485797
0.000469972
0.000455823
0.000443557
0.000433367
0.000425428
0.000419882
0.000416829
0.000416316
0.000418333
0.000422817
0.000429652
0.00043868
0.000449714
0.000462549
0.000476969
0.000492761
0.00050972
0.00052765
0.00054637
0.000565714
0.000585531
0.000605684
0.00062605
0.000646517
0.000666986
0.000687365
0.000707574
0.000727538
0.000747192
0.000766473
0.000785327
0.000803703
0.000821556
0.000838843
0.000855527
0.000871572
0.000886945
0.000901618
0.000915564
0.000928759
0.00094118
0.000952808
0.000963625
0.000973615
0.000982765
0.000991062
0.000998495
0.00100506
0.00101074
0.00101554
0.00101945
0.00102247
0.00102461
0.00102585
0.00102621
0.00102568
0.00102428
0.00102201
0.00101888
0.0010149
0.00101008
0.00100443
0.000997978
0.00099073
0.000982706
0.000973926
0.000964412
0.000954187
0.000943276
0.000931705
0.000919504
0.000906701
0.000893331
0.000879428
0.000865029
0.000850173
0.000834901
0.000819259
0.000803293
0.000787055
0.000770596
0.000753975
0.000737251
0.000720489
0.000703758
0.000687129
0.00067068
0.000654493
0.000638652
0.00062325
0.00060838
0.00059414
0.000580632
0.000567958
0.000556222
0.000545525
0.000535967
0.000527639
0.000520625
0.000514996
0.000510811
0.000508109
0.000506914
0.000507227
0.000509031
0.00051229
0.000516948
0.000522936
0.000530171
0.00053856
0.000548002
0.000558394
0.00056963
0.000581602
0.000594207
0.000607343
0.000620913
0.000634825
0.000648991
0.000663328
0.00067776
0.000692213
0.000706621
0.000720921
0.000735056
0.00074897
0.000762616
0.000775945
0.000788916
0.000801489
0.000813627
0.000825298
0.00083647
0.000847116
0.000857209
0.000866725
0.000875644
0.000883947
0.000891615
0.000898634
0.000904989
0.00091067
0.000915666
0.00091997
0.000923573
0.000926472
0.000928662
0.000930143
0.000930912
0.000930973
0.000930327
0.000928978
0.000926933
0.000924198
0.000920782
0.000916695
0.000911948
0.000906556
0.000900533
0.000893894
0.000886658
0.000878845
0.000870475
0.000861571
0.000852158
0.000842262
0.000831911
0.000821135
0.000809966
0.000798439
0.000786589
0.000774454
0.000762076
0.000749496
0.000736761
0.000723919
0.000711019
0.000698115
0.000685262
0.000672519
0.000659948
0.00064761
0.000635572
0.000623901
0.000612667
0.00060194
0.000591791
0.00058229
0.000573506
0.000565506
0.000558354
0.000552107
0.000546818
0.000542531
0.000539281
0.000537096
0.00053599
0.000535966
0.000537019
0.000539129
0.000542268
0.000546397
0.000551468
0.000557427
0.000564214
0.000571763
0.000580005
0.00058887
0.000598287
0.000608183
0.000618487
0.000629132
0.000640048
0.000651173
0.000662442
0.000673797
0.000685181
0.000696541
0.000707827
0.000718989
0.000729984
0.00074077
0.000751307
0.000761559
0.00077149
0.00078107
0.000790268
0.000799056
0.000807411
0.000815308
0.000822725
0.000829644
0.000836046
0.000841916
0.000847239
0.000852002
0.000856195
0.000859808
0.000862833
0.000865264
0.000867095
0.000868324
0.000868947
0.000868965
0.000868378
0.000867188
0.000865399
0.000863016
0.000860045
0.000856493
0.00085237
0.000847686
0.000842453
0.000836685
0.000830395
0.000823601
0.00081632
0.00080857
0.000800374
0.000791753
0.00078273
0.000773333
0.000763587
0.000753522
0.00074317
0.000732562
0.000721734
0.000710722
0.000699565
0.000688304
0.000676982
0.000665644
0.000654337
0.000643111
0.000632017
0.000621109
0.000610441
0.000600072
0.000590059
0.00058046
0.000571337
0.000562747
0.000554749
0.0005474
0.000540755
0.000534863
0.000529771
0.000525519
0.000522142
0.000519666
0.000518109
0.000517482
0.000517786
0.000519012
0.000521144
0.000524157
0.000528019
0.000532689
0.000538123
0.00054427
0.000551078
0.000558488
0.000566443
0.000574883
0.000583749
0.00059298
0.00060252
0.000612311
0.000622297
0.000632427
0.000642648
0.000652911
0.000663172
0.000673384
0.000683507
0.000693501
0.00070333
0.000712957
0.00072235
0.000731479
0.000740315
0.00074883
0.000757001
0.000764803
0.000772216
0.000779219
0.000785795
0.000791926
0.000797598
0.000802797
0.000807511
0.000811729
0.00081544
0.000818638
0.000821315
0.000823466
0.000825085
0.00082617
0.000826719
0.00082673
0.000826205
0.000825144
0.000823551
0.000821428
0.000818782
0.000815617
0.000811942
0.000807765
0.000803094
0.000797942
0.000792319
0.000786239
0.000779716
0.000772766
0.000765405
0.000757652
0.000749526
0.000741047
0.000732238
0.000723122
0.000713724
0.000704071
0.00069419
0.000684112
0.000673868
0.00066349
0.000653014
0.000642475
0.000631913
0.000621367
0.000610879
0.000600494
0.000590255
0.000580212
0.000570411
0.000560903
0.000551739
0.00054297
0.000534648
0.000526824
0.000519548
0.000512869
0.000506835
0.000501488
0.000496868
0.000493009
0.000489941
0.000487687
0.000486261
0.000485673
0.000485924
0.000487007
0.000488908
0.000491605
0.000495072
0.000499274
0.000504173
0.000509727
0.000515888
0.000522609
0.000529838
0.000537526
0.000545619
0.000554066
0.000562816
0.00057182
0.000581029
0.000590397
0.000599877
0.000609428
0.000619008
0.000628577
0.000638098
0.000647537
0.000656859
0.000666034
0.000675031
0.000683823
0.000692383
0.000700688
0.000708713
0.000716438
0.000723842
0.000730908
0.000737617
0.000743955
0.000749906
0.000755456
0.000760595
0.00076531
0.000769591
0.00077343
0.00077682
0.000779752
0.000782222
0.000784224
0.000785754
0.000786811
0.000787391
0.000787495
0.000787121
0.00078627
0.000784945
0.000783148
0.000780882
0.000778152
0.000774963
0.000771322
0.000767235
0.000762711
0.000757759
0.000752388
0.00074661
0.000740436
0.000733879
0.000726953
0.000719672
0.000712053
0.000704113
0.000695869
0.000687342
0.00067855
0.000669517
0.000660265
0.000650818
0.000641203
0.000631446
0.000621575
0.000611622
0.000601618
0.000591595
0.00058159
0.00057164
0.000561781
0.000552055
0.000542503
0.000533167
0.000524094
0.000515327
0.000506914
0.000498901
0.000491336
0.000484265
0.000477733
0.000471787
0.000466466
0.000461809
0.000457853
0.000454627
0.000452155
0.000450457
0.000449546
0.000449427
0.000450099
0.000451553
0.000453775
0.000456743
0.00046043
0.000464804
0.000469828
0.000475461
0.000481661
0.000488382
0.000495578
0.0005032
0.000511202
0.000519537
0.000528157
0.000537018
0.000546075
0.000555285
0.000564608
0.000574003
0.000583434
0.000592863
0.000602258
0.000611584
0.000620812
0.000629912
0.000638857
0.000647619
0.000656176
0.000664502
0.000672577
0.00068038
0.000687891
0.000695091
0.000701965
0.000708495
0.000714667
0.000720467
0.000725882
0.000730901
0.000735511
0.000739703
0.000743468
0.000746797
0.000749684
0.00075212
0.000754101
0.000755622
0.000756678
0.000757267
0.000757384
0.00075703
0.000756202
0.000754901
0.000753127
0.000750882
0.000748168
0.000744988
0.000741346
0.000737247
0.000732695
0.000727699
0.000722264
0.0007164
0.000710115
0.000703419
0.000696324
0.000688841
0.000680983
0.000672766
0.000664203
0.000655313
0.000646111
0.000636619
0.000626855
0.000616842
0.000606604
0.000596166
0.000585554
0.000574798
0.000563929
0.000552978
0.000541982
0.000530978
0.000520005
0.000509107
0.000498328
0.000487717
0.000477324
0.000467202
0.000457408
0.000447999
0.000439035
0.000430578
0.000422691
0.000415436
0.000408873
0.000403062
0.000398058
0.00039391
0.000390662
0.000388349
0.000386997
0.000386622
0.000387229
0.000388812
0.000391353
0.000394827
0.000399196
0.000404416
0.000410437
0.000417204
0.000424655
0.000432731
0.000441367
0.000450501
0.000460071
0.000470016
0.000480276
0.000490796
0.00050152
0.000512397
0.000523378
0.000534416
0.000545468
0.000556492
0.000567449
0.000578303
0.000589017
0.000599561
0.000609903
0.000620014
0.000629867
0.000639436
0.000648699
0.00065763
0.000666211
0.00067442
0.000682239
0.00068965
0.000696637
0.000703184
0.000709278
0.000714904
0.000720052
0.000724709
0.000728865
0.000732512
0.000735639
0.000738241
0.000740309
0.000741839
0.000742826
0.000743265
0.000743153
0.000742488
0.000741269
0.000739495
0.000737167
0.000734285
0.000730852
0.00072687
0.000722345
0.000717279
0.00071168
0.000705554
0.000698909
0.000691753
0.000684096
0.000675949
0.000667323
0.000658232
0.000648691
0.000638713
0.000628317
0.000617521
0.000606343
0.000594807
0.000582933
0.000570749
0.000558279
0.000545554
0.000532605
0.000519466
0.000506175
0.000492771
0.000479299
0.000465807
0.000452346
0.000438975
0.000425754
0.000412753
0.000400046
0.000387713
0.000375841
0.000364525
0.000353862
0.000343958
0.000334921
0.00032686
0.000319881
0.000314084
0.000309561
0.000306385
0.000304612
0.000304273
0.000305375
0.000307899
0.0003118
0.000317013
0.000323454
0.000331028
0.000339629
0.000349149
0.00035948
0.000370513
0.000382146
0.000394282
0.00040683
0.000419704
0.000432827
0.000446125
0.000459533
0.00047299
0.00048644
0.00049983
0.000513114
0.000526248
0.000539192
0.000551907
0.000564361
0.00057652
0.000588354
0.000599836
0.000610941
0.000621643
0.00063192
0.000641752
0.00065112
0.000660004
0.000668388
0.000676256
0.000683594
0.000690389
0.000696628
0.000702301
0.000707396
0.000711905
0.000715821
0.000719134
0.00072184
0.000723934
0.00072541
0.000726266
0.000726498
0.000726106
0.000725089
0.000723447
0.000721181
0.000718294
0.000714788
0.000710668
0.000705938
0.000700605
0.000694674
0.000688155
0.000681054
0.000673384
0.000665153
0.000656374
0.00064706
0.000637225
0.000626884
0.000616054
0.000604751
0.000592996
0.000580808
0.00056821
0.000555226
0.000541881
0.000528203
0.000514222
0.00049997
0.000485483
0.000470798
0.000455958
0.00044101
0.000426003
0.000410994
0.000396046
0.000381227
0.000366616
0.0003523
0.000338374
0.000324948
0.00031214
0.000300082
0.000288918
0.000278799
0.000269884
0.000262327
0.000256279
0.00025187
0.000249199
0.00024833
0.000249282
0.000252025
0.000256486
0.000262556
0.000270098
0.00027896
0.00028898
0.000300002
0.000311872
0.000324447
0.000337597
0.000351203
0.000365158
0.000379367
0.000393744
0.000408214
0.000422706
0.000437161
0.000451523
0.000465742
0.000479773
0.000493575
0.00050711
0.000520344
0.000533245
0.000545784
0.000557935
0.000569672
0.000580972
0.000591815
0.000602181
0.00061205
0.000621408
0.000630237
0.000638524
0.000646255
0.000653419
0.000660005
0.000666002
0.000671403
0.000676198
0.000680383
0.000683949
0.000686894
0.000689212
0.000690902
0.00069196
0.000692387
0.000692181
0.000691344
0.000689877
0.000687783
0.000685065
0.000681729
0.000677779
0.000673222
0.000668065
0.000662316
0.000655986
0.000649083
0.000641619
0.000633608
0.000625061
0.000615994
0.000606422
0.000596363
0.000585833
0.000574853
0.000563444
0.000551628
0.000539428
0.000526871
0.000513985
0.000500798
0.000487345
0.000473658
0.000459777
0.000445742
0.000431598
0.000417395
0.000403187
0.000389033
0.000374999
0.00036116
0.000347595
0.000334394
0.000321658
0.000309496
0.000298027
0.000287379
0.000277688
0.000269094
0.000261737
0.000255749
0.000251245
0.000248319
0.000247031
0.000247405
0.000249423
0.000253031
0.000258139
0.000264632
0.000272376
0.000281232
0.000291054
0.000301703
0.000313045
0.000324957
0.000337325
0.000350046
0.000363027
0.000376184
0.000389443
0.000402735
0.000416002
0.000429186
0.000442241
0.00045512
0.000467783
0.000480193
0.000492317
0.000504124
0.000515584
0.000526672
0.000537365
0.00054764
0.000557476
0.000566855
0.00057576
0.000584176
0.000592087
0.00059948
0.000606344
0.000612669
0.000618443
0.000623659
0.00062831
0.000632388
0.000635889
0.000638808
0.000641142
0.000642888
0.000644045
0.000644612
0.00064459
0.000643981
0.000642786
0.000641009
0.000638655
0.000635728
0.000632235
0.000628182
0.000623579
0.000618434
0.000612758
0.000606562
0.000599857
0.000592658
0.000584979
0.000576836
0.000568245
0.000559225
0.000549795
0.000539976
0.000529792
0.000519265
0.000508422
0.000497291
0.0004859
0.000474283
0.000462474
0.00045051
0.000438431
0.00042628
0.000414105
0.000401957
0.000389891
0.000377967
0.000366251
0.000354813
0.00034373
0.000333083
0.00032296
0.000313454
0.000304659
0.000296674
0.000289596
0.00028352
0.00027853
0.000274704
0.000272098
0.000270754
0.000270689
0.000271897
0.000274348
0.000277994
0.000282764
0.000288576
0.000295338
0.000302951
0.000311314
0.000320328
0.000329896
0.000339926
0.000350332
0.000361032
0.000371951
0.000383022
0.00039418
0.000405369
0.000416535
0.000427629
0.000438608
0.00044943
0.000460059
0.000470461
0.000480603
0.000490457
0.000499996
0.000509197
0.000518035
0.000526491
0.000534546
0.000542182
0.000549382
0.000556133
0.000562421
0.000568234
0.000573562
0.000578394
0.000582722
0.000586539
0.000589838
0.000592614
0.000594862
0.000596581
0.000597766
0.000598417
0.000598534
0.000598117
0.000597168
0.000595689
0.000593684
0.000591157
0.000588115
0.000584563
0.000580508
0.00057596
0.000570928
0.000565422
0.000559454
0.000553037
0.000546184
0.00053891
0.000531232
0.000523168
0.000514736
0.000505956
0.00049685
0.000487442
0.000477757
0.000467822
0.000457666
0.00044732
0.000436818
0.000426196
0.000415493
0.000404751
0.000394015
0.000383335
0.000372762
0.000362355
0.000352173
0.000342282
0.000332752
0.000323656
0.000315071
0.000307077
0.000299755
0.000293185
0.000287446
0.000282611
0.000278745
0.000275902
0.000274124
0.000273433
0.000273838
0.000275328
0.000277875
0.000281434
0.000285949
0.00029135
0.000297563
0.000304508
0.000312101
0.000320262
0.000328909
0.000337964
0.000347355
0.000357011
0.000366867
0.000376863
0.000386943
0.000397054
0.00040715
0.000417185
0.000427118
0.000436912
0.000446533
0.000455947
0.000465125
0.000474041
0.000482667
0.000490982
0.000498962
0.000506589
0.000513844
0.000520709
0.000527169
0.00053321
0.000538818
0.000543982
0.000548691
0.000552934
0.000556705
0.000559994
0.000562796
0.000565104
0.000566914
0.000568223
0.000569028
0.000569326
0.000569118
0.000568402
0.00056718
0.000565455
0.000563227
0.000560502
0.000557283
0.000553577
0.000549389
0.000544726
0.000539598
0.000534014
0.000527982
0.000521516
0.000514627
0.000507329
0.000499636
0.000491565
0.000483131
0.000474355
0.000465254
0.000455852
0.000446171
0.000436236
0.000426074
0.000415714
0.000405187
0.000394528
0.000383773
0.000372963
0.000362141
0.000351356
0.000340658
0.000330105
0.000319759
0.000309686
0.00029996
0.000290657
0.000281862
0.000273662
0.000266148
0.000259412
0.000253545
0.000248633
0.000244754
0.000241972
0.000240336
0.000239875
0.000240595
0.00024248
0.000245494
0.00024958
0.000254668
0.000260675
0.000267513
0.000275089
0.000283309
0.000292085
0.000301328
0.000310957
0.000320896
0.000331073
0.000341425
0.00035189
0.000362413
0.000372946
0.000383441
0.000393857
0.000404155
0.000414299
0.000424257
0.000433998
0.000443495
0.000452723
0.000461657
0.000470275
0.000478558
0.000486486
0.000494042
0.00050121
0.000507975
0.000514323
0.000520242
0.00052572
0.000530747
0.000535313
0.000539409
0.000543029
0.000546164
0.00054881
0.000550961
0.000552613
0.000553763
0.000554408
0.000554547
0.000554178
0.000553302
0.000551918
0.000550029
0.000547637
0.000544745
0.000541357
0.000537476
0.00053311
0.000528263
0.000522944
0.000517159
0.000510918
0.000504231
0.000497107
0.000489557
0.000481596
0.000473235
0.000464489
0.000455373
0.000445905
0.000436102
0.000425984
0.000415571
0.000404885
0.000393952
0.000382797
0.000371448
0.000359938
0.000348301
0.000336573
0.000324796
0.000313017
0.000301287
0.000289663
0.000278208
0.000266996
0.000256106
0.000245628
0.000235663
0.000226321
0.000217723
0.000209996
0.00020327
0.000197676
0.000193333
0.000190344
0.000188783
0.000188688
0.000190061
0.00019286
0.000197012
0.000202412
0.000208942
0.000216468
0.00022486
0.000233988
0.000243732
0.000253979
0.00026463
0.000275592
0.000286786
0.00029814
0.000309588
0.000321074
0.000332548
0.000343962
0.000355277
0.000366454
0.00037746
0.000388265
0.00039884
0.000409161
0.000419202
0.000428942
0.000438362
0.000447443
0.000456167
0.000464519
0.000472483
0.000480047
0.000487197
0.000493922
0.000500211
0.000506055
0.000511444
0.00051637
0.000520827
0.000524806
0.000528304
0.000531314
0.000533832
0.000535855
0.00053738
0.000538405
0.000538929
0.00053895
0.000538469
0.000537486
0.000536003
0.000534021
0.000531544
0.000528575
0.000525117
0.000521176
0.000516757
0.000511867
0.000506511
0.000500697
0.000494434
0.000487731
0.000480597
0.000473043
0.000465079
0.000456718
0.000447973
0.000438858
0.000429387
0.000419575
0.000409441
0.000399001
0.000388274
0.000377283
0.000366048
0.000354594
0.000342947
0.000331136
0.000319193
0.000307151
0.00029505
0.000282932
0.000270847
0.000258848
0.000247
0.000235372
0.000224049
0.000213125
0.000202708
0.000192923
0.000183909
0.00017582
0.000168818
0.000163069
0.000158727
0.000155924
0.000154748
0.000155235
0.000157362
0.000161049
0.000166174
0.000172582
0.000180107
0.000188583
0.000197849
0.000207762
0.000218191
0.000229024
0.00024016
0.000251514
0.000263011
0.000274588
0.000286188
0.000297761
0.000309264
0.000320658
0.000331909
0.000342986
0.00035386
0.000364508
0.000374905
0.00038503
0.000394864
0.000404389
0.000413589
0.000422447
0.000430951
0.000439087
0.000446843
0.000454208
0.000461171
0.000467724
0.000473857
0.000479562
0.000484833
0.000489663
0.000494046
0.000497978
0.000501453
0.000504468
0.00050702
0.000509107
0.000510727
0.000511878
0.000512561
0.000512774
0.00051252
0.000511799
0.000510613
0.000508964
0.000506857
0.000504294
0.000501281
0.000497821
0.000493921
0.000489587
0.000484826
0.000479645
0.000474053
0.000468058
0.00046167
0.000454898
0.000447754
0.00044025
0.000432397
0.00042421
0.000415701
0.000406887
0.000397782
0.000388404
0.000378771
0.000368902
0.000358819
0.000348543
0.000338099
0.000327513
0.000316813
0.00030603
0.0002952
0.000284358
0.000273548
0.000262815
0.000252211
0.000241795
0.000231633
0.000221797
0.00021237
0.000203444
0.000195119
0.000187504
0.000180715
0.00017487
0.000170083
0.000166457
0.000164077
0.000162998
0.000163243
0.000164798
0.000167611
0.000171603
0.000176672
0.000182701
0.00018957
0.000197159
0.000205355
0.000214051
0.000223151
0.00023257
0.00024223
0.000252065
0.000262013
0.000272022
0.000282044
0.000292039
0.000301967
0.000311797
0.000321498
0.000331043
0.000340407
0.000349568
0.000358506
0.000367203
0.00037564
0.000383803
0.000391677
0.000399249
0.000406507
0.000413439
0.000420036
0.000426288
0.000432186
0.000437724
0.000442893
0.000447688
0.000452103
0.000456132
0.000459773
0.000463021
0.000465873
0.000468327
0.00047038
0.000472033
0.000473284
0.000474133
0.00047458
0.000474627
0.000474276
0.000473529
0.000472388
0.000470856
0.000468939
0.00046664
0.000463965
0.000460918
0.000457507
0.000453737
0.000449617
0.000445154
0.000440358
0.000435236
0.0004298
0.000424059
0.000418024
0.000411709
0.000405124
0.000398285
0.000391204
0.000383898
0.000376382
0.000368674
0.000360791
0.000352754
0.000344582
0.000336299
0.000327926
0.000319491
0.00031102
0.000302543
0.000294089
0.000285695
0.000277395
0.00026923
0.00026124
0.000253472
0.000245974
0.000238797
0.000231995
0.000225624
0.000219741
0.000214406
0.000209674
0.000205601
0.000202236
0.00019962
0.000197788
0.000196761
0.00019655
0.00019715
0.000198545
0.000200707
0.000203596
0.000207165
0.00021136
0.000216122
0.000221392
0.00022711
0.000233217
0.000239655
0.00024637
0.000253311
0.000260432
0.000267687
0.000275037
0.000282443
0.000289872
0.000297291
0.000304672
0.000311989
0.000319217
0.000326334
0.00033332
0.000340155
0.000346822
0.000353307
0.000359593
0.000365667
0.000371518
0.000377134
0.000382505
0.000387621
0.000392473
0.000397055
0.000401358
0.000405378
0.000409107
0.000412541
0.000415676
0.000418508
0.000421033
0.000423251
0.000425157
0.000426752
0.000428033
0.000429002
0.000429657
0.000430001
0.000430033
0.000429756
0.000429171
0.000428283
0.000427093
0.000425606
0.000423825
0.000421756
0.000419404
0.000416775
0.000413874
0.000410709
0.000407287
0.000403615
0.000399703
0.000395558
0.000391191
0.000386611
0.000381829
0.000376857
0.000371706
0.000366389
0.00036092
0.000355311
0.000349579
0.000343739
0.000337807
0.000331801
0.000325738
0.000319638
0.000313522
0.00030741
0.000301324
0.000295289
0.000289328
0.000283467
0.000277733
0.000272153
0.000266755
0.000261569
0.000256623
0.000251948
0.000247574
0.000243529
0.000239841
0.000236538
0.000233643
0.000231179
0.000229165
0.000227615
0.000226541
0.000225947
0.000225837
0.000226205
0.000227045
0.000228342
0.000230081
0.00023224
0.000234795
0.000237721
0.000240989
0.000244571
0.000248435
0.000252551
0.000256889
0.000261419
0.000266112
0.00027094
0.000275876
0.000280894
0.000285969
0.000291078
0.000296198
0.000301311
0.000306394
0.000311432
0.000316405
0.000321299
0.000326098
0.000330788
0.000335356
0.000339791
0.000344081
0.000348215
0.000352183
0.000355978
0.000359591
0.000363014
0.000366241
0.000369265
0.00037208
0.000374682
0.000377066
0.000379229
0.000381166
0.000382876
0.000384354
0.000385601
0.000386614
0.000387392
0.000387935
0.000388243
0.000388316
0.000388155
0.000387762
0.000387138
0.000386286
0.000385207
0.000383906
0.000382386
0.000380651
0.000378704
0.000376552
0.000374199
0.000371651
0.000368914
0.000365996
0.000362902
0.000359641
0.000356222
0.000352652
0.000348941
0.000345098
0.000341134
0.00033706
0.000332886
0.000328625
0.00032429
0.000319892
0.000315447
0.000310969
0.000306471
0.000301971
0.000297483
0.000293025
0.000288615
0.000284269
0.000280007
0.000275846
0.000271807
0.000267908
0.000264168
0.000260608
0.000257245
0.000254099
0.000251188
0.000248528
0.000246136
0.000244027
0.000242213
0.000240705
0.000239513
0.000238643
0.000238099
0.000237883
0.000237994
0.000238429
0.000239181
0.000240243
0.000241603
0.00024325
0.000245168
0.000247342
0.000249755
0.000252389
0.000255225
0.000258244
0.000261425
0.00026475
0.000268199
0.000271753
0.000275392
0.000279098
0.000282853
0.00028664
0.000290442
0.000294243
0.000298028
0.000301781
0.00030549
0.00030914
0.00031272
0.000316218
0.000319621
0.00032292
0.000326105
0.000329167
0.000332097
0.000334886
0.000337528
0.000340016
0.000342342
0.000344502
0.00034649
0.000348302
0.000349932
0.000351377
0.000352634
0.000353701
0.000354574
0.000355252
0.000355733
0.000356017
0.000356103
0.000355991
0.000355682
0.000355175
0.000354473
0.000353578
0.000352491
0.000351215
0.000349754
0.00034811
0.000346289
0.000344294
0.000342131
0.000339805
0.000337323
0.000334689
0.000331913
0.000329001
0.000325961
0.000322801
0.000319532
0.000316162
0.000312702
0.000309163
0.000305556
0.000301892
0.000298186
0.000294448
0.000290694
0.000286938
0.000283194
0.000279477
0.000275804
0.00027219
0.000268652
0.000265207
0.000261872
0.000258664
0.0002556
0.000252697
0.000249971
0.000247439
0.000245116
0.000243016
0.000241152
0.000239537
0.000238181
0.000237093
0.000236279
0.000235745
0.000235492
0.000235523
0.000235834
0.000236422
0.000237281
0.000238404
0.000239781
0.000241399
0.000243247
0.000245311
0.000247574
0.000250022
0.000252637
0.000255402
0.0002583
0.000261313
0.000264424
0.000267615
0.00027087
0.000274171
0.000277502
0.000280848
0.000284192
0.00028752
0.000290819
0.000294073
0.000297271
0.0003004
0.000303448
0.000306404
0.000309257
0.000311998
0.000314616
0.000317105
0.000319454
0.000321657
0.000323707
0.000325596
0.00032732
0.000328873
0.00033025
0.000331446
0.000332458
0.000333282
0.000333916
0.000334358
0.000334605
0.000334657
0.000334512
0.000334171
0.000333633
0.0003329
0.000331972
0.000330853
0.000329542
0.000328045
0.000326364
0.000324502
0.000322465
0.000320257
0.000317885
0.000315353
0.000312669
0.00030984
0.000306874
0.00030378
0.000300566
0.000297243
0.000293821
0.000290311
0.000286726
0.000283077
0.000279378
0.000275644
0.000271888
0.000268127
0.000264376
0.000260652
0.000256973
0.000253357
0.000249823
0.000246388
0.000243074
0.000239899
0.000236882
0.000234044
0.000231403
0.000228977
0.000226785
0.000224842
0.000223163
0.000221763
0.000220652
0.000219839
0.000219331
0.000219132
0.000219245
0.000219667
0.000220395
0.000221423
0.000222741
0.000224339
0.000226204
0.000228321
0.000230673
0.000233243
0.000236012
0.000238961
0.00024207
0.000245319
0.000248689
0.000252159
0.00025571
0.000259322
0.000262977
0.000266657
0.000270343
0.00027402
0.00027767
0.000281279
0.00028483
0.000288311
0.000291707
0.000295006
0.000298195
0.000301264
0.000304201
0.000306996
0.00030964
0.000312124
0.000314439
0.000316579
0.000318535
0.000320301
0.000321872
0.000323242
0.000324406
0.00032536
0.0003261
0.000326622
0.000326925
0.000327006
0.000326864
0.000326496
0.000325903
0.000325085
0.000324042
0.000322775
0.000321286
0.000319576
0.000317649
0.000315508
0.000313156
0.000310598
0.000307838
0.000304883
0.000301739
0.000298412
0.000294911
0.000291243
0.000287417
0.000283444
0.000279333
0.000275098
0.000270748
0.0002663
0.000261765
0.00025716
0.000252502
0.000247807
0.000243094
0.000238384
0.000233698
0.000229058
0.000224488
0.000220014
0.000215661
0.000211457
0.00020743
0.00020361
0.000200025
0.000196707
0.000193683
0.000190983
0.000188632
0.000186656
0.000185076
0.000183911
0.000183174
0.000182875
0.000183019
0.000183604
0.000184626
0.000186074
0.000187932
0.000190182
0.000192802
0.000195765
0.000199046
0.000202615
0.000206443
0.0002105
0.000214757
0.000219185
0.000223755
0.00022844
0.000233212
0.000238048
0.000242922
0.000247812
0.000252696
0.000257553
0.000262365
0.000267113
0.00027178
0.000276349
0.000280805
0.000285135
0.000289324
0.000293361
0.000297232
0.000300928
0.000304437
0.000307751
0.000310859
0.000313755
0.000316429
0.000318875
0.000321086
0.000323057
0.000324781
0.000326254
0.000327472
0.00032843
0.000329125
0.000329554
0.000329716
0.000329607
0.000329227
0.000328574
0.000327649
0.000326451
0.000324981
0.000323239
0.000321229
0.000318951
0.000316408
0.000313603
0.00031054
0.000307223
0.000303657
0.000299847
0.000295798
0.000291518
0.000287013
0.000282291
0.00027736
0.000272231
0.000266912
0.000261414
0.00025575
0.000249932
0.000243974
0.000237892
0.000231701
0.00022542
0.000219068
0.000212668
0.000206242
0.000199816
0.00019342
0.000187085
0.000180845
0.00017474
0.000168811
0.000163104
0.000157669
0.000152562
0.000147838
0.000143558
0.000139781
0.000136569
0.000133976
0.000132051
0.000130834
0.00013035
0.000130611
0.000131613
0.000133335
0.000135746
0.000138799
0.000142443
0.00014662
0.000151269
0.000156331
0.000161747
0.000167462
0.000173425
0.000179587
0.000185904
0.000192335
0.000198846
0.000205401
0.000211971
0.000218528
0.000225046
0.000231503
0.000237878
0.00024415
0.000250302
0.000256317
0.00026218
0.000267877
0.000273393
0.000278718
0.000283839
0.000288745
0.000293427
0.000297876
0.000302082
0.000306037
0.000309735
0.000313168
0.000316329
0.000319213
0.000321815
0.000324129
0.000326151
0.000327878
0.000329305
0.00033043
0.00033125
0.000331762
0.000331966
0.00033186
0.000331442
0.000330713
0.000329673
0.000328321
0.00032666
0.000324689
0.00032241
0.000319826
0.000316939
0.000313752
0.000310269
0.000306492
0.000302426
0.000298076
0.000293446
0.000288542
0.00028337
0.000277937
0.000272248
0.000266311
0.000260134
0.000253725
0.000247094
0.000240249
0.000233201
0.000225961
0.00021854
0.000210952
0.00020321
0.000195329
0.000187326
0.00017922
0.00017103
0.000162782
0.0001545
0.000146217
0.000137968
0.000129799
0.00012176
0.000113916
0.000106345
9.91446e-05
9.24335e-05
8.63561e-05
8.10822e-05
7.68004e-05
7.37024e-05
7.19539e-05
7.16603e-05
7.28396e-05
7.54176e-05
7.9247e-05
8.41422e-05
8.99101e-05
9.63721e-05
0.000103374
0.000110786
0.000118503
0.000126441
0.000134529
0.000142711
0.000150941
0.000159179
0.000167392
0.000175552
0.000183633
0.000191615
0.000199477
0.000207202
0.000214775
0.000222181
0.000229407
0.00023644
0.000243269
0.000249883
0.000256273
0.000262428
0.000268342
0.000274004
0.000279408
0.000284546
0.000289411
0.000293998
0.0002983
0.000302312
0.000306029
0.000309446
0.000312558
0.000315363
0.000317857
0.000320036
0.000321898
0.00032344
