
Primal Residual: 
21.5817
7.76432
3.04179
4.08428
2.93726
1.70007
1.30174
1.24397
1.10725
0.916044
0.766525
0.673896
0.613411
0.563798
0.509292
0.450471
0.405474
0.391174
0.40442
0.424717
0.433053
0.420858
0.38983
0.349357
0.312771
0.291912
0.286654
0.287474
0.284784
0.275092
0.260569
0.246248
0.236817
0.233392
0.233688
0.234077
0.231837
0.226017
0.217253
0.207173
0.197781
0.190905
0.187547
0.188124
0.192013
0.197962
0.204512
0.210444
0.214966
0.217739
0.218817
0.218509
0.217236
0.215394
0.213265
0.210991
0.208607
0.206101
0.203487
0.200829
0.198239
0.19587
0.193801
0.191957
0.190185
0.188304
0.186168
0.18371
0.180957
0.178029
0.175113
0.172419
0.170132
0.168359
0.16711
0.166291
0.165724
0.165187
0.164428
0.163214
0.161378
0.158827
0.155546
0.151585
0.147047
0.142103
0.136976
0.131928
0.127247
0.123219
0.120099
0.118068
0.117205
0.117473
0.118713
0.120681
0.123089
0.125651
0.128112
0.130272
0.131993
0.133202
0.133892
0.13411
0.13395
0.133536
0.133008
0.132505
0.132145
0.132009
0.132142
0.132547
0.133183
0.133977
0.134846
0.1357
0.136453
0.137029
0.137364
0.137408
0.137127
0.136499
0.135512
0.134165
0.132459
0.130405
0.128016
0.125308
0.122305
0.119036
0.115537
0.111857
0.108054
0.104203
0.100392
0.0967256
0.0933186
0.0902933
0.0877702
0.0858548
0.0846226
0.0841066
0.0842898
0.0851048
0.0864415
0.0881606
0.0901086
0.0921315
0.0940868
0.0958501
0.0973203
0.0984219
0.0991059
0.0993495
0.0991555
0.0985507
0.0975837
0.0963221
0.0948486
0.093257
0.0916457
0.0901121
0.0887452
0.0876184
0.0867837
0.0862678
0.0860711
0.0861692
0.086518
0.0870601
0.0877311
0.0884669
0.0892092
0.0899091
0.090529
0.0910432
0.0914374
0.091707
0.0918551
0.0918894
0.0918206
0.0916603
0.0914183
0.0911016
0.0907143
0.0902577
0.0897314
0.0891343
0.0884662
0.0877299
0.0869321
0.0860842
0.0852029
0.0843091
0.0834274
0.0825856
0.0818113
0.0811293
0.0805599
0.0801163
0.0798038
0.079619
0.0795503
0.079579
0.0796814
0.0798306
0.0799993
0.0801613
0.0802931
0.0803756
0.0803942
0.0803393
0.080206
0.0799937
0.0797054
0.079347
0.0789272
0.078457
0.0779486
0.0774156
0.0768723
0.0763336
0.0758147
0.0753314
0.0748988
0.0745319
0.0742443
0.074048
0.0739524
0.073964
0.0740853
0.074315
0.0746474
0.0750724
0.0755764
0.0761423
0.0767505
0.0773797
0.0780077
0.0786121
0.0791715
0.0796655
0.0800756
0.0803852
0.0805801
0.0806487
0.0805817
0.0803724
0.0800166
0.0795124
0.0788604
0.0780636
0.0771275
0.0760596
0.0748704
0.0735726
0.0721811
0.0707142
0.0691931
0.0676412
0.0660846
0.0645518
0.0630731
0.0616801
0.0604051
0.0592793
0.0583317
0.0575877
0.0570671
0.0567827
0.0567396
0.0569342
0.0573546
0.0579814
0.0587888
0.0597465
0.0608211
0.0619779
0.0631825
0.0644014
0.0656036
0.0667609
0.0678481
0.0688439
0.0697306
0.0704941
0.0711244
0.071615
0.0719627
0.0721679
0.072234
0.072167
0.0719755
0.0716701
0.0712629
0.0707674
0.0701978
0.0695686
0.0688939
0.0681877
0.0674627
0.0667304
0.0660005
0.0652811
0.0645781
0.0638956
0.0632355
0.0625979
0.0619811
0.061382
0.0607962
0.0602184
0.0596428
0.0590635
0.0584744
0.05787
0.0572457
0.0565978
0.0559239
0.0552233
0.0544971
0.0537482
0.0529819
0.0522055
0.0514286
0.0506629
0.0499221
0.0492216
0.0485776
0.048007
0.0475267
0.0471519
0.0468962
0.0467701
0.0467802
0.0469291
0.0472147
0.0476305
0.0481659
0.0488069
0.049537
0.0503377
0.0511901
0.0520749
0.0529734
0.0538684
0.0547444
0.0555877
0.0563868
0.0571322
0.0578168
0.0584353
0.0589842
0.0594619
0.0598679
0.060203
0.0604688
0.0606675
0.0608015
0.0608733
0.0608853
0.0608396
0.0607376
0.0605803
0.0603679
0.0601003
0.0597765
0.0593952
0.0589548
0.0584534
0.0578894
0.0572609
0.0565668
0.0558068
0.0549813
0.0540921
0.0531422
0.0521362
0.0510802
0.0499822
0.0488518
0.0477008
0.0465429
0.0453936
0.0442703
0.043192
0.0421788
0.0412515
0.0404308
0.0397363
0.0391856
0.0387928
0.0385683
0.0385169
0.0386383
0.0389264
0.0393703
0.0399544
0.0406602
0.0414669
0.0423526
0.0432953
0.0442735
0.0452672
0.0462577
0.0472284
0.0481647
0.049054
0.0498859
0.0506518
0.0513452
0.0519615
0.0524977
0.0529522
0.053325
0.0536172
0.0538311
0.0539698
0.0540371
0.0540373
0.0539751
0.0538554
0.0536832
0.0534633
0.0532002
0.0528983
0.0525615
0.0521931
0.0517962
0.051373
0.0509257
0.0504558
0.0499644
0.0494527
0.0489212
0.0483709
0.0478025
0.0472169
0.0466153
0.0459994
0.0453711
0.0447329
0.0440878
0.0434393
0.0427917
0.0421493
0.0415174
0.0409012
0.0403066
0.0397393
0.0392051
0.0387097
0.0382584
0.0378559
0.0375064
0.0372132
0.0369787
0.0368043
0.0366904
0.0366364
0.0366408
0.0367013
0.0368148
0.0369776
0.0371857
0.0374348
0.0377207
0.0380388
0.038385
0.0387551
0.0391454
0.0395522
0.0399721
0.0404021
0.040839
0.0412801
0.0417226
0.0421636
0.0426003
0.0430297
0.0434489
0.0438546
0.0442433
0.0446115
0.0449555
0.0452714
0.0455552
0.045803
0.0460108
0.0461748
0.0462911
0.0463563
0.0463672
0.0463211
0.0462155
0.0460485
0.045819
0.0455261
0.04517
0.0447512
0.0442714
0.0437326
0.0431378
0.0424908
0.0417961
0.041059
0.0402854
0.0394823
0.0386569
0.0378172
0.0369719
0.0361298
0.0353004
0.0344931
0.0337175
0.0329832
0.0322992
0.031674
0.0311156
0.0306306
0.0302244
0.0299012
0.0296635
0.029512
0.0294461
0.0294633
0.0295602
0.0297319
0.0299727
0.0302763
0.030636
0.0310449
0.031496
0.0319825
0.032498
0.033036
0.0335905
0.0341559
0.0347267
0.0352977
0.0358641
0.036421
0.036964
0.0374885
0.0379904
0.0384656
0.0389099
0.0393197
0.0396911
0.0400208
0.0403056
0.0405424
0.0407286
0.0408618
0.0409401
0.0409621
0.0409266
0.0408331
0.0406816
0.0404727
0.0402073
0.0398873
0.039515
0.0390934
0.0386259
0.0381169
0.0375709
0.0369934
0.0363902
0.0357675
0.0351322
0.0344912
0.033852
0.0332218
0.0326083
0.0320187
0.0314601
0.0309392
0.0304619
0.0300335
0.0296583
0.0293395
0.0290791
0.0288782
0.0287362
0.0286517
0.0286223
0.0286443
0.0287136
0.0288254
0.0289745
0.0291555
0.0293632
0.029592
0.0298371
0.0300935
0.0303569
0.0306232
0.0308888
0.0311505
0.0314056
0.0316517
0.0318866
0.0321089
0.032317
0.0325098
0.0326865
0.0328465
0.0329893
0.0331147
0.0332224
0.0333126
0.0333854
0.0334411
0.03348
0.0335025
0.0335094
0.0335011
0.0334785
0.0334423
0.0333934
0.0333327
0.0332611
0.0331795
0.0330889
0.0329902
0.0328844
0.0327722
0.0326543
0.0325316
0.0324045
0.0322735
0.0321388
0.0320007
0.0318592
0.0317143
0.0315657
0.0314132
0.0312564
0.0310948
0.0309281
0.0307558
0.0305775
0.030393
0.0302021
0.0300046
0.0298008
0.029591
0.0293758
0.0291559
0.0289325
0.0287068
0.0284805
0.0282553
0.0280332
0.0278164
0.0276073
0.0274082
0.0272216
0.0270497
0.026895
0.0267594
0.0266449
0.0265529
0.0264847
0.026441
0.0264222
0.026428
0.026458
0.0265111
0.0265859
0.0266805
0.026793
0.0269209
0.0270617
0.0272129
0.0273716
0.0275353
0.0277013
0.0278673
0.0280308
0.0281899
0.0283427
0.0284876
0.0286231
0.0287483
0.0288623
0.0289645
0.0290545
0.0291323
0.0291977
0.029251
0.0292925
0.0293227
0.0293419
0.0293508
0.0293498
0.0293394
0.0293201
0.0292922
0.0292562
0.0292121
0.0291602
0.0291003
0.0290325
0.0289566
0.0288722
0.0287789
0.0286765
0.0285645
0.0284425
0.0283099
0.0281666
0.0280121
0.0278463
0.0276691
0.0274806
0.027281
0.0270707
0.0268504
0.026621
0.0263835
0.0261392
0.0258898
0.025637
0.0253828
0.0251295
0.0248796
0.0246356
0.0244002
0.0241763
0.0239667
0.0237743
0.0236018
0.0234519
0.0233268
0.0232286
0.0231591
0.0231195
0.0231107
0.0231328
0.0231858
0.0232686
0.0233801
0.0235184
0.0236811
0.0238656
0.0240687
0.024287
0.024517
0.0247549
0.0249968
0.0252389
0.0254774
0.0257085
0.0259284
0.0261339
0.0263215
0.0264883
0.0266314
0.0267484
0.0268371
0.0268955
0.0269221
0.0269157
0.0268755
0.026801
0.0266921
0.0265491
0.0263727
0.0261641
0.0259247
0.0256566
0.025362
0.0250439
0.0247053
0.02435
0.0239819
0.0236056
0.0232257
0.0228473
0.0224758
0.0221168
0.0217758
0.0214586
0.0211705
0.0209167
0.0207021
0.0205307
0.0204059
0.0203301
0.0203048
0.0203302
0.0204058
0.0205295
0.0206988
0.02091
0.0211587
0.02144
0.0217488
0.0220796
0.0224269
0.022785
0.0231487
0.0235128
0.0238723
0.0242227
0.0245597
0.0248793
0.025178
0.0254525
0.0257
0.025918
0.0261043
0.0262571
0.0263747
0.0264561
0.0265002
0.0265064
0.0264744
0.0264041
0.0262957
0.0261497
0.0259667
0.0257477
0.025494
0.025207
0.0248884
0.0245403
0.0241649
0.0237647
0.0233425
0.0229013
0.0224446
0.0219758
0.021499
0.0210183
0.0205382
0.0200636
0.0195993
0.0191507
0.0187231
0.0183219
0.0179525
0.0176201
0.0173297
0.0170856
0.0168916
0.0167505
0.0166641
0.0166333
0.0166576
0.0167355
0.0168645
0.0170409
0.0172606
0.0175185
0.0178094
0.0181278
0.0184681
0.0188247
0.0191923
0.0195657
0.0199401
0.0203109
0.0206738
0.0210252
0.0213614
0.0216794
0.0219764
0.0222498
0.0224976
0.022718
0.0229094
0.0230706
0.0232007
0.0232991
0.0233654
0.0233995
0.0234015
0.0233719
0.0233112
0.0232205
0.0231008
0.0229536
0.0227804
0.0225832
0.022364
0.0221251
0.0218691
0.0215987
0.0213168
0.0210264
0.020731
0.0204338
0.0201383
0.0198481
0.0195668
0.0192978
0.0190446
0.0188105
0.0185984
0.0184111
0.0182511
0.01812
0.0180194
0.0179502
0.0179125
0.0179061
0.0179302
0.0179833
0.0180636
0.0181688
0.0182962
0.018443
0.0186061
0.0187822
0.0189681
0.0191606
0.0193564
0.0195526
0.0197462
0.0199345
0.0201148
0.0202849
0.0204427
0.0205861
0.0207135
0.0208234
0.0209145
0.0209858
0.0210363
0.0210653
0.0210724
0.0210571
0.0210193
0.020959
0.0208763
0.0207713
0.0206446
0.0204964
0.0203276
0.0201387
0.0199306
0.0197042
0.0194605
0.0192006
0.0189258
0.0186373
0.0183367
0.0180254
0.0177051
0.0173776
0.0170449
0.016709
0.0163723
0.0160371
0.015706
0.015382
0.0150679
0.0147669
0.0144823
0.0142175
0.013976
0.0137613
0.0135768
0.0134256
0.0133107
0.0132346
0.0131992
0.0132058
0.0132552
0.0133472
0.013481
0.0136552
0.0138674
0.014115
0.014395
0.0147036
0.0150373
0.0153921
0.0157641
0.0161493
0.0165438
0.016944
0.017346
0.0177464
0.0181417
0.0185289
0.0189049
0.0192668
0.0196119
0.0199378
0.0202421
0.0205226
0.0207775
0.0210048
0.0212029
0.0213704
0.021506
0.0216085
0.0216769
0.0217106
0.0217088
0.0216711
0.0215972
0.0214872
0.021341
0.0211589
0.0209415
0.0206894
0.0204035
0.020085
0.0197352
0.0193559
0.0189487
0.0185158
0.0180596
0.0175828
0.0170883
0.0165794
0.0160598
0.0155333
0.0150043
0.0144778
0.0139588
0.0134531
0.0129669
0.0125066
0.0120793
0.0116918
0.0113512
0.0110641
0.0108363
0.0106724
0.0105755
0.0105468
0.0105855
0.0106886
0.0108518
0.0110689
0.0113331
0.0116372
0.0119735
0.0123349
0.0127144
0.0131056
0.0135027
0.0139003
0.0142938
0.0146791
0.0150524
0.0154106
0.015751
0.0160711
0.0163689
0.0166429
0.0168915
0.0171138
0.0173087
0.0174758
0.0176147
0.0177252
0.0178073
0.0178613
0.0178877
0.017887
0.01786
0.0178078
0.0177313
0.0176319
0.0175111
0.0173703
0.0172114
0.0170362
0.0168466
0.0166449
0.0164333
0.0162141
0.0159898
0.015763
0.0155362
0.0153121
0.0150935
0.0148831
0.0146833
0.0144968
0.0143261
0.0141732
0.0140401
0.0139286
0.0138399
0.0137749
0.0137343
0.0137179
0.0137256
0.0137564
0.0138094
0.0138828
0.0139749
0.0140837
0.0142068
0.0143418
0.0144862
0.0146375
0.0147932
0.0149506
0.0151076
0.0152617
0.0154107
0.0155527
0.0156857
0.015808
0.0159181
0.0160145
0.0160961
0.0161618
0.0162107
0.0162421
0.0162554
0.0162503
0.0162265
0.0161841
0.016123
0.0160436
0.0159462
0.0158314
0.0157
0.0155528
0.0153907
0.015215
0.015027
0.014828
0.0146197
0.0144037
0.0141819
0.0139561
0.0137284
0.013501
0.013276
0.0130556
0.0128422
0.012638
0.0124451
0.0122659
0.0121023
0.0119562
0.0118291
0.0117226
0.0116376
0.011575
0.011535
0.0115177
0.0115226
0.0115491
0.011596
0.0116619
0.0117452
0.0118442
0.0119567
0.0120808
0.0122143
0.0123551
0.0125011
0.0126503
0.0128009
0.012951
0.0130988
0.013243
0.0133822
0.013515
0.0136405
0.0137578
0.013866
0.0139646
0.0140531
0.0141312
0.0141987
0.0142555
0.0143018
0.0143377
0.0143635
0.0143795
0.0143863
0.0143845
0.0143746
0.0143574
0.0143335
0.0143038
0.0142691
0.0142301
0.0141877
0.0141428
0.0140961
0.0140483
0.0140002
0.0139525
0.0139057
0.0138604
0.0138169
0.0137758
0.0137372
0.0137014
0.0136683
0.0136381
0.0136106
0.0135857
0.013563
0.0135423
0.0135232
0.0135051
0.0134877
0.0134703
0.0134525
0.0134335
0.0134128
0.0133899
0.0133641
0.013335
0.0133018
0.0132643
0.0132218
0.0131741
0.0131208
0.0130617
0.0129964
0.012925
0.0128473
0.0127634
0.0126734
0.0125776
0.0124761
0.0123695
0.0122582
0.0121428
0.0120239
0.0119023
0.0117789
0.0116546
0.0115304
0.0114074
0.0112867
0.0111696
0.0110572
0.0109508
0.0108516
0.0107609
0.0106799
0.0106096
0.0105512
0.0105054
0.0104731
0.0104549
0.0104512
0.0104623
0.0104881
0.0105286
0.0105834
0.010652
0.0107337
0.0108275
0.0109325
0.0110477
0.0111716
0.0113032
0.0114411
0.0115838
0.0117301
0.0118786
0.012028
0.0121769
0.0123241
0.0124683
0.0126085
0.0127434
0.0128721
0.0129935
0.0131069
0.0132113
0.0133059
0.0133902
0.0134634
0.0135251
0.0135747
0.0136119
0.0136363
0.0136477
0.0136459
0.0136309
0.0136024
0.0135607
0.0135057
0.0134378
0.0133571
0.013264
0.0131588
0.0130421
0.0129144
0.0127762
0.0126284
0.0124716
0.0123068
0.0121348
0.0119565
0.0117732
0.0115859
0.0113957
0.0112041
0.0110124
0.0108219
0.0106343
0.0104509
0.0102734
0.0101034
0.00994242
0.00979218
0.00965418
0.00952993
0.00942079
0.00932803
0.00925271
0.00919572
0.00915768
0.00913898
0.00913971
0.00915972
0.00919856
0.00925551
0.00932963
0.00941977
0.00952459
0.00964262
0.00977227
0.0099119
0.0100598
0.0102143
0.0103736
0.0105361
0.0107002
0.0108643
0.0110268
0.0111864
0.0113416
0.0114913
0.0116341
0.011769
0.011895
0.0120111
0.0121164
0.0122101
0.0122916
0.0123602
0.0124154
0.0124568
0.0124839
0.0124965
0.0124944
0.0124774
0.0124456
0.0123989
0.0123376
0.0122618
0.0121719
0.0120683
0.0119516
0.0118224
0.0116814
0.0115295
0.0113676
0.0111969
0.0110185
0.0108337
0.0106441
0.0104512
0.0102566
0.0100622
0.00986984
0.00968155
0.00949939
0.00932548
0.00916193
0.00901086
0.00887431
0.0087542
0.00865226
0.00857
0.00850861
0.00846897
0.00845156
0.00845645
0.00848331
0.00853143
0.00859971
0.00868675
0.00879087
0.00891022
0.00904276
0.0091864
0.00933899
0.00949841
0.00966255
0.0098294
0.00999703
0.0101636
0.0103275
0.010487
0.0106407
0.0107873
0.0109255
0.0110544
0.0111728
0.01128
0.0113752
0.0114578
0.0115272
0.0115831
0.011625
0.0116527
0.0116661
0.0116651
0.0116497
0.01162
0.0115762
0.0115186
0.0114475
0.0113633
0.0112664
0.0111576
0.0110374
0.0109064
0.0107656
0.0106158
0.0104579
0.010293
0.0101221
0.00994637
0.00976714
0.00958569
0.00940342
0.0092218
0.00904236
0.00886667
0.00869638
0.00853313
0.00837859
0.00823438
0.00810211
0.00798328
0.00787928
0.00779134
0.0077205
0.00766756
0.00763305
0.00761724
0.00762009
0.00764129
0.00768023
0.00773608
0.00780777
0.00789404
0.00799351
0.00810471
0.00822608
0.00835604
0.00849304
0.00863552
0.008782
0.00893103
0.00908126
0.00923139
0.00938022
0.00952662
0.00966955
0.00980805
0.00994123
0.0100683
0.0101885
0.0103011
0.0104057
0.0105015
0.0105882
0.0106653
0.0107324
0.0107893
0.0108355
0.010871
0.0108955
0.0109089
0.0109111
0.0109019
0.0108814
0.0108497
0.0108067
0.0107525
0.0106873
0.0106113
0.0105247
0.0104278
0.0103209
0.0102044
0.0100788
0.0099445
0.00980215
0.00965239
0.00949593
0.00933358
0.00916622
0.00899483
0.00882047
0.00864431
0.00846761
0.00829172
0.00811812
0.00794834
0.00778402
0.00762688
0.00747868
0.00734118
0.00721616
0.00710534
0.00701033
0.00693259
0.00687335
0.0068336
0.00681398
0.00681482
0.00683606
0.00687728
0.00693771
0.00701627
0.0071116
0.00722213
0.00734611
0.0074817
0.007627
0.00778006
0.00793899
0.00810192
0.00826704
0.00843265
0.00859712
0.00875891
0.0089166
0.00906887
0.0092145
0.00935235
0.0094814
0.00960073
0.0097095
0.00980697
0.00989248
0.00996546
0.0100254
0.010072
0.0101049
0.0101238
0.0101286
0.0101192
0.0100957
0.010058
0.0100064
0.00994112
0.00986245
0.00977082
0.00966672
0.00955071
0.00942348
0.00928577
0.00913846
0.00898251
0.00881897
0.00864903
0.00847398
0.00829524
0.00811434
0.00793293
0.00775281
0.00757586
0.00740409
0.00723957
0.00708448
0.00694096
0.00681117
0.00669717
0.00660087
0.00652396
0.00646781
0.00643346
0.00642148
0.00643201
0.00646473
0.00651887
0.00659323
0.00668628
0.00679623
0.00692108
0.00705869
0.00720689
0.00736348
0.00752631
0.00769331
0.00786251
0.00803203
0.00820013
0.00836521
0.00852577
0.00868044
0.00882798
0.00896726
0.00909727
0.00921709
0.00932591
0.00942303
0.00950782
0.00957974
0.00963836
0.00968329
0.00971425
0.00973101
0.00973341
0.00972137
0.00969487
0.00965396
0.00959874
0.00952939
0.00944615
0.00934934
0.00923934
0.00911661
0.00898168
0.00883517
0.00867778
0.00851028
0.00833355
0.00814855
0.00795633
0.00775808
0.00755505
0.00734865
0.0071404
0.00693195
0.00672508
0.00652173
0.00632395
0.00613393
0.00595398
0.00578645
0.00563375
0.00549825
0.00538217
0.00528754
0.00521605
0.00516895
0.005147
0.00515033
0.00517853
0.0052306
0.00530504
0.00539996
0.00551319
0.00564236
0.00578503
0.0059388
0.00610129
0.00627026
0.00644362
0.00661941
0.00679586
0.00697134
0.00714438
0.00731367
0.00747802
0.00763637
0.0077878
0.00793147
0.00806667
0.00819279
0.00830929
0.00841574
0.00851178
0.00859713
0.0086716
0.00873506
0.00878745
0.00882878
0.00885912
0.0088786
0.00888742
0.00888581
0.00887406
0.00885253
0.00882159
0.00878168
0.00873327
0.00867686
0.008613
0.00854227
0.00846527
0.00838264
0.00829504
0.00820314
0.00810764
0.00800926
0.00790871
0.00780672
0.00770402
0.00760133
0.00749937
0.00739885
0.00730044
0.00720479
0.00711251
0.0070242
0.00694035
0.00686146
0.0067879
0.00672002
0.00665808
0.00660225
0.00655262
0.00650922
0.00647198
0.00644074
0.0064153
0.00639536
0.00638056
0.00637052
0.00636477
0.00636284
0.00636421
0.00636837
0.00637479
0.00638294
0.00639231
0.00640239
0.00641272
0.00642285
0.00643239
0.00644094
0.0064482
0.00645388
0.00645775
0.00645961
0.00645934
0.00645684
0.00645208
0.00644507
0.00643589
0.00642463
0.00641147
0.0063966
0.00638027
0.00636277
0.0063444
0.00632553
0.00630652
0.00628776
0.00626965
0.00625261
0.00623704
0.00622335
0.00621192
0.00620313
0.00619731
0.00619476
0.00619576
0.00620052
0.00620922
0.00622198
0.00623887
0.00625989
0.00628501
0.00631413
0.00634711
0.00638374
0.0064238
0.00646701
0.00651305
0.00656159
0.00661227
0.00666471
0.00671853
0.00677333
0.00682872
0.0068843
0.00693969
0.00699452
0.00704841
0.00710104
0.00715206
0.00720116
0.00724805
0.00729247
0.00733414
0.00737285
0.00740837
0.00744051
0.0074691
0.00749398
0.007515
0.00753205
0.00754502
0.00755381
0.00755835
0.00755859
0.00755447
0.00754597
0.00753307
0.00751576
0.00749407
0.00746801
0.00743763
0.00740298
0.00736413
0.00732118
0.0072742
0.00722332
0.00716865
0.00711035
0.00704855
0.00698341
0.00691512
0.00684386
0.00676981
0.0066932
0.00661423
0.00653313
0.00645012
0.00636544
0.00627934
0.00619206
0.00610386
0.006015
0.00592573
0.00583632
0.00574704
0.00565817
0.00556998
0.00548277
0.00539681
0.00531242
0.0052299
0.00514957
0.00507177
0.00499684
0.00492515
0.00485707
0.004793
0.00473333
0.00467849
0.00462889
0.00458497
0.00454714
0.00451583
0.00449143
0.0044743
0.00446479
0.00446316
0.00446967
0.00448446
0.00450764
0.00453921
0.00457911
0.00462721
0.00468326
0.00474699
0.00481801
0.0048959
0.00498017
0.0050703
0.00516572
0.00526582
0.00537
0.00547763
0.00558806
0.00570067
0.00581481
0.00592986
0.0060452
0.00616024
0.00627438
0.00638707
0.00649775
0.0066059
0.00671101
0.0068126
0.00691022
0.00700342
0.00709179
0.00717495
0.00725252
0.00732416
0.00738956
0.00744842
0.00750045
0.00754542
0.00758309
0.00761326
0.00763573
0.00765033
0.00765692
0.00765538
0.00764558
0.00762745
0.00760094
0.00756602
0.00752269
0.00747101
0.00741105
0.00734294
0.00726685
0.00718298
0.0070916
0.00699299
0.00688749
0.00677546
0.00665732
0.00653352
0.00640452
0.00627084
0.00613303
0.00599167
0.00584738
0.0057008
0.00555264
0.00540362
0.0052545
0.00510608
0.0049592
0.00481472
0.00467353
0.00453658
0.00440479
0.00427915
0.00416061
0.00405014
0.00394867
0.0038571
0.00377624
0.00370681
0.00364941
0.00360446
0.00357225
0.00355284
0.00354611
0.00355175
0.00356928
0.00359806
0.00363733
0.00368625
0.00374391
0.00380937
0.00388172
0.00396002
0.0040434
0.00413104
0.00422214
0.00431598
0.00441191
0.00450929
0.00460759
0.00470628
0.00480491
0.00490307
0.00500038
0.00509649
0.00519111
0.00528395
0.00537477
0.00546332
0.00554942
0.00563287
0.00571349
0.00579114
0.00586566
0.00593694
0.00600486
0.00606931
0.0061302
0.00618745
0.00624097
0.00629071
0.00633661
0.00637861
0.00641669
0.0064508
0.00648092
0.00650703
0.00652914
0.00654724
0.00656134
0.00657147
0.00657766
0.00657996
0.00657842
0.00657312
0.00656413
0.00655154
0.00653547
0.00651601
0.0064933
0.00646745
0.00643861
0.00640692
0.0063725
0.00633551
0.00629608
0.00625434
0.00621044
0.00616449
0.00611662
0.00606694
0.00601555
0.00596254
0.00590802
0.00585205
0.0057947
0.00573605
0.00567614
0.00561502
0.00555275
0.00548936
0.00542489
0.00535938
0.00529287
0.00522539
0.00515698
0.00508769
0.00501756
0.00494666
0.00487506
0.00480282
0.00473005
0.00465686
0.00458338
0.00450976
0.00443619
0.00436287
0.00429004
0.00421799
0.00414702
0.00407748
0.00400976
0.00394429
0.00388152
0.00382194
0.00376608
0.00371448
0.00366768
0.00362624
0.00359069
0.00356155
0.00353929
0.00352433
0.00351701
0.00351761
0.00352629
0.00354313
0.00356813
0.00360116
0.00364202
0.0036904
0.00374595
0.00380824
0.00387678
0.00395105
0.00403051
0.00411459
0.00420273
0.00429433
0.00438884
0.00448568
0.0045843
0.00468417
0.00478475
0.00488554
0.00498604
0.00508579
0.00518431
0.00528119
0.00537599
0.00546832
0.0055578
0.00564406
0.00572677
0.0058056
0.00588025
0.00595045
0.00601594
0.00607647
0.00613183
0.00618181
0.00622624
0.00626495
0.00629779
0.00632461
0.00634528
0.00635967
0.00636766
0.00636913
0.00636397
0.00635208
0.00633336
0.00630775
0.00627521
0.00623573
0.00618934
0.0061361
0.00607613
0.00600957
0.0059366
0.00585746
0.00577239
0.00568171
0.00558572
0.00548479
0.00537932
0.00526974
0.00515651
0.00504014
0.00492119
0.00480025
0.00467796
0.00455499
0.00443206
0.00430993
0.00418939
0.00407125
0.00395635
0.00384556
0.00373976
0.00363982
0.00354661
0.00346098
0.00338374
0.00331561
0.00325726
0.00320919
0.00317182
0.00314536
0.00312989
0.00312528
0.00313126
0.00314738
0.00317306
0.0032076
0.00325024
0.00330013
0.00335642
0.00341823
0.0034847
0.00355498
0.00362827
0.00370382
0.00378089
0.00385883
0.00393701
0.00401489
0.00409194
0.00416772
0.00424181
0.00431387
0.00438359
0.00445071
0.00451503
0.00457637
0.00463461
0.00468965
0.00474144
0.00478995
0.00483518
0.00487716
0.00491592
0.00495155
0.0049841
0.00501368
0.00504038
0.00506431
0.00508558
0.00510429
0.00512055
0.00513448
0.00514618
0.00515575
0.00516329
0.00516889
0.00517263
0.00517462
0.00517494
0.00517367
0.0051709
0.00516671
0.00516118
0.00515441
0.00514646
0.00513743
0.00512739
0.0051164
0.00510454
0.00509186
0.0050784
0.0050642
0.00504928
0.00503365
0.0050173
0.00500021
0.00498235
0.00496367
0.00494411
0.00492361
0.00490209
0.00487949
0.0048557
0.00483067
0.0048043
0.00477652
0.00474727
0.00471649
0.00468413
0.00465015
0.00461455
0.00457732
0.00453847
0.00449803
0.00445607
0.00441264
0.00436784
0.00432178
0.00427461
0.00422648
0.00417756
0.00412805
0.00407819
0.0040282
0.00397836
0.00392895
0.00388028
0.00383264
0.00378639
0.00374185
0.00369939
0.00365933
0.00362205
0.00358786
0.00355711
0.00353009
0.00350709
0.00348834
0.00347407
0.00346442
0.00345953
0.00345945
0.00346421
0.00347375
0.003488
0.00350682
0.00353002
0.00355739
0.00358866
0.00362355
0.00366176
0.00370295
0.00374679
0.00379293
0.00384102
0.00389072
0.00394168
0.00399357
0.00404605
0.0040988
0.00415153
0.00420394
0.00425574
0.00430666
0.00435646
0.00440488
0.00445169
0.00449669
0.00453967
0.00458043
0.00461881
0.00465463
0.00468774
0.004718
0.00474529
0.00476949
0.0047905
0.00480823
0.0048226
0.00483354
0.00484101
0.00484497
0.00484538
0.00484224
0.00483555
0.00482532
0.00481159
0.00479439
0.0047738
0.00474988
0.00472273
0.00469245
0.00465919
0.00462307
0.00458426
0.00454295
0.00449932
0.00445361
0.00440603
0.00435684
0.00430632
0.00425475
0.00420242
0.00414967
0.00409682
0.00404421
0.0039922
0.00394113
0.00389138
0.0038433
0.00379723
0.00375353
0.00371253
0.00367453
0.00363981
0.00360862
0.0035812
0.0035577
0.00353827
0.003523
0.00351193
0.00350504
0.00350229
0.00350357
0.00350873
0.00351759
0.00352991
0.00354546
0.00356393
0.00358503
0.00360844
0.00363381
0.00366083
0.00368913
0.00371839
0.00374826
0.00377843
0.00380858
0.0038384
0.00386762
0.00389596
0.00392318
0.00394905
0.00397336
0.00399592
0.00401658
0.0040352
0.00405167
0.00406589
0.0040778
0.00408737
0.00409459
0.00409946
0.00410203
0.00410235
0.00410052
0.00409663
0.00409082
0.00408324
0.00407405
0.00406344
0.0040516
0.00403874
0.00402509
0.00401088
0.00399633
0.00398168
0.00396715
0.00395299
0.00393939
0.00392658
0.00391475
0.00390406
0.00389469
0.00388675
0.00388036
0.0038756
0.00387253
0.00387117
0.00387153
0.00387357
0.00387724
0.00388245
0.00388911
0.00389709
0.00390624
0.0039164
0.00392739
0.00393903
0.00395112
0.00396346
0.00397584
0.00398807
0.00399994
0.00401125
0.00402181
0.00403144
0.00403996
0.0040472
0.00405302
0.00405727
0.00405983
0.00406058
0.00405944
0.00405633
0.00405117
0.00404393
0.00403457
0.00402308
0.00400948
0.00399379
0.00397605
0.00395632
0.00393469
0.00391125
0.00388612
0.00385944
0.00383135
0.00380203
0.00377167
0.00374044
0.00370858
0.00367631
0.00364384
0.00361144
0.00357935
0.00354781
0.00351708
0.00348742
0.00345907
0.00343227
0.00340725
0.00338422
0.00336339
0.00334492
0.00332898
0.0033157
0.00330517
0.00329747
0.00329266
0.00329073
0.00329168
0.00329546
0.003302
0.0033112
0.00332295
0.00333709
0.00335347
0.00337192
0.00339224
0.00341424
0.0034377
0.00346244
0.00348822
0.00351485
0.0035421
0.00356979
0.0035977
0.00362565
0.00365344
0.0036809
0.00370785
0.00373414
0.00375961
0.00378411
0.00380752
0.0038297
0.00385053
0.00386992
0.00388776
0.00390396
0.00391844
0.00393115
0.003942
0.00395096
0.00395799
0.00396304
0.0039661
0.00396716
0.00396621
0.00396327
0.00395834
0.00395145
0.00394264
0.00393196
0.00391946
0.00390521
0.00388928
0.00387176
0.00385273
0.0038323
0.00381057
0.00378766
0.00376369
0.00373879
0.0037131
0.00368673
0.00365985
0.00363258
0.00360507
0.00357748
0.00354993
0.00352257
0.00349554
0.00346898
0.00344302
0.00341777
0.00339336
0.0033699
0.00334749
0.00332622
0.00330616
0.0032874
0.00326998
0.00325396
0.00323936
0.00322622
0.00321455
0.00320433
0.00319556
0.00318821
0.00318225
0.00317763
0.0031743
0.00317219
0.00317123
0.00317134
0.00317244
0.00317445
0.00317727
0.00318081
0.00318498
0.00318968
0.00319484
0.00320035
0.00320615
0.00321214
0.00321826
0.00322444
0.00323063
0.00323678
0.00324285
0.0032488
0.00325462
0.0032603
0.00326583
0.00327122
0.00327649
0.00328166
0.00328676
0.00329184
0.00329695
0.00330213
0.00330744
0.00331293
0.00331868
0.00332474
0.00333116
0.00333802
0.00334535
0.0033532
0.00336163
0.00337065
0.0033803
0.00339058
0.00340151
0.00341308
0.00342526
0.00343803
0.00345135
0.00346516
0.00347941
0.00349402
0.0035089
0.00352397
0.00353913
0.00355428
0.0035693
0.00358408
0.0035985
0.00361245
0.00362579
0.00363842
0.00365021
0.00366104
0.00367079
0.00367936
0.00368664
0.00369252
0.00369691
0.00369972
0.00370086
0.00370026
0.00369784
0.00369355
0.00368734
0.00367916
0.00366898
0.00365677
0.00364252
0.00362623
0.0036079
0.00358756
0.00356522
0.00354094
0.00351477
0.00348676
0.003457
0.00342557
0.00339256
0.00335809
0.00332228
0.00328525
0.00324715
0.00320814
0.00316836
0.003128
0.00308723
0.00304624
0.00300522
0.00296436
0.00292388
0.00288398
0.00284488
0.00280677
0.00276988
0.00273441
0.00270057
0.00266856
0.00263857
0.00261079
0.0025854
0.00256254
0.00254238
0.00252504
0.00251064
0.00249928
0.00249103
0.00248595
0.00248407
0.00248542
0.00248999
0.00249775
0.00250865
0.00252264
0.00253964
0.00255955
0.00258226
0.00260764
0.00263557
0.00266589
0.00269846
0.00273311
0.00276968
0.00280799
0.00284788
0.00288915
0.00293164
0.00297515
0.0030195
0.00306452
0.00311002
0.00315581
0.00320171
0.00324755
0.00329314
0.00333831
0.00338288
0.0034267
0.00346958
0.00351136
0.00355188
0.003591
0.00362854
0.00366437
0.00369833
0.00373029
0.00376011
0.00378765
0.00381279
0.00383539
0.00385533
0.00387249
0.00388675
0.00389798
0.00390608
0.00391094
0.00391244
0.00391048
0.00390498
0.00389585
0.00388302
0.00386642
0.00384602
0.00382179
0.00379373
0.00376185
0.00372619
0.00368682
0.00364383
0.00359731
0.00354741
0.00349428
0.00343811
0.00337909
0.00331747
0.00325347
0.00318738
0.00311948
0.00305008
0.00297951
0.00290811
0.00283625
0.0027643
0.00269267
0.00262175
0.00255197
0.00248376
0.00241756
0.00235381
0.00229297
0.00223548
0.00218178
0.0021323
0.00208743
0.00204756
0.00201301
0.00198405
0.00196092
0.00194374
0.0019326
0.00192749
0.00192832
0.00193493
0.00194711
0.00196457
0.00198699
0.002014
0.00204522
0.00208026
0.00211872
0.00216021
0.00220434
0.00225074
0.00229907
0.00234899
0.0024002
0.00245239
0.0025053
0.00255869
0.00261231
0.00266596
0.00271943
0.00277256
0.00282517
0.00287712
0.00292827
0.0029785
0.00302768
0.00307574
0.00312256
0.00316807
0.00321219
0.00325486
0.00329602
0.0033356
0.00337356
0.00340984
0.00344441
0.00347722
0.00350823
0.0035374
0.0035647
0.00359009
0.00361353
0.00363499
0.00365444
0.00367185
0.00368717
0.00370038
0.00371145
0.00372034
0.00372703
0.00373148
0.00373366
0.00373355
0.00373112
0.00372635
0.00371922
0.00370971
0.00369781
0.00368351
0.0036668
0.00364768
0.00362616
0.00360224
0.00357594
0.00354727
0.00351626
0.00348295
0.00344737
0.00340955
0.00336957
0.00332745
0.00328328
0.0032371
0.003189
0.00313906
0.00308734
0.00303394
0.00297895
0.00292246
0.00286457
0.00280539
0.00274502
0.00268357
0.00262118
0.00255795
0.00249404
0.0024296
0.00236478
0.00229977
0.00223478
0.00217003
0.00210579
0.00204234
0.00198003
0.00191924
0.0018604
0.00180401
0.00175059
0.00170076
0.00165514
0.00161442
0.00157928
0.0015504
0.00152841
0.00151387
0.0015072
0.00150869
0.00151844
0.00153639
0.00156229
0.00159575
0.00163626
0.00168322
0.00173596
0.00179382
0.00185612
0.00192221
0.00199147
0.00206333
0.00213724
0.00221272
0.00228932
0.00236662
0.00244424
0.00252186
0.00259915
0.00267583
0.00275164
0.00282632
0.00289966
0.00297144
0.00304146
0.00310955
0.00317553
0.00323924
0.00330054
0.00335929
0.00341538
0.00346869
0.00351913
0.00356661
0.00361106
0.00365241
0.00369058
0.00372553
0.00375716
0.00378539
0.0038101
0.00383118
0.00384848
0.00386186
0.00387118
0.00387632
0.00387715
0.00387359
0.00386555
0.00385298
0.00383585
0.00381416
0.00378793
0.00375721
0.00372208
0.00368265
0.00363904
0.00359142
0.00353998
0.00348494
0.00342656
0.00336512
0.00330093
0.00323433
0.00316567
0.00309533
0.0030237
0.00295117
0.00287813
0.00280497
0.00273207
0.00265978
0.00258844
0.00251835
0.00244979
0.00238298
0.00231814
0.00225542
0.00219495
0.00213682
0.00208109
0.00202783
0.00197706
0.00192884
0.00188323
0.00184029
0.00180015
0.00176296
0.00172892
0.00169828
0.00167135
0.00164844
0.00162992
0.00161614
0.00160745
0.00160415
0.00160649
0.00161461
0.00162857
0.00164834
0.00167376
0.00170457
0.00174046
0.00178102
0.00182582
0.00187439
0.00192626
0.00198095
0.00203803
0.00209707
0.00215768
0.00221949
0.00228219
0.00234548
0.00240911
0.00247283
0.00253645
0.00259976
0.0026626
0.00272481
0.00278623
0.00284672
0.00290613
0.00296432
0.00302115
0.00307648
0.00313015
0.00318203
0.00323197
0.00327983
0.00332548
0.00336878
0.00340962
0.00344786
0.00348342
0.00351618
0.00354605
0.00357295
0.00359678
0.00361747
0.00363492
0.00364906
0.00365983
0.00366714
0.00367095
0.00367122
0.00366791
0.00366102
0.00365055
0.00363651
0.00361895
0.00359791
0.00357345
0.00354218
0.00350851
0.00347177
0.00343269
0.0033913
0.00334771
0.00330237
0.0032557
0.00320793
0.00315909
0.0031092
0.00305836
0.00300679
0.00295483
0.00290279
0.00285092
0.0027993
0.0027479
0.00269658
0.00264518
0.00259358
0.0025417
0.00248956
0.00243722
0.0023848
0.0023324
0.00228012
0.00222804
0.00217624
0.00212485
0.00207404
0.00202406
0.00197523
0.00192794
0.00188267
0.00183993
0.00180029
0.00176435
0.00173274
0.00170604
0.0016848
0.00166948
0.00166041
0.00165776
0.00166154
0.00167153
0.00168739
0.00170861
0.0017346
0.00176469
0.00179824
0.00183459
0.00187315
0.00191338
0.00195482
0.00199707
0.00203982
0.0020828
0.00212582
0.00216875
0.00221149
0.00225399
0.00229624
0.00233826
0.00238007
0.00242171
0.00246321
0.00250459
0.00254585
0.00258698
0.00262792
0.0026686
0.00270893
0.00274881
0.00278809
0.00282667
0.0028644
0.00290116
0.00293684
0.00297136
0.00300462
0.00303657
0.00306715
0.00309633
0.00312407
0.00315034
0.00317509
0.00319828
0.00321984
0.00323968
0.00325769
0.00327376
0.00328772
0.00329943
0.0033087
0.00331536
0.00331921
0.00332007
0.00331778
0.00331217
0.00330309
0.00329044
0.00327411
0.00325404
0.00323018
0.00320251
0.00317105
0.00313584
0.00309692
0.00305439
0.00300834
0.00295889
0.00290618
0.00285036
0.00279158
0.00273004
0.00266591
0.00259939
0.00253071
0.00246009
0.00238778
0.00231405
0.00223919
0.00216354
0.00208745
0.00201133
0.00193563
0.00186086
0.00178758
0.00171643
0.00164811
0.0015834
0.00152312
0.00146816
0.0014194
0.00137771
0.00134391
0.00131866
0.00130244
0.00129549
0.00129777
0.00130898
0.00132856
0.00135576
0.00138971
0.00142944
0.001474
0.00152245
0.00157393
0.00162762
0.00168283
0.00173891
0.00179532
0.00185158
0.0019073
0.00196212
0.00201576
0.00206798
0.00211858
0.0021674
0.00221431
0.00225922
0.00230205
0.00234275
0.00238131
0.00241771
0.00245196
0.0024841
0.00251416
0.00254219
0.00256827
0.00259247
0.00261487
0.00263557
0.00265465
0.00267222
0.00268837
0.0027032
0.0027168
0.00272924
0.00274062
0.002751
0.00276044
0.00276899
0.00277668
0.00278354
0.00278957
0.00279478
0.00279916
0.00280269
0.00280532
0.00280702
0.00280775
0.00280743
0.00280602
0.00280344
0.00279962
0.0027945
0.00278801
0.00278008
0.00277063
0.00275963
0.002747
0.00273271
0.00271672
0.00269899
0.00267953
0.00265833
0.00263539
0.00261074
0.00258443
0.0025565
0.00252704
0.00249612
0.00246384
0.00243032
0.0023957
0.0023601
0.0023237
0.00228665
0.00224913
0.00221132
0.00217343
0.00213566
0.0020982
0.00206128
0.00202509
0.00198985
0.00195576
0.00192303
0.00189185
0.0018624
0.00183486
0.00180937
0.00178607
0.00176509
0.00174653
0.00173045
0.00171691
0.00170593
0.00169753
0.00169167
0.00168832
0.00168741
0.00168886
0.00169257
0.00169844
0.00170633
0.00171614
0.00172771
0.00174092
0.00175562
0.0017717
0.00178901
0.00180742
0.00182683
0.0018471
0.00186814
0.00188985
0.00191211
0.00193486
0.001958
0.00198145
0.00200514
0.002029
0.00205296
0.00207696
0.00210093
0.00212482
0.00214856
0.0021721
0.00219537
0.00221832
0.00224089
0.00226301
0.00228463
0.00230568
0.00232611
0.00234585
0.00236483
0.002383
0.0024003
0.00241665
0.002432
0.00244629
0.00245945
0.00247144
0.00248219
0.00249164
0.00249976
0.00250649
0.00251179
0.00251562
0.00251794
0.00251872
0.00251793
0.00251557
0.0025116
0.00250602
0.00249884
0.00249004
0.00247966
0.0024677
0.00245419
0.00243918
0.00242269
0.00240478
0.00238552
0.00236497
0.0023432
0.00232031
0.00229638
0.00227151
0.00224582
0.00221941
0.00219243
0.00216498
0.00213721
0.00210927
0.00208129
0.00205342
0.00202582
0.00199865
0.00197204
0.00194615
0.00192113
0.00189713
0.00187427
0.00185269
0.00183249
0.0018138
0.00179669
0.00178125
0.00176754
0.00175559
0.00174544
0.0017371
0.00173055
0.00172577
0.00172271
0.00172133
0.00172156
0.00172331
0.00172649
0.00173102
0.0017368
0.00174371
0.00175166
0.00176055
0.00177027
0.00178073
0.00179183
0.00180349
0.00181564
0.00182818
0.00184106
0.00185421
0.00186758
0.00188112
0.00189479
0.00190854
0.00192235
0.00193618
0.00195001
0.00196382
0.00197758
0.00199128
0.0020049
0.00201842
0.00203183
0.0020451
0.00205821
0.00207115
0.00208389
0.0020964
0.00210865
0.00212063
0.00213228
0.00214358
0.00215449
0.00216496
0.00217497
0.00218445
0.00219337
0.00220168
0.00220933
0.00221628
0.00222247
0.00222787
0.00223243
0.00223611
0.00223887
0.00224066
0.00224146
0.00224124
0.00223997
0.00223763
0.00223421
0.00222968
0.00222406
0.00221734
0.00220952
0.00220063
0.00219068
0.00217971
0.00216774
0.00215481
0.00214098
0.00212629
0.00211082
0.00209462
0.00207777
0.00206035
0.00204245
0.00202415
0.00200554
0.00198673
0.00196782
0.0019489
0.00193008
0.00191146
0.00189315
0.00187526
0.00185788
0.0018411
0.00182503
0.00180974
0.00179533
0.00178185
0.00176938
0.00175798
0.00174768
0.00173852
0.00173053
0.00172373
0.00171811
0.00171368
0.00171041
0.00170829
0.00170728
0.00170734
0.00170843
0.0017105
0.00171349
0.00171735
0.00172201
0.00172741
0.0017335
0.00174022
0.0017475
0.00175529
0.00176353
0.00177218
0.00178119
0.00179051
0.00180011
0.00180994
0.00181998
0.0018302
0.00184055
0.00185103
0.00186161
0.00187227
0.00188298
0.00189373
0.00190451
0.00191529
0.00192605
0.00193679
0.00194746
0.00195807
0.00196858
0.00197896
0.00198919
0.00199925
0.0020091
0.00201871
0.00202804
0.00203705
0.00204571
0.00205397
0.0020618
0.00206915
0.00207597
0.00208221
0.00208785
0.00209282
0.00209709
0.00210061
0.00210334
0.00210525
0.00210629
0.00210642
0.00210563
0.00210387
0.00210113
0.00209738
0.00209261
0.00208681
0.00207996
0.00207207
0.00206315
0.0020532
0.00204223
0.00203027
0.00201735
0.00200349
0.00198874
0.00197313
0.00195672
0.00193957
0.00192173
0.00190328
0.00188428
0.00186481
0.00184496
0.00182481
0.00180445
0.00178398
0.0017635
0.00174311
0.00172291
0.001703
0.0016835
0.00166452
0.00164615
0.0016285
0.00161168
0.00159578
0.0015809
0.00156713
0.00155455
0.00154324
0.00153327
0.00152469
0.00151756
0.00151191
0.00150776
0.00150515
0.00150406
0.00150451
0.00150646
0.0015099
0.00151479
0.00152108
0.00152873
0.00153768
0.00154786
0.0015592
0.00157163
0.00158508
0.00159946
0.00161469
0.00163069
0.00164739
0.00166469
0.00168252
0.00170079
0.00171943
0.00173836
0.00175749
0.00177675
0.00179607
0.00181537
0.00183458
0.00185362
0.00187243
0.00189094
0.00190907
0.00192677
0.00194396
0.00196059
0.00197658
0.00199189
0.00200645
0.00202021
0.00203311
0.00204509
0.00205611
0.00206612
0.00207507
0.00208293
0.00208964
0.00209518
0.0020995
0.00210259
0.00210441
0.00210494
0.00210416
0.00210206
0.00209863
0.00209387
0.00208776
0.00208031
0.00207154
0.00206145
0.00205006
0.0020374
0.00202348
0.00200835
0.00199203
0.00197457
0.00195601
0.00193641
0.00191582
0.00189429
0.0018719
0.00184871
0.00182479
0.00180022
0.00177509
0.00174947
0.00172346
0.00169714
0.00167062
0.001644
0.00161738
0.00159086
0.00156456
0.00153859
0.00151305
0.00148808
0.00146378
0.00144028
0.0014177
0.00139615
0.00137574
0.00135661
0.00133885
0.00132257
0.00130787
0.00129485
0.00128358
0.00127415
0.00126661
0.00126101
0.00125738
0.00125576
0.00125614
0.00125851
0.00126286
0.00126915
0.00127733
0.00128734
0.0012991
0.00131255
0.00132758
0.00134412
0.00136205
0.00138127
0.00140169
0.00142319
0.00144567
0.00146902
0.00149313
0.00151789
0.0015432
0.00156896
0.00159507
0.00162142
0.00164792
0.00167448
0.00170099
0.00172737
0.00175352
0.00177937
0.00180482
0.0018298
0.00185421
0.00187799
0.00190106
0.00192333
0.00194475
0.00196523
0.00198472
0.00200315
0.00202045
0.00203657
0.00205146
0.00206505
0.00207729
0.00208815
0.00209757
0.00210552
0.00211195
0.00211684
0.00212015
0.00212185
0.00212192
0.00212034
0.0021171
0.00211218
0.00210557
0.00209727
0.00208727
0.00207559
0.00206221
0.00204717
0.00203046
0.00201211
0.00199214
0.00197057
0.00194744
0.00192277
0.00189662
0.00186901
0.00184
0.00180964
0.00177798
0.00174508
0.00171101
0.00167585
0.00163966
0.00160254
0.00156456
0.00152584
0.00148647
0.00144657
0.00140626
0.00136567
0.00132497
0.0012843
0.00124384
0.0012038
0.00116437
0.0011258
0.00108834
0.00105227
0.00101789
0.000985515
0.000955502
0.000928201
0.000903977
0.000883185
0.000866164
0.000853212
0.000844574
0.000840425
0.000840853
0.000845856
0.00085534
0.00086913
0.000886977
0.000908582
0.000933608
0.0009617
0.000992497
0.00102564
0.0010608
0.00109765
0.00113589
0.00117524
0.00121546
0.0012563
0.00129755
0.00133902
0.00138054
0.00142194
0.00146306
0.00150378
0.00154396
0.00158349
0.00162225
0.00166015
0.00169709
0.00173297
0.00176773
0.00180127
0.00183353
0.00186444
0.00189394
0.00192196
0.00194844
0.00197335
0.00199662
0.00201821
0.00203809
0.00205621
0.00207254
0.00208705
0.00209971
0.0021105
0.00211939
0.00212637
0.00213142
0.00213453
0.0021357
0.00213491
0.00213218
0.00212749
0.00212085
0.00211228
0.00210178
0.00208937
0.00207506
0.00205888
0.00204084
0.00202097
0.00199931
0.00197589
0.00195073
0.00192388
0.00189538
0.00186527
0.00183359
0.00180041
0.00176575
0.00172969
0.00169228
0.00165358
0.00161365
0.00157256
0.00153038
0.0014872
0.00144307
0.0013981
0.00135237
0.00130599
0.00125905
0.00121167
0.00116398
0.00111612
0.00106824
0.00102053
0.000973177
0.000926415
0.000880506
0.000835758
0.000792527
0.000751227
0.000712338
0.000676408
0.000644054
0.000615944
0.00059277
0.000575199
0.0005638
0.000558976
0.000560899
0.000569479
0.000584382
0.000605079
0.000630922
0.000661215
0.00069527
0.000732445
0.000772162
0.000813917
0.000857269
0.000901843
0.000947315
0.000993409
0.00103989
0.00108654
0.00113318
0.00117965
0.00122582
0.00127155
0.00131672
0.00136123
0.00140499
0.0014479
0.00148988
0.00153085
0.00157074
0.00160948
0.00164701
0.00168327
0.00171819
0.00175172
0.00178382
0.00181442
0.00184349
0.00187097
0.00189684
0.00192104
0.00194354
0.00196432
0.00198332
0.00200054
0.00201593
0.00202948
0.00204116
0.00205095
0.00205884
0.00206481
0.00206884
0.00207094
0.00207109
0.00206928
0.00206552
0.0020598
0.00205212
0.0020425
0.00203093
0.00201744
0.00200202
0.00198469
0.00196548
0.00194439
0.00192146
0.00189669
0.00187012
0.00184178
0.00181169
0.00177989
0.00174641
0.00171128
0.00167455
0.00163625
0.00159642
0.00155511
0.00151237
0.00146823
0.00142277
0.00137601
0.00132803
0.00127888
0.00122861
0.0011773
0.00112502
0.00107183
0.00101782
0.00096307
0.000907682
0.00085176
0.00079543
0.000738836
0.000682155
0.000625608
0.000569478
0.000514145
0.000460141
0.000408229
0.000359545
0.000315795
0.000279487
0.000253973
0.000242754
0.000247791
0.000268115
0.000300542
0.000341506
0.000388154
0.000438499
0.000491215
0.000545417
0.000600496
0.000656024
0.000711682
0.00076723
0.000822475
0.00087726
0.000931455
0.000984944
0.00103763
0.00108942
0.00114023
0.00118999
0.00123863
0.00128609
0.00133229
0.0013772
0.00142074
0.00146288
0.00150356
0.00154274
0.00158037
0.00161642
0.00165085
0.00168363
0.00171471
0.00174408
0.00177171
0.00179756
0.00182162
0.00184388
0.0018643
0.00188288
0.00189961
0.00191447
0.00192745
0.00193856
0.00194779
0.00195514
0.00196061
0.0019642
0.00196592
0.00196579
0.00196381
0.00195999
0.00195435
0.00194691
0.00193769
0.00192671
0.00191399
0.00189955
0.00188344
0.00186566
0.00184627
0.00182528
0.00180274
0.00177867
0.00175313
0.00172614
0.00169776
0.00166802
0.00163696
0.00160465
0.00157112
0.00153642
0.00150062
0.00146377
0.00142592
0.00138714
0.00134749
0.00130704
0.00126587
0.00122405
0.00118167
0.00113881
0.00109557
0.00105207
0.00100843
0.00096477
0.00092125
0.000878042
0.000835341
0.000793377
0.000752414
0.000712762
0.000674783
0.000638897
0.000605589
0.00057541
0.000548962
0.000526879
0.000509782
0.000498219
0.00049259
0.000493092
0.000499675
0.000512054
0.000529756
0.000552186
0.000578696
0.000608645
0.000641431
0.000676516
0.000713427
0.000751757
0.000791156
0.000831326
0.000872013
0.000912997
0.000954089
0.000995125
0.00103596
0.00107647
0.00111653
0.00115605
0.00119493
0.00123308
0.00127044
0.00130693
0.00134248
0.00137704
0.00141054
0.00144294
0.00147418
0.00150422
0.00153301
0.00156052
0.00158671
0.00161154
0.00163499
0.00165701
0.00167759
0.0016967
0.00171431
0.00173041
0.00174498
0.001758
0.00176946
0.00177935
0.00178766
0.00179438
0.00179951
0.00180305
0.00180499
0.00180533
0.0018041
0.00180128
0.00179688
0.00179093
0.00178343
0.00177439
0.00176385
0.0017518
0.00173829
0.00172332
0.00170693
0.00168915
0.00167
0.00164953
0.00162776
0.00160473
0.00158049
0.00155508
0.00152853
0.00150091
0.00147226
0.00144264
0.00141211
0.00138071
0.00134853
0.00131563
0.00128209
0.00124798
0.00121339
0.00117841
0.00114315
0.0011077
0.00107219
0.00103674
0.00100149
0.000966603
0.000932237
0.00089858
0.000865836
0.000834227
0.000803997
0.000775409
0.000748744
0.0007243
0.000702381
0.000683293
0.000667327
0.000654745
0.000645767
0.000640548
0.00063917
0.000641633
0.000647853
0.000657671
0.000670863
0.000687156
0.000706248
0.000727822
0.000751561
0.000777154
0.000804308
0.000832749
0.000862226
0.000892508
0.000923389
0.000954679
0.00098621
0.00101783
0.0010494
0.00108079
0.0011119
0.00114262
0.00117286
0.00120254
0.00123158
0.00125991
0.00128746
0.00131419
0.00134003
0.00136494
0.00138887
0.00141179
0.00143365
0.00145442
0.00147408
0.0014926
0.00150995
0.00152612
0.00154107
0.00155481
0.00156731
0.00157857
0.00158857
0.00159732
0.0016048
0.00161102
0.00161597
0.00161966
0.00162209
0.00162328
0.00162322
0.00162193
0.00161943
0.00161572
0.00161082
0.00160475
0.00159754
0.0015892
0.00157975
0.00156922
0.00155765
0.00154505
0.00153146
0.00151691
0.00150143
0.00148507
0.00146786
0.00144984
0.00143105
0.00141153
0.00139135
0.00137053
0.00134914
0.00132723
0.00130485
0.00128206
0.00125894
0.00123553
0.00121192
0.00118817
0.00116437
0.00114058
0.0011169
0.00109342
0.00107022
0.00104741
0.00102508
0.00100334
0.000982309
0.000962089
0.000942797
0.000924551
0.000907468
0.000891662
0.000877247
0.000864329
0.000853007
0.000843372
0.000835498
0.000829448
0.000825267
0.00082298
0.000822593
0.000824092
0.000827445
0.000832599
0.000839485
0.000848019
0.000858105
0.000869637
0.0008825
0.000896578
0.000911749
0.00092789
0.000944883
0.000962607
0.000980949
0.000999797
0.00101904
0.00103859
0.00105834
0.00107821
0.0010981
0.00111793
0.00113764
0.00115715
0.0011764
0.00119531
0.00121385
0.00123194
0.00124955
0.00126663
0.00128313
0.00129901
0.00131424
0.00132879
0.00134261
0.0013557
0.00136801
0.00137952
0.00139022
0.00140009
0.0014091
0.00141725
0.00142452
0.0014309
0.00143639
0.00144097
0.00144464
0.0014474
0.00144925
0.00145019
0.00145021
0.00144933
0.00144755
0.00144488
0.00144132
0.0014369
0.00143161
0.00142548
0.00141852
0.00141074
0.00140218
0.00139285
0.00138277
0.00137197
0.00136047
0.00134831
0.00133552
0.00132212
0.00130816
0.00129368
0.0012787
0.00126328
0.00124746
0.00123129
0.00121481
0.00119809
0.00118116
0.0011641
0.00114697
0.00112981
0.00111272
0.00109574
0.00107895
0.00106243
0.00104625
0.00103049
0.00101522
0.00100054
0.000986511
0.000973222
0.000960748
0.000949167
0.000938552
0.000928971
0.000920488
0.00091316
0.000907035
0.000902154
0.000898548
0.000896235
0.000895226
0.000895518
0.000897098
0.00089994
0.000904011
0.000909266
0.000915651
0.000923105
0.000931562
0.000940947
0.000951184
0.000962193
0.000973893
0.0009862
0.000999031
0.0010123
0.00102594
0.00103986
0.00105398
0.00106824
0.00108255
0.00109686
0.0011111
0.0011252
0.00113911
0.00115277
0.00116614
0.00117916
0.00119178
0.00120397
0.00121569
0.0012269
0.00123757
0.00124766
0.00125715
0.00126602
0.00127424
0.0012818
0.00128867
0.00129484
0.00130031
0.00130505
0.00130906
0.00131234
0.00131487
0.00131667
0.00131773
0.00131805
0.00131764
0.0013165
0.00131465
0.00131208
0.00130882
0.00130487
0.00130026
0.00129499
0.00128909
0.00128257
0.00127546
0.00126779
0.00125957
0.00125083
0.00124161
0.00123193
0.00122182
0.00121131
0.00120045
0.00118926
0.00117779
0.00116607
0.00115414
0.00114205
0.00112984
0.00111756
0.00110524
0.00109295
0.00108072
0.0010686
0.00105666
0.00104493
0.00103347
0.00102233
0.00101157
0.00100123
0.000991363
0.00098202
0.000973248
0.000965092
0.000957596
0.000950799
0.000944738
0.000939446
0.00093495
0.000931274
0.000928436
0.000926448
0.000925319
0.000925048
0.000925631
0.000927059
0.000929315
0.000932378
0.000936222
0.000940815
0.000946124
0.000952108
0.000958726
0.000965933
0.000973681
0.000981922
0.000990606
0.00099968
0.0010091
0.0010188
0.00102874
0.00103886
0.00104912
0.00105947
0.00106986
0.00108023
0.00109056
0.00110079
0.00111087
0.00112078
0.00113048
0.00113991
0.00114906
0.00115788
0.00116635
0.00117443
0.0011821
0.00118934
0.00119611
0.00120239
0.00120816
0.00121341
0.00121812
0.00122226
0.00122583
0.00122881
0.0012312
0.00123297
0.00123413
0.00123467
0.00123458
0.00123386
0.0012325
0.00123052
0.0012279
0.00122466
0.0012208
0.00121632
0.00121123
0.00120555
0.00119928
0.00119244
0.00118504
0.0011771
0.00116863
0.00115967
0.00115023
0.00114034
0.00113001
0.00111929
0.00110821
0.00109678
0.00108506
0.00107308
0.00106087
0.00104848
0.00103596
0.00102335
0.00101069
0.000998054
0.00098548
0.000973027
0.000960754
0.00094872
0.000936986
0.000925615
0.000914671
0.000904217
0.000894316
0.000885033
0.000876428
0.000868562
0.00086149
0.000855266
0.000849938
0.000845549
0.000842135
0.000839728
0.000838348
0.00083801
0.000838721
0.000840477
0.000843269
0.000847077
0.000851874
0.000857627
0.000864293
0.000871827
0.000880176
0.000889284
0.00089909
0.000909532
0.000920545
0.000932063
0.000944018
0.000956344
0.000968974
0.000981842
0.000994884
0.00100804
0.00102124
0.00103443
0.00104755
0.00106055
0.00107337
0.00108596
0.00109828
0.00111027
0.00112189
0.00113311
0.00114388
0.00115416
0.00116391
0.00117312
0.00118173
0.00118974
0.0011971
0.0012038
0.00120981
0.00121511
0.00121969
0.00122352
0.00122659
0.0012289
0.00123042
0.00123115
0.00123109
0.00123022
0.00122855
0.00122607
0.00122279
0.0012187
0.00121381
0.00120813
0.00120166
0.00119442
0.00118642
0.00117766
0.00116817
0.00115797
0.00114707
0.00113549
0.00112327
0.00111042
0.00109698
0.00108298
0.00106844
0.00105341
0.00103793
0.00102204
0.00100578
0.000989202
0.000972356
0.000955298
0.000938085
0.00092078
0.00090345
0.000886163
0.000868995
0.000852024
0.000835332
0.000819006
0.000803137
0.000787818
0.000773146
0.00075922
0.000746141
0.000734008
0.000722922
0.000712976
0.000704263
0.000696865
0.000690857
0.000686301
0.000683246
0.000681729
0.000681766
0.00068336
0.000686496
0.000691142
0.000697253
0.000704768
0.000713616
0.000723716
0.000734979
0.000747309
0.00076061
0.000774781
0.000789723
0.000805336
0.000821523
0.000838189
0.000855244
0.000872599
0.000890171
0.000907879
0.000925648
0.000943406
0.000961084
0.000978619
0.00099595
0.00101302
0.00102977
0.00104616
0.00106213
0.00107764
0.00109265
0.00110712
0.00112101
0.00113428
0.0011469
0.00115885
0.00117008
0.00118058
0.00119032
0.00119927
0.00120742
0.00121474
0.00122121
0.00122682
0.00123156
0.0012354
0.00123834
0.00124037
0.00124147
0.00124165
0.00124088
0.00123918
0.00123653
0.00123293
0.00122839
0.0012229
0.00121647
0.0012091
0.0012008
0.00119158
0.00118143
0.00117038
0.00115844
0.00114562
0.00113193
0.0011174
0.00110204
0.00108587
0.00106893
0.00105122
0.00103279
0.00101366
0.000993869
0.000973448
0.000952437
0.00093088
0.000908824
0.000886318
0.000863418
0.000840185
0.000816683
0.000792987
0.000769175
0.000745335
0.000721563
0.000697968
0.000674666
0.00065179
0.000629484
0.000607906
0.000587231
0.000567648
0.00054936
0.000532583
0.000517538
0.000504449
0.000493531
0.000484984
0.000478975
0.000475631
0.000475031
0.000477192
0.000482077
0.000489592
0.000499595
0.000511908
0.000526327
0.000542635
0.00056061
0.000580032
0.000600692
0.000622392
0.000644947
0.000668189
0.000691961
0.000716124
0.000740548
0.000765116
0.000789722
0.00081427
0.00083867
0.000862842
0.00088671
0.000910208
0.00093327
0.000955839
0.000977861
0.000999284
0.00102006
0.00104015
0.00105951
0.0010781
0.00109589
0.00111285
0.00112893
0.00114412
0.00115839
0.00117171
0.00118405
0.00119541
0.00120575
0.00121507
0.00122334
0.00123055
0.00123669
0.00124174
0.00124571
0.00124857
0.00125032
0.00125096
0.00125048
0.00124888
0.00124616
0.00124233
0.00123737
0.00123131
0.00122413
0.00121585
0.00120647
0.00119601
0.00118447
0.00117187
0.00115822
0.00114353
0.00112782
0.00111111
0.00109341
0.00107475
0.00105515
0.00103463
0.00101321
0.000990925
0.0009678
0.000943864
0.000919149
0.000893689
0.00086752
0.00084068
0.000813211
0.000785156
0.000756563
0.000727485
0.00069798
0.000668109
0.000637943
0.000607562
0.000577057
0.000546531
0.000516107
0.000485929
0.000456172
0.000427048
0.000398814
0.000371792
0.000346377
0.000323053
0.000302398
0.000285076
0.00027179
0.0002632
0.0002598
0.000261798
0.000269061
0.000281149
0.000297423
0.000317178
0.000339733
0.000364484
0.000390926
0.00041864
0.000447291
0.000476604
0.000506358
0.000536372
0.000566495
0.000596599
0.000626578
0.000656337
0.000685797
0.000714884
0.000743536
0.000771693
0.000799305
0.000826322
0.0008527
0.000878399
0.000903379
0.000927605
0.000951043
0.000973663
0.000995434
0.00101633
0.00103632
0.00105539
0.0010735
0.00109065
0.0011068
0.00112194
0.00113605
0.00114912
0.00116114
0.00117207
0.00118193
0.00119068
0.00119834
0.00120487
0.00121029
0.00121457
0.00121773
0.00121974
0.00122062
0.00122036
0.00121895
0.00121641
0.00121273
0.00120791
0.00120196
0.00119489
0.0011867
0.0011774
0.00116699
0.0011555
0.00114293
0.00112929
0.00111459
0.00109886
0.0010821
0.00106433
0.00104558
0.00102585
0.00100517
0.000983563
0.000961043
0.000937637
0.000913368
0.000888261
0.00086234
0.000835633
0.000808166
0.00077997
0.000751072
0.000721505
0.000691299
0.000660488
0.000629107
0.00059719
0.000564778
0.000531909
0.000498628
0.000464981
0.00043102
0.000396805
0.000362405
0.000327907
0.000293419
0.000259093
0.00022515
0.000191939
0.000160063
0.000130641
0.000105862
8.97481e-05
8.72676e-05
9.9417e-05
0.000121831
0.000149887
0.000180879
0.000213421
0.000246787
0.000280564
0.0003145
0.000348425
0.00038222
0.000415795
0.000449075
0.000482001
0.000514519
0.000546582
0.000578148
0.000609176
0.00063963
0.000669475
0.000698677
0.000727206
0.000755031
0.000782124
0.000808456
0.000834001
0.000858734
0.00088263
0.000905667
0.000927821
0.000949073
0.000969401
0.000988787
0.00100721
0.00102466
0.00104112
0.00105656
0.00107099
0.00108438
0.00109673
0.00110802
0.00111824
0.00112739
0.00113546
0.00114244
0.00114833
0.00115313
0.00115683
0.00115943
0.00116092
0.00116132
0.00116063
0.00115883
0.00115595
0.00115199
0.00114694
0.00114083
0.00113365
0.00112542
0.00111615
0.00110585
0.00109453
0.00108221
0.00106891
0.00105463
0.0010394
0.00102323
0.00100615
0.000988169
0.000969317
0.000949615
0.000929086
0.000907755
0.000885648
0.000862793
0.000839219
0.000814955
0.000790034
0.000764488
0.000738353
0.000711666
0.000684466
0.000656795
0.000628698
0.000600226
0.00057143
0.000542372
0.000513119
0.000483746
0.000454344
0.000425018
0.000395895
0.000367133
0.000338931
0.000311544
0.000285306
0.000260653
0.000238162
0.000218569
0.000202769
0.000191735
0.000186326
0.000187016
0.000193705
0.000205754
0.000222224
0.000242132
0.000264615
0.000288977
0.000314681
0.000341321
0.00036859
0.00039625
0.000424118
0.000452049
0.000479926
0.00050765
0.000535141
0.000562329
0.000589154
0.000615563
0.000641508
0.000666946
0.000691838
0.000716149
0.000739846
0.000762899
0.000785279
0.000806959
0.000827916
0.000848125
0.000867566
0.000886218
0.000904062
0.00092108
0.000937257
0.000952576
0.000967025
0.000980589
0.000993257
0.00100502
0.00101586
0.00102578
0.00103477
0.00104282
0.00104993
0.00105608
0.00106129
0.00106554
0.00106884
0.00107118
0.00107257
0.00107301
0.00107249
0.00107103
0.00106864
0.00106531
0.00106105
0.00105587
0.00104979
0.00104281
0.00103494
0.00102619
0.00101659
0.00100614
0.00099486
0.000982768
0.000969881
0.000956218
0.000941802
0.000926652
0.000910793
0.000894249
0.000877047
0.000859213
0.000840777
0.000821771
0.000802226
0.000782179
0.000761667
0.00074073
0.000719411
0.000697755
0.000675814
0.000653641
0.000631295
0.000608842
0.000586353
0.000563907
0.000541593
0.000519508
0.000497764
0.000476486
0.000455814
0.000435906
0.000416941
0.000399115
0.000382647
0.000367769
0.000354724
0.000343757
0.000335097
0.000328942
0.00032544
0.000324671
0.000326639
0.00033127
0.000338418
0.000347887
0.000359441
0.00037283
0.000387801
0.000404112
0.000421534
0.000439863
0.000458912
0.000478519
0.000498536
0.000518837
0.000539308
0.000559851
0.000580376
0.000600806
0.000621071
0.000641108
0.000660862
0.000680281
0.000699319
0.000717935
0.00073609
0.000753749
0.000770881
0.000787456
0.000803446
0.000818828
0.000833577
0.000847674
0.000861098
0.000873833
0.000885862
0.000897171
0.000907746
0.000917575
0.000926649
0.000934959
0.000942495
0.000949252
0.000955224
0.000960406
0.000964797
0.000968393
0.000971194
0.0009732
0.000974412
0.000974834
0.000974468
0.00097332
0.000971395
0.0009687
0.000965243
0.000961033
0.000956082
0.000950399
0.000943998
0.000936891
0.000929095
0.000920625
0.000911498
0.000901733
0.000891348
0.000880366
0.000868809
0.0008567
0.000844064
0.000830928
0.000817321
0.000803271
0.000788812
0.000773976
0.0007588
0.000743321
0.000727579
0.000711616
0.00069548
0.000679216
0.000662879
0.000646521
0.000630202
0.000613984
0.000597934
0.000582124
0.000566629
0.000551529
0.000536909
0.000522859
0.000509471
0.000496843
0.000485072
0.000474257
0.000464497
0.000455883
0.000448504
0.000442437
0.000437746
0.00043448
0.000432671
0.000432329
0.000433446
0.000435994
0.000439923
0.00044517
0.000451657
0.000459295
0.000467988
0.000477634
0.000488132
0.000499378
0.000511274
0.000523721
0.000536628
0.000549907
0.000563477
0.00057726
0.000591185
0.000605186
0.0006192
0.000633173
0.00064705
0.000660784
0.000674329
0.000687644
0.000700692
0.000713436
0.000725845
0.000737888
0.000749538
0.000760769
0.000771558
0.000781883
0.000791725
0.000801066
0.00080989
0.000818181
0.000825926
0.000833113
0.000839732
0.000845774
0.00085123
0.000856093
0.000860358
0.00086402
0.000867077
0.000869526
0.000871365
0.000872595
0.000873218
0.000873234
0.000872648
0.000871464
0.000869687
0.000867324
0.000864382
0.000860869
0.000856797
0.000852174
0.000847013
0.000841327
0.000835131
0.000828439
0.000821267
0.000813635
0.000805559
0.000797061
0.000788163
0.000778885
0.000769254
0.000759294
0.000749033
0.000738499
0.000727722
0.000716734
0.000705569
0.000694262
0.00068285
0.000671372
0.000659869
0.000648383
0.00063696
0.000625645
0.000614487
0.000603536
0.000592844
0.000582464
0.00057245
0.000562856
0.000553738
0.000545151
0.000537148
0.000529782
0.000523102
0.000517156
0.000511983
0.000507623
0.000504104
0.000501451
0.000499681
0.000498801
0.00049881
0.000499702
0.000501458
0.000504056
0.000507462
0.000511641
0.000516547
0.000522135
0.000528353
0.000535147
0.000542462
0.000550241
0.000558429
0.000566968
0.000575806
0.000584886
0.000594158
0.000603572
0.000613078
0.000622632
0.00063219
0.000641709
0.000651152
0.000660481
0.000669661
0.000678659
0.000687446
0.000695992
0.000704271
0.000712258
0.000719929
0.000727264
0.000734243
0.000740848
0.000747063
0.000752871
0.000758261
0.000763219
0.000767735
0.0007718
0.000775405
0.000778543
0.00078121
0.000783401
0.000785112
0.000786342
0.00078709
0.000787356
0.000787142
0.00078645
0.000785285
0.000783652
0.000781556
0.000779005
0.000776007
0.000772572
0.000768711
0.000764434
0.000759756
0.00075469
0.000749252
0.000743457
0.000737324
0.000730872
0.00072412
0.000717091
0.000709805
0.000702288
0.000694564
0.000686659
0.000678602
0.00067042
0.000662145
0.000653807
0.000645439
0.000637074
0.000628749
0.000620497
0.000612357
0.000604365
0.000596559
0.000588979
0.000581663
0.000574649
0.000567975
0.00056168
0.000555798
0.000550366
0.000545415
0.000540977
0.000537077
0.000533741
0.000530988
0.000528835
0.000527293
0.00052637
0.000526068
0.000526384
0.000527311
0.000528837
0.000530945
0.000533615
0.000536822
0.000540538
0.000544734
0.000549376
0.000554429
0.000559856
0.000565619
0.000571681
0.000578003
0.000584547
0.000591273
0.000598144
0.000605124
0.000612176
0.000619265
0.000626358
0.000633422
0.000640425
0.000647339
0.000654133
0.000660782
0.00066726
0.000673542
0.000679605
0.000685428
0.000690991
0.000696274
0.000701261
0.000705935
0.00071028
0.000714284
0.000717934
0.000721217
0.000724125
0.000726648
0.000728778
0.000730508
0.000731834
0.000732749
0.000733252
0.000733339
0.00073301
0.000732264
0.000731103
0.000729528
0.000727543
0.000725151
0.000722359
0.000719172
0.000715599
0.000711648
0.000707329
0.000702654
0.000697633
0.000692282
0.000686613
0.000680645
0.000674393
0.000667876
0.000661114
0.000654129
0.000646942
0.000639578
0.000632062
0.000624421
0.000616683
0.000608878
0.000601037
0.000593193
0.000585379
0.000577631
0.000569984
0.000562477
0.000555148
0.000548036
0.00054118
0.000534622
0.000528399
0.000522553
0.000517121
0.00051214
0.000507645
0.000503671
0.000500246
0.000497397
0.000495146
0.000493513
0.000492511
0.000492148
0.000492428
0.000493349
0.000494904
0.00049708
0.000499861
0.000503225
0.000507146
0.000511595
0.00051654
0.000521945
0.000527774
0.000533988
0.000540548
0.000547412
0.00055454
0.000561892
0.000569428
0.000577107
0.000584891
0.000592743
0.000600625
0.000608501
0.000616339
0.000624104
0.000631765
0.000639292
0.000646657
0.000653832
0.00066079
0.000667508
0.000673961
0.000680129
0.00068599
0.000691525
0.000696715
0.000701545
0.000705997
0.000710058
0.000713714
0.000716953
0.000719764
0.000722137
0.000724063
0.000725535
0.000726545
0.000727088
0.000727159
0.000726756
0.000725876
0.000724517
0.00072268
0.000720365
0.000717574
0.000714311
0.000710579
0.000706384
0.000701732
0.000696631
0.00069109
0.000685118
0.000678728
0.000671931
0.000664742
0.000657175
0.000649248
0.000640978
0.000632385
0.000623491
0.000614318
0.000604891
0.000595237
0.000585383
0.000575362
0.000565205
0.000554947
0.000544626
0.000534281
0.000523955
0.000513693
0.000503542
0.000493553
0.000483779
0.000474274
0.000465098
0.000456308
0.000447967
0.000440136
0.000432878
0.000426253
0.000420323
0.000415142
0.000410763
0.000407232
0.000404588
0.000402861
0.000402073
0.000402235
0.000403347
0.000405399
0.000408371
0.000412233
0.000416946
0.000422466
0.000428741
0.000435716
0.00044333
0.000451524
0.000460235
0.0004694
0.00047896
0.000488853
0.000499022
0.000509412
0.000519967
0.000530637
0.000541373
0.000552129
0.000562862
0.00057353
0.000584094
0.000594517
0.000604765
0.000614805
0.000624606
0.00063414
0.000643379
0.000652299
0.000660874
0.000669083
0.000676905
0.000684319
0.000691309
0.000697856
0.000703944
0.00070956
0.000714688
0.000719318
0.000723438
0.000727036
0.000730104
0.000732634
0.000734618
0.00073605
0.000736924
0.000737236
0.000736983
0.000736162
0.000734771
0.000732809
0.000730277
0.000727177
0.000723509
0.000719278
0.000714487
0.000709142
0.000703247
0.000696811
0.00068984
0.000682345
0.000674334
0.00066582
0.000656815
0.000647331
0.000637383
0.000626988
0.000616163
0.000604926
0.000593299
0.000581301
0.000568959
0.000556296
0.000543342
0.000530125
0.00051668
0.000503041
0.000489248
0.000475342
0.000461371
0.000447386
0.000433441
0.000419599
0.000405928
0.000392502
0.000379404
0.000366722
0.000354556
0.00034301
0.0003322
0.000322244
0.000313267
0.000305393
0.000298744
0.000293431
0.000289552
0.000287182
0.000286372
0.000287138
0.000289469
0.00029332
0.00029862
0.000305276
0.000313178
0.000322206
0.000332238
0.000343148
0.000354818
0.000367132
0.000379983
0.000393273
0.000406909
0.000420808
0.000434894
0.000449097
0.000463353
0.000477606
0.000491801
0.000505891
0.000519831
0.000533581
0.000547101
0.000560359
0.00057332
0.000585955
0.000598237
0.000610138
0.000621635
0.000632705
0.000643326
0.000653479
0.000663146
0.000672308
0.00068095
0.000689056
0.000696613
0.000703607
0.000710028
0.000715863
0.000721103
0.000725738
0.000729761
0.000733163
0.00073594
0.000738084
0.000739592
0.000740458
0.000740682
0.000740259
0.000739189
0.00073747
0.000735104
0.000732092
0.000728434
0.000724134
0.000719195
0.000713622
0.000707418
0.000700592
0.000693148
0.000685094
0.000676439
0.000667191
0.000657362
0.00064696
0.000635999
0.00062449
0.000612447
0.000599885
0.000586818
0.000573263
0.000559237
0.00054476
0.000529851
0.000514531
0.000498823
0.000482751
0.000466343
0.000449628
0.000432635
0.0004154
0.000397962
0.000380363
0.000362651
0.000344881
0.000327116
0.000309432
0.000291916
0.000274671
0.000257826
0.000241533
0.00022598
0.000211394
0.000198052
0.000186274
0.000176421
0.000168872
0.000163971
0.000161978
0.000163005
0.00016699
0.000173713
0.000182847
0.000194017
0.000206853
0.000221019
0.000236225
0.000252228
0.000268829
0.000285864
0.000303199
0.000320723
0.000338343
0.000355982
0.000373572
0.000391056
0.000408384
0.000425512
0.0004424
0.000459012
0.000475316
0.000491282
0.000506884
0.000522095
0.000536892
0.000551254
0.00056516
0.000578591
0.000591528
0.000603956
0.000615857
0.000627217
0.000638023
0.00064826
0.000657917
0.000666982
0.000675444
0.000683294
0.000690523
0.000697122
0.000703083
0.000708401
0.000713068
0.00071708
0.000720431
0.000723119
0.000725139
0.00072649
0.000727169
0.000727177
0.000726511
0.000725173
0.000723164
0.000720486
0.00071714
0.000713131
0.000708462
0.000703137
0.000697162
0.000690543
0.000683285
0.000675397
0.000666886
0.00065776
0.000648029
0.000637701
0.000626788
0.000615301
0.00060325
0.000590648
0.000577507
0.000563842
0.000549666
0.000534992
0.000519838
0.000504217
0.000488147
0.000471644
0.000454727
0.000437412
0.00041972
0.000401671
0.000383285
0.000364585
0.000345593
0.000326335
0.000306838
0.000287131
0.000267248
0.000247226
0.000227111
0.000206958
0.000186837
0.000166845
0.000147118
0.000127861
0.000109406
9.23105e-05
7.75514e-05
6.67515e-05
6.20437e-05
6.477e-05
7.40898e-05
8.78897e-05
0.000104356
0.00012236
0.00014125
0.00016065
0.000180327
0.00020013
0.000219956
0.000239728
0.000259388
0.000278889
0.000298193
0.000317267
0.000336079
0.000354604
0.000372817
0.000390696
0.000408219
0.000425366
0.000442119
0.000458458
0.000474367
0.000489829
0.000504828
0.000519349
0.000533379
0.000546902
0.000559906
0.000572378
0.000584306
0.000595679
0.000606487
0.000616718
0.000626364
0.000635416
0.000643865
0.000651704
0.000658926
0.000665525
0.000671494
0.000676829
0.000681526
0.00068558
0.000688989
0.00069175
