
Dual Residual: 
1
1254.18
331.111
173.083
103.648
87.7591
69.3024
56.2226
49.3612
44.3407
38.8724
33.2393
28.507
25.3939
23.7863
22.9369
22.13
21.0971
19.9437
18.8349
17.7787
16.6871
15.5745
14.6428
14.1521
14.1844
14.5472
14.9182
15.0338
14.7682
14.1218
13.1809
12.0775
10.9607
9.97527
9.24155
8.82825
8.72978
8.87076
9.1409
9.43322
9.66513
9.78343
9.76197
9.59786
9.30795
8.92548
8.49605
8.07189
7.70366
7.43034
7.26999
7.21593
7.24113
7.30839
7.38079
7.42867
7.43233
7.38174
7.27483
7.11532
6.91091
6.67195
6.41087
6.14202
5.88173
5.64769
5.45743
5.3255
5.25996
5.25969
5.31401
5.40495
5.51119
5.61211
5.69062
5.73487
5.73868
5.70132
5.62667
5.52221
5.39774
5.26405
5.13167
5.00971
4.90491
4.82113
4.75913
4.71687
4.69008
4.67303
4.65935
4.64283
4.61812
4.5812
4.52985
4.46379
4.38476
4.29627
4.20317
4.11101
4.02516
3.94998
3.88801
3.83958
3.80281
3.77403
3.74858
3.72166
3.68908
3.64787
3.59657
3.53532
3.46574
3.39068
3.31385
3.23939
3.17143
3.11364
3.06885
3.03878
3.0239
3.02349
3.03577
3.05819
3.08777
3.1213
3.15568
3.18805
3.21601
3.23769
3.25182
3.25783
3.25582
3.24656
3.23142
3.21226
3.19126
3.17074
3.15289
3.13957
3.1321
3.13108
3.13637
3.14709
3.16176
3.17847
3.1951
3.20953
3.21981
3.22433
3.22189
3.21177
3.19378
3.1682
3.13579
3.09768
3.05536
3.0105
2.9649
2.92031
2.87838
2.84044
2.80751
2.78019
2.75865
2.74269
2.73181
2.72533
2.72247
2.72251
2.72485
2.72907
2.73497
2.7425
2.75177
2.76297
2.77625
2.79168
2.80919
2.8285
2.84915
2.87046
2.89164
2.91182
2.93013
2.94576
2.95805
2.96653
2.97093
2.97126
2.96771
2.96071
2.95083
2.93877
2.92525
2.91101
2.89672
2.88294
2.87011
2.8585
2.84827
2.83944
2.83195
2.82571
2.82061
2.81657
2.81358
2.81169
2.81101
2.81171
2.81399
2.81803
2.82398
2.8319
2.84173
2.85329
2.86626
2.88015
2.89437
2.90823
2.92095
2.93175
2.93982
2.94442
2.94488
2.94062
2.93121
2.91634
2.89587
2.86984
2.83844
2.80206
2.76124
2.7167
2.66934
2.62017
2.57037
2.5212
2.47399
2.43008
2.39079
2.35731
2.33068
2.31168
2.3008
2.2982
2.30367
2.3167
2.3365
2.36204
2.39216
2.42564
2.46125
2.49781
2.53426
2.56967
2.60326
2.63442
2.6627
2.68781
2.7096
2.72803
2.7432
2.75526
2.76444
2.77101
2.77526
2.77749
2.778
2.77706
2.77491
2.77176
2.76779
2.76315
2.75794
2.75225
2.74613
2.73961
2.73268
2.72534
2.71755
2.70925
2.70037
2.69081
2.68047
2.66922
2.65693
2.64344
2.62864
2.61239
2.59457
2.57512
2.55398
2.53116
2.50673
2.48078
2.45351
2.42516
2.39601
2.36643
2.33682
2.3076
2.27922
2.25214
2.22679
2.20358
2.18288
2.16498
2.15012
2.13847
2.1301
2.12502
2.12316
2.12439
2.12853
2.13535
2.14457
2.15589
2.169
2.18357
2.19925
2.21568
2.23254
2.24946
2.2661
2.28215
2.29727
2.31118
2.3236
2.33429
2.34302
2.34963
2.35395
2.35589
2.35536
2.35232
2.34675
2.33868
2.32814
2.31519
2.29991
2.28238
2.26273
2.24105
2.2175
2.19222
2.1654
2.13724
2.10798
2.07791
2.04735
2.01668
1.98634
1.95679
1.92856
1.90221
1.87831
1.85743
1.84012
1.82687
1.81811
1.81415
1.81516
1.82122
1.83221
1.84791
1.86795
1.89188
1.91915
1.94914
1.98124
2.0148
2.0492
2.08384
2.11818
2.15172
2.184
2.21464
2.24332
2.26974
2.2937
2.31501
2.33356
2.34925
2.36204
2.37191
2.37886
2.38294
2.38419
2.38272
2.3786
2.37195
2.3629
2.35161
2.33822
2.32292
2.3059
2.28737
2.26755
2.2467
2.22504
2.20287
2.18044
2.15805
2.13597
2.11448
2.09386
2.07436
2.05621
2.03961
2.02474
2.01173
2.00067
1.9916
1.98452
1.97937
1.97608
1.9745
1.97448
1.97582
1.97832
1.98176
1.98589
1.99051
1.99539
2.00032
2.0051
2.00958
2.0136
2.01704
2.0198
2.02182
2.02305
2.02348
2.02311
2.02196
2.0201
2.01759
2.0145
2.01093
2.00699
2.00276
1.99836
1.99388
1.98942
1.98504
1.9808
1.97677
1.97294
1.96935
1.96595
1.96272
1.95961
1.95654
1.95343
1.95018
1.94671
1.94291
1.9387
1.934
1.92876
1.92292
1.91649
1.90947
1.90192
1.89391
1.88558
1.87706
1.86855
1.86026
1.85244
1.84534
1.83923
1.8344
1.83111
1.8296
1.83011
1.83281
1.83784
1.84528
1.85516
1.86745
1.88203
1.89875
1.9174
1.93772
1.95942
1.98217
2.00564
2.02945
2.05328
2.07676
2.09957
2.12139
2.14194
2.16096
2.17823
2.19355
2.20676
2.21775
2.22642
2.23273
2.23665
2.23822
2.23746
2.23447
2.22933
2.22219
2.21318
2.20249
2.19028
2.17676
2.16214
2.14662
2.13042
2.11375
2.09682
2.07983
2.06297
2.04641
2.03031
2.0148
2.00001
1.98602
1.97292
1.96074
1.94952
1.93925
1.92994
1.92153
1.91399
1.90726
1.90127
1.89595
1.89121
1.88698
1.88318
1.87974
1.87658
1.87363
1.87085
1.86818
1.86557
1.86299
1.86041
1.85781
1.85516
1.85246
1.8497
1.84687
1.84396
1.84098
1.83793
1.83479
1.83159
1.8283
1.82494
1.8215
1.81799
1.8144
1.81072
1.80697
1.80314
1.79924
1.79526
1.79121
1.78711
1.78295
1.77875
1.77452
1.77028
1.76604
1.76183
1.75766
1.75356
1.74955
1.74566
1.74191
1.73835
1.73499
1.73186
1.72901
1.72645
1.72423
1.72237
1.72091
1.71988
1.7193
1.71922
1.71965
1.72063
1.72217
1.72431
1.72705
1.73042
1.73442
1.73906
1.74435
1.75026
1.75681
1.76396
1.77169
1.77999
1.7888
1.79809
1.80782
1.81792
1.82835
1.83904
1.84993
1.86095
1.87204
1.88312
1.89413
1.90499
1.91564
1.92601
1.93604
1.94566
1.95483
1.96349
1.97159
1.97909
1.98595
1.99213
1.99762
2.00238
2.0064
2.00967
2.01218
2.01393
2.01491
2.01515
2.01465
2.01343
2.01151
2.00891
2.00567
2.00182
1.99739
1.99243
1.98696
1.98104
1.97472
1.96803
1.96102
1.95375
1.94625
1.93857
1.93075
1.92284
1.91487
1.90687
1.89888
1.89091
1.883
1.87516
1.86739
1.8597
1.8521
1.84458
1.83712
1.82972
1.82237
1.81503
1.80769
1.80033
1.79292
1.78543
1.77784
1.77014
1.76229
1.75428
1.7461
1.73772
1.72916
1.72039
1.71142
1.70225
1.69288
1.68334
1.67363
1.66376
1.65375
1.64362
1.63339
1.62308
1.6127
1.60229
1.59185
1.5814
1.57096
1.56054
1.55016
1.53983
1.52957
1.51938
1.50929
1.4993
1.48945
1.47975
1.47023
1.46092
1.45187
1.44311
1.43471
1.42672
1.4192
1.41224
1.40591
1.40029
1.39548
1.39156
1.38862
1.38674
1.38602
1.38652
1.38831
1.39143
1.39592
1.40181
1.40909
1.41774
1.42774
1.43901
1.4515
1.46509
1.4797
1.4952
1.51145
1.52833
1.54568
1.56336
1.58122
1.59911
1.61689
1.63443
1.6516
1.66827
1.68435
1.69972
1.71431
1.72805
1.74088
1.75275
1.76364
1.77353
1.78241
1.7903
1.79722
1.8032
1.80829
1.81254
1.81602
1.81879
1.82094
1.82255
1.82369
1.82446
1.82495
1.82523
1.82539
1.82552
1.82568
1.82594
1.82636
1.82698
1.82786
1.82903
1.8305
1.83228
1.83439
1.8368
1.83951
1.84249
1.84571
1.84913
1.8527
1.85637
1.8601
1.86382
1.86747
1.87101
1.87437
1.8775
1.88035
1.88286
1.88499
1.88669
1.88794
1.88868
1.8889
1.88857
1.88767
1.8862
1.88413
1.88147
1.87822
1.87438
1.86998
1.86501
1.8595
1.85348
1.84696
1.83998
1.83257
1.82476
1.81659
1.8081
1.79932
1.7903
1.78109
1.77171
1.76223
1.75268
1.74311
1.73356
1.72409
1.71472
1.70552
1.69651
1.68775
1.67928
1.67113
1.66334
1.65595
1.64898
1.64248
1.63645
1.63094
1.62594
1.62148
1.61757
1.6142
1.61138
1.6091
1.60735
1.60611
1.60536
1.60507
1.60521
1.60574
1.60662
1.60781
1.60926
1.61092
1.61274
1.61468
1.61667
1.61867
1.62062
1.62248
1.6242
1.62575
1.62707
1.62815
1.62893
1.62942
1.62957
1.62939
1.62886
1.62798
1.62676
1.62521
1.62335
1.62119
1.61878
1.61614
1.6133
1.61032
1.60724
1.60411
1.60097
1.59788
1.59489
1.59205
1.58941
1.58701
1.58491
1.58313
1.58172
1.58071
1.58011
1.57995
1.58023
1.58096
1.58214
1.58374
1.58576
1.58817
1.59094
1.59403
1.59741
1.60103
1.60484
1.6088
1.61285
1.61693
1.62101
1.62503
1.62893
1.63268
1.63623
1.63954
1.64258
1.64531
1.64772
1.64977
1.65146
1.65277
1.65371
1.65427
1.65446
1.6543
1.6538
1.65299
1.65189
1.65054
1.64897
1.64721
1.64532
1.64333
1.64128
1.63922
1.6372
1.63525
1.63343
1.63177
1.63031
1.62908
1.62812
1.62745
1.6271
1.62709
1.62743
1.62813
1.62919
1.63063
1.63242
1.63457
1.63705
1.63985
1.64296
1.64634
1.64997
1.65381
1.65785
1.66205
1.66636
1.67077
1.67523
1.67971
1.68418
1.6886
1.69295
1.69719
1.70129
1.70522
1.70896
1.71247
1.71575
1.71875
1.72147
1.72388
1.72596
1.72769
1.72906
1.73006
1.73066
1.73085
1.73063
1.72998
1.72888
1.72734
1.72533
1.72285
1.7199
1.71647
1.71256
1.70815
1.70324
1.69785
1.69195
1.68556
1.67869
1.67132
1.66347
1.65515
1.64636
1.63712
1.62744
1.61734
1.60684
1.59594
1.58468
1.57308
1.56116
1.54896
1.5365
1.52381
1.51093
1.4979
1.48475
1.47152
1.45826
1.445
1.43178
1.41867
1.40569
1.39291
1.38036
1.36809
1.35616
1.3446
1.33348
1.32283
1.3127
1.30313
1.29418
1.28587
1.27824
1.27133
1.26517
1.25978
1.25519
1.25141
1.24846
1.24635
1.24508
1.24465
1.24505
1.24627
1.2483
1.25111
1.25468
1.25899
1.264
1.26968
1.27599
1.2829
1.29036
1.29833
1.30678
1.31567
1.32494
1.33457
1.34451
1.35474
1.3652
1.37588
1.38674
1.39775
1.40889
1.42012
1.43144
1.44282
1.45425
1.46571
1.47718
1.48866
1.50014
1.51162
1.52307
1.53451
1.54592
1.5573
1.56864
1.57995
1.59122
1.60244
1.61361
1.62472
1.63576
1.64673
1.65762
1.66841
1.67908
1.68964
1.70006
1.71031
1.7204
1.73029
1.73996
1.74939
1.75856
1.76744
1.77601
1.78424
1.79211
1.7996
1.80667
1.81331
1.8195
1.8252
1.8304
1.83508
1.83923
1.84282
1.84584
1.84828
1.85013
1.85138
1.85202
1.85206
1.8515
1.85033
1.84856
1.84619
1.84324
1.83972
1.83564
1.83102
1.82587
1.82022
1.81408
1.80748
1.80044
1.79299
1.78515
1.77695
1.76841
1.75956
1.75042
1.74103
1.7314
1.72157
1.71154
1.70136
1.69103
1.68058
1.67002
1.65937
1.64864
1.63785
1.62701
1.61612
1.6052
1.59426
1.58329
1.5723
1.56129
1.55028
1.53925
1.52821
1.51717
1.50613
1.49509
1.48405
1.47301
1.462
1.45101
1.44005
1.42914
1.41829
1.40752
1.39685
1.3863
1.37588
1.36564
1.3556
1.3458
1.33625
1.32701
1.31811
1.30958
1.30147
1.29382
1.28666
1.28004
1.274
1.26856
1.26378
1.25967
1.25627
1.25361
1.25169
1.25055
1.25019
1.25062
1.25184
1.25385
1.25663
1.26017
1.26444
1.26943
1.2751
1.28142
1.28835
1.29584
1.30385
1.31233
1.32124
1.33052
1.34011
1.34998
1.36005
1.3703
1.38065
1.39106
1.40149
1.41188
1.42219
1.43239
1.44242
1.45225
1.46185
1.47119
1.48023
1.48896
1.49734
1.50537
1.51302
1.52028
1.52714
1.5336
1.53964
1.54527
1.55049
1.55531
1.55972
1.56374
1.56738
1.57065
1.57357
1.57615
1.57841
1.58036
1.58203
1.58344
1.5846
1.58553
1.58627
1.58681
1.58719
1.58742
1.58751
1.58749
1.58737
1.58715
1.58685
1.58648
1.58604
1.58554
1.58498
1.58437
1.58369
1.58295
1.58214
1.58125
1.58028
1.57921
1.57805
1.57676
1.57535
1.57379
1.57209
1.57021
1.56816
1.56592
1.56347
1.56082
1.55794
1.55484
1.5515
1.54793
1.54412
1.54007
1.53578
1.53127
1.52652
1.52156
1.5164
1.51104
1.5055
1.4998
1.49396
1.48799
1.48192
1.47577
1.46957
1.46333
1.45709
1.45087
1.44469
1.43857
1.43255
1.42665
1.42088
1.41527
1.40984
1.40461
1.39959
1.3948
1.39024
1.38593
1.38188
1.37808
1.37455
1.37127
1.36826
1.3655
1.36299
1.36072
1.35868
1.35686
1.35525
1.35383
1.35258
1.35151
1.35058
1.34979
1.34912
1.34855
1.34808
1.34768
1.34735
1.34708
1.34685
1.34666
1.3465
1.34636
1.34624
1.34613
1.34604
1.34596
1.3459
1.34585
1.34582
1.34582
1.34584
1.3459
1.34601
1.34616
1.34638
1.34665
1.34701
1.34745
1.34797
1.3486
1.34934
1.35019
1.35115
1.35225
1.35348
1.35484
1.35633
1.35797
1.35975
1.36166
1.36372
1.36591
1.36824
1.37069
1.37327
1.37596
1.37876
1.38167
1.38466
1.38774
1.3909
1.39412
1.3974
1.40072
1.40407
1.40745
1.41084
1.41423
1.41762
1.421
1.42434
1.42766
1.43094
1.43417
1.43734
1.44045
1.44351
1.44649
1.44939
1.45223
1.45498
1.45766
1.46025
1.46277
1.4652
1.46755
1.46983
1.47202
1.47415
1.47619
1.47817
1.48008
1.48193
1.48371
1.48543
1.4871
1.48871
1.49026
1.49177
1.49322
1.49463
1.49599
1.4973
1.49856
1.49978
1.50094
1.50206
1.50312
1.50413
1.50509
1.50598
1.50681
1.50757
1.50826
1.50888
1.50941
1.50987
1.51023
1.51051
1.51068
1.51076
1.51073
1.51059
1.51034
1.50997
1.50948
1.50888
1.50814
1.50729
1.5063
1.50518
1.50394
1.50257
1.50107
1.49943
1.49768
1.49579
1.49378
1.49165
1.4894
1.48703
1.48454
1.48194
1.47923
1.47642
1.4735
1.47048
1.46737
1.46416
1.46085
1.45746
1.45398
1.45042
1.44678
1.44306
1.43926
1.43538
1.43143
1.42741
1.42332
1.41916
1.41493
1.41064
1.40628
1.40186
1.39739
1.39285
1.38826
1.38362
1.37893
1.3742
1.36943
1.36462
1.35977
1.3549
1.35002
1.34511
1.3402
1.33529
1.33039
1.32551
1.32065
1.31582
1.31104
1.30631
1.30164
1.29705
1.29254
1.28812
1.2838
1.2796
1.27552
1.27158
1.26778
1.26412
1.26063
1.25731
1.25416
1.2512
1.24842
1.24584
1.24346
1.24129
1.23932
1.23756
1.23602
1.23469
1.23358
1.23269
1.23201
1.23154
1.23129
1.23125
1.23142
1.23179
1.23235
1.23312
1.23407
1.23521
1.23653
1.23803
1.23969
1.24151
1.24348
1.24561
1.24787
1.25026
1.25278
1.25542
1.25816
1.26101
1.26394
1.26696
1.27006
1.27323
1.27645
1.27972
1.28303
1.28637
1.28974
1.29312
1.2965
1.29987
1.30323
1.30656
1.30986
1.31312
1.31632
1.31946
1.32253
1.32552
1.32842
1.33122
1.33391
1.33649
1.33895
1.34128
1.34347
1.34551
1.3474
1.34914
1.35071
1.35212
1.35335
1.35441
1.35529
1.35598
1.35649
1.35681
1.35694
1.35689
1.35664
1.35621
1.35558
1.35478
1.35379
1.35262
1.35127
1.34975
1.34806
1.34621
1.34421
1.34205
1.33975
1.33731
1.33475
1.33206
1.32925
1.32634
1.32334
1.32024
1.31706
1.31382
1.31051
1.30714
1.30373
1.30029
1.29682
1.29333
1.28983
1.28633
1.28284
1.27936
1.27591
1.27248
1.2691
1.26576
1.26247
1.25924
1.25608
1.25298
1.24997
1.24704
1.24419
1.24144
1.23879
1.23625
1.23381
1.23149
1.22929
1.22721
1.22526
1.22344
1.22175
1.22021
1.21882
1.21757
1.21647
1.21554
1.21476
1.21415
1.21371
1.21344
1.21335
1.21343
1.2137
1.21415
1.21478
1.2156
1.21661
1.21782
1.21921
1.22079
1.22257
1.22453
1.22669
1.22903
1.23156
1.23426
1.23715
1.24021
1.24344
1.24683
1.25038
1.25409
1.25794
1.26193
1.26605
1.27029
1.27465
1.27911
1.28367
1.28832
1.29304
1.29784
1.30269
1.30759
1.31253
1.31749
1.32248
1.32747
1.33246
1.33744
1.34239
1.34731
1.35219
1.35702
1.36178
1.36646
1.37107
1.37558
1.37999
1.38428
1.38846
1.3925
1.3964
1.40016
1.40375
1.40718
1.41043
1.41349
1.41636
1.41903
1.42149
1.42372
1.42573
1.42751
1.42904
1.43032
1.43134
1.43209
1.43258
1.43279
1.43271
1.43235
1.43169
1.43074
1.42948
1.42791
1.42604
1.42386
1.42136
1.41855
1.41543
1.412
1.40825
1.4042
1.39984
1.39518
1.39022
1.38497
1.37944
1.37362
1.36754
1.3612
1.35461
1.34778
1.34072
1.33344
1.32597
1.31831
1.31048
1.3025
1.29437
1.28613
1.27779
1.26936
1.26087
1.25233
1.24377
1.23521
1.22667
1.21818
1.20974
1.20139
1.19315
1.18504
1.17708
1.16929
1.1617
1.15433
1.1472
1.14032
1.13373
1.12743
1.12144
1.11579
1.11049
1.10555
1.101
1.09683
1.09306
1.0897
1.08676
1.08425
1.08217
1.08052
1.07931
1.07854
1.0782
1.07829
1.0788
1.07974
1.08109
1.08284
1.08498
1.08751
1.0904
1.09364
1.09722
1.10112
1.10532
1.10981
1.11457
1.11958
1.12481
1.13025
1.13589
1.14169
1.14763
1.15371
1.15989
1.16615
1.17248
1.17886
1.18525
1.19166
1.19805
1.20441
1.21071
1.21694
1.22309
1.22913
1.23504
1.24082
1.24645
1.2519
1.25718
1.26225
1.26712
1.27176
1.27617
1.28033
1.28424
1.28789
1.29126
1.29435
1.29715
1.29966
1.30186
1.30377
1.30536
1.30665
1.30762
1.30827
1.30861
1.30864
1.30835
1.30776
1.30685
1.30564
1.30414
1.30234
1.30025
1.29788
1.29524
1.29234
1.28919
1.2858
1.28217
1.27832
1.27427
1.27003
1.2656
1.26102
1.25628
1.25141
1.24642
1.24133
1.23615
1.23091
1.22562
1.2203
1.21496
1.20963
1.20432
1.19905
1.19384
1.18871
1.18367
1.17875
1.17395
1.1693
1.16481
1.1605
1.15638
1.15247
1.14877
1.14531
1.1421
1.13914
1.13644
1.13402
1.13188
1.13002
1.12846
1.1272
1.12623
1.12557
1.12521
1.12515
1.12538
1.12592
1.12674
1.12786
1.12925
1.13091
1.13284
1.13503
1.13745
1.14012
1.143
1.14609
1.14938
1.15285
1.15649
1.16028
1.16421
1.16827
1.17243
1.17669
1.18103
1.18542
1.18986
1.19433
1.19882
1.2033
1.20777
1.2122
1.21659
1.22092
1.22517
1.22933
1.23339
1.23733
1.24115
1.24482
1.24835
1.25171
1.25489
1.2579
1.26071
1.26332
1.26572
1.26791
1.26987
1.27161
1.27312
1.27438
1.27541
1.2762
1.27675
1.27705
1.27711
1.27692
1.27649
1.27583
1.27492
1.27379
1.27243
1.27086
1.26907
1.26707
1.26488
1.26251
1.25996
1.25724
1.25437
1.25136
1.24822
1.24497
1.24161
1.23818
1.23467
1.23112
1.22752
1.22391
1.22029
1.21669
1.21312
1.20959
1.20614
1.20276
1.19949
1.19633
1.1933
1.19042
1.1877
1.18516
1.18282
1.18067
1.17874
1.17704
1.17557
1.17435
1.17339
1.17268
1.17223
1.17206
1.17215
1.17252
1.17315
1.17406
1.17523
1.17667
1.17836
1.1803
1.18248
1.1849
1.18753
1.19038
1.19343
1.19666
1.20007
1.20363
1.20733
1.21117
1.21511
1.21914
1.22325
1.22742
1.23163
1.23587
1.24011
1.24434
1.24855
1.25271
1.25681
1.26083
1.26475
1.26856
1.27225
1.27579
1.27918
1.28239
1.28542
1.28825
1.29087
1.29326
1.29542
1.29734
1.29899
1.30038
1.3015
1.30233
1.30287
1.30311
1.30304
1.30267
1.30197
1.30096
1.29961
1.29795
1.29594
1.29361
1.29094
1.28794
1.28461
1.28093
1.27693
1.2726
1.26794
1.26295
1.25765
1.25203
1.2461
1.23986
1.23333
1.22651
1.21941
1.21203
1.2044
1.19651
1.18838
1.18002
1.17145
1.16268
1.15371
1.14458
1.13529
1.12585
1.1163
1.10665
1.09691
1.08711
1.07727
1.06742
1.05757
1.04775
1.03798
1.0283
1.01873
1.00929
1.00003
0.990955
0.98211
0.973521
0.96522
0.957237
0.949605
0.942354
0.935515
0.929118
0.923193
0.917768
0.91287
0.908525
0.904757
0.901587
0.899034
0.897115
0.895844
0.895233
0.895288
0.896015
0.897414
0.899483
0.902218
0.905608
0.909643
0.914306
0.919581
0.925445
0.931876
0.938849
0.946336
0.954307
0.962732
0.971579
0.980815
0.990406
1.00032
1.01052
1.02097
1.03163
1.04248
1.05348
1.0646
1.07579
1.08704
1.0983
1.10956
1.12077
1.13191
1.14295
1.15387
1.16465
1.17524
1.18564
1.19582
1.20576
1.21543
1.22483
1.23393
1.24272
1.25117
1.25928
1.26703
1.27442
1.28142
1.28802
1.29423
1.30002
1.30539
1.31034
1.31486
1.31895
1.32259
1.32579
1.32854
1.33085
1.33271
1.33412
1.33509
1.33561
1.33568
1.33532
1.33451
1.33328
1.33162
1.32953
1.32703
1.32411
1.32079
1.31708
1.31298
1.30851
1.30366
1.29845
1.2929
1.28701
1.28079
1.27426
1.26743
1.26031
1.25292
1.24527
1.23738
1.22925
1.22091
1.21238
1.20366
1.19479
1.18577
1.17663
1.16738
1.15805
1.14865
1.13921
1.12975
1.1203
1.11086
1.10147
1.09216
1.08293
1.07383
1.06486
1.05607
1.04746
1.03907
1.03092
1.02304
1.01544
1.00815
1.00119
0.994583
0.98835
0.98251
0.97708
0.972077
0.967514
0.963405
0.959762
0.956592
0.953904
0.951702
0.949989
0.948764
0.948027
0.947773
0.947996
0.948688
0.949837
0.951432
0.953457
0.955898
0.958735
0.961951
0.965524
0.969434
0.973658
0.978173
0.982956
0.987981
0.993225
0.998664
1.00427
1.01003
1.01591
1.02188
1.02793
1.03404
1.04017
1.04632
1.05245
1.05855
1.06461
1.0706
1.07651
1.08231
1.08801
1.09357
1.099
1.10427
1.10937
1.1143
1.11905
1.12361
1.12796
1.13211
1.13604
1.13975
1.14324
1.1465
1.14954
1.15234
1.1549
1.15723
1.15932
1.16118
1.16279
1.16418
1.16532
1.16624
1.16692
1.16738
1.16761
1.16762
1.16741
1.16699
1.16636
1.16552
1.16448
1.16324
1.16181
1.1602
1.15841
1.15644
1.15431
1.15201
1.14957
1.14697
1.14424
1.14137
1.13838
1.13527
1.13205
1.12874
1.12533
1.12184
1.11828
1.11466
1.11098
1.10726
1.10351
1.09974
1.09595
1.09217
1.08839
1.08463
1.08091
1.07723
1.07361
1.07005
1.06658
1.06318
1.05989
1.05671
1.05365
1.05072
1.04793
1.04528
1.0428
1.04048
1.03833
1.03636
1.03458
1.03299
1.03159
1.03039
1.02939
1.02859
1.028
1.02761
1.02742
1.02743
1.02764
1.02803
1.02862
1.02938
1.03032
1.03143
1.0327
1.03411
1.03566
1.03734
1.03915
1.04105
1.04306
1.04515
1.04731
1.04952
1.05179
1.05409
1.05642
1.05875
1.06109
1.06341
1.0657
1.06796
1.07018
1.07233
1.07442
1.07644
1.07837
1.08021
1.08195
1.08358
1.0851
1.0865
1.08778
1.08893
1.08995
1.09084
1.09159
1.09221
1.09268
1.09302
1.09323
1.0933
1.09323
1.09304
1.09271
1.09226
1.09169
1.09101
1.09022
1.08932
1.08832
1.08723
1.08605
1.08479
1.08347
1.08208
1.08063
1.07913
1.07759
1.07603
1.07443
1.07283
1.07121
1.0696
1.06799
1.0664
1.06484
1.06332
1.06183
1.06039
1.05901
1.05769
1.05645
1.05528
1.05419
1.05319
1.05229
1.05149
1.05079
1.05021
1.04974
1.04939
1.04916
1.04905
1.04907
1.04923
1.04951
1.04992
1.05047
1.05116
1.05198
1.05293
1.05401
1.05523
1.05657
1.05804
1.05964
1.06136
1.06319
1.06514
1.0672
1.06936
1.07162
1.07397
1.07641
1.07893
1.08152
1.08419
1.08691
1.08968
1.09249
1.09534
1.09822
1.10111
1.10402
1.10692
1.10981
1.11269
1.11553
1.11834
1.1211
1.1238
1.12644
1.129
1.13147
1.13385
1.13612
1.13828
1.14032
1.14223
1.144
1.14562
1.14709
1.14839
1.14952
1.15048
1.15126
1.15184
1.15223
1.15243
1.15242
1.1522
1.15177
1.15112
1.15026
1.14918
1.14788
1.14636
1.14461
1.14265
1.14046
1.13806
1.13544
1.1326
1.12956
1.12631
1.12285
1.1192
1.11535
1.11132
1.10711
1.10273
1.09818
1.09348
1.08863
1.08364
1.07853
1.0733
1.06795
1.06252
1.057
1.0514
1.04575
1.04005
1.03431
1.02856
1.02279
1.01703
1.01129
1.00559
0.999932
0.994339
0.988822
0.983397
0.978079
0.97288
0.967816
0.962901
0.958148
0.953571
0.949183
0.944997
0.941026
0.937281
0.933773
0.930514
0.927514
0.924783
0.922328
0.920158
0.91828
0.916701
0.915426
0.914458
0.913803
0.913462
0.913436
0.913727
0.914334
0.915255
0.916489
0.91803
0.919876
0.922021
0.924459
0.927182
0.930183
0.933454
0.936984
0.940764
0.944783
0.949029
0.953492
0.958158
0.963016
0.968052
0.973252
0.978603
0.984092
0.989704
0.995426
1.00124
1.00714
1.01311
1.01912
1.02518
1.03126
1.03736
1.04345
1.04953
1.05558
1.06159
1.06754
1.07344
1.07925
1.08498
1.09061
1.09613
1.10154
1.10681
1.11195
1.11694
1.12178
1.12645
1.13096
1.13529
1.13943
1.14339
1.14716
1.15072
1.15408
1.15724
1.16018
1.16292
1.16543
1.16773
1.16981
1.17167
1.1733
1.17472
1.17591
1.17689
1.17764
1.17818
1.1785
1.1786
1.1785
1.17818
1.17766
1.17694
1.17602
1.17491
1.17361
1.17213
1.17047
1.16863
1.16662
1.16446
1.16214
1.15966
1.15705
1.15429
1.15141
1.14841
1.14528
1.14205
1.13872
1.1353
1.13179
1.1282
1.12453
1.12081
1.11703
1.1132
1.10934
1.10544
1.10152
1.09759
1.09365
1.08971
1.08578
1.08187
1.07798
1.07413
1.07032
1.06656
1.06286
1.05922
1.05566
1.05218
1.04879
1.04549
1.04229
1.03921
1.03624
1.03339
1.03067
1.02809
1.02565
1.02335
1.02121
1.01922
1.01739
1.01572
1.01422
1.0129
1.01174
1.01076
1.00995
1.00933
1.00888
1.00861
1.00851
1.0086
1.00886
1.00929
1.00989
1.01067
1.0116
1.0127
1.01395
1.01536
1.01691
1.0186
1.02043
1.02238
1.02445
1.02663
1.02893
1.03131
1.03379
1.03635
1.03899
1.04168
1.04444
1.04724
1.05008
1.05295
1.05584
1.05874
1.06164
1.06454
1.06743
1.07029
1.07312
1.07591
1.07866
1.08135
1.08397
1.08653
1.08901
1.09141
1.09371
1.09592
1.09803
1.10002
1.10191
1.10367
1.10531
1.10682
1.1082
1.10944
1.11055
1.1115
1.11232
1.11298
1.11349
1.11385
1.11406
1.1141
1.11399
1.11373
1.1133
1.11272
1.11197
1.11107
1.11002
1.1088
1.10743
1.10591
1.10424
1.10241
1.10044
1.09833
1.09607
1.09367
1.09114
1.08848
1.08569
1.08278
1.07975
1.07661
1.07336
1.07
1.06654
1.063
1.05936
1.05565
1.05186
1.048
1.04408
1.04011
1.03608
1.03202
1.02793
1.02381
1.01967
1.01553
1.01138
1.00724
1.00311
0.999001
0.994925
0.990888
0.986898
0.982962
0.979089
0.975286
0.971562
0.967925
0.96438
0.960937
0.957602
0.954381
0.951281
0.948309
0.94547
0.94277
0.940214
0.937806
0.93555
0.933451
0.931512
0.929734
0.928122
0.926675
0.925396
0.924286
0.923343
0.922568
0.921961
0.921518
0.92124
0.921122
0.921162
0.921358
0.921704
0.922197
0.922832
0.923604
0.924507
0.925537
0.926687
0.927952
0.929324
0.930798
0.932366
0.934023
0.93576
0.937572
0.939451
0.941391
0.943384
0.945425
0.947505
0.949619
0.951761
0.953923
0.956099
0.958284
0.960472
0.962658
0.964835
0.966998
0.969144
0.971266
0.973362
0.975425
0.977453
0.979442
0.981389
0.98329
0.985142
0.986942
0.988689
0.990381
0.992014
0.993588
0.995102
0.996553
0.997941
0.999266
1.00053
1.00172
1.00286
1.00392
1.00493
1.00587
1.00675
1.00756
1.00832
1.00901
1.00965
1.01024
1.01077
1.01124
1.01167
1.01205
1.01238
1.01267
1.01292
1.01313
1.01331
1.01345
1.01357
1.01366
1.01373
1.01378
1.01381
1.01383
1.01384
1.01384
1.01384
1.01384
1.01384
1.01386
1.01388
1.01391
1.01396
1.01403
1.01413
1.01424
1.01439
1.01456
1.01477
1.01501
1.01529
1.01561
1.01596
1.01636
1.0168
1.01729
1.01781
1.01838
1.019
1.01966
1.02037
1.02112
1.02191
1.02274
1.02362
1.02453
1.02548
1.02647
1.02749
1.02854
1.02962
1.03073
1.03186
1.033
1.03417
1.03534
1.03653
1.03772
1.03891
1.0401
1.04128
1.04245
1.04361
1.04475
1.04587
1.04697
1.04803
1.04906
1.05005
1.051
1.05191
1.05276
1.05357
1.05432
1.05501
1.05564
1.0562
1.0567
1.05713
1.05748
1.05776
1.05797
1.0581
1.05815
1.05811
1.058
1.0578
1.05752
1.05715
1.0567
1.05617
1.05555
1.05484
1.05405
1.05318
1.05222
1.05119
1.05007
1.04887
1.0476
1.04625
1.04482
1.04333
1.04176
1.04012
1.03843
1.03666
1.03484
1.03296
1.03103
1.02905
1.02701
1.02493
1.02282
1.02066
1.01846
1.01624
1.01398
1.01171
1.0094
1.00709
1.00475
1.00241
1.00006
0.997703
0.995347
0.992995
0.990648
0.988311
0.98596
0.983616
0.981316
0.979037
0.976783
0.974558
0.972364
0.970204
0.968081
0.965996
0.963952
0.96195
0.959992
0.95808
0.956216
0.9544
0.952634
0.950919
0.949255
0.947643
0.946083
0.944576
0.943121
0.941719
0.940369
0.93907
0.937821
0.936623
0.935472
0.934369
0.933312
0.932298
0.931327
0.930395
0.929501
0.928643
0.927818
0.927023
0.926257
0.925515
0.924796
0.924096
0.923413
0.922744
0.922086
0.921436
0.920792
0.920149
0.919506
0.91886
0.918207
0.917547
0.916875
0.91619
0.91549
0.914773
0.914036
0.913278
0.912498
0.911695
0.910867
0.910013
0.909133
0.908227
0.907293
0.906334
0.905348
0.904336
0.903299
0.902239
0.901156
0.900051
0.898928
0.897788
0.896633
0.895466
0.894289
0.893106
0.891919
0.890733
0.889551
0.888376
0.887212
0.886065
0.884937
0.883833
0.882759
0.881718
0.880715
0.879755
0.878843
0.877984
0.877183
0.876444
0.875772
0.875173
0.87465
0.874209
0.873854
0.87359
0.873421
0.87335
0.873383
0.873522
0.873772
0.874135
0.874615
0.875214
0.875935
0.87678
0.877751
0.878849
0.880077
0.881434
0.882922
0.88454
0.886288
0.888167
0.890174
0.89231
0.894572
0.896959
0.899468
0.902097
0.904843
0.907702
0.910672
0.913748
0.916926
0.920202
0.923571
0.927028
0.930568
0.934185
0.937874
0.94163
0.945445
0.949313
0.953229
0.957186
0.961177
0.965195
0.969233
0.973285
0.977343
0.981401
0.985451
0.989485
0.993498
0.997481
1.00143
1.00533
1.00918
1.01298
1.01671
1.02037
1.02395
1.02745
1.03085
1.03416
1.03737
1.04046
1.04344
1.0463
1.04904
1.05164
1.0541
1.05642
1.0586
1.06062
1.06249
1.06421
1.06576
1.06714
1.06836
1.0694
1.07028
1.07097
1.07149
1.07183
1.07199
1.07197
1.07177
1.07138
1.07081
1.07007
1.06914
1.06803
1.06674
1.06528
1.06364
1.06183
1.05985
1.05771
1.0554
1.05293
1.05031
1.04753
1.04461
1.04155
1.03836
1.03503
1.03157
1.028
1.02432
1.02053
1.01665
1.01267
1.00861
1.00448
1.00027
0.996012
0.991701
0.987348
0.982963
0.978555
0.974132
0.969706
0.965284
0.960878
0.956496
0.952149
0.947848
0.943601
0.939419
0.935313
0.931292
0.927366
0.923545
0.919839
0.916257
0.91281
0.909505
0.906353
0.903361
0.900538
0.897892
0.89543
0.89316
0.891087
0.889219
0.887561
0.886117
0.884893
0.883891
0.883116
0.882569
0.882253
0.882168
0.882315
0.882695
0.883305
0.884144
0.88521
0.886501
0.888011
0.889737
0.891674
0.893816
0.896158
0.898692
0.901411
0.904307
0.907373
0.910599
0.913977
0.917498
0.921151
0.924926
0.928814
0.932804
0.936886
0.941049
0.945281
0.949573
0.953913
0.958291
0.962694
0.967114
0.971538
0.975957
0.980359
0.984734
0.989072
0.993362
0.997596
1.00176
1.00585
1.00986
1.01377
1.01757
1.02127
1.02484
1.02829
1.0316
1.03477
1.03778
1.04064
1.04334
1.04587
1.04822
1.05039
1.05238
1.05417
1.05577
1.05717
1.05836
1.05935
1.06013
1.06069
1.06104
1.06117
1.06108
1.06077
1.06023
1.05947
1.05848
1.05727
1.05583
1.05416
1.05227
1.05016
1.04782
1.04526
1.04247
1.03947
1.03625
1.03282
1.02917
1.02531
1.02125
1.01699
1.01253
1.00787
1.00303
0.997997
0.992786
0.9874
0.981845
0.976125
0.970248
0.964219
0.958044
0.951732
0.945287
0.938719
0.932035
0.925242
0.918349
0.911363
0.904295
0.897152
0.889943
0.882679
0.875369
0.868023
0.860651
0.853264
0.845872
0.838486
0.831118
0.823779
0.816481
0.809235
0.802054
0.794949
0.787933
0.781018
0.774217
0.767543
0.761008
0.754625
0.748406
0.742365
0.736513
0.730863
0.725428
0.720218
0.715247
0.710524
0.706061
0.701868
0.697955
0.694331
0.691005
0.687985
0.685278
0.682891
0.680828
0.679095
0.677696
0.676633
0.675909
0.675524
0.675478
0.67577
0.676399
0.677361
0.678653
0.68027
0.682208
0.684458
0.687016
0.689872
0.693019
0.696449
0.70015
0.704115
0.708333
0.712792
0.717484
0.722396
0.727517
0.732836
0.738343
0.744024
0.74987
0.755869
0.762009
0.76828
0.77467
0.781169
0.787765
0.794449
0.801209
0.808036
0.81492
0.821852
0.82882
0.835818
0.842834
0.849861
0.856889
0.863911
0.870918
0.877903
0.884857
0.891773
0.898643
0.905461
0.91222
0.918913
0.925532
0.932073
0.938529
0.944893
0.95116
0.957324
0.963379
0.969321
0.975144
0.980843
0.986413
0.991849
0.997147
1.0023
1.00731
1.01217
1.01687
1.02141
1.02579
1.03
1.03404
1.03791
1.04161
1.04512
1.04845
1.05159
1.05455
1.05731
1.05989
1.06226
1.06444
1.06642
1.0682
1.06978
1.07115
1.07232
1.07328
1.07403
1.07458
1.07491
1.07504
1.07495
1.07466
1.07415
1.07343
1.0725
1.07136
1.07001
1.06846
1.06669
1.06472
1.06254
1.06016
1.05758
1.05479
1.05181
1.04863
1.04526
1.04169
1.03794
1.034
1.02987
1.02557
1.02109
1.01644
1.01162
1.00663
1.00149
0.996191
0.990741
0.985145
0.979409
0.973539
0.967539
0.961416
0.955176
0.948826
0.942371
0.93582
0.929179
0.922456
0.915658
0.908793
0.901869
0.894896
0.887881
0.880834
0.873763
0.866679
0.859591
0.852509
0.845443
0.838404
0.831401
0.824448
0.817553
0.810729
0.803986
0.797338
0.790794
0.784367
0.778069
0.771911
0.765906
0.760066
0.754401
0.748923
0.743645
0.738577
0.73373
0.729115
0.724742
0.72062
0.716759
0.713169
0.709855
0.706827
0.704091
0.701653
0.699517
0.697689
0.696172
0.694967
0.694077
0.693501
0.693241
0.693293
0.693657
0.694328
0.695303
0.696576
0.698141
0.699993
0.702122
0.704521
0.707182
0.710094
0.713247
0.716632
0.720236
0.724049
0.728059
0.732255
0.736623
0.741152
0.745829
0.750643
0.755579
0.760627
0.765773
0.771006
0.776313
0.781682
0.787102
0.79256
0.798046
0.803548
0.809055
0.814557
0.820042
0.825502
0.830925
0.836303
0.841626
0.846886
0.852072
0.857177
0.862193
0.867112
0.871925
0.876627
0.881209
0.885666
0.88999
0.894175
0.898216
0.902106
0.905841
0.909414
0.912822
0.91606
0.919123
0.922006
0.924707
0.927221
0.929545
0.931676
0.933611
0.935347
0.936882
0.938213
0.939338
0.940255
0.940964
0.941462
0.941748
0.941822
0.941683
0.94133
0.940763
0.939982
0.938988
0.93778
0.936359
0.934727
0.932884
0.930832
0.928572
0.926106
0.923436
0.920565
0.917494
0.914228
0.910768
0.907119
0.903283
0.899265
0.895069
0.890698
0.886159
0.881455
0.876592
0.871575
0.86641
0.861104
0.855663
0.850093
0.844402
0.838597
0.832685
0.826676
0.820577
0.814397
0.808146
0.801833
0.795467
0.78906
0.782621
0.776162
0.769695
0.76323
0.756781
0.750359
0.743979
0.737652
0.731392
0.725214
0.719131
0.713158
0.707309
0.7016
0.696045
0.69066
0.68546
0.680459
0.675673
0.671118
0.666807
0.662755
0.658976
0.655484
0.652292
0.649412
0.646857
0.644636
0.64276
0.641237
0.640076
0.639283
0.638864
0.638823
0.639163
0.639885
0.64099
0.642476
0.644342
0.646584
0.649196
0.652173
0.655506
0.659189
0.66321
0.66756
0.672228
0.677201
0.682467
0.688013
0.693824
0.699886
0.706185
0.712706
0.719434
0.726354
0.73345
0.740707
0.74811
0.755643
0.763293
0.771043
0.77888
0.786788
0.794754
0.802763
0.810802
0.818858
0.826918
0.834969
0.842998
0.850993
0.858944
0.866837
0.874663
0.882411
0.890069
0.897629
0.905081
0.912414
0.91962
0.926691
0.933618
0.940393
0.947008
0.953455
0.959728
0.96582
0.971724
0.977434
0.982944
0.988248
0.993342
0.99822
1.00288
1.00731
1.01151
1.01548
1.01921
1.0227
1.02595
1.02895
1.03171
1.03421
1.03646
1.03845
1.04019
1.04167
1.04289
1.04385
1.04455
1.04499
1.04517
1.0451
1.04476
1.04416
1.04331
1.0422
1.04084
1.03922
1.03735
1.03524
1.03288
1.03027
1.02743
1.02435
1.02104
1.0175
1.01373
1.00974
1.00554
1.00113
0.996506
0.991687
0.986672
0.981468
0.976082
0.970519
0.964787
0.958892
0.952841
0.946643
0.940304
0.933833
0.927237
0.920526
0.913708
0.906793
0.899789
0.892705
0.885552
0.87834
0.871079
0.863779
0.856452
0.849107
0.841756
0.83441
0.827082
0.819781
0.812521
0.805313
0.79817
0.791102
0.784123
0.777245
0.77048
0.76384
0.757338
0.750984
0.744793
0.738774
0.732939
0.727301
0.721869
0.716654
0.711666
0.706915
0.70241
0.698159
0.694171
0.690451
0.687007
0.683844
0.680967
0.67838
0.676086
0.674086
0.672383
0.670977
0.669866
0.669049
0.668524
0.668287
0.668335
0.668661
0.669259
0.670124
0.671248
0.672622
0.674239
0.676088
0.678161
0.680446
0.682935
0.685615
0.688476
0.691506
0.694695
0.698031
0.701503
0.705099
0.708807
0.712617
0.716518
0.720498
0.724547
0.728655
0.73281
0.737004
0.741226
0.745467
0.749718
0.75397
0.758215
0.762445
0.766652
0.770828
0.774967
0.779062
0.783106
0.787095
0.791021
0.79488
0.798666
0.802376
0.806005
0.809549
0.813004
0.816367
0.819635
0.822805
0.825875
0.828843
0.831707
0.834465
0.837115
0.839658
0.842092
0.844416
0.84663
0.848734
0.850728
0.852612
0.854387
0.856053
0.857612
0.859063
0.86041
0.861651
0.86279
0.863828
0.864767
0.865608
0.866353
0.867004
0.867565
0.868036
0.868421
0.868721
0.868939
0.869079
0.869141
0.869129
0.869046
0.868894
0.868676
0.868395
0.868053
0.867653
0.867198
0.86669
0.866132
0.865526
0.864876
0.864184
0.863451
0.862682
0.861877
0.861039
0.860172
0.859275
0.858353
0.857406
0.856437
0.855447
0.854439
0.853414
0.852373
0.851319
0.850252
0.849173
0.848085
0.846988
0.845883
0.844772
0.843654
0.842531
0.841404
0.840274
0.83914
0.838004
0.836865
0.835725
0.834583
0.83344
0.832296
0.831151
0.830005
0.828859
0.827713
0.826566
0.825418
0.82427
0.823122
0.821973
0.820823
0.819674
0.818523
0.817373
0.816222
0.81507
0.813919
0.812767
0.811616
0.810465
0.809315
0.808165
0.807017
0.805871
0.804727
0.803587
0.802449
0.801316
0.800188
0.799065
0.797949
0.796841
0.795742
0.794652
0.793574
0.792508
0.791455
0.790418
0.789397
0.788394
0.787411
0.786448
0.785509
0.784594
0.783706
0.782846
0.782016
0.781218
0.780453
0.779724
0.779033
0.778381
0.77777
0.777202
0.776679
0.776203
0.775775
0.775398
0.775072
0.774799
0.774582
0.77442
0.774316
0.774271
0.774285
0.774361
0.774498
0.774697
0.774959
0.775284
0.775673
0.776125
0.776641
0.777221
0.777864
0.778568
0.779335
0.780162
0.78105
0.781995
0.782997
0.784055
0.785166
0.786329
0.787541
0.788799
0.790103
0.791448
0.792832
0.794252
0.795706
0.797189
0.798698
0.800231
0.801782
0.803349
0.804929
0.806516
0.808107
0.809698
0.811286
0.812865
0.814432
0.815982
0.817512
0.819017
0.820493
0.821936
0.823342
0.824707
0.826025
0.827295
0.828511
0.829669
0.830767
0.8318
0.832764
0.833656
0.834473
0.835211
0.835867
0.836439
0.836923
0.837316
0.837617
0.837822
0.837929
0.837937
0.837843
0.837646
0.837344
0.836936
0.836421
0.835798
0.835066
0.834224
0.833273
0.832213
0.831043
0.829764
0.828377
0.826883
0.825281
0.823575
0.821765
0.819854
0.817842
0.815733
0.81353
0.811233
0.808848
0.806376
0.803822
0.801189
0.79848
0.795701
0.792854
0.789946
0.78698
0.783961
0.780895
0.777786
0.774641
0.771465
0.768263
0.765043
0.761809
0.758568
0.755327
0.752091
0.748868
0.745664
0.742485
0.739339
0.736231
0.733169
0.73016
0.727209
0.724323
0.721509
0.718773
0.716121
0.71356
0.711094
0.70873
0.706473
0.704328
0.7023
0.700393
0.698612
0.69696
0.695441
0.694058
0.692813
0.691709
0.690748
0.689932
0.68926
0.688734
0.688353
0.688118
0.688027
0.68808
0.688274
0.688608
0.689079
0.689684
0.690419
0.691281
0.692267
0.693371
0.694589
0.695916
0.697348
0.698877
0.7005
0.70221
0.704001
0.705867
0.707802
0.7098
0.711854
0.713958
0.716105
0.71829
0.720506
0.722747
0.725006
0.727278
0.729556
0.731835
0.734109
0.736372
0.738619
0.740845
0.743045
0.745213
0.747346
0.749439
0.751488
0.753489
0.755438
0.757332
0.759167
0.760942
0.762652
0.764295
0.76587
0.767375
0.768807
0.770166
0.771451
0.772659
0.773792
0.774848
0.775828
0.776731
0.777558
0.778309
0.778986
0.77959
0.780121
0.780581
0.780973
0.781297
0.781557
0.781754
0.78189
0.781969
0.781994
0.781966
0.78189
0.781768
0.781605
0.781402
0.781164
0.780894
0.780597
0.780275
0.779932
0.779572
0.779199
0.778817
0.778429
0.778039
0.77765
0.777267
0.776892
0.776529
0.776181
0.775851
0.775543
0.775259
0.775001
0.774773
0.774576
0.774413
0.774285
0.774195
0.774143
0.77413
0.774159
0.774228
0.774339
0.774493
0.774687
0.774924
0.775201
0.775518
0.775874
0.776267
0.776696
0.777158
0.777653
0.778176
0.778726
0.7793
0.779895
0.780507
0.781133
0.78177
0.782414
0.78306
0.783706
0.784346
0.784976
0.785593
0.786192
0.786768
0.787317
0.787834
0.788315
0.788755
0.78915
0.789495
0.789786
0.790017
0.790186
0.790288
0.790318
0.790273
0.790148
0.78994
0.789645
0.789259
0.78878
0.788204
0.787529
0.786751
0.785868
0.784877
0.783777
0.782565
0.781241
0.779802
0.778248
0.776578
0.77479
0.772886
0.770864
0.768726
0.766471
0.764101
0.761617
0.75902
0.756313
0.753497
0.750575
0.74755
0.744425
0.741204
0.73789
0.734488
0.731002
0.727437
0.723799
0.720093
0.716325
0.712502
0.708631
0.704717
0.70077
0.696796
0.692803
0.688801
0.684798
0.680802
0.676823
0.672871
0.668956
0.665088
0.661276
0.657532
0.653866
0.650288
0.646811
0.643444
0.640198
0.637085
0.634115
0.631299
0.628647
0.62617
0.623878
0.621779
0.619884
0.618202
0.61674
0.615506
0.614507
0.61375
0.61324
0.612982
0.612981
0.613239
0.61376
0.614544
0.615593
0.616906
0.618482
0.620319
0.622415
0.624766
0.627367
0.630214
0.6333
0.636618
0.640162
0.643924
0.647894
0.652065
0.656427
0.66097
0.665683
0.670558
0.675582
0.680746
0.686037
0.691446
0.69696
0.70257
0.708262
0.714027
0.719854
0.72573
0.731646
0.737591
0.743553
0.749524
0.755491
0.761446
0.767378
0.773278
0.779137
0.784945
0.790694
0.796374
0.801978
0.807498
0.812925
0.818253
0.823473
0.828578
0.833563
0.838419
0.843142
0.847725
0.852163
0.856449
0.860579
0.864548
0.868351
0.871983
0.875441
0.878721
0.881818
0.88473
0.887453
0.889985
0.892322
0.894462
0.896403
0.898143
0.89968
0.901013
0.90214
0.903061
0.903773
0.904278
0.904574
0.904662
0.90454
0.90421
0.903672
0.902927
0.901975
0.900818
0.899456
0.897892
0.896127
0.894162
0.892001
0.889645
0.887097
0.884359
0.881435
0.878327
0.875039
0.871574
0.867935
0.864127
0.860154
0.85602
0.851729
0.847285
0.842694
0.837961
0.83309
0.828087
0.822958
0.817707
0.812342
0.806867
0.80129
0.795617
0.789853
0.784007
0.778085
0.772093
0.76604
0.759933
0.753779
0.747587
0.741363
0.735117
0.728857
0.722591
0.716328
0.710076
0.703844
0.697642
0.691478
0.685362
0.679302
0.67331
0.667393
0.661561
0.655824
0.650192
0.644674
0.63928
0.634018
0.628898
0.623931
0.619123
0.614485
0.610026
0.605752
0.601673
0.597797
0.59413
0.59068
0.587453
0.584454
0.581691
0.579167
0.576886
0.574854
0.573071
0.571542
0.570267
0.569248
0.568484
0.567976
0.567723
0.567722
0.567971
0.568468
0.569207
0.570186
0.571398
0.572838
0.574502
0.576381
0.578469
0.580759
0.583243
0.585914
0.588763
0.591781
0.594961
0.598294
0.60177
0.605381
0.609119
0.612974
0.616937
0.621
0.625153
0.629389
0.633699
0.638075
0.642507
0.646989
0.651512
0.656069
0.660652
0.665254
0.669867
0.674485
0.6791
0.683708
0.6883
0.692871
0.697415
0.701927
0.7064
0.71083
0.715211
0.719538
0.723807
0.728012
0.732151
0.736217
0.740208
0.744119
0.747947
0.751688
0.755339
0.758896
0.762356
0.765716
0.768974
0.772127
0.775172
0.778106
0.780929
0.783636
0.786226
0.788698
0.791049
0.793278
0.795383
0.797363
0.799215
0.80094
0.802535
0.804
0.805334
0.806535
0.807603
0.808538
0.809338
0.810003
0.810533
0.810927
0.811185
0.811307
0.811293
0.811143
0.810856
0.810434
0.809877
0.809184
0.808356
0.807395
0.8063
0.805072
0.803712
0.802222
0.800601
0.798852
0.796976
0.794973
0.792845
0.790595
0.788223
0.785731
0.783122
0.780397
0.777558
0.774608
0.77155
0.768384
0.765115
0.761746
0.758278
0.754715
0.751061
0.747318
0.743491
0.739582
0.735597
0.731538
0.727411
0.723219
0.718967
0.71466
0.710302
0.7059
0.701458
0.696981
0.692476
0.687948
0.683404
0.678849
0.674291
0.669736
0.665191
0.660662
0.656158
0.651686
0.647253
0.642867
0.638536
0.634269
0.630073
0.625957
0.62193
0.618
0.614175
0.610465
0.606878
0.603422
0.600106
0.59694
0.59393
0.591086
0.588415
0.585926
0.583625
0.581521
0.579619
0.577928
0.576451
0.575196
0.574167
0.573369
0.572806
0.57248
0.572395
0.572554
0.572956
0.573603
0.574495
0.57563
0.577009
0.578628
0.580486
0.582577
0.584899
0.587447
0.590216
0.593199
0.596391
0.599784
0.603372
0.607147
0.611101
0.615226
0.619513
0.623953
0.628537
0.633256
0.638101
0.643061
0.648129
0.653292
0.658543
0.663872
0.669268
0.674722
0.680225
0.685766
0.691337
0.696929
0.702531
0.708135
0.713733
0.719314
0.724871
0.730395
0.735877
0.74131
0.746685
0.751995
0.757231
0.762387
0.767455
0.772428
0.777299
0.782061
0.786708
0.791233
0.79563
0.799893
0.804016
0.807994
0.811821
0.815492
0.819002
0.822346
0.825519
0.828516
0.831334
0.833968
0.836415
0.83867
0.840729
0.842591
0.844251
0.845706
0.846953
0.847991
0.848816
0.849427
0.84982
0.849995
0.84995
0.849682
0.849192
0.848478
0.847538
0.846373
0.844982
0.843364
0.841519
0.839448
0.837151
0.834628
0.831881
0.828909
0.825714
0.822298
0.818662
0.814808
0.810738
0.806454
0.801959
0.797255
0.792345
0.787232
0.78192
0.776413
0.770713
0.764826
0.758756
0.752507
0.746084
0.739492
0.732738
0.725826
0.718762
0.711554
0.704207
0.696729
0.689127
0.681409
0.673582
0.665655
0.657636
0.649535
0.641362
0.633126
0.624838
0.616508
0.608147
0.599769
0.591384
0.583006
0.574647
0.566322
0.558046
0.549832
0.541696
0.533655
0.525724
0.517921
0.510264
0.50277
0.495458
0.488347
0.481456
0.474804
0.468411
0.462297
0.456481
0.450981
0.445818
0.44101
0.436574
0.432526
0.428882
0.425657
0.422862
0.420508
0.418605
0.417159
0.416174
0.415654
0.415597
0.416002
0.416863
0.418175
0.419928
0.422112
0.424712
0.427716
0.431107
0.434868
0.438982
0.443429
0.44819
0.453246
0.458576
0.46416
0.469979
0.476012
0.48224
0.488644
0.495205
0.501905
0.508727
0.515653
0.522667
0.529753
0.536896
0.544081
0.551295
0.558524
0.565756
0.572979
0.580181
0.58735
0.594478
0.601554
0.608568
0.615512
0.622377
0.629156
0.635841
0.642425
0.648902
0.655264
0.661507
0.667624
0.673611
0.679463
0.685176
0.690744
0.696165
0.701435
0.70655
0.711508
0.716306
0.720941
0.725412
0.729716
0.733852
0.737818
0.741613
0.745236
0.748687
0.751965
0.755069
0.757999
0.760756
0.76334
0.765751
0.76799
0.770058
0.771955
0.773684
0.775245
0.77664
0.77787
0.778939
0.779847
0.780597
0.781191
0.781632
0.781923
0.782065
0.782063
0.78192
0.781638
0.78122
0.780671
0.779994
0.779193
0.778272
0.777233
0.776083
0.774824
0.77346
0.771998
0.770439
0.768791
0.767055
0.765239
0.763346
0.76138
0.759348
0.757254
0.755102
0.752898
0.750647
0.748354
0.746025
0.743663
0.741274
0.738864
0.736438
0.734
0.731555
0.72911
0.726668
0.724234
0.721814
0.719413
0.717034
0.714683
0.712365
0.710083
0.707842
0.705647
0.703501
0.701409
0.699374
0.697399
0.695489
0.693647
0.691876
0.690178
0.688557
0.687015
0.685554
0.684178
0.682886
0.681683
0.680568
0.679543
0.678609
0.677767
0.677018
0.676362
0.675799
0.675329
0.674952
0.674668
0.674475
0.674373
0.67436
0.674436
0.674599
0.674848
0.675179
0.675593
0.676086
0.676655
0.6773
0.678017
0.678803
0.679657
0.680574
0.681552
0.682588
0.68368
0.684823
0.686014
0.687251
0.688531
0.689849
0.691202
0.692588
0.694003
0.695443
0.696906
0.698387
0.699885
0.701395
0.702914
0.704439
0.705968
0.707496
0.709021
0.710541
0.712051
0.713549
0.715033
0.7165
0.717947
0.719371
0.72077
0.722141
0.723483
0.724792
0.726067
0.727305
0.728504
0.729663
0.730779
0.73185
0.732875
0.733851
0.734778
0.735653
0.736476
0.737244
0.737956
0.738612
0.739208
0.739746
0.740222
0.740637
0.74099
0.741278
0.741503
0.741661
0.741754
0.741781
0.741739
0.74163
0.741453
0.741207
0.740892
0.740507
0.740052
0.739527
0.738933
0.738267
0.737532
0.736726
0.735851
0.734905
0.733889
0.732804
0.731649
0.730425
0.729133
0.727773
0.726345
0.724851
0.72329
0.721664
0.719973
0.718218
0.7164
0.71452
0.712579
0.710579
0.708519
0.706403
0.70423
0.702003
0.699723
0.697391
0.695009
0.692579
0.690102
0.687581
0.685017
0.682412
0.679769
0.677089
0.674375
0.671629
0.668854
0.666052
0.663225
0.660377
0.65751
0.654627
0.651731
0.648825
0.645912
0.642995
0.640077
0.637162
0.634253
0.631354
0.628468
0.625598
0.622749
0.619923
0.617126
0.61436
0.611629
0.608938
0.60629
0.603689
0.601139
0.598643
0.596207
0.593833
0.591526
0.58929
0.587127
0.585043
0.58304
0.581123
0.579294
0.577558
0.575917
0.574374
0.572933
0.571597
0.570368
0.569249
0.568241
0.567349
0.566572
0.565913
0.565374
0.564955
0.564658
0.564484
0.564433
0.564506
0.564702
0.565022
0.565465
0.56603
0.566716
0.567522
0.568448
0.56949
0.570647
0.571918
0.573299
0.574788
0.576383
0.578081
0.579878
0.581771
0.583756
0.585831
0.587992
0.590234
0.592554
0.594947
0.597411
0.59994
0.60253
0.605177
0.607877
0.610626
0.613418
0.616251
0.619119
0.622018
0.624944
0.627892
0.630859
0.63384
0.636831
0.639829
0.642828
0.645826
0.648818
0.651801
0.65477
0.657723
0.660656
0.663566
0.666449
0.669302
0.672122
0.674906
0.677652
0.680356
0.683017
0.685631
0.688197
0.690711
0.693173
0.69558
0.69793
0.700221
0.702453
0.704622
0.706729
0.708771
0.710749
0.712659
0.714503
0.716279
0.717986
0.719625
0.721194
0.722693
0.724122
0.725482
0.726771
0.727991
0.729142
0.730223
0.731236
0.732181
0.733058
0.733869
0.734614
0.735294
0.735911
0.736464
0.736957
0.737389
0.737762
0.738077
0.738336
0.738541
0.738692
0.738792
0.738842
0.738843
0.738798
0.738709
0.738576
0.738403
0.738189
0.737939
0.737652
0.737332
0.736979
0.736597
0.736186
0.735748
0.735285
0.734799
0.734291
0.733764
0.733218
0.732656
0.732079
0.731488
0.730884
0.73027
0.729646
0.729014
0.728375
0.727729
0.727078
0.726422
0.725763
0.725101
0.724437
0.723771
0.723103
0.722435
0.721766
0.721096
0.720426
0.719755
0.719083
0.71841
0.717736
0.717061
0.716382
0.715701
0.715017
0.714327
0.713633
0.712932
0.712224
0.711508
0.710782
0.710045
0.709297
0.708534
0.707757
0.706964
0.706152
0.705322
0.70447
0.703595
0.702697
0.701772
0.70082
0.699839
0.698827
0.697782
0.696702
0.695587
0.694434
0.693242
0.692009
0.690734
0.689414
0.688049
0.686637
0.685176
0.683666
0.682105
0.680492
0.678825
0.677104
0.675327
0.673493
0.671603
0.669654
0.667647
0.66558
0.663453
0.661267
0.659019
0.656712
0.654343
0.651914
0.649425
0.646875
0.644265
0.641597
0.63887
0.636085
0.633243
0.630345
0.627393
0.624387
0.62133
0.618223
0.615066
0.611864
0.608616
0.605326
0.601996
0.598628
0.595225
0.59179
0.588325
0.584833
0.581319
0.577784
0.574232
0.570668
0.567094
0.563515
0.559934
0.556356
0.552785
0.549225
0.545681
0.542157
0.538658
0.535189
0.531756
0.528361
0.525012
0.521712
0.518468
0.515284
0.512166
0.509118
0.506146
0.503256
0.500452
0.497741
0.495126
0.492612
0.490206
0.487911
0.485733
0.483675
0.481743
0.479939
0.478269
0.476736
0.475343
0.474094
0.47299
0.472036
0.471232
0.470581
0.470085
0.469744
0.469559
0.469532
0.469661
0.469947
0.470389
0.470985
0.471736
0.472638
0.473689
0.474889
0.476233
0.477718
0.479342
0.481101
0.482991
0.485008
0.487148
0.489406
0.491779
0.49426
0.496846
0.499532
0.502311
0.50518
0.508133
0.511166
0.514272
0.517446
0.520684
0.523979
0.527328
0.530725
0.534164
0.537641
0.541151
0.544689
0.54825
0.551829
0.555422
0.559025
0.562633
0.566242
0.569847
0.573446
0.577032
0.580604
0.584157
0.587687
0.591192
0.594667
0.598111
0.601519
0.604888
0.608216
0.6115
0.614738
0.617927
0.621064
0.624148
0.627176
0.630146
0.633057
0.635906
0.638691
0.641412
0.644067
0.646654
0.649172
0.65162
0.653997
0.656301
0.658533
0.660691
0.662774
0.664783
0.666715
0.668572
0.670352
0.672056
0.673683
0.675233
0.676707
0.678104
0.679424
0.680668
0.681836
0.682928
0.683945
0.684888
0.685757
0.686552
0.687275
0.687927
0.688507
0.689017
0.689459
0.689833
0.69014
0.690381
0.690558
0.690673
0.690725
0.690717
0.69065
0.690526
0.690346
0.690111
0.689824
0.689485
0.689097
0.688662
0.68818
0.687655
0.687087
0.686478
0.685831
0.685147
0.684428
0.683676
0.682893
0.682081
0.681242
0.680378
0.67949
0.678581
0.677653
0.676708
0.675748
0.674774
0.673788
0.672793
0.671791
0.670783
0.669771
0.668757
0.667743
0.66673
0.665721
0.664717
0.66372
0.662731
0.661752
0.660785
0.65983
0.65889
0.657966
0.657059
0.65617
0.655301
0.654453
0.653626
0.652822
0.652041
0.651285
0.650554
0.649848
0.64917
0.648518
0.647894
0.647297
0.646729
0.646189
0.645677
0.645193
0.644738
0.644312
0.643913
0.643542
0.643199
0.642882
0.642592
0.642328
0.642089
0.641875
0.641684
0.641516
0.64137
0.641244
0.641139
0.641052
0.640982
0.640929
0.640891
0.640867
0.640855
0.640854
0.640863
0.640879
0.640902
0.640931
0.640962
0.640996
0.64103
0.641063
0.641093
0.641119
0.641139
0.641151
0.641154
0.641146
0.641126
0.641092
0.641042
0.640976
0.64089
0.640785
0.640659
0.640509
0.640335
0.640136
0.639909
0.639654
0.63937
0.639055
0.638708
0.638329
0.637915
0.637467
0.636982
0.636461
0.635902
0.635305
0.634669
0.633994
0.633278
0.632521
0.631724
0.630885
0.630004
0.629081
0.628116
0.627109
0.626059
0.624968
0.623834
0.622659
0.621443
0.620186
0.618888
0.61755
0.616173
0.614757
0.613304
0.611814
0.610287
0.608726
0.607132
0.605505
0.603846
0.602158
0.600442
0.598699
0.59693
0.595139
0.593325
0.591492
0.589642
0.587775
0.585895
0.584003
0.582103
0.580195
0.578283
0.576369
0.574455
0.572545
0.570641
0.568745
0.56686
0.56499
0.563136
0.561302
0.559492
0.557707
0.555951
0.554227
0.552537
0.550886
0.549276
0.54771
0.546191
0.544722
0.543307
0.541947
0.540647
0.539409
0.538237
0.537131
0.536097
0.535135
0.53425
0.533442
0.532716
0.532072
0.531513
0.531042
0.530659
0.530367
0.530168
0.530063
0.530053
0.530139
0.530323
0.530605
0.530986
0.531466
0.532046
0.532726
0.533506
0.534385
0.535363
0.536441
0.537615
0.538887
0.540255
0.541717
0.543272
0.544919
0.546655
0.54848
0.55039
0.552383
0.554458
0.556612
0.558843
0.561147
0.563521
0.565964
0.568472
0.571043
0.573672
0.576357
0.579095
0.581882
0.584715
0.587591
0.590506
0.593457
0.59644
0.599452
0.60249
0.60555
0.608628
0.611721
0.614826
0.617939
0.621057
0.624176
0.627293
0.630405
0.633507
0.636598
0.639673
0.64273
0.645765
0.648775
0.651757
0.654709
0.657626
0.660507
0.663347
0.666145
0.668898
0.671603
0.674257
0.676858
0.679403
0.68189
0.684317
0.68668
0.688978
0.691209
0.693371
0.695461
0.697477
0.699418
0.701282
0.703067
0.704771
0.706393
0.707931
0.709384
0.71075
0.712028
0.713217
0.714316
0.715323
0.716237
0.717059
0.717786
0.718418
0.718954
0.719394
0.719738
0.719984
0.720133
0.720183
0.720136
0.719991
0.719748
0.719406
0.718967
0.71843
0.717796
0.717065
0.716237
0.715314
0.714296
0.713183
0.711977
0.710679
0.709289
0.707808
0.706239
0.704582
0.702838
0.701009
0.699098
0.697104
0.695031
0.69288
0.690652
0.688351
0.685978
0.683535
0.681025
0.67845
0.675813
0.673116
0.670362
0.667553
0.664693
0.661784
0.65883
0.655833
0.652797
0.649725
0.64662
0.643486
0.640326
0.637144
0.633943
0.630727
0.6275
0.624266
0.621028
0.61779
0.614556
0.611331
0.608118
0.604921
0.601744
0.598592
0.595467
0.592376
0.589321
0.586306
0.583336
0.580414
0.577544
0.574731
0.571978
0.569289
0.566667
0.564116
0.561639
0.55924
0.556922
0.554687
0.55254
0.550482
0.548516
0.546645
0.544871
0.543195
0.54162
0.540147
0.538777
0.537512
0.536352
0.535299
0.534353
0.533513
0.53278
0.532154
0.531633
0.531218
0.530907
0.5307
0.530593
0.530587
0.530679
0.530866
0.531148
0.53152
0.531981
0.532527
0.533156
0.533865
0.53465
0.535507
0.536434
0.537427
0.538482
0.539595
0.540762
0.54198
0.543244
0.544551
0.545897
0.547277
0.548688
0.550125
0.551586
0.553065
0.554559
0.556064
0.557576
0.559091
0.560607
0.562119
0.563623
0.565117
0.566596
0.568059
0.569501
0.570919
0.572311
0.573673
0.575004
0.5763
0.577558
0.578777
0.579954
0.581088
0.582175
0.583214
0.584204
0.585142
0.586027
0.586858
0.587634
0.588353
0.589014
0.589616
0.590159
0.590642
0.591064
0.591424
0.591724
0.591962
0.592138
0.592253
0.592306
0.592298
0.59223
0.592101
0.591912
0.591665
0.591359
0.590997
0.590578
0.590104
0.589576
0.588996
0.588364
0.587683
0.586954
0.586179
0.585359
0.584496
0.583592
0.582648
0.581668
0.580653
0.579605
0.578526
0.577419
0.576285
0.575127
0.573948
0.57275
0.571535
0.570305
0.569063
0.567812
0.566553
0.56529
0.564025
0.56276
0.561497
0.56024
0.55899
0.55775
0.556521
0.555307
0.55411
0.552931
0.551774
0.550639
0.549529
0.548446
0.547391
0.546367
0.545375
0.544417
0.543494
0.542608
0.54176
0.540951
0.540182
0.539455
0.53877
0.538129
0.537531
0.536977
0.536469
0.536006
0.535589
0.535217
0.534891
0.534611
0.534377
0.534189
0.534045
0.533947
0.533892
0.533881
0.533913
0.533988
0.534103
0.534259
0.534455
0.534689
0.53496
0.535267
0.53561
0.535986
0.536394
0.536834
0.537303
0.537801
0.538326
0.538876
0.53945
0.540047
0.540665
0.541303
0.541959
0.542632
0.543321
0.544024
0.544739
0.545466
0.546203
0.546949
0.547702
0.548461
0.549225
0.549992
0.550763
0.551534
0.552306
0.553078
0.553847
0.554614
0.555378
0.556137
0.55689
0.557638
0.558378
0.559111
0.559836
0.560552
0.561258
0.561954
0.56264
0.563314
0.563977
0.564627
0.565265
0.56589
0.566502
0.567101
0.567685
0.568256
0.568812
0.569354
0.56988
0.570392
0.570888
0.571369
0.571835
0.572284
0.572718
0.573136
0.573538
0.573923
0.574292
0.574644
0.57498
0.575299
0.575601
0.575886
0.576153
0.576404
0.576637
0.576852
0.577049
0.577229
0.57739
0.577533
0.577658
0.577764
0.577851
0.57792
0.577968
0.577998
0.578008
0.577998
0.577968
0.577918
0.577847
0.577755
0.577643
0.57751
0.577355
0.577179
0.576981
0.576761
0.576519
0.576255
0.575969
0.575661
0.57533
0.574976
0.5746
0.574201
0.573779
0.573335
0.572868
0.572379
0.571868
0.571334
0.570778
0.5702
0.569601
0.568981
0.56834
0.567678
0.566997
0.566296
0.565576
0.564838
0.564081
0.563308
0.562519
0.561714
0.560894
0.560061
0.559215
0.558357
0.557489
0.55661
0.555724
0.55483
0.55393
0.553025
0.552117
0.551207
0.550297
0.549388
0.548481
0.547578
0.546681
0.545791
0.54491
0.54404
0.543182
0.542338
0.54151
0.5407
0.539908
0.539138
0.53839
0.537667
0.53697
0.536301
0.535661
0.535053
0.534478
0.533937
0.533432
0.532964
0.532535
0.532147
0.5318
0.531496
0.531235
0.53102
0.530851
0.530729
0.530655
0.53063
0.530653
0.530727
0.53085
0.531025
0.531249
0.531525
0.531852
0.532229
0.532657
0.533135
0.533663
0.53424
0.534866
0.535539
0.53626
0.537026
0.537837
0.538691
0.539588
0.540526
0.541503
0.542518
0.543569
0.544655
0.545774
0.546923
0.548101
0.549307
0.550537
0.55179
0.553064
0.554356
0.555665
0.556988
0.558322
0.559667
0.561018
0.562375
0.563735
0.565095
0.566453
0.567808
0.569156
0.570496
0.571825
0.573142
0.574444
0.575728
0.576994
0.578239
0.579461
0.580658
0.581828
0.58297
0.584082
0.585162
0.586209
0.587221
0.588196
0.589134
0.590033
0.590891
0.591709
0.592483
0.593214
0.593901
0.594543
0.595138
0.595687
0.596188
0.596642
0.597047
0.597404
0.597712
0.597971
0.598181
0.598342
0.598453
0.598515
0.598529
0.598494
0.598411
0.59828
0.598102
0.597877
0.597606
0.59729
0.596929
0.596525
0.596077
0.595588
0.595059
0.594489
0.593881
0.593235
0.592553
0.591837
0.591087
0.590304
0.589491
0.588648
0.587777
0.58688
0.585958
0.585013
0.584046
0.583058
0.582052
0.581028
0.57999
0.578937
0.577872
0.576796
0.575711
0.574619
0.573521
0.572418
0.571312
0.570205
0.569098
0.567993
0.56689
0.565792
0.564699
0.563614
0.562537
0.561469
0.560411
0.559366
0.558333
0.557314
0.55631
0.555322
0.55435
0.553396
0.55246
0.551542
0.550645
0.549767
0.548909
0.548073
0.547258
0.546465
0.545694
0.544946
0.54422
0.543516
0.542836
0.542178
0.541543
0.54093
0.540341
0.539774
0.539229
0.538707
0.538206
0.537728
0.53727
0.536834
0.536419
0.536025
0.535651
0.535296
0.534961
0.534646
0.534349
0.534071
0.53381
0.533568
0.533343
0.533135
0.532944
0.532769
0.53261
0.532468
0.532341
0.53223
0.532134
0.532053
0.531988
0.531937
0.531901
0.53188
0.531874
0.531883
0.531907
0.531946
0.532
0.532069
0.532153
0.532254
0.53237
0.532502
0.532651
0.532817
0.533
0.5332
0.533418
0.533654
0.533909
0.534183
0.534476
0.534789
0.535123
0.535477
0.535852
0.536249
0.536668
0.537109
0.537574
0.538061
0.538572
0.539106
0.539665
0.540249
0.540856
0.541489
0.542147
0.54283
0.543538
0.544272
0.54503
0.545814
0.546623
0.547457
0.548316
0.549199
0.550106
0.551037
0.551991
0.552967
0.553966
0.554986
0.556027
0.557088
0.558168
0.559267
0.560382
0.561514
0.562661
0.563823
0.564997
0.566182
0.567379
0.568584
0.569797
0.571016
0.572239
0.573466
0.574695
0.575924
0.57715
0.578374
0.579593
0.580805
0.582009
0.583202
0.584384
0.585551
0.586704
0.587839
0.588955
0.590049
0.591122
0.592169
0.593191
0.594184
0.595148
0.59608
0.596979
0.597843
0.59867
0.59946
0.600209
0.600917
0.601583
0.602204
0.602779
0.603308
0.603788
0.604218
0.604597
0.604924
0.605199
0.605419
0.605583
0.605692
0.605744
0.605738
0.605673
0.605549
0.605366
0.605123
0.604819
0.604454
0.604028
0.60354
0.602991
0.602381
0.601709
0.600975
0.600181
0.599325
0.59841
0.597434
0.596398
0.595304
0.594152
0.592943
0.591677
0.590355
0.588979
0.58755
0.586069
0.584537
0.582956
0.581326
0.57965
0.57793
0.576166
0.574361
0.572517
0.570635
0.568717
0.566766
0.564783
0.562771
0.560732
0.558669
0.556583
0.554477
0.552353
0.550215
0.548065
0.545904
0.543737
0.541565
0.539391
0.537218
0.535049
0.532886
0.530733
0.528591
0.526465
0.524355
0.522267
0.520201
0.518161
0.516149
0.514169
0.512222
0.510311
0.50844
0.506609
0.504822
0.503081
0.501388
0.499745
0.498155
0.496619
0.495139
0.493717
0.492354
0.491052
0.489812
0.488636
0.487525
0.486479
0.4855
0.484587
0.483743
0.482966
0.482258
0.481618
0.481047
0.480543
0.480108
0.479739
0.479438
0.479202
0.479032
0.478925
0.478881
0.478899
0.478977
0.479113
0.479307
0.479555
0.479857
0.48021
0.480613
0.481063
0.481558
0.482096
0.482675
0.483291
0.483944
0.484631
0.485348
0.486094
0.486866
0.487661
0.488478
0.489313
0.490164
0.491029
0.491905
0.492789
0.49368
0.494574
0.495469
0.496364
0.497255
0.498141
0.499019
0.499887
0.500744
0.501586
0.502412
0.50322
0.504008
0.504775
0.505518
0.506237
0.506928
0.507591
0.508225
0.508828
0.509398
0.509935
0.510436
0.510902
0.511331
0.511722
0.512073
0.512386
0.512657
0.512888
0.513076
0.513222
0.513326
0.513386
0.513403
0.513375
0.513304
0.513188
0.513028
0.512824
0.512576
0.512283
0.511946
0.511566
0.511142
0.510675
0.510165
0.509613
0.50902
0.508385
0.50771
0.506995
0.506241
0.505449
0.50462
0.503754
0.502853
0.501917
0.500948
0.499947
0.498914
0.497852
0.496761
0.495643
0.494498
0.493329
0.492136
0.490922
0.489687
0.488434
0.487164
0.485877
0.484577
0.483265
0.481943
0.480611
0.479273
0.477929
0.476582
0.475234
0.473886
0.472541
0.4712
0.469865
0.468539
0.467223
0.465919
0.46463
0.463357
0.462103
0.460869
0.459658
0.458472
0.457312
0.456182
0.455082
0.454016
0.452984
0.45199
0.451035
0.450121
0.44925
0.448424
0.447645
0.446915
0.446235
0.445608
0.445035
0.444518
0.444058
0.443657
0.443316
0.443037
0.442822
0.44267
0.442585
0.442566
0.442615
0.442732
0.442919
0.443176
0.443504
0.443903
0.444374
0.444917
0.445532
0.44622
0.44698
0.447813
0.448717
0.449693
0.45074
0.451859
0.453047
0.454304
0.45563
0.457023
0.458483
0.460008
0.461596
0.463248
0.46496
0.466732
0.468562
0.470449
0.472389
0.474383
0.476427
0.478519
0.480658
0.482842
0.485068
0.487334
0.489638
0.491978
0.49435
0.496754
0.499185
0.501642
0.504123
0.506624
0.509144
0.511679
0.514228
0.516787
0.519353
0.521925
0.5245
0.527075
0.529647
0.532215
0.534774
0.537323
0.53986
0.54238
0.544883
0.547365
0.549825
0.552258
0.554664
0.557039
0.559382
0.561689
0.563959
0.566188
0.568376
0.570519
0.572615
0.574663
0.576659
0.578603
0.580491
0.582322
0.584094
0.585805
0.587452
0.589036
0.590552
0.592
0.593378
0.594685
0.595918
0.597077
0.59816
0.599165
0.600091
0.600936
0.601701
0.602383
0.602981
0.603494
0.603921
0.604262
0.604516
0.604681
0.604757
0.604743
0.60464
0.604445
0.604159
0.603782
0.603313
0.602752
0.602099
0.601354
0.600516
0.599586
0.598564
0.597451
0.596246
0.594949
0.593563
0.592086
0.59052
0.588866
0.587123
0.585294
0.583379
0.581379
0.579295
0.577129
0.574881
0.572554
0.570148
0.567666
0.565109
0.562479
0.559777
0.557007
0.554168
0.551265
0.548299
0.545272
0.542186
0.539046
0.535852
0.532607
0.529316
0.525979
0.522601
0.519184
0.515732
0.512248
0.508735
0.505196
0.501636
0.498058
0.494465
0.490862
0.487252
0.48364
0.480028
0.476423
0.472826
0.469244
0.46568
0.462139
0.458625
0.455143
0.451696
0.448291
0.444931
0.44162
0.438365
0.435168
0.432036
0.428971
0.42598
0.423066
0.420233
0.417487
0.414831
0.41227
0.409807
0.407446
0.405191
0.403046
0.401014
0.399098
0.3973
0.395625
0.394073
0.392648
0.39135
0.390182
0.389145
0.38824
0.387468
0.386829
0.386323
0.385949
0.385708
0.385598
0.385619
0.385768
0.386044
0.386445
0.386969
0.387613
0.388375
0.38925
0.390237
0.391331
0.392529
0.393828
0.395224
0.396712
0.398288
0.399949
0.401689
0.403506
0.405394
0.407349
0.409367
0.411444
0.413575
0.415756
0.417983
0.420251
0.422557
0.424896
0.427265
0.429659
0.432075
0.43451
0.436959
0.43942
0.441888
0.444361
0.446835
0.449307
0.451776
0.454236
0.456687
0.459126
0.461549
0.463956
0.466343
0.468708
0.47105
0.473367
0.475656
0.477917
0.480148
0.482347
0.484514
0.486646
0.488744
0.490805
0.492829
0.494815
0.496763
0.498671
0.50054
0.502369
0.504158
0.505906
0.507612
0.509278
0.510903
0.512487
0.51403
0.515532
0.516994
0.518415
0.519796
0.521138
0.522441
0.523706
0.524932
0.526121
0.527273
0.528389
0.529469
0.530515
0.531526
0.532505
0.533451
0.534365
0.535249
0.536103
0.536928
0.537725
0.538495
0.539238
0.539956
0.54065
0.541319
0.541966
0.542592
0.543196
0.54378
0.544344
0.54489
0.545419
0.54593
0.546425
0.546905
0.54737
0.547821
0.548258
0.548682
0.549095
0.549495
0.549884
0.550263
0.550631
0.550989
0.551338
0.551677
0.552007
0.552329
0.552642
0.552946
0.553243
0.553531
0.553811
0.554083
0.554346
0.554602
0.554849
0.555087
0.555317
0.555538
0.555749
0.555951
0.556143
0.556325
0.556497
0.556658
0.556807
0.556944
0.557069
0.557182
0.557281
0.557366
0.557437
0.557493
0.557533
0.557557
0.557565
0.557555
0.557527
0.557481
0.557416
0.557331
0.557226
0.557099
0.556951
0.556781
0.556588
0.556372
0.556132
0.555867
0.555578
0.555263
0.554921
0.554554
0.554159
0.553737
0.553286
0.552808
0.552301
0.551764
0.551198
0.550603
0.549977
0.549321
0.548634
0.547917
0.547168
0.546388
0.545577
0.544735
0.543861
0.542956
0.542019
0.54105
0.54005
0.539018
0.537955
0.536861
0.535736
0.53458
0.533393
0.532176
0.530929
0.529651
0.528345
0.527008
0.525643
0.52425
0.522828
0.521379
0.519903
0.5184
0.516871
0.515316
0.513737
0.512132
0.510504
0.508852
0.507178
0.505482
0.503764
0.502026
0.500267
0.49849
0.496693
0.494879
0.493048
0.4912
0.489336
0.487458
0.485565
0.483659
0.481741
0.479811
0.47787
0.475918
0.473958
0.471988
0.470011
0.468028
0.466038
0.464042
0.462043
0.460039
0.458033
0.456025
0.454016
0.452006
0.449997
0.447989
0.445984
0.443981
0.441982
0.439987
0.437998
0.436015
0.434039
0.43207
0.43011
0.42816
0.426219
0.42429
0.422372
0.420466
0.418574
0.416695
0.414832
0.412984
0.411152
0.409337
0.40754
0.405762
0.404002
0.402263
0.400545
0.398848
0.397173
0.395521
0.393893
0.392289
0.390711
0.389158
0.387632
0.386133
0.384662
0.38322
0.381807
0.380424
0.379071
0.377751
0.376462
0.375206
0.373983
0.372795
0.371641
0.370522
0.369439
0.368393
0.367384
0.366412
0.365479
0.364584
0.363729
0.362914
0.362138
0.361404
0.360711
0.360059
0.359449
0.358882
0.358358
0.357876
0.357439
0.357045
0.356694
0.356389
0.356127
0.35591
0.355738
0.35561
0.355528
0.35549
0.355498
0.35555
0.355648
0.35579
0.355977
0.356208
0.356484
0.356804
0.357167
0.357575
0.358026
0.35852
0.359056
0.359635
0.360255
0.360917
0.36162
0.362364
0.363147
0.36397
0.364831
0.365731
0.366668
0.367642
0.368652
0.369699
0.37078
0.371895
0.373044
0.374226
0.37544
0.376685
0.377962
0.379268
0.380603
0.381967
0.383358
0.384776
0.386221
0.387691
0.389185
0.390703
0.392245
0.393809
0.395394
0.397
0.398627
0.400272
0.401937
0.403619
0.405318
0.407034
0.408766
0.410512
0.412273
0.414048
0.415836
0.417636
0.419447
0.42127
0.423103
0.424945
0.426797
0.428656
0.430524
0.432399
0.43428
0.436167
0.438059
0.439955
0.441856
0.44376
0.445667
0.447576
0.449486
0.451398
0.453309
0.45522
0.45713
0.459039
0.460945
0.462849
0.464749
0.466644
0.468535
0.47042
0.472299
0.474171
0.476036
0.477892
0.479739
0.481577
0.483404
0.48522
0.487024
0.488815
0.490592
0.492356
0.494104
0.495836
0.497552
0.49925
0.500929
0.502589
0.504229
0.505848
0.507445
0.509019
0.510569
0.512094
0.513594
0.515067
0.516512
0.517928
0.519315
0.520672
0.521996
0.523289
0.524547
0.525771
0.526959
0.52811
0.529223
0.530298
0.531333
0.532327
0.533279
0.534188
0.535053
0.535873
0.536648
0.537375
0.538054
0.538684
0.539264
0.539792
0.540269
0.540694
0.541064
0.541379
0.541639
0.541842
0.541988
0.542075
0.542104
0.542072
0.54198
0.541826
0.541611
0.541332
0.54099
0.540584
0.540114
0.539578
0.538976
0.538308
0.537574
0.536773
0.535904
0.534967
0.533963
0.53289
0.531749
0.530539
0.529261
0.527914
0.526499
0.525015
0.523462
0.521842
0.520154
0.518397
0.516574
0.514684
0.512728
0.510706
0.508618
0.506467
0.504251
0.501973
0.499633
0.497232
0.494771
0.492251
0.489674
0.487041
0.484352
0.48161
0.478817
0.475972
0.47308
0.47014
0.467156
0.464128
0.46106
0.457953
0.45481
0.451632
0.448423
0.445184
0.441919
0.43863
0.43532
0.431992
0.42865
0.425295
0.421932
0.418564
0.415193
0.411825
0.408462
0.405109
0.401768
0.398445
0.395143
0.391866
0.388618
0.385405
0.382229
0.379096
0.376011
0.372977
0.37
0.367083
0.364233
0.361453
0.358748
0.356123
0.353583
0.351132
0.348775
0.346516
0.344359
0.34231
0.340372
0.338549
0.336845
0.335263
0.333808
0.332481
0.331286
0.330226
0.329303
0.328519
0.327875
0.327373
0.327014
0.326799
0.326727
0.326799
0.327015
0.327372
0.327872
0.328511
0.329289
0.330202
0.331249
0.332427
0.333732
0.335162
0.336714
0.338383
0.340165
0.342057
0.344054
0.346153
0.348348
0.350636
0.353011
0.355469
0.358005
0.360616
0.363295
0.366039
0.368843
0.371702
0.374613
0.377569
0.380567
0.383604
0.386673
0.389772
0.392896
0.396042
0.399205
0.402382
0.405569
0.408762
0.411959
0.415155
0.418348
0.421534
0.424711
0.427876
0.431025
0.434157
0.437269
0.440357
0.443421
0.446457
0.449463
0.452438
0.45538
0.458286
0.461155
0.463985
0.466775
0.469524
0.472229
0.47489
0.477505
0.480073
0.482593
0.485065
0.487487
0.489858
0.492178
0.494447
0.496662
0.498825
0.500935
0.50299
0.504992
0.506939
0.508831
0.510669
0.512452
0.514181
0.515854
0.517473
0.519037
0.520548
0.522004
0.523406
0.524755
0.526051
0.527295
0.528486
0.529626
0.530715
0.531754
0.532743
0.533683
0.534574
0.535418
0.536215
0.536966
0.537672
0.538333
0.538951
0.539526
0.540059
0.540552
0.541004
0.541418
0.541794
0.542133
0.542436
0.542704
0.542938
0.54314
0.543309
0.543448
0.543556
0.543636
0.543688
0.543714
0.543713
0.543688
0.54364
0.543568
0.543475
0.543361
0.543227
0.543075
0.542904
0.542717
0.542513
0.542294
0.542061
0.541814
0.541554
0.541282
0.540999
0.540705
0.540402
0.540089
0.539768
0.539439
0.539103
0.53876
0.538411
0.538056
0.537696
0.53733
0.536961
0.536587
0.53621
0.535829
0.535445
0.535058
0.534668
0.534276
0.533881
0.533484
0.533085
0.532683
0.53228
0.531874
0.531465
0.531054
0.530641
0.530225
0.529807
0.529385
0.52896
0.528532
0.5281
0.527664
0.527224
0.52678
0.52633
0.525875
0.525414
0.524948
0.524474
0.523994
0.523507
0.523011
0.522508
0.521996
0.521474
0.520943
0.520402
0.51985
0.519287
0.518713
0.518127
0.517527
0.516915
0.51629
0.51565
0.514996
0.514327
0.513643
0.512942
0.512226
0.511493
0.510743
0.509975
0.50919
0.508386
0.507564
0.506724
0.505864
0.504984
0.504085
0.503166
0.502227
0.501268
0.500288
0.499288
0.498267
0.497225
0.496162
0.495079
0.493974
0.492849
0.491703
0.490536
0.489348
0.488141
0.486913
0.485664
0.484397
0.483109
0.481803
0.480478
0.479134
0.477773
0.476393
0.474997
0.473585
0.472156
0.470713
0.469254
0.467782
0.466297
0.464798
0.463289
0.461768
0.460237
0.458697
0.457149
0.455594
0.454032
0.452466
0.450895
0.449321
0.447744
0.446167
0.444591
0.443016
0.441444
0.439875
0.438313
0.436756
0.435208
0.433669
0.432141
0.430624
0.429122
0.427634
0.426162
0.424708
0.423273
0.421858
0.420466
0.419097
0.417752
0.416434
0.415144
0.413883
0.412652
0.411453
0.410287
0.409155
0.408059
0.407
0.405979
0.404998
0.404057
0.403158
0.402301
0.401488
0.400719
0.399996
0.39932
0.39869
0.398108
0.397574
0.39709
0.396655
0.39627
0.395935
0.395651
0.395417
0.395234
0.395102
0.395021
0.394991
0.395012
0.395082
0.395203
0.395373
0.395592
0.39586
0.396175
0.396538
0.396946
0.3974
0.397899
0.398441
0.399025
0.399651
0.400317
0.401021
0.401763
0.402542
0.403355
0.404202
0.405081
0.40599
0.406928
0.407894
0.408885
0.409901
0.410939
0.411999
0.413077
0.414173
0.415286
0.416412
0.417551
0.418702
0.419861
0.421028
0.422201
0.423378
0.424558
0.42574
0.42692
0.428098
0.429273
0.430443
0.431606
0.43276
0.433905
0.435039
0.436161
0.437268
0.438361
0.439437
0.440495
0.441534
0.442554
0.443552
0.444528
0.44548
0.446408
0.447311
0.448187
0.449037
0.449858
0.45065
0.451413
0.452145
0.452847
0.453517
0.454155
0.45476
0.455332
0.455871
0.456375
0.456846
0.457281
0.457682
0.458048
0.458379
0.458674
0.458934
0.459159
0.459348
0.459502
0.459621
0.459705
0.459754
0.459768
0.459749
0.459695
0.459608
0.459487
0.459334
0.459149
0.458932
0.458685
0.458406
0.458098
0.457761
0.457396
0.457002
0.456582
0.456136
0.455665
0.45517
0.454651
0.454109
0.453547
0.452963
0.452361
0.45174
0.451101
0.450446
0.449776
0.449092
0.448395
0.447686
0.446966
0.446237
0.445499
0.444754
0.444003
0.443247
0.442488
0.441726
0.440962
0.440198
0.439435
0.438674
0.437916
0.437162
0.436414
0.435672
0.434938
0.434211
0.433495
0.432788
0.432093
0.43141
0.430741
0.430085
0.429444
0.428818
0.428209
0.427616
0.427041
0.426484
0.425945
0.425425
0.424925
0.424445
0.423985
0.423546
0.423127
0.422729
0.422352
0.421997
0.421662
0.421349
0.421056
0.420784
0.420533
0.420302
0.420092
0.419901
0.41973
0.419577
0.419443
0.419327
0.419228
0.419146
0.419079
0.419029
0.418993
0.41897
0.418961
0.418964
0.418979
0.419004
0.419038
0.419081
0.419132
0.41919
0.419254
0.419322
0.419395
0.41947
0.419547
0.419624
0.419702
0.419779
0.419853
0.419924
0.419991
0.420053
0.420109
0.420158
0.420199
0.420231
0.420254
0.420266
0.420266
0.420255
0.42023
0.420192
0.42014
0.420073
0.41999
0.41989
0.419774
0.419641
0.41949
0.41932
0.419132
0.418925
0.418698
0.418453
0.418187
0.417901
0.417596
0.41727
0.416924
0.416559
0.416173
0.415767
0.415342
0.414897
0.414433
0.413951
0.413449
0.41293
0.412394
0.41184
0.41127
0.410685
0.410084
0.409469
0.408841
0.4082
0.407547
0.406883
0.406209
0.405526
0.404836
0.404138
0.403435
0.402727
0.402016
0.401302
0.400588
0.399874
0.399162
0.398452
0.397747
0.397048
0.396356
0.395672
0.394998
0.394335
0.393684
0.393048
0.392427
0.391823
0.391237
0.390671
0.390126
0.389602
0.389103
0.388628
0.388179
0.387758
0.387365
0.387001
0.386669
0.386368
0.386099
0.385865
0.385664
0.3855
0.385371
0.385279
0.385224
0.385208
0.38523
0.38529
0.38539
0.385529
0.385708
0.385927
0.386185
0.386483
0.386821
0.387198
0.387613
0.388068
0.388561
0.389091
0.389659
0.390263
0.390903
0.391578
0.392286
0.393028
0.393803
0.394608
0.395443
0.396307
0.397199
0.398117
0.399061
0.400028
0.401018
0.402028
0.403059
0.404108
0.405173
0.406254
0.407348
0.408455
0.409573
0.4107
0.411834
0.412975
0.414121
0.41527
0.41642
0.417571
0.41872
0.419867
0.42101
0.422147
0.423277
0.424399
0.425511
0.426613
0.427702
0.428778
0.42984
0.430886
0.431915
0.432926
0.433919
0.434891
0.435843
0.436773
0.437681
0.438565
0.439425
0.440261
0.441071
0.441855
0.442613
0.443344
0.444047
0.444722
0.44537
0.445989
0.446579
0.44714
0.447673
0.448176
0.44865
0.449095
0.449512
0.449899
0.450258
0.450588
0.45089
0.451165
0.451411
0.451631
0.451825
0.451992
0.452134
0.45225
0.452343
0.452412
0.452458
0.452482
0.452485
0.452467
0.45243
0.452373
0.452299
0.452208
0.452101
0.451979
0.451844
0.451695
0.451534
0.451363
0.451182
0.450993
0.450796
0.450592
0.450384
0.450171
0.449956
0.449738
0.44952
0.449302
0.449086
0.448872
0.448662
0.448457
0.448257
0.448064
0.447879
0.447703
0.447537
0.447381
0.447236
0.447104
0.446986
0.446881
0.446791
0.446716
0.446658
0.446616
0.446591
0.446584
0.446596
0.446626
0.446675
0.446744
0.446832
0.44694
0.447068
0.447216
0.447385
0.447573
0.447782
0.448011
0.44826
0.448529
0.448817
0.449124
0.44945
0.449795
0.450158
0.450538
0.450935
0.451349
0.451778
0.452223
0.452682
0.453155
0.45364
0.454139
0.454648
0.455168
0.455698
0.456237
0.456784
0.457337
0.457897
0.458462
0.459031
0.459603
0.460177
0.460752
0.461328
0.461903
0.462476
0.463046
0.463613
0.464174
0.46473
0.465279
0.465821
0.466354
0.466877
0.46739
0.467892
0.468381
0.468858
0.46932
0.469768
0.470201
0.470617
0.471016
0.471398
0.471761
0.472106
0.472431
0.472735
0.47302
0.473283
0.473524
0.473743
0.47394
0.474114
0.474265
0.474392
0.474495
0.474575
0.47463
0.474661
0.474667
0.474649
0.474606
0.474538
0.474446
0.47433
0.474189
0.474023
0.473834
0.47362
0.473383
0.473122
0.472839
0.472532
0.472203
0.471852
0.47148
0.471086
0.470672
0.470238
0.469784
0.469311
0.46882
0.468311
0.467785
0.467243
0.466685
0.466113
0.465526
0.464926
0.464313
0.463689
0.463054
0.462408
0.461754
0.461091
0.460421
0.459744
0.459062
0.458375
0.457684
0.45699
0.456295
0.455599
0.454902
0.454207
0.453513
0.452822
0.452135
0.451452
0.450775
0.450105
0.449442
0.448787
0.448141
0.447505
0.446879
0.446266
0.445664
0.445076
0.444501
0.443941
0.443396
0.442867
0.442355
0.44186
0.441382
0.440922
0.440481
0.440059
0.439657
0.439275
0.438913
0.438571
0.43825
0.437951
0.437672
0.437415
0.437179
0.436965
0.436772
0.4366
0.43645
0.436321
0.436213
0.436126
0.43606
0.436013
0.435987
0.43598
0.435992
0.436023
0.436071
0.436137
0.43622
0.43632
0.436435
0.436564
0.436708
0.436866
0.437036
0.437217
0.43741
0.437612
0.437823
0.438043
0.43827
0.438502
0.43874
0.438982
0.439227
0.439474
0.439721
0.439969
0.440215
0.440459
0.440699
0.440934
0.441164
0.441387
0.441601
0.441806
0.442001
0.442185
0.442355
0.442512
0.442654
0.44278
0.442889
0.44298
0.443052
0.443103
0.443133
0.44314
0.443125
0.443085
0.443019
0.442928
0.442809
0.442663
0.442488
0.442283
0.442047
0.441781
0.441482
0.441151
0.440787
0.440388
0.439956
0.439488
0.438984
0.438445
0.437869
0.437257
0.436607
0.43592
0.435195
0.434432
0.433631
0.432793
0.431915
0.431
0.430047
0.429055
0.428026
0.426959
0.425855
0.424714
0.423536
0.422322
0.421072
0.419787
0.418468
0.417114
0.415728
0.41431
0.412861
0.411381
0.409871
0.408334
0.40677
0.405179
0.403564
0.401927
0.400267
0.398587
0.396889
0.395173
0.393442
0.391698
0.389942
0.388177
0.386404
0.384625
0.382842
0.381059
0.379276
0.377496
0.375722
0.373956
0.3722
0.370458
0.368731
0.367022
0.365334
0.36367
0.362031
0.360422
0.358845
0.357302
0.355796
0.354331
0.352908
0.351531
0.350203
0.348925
0.347701
0.346534
0.345425
0.344378
0.343395
0.342478
0.34163
0.340852
0.340147
0.339516
0.338962
0.338485
0.338088
0.337772
0.337538
0.337387
0.33732
0.337338
0.33744
0.337628
0.337902
0.338261
0.338705
0.339234
0.339847
0.340544
0.341324
0.342184
0.343125
0.344144
0.345241
0.346412
0.347657
0.348973
0.350358
0.35181
0.353326
0.354904
0.356541
0.358234
0.359982
0.36178
0.363626
0.365516
0.367449
0.369421
0.371429
0.373469
0.375539
0.377636
0.379756
0.381896
0.384054
0.386225
0.388408
0.390599
0.392795
0.394993
0.39719
0.399383
0.40157
0.403747
0.405912
0.408062
0.410195
0.412307
0.414397
0.416462
0.418499
0.420507
0.422482
0.424423
0.426327
0.428193
0.430018
0.431801
0.433539
0.435231
0.436875
0.43847
0.440013
0.441503
0.44294
0.444321
0.445644
0.44691
0.448117
0.449263
0.450348
0.451371
0.452331
0.453226
0.454057
0.454823
0.455523
0.456156
0.456723
0.457223
0.457655
0.45802
0.458316
0.458545
0.458706
0.4588
0.458826
0.458784
0.458675
0.4585
0.458258
0.45795
0.457577
0.45714
0.456638
0.456074
0.455447
0.454759
0.45401
0.453202
0.452336
0.451413
0.450434
0.4494
0.448314
0.447175
0.445986
0.444749
0.443465
0.442135
0.440761
0.439346
0.437891
0.436397
0.434867
0.433304
0.431708
0.430081
0.428428
0.426748
0.425045
0.42332
0.421577
0.419817
0.418043
0.416258
0.414463
0.412661
0.410855
0.409046
0.407239
0.405434
0.403636
0.401845
0.400065
0.398299
0.396548
0.394816
0.393104
0.391415
0.389752
0.388118
0.386513
0.384941
0.383404
0.381904
0.380443
0.379023
0.377646
0.376315
0.37503
0.373794
0.372608
0.371474
0.370393
0.369367
0.368396
0.367481
0.366624
0.365826
0.365087
0.364407
0.363787
0.363228
0.362729
0.362291
0.361913
0.361595
0.361337
0.361138
0.360998
0.360916
0.360891
0.360921
0.361007
0.361146
0.361337
0.36158
0.361871
0.36221
0.362595
0.363025
0.363497
0.364009
0.364559
0.365147
0.365768
0.366422
0.367106
0.367817
0.368555
0.369316
0.370098
0.370899
0.371718
0.37255
0.373395
0.374251
0.375114
0.375983
0.376856
0.377731
0.378605
0.379476
0.380343
0.381204
0.382056
0.382898
0.383729
0.384545
0.385346
0.38613
0.386896
0.387641
0.388365
0.389066
0.389742
0.390393
0.391018
0.391614
0.392182
0.39272
0.393227
0.393703
0.394146
0.394556
0.394932
0.395275
0.395582
0.395854
0.396091
0.396292
0.396457
0.396586
0.396679
0.396736
0.396757
0.396742
0.396691
0.396605
0.396484
0.396328
0.396139
0.395916
0.39566
0.395373
0.395054
0.394704
0.394325
0.393918
0.393483
0.393022
0.392536
0.392026
0.391494
0.39094
0.390367
0.389775
0.389166
0.388543
0.387905
0.387256
0.386597
0.38593
0.385256
0.384578
0.383897
0.383216
0.382535
0.381859
0.381187
0.380523
0.379869
0.379227
0.378598
0.377986
0.377391
0.376817
0.376266
0.375739
0.375239
0.374768
0.374328
0.373921
0.373549
0.373214
0.372919
0.372664
0.372452
0.372285
0.372165
0.372092
0.37207
0.372098
0.37218
0.372315
0.372506
0.372753
0.373057
0.373421
0.373843
0.374326
0.374869
0.375474
0.37614
0.376869
0.37766
0.378513
0.379428
0.380405
0.381444
0.382544
0.383705
0.384926
0.386207
0.387546
0.388943
0.390396
0.391905
0.393468
0.395084
0.396751
0.398468
0.400234
0.402046
0.403903
0.405804
0.407745
0.409726
0.411744
0.413798
0.415885
0.418003
0.420151
0.422325
0.424524
0.426746
0.428988
0.431248
0.433524
0.435814
0.438114
0.440424
0.442741
0.445062
0.447385
0.449708
0.452029
0.454346
0.456655
0.458956
0.461245
0.463522
0.465783
0.468026
0.47025
0.472452
0.474631
0.476783
0.478909
0.481004
0.483068
0.485099
0.487094
0.489053
0.490973
0.492852
0.494689
0.496483
0.498231
0.499932
0.501584
0.503187
0.504738
0.506236
0.50768
0.509068
0.5104
0.511673
0.512888
