
Dual Residual: 
1
1325.91
359.058
184.869
112.617
94.916
74.065
59.5742
52.703
47.6943
41.7929
35.6708
30.6968
27.4976
25.774
24.8024
23.9547
22.9229
21.6921
20.3644
18.9958
17.5907
16.2223
15.11
14.5295
14.5873
15.0929
15.6896
16.0632
16.0402
15.5839
14.753
13.6588
12.435
11.2207
10.1515
9.34702
8.88474
8.77042
8.93285
9.25664
9.6252
9.9464
10.1593
10.232
10.1569
9.94677
9.6301
9.24671
8.84187
8.45967
8.13596
7.89262
7.73478
7.65259
7.62647
7.63338
7.65178
7.66421
7.65773
7.62324
7.55462
7.44826
7.3031
7.12127
6.90874
6.67585
6.43703
6.20961
6.01147
5.85789
5.75816
5.71348
5.71674
5.75469
5.81121
5.87058
5.9198
5.94969
5.95508
5.9343
5.8884
5.82043
5.73462
5.63596
5.52971
5.42116
5.31528
5.2164
5.12776
5.05118
4.98675
4.93287
4.8866
4.84425
4.80213
4.75732
4.70817
4.65461
4.59806
4.54102
4.48646
4.43705
4.39442
4.35873
4.3285
4.30089
4.27217
4.2385
4.19659
4.14424
4.08077
4.0071
3.92572
3.84035
3.75559
3.67629
3.60697
3.55128
3.51148
3.4883
3.48091
3.48718
3.50414
3.52837
3.55643
3.58517
3.61189
3.63441
3.65112
3.66094
3.66328
3.65802
3.64545
3.62622
3.60134
3.57208
3.53993
3.50646
3.47326
3.44178
3.41323
3.38847
3.36795
3.35171
3.33932
3.33003
3.32282
3.31652
3.30994
3.30193
3.29155
3.27807
3.26102
3.24026
3.21594
3.18851
3.15865
3.12729
3.09548
3.06439
3.03516
3.0089
2.98655
2.96885
2.95628
2.94909
2.94722
2.95042
2.95826
2.9702
2.98564
3.004
3.02474
3.04736
3.07145
3.0966
3.12241
3.14846
3.17426
3.19919
3.22258
3.24362
3.26144
3.27514
3.28386
3.28681
3.28335
3.27305
3.25573
3.23149
3.20073
3.16413
3.12267
3.07753
3.03004
2.98165
2.93379
2.8878
2.84486
2.80592
2.77165
2.74243
2.71842
2.69952
2.68552
2.67614
2.67112
2.67028
2.67352
2.68092
2.69264
2.70889
2.72992
2.75591
2.78689
2.8227
2.86295
2.90702
2.95401
3.00286
3.05231
3.10104
3.14769
3.19094
3.22957
3.26248
3.28879
3.30782
3.31911
3.32245
3.31786
3.30559
3.2861
3.26006
3.22827
3.19171
3.15142
3.10854
3.06421
3.01955
2.97566
2.93351
2.89394
2.85766
2.82516
2.79674
2.77251
2.75238
2.73607
2.72319
2.71318
2.70545
2.69933
2.69415
2.68929
2.68414
2.6782
2.67105
2.66238
2.652
2.63985
2.62599
2.61062
2.59406
2.57674
2.5592
2.54205
2.52598
2.5117
2.49991
2.4913
2.48648
2.48595
2.49008
2.4991
2.51304
2.53178
2.55503
2.58235
2.61316
2.64682
2.68258
2.71969
2.75736
2.79483
2.83136
2.86627
2.8989
2.92867
2.95508
2.97768
2.99607
3.00994
3.01905
3.0232
3.02227
3.01622
3.00504
2.98881
2.96766
2.9418
2.91149
2.87705
2.83885
2.79735
2.75302
2.70639
2.65803
2.60853
2.5585
2.50857
2.45936
2.41148
2.36552
2.32205
2.28157
2.24455
2.21139
2.1824
2.15782
2.13782
2.12244
2.11167
2.10537
2.10333
2.10526
2.11079
2.11949
2.1309
2.1445
2.15977
2.17619
2.19323
2.21038
2.22715
2.24311
2.25783
2.27095
2.28214
2.29112
2.29764
2.30151
2.30258
2.30072
2.29585
2.28796
2.27703
2.26313
2.24634
2.2268
2.20472
2.18034
2.15398
2.126
2.09685
2.06702
2.03705
2.00756
1.97918
1.95257
1.92838
1.90724
1.88974
1.87637
1.86752
1.86345
1.86428
1.86997
1.88034
1.89508
1.91376
1.93587
1.96084
1.98806
2.01691
2.04678
2.0771
2.10733
2.13699
2.16564
2.19292
2.21851
2.24214
2.2636
2.28272
2.2994
2.31355
2.32513
2.33413
2.34059
2.34454
2.34608
2.3453
2.34233
2.33733
2.33048
2.32195
2.31197
2.30076
2.28858
2.27566
2.26228
2.24871
2.23522
2.22206
2.20948
2.1977
2.18695
2.17737
2.16911
2.16225
2.15684
2.15287
2.15028
2.14898
2.14881
2.1496
2.15113
2.15317
2.15545
2.15772
2.15972
2.16119
2.16189
2.16163
2.16022
2.1575
2.15336
2.14774
2.14059
2.13193
2.12181
2.11032
2.09757
2.08374
2.06901
2.05359
2.03771
2.02164
2.00561
1.9899
1.97473
1.96036
1.94698
1.93479
1.92392
1.91448
1.90653
1.90009
1.89511
1.89151
1.88917
1.88792
1.88756
1.88787
1.8886
1.8895
1.89032
1.89081
1.89075
1.88993
1.88818
1.88536
1.88137
1.87616
1.86972
1.86211
1.8534
1.84376
1.83337
1.82248
1.81135
1.80031
1.78969
1.77985
1.77114
1.76392
1.75851
1.75522
1.75428
1.75591
1.76021
1.76724
1.77698
1.78932
1.80411
1.82109
1.83998
1.86046
1.88216
1.90469
1.92767
1.95072
1.97346
1.99555
2.01665
2.03649
2.05481
2.0714
2.08609
2.09876
2.10932
2.11773
2.124
2.12817
2.13033
2.13059
2.1291
2.12605
2.12163
2.11608
2.10963
2.10254
2.09508
2.08748
2.08002
2.07292
2.06642
2.0607
2.05594
2.05229
2.04983
2.04865
2.04876
2.05016
2.0528
2.05659
2.06143
2.06718
2.07366
2.08071
2.08814
2.09574
2.10331
2.11067
2.11761
2.12397
2.12957
2.13426
2.1379
2.14039
2.14162
2.14151
2.14001
2.13706
2.13266
2.12679
2.11946
2.1107
2.10054
2.08903
2.07623
2.06221
2.04706
2.03084
2.01367
1.99562
1.9768
1.95732
1.93728
1.91678
1.89594
1.87487
1.85367
1.83246
1.81135
1.79043
1.76982
1.74963
1.72994
1.71086
1.69247
1.67488
1.65815
1.64237
1.6276
1.61391
1.60135
1.58998
1.57983
1.57094
1.56332
1.55699
1.55196
1.54822
1.54578
1.5446
1.54467
1.54595
1.54842
1.55202
1.55673
1.56248
1.56923
1.57692
1.5855
1.59491
1.60508
1.61597
1.62751
1.63963
1.65228
1.66541
1.67894
1.69283
1.70701
1.72144
1.73605
1.7508
1.76563
1.78049
1.79535
1.81015
1.82486
1.83943
1.85383
1.86802
1.88197
1.89566
1.90904
1.9221
1.93482
1.94716
1.95911
1.97064
1.98175
1.99241
2.00261
2.01234
2.02158
2.03032
2.03855
2.04627
2.05346
2.06012
2.06626
2.07185
2.07692
2.08145
2.08545
2.08894
2.09191
2.09437
2.09635
2.09784
2.09887
2.09944
2.09959
2.09931
2.09863
2.09757
2.09614
2.09435
2.09222
2.08976
2.08697
2.08388
2.08048
2.07677
2.07277
2.06846
2.06386
2.05895
2.05374
2.04822
2.04238
2.03623
2.02976
2.02297
2.01587
2.00846
2.00075
1.99274
1.98445
1.9759
1.9671
1.95808
1.94887
1.93949
1.92997
1.92034
1.91063
1.90087
1.89108
1.88129
1.87152
1.86179
1.8521
1.84246
1.83287
1.82332
1.81379
1.80426
1.7947
1.78507
1.77533
1.76543
1.75533
1.74497
1.73429
1.72326
1.71182
1.69993
1.68755
1.67465
1.66121
1.64722
1.6327
1.61765
1.60212
1.58615
1.56981
1.55319
1.53639
1.51953
1.50274
1.48618
1.47
1.4544
1.43954
1.42562
1.41283
1.40136
1.39138
1.38306
1.37655
1.37196
1.36941
1.36895
1.37062
1.3744
1.38028
1.38816
1.39796
1.40954
1.42273
1.43738
1.45328
1.47024
1.48804
1.50649
1.52538
1.5445
1.56368
1.58273
1.60148
1.6198
1.63753
1.65457
1.67081
1.68616
1.70056
1.71394
1.72629
1.73756
1.74775
1.75686
1.76492
1.77194
1.77797
1.78306
1.78725
1.79061
1.7932
1.79511
1.79639
1.79714
1.79742
1.79732
1.79691
1.79627
1.79547
1.79458
1.79366
1.79276
1.79195
1.79127
1.79076
1.79046
1.79039
1.79058
1.79104
1.79179
1.79282
1.79414
1.79575
1.79763
1.79977
1.80215
1.80475
1.80754
1.81052
1.81363
1.81686
1.82017
1.82354
1.82693
1.8303
1.83363
1.83687
1.84
1.84298
1.84578
1.84836
1.85069
1.85275
1.85449
1.85589
1.85691
1.85755
1.85776
1.85753
1.85684
1.85566
1.854
1.85184
1.84918
1.84601
1.84235
1.83819
1.83356
1.82848
1.82298
1.81708
1.81084
1.80428
1.79746
1.79044
1.78328
1.77604
1.76879
1.76159
1.75453
1.74768
1.7411
1.73487
1.72907
1.72375
1.71897
1.7148
1.71127
1.70843
1.7063
1.7049
1.70424
1.70433
1.70513
1.70663
1.70879
1.71157
1.7149
1.71873
1.72299
1.72759
1.73247
1.73752
1.74267
1.74783
1.75292
1.75784
1.76252
1.76689
1.77086
1.77438
1.77739
1.77984
1.78167
1.78287
1.78339
1.78323
1.78237
1.78082
1.77857
1.77565
1.77208
1.76789
1.76312
1.7578
1.75199
1.74574
1.7391
1.73213
1.7249
1.71746
1.70988
1.70221
1.69452
1.68686
1.67929
1.67184
1.66457
1.6575
1.65068
1.64412
1.63785
1.63187
1.62619
1.6208
1.61571
1.61089
1.60633
1.60201
1.59789
1.59396
1.59017
1.5865
1.58292
1.57939
1.57589
1.57239
1.56886
1.56528
1.56164
1.55793
1.55413
1.55025
1.54629
1.54225
1.53816
1.53402
1.52987
1.52573
1.52164
1.51762
1.51373
1.51
1.50647
1.50319
1.50021
1.49755
1.49528
1.49343
1.49202
1.49111
1.49072
1.49086
1.49157
1.49286
1.49473
1.49719
1.50023
1.50385
1.50802
1.51275
1.51798
1.52371
1.52989
1.53648
1.54346
1.55077
1.55837
1.56621
1.57426
1.58246
1.59076
1.59913
1.60751
1.61586
1.62414
1.63231
1.64033
1.64816
1.65578
1.66315
1.67023
1.67701
1.68347
1.68957
1.69531
1.70066
1.70562
1.71018
1.71433
1.71806
1.72137
1.72427
1.72676
1.72883
1.73051
1.73179
1.7327
1.73323
1.73342
1.73326
1.73279
1.73201
1.73095
1.72962
1.72805
1.72625
1.72424
1.72204
1.71966
1.71712
1.71444
1.71162
1.70868
1.70562
1.70245
1.69918
1.69581
1.69234
1.68876
1.68507
1.68127
1.67734
1.67328
1.66908
1.66473
1.66021
1.65551
1.65063
1.64554
1.64025
1.63474
1.629
1.62303
1.61683
1.61039
1.60373
1.59684
1.58974
1.58243
1.57494
1.56729
1.55949
1.55158
1.54358
1.53552
1.52745
1.5194
1.51141
1.50351
1.49576
1.48819
1.48084
1.47375
1.46697
1.46053
1.45446
1.4488
1.44357
1.4388
1.4345
1.43069
1.42738
1.42457
1.42225
1.42044
1.4191
1.41824
1.41782
1.41782
1.41822
1.41899
1.4201
1.42151
1.42319
1.42511
1.42724
1.42954
1.43198
1.43454
1.4372
1.43992
1.44269
1.44549
1.44832
1.45117
1.45403
1.4569
1.45978
1.46269
1.46564
1.46863
1.47168
1.47482
1.47805
1.48141
1.48492
1.48859
1.49246
1.49653
1.50085
1.50541
1.51025
1.51537
1.52079
1.52651
1.53254
1.53889
1.54555
1.55252
1.55979
1.56734
1.57516
1.58322
1.59152
1.60001
1.60868
1.61749
1.62642
1.63541
1.64445
1.6535
1.66252
1.67147
1.68031
1.68902
1.69756
1.70589
1.71399
1.72182
1.72935
1.73655
1.74341
1.7499
1.756
1.76168
1.76695
1.77177
1.77614
1.78006
1.78351
1.78649
1.789
1.79103
1.79259
1.79368
1.79431
1.79447
1.79418
1.79345
1.79228
1.79068
1.78867
1.78625
1.78344
1.78025
1.77669
1.77277
1.76851
1.76392
1.75902
1.7538
1.74829
1.7425
1.73644
1.73012
1.72356
1.71676
1.70973
1.70248
1.69503
1.68739
1.67955
1.67155
1.66337
1.65504
1.64656
1.63794
1.62919
1.62032
1.61134
1.60226
1.59309
1.58384
1.57453
1.56516
1.55575
1.54631
1.53685
1.52739
1.51794
1.50853
1.49916
1.48985
1.48063
1.4715
1.4625
1.45365
1.44496
1.43646
1.42817
1.42012
1.41233
1.40482
1.39763
1.39077
1.38427
1.37815
1.37244
1.36716
1.36233
1.35798
1.3541
1.35074
1.34788
1.34556
1.34377
1.34251
1.3418
1.34162
1.34198
1.34286
1.34426
1.34615
1.34852
1.35134
1.3546
1.35827
1.36232
1.36672
1.37144
1.37644
1.38169
1.38717
1.39283
1.39864
1.40458
1.4106
1.41669
1.42281
1.42894
1.43505
1.44112
1.44713
1.45308
1.45893
1.46469
1.47033
1.47587
1.48128
1.48658
1.49175
1.4968
1.50174
1.50657
1.5113
1.51592
1.52046
1.52492
1.52929
1.53361
1.53786
1.54205
1.5462
1.5503
1.55436
1.55837
1.56234
1.56626
1.57013
1.57394
1.57768
1.58135
1.58493
1.5884
1.59176
1.59499
1.59806
1.60097
1.60369
1.60621
1.60851
1.61056
1.61236
1.61388
1.61511
1.61604
1.61664
1.61691
1.61684
1.61642
1.61564
1.61451
1.61301
1.61116
1.60895
1.60639
1.60349
1.60025
1.5967
1.59285
1.58872
1.58432
1.57967
1.57481
1.56975
1.56452
1.55915
1.55367
1.5481
1.54248
1.53683
1.53118
1.52556
1.52
1.51453
1.50917
1.50395
1.49889
1.49401
1.48934
1.48489
1.48068
1.47672
1.47302
1.4696
1.46645
1.4636
1.46102
1.45874
1.45675
1.45504
1.4536
1.45244
1.45154
1.4509
1.45049
1.45032
1.45037
1.45062
1.45107
1.45169
1.45248
1.45341
1.45449
1.45569
1.457
1.4584
1.4599
1.46147
1.4631
1.46479
1.46653
1.4683
1.47011
1.47194
1.47378
1.47565
1.47752
1.47939
1.48127
1.48314
1.48501
1.48687
1.48873
1.49058
1.49241
1.49423
1.49603
1.49782
1.49959
1.50134
1.50306
1.50476
1.50642
1.50805
1.50965
1.5112
1.5127
1.51414
1.51553
1.51685
1.5181
1.51926
1.52034
1.52133
1.52221
1.52298
1.52362
1.52415
1.52453
1.52478
1.52487
1.52481
1.52459
1.5242
1.52364
1.5229
1.52199
1.52089
1.51961
1.51815
1.51651
1.51469
1.5127
1.51054
1.50821
1.50573
1.5031
1.50033
1.49744
1.49443
1.49133
1.48813
1.48487
1.48154
1.47818
1.4748
1.47141
1.46803
1.46468
1.46138
1.45814
1.45499
1.45193
1.44899
1.44618
1.44351
1.441
1.43866
1.4365
1.43453
1.43276
1.43119
1.42983
1.42869
1.42776
1.42705
1.42656
1.42628
1.42621
1.42635
1.42669
1.42722
1.42794
1.42884
1.42991
1.43115
1.43253
1.43406
1.43572
1.43749
1.43938
1.44138
1.44346
1.44563
1.44787
1.45017
1.45253
1.45495
1.4574
1.45989
1.46241
1.46496
1.46752
1.47009
1.47268
1.47527
1.47786
1.48044
1.48302
1.48558
1.48813
1.49065
1.49315
1.49562
1.49805
1.50043
1.50277
1.50506
1.50728
1.50944
1.51152
1.51351
1.51541
1.51721
1.51889
1.52046
1.52189
1.52319
1.52433
1.52532
1.52613
1.52676
1.52721
1.52745
1.52749
1.52732
1.52692
1.52629
1.52543
1.52433
1.52299
1.5214
1.51955
1.51746
1.51511
1.51252
1.50968
1.50659
1.50326
1.4997
1.4959
1.49189
1.48767
1.48325
1.47863
1.47384
1.46889
1.46378
1.45854
1.45317
1.44771
1.44215
1.43652
1.43083
1.42511
1.41936
1.41362
1.40788
1.40218
1.39653
1.39094
1.38544
1.38003
1.37473
1.36956
1.36453
1.35965
1.35493
1.35039
1.34603
1.34187
1.33791
1.33415
1.3306
1.32728
1.32418
1.3213
1.31864
1.31621
1.31401
1.31204
1.31029
1.30876
1.30745
1.30635
1.30547
1.30479
1.30431
1.30403
1.30394
1.30403
1.30429
1.30473
1.30533
1.30608
1.30699
1.30803
1.30921
1.31051
1.31193
1.31346
1.3151
1.31682
1.31864
1.32053
1.3225
1.32452
1.32661
1.32873
1.3309
1.33309
1.33531
1.33754
1.33978
1.34201
1.34423
1.34643
1.34861
1.35075
1.35284
1.35489
1.35688
1.35881
1.36067
1.36245
1.36415
1.36576
1.36728
1.3687
1.37002
1.37124
1.37235
1.37335
1.37423
1.375
1.37566
1.3762
1.37663
1.37694
1.37714
1.37723
1.37721
1.37709
1.37686
1.37653
1.3761
1.37559
1.37498
1.37429
1.37352
1.37268
1.37177
1.37079
1.36976
1.36867
1.36752
1.36633
1.3651
1.36383
1.36253
1.36119
1.35983
1.35845
1.35704
1.35561
1.35417
1.35272
1.35125
1.34978
1.34829
1.34681
1.34532
1.34383
1.34233
1.34085
1.33937
1.33789
1.33643
1.33498
1.33355
1.33214
1.33075
1.32939
1.32807
1.32679
1.32555
1.32437
1.32324
1.32218
1.32119
1.32028
1.31945
1.31873
1.31811
1.3176
1.31721
1.31695
1.31683
1.31686
1.31704
1.31738
1.3179
1.31859
1.31946
1.32052
1.32178
1.32323
1.32489
1.32675
1.32881
1.33108
1.33355
1.33623
1.33912
1.3422
1.34547
1.34893
1.35257
1.35639
1.36037
1.36451
1.3688
1.37322
1.37776
1.38242
1.38717
1.39201
1.39692
1.40188
1.40689
1.41192
1.41697
1.42201
1.42704
1.43204
1.43698
1.44187
1.44668
1.4514
1.45602
1.46052
1.46489
1.46912
1.47319
1.4771
1.48083
1.48438
1.48773
1.49087
1.4938
1.4965
1.49897
1.50121
1.5032
1.50494
1.50642
1.50764
1.5086
1.50928
1.50969
1.50983
1.50968
1.50925
1.50853
1.50753
1.50624
1.50466
1.50279
1.50063
1.49818
1.49543
1.4924
1.48908
1.48547
1.48157
1.47739
1.47292
1.46818
1.46316
1.45786
1.45229
1.44646
1.44037
1.43401
1.42741
1.42057
1.41348
1.40617
1.39864
1.39089
1.38294
1.37479
1.36647
1.35798
1.34933
1.34053
1.33161
1.32258
1.31345
1.30425
1.29498
1.28567
1.27635
1.26702
1.25772
1.24846
1.23927
1.23017
1.22119
1.21235
1.20368
1.1952
1.18694
1.17893
1.17118
1.16373
1.1566
1.14982
1.1434
1.13738
1.13176
1.12658
1.12185
1.11759
1.11381
1.11053
1.10775
1.1055
1.10376
1.10255
1.10187
1.10172
1.1021
1.103
1.10441
1.10633
1.10875
1.11164
1.115
1.11881
1.12305
1.12771
1.13275
1.13817
1.14393
1.15002
1.15641
1.16307
1.16999
1.17714
1.1845
1.19204
1.19973
1.20756
1.21551
1.22354
1.23164
1.23978
1.24795
1.25612
1.26428
1.2724
1.28047
1.28847
1.29638
1.30418
1.31186
1.31941
1.3268
1.33402
1.34106
1.34791
1.35455
1.36096
1.36715
1.37309
1.37878
1.3842
1.38935
1.39421
1.39879
1.40306
1.40702
1.41067
1.414
1.417
1.41967
1.422
1.42399
1.42564
1.42694
1.4279
1.42851
1.42876
1.42867
1.42824
1.42745
1.42633
1.42486
1.42306
1.42093
1.41848
1.4157
1.41262
1.40923
1.40555
1.40158
1.39734
1.39283
1.38807
1.38307
1.37783
1.37238
1.36673
1.36089
1.35487
1.34869
1.34237
1.33592
1.32935
1.32269
1.31594
1.30913
1.30227
1.29537
1.28846
1.28155
1.27464
1.26777
1.26095
1.25419
1.2475
1.2409
1.23441
1.22804
1.22179
1.21569
1.20975
1.20397
1.19838
1.19297
1.18775
1.18275
1.17796
1.17339
1.16905
1.16494
1.16108
1.15746
1.15408
1.15096
1.14809
1.14548
1.14312
1.14102
1.13918
1.13759
1.13626
1.13517
1.13434
1.13376
1.13341
1.13331
1.13344
1.1338
1.13439
1.1352
1.13621
1.13744
1.13887
1.14049
1.14229
1.14428
1.14644
1.14876
1.15124
1.15387
1.15664
1.15954
1.16257
1.16571
1.16897
1.17232
1.17577
1.1793
1.1829
1.18658
1.19032
1.19411
1.19795
1.20182
1.20573
1.20967
1.21363
1.2176
1.22157
1.22555
1.22953
1.2335
1.23746
1.2414
1.24533
1.24923
1.2531
1.25694
1.26075
1.26453
1.26827
1.27197
1.27563
1.27925
1.28283
1.28637
1.28986
1.29331
1.29671
1.30007
1.30338
1.30665
1.30987
1.31305
1.31618
1.31927
1.32231
1.32531
1.32825
1.33115
1.334
1.3368
1.33955
1.34225
1.3449
1.34749
1.35003
1.3525
1.35492
1.35727
1.35955
1.36177
1.36391
1.36598
1.36797
1.36987
1.37169
1.37343
1.37507
1.37661
1.37805
1.37938
1.38061
1.38173
1.38272
1.3836
1.38436
1.38498
1.38548
1.38584
1.38606
1.38614
1.38608
1.38587
1.38551
1.385
1.38434
1.38352
1.38254
1.3814
1.3801
1.37864
1.37702
1.37523
1.37329
1.37117
1.3689
1.36646
1.36385
1.36109
1.35816
1.35507
1.35183
1.34842
1.34486
1.34114
1.33727
1.33325
1.32909
1.32477
1.32031
1.31571
1.31097
1.30609
1.30108
1.29594
1.29067
1.28527
1.27976
1.27412
1.26837
1.26251
1.25654
1.25046
1.24428
1.238
1.23163
1.22517
1.21862
1.21199
1.20529
1.1985
1.19166
1.18474
1.17777
1.17074
1.16367
1.15655
1.14939
1.14221
1.135
1.12777
1.12053
1.11329
1.10605
1.09883
1.09162
1.08445
1.07732
1.07023
1.0632
1.05625
1.04937
1.04259
1.03591
1.02934
1.02291
1.01661
1.01047
1.0045
0.998715
0.993126
0.987749
0.982599
0.977691
0.973041
0.968663
0.964573
0.960786
0.957315
0.954177
0.951385
0.948952
0.946892
0.945217
0.943939
0.943068
0.942614
0.942586
0.942991
0.943835
0.945125
0.946862
0.94905
0.951689
0.954779
0.958317
0.962299
0.966721
0.971576
0.976855
0.98255
0.988648
0.995139
1.00201
1.00924
1.01682
1.02473
1.03296
1.04148
1.05028
1.05934
1.06863
1.07814
1.08784
1.09772
1.10774
1.1179
1.12816
1.1385
1.14891
1.15937
1.16984
1.18031
1.19075
1.20115
1.21149
1.22174
1.23189
1.24191
1.25179
1.26151
1.27105
1.28039
1.28953
1.29843
1.30709
1.31549
1.32362
1.33147
1.33901
1.34625
1.35317
1.35975
1.36599
1.37188
1.37741
1.38258
1.38737
1.39178
1.3958
1.39944
1.40268
1.40552
1.40795
1.40999
1.41161
1.41283
1.41365
1.41405
1.41405
1.41364
1.41282
1.41161
1.40999
1.40798
1.40558
1.40279
1.39962
1.39607
1.39214
1.38785
1.38321
1.37821
1.37287
1.36719
1.36118
1.35486
1.34823
1.3413
1.33409
1.3266
1.31884
1.31083
1.30259
1.29412
1.28543
1.27655
1.26749
1.25826
1.24888
1.23937
1.22975
1.22003
1.21023
1.20037
1.19048
1.18057
1.17066
1.16079
1.15096
1.1412
1.13155
1.12201
1.11262
1.1034
1.09438
1.08558
1.07702
1.06874
1.06075
1.05309
1.04577
1.03882
1.03226
1.02611
1.0204
1.01514
1.01035
1.00605
1.00224
0.998955
0.99619
0.993956
0.992259
0.991102
0.990487
0.990412
0.990874
0.991865
0.993379
0.995403
0.997926
1.00093
1.0044
1.00832
1.01267
1.01743
1.02256
1.02806
1.0339
1.04004
1.04647
1.05316
1.06008
1.0672
1.0745
1.08196
1.08954
1.09723
1.10499
1.1128
1.12064
1.12849
1.13633
1.14412
1.15186
1.15952
1.16708
1.17453
1.18184
1.18902
1.19603
1.20286
1.20951
1.21595
1.22219
1.2282
1.23398
1.23953
1.24482
1.24986
1.25465
1.25917
1.26342
1.2674
1.2711
1.27453
1.27767
1.28054
1.28313
1.28544
1.28748
1.28923
1.29072
1.29193
1.29287
1.29355
1.29397
1.29413
1.29404
1.2937
1.29312
1.29231
1.29126
1.29
1.28851
1.28682
1.28492
1.28283
1.28054
1.27808
1.27544
1.27264
1.26967
1.26656
1.2633
1.25991
1.2564
1.25276
1.24902
1.24518
1.24124
1.23722
1.23312
1.22895
1.22473
1.22045
1.21613
1.21178
1.20739
1.203
1.19859
1.19417
1.18977
1.18537
1.181
1.17665
1.17234
1.16808
1.16386
1.1597
1.15559
1.15156
1.14761
1.14373
1.13994
1.13624
1.13264
1.12914
1.12574
1.12246
1.11929
1.11623
1.1133
1.11049
1.10781
1.10525
1.10283
1.10054
1.09838
1.09636
1.09447
1.09272
1.09111
1.08963
1.08828
1.08707
1.08599
1.08505
1.08424
1.08355
1.08299
1.08256
1.08225
1.08206
1.08198
1.08202
1.08218
1.08244
1.0828
1.08327
1.08384
1.0845
1.08525
1.08609
1.08702
1.08803
1.08912
1.09028
1.09151
1.09281
1.09418
1.09561
1.0971
1.09864
1.10024
1.10188
1.10357
1.10531
1.10708
1.10889
1.11074
1.11262
1.11453
1.11647
1.11843
1.12041
1.12242
1.12444
1.12647
1.12852
1.13058
1.13264
1.13471
1.13679
1.13886
1.14093
1.143
1.14507
1.14713
1.14917
1.15121
1.15323
1.15524
1.15723
1.15919
1.16114
1.16306
1.16496
1.16683
1.16866
1.17047
1.17224
1.17398
1.17568
1.17735
1.17897
1.18055
1.18208
1.18357
1.18502
1.18642
1.18776
1.18906
1.1903
1.1915
1.19263
1.19371
1.19474
1.19571
1.19662
1.19747
1.19827
1.199
1.19967
1.20028
1.20083
1.20132
1.20175
1.20212
1.20242
1.20266
1.20285
1.20296
1.20302
1.20302
1.20295
1.20282
1.20264
1.20239
1.20208
1.20171
1.20129
1.2008
1.20026
1.19966
1.199
1.19828
1.19751
1.19668
1.19579
1.19485
1.19385
1.1928
1.19169
1.19053
1.18931
1.18804
1.18671
1.18532
1.18389
1.18239
1.18084
1.17923
1.17757
1.17585
1.17408
1.17224
1.17035
1.16841
1.1664
1.16433
1.16221
1.16003
1.15779
1.15549
1.15313
1.15071
1.14824
1.1457
1.14311
1.14046
1.13775
1.13499
1.13217
1.1293
1.12637
1.1234
1.12038
1.11731
1.1142
1.11105
1.10786
1.10464
1.10139
1.09811
1.09481
1.09149
1.08816
1.08482
1.08148
1.07814
1.07481
1.0715
1.06822
1.06496
1.06174
1.05857
1.05544
1.05238
1.04939
1.04647
1.04364
1.0409
1.03827
1.03574
1.03333
1.03105
1.02891
1.0269
1.02505
1.02336
1.02184
1.02049
1.01932
1.01833
1.01754
1.01695
1.01656
1.01638
1.01641
1.01666
1.01712
1.01781
1.01871
1.01984
1.02119
1.02276
1.02454
1.02655
1.02876
1.03119
1.03382
1.03665
1.03967
1.04288
1.04627
1.04983
1.05356
1.05744
1.06146
1.06562
1.06991
1.07431
1.07881
1.08341
1.08809
1.09283
1.09763
1.10248
1.10736
1.11226
1.11716
1.12207
1.12695
1.13181
1.13663
1.14139
1.14609
1.15071
1.15524
1.15968
1.164
1.16821
1.17228
1.17622
1.18
1.18363
1.18708
1.19036
1.19345
1.19635
1.19905
1.20155
1.20382
1.20588
1.20772
1.20932
1.21069
1.21181
1.2127
1.21334
1.21372
1.21386
1.21374
1.21337
1.21275
1.21186
1.21072
1.20933
1.20768
1.20578
1.20364
1.20124
1.1986
1.19572
1.19261
1.18927
1.1857
1.18191
1.17791
1.1737
1.16929
1.1647
1.15992
1.15497
1.14986
1.14459
1.13918
1.13364
1.12798
1.12222
1.11635
1.11041
1.1044
1.09833
1.09222
1.08608
1.07993
1.07379
1.06767
1.06158
1.05554
1.04957
1.04369
1.0379
1.03223
1.0267
1.02132
1.0161
1.01106
1.00622
1.0016
0.9972
0.993044
0.989144
0.985512
0.982162
0.979103
0.976348
0.973905
0.971783
0.969989
0.96853
0.96741
0.966632
0.966201
0.966116
0.966378
0.966985
0.967934
0.969222
0.970843
0.972791
0.975058
0.977636
0.980515
0.983684
0.987132
0.990845
0.994812
0.999017
1.00345
1.00809
1.01292
1.01793
1.02311
1.02843
1.03388
1.03945
1.04511
1.05085
1.05666
1.06251
1.0684
1.0743
1.08021
1.0861
1.09196
1.09779
1.10355
1.10925
1.11486
1.12038
1.12579
1.13108
1.13625
1.14127
1.14614
1.15086
1.15541
1.15978
1.16396
1.16795
1.17175
1.17534
1.17871
1.18188
1.18481
1.18753
1.19001
1.19226
1.19427
1.19604
1.19757
1.19886
1.1999
1.2007
1.20125
1.20155
1.2016
1.20141
1.20097
1.20029
1.19936
1.1982
1.19679
1.19515
1.19327
1.19116
1.18883
1.18626
1.18348
1.18049
1.17728
1.17386
1.17024
1.16642
1.16241
1.15821
1.15384
1.14929
1.14456
1.13968
1.13464
1.12946
1.12413
1.11866
1.11307
1.10737
1.10155
1.09563
1.08961
1.08351
1.07733
1.07109
1.06478
1.05843
1.05204
1.04563
1.03919
1.03274
1.0263
1.01987
1.01347
1.0071
1.00078
0.994511
0.988315
0.982201
0.976179
0.970262
0.964461
0.958788
0.953255
0.947873
0.942654
0.937609
0.932749
0.928086
0.92363
0.919391
0.915379
0.911603
0.908073
0.904797
0.901783
0.899038
0.896568
0.89438
0.892479
0.890868
0.889552
0.888532
0.887812
0.887391
0.88727
0.887447
0.887922
0.888691
0.889751
0.891098
0.892726
0.894629
0.896802
0.899236
0.901923
0.904856
0.908024
0.911419
0.915029
0.918845
0.922856
0.92705
0.931416
0.935943
0.940618
0.945431
0.950369
0.955421
0.960574
0.965817
0.971138
0.976526
0.981971
0.987459
0.992982
0.998528
1.00409
1.00965
1.01521
1.02075
1.02626
1.03174
1.03719
1.04258
1.04791
1.05318
1.05838
1.0635
1.06854
1.07349
1.07835
1.0831
1.08775
1.0923
1.09673
1.10105
1.10525
1.10932
1.11328
1.1171
1.1208
1.12437
1.12781
1.13112
1.13429
1.13734
1.14025
1.14302
1.14566
1.14817
1.15055
1.1528
1.15492
1.15691
1.15877
1.16051
1.16212
1.16361
1.16499
1.16624
1.16738
1.16841
1.16932
1.17013
1.17083
1.17143
1.17193
1.17234
1.17265
1.17287
1.173
1.17305
1.17301
1.1729
1.17271
1.17245
1.17211
1.17171
1.17125
1.17073
1.17014
1.1695
1.16881
1.16806
1.16727
1.16643
1.16555
1.16463
1.16366
1.16266
1.16163
1.16056
1.15945
1.15832
1.15715
1.15596
1.15473
1.15348
1.15221
1.1509
1.14957
1.14822
1.14684
1.14543
1.144
1.14254
1.14105
1.13954
1.138
1.13642
1.13482
1.13319
1.13152
1.12982
1.12809
1.12632
1.12451
1.12267
1.12078
1.11885
1.11688
1.11487
1.11281
1.1107
1.10855
1.10635
1.10409
1.10179
1.09943
1.09702
1.09456
1.09205
1.08948
1.08686
1.08419
1.08146
1.07868
1.07585
1.07296
1.07003
1.06705
1.06402
1.06095
1.05784
1.05468
1.05149
1.04826
1.04514
1.04163
1.03829
1.03492
1.03153
1.02813
1.02473
1.02133
1.01794
1.01455
1.01117
1.00781
1.00447
1.00116
0.997879
0.994634
0.991432
0.988278
0.985177
0.982134
0.979154
0.976244
0.973407
0.970649
0.967974
0.965388
0.962894
0.960498
0.958202
0.956012
0.953931
0.951962
0.950109
0.948375
0.946763
0.945275
0.943914
0.942681
0.941578
0.940606
0.939767
0.939061
0.938487
0.938046
0.937737
0.937559
0.937512
0.937593
0.937801
0.938134
0.938589
0.939163
0.939855
0.94066
0.941575
0.942597
0.943721
0.944944
0.946262
0.947669
0.949162
0.950735
0.952385
0.954105
0.955891
0.957737
0.95964
0.961592
0.96359
0.965628
0.9677
0.969801
0.971927
0.974072
0.97623
0.978398
0.980569
0.982739
0.984903
0.987057
0.989195
0.991314
0.993409
0.995476
0.997511
0.99951
1.00147
1.00339
1.00526
1.00708
1.00885
1.01056
1.01222
1.01381
1.01535
1.01682
1.01823
1.01957
1.02084
1.02205
1.02319
1.02426
1.02525
1.02618
1.02704
1.02784
1.02856
1.02921
1.0298
1.03033
1.03079
1.03119
1.03152
1.0318
1.03202
1.03218
1.0323
1.03236
1.03237
1.03234
1.03226
1.03215
1.03199
1.0318
1.03158
1.03133
1.03106
1.03076
1.03044
1.0301
1.02975
1.02939
1.02902
1.02865
1.02827
1.0279
1.02752
1.02716
1.0268
1.02646
1.02612
1.02581
1.02551
1.02523
1.02498
1.02474
1.02454
1.02436
1.02421
1.02409
1.024
1.02395
1.02393
1.02394
1.02398
1.02406
1.02418
1.02433
1.02451
1.02473
1.02498
1.02527
1.02559
1.02594
1.02632
1.02673
1.02717
1.02764
1.02813
1.02865
1.02919
1.02975
1.03033
1.03093
1.03154
1.03217
1.0328
1.03345
1.03409
1.03475
1.0354
1.03605
1.0367
1.03734
1.03797
1.03858
1.03919
1.03977
1.04034
1.04088
1.0414
1.04188
1.04234
1.04276
1.04315
1.0435
1.0438
1.04407
1.04428
1.04445
1.04457
1.04464
1.04465
1.0446
1.0445
1.04433
1.04411
1.04382
1.04346
1.04304
1.04255
1.04199
1.04136
1.04067
1.0399
1.03906
1.03815
1.03716
1.03611
1.03498
1.03378
1.03251
1.03117
1.02976
1.02829
1.02674
1.02513
1.02346
1.02172
1.01992
1.01806
1.01614
1.01417
1.01215
1.01008
1.00796
1.00579
1.00359
1.00135
0.999075
0.99677
0.994438
0.992084
0.98971
0.987323
0.984925
0.982521
0.980116
0.977714
0.975319
0.972938
0.970574
0.968232
0.965917
0.963635
0.96139
0.959187
0.957031
0.954928
0.952882
0.950898
0.948981
0.947136
0.945367
0.943679
0.942076
0.940563
0.939144
0.937822
0.936601
0.935486
0.934478
0.933581
0.932798
0.932131
0.931583
0.931154
0.930847
0.930662
0.930601
0.930664
0.93085
0.93116
0.931593
0.932147
0.932821
0.933613
0.934522
0.935543
0.936675
0.937913
0.939254
0.940694
0.942228
0.943852
0.94556
0.947347
0.949207
0.951134
0.953123
0.955165
0.957255
0.959386
0.961551
0.963743
0.965954
0.968177
0.970404
0.972628
0.974841
0.977036
0.979205
0.98134
0.983434
0.985479
0.987468
0.989394
0.991248
0.993025
0.994717
0.996318
0.99782
0.999217
1.0005
1.00167
1.00272
1.00364
1.00443
1.00507
1.00558
1.00593
1.00614
1.00619
1.00608
1.0058
1.00536
1.00476
1.00398
1.00303
1.0019
1.0006
0.999126
0.997472
0.99564
0.993631
0.991445
0.989083
0.986545
0.983833
0.980949
0.977895
0.974674
0.971288
0.96774
0.964034
0.960174
0.956164
0.952008
0.947712
0.943281
0.938719
0.934034
0.929231
0.924317
0.919299
0.914184
0.908979
0.903693
0.898334
0.89291
0.887429
0.881902
0.876337
0.870745
0.865134
0.859516
0.8539
0.848298
0.84272
0.837177
0.831682
0.826244
0.820877
0.815591
0.810398
0.805311
0.800341
0.795499
0.790799
0.786251
0.781868
0.77766
0.773639
0.769815
0.766201
0.762804
0.759637
0.756707
0.754024
0.751596
0.74943
0.747534
0.745913
0.744574
0.743521
0.742757
0.742286
0.742111
0.742231
0.742648
0.743361
0.74437
0.74567
0.74726
0.749136
0.751292
0.753724
0.756425
0.759388
0.762605
0.766069
0.769771
0.773701
0.77785
0.782208
0.786765
0.791509
0.796431
0.801518
0.806761
0.812147
0.817665
0.823303
0.829051
0.834897
0.84083
0.846838
0.852912
0.859039
0.865209
0.871412
0.877638
0.883876
0.890117
0.896351
0.90257
0.908763
0.914923
0.921041
0.927108
0.933118
0.939061
0.944932
0.950723
0.956427
0.962037
0.967548
0.972954
0.978249
0.983427
0.988484
0.993415
0.998214
1.00288
1.0074
1.01178
1.01602
1.0201
1.02403
1.0278
1.03141
1.03486
1.03815
1.04126
1.04421
1.04699
1.0496
1.05203
1.05428
1.05636
1.05826
1.05998
1.06153
1.06289
1.06407
1.06507
1.06589
1.06653
1.06699
1.06727
1.06736
1.06728
1.06702
1.06658
1.06596
1.06517
1.0642
1.06305
1.06174
1.06025
1.05859
1.05676
1.05477
1.05262
1.0503
1.04782
1.04518
1.04239
1.03945
1.03635
1.03311
1.02973
1.02621
1.02255
1.01875
1.01483
1.01078
1.00661
1.00231
0.997911
0.993397
0.988778
0.984059
0.979244
0.97434
0.96935
0.96428
0.959135
0.953922
0.948646
0.943313
0.937929
0.9325
0.927033
0.921534
0.91601
0.910468
0.904914
0.899355
0.8938
0.888254
0.882725
0.877222
0.87175
0.866319
0.860935
0.855606
0.850339
0.845144
0.840026
0.834995
0.830057
0.82522
0.820492
0.81588
0.811392
0.807034
0.802814
0.798738
0.794814
0.791047
0.787443
0.784009
0.780751
0.777672
0.774779
0.772076
0.769566
0.767255
0.765144
0.763238
0.761538
0.760047
0.758766
0.757696
0.756838
0.756193
0.755758
0.755535
0.755521
0.755715
0.756115
0.756717
0.75752
0.758519
0.759711
0.76109
0.762654
0.764397
0.766313
0.768397
0.770643
0.773046
0.775598
0.778294
0.781128
0.784091
0.787178
0.790381
0.793694
0.797109
0.80062
0.804218
0.807897
0.811651
0.81547
0.81935
0.823282
0.82726
0.831277
0.835325
0.8394
0.843493
0.847598
0.851709
0.855821
0.859926
0.864019
0.868094
0.872145
0.876167
0.880155
0.884103
0.888005
0.891858
0.895656
0.899395
0.90307
0.906677
0.910211
0.913668
0.917045
0.920337
0.923541
0.926653
0.92967
0.932588
0.935405
0.938116
0.94072
0.943213
0.945593
0.947857
0.950003
0.952028
0.953929
0.955706
0.957355
0.958875
0.960264
0.96152
0.962641
0.963627
0.964475
0.965185
0.965754
0.966183
0.96647
0.966613
0.966613
0.966469
0.966179
0.965744
0.965163
0.964436
0.963563
0.962543
0.961377
0.960065
0.958607
0.957004
0.955256
0.953365
0.95133
0.949153
0.946835
0.944378
0.941783
0.939051
0.936184
0.933185
0.930055
0.926796
0.923412
0.919904
0.916277
0.912532
0.908673
0.904704
0.900629
0.89645
0.892174
0.887803
0.883343
0.878798
0.874174
0.869476
0.86471
0.859882
0.854998
0.850064
0.845087
0.840074
0.835033
0.829971
0.824896
0.819815
0.814738
0.809673
0.804629
0.799615
0.79464
0.789713
0.784846
0.780047
0.775326
0.770694
0.766162
0.76174
0.757437
0.753266
0.749236
0.745358
0.741643
0.738101
0.734741
0.731574
0.72861
0.725858
0.723326
0.721025
0.718961
0.717142
0.715575
0.714268
0.713224
0.712451
0.711951
0.711729
0.711787
0.712128
0.712753
0.713661
0.714853
0.716326
0.71808
0.72011
0.722414
0.724985
0.72782
0.730913
0.734255
0.73784
0.741661
0.745708
0.749972
0.754444
0.759115
0.763973
0.769009
0.774212
0.779569
0.785071
0.790706
0.796463
0.802329
0.808293
0.814345
0.820471
0.826661
0.832904
0.839188
0.845502
0.851834
0.858175
0.864514
0.870839
0.877141
0.883411
0.889637
0.89581
0.901922
0.907963
0.913924
0.919797
0.925574
0.931246
0.936805
0.942245
0.947558
0.952737
0.957775
0.962666
0.967404
0.971983
0.976398
0.980643
0.984713
0.988603
0.992309
0.995827
0.999152
1.00228
1.00521
1.00794
1.01046
1.01277
1.01488
1.01677
1.01844
1.0199
1.02114
1.02217
1.02297
1.02355
1.02392
1.02406
1.02398
1.02368
1.02316
1.02242
1.02147
1.0203
1.01891
1.01731
1.0155
1.01348
1.01125
1.00883
1.00619
1.00337
1.00034
0.99713
0.993729
0.990146
0.986384
0.982447
0.978341
0.974071
0.96964
0.965056
0.960322
0.955445
0.950431
0.945286
0.940016
0.934628
0.929128
0.923523
0.91782
0.912027
0.90615
0.900198
0.894179
0.888099
0.881968
0.875793
0.869583
0.863346
0.857091
0.850827
0.844562
0.838306
0.832068
0.825856
0.81968
0.813549
0.807473
0.801461
0.795521
0.789664
0.783899
0.778234
0.772678
0.767241
0.761932
0.756759
0.75173
0.746853
0.742138
0.73759
0.733218
0.729029
0.725028
0.721223
0.717619
0.714222
0.711036
0.708065
0.705313
0.702784
0.70048
0.698403
0.696554
0.694935
0.693545
0.692385
0.691452
0.690747
0.690265
0.690005
0.689963
0.690135
0.690518
0.691105
0.691892
0.692872
0.69404
0.695389
0.696913
0.698603
0.700452
0.702453
0.704598
0.706879
0.709287
0.711815
0.714453
0.717193
0.720028
0.722948
0.725945
0.729012
0.732138
0.735318
0.738542
0.741802
0.745091
0.748402
0.751727
0.755058
0.758389
0.761713
0.765024
0.768314
0.771578
0.77481
0.778005
0.781156
0.784258
0.787307
0.790298
0.793226
0.796087
0.798877
0.801592
0.804229
0.806784
0.809253
0.811635
0.813927
0.816125
0.818229
0.820235
0.822142
0.823949
0.825654
0.827257
0.828755
0.830149
0.831438
0.832622
0.8337
0.834673
0.83554
0.836304
0.836963
0.837519
0.837973
0.838326
0.838579
0.838734
0.838793
0.838757
0.838629
0.83841
0.838103
0.83771
0.837233
0.836677
0.836042
0.835332
0.834551
0.833701
0.832785
0.831807
0.830771
0.829679
0.828535
0.827344
0.826108
0.824831
0.823517
0.822171
0.820795
0.819394
0.817971
0.816531
0.815078
0.813614
0.812145
0.810673
0.809204
0.80774
0.806285
0.804842
0.803417
0.802011
0.800628
0.799272
0.797946
0.796652
0.795395
0.794176
0.792999
0.791866
0.79078
0.789743
0.788757
0.787824
0.786946
0.786125
0.785363
0.784661
0.78402
0.783441
0.782926
0.782475
0.782088
0.781768
0.781512
0.781323
0.7812
0.781143
0.781151
0.781225
0.781364
0.781567
0.781834
0.782163
0.782555
0.783008
0.78352
0.784091
0.78472
0.785405
0.786144
0.786937
0.787782
0.788677
0.789621
0.790612
0.791648
0.792728
0.793851
0.795014
0.796216
0.797454
0.798729
0.800037
0.801377
0.802747
0.804147
0.805573
0.807026
0.808502
0.81
0.81152
0.813059
0.814616
0.816189
0.817777
0.819379
0.820994
0.822619
0.824254
0.825898
0.827548
0.829205
0.830866
0.83253
0.834197
0.835864
0.837532
0.839199
0.840863
0.842523
0.844179
0.84583
0.847473
0.849109
0.850735
0.852352
0.853957
0.855549
0.857128
0.858693
0.860241
0.861773
0.863286
0.864779
0.866252
0.867703
0.869131
0.870534
0.871911
0.873262
0.874583
0.875875
0.877135
0.878363
0.879556
0.880714
0.881834
0.882916
0.883958
0.884958
0.885915
0.886826
0.887692
0.888509
0.889277
0.889993
0.890657
0.891266
0.891818
0.892313
0.892749
0.893124
0.893436
0.893684
0.893866
0.893981
0.894028
0.894004
0.893908
0.893739
0.893496
0.893177
0.89278
0.892306
0.891751
0.891116
0.890399
0.889599
0.888716
0.887747
0.886693
0.885553
0.884326
0.883012
0.88161
0.880119
0.87854
0.876873
0.875116
0.873271
0.871337
0.869315
0.867206
0.865008
0.862724
0.860354
0.857899
0.855359
0.852737
0.850033
0.847249
0.844386
0.841446
0.838431
0.835343
0.832185
0.828957
0.825664
0.822307
0.81889
0.815415
0.811885
0.808304
0.804675
0.801001
0.797287
0.793536
0.789753
0.78594
0.782104
0.778247
0.774376
0.770494
0.766606
0.762717
0.758834
0.754959
0.7511
0.747262
0.743449
0.739668
0.735925
0.732224
0.728573
0.724976
0.721439
0.717969
0.714572
0.711252
0.708016
0.70487
0.70182
0.69887
0.696027
0.693295
0.69068
0.688188
0.685822
0.683588
0.681489
0.679531
0.677717
0.676051
0.674535
0.673174
0.671969
0.670924
0.670039
0.669318
0.66876
0.668367
0.66814
0.668079
0.668183
0.668451
0.668884
0.669478
0.670233
0.671147
0.672217
0.673439
0.674812
0.676331
0.677993
0.679793
0.681728
0.683793
0.685983
0.688294
0.690719
0.693254
0.695893
0.698631
0.701462
0.704381
0.707381
0.710456
0.713601
0.716811
0.720078
0.723397
0.726762
0.730168
0.733608
0.737077
0.74057
0.744081
0.747604
0.751135
0.754668
0.758197
0.76172
0.765229
0.768722
0.772193
0.775638
0.779053
0.782434
0.785778
0.78908
0.792338
0.795547
0.798705
0.80181
0.804857
0.807845
0.810771
0.813632
0.816428
0.819155
0.821813
0.824399
0.826912
0.829351
0.831714
0.834002
0.836212
0.838345
0.8404
0.842377
0.844275
0.846094
0.847835
0.849497
0.851081
0.852587
0.854016
0.855369
0.856646
0.857849
0.858977
0.860033
0.861016
0.86193
0.862774
0.863551
0.864261
0.864906
0.865488
0.866008
0.866468
0.86687
0.867215
0.867505
0.867741
0.867926
0.868061
0.868148
0.868188
0.868184
0.868138
0.86805
0.867922
0.867757
0.867555
0.867318
0.867049
0.866747
0.866415
0.866054
0.865666
0.865251
0.86481
0.864345
0.863856
0.863345
0.862813
0.862259
0.861685
0.861091
0.860477
0.859845
0.859194
0.858524
0.857836
0.857129
0.856403
0.855659
0.854895
0.854112
0.853309
0.852485
0.85164
0.850773
0.849883
0.84897
0.848032
0.847069
0.846079
0.845061
0.844014
0.842937
0.841829
0.840688
0.839513
0.838303
0.837056
0.835771
0.834446
0.833081
0.831673
0.830222
0.828726
0.827184
0.825594
0.823955
0.822267
0.820527
0.818736
0.816891
0.814992
0.813038
0.811028
0.808962
0.806839
0.804658
0.80242
0.800124
0.797769
0.795357
0.792887
0.790358
0.787773
0.785131
0.782434
0.779682
0.776875
0.774017
0.771107
0.768149
0.765142
0.762091
0.758996
0.75586
0.752687
0.749478
0.746236
0.742966
0.73967
0.736353
0.733017
0.729668
0.726308
0.722944
0.71958
0.716219
0.712869
0.709533
0.706218
0.702928
0.69967
0.69645
0.693273
0.690147
0.687076
0.684069
0.68113
0.678267
0.675487
0.672795
0.670199
0.667705
0.665319
0.663049
0.6609
0.65888
0.656993
0.655245
0.653643
0.652193
0.650898
0.649764
0.648795
0.647997
0.647371
0.646923
0.646654
0.646568
0.646666
0.646949
0.64742
0.648079
0.648925
0.649958
0.651177
0.652581
0.654168
0.655935
0.657879
0.659996
0.662284
0.664737
0.66735
0.670119
0.673037
0.6761
0.6793
0.682631
0.686086
0.689658
0.693339
0.697123
0.701001
0.704965
0.709008
0.713122
0.717297
0.721527
0.725802
0.730115
0.734457
0.73882
0.743196
0.747576
0.751953
0.756318
0.760664
0.764982
0.769266
0.773508
0.7777
0.781834
0.785905
0.789905
0.793827
0.797665
0.801412
0.805062
0.80861
0.812049
0.815373
0.818578
0.821659
0.824609
0.827426
0.830103
0.832637
0.835023
0.837258
0.839339
0.841261
0.843021
0.844617
0.846046
0.847305
0.848392
0.849305
0.850043
0.850603
0.850984
0.851186
0.851207
0.851048
0.850706
0.850183
0.849478
0.848592
0.847526
0.84628
0.844855
0.843253
0.841474
0.839522
0.837398
0.835105
0.832644
0.830019
0.827232
0.824288
0.821189
0.81794
0.814543
0.811004
0.807328
0.803518
0.79958
0.795518
0.79134
0.787049
0.782653
0.778157
0.773567
0.768891
0.764136
0.759307
0.754414
0.749463
0.744462
0.739418
0.734342
0.729239
0.72412
0.718993
0.713866
0.708749
0.703651
0.698582
0.69355
0.688565
0.683637
0.678775
0.673989
0.669289
0.664683
0.660183
0.655796
0.651533
0.647403
0.643414
0.639575
0.635896
0.632383
0.629045
0.625889
0.622923
0.620153
0.617585
0.615224
0.613076
0.611145
0.609435
0.60795
0.60669
0.60566
0.604859
0.604288
0.603947
0.603835
0.603951
0.604292
0.604856
0.605638
0.606635
0.607843
0.609255
0.610866
0.612671
0.614662
0.616833
0.619176
0.621683
0.624347
0.62716
0.630113
0.633198
0.636406
0.639728
0.643157
0.646683
0.650298
0.653993
0.65776
0.66159
0.665475
0.669407
0.673377
0.677379
0.681404
0.685445
0.689495
0.693546
0.697592
0.701627
0.705643
0.709635
0.713597
0.717524
0.721409
0.725248
0.729036
0.732767
0.736439
0.740045
0.743583
0.747049
0.750438
0.753748
0.756975
0.760117
0.76317
0.766132
0.769002
0.771775
0.774452
0.777029
0.779505
0.781879
0.784149
0.786315
0.788374
0.790327
0.792172
0.79391
0.795538
0.797058
0.798469
0.799771
0.800964
0.802048
0.803022
0.803889
0.804647
0.805298
0.805842
0.80628
0.806612
0.806839
0.806962
0.806983
0.806901
0.806719
0.806437
0.806057
0.805579
0.805005
0.804336
0.803574
0.80272
0.801775
0.800741
0.79962
0.798412
0.79712
0.795744
0.794288
0.792751
0.791137
0.789446
0.78768
0.785842
0.783932
0.781953
0.779906
0.777793
0.775616
0.773378
0.771079
0.768722
0.766309
0.763842
0.761323
0.758754
0.756137
0.753474
0.750767
0.74802
0.745234
0.742411
0.739554
0.736665
0.733748
0.730804
0.727836
0.724847
0.72184
0.718817
0.715783
0.712738
0.709688
0.706635
0.703582
0.700533
0.697491
0.694459
0.691442
0.688444
0.685467
0.682516
0.679595
0.676708
0.67386
0.671054
0.668294
0.665586
0.662934
0.660342
0.657815
0.655358
0.652974
0.65067
0.64845
0.646318
0.64428
0.642339
0.640501
0.638771
0.637152
0.635651
0.63427
0.633014
0.631888
0.630896
0.630041
0.629328
0.628759
0.628338
0.628069
0.627954
0.627995
0.628195
0.628557
0.629081
0.629769
0.630622
0.631641
0.632827
0.634179
0.635696
0.63738
0.639227
0.641238
0.643409
0.64574
0.648228
0.650869
0.653662
0.656602
0.659685
0.662909
0.666268
0.669757
0.673373
0.67711
0.680962
0.684925
0.688992
0.693158
0.697417
0.701761
0.706186
0.710685
0.715251
0.719877
0.724557
0.729284
0.734051
0.738851
0.743678
0.748524
0.753382
0.758246
0.763109
0.767964
0.772804
0.777622
0.782412
0.787166
0.791878
0.796542
0.801151
0.805699
0.810179
0.814586
0.818912
0.823152
0.8273
0.831351
0.835298
0.839137
0.842861
0.846465
0.849944
0.853293
0.856508
0.859583
0.862513
0.865295
0.867924
0.870395
0.872705
0.87485
0.876826
0.87863
0.880258
0.881707
0.882973
0.884055
0.884949
0.885653
0.886165
0.886481
0.886601
0.886523
0.886244
0.885764
0.885081
0.884194
0.883102
0.881806
0.880303
0.878595
0.87668
0.87456
0.872234
0.869703
0.866969
0.864031
0.860891
0.857551
0.854013
0.850278
0.846348
0.842226
0.837915
0.833417
0.828736
0.823875
0.818837
0.813627
0.808248
0.802706
0.797004
0.791148
0.785143
0.778995
0.772709
0.766292
0.75975
0.753089
0.746318
0.739443
0.732473
0.725414
0.718277
0.711069
0.7038
0.69648
0.689118
0.681724
0.67431
0.666886
0.659465
0.652057
0.644676
0.637334
0.630043
0.622818
0.615673
0.608621
0.601677
0.594856
0.588172
0.581642
0.575281
0.569105
0.563128
0.557368
0.551839
0.546557
0.541538
0.536797
0.532348
0.528205
0.524381
0.52089
0.517742
0.514949
0.51252
0.510463
0.508785
0.507492
0.506588
0.506076
0.505956
0.506229
0.506892
0.507941
0.509373
0.511179
0.513352
0.515884
0.518764
0.52198
0.52552
0.529372
0.533521
0.537954
0.542654
0.547608
0.552799
0.558213
0.563832
0.569643
0.575628
0.581774
0.588064
0.594483
0.601017
0.607652
0.614374
0.621168
0.628023
0.634924
0.64186
0.648819
0.655788
0.662758
0.669718
0.676657
0.683565
0.690433
0.697253
0.704014
0.710711
0.717333
0.723875
0.730329
0.736688
0.742947
0.749098
0.755136
0.761057
0.766854
0.772523
0.778061
0.783461
0.788722
0.793839
0.798809
0.803628
0.808295
0.812806
0.81716
0.821354
0.825386
0.829256
0.832961
0.836501
0.839874
0.843081
0.84612
0.848991
0.851695
0.85423
0.856599
0.858801
0.860836
0.862707
0.864413
0.865956
0.867337
0.868558
0.869621
0.870528
0.871279
0.871878
0.872327
0.872628
0.872784
0.872797
0.87267
0.872406
0.872007
0.871478
0.870821
0.870039
0.869136
0.868115
0.86698
0.865735
0.864382
0.862925
0.861369
0.859718
0.857974
0.856142
0.854227
0.85223
0.850158
0.848013
0.8458
0.843522
0.841184
0.83879
0.836342
0.833846
0.831305
0.828723
0.826104
0.82345
0.820767
0.818057
0.815324
0.812572
0.809803
0.807021
0.804229
0.801431
0.798628
0.795824
0.793022
0.790224
0.787432
0.78465
0.781878
0.77912
0.776377
0.773651
0.770944
0.768257
0.765592
0.762949
0.76033
0.757736
0.755169
0.752627
0.750113
0.747627
0.745168
0.742737
0.740335
0.737961
0.735616
0.733298
0.731008
0.728745
0.726509
0.724299
0.722115
0.719956
0.717821
0.715709
0.71362
0.711552
0.709505
0.707478
0.70547
0.70348
0.701508
0.699551
0.69761
0.695683
0.693769
0.691869
0.689981
0.688104
0.686238
0.684382
0.682535
0.680698
0.67887
0.677051
0.67524
0.673437
0.671643
0.669858
0.668081
0.666313
0.664555
0.662807
0.66107
0.659344
0.657631
0.65593
0.654244
0.652573
0.650919
0.649283
0.647667
0.646071
0.644499
0.64295
0.641428
0.639933
0.638468
0.637035
0.635636
0.634273
0.632948
0.631662
0.630419
0.62922
0.628068
0.626964
0.625911
0.62491
0.623965
0.623076
0.622245
0.621476
0.620768
0.620125
0.619547
0.619037
0.618595
0.618223
0.617921
0.617692
0.617536
0.617452
0.617443
0.617509
0.617648
0.617863
0.618152
0.618516
0.618953
0.619463
0.620046
0.620699
0.621423
0.622216
0.623076
0.624002
0.624992
0.626043
0.627154
0.628323
0.629547
0.630823
0.632149
0.633522
0.634939
0.636398
0.637895
0.639427
0.640991
0.642585
0.644203
0.645844
0.647504
0.649179
0.650866
0.652562
0.654264
0.655967
0.65767
0.659368
0.661058
0.662737
0.664402
0.66605
0.667678
0.669282
0.670861
0.672411
0.673929
0.675414
0.676862
0.678272
0.679641
0.680966
0.682247
0.68348
0.684665
0.685799
0.686882
0.687912
0.688887
0.689807
0.69067
0.691476
0.692225
0.692915
0.693546
0.694119
0.694633
0.695088
0.695484
0.695821
0.696101
0.696324
0.69649
0.696601
0.696657
0.69666
0.696611
0.696511
0.696362
0.696165
0.695923
0.695637
0.695309
0.694941
0.694536
0.694095
0.693621
0.693117
0.692585
0.692027
0.691446
0.690845
0.690227
0.689594
0.688949
0.688295
0.687635
0.686972
0.686309
0.685648
0.684992
0.684345
0.683709
0.683087
0.682481
0.681895
0.681331
0.680792
0.680279
0.679797
0.679346
0.678929
0.678549
0.678207
0.677905
0.677645
0.677429
0.677259
0.677135
0.67706
0.677034
0.677058
0.677133
0.677259
0.677439
0.677671
0.677956
0.678294
0.678685
0.67913
0.679626
0.680175
0.680776
0.681427
0.682127
0.682877
0.683674
0.684518
0.685406
0.686338
0.687311
0.688325
0.689377
0.690465
0.691588
0.692743
0.693929
0.695143
0.696382
0.697645
0.69893
0.700234
0.701554
0.702889
0.704236
0.705592
0.706956
0.708324
0.709695
0.711066
0.712435
0.713799
0.715157
0.716506
0.717843
0.719168
0.720477
0.721769
0.723041
0.724293
0.725521
0.726724
0.727901
0.72905
0.730169
0.731256
0.732311
0.733332
0.734317
0.735266
0.736177
0.73705
0.737882
0.738674
0.739424
0.740132
0.740797
0.741418
0.741995
0.742528
0.743015
0.743457
0.743853
0.744203
0.744507
0.744764
0.744975
0.74514
0.745258
0.74533
0.745356
0.745336
0.74527
0.745158
0.745001
0.7448
0.744553
0.744263
0.743928
0.74355
0.743129
0.742666
0.74216
0.741613
0.741024
0.740395
0.739725
0.739016
0.738267
0.737479
0.736653
0.735788
0.734887
0.733948
0.732972
0.73196
0.730911
0.729827
0.728708
0.727554
0.726364
0.72514
0.723882
0.722589
0.721263
0.719902
0.718508
0.71708
0.715618
0.714122
0.712593
0.711031
0.709434
0.707804
0.70614
0.704441
0.702709
0.700943
0.699142
0.697306
0.695436
0.693531
0.69159
0.689615
0.687604
0.685557
0.683475
0.681357
0.679203
0.677012
0.674786
0.672523
0.670224
0.667889
0.665518
0.663111
0.660667
0.658189
0.655675
0.653126
0.650542
0.647925
0.645274
0.64259
0.639874
0.637128
0.634351
0.631545
0.628711
0.625851
0.622965
0.620056
0.617125
0.614174
0.611205
0.60822
0.605221
0.602211
0.599192
0.596167
0.593139
0.590111
0.587087
0.584068
0.58106
0.578066
0.57509
0.572135
0.569207
0.566309
0.563447
0.560624
0.557846
0.555118
0.552446
0.549833
0.547287
0.544812
0.542414
0.540099
0.537873
0.535741
0.53371
0.531786
0.529974
0.52828
0.52671
0.52527
0.523966
0.522803
0.521786
0.520921
0.520213
0.519666
0.519285
0.519075
0.519038
0.519178
0.5195
0.520005
0.520695
0.521573
0.522641
0.523898
0.525347
0.526987
0.528817
0.530837
0.533046
0.535442
0.538023
0.540786
0.543728
0.546846
0.550136
0.553594
0.557215
0.560995
0.564928
0.569008
0.573231
0.57759
0.582079
0.586691
0.59142
0.59626
0.601203
0.606243
0.611373
0.616584
0.621872
0.627227
0.632643
0.638113
0.643629
0.649185
0.654772
0.660385
0.666015
0.671656
0.677301
0.682943
0.688574
0.69419
0.699781
0.705343
0.710869
0.716352
0.721786
0.727166
0.732484
0.737735
0.742914
0.748014
0.753031
0.757959
0.762792
0.767526
0.772155
0.776675
0.781082
0.785369
0.789534
0.793571
0.797477
0.801247
0.804878
0.808367
0.811708
0.8149
0.817939
0.820821
0.823544
0.826105
0.828502
0.830731
0.832791
0.834679
0.836393
0.837931
0.839292
0.840475
0.841476
0.842297
0.842935
0.843389
0.843659
0.843744
0.843644
0.843358
0.842887
0.84223
0.841388
0.840361
0.83915
0.837756
0.836179
0.83442
0.832482
0.830365
0.82807
0.825601
0.822959
0.820145
0.817163
0.814015
0.810704
0.807232
0.803603
0.799819
0.795886
0.791805
0.787582
0.783219
0.778722
0.774095
0.769343
0.764469
0.75948
0.754381
0.749177
0.743873
0.738476
0.732992
0.727428
0.721788
0.716081
0.710313
0.704492
0.698624
0.692717
0.68678
0.680819
0.674844
0.668862
0.662883
0.656914
0.650965
0.645045
0.639164
0.63333
0.627553
0.621843
0.61621
0.610663
0.605213
0.59987
0.594643
0.589543
0.584579
0.579761
0.5751
0.570604
0.566283
0.562146
0.558202
0.554459
0.550926
0.54761
0.544519
0.541658
0.539034
0.536653
0.534519
0.532637
0.531009
0.529638
0.528526
0.527674
0.527083
0.526751
0.526677
0.526859
0.527294
0.527978
0.528906
0.530074
0.531475
0.533104
0.534952
0.537013
0.539278
0.541739
0.544388
0.547214
0.550209
0.553363
0.556665
0.560108
0.563679
0.56737
0.571169
0.575068
0.579056
0.583124
0.587261
0.591458
0.595706
0.599995
0.604316
0.608661
0.61302
0.617386
0.621749
0.626103
0.630439
0.63475
0.639028
0.643267
0.64746
0.6516
0.655681
0.659697
0.663643
0.667512
0.671299
0.675
0.67861
0.682123
0.685536
0.688844
0.692043
0.69513
0.698101
0.700953
0.703682
0.706286
0.708761
0.711106
0.713318
0.715394
0.717333
0.719133
0.720792
0.722308
0.723681
0.724909
0.725991
0.726927
0.727715
0.728355
0.728847
0.729191
0.729386
0.729433
0.729331
0.729082
0.728685
0.728141
0.727452
0.726617
0.725639
0.724518
0.723255
0.721853
0.720312
0.718635
0.716824
0.714879
0.712804
0.710601
0.708272
0.705819
0.703246
0.700554
0.697748
0.694829
0.691802
0.688669
0.685434
0.6821
0.678672
0.675151
0.671544
0.667853
0.664084
0.660239
0.656324
0.652343
0.648301
0.644203
0.640053
0.635857
0.63162
0.627347
0.623043
0.618714
0.614366
0.610004
0.605635
0.601264
0.596898
0.592542
0.588204
0.583889
0.579603
0.575354
0.571149
0.566993
0.562893
0.558857
0.554891
0.551002
0.547197
0.543483
0.539866
0.536353
0.532951
0.529666
0.526505
0.523475
0.52058
0.517828
0.515224
0.512774
0.510482
0.508355
0.506395
0.504609
0.503
0.501571
0.500326
0.499268
0.498398
0.49772
0.497234
0.496941
0.496843
0.496938
0.497227
0.497709
0.498383
0.499247
0.500298
0.501535
0.502953
0.50455
0.506322
0.508264
0.510373
0.512644
0.515071
0.517649
0.520373
0.523237
0.526236
0.529362
0.532611
0.535976
0.53945
0.543028
0.546702
0.550467
0.554316
0.558243
0.56224
0.566303
0.570424
0.574597
0.578817
0.583076
0.58737
0.591691
0.596035
0.600395
0.604766
0.609142
0.613518
0.617889
0.622249
0.626594
0.630918
0.635216
0.639485
0.643718
0.647913
0.652064
0.656166
0.660217
0.664212
0.668147
0.672018
0.675821
0.679553
0.683211
0.68679
0.690289
0.693703
0.697029
0.700264
0.703407
0.706453
0.7094
0.712246
0.714987
0.717623
0.72015
0.722566
0.724869
0.727057
0.729128
0.73108
0.732912
0.734623
0.736209
0.737671
0.739006
0.740214
0.741292
0.742242
0.74306
0.743747
0.744301
0.744722
0.74501
0.745163
0.745183
0.745067
0.744817
0.744431
0.743911
0.743256
0.742467
0.741544
0.740487
0.739297
0.737975
0.736522
0.734938
0.733224
0.731383
0.729414
0.727321
0.725103
0.722763
0.720302
0.717724
0.715028
0.712219
0.709298
0.706267
0.70313
0.699889
0.696547
0.693106
0.689571
0.685945
0.682231
0.678432
0.674553
0.670598
0.66657
0.662474
0.658315
0.654097
0.649824
0.645502
0.641136
0.636731
0.632292
0.627825
0.623337
0.618831
0.614316
0.609796
0.605279
0.60077
0.596276
0.591805
0.587362
0.582956
0.578592
0.574278
0.570021
0.565829
0.561709
0.557669
0.553715
0.549854
0.546096
0.542445
0.538911
0.535499
0.532217
0.529071
0.526068
0.523215
0.520516
0.517979
0.515609
0.51341
0.511388
0.509546
0.507888
0.506418
0.505139
0.504053
0.503161
0.502466
0.501968
0.501666
0.501561
0.501652
0.501937
0.502414
0.503081
0.503934
0.50497
0.506184
0.507573
0.50913
0.510852
0.512731
0.514762
0.516939
0.519255
0.521703
0.524276
0.526966
0.529767
0.53267
0.535668
0.538754
0.54192
0.545157
0.548459
0.551818
0.555226
0.558675
0.562158
0.565668
0.569198
0.57274
0.576287
0.579834
0.583372
0.586896
0.590399
0.593875
0.597318
0.600723
0.604084
0.607394
0.61065
0.613846
0.616978
0.62004
0.623028
0.625938
0.628766
0.631509
0.634161
0.63672
0.639183
0.641546
0.643807
0.645963
0.648011
0.649948
0.651774
0.653485
0.65508
0.656557
0.657915
0.659153
0.660269
0.661263
0.662133
0.66288
0.663502
0.664
0.664373
0.664622
0.664747
0.664749
0.664627
0.664383
0.664018
0.663532
0.662928
0.662206
0.661368
0.660417
0.659353
0.658179
0.656897
0.65551
0.654019
0.652429
0.650742
0.64896
0.647087
0.645126
0.643082
0.640956
0.638754
0.636479
0.634135
0.631727
0.629258
0.626733
0.624158
0.621535
0.618872
0.616171
0.613439
0.610681
0.607902
0.605108
0.602303
0.599494
0.596686
0.593885
0.591096
0.588326
0.585581
0.582866
0.580187
0.57755
0.574961
0.572426
0.56995
0.56754
0.565201
0.562939
0.560759
0.558667
0.556667
0.554766
0.552967
0.551275
0.549696
0.548232
0.546888
0.545668
0.544576
0.543613
0.542784
0.54209
0.541534
0.541118
0.540842
0.540709
0.540718
0.540871
0.541166
0.541605
0.542185
0.542907
0.543768
0.544766
0.545901
0.547169
0.548567
0.550093
0.551743
0.553514
0.555402
0.557403
0.559513
0.561727
0.564041
0.56645
0.56895
0.571535
0.574201
0.576942
0.579753
0.582628
0.585564
0.588554
0.591593
0.594677
0.597798
0.600954
0.604138
0.607345
0.61057
0.613809
0.617056
0.620307
0.623557
0.626801
0.630035
0.633255
0.636456
0.639635
0.642787
0.645907
0.648994
0.652042
0.655049
0.65801
0.660924
0.663785
0.666593
0.669343
0.672033
0.67466
0.677222
0.679717
0.682142
0.684495
0.686774
0.688978
0.691104
0.693151
0.695118
0.697003
0.698804
0.700521
0.702153
0.703699
0.705158
0.706528
0.707811
0.709004
0.710108
0.711123
0.712048
0.712883
0.713628
0.714283
0.714848
0.715324
0.715711
0.716009
0.716219
0.716341
0.716376
0.716324
0.716187
0.715966
0.71566
0.715271
0.714801
0.71425
0.713618
0.712909
0.712122
0.711259
0.710321
0.70931
0.708227
0.707074
0.705851
0.704561
0.703204
0.701784
0.7003
0.698755
0.69715
0.695487
0.693768
0.691994
0.690167
0.688289
0.686361
0.684385
0.682363
0.680296
0.678187
0.676036
0.673846
0.671618
0.669355
0.667057
0.664726
0.662365
0.659974
0.657556
0.655112
0.652643
0.650152
0.64764
0.645108
0.642559
0.639993
0.637412
0.634818
0.632213
0.629597
0.626972
0.62434
0.621702
0.61906
0.616415
0.613768
0.611121
0.608475
0.605832
0.603193
0.600559
0.597932
0.595313
0.592703
0.590104
0.587517
0.584942
0.582383
0.579839
0.577313
0.574805
0.572317
0.56985
0.567405
0.564984
0.562589
0.560219
0.557877
0.555564
0.553282
0.551031
0.548814
0.54663
0.544483
0.542373
0.540301
0.538269
0.536278
0.534331
0.532427
0.530568
0.528757
0.526994
0.52528
0.523617
0.522007
0.520451
0.518949
0.517504
0.516117
0.514789
0.513521
0.512314
0.51117
0.51009
0.509075
0.508126
0.507244
0.50643
0.505686
0.505011
0.504406
0.503873
0.503412
0.503024
0.502709
0.502468
0.5023
0.502207
0.502188
0.502243
0.502374
0.502578
0.502857
0.503209
0.503636
0.504135
0.504707
0.50535
0.506064
0.506849
0.507703
0.508625
0.509614
0.510668
0.511787
0.512968
0.514211
0.515514
0.516875
0.518292
0.519764
0.521289
0.522864
0.524487
0.526158
0.527873
0.52963
0.531427
0.533262
0.535133
0.537037
0.538972
0.540935
0.542925
0.544938
0.546973
0.549027
0.551097
0.553181
0.555278
0.557383
0.559496
0.561613
0.563732
0.565852
0.567969
0.570081
0.572187
0.574284
0.576369
0.578442
0.580499
0.582538
0.584559
0.586558
0.588533
0.590484
0.592408
0.594304
0.596169
0.598003
0.599803
0.601568
0.603297
0.604989
0.606642
0.608254
0.609825
0.611354
0.612839
0.61428
0.615675
0.617024
0.618326
0.61958
0.620785
0.621942
0.623049
0.624106
0.625112
0.626068
0.626972
0.627826
0.628627
0.629378
0.630076
0.630723
0.631319
0.631863
0.632356
0.632798
0.633189
0.63353
0.633822
0.634063
0.634256
0.634401
0.634497
0.634547
0.634549
0.634506
0.634418
0.634285
0.634109
0.633891
0.63363
0.633328
0.632987
0.632606
0.632187
0.631732
0.63124
0.630713
0.630152
0.629558
0.628932
0.628275
0.627588
0.626873
0.62613
0.62536
0.624565
0.623746
0.622903
0.622037
0.621151
0.620244
0.619318
0.618374
0.617412
0.616434
0.615441
0.614434
0.613413
0.612379
0.611334
0.610278
0.609212
0.608137
0.607053
0.605961
0.604862
0.603757
0.602646
0.60153
0.60041
0.599285
0.598157
0.597026
0.595893
0.594758
0.593621
0.592483
0.591344
0.590205
0.589065
0.587926
0.586787
0.585649
0.584512
0.583376
0.582242
0.581109
0.579978
0.578848
0.577721
0.576596
0.575474
0.574354
0.573236
0.572122
0.57101
0.569902
0.568796
0.567694
0.566596
0.565501
0.56441
0.563323
0.56224
0.561161
0.560088
0.559019
0.557955
0.556897
0.555844
0.554797
0.553757
0.552723
0.551697
0.550678
0.549667
0.548664
0.54767
0.546686
0.545711
0.544747
0.543794
0.542853
0.541924
0.541007
0.540104
0.539216
0.538342
0.537483
0.536641
0.535816
0.535009
0.53422
0.533451
0.532701
0.531972
0.531265
0.53058
0.529918
0.529279
0.528666
0.528077
0.527514
0.526978
0.526469
0.525988
0.525535
0.525112
0.524718
0.524354
0.524021
0.523718
0.523448
0.523208
0.523001
0.522827
0.522684
0.522574
0.522497
0.522453
0.522441
0.522462
0.522515
0.522601
0.522719
0.522868
0.523048
0.523259
0.5235
0.523771
0.524071
0.524399
0.524755
0.525137
0.525546
0.525979
0.526436
0.526915
0.527417
0.527939
0.52848
0.52904
0.529617
0.530209
0.530816
0.531435
0.532067
0.532708
0.533358
0.534015
0.534678
0.535346
0.536016
0.536688
0.53736
0.53803
0.538698
0.53936
0.540017
0.540667
0.541308
0.541938
0.542558
0.543164
0.543757
0.544334
0.544895
0.545439
0.545963
0.546468
0.546952
0.547414
0.547854
0.54827
0.548662
0.54903
0.549371
0.549687
0.549975
0.550237
0.550471
0.550678
0.550857
0.551007
0.55113
0.551224
0.551291
0.551329
0.55134
0.551324
0.551282
0.551213
0.551118
0.550999
0.550855
0.550688
0.550499
0.550288
0.550056
0.549806
0.549537
0.549252
0.548951
0.548636
0.548309
0.547971
0.547623
0.547268
0.546907
0.546542
0.546174
0.545806
0.545439
0.545075
0.544717
0.544366
0.544024
0.543693
0.543375
0.543073
0.542788
0.542522
0.542277
0.542055
0.541859
0.541689
0.541549
0.541439
0.541361
0.541317
0.54131
0.541339
0.541408
0.541517
0.541667
0.54186
0.542097
0.54238
0.542708
0.543083
0.543505
0.543976
0.544495
0.545063
0.54568
0.546346
0.547062
0.547826
0.54864
0.549501
0.55041
0.551367
0.55237
0.553418
0.55451
0.555645
0.556822
0.55804
0.559296
0.56059
0.561919
0.563281
0.564675
0.566099
0.56755
0.569027
0.570526
0.572047
0.573585
0.575139
0.576707
0.578285
0.579871
0.581462
0.583056
0.584651
0.586242
0.587828
0.589406
0.590972
0.592525
0.594061
0.595578
0.597074
0.598544
0.599987
0.6014
0.602781
0.604126
0.605433
0.606701
0.607926
0.609105
0.610238
0.61132
0.612351
0.613329
0.61425
0.615113
0.615916
0.616658
0.617336
0.617949
0.618495
0.618973
0.619382
0.619719
0.619985
0.620177
0.620294
0.620337
0.620303
0.620192
0.620004
0.619738
0.619393
0.61897
0.618468
0.617886
0.617225
0.616486
0.615667
0.61477
0.613795
0.612742
0.611612
0.610407
0.609126
0.607771
0.606342
0.604842
0.603271
0.601631
0.599923
0.598149
0.596311
0.594411
0.592451
0.590432
0.588358
0.586229
0.58405
0.581822
0.579548
0.577231
0.574873
0.572479
0.570049
0.567589
0.565101
0.562588
0.560054
0.557502
0.554936
0.55236
0.549778
0.547193
0.544609
0.54203
0.53946
0.536903
0.534364
0.531845
0.529353
0.52689
0.524461
0.52207
0.519722
0.51742
0.515168
0.512971
0.510833
0.508758
0.506749
0.504811
0.502947
0.501162
0.499457
0.497838
0.496306
0.494866
0.49352
0.492271
0.491121
0.490074
0.489131
0.488294
0.487564
0.486944
0.486435
0.486038
0.485753
0.485581
0.485523
0.485578
0.485747
0.486029
0.486422
0.486928
0.487543
0.488267
0.489098
0.490035
0.491075
0.492217
0.493457
0.494793
0.496222
0.497742
0.49935
0.501041
0.502814
0.504664
0.506589
0.508583
0.510645
0.51277
0.514954
0.517193
0.519484
0.521823
0.524206
0.526629
0.529089
0.53158
0.5341
0.536645
0.53921
0.541793
0.544389
0.546996
0.549608
0.552223
0.554837
0.557447
0.56005
0.562642
0.56522
0.567781
0.570322
0.57284
0.575332
0.577795
0.580226
0.582624
0.584985
0.587307
0.589587
0.591823
0.594013
0.596155
0.598247
0.600286
0.60227
0.604199
0.60607
0.607881
0.609631
0.611318
0.61294
0.614497
0.615987
0.617409
0.618761
0.620043
0.621252
0.622389
0.623453
0.624442
0.625355
0.626193
0.626953
0.627636
0.628241
0.628768
0.629215
0.629583
0.629871
0.630079
0.630207
0.630254
0.63022
0.630105
0.629909
0.629633
0.629275
0.628836
0.628317
0.627717
0.627036
0.626276
0.625435
0.624515
0.623516
0.622438
0.621282
0.620049
0.618738
0.617351
0.615887
0.614349
0.612736
0.611049
0.60929
0.607458
0.605556
0.603583
0.601541
0.599431
0.597254
0.595011
0.592703
0.590332
0.587898
0.585404
0.58285
0.580238
0.57757
0.574846
0.572069
0.56924
0.566361
0.563434
0.56046
0.557441
0.55438
0.551278
0.548137
0.54496
0.541749
0.538505
0.535231
0.53193
0.528605
0.525256
0.521888
0.518503
0.515104
0.511693
0.508273
0.504847
0.501419
0.497992
0.494568
0.491151
0.487744
0.48435
0.480974
0.477619
0.474287
0.470984
0.467712
0.464476
0.461279
0.458124
0.455017
0.451961
0.44896
0.446018
0.443138
0.440326
0.437584
0.434918
0.43233
0.429825
0.427407
0.425079
0.422846
0.42071
0.418676
0.416747
0.414926
0.413217
0.411622
0.410144
0.408786
0.40755
0.406439
0.405454
0.404598
0.403871
0.403275
0.402812
0.402481
0.402284
0.40222
0.402289
0.402491
0.402826
0.403291
0.403887
0.404611
0.405463
0.406439
0.407537
0.408756
0.410092
0.411543
0.413105
0.414775
0.41655
0.418426
0.420399
0.422466
0.424622
0.426864
0.429188
0.431588
0.434062
0.436604
0.439211
0.441878
0.4446
0.447374
0.450195
0.453058
0.455961
0.458897
0.461863
0.464856
0.46787
0.470902
0.473948
0.477004
0.480066
0.483131
0.486194
0.489253
0.492304
0.495343
0.498367
0.501374
0.504359
0.507319
0.510253
0.513157
0.516028
0.518864
0.521661
0.524419
0.527133
0.529803
0.532426
0.534999
0.537521
0.53999
0.542404
0.544762
0.547061
0.5493
0.551479
0.553594
0.555646
0.557633
0.559554
0.561407
0.563193
0.56491
0.566557
0.568134
0.56964
0.571075
0.572438
0.573729
0.574948
0.576094
0.577168
0.578168
0.579096
0.579952
0.580735
0.581446
0.582085
0.582653
0.583149
0.583575
0.583932
0.584219
0.584437
0.584588
0.584671
0.584689
0.584641
0.58453
0.584355
0.584118
0.58382
0.583462
0.583046
0.582573
0.582043
0.581459
0.580822
0.580133
0.579394
0.578606
0.577771
0.57689
0.575965
0.574997
0.573988
0.57294
0.571855
0.570733
0.569577
0.568389
0.567169
0.56592
0.564644
0.563342
0.562016
0.560667
0.559298
0.557909
0.556503
0.555082
0.553646
0.552198
0.550739
0.54927
0.547794
0.546311
0.544824
0.543333
0.54184
0.540347
0.538854
0.537363
0.535876
0.534393
0.532916
0.531446
0.529984
0.52853
0.527087
0.525654
0.524233
0.522824
0.521428
0.520047
0.51868
0.517328
0.515992
0.514673
0.51337
0.512084
0.510815
0.509564
0.508331
0.507116
0.50592
0.504741
0.503581
0.50244
0.501316
0.500211
0.499124
0.498055
0.497004
0.49597
0.494953
0.493953
0.49297
0.492003
0.491051
0.490116
0.489195
0.488289
0.487397
0.486519
0.485654
0.484802
0.483963
0.483135
0.482319
0.481514
0.480719
0.479934
0.479159
0.478394
0.477637
0.476888
0.476147
0.475414
0.474688
0.47397
0.473257
0.472552
0.471852
0.471158
0.47047
0.469787
0.469109
0.468437
0.46777
0.467107
0.46645
0.465797
0.46515
0.464507
0.46387
0.463237
0.46261
0.461988
0.461372
0.460761
0.460156
0.459558
0.458966
0.45838
0.457802
0.457231
0.456668
0.456113
0.455566
0.455028
0.454499
0.453979
0.45347
0.452971
0.452483
0.452006
0.451541
0.451088
0.450648
0.45022
0.449806
0.449406
0.44902
0.448648
0.448292
0.447951
0.447626
0.447316
0.447024
0.446748
0.446489
0.446248
0.446024
0.445819
0.445631
0.445462
0.445312
0.44518
0.445068
0.444974
0.4449
0.444844
0.444809
0.444792
0.444795
0.444818
0.44486
0.444921
0.445002
0.445102
0.445222
0.44536
0.445518
0.445695
0.44589
0.446104
0.446337
0.446588
0.446857
0.447144
0.447449
0.447772
0.448112
0.448469
0.448844
0.449236
0.449644
0.450069
0.45051
0.450968
0.451442
0.451932
0.452438
0.45296
0.453497
0.45405
0.454619
0.455203
0.455803
0.456418
0.457049
0.457695
0.458357
0.459034
0.459727
0.460436
0.461161
0.461902
0.462659
0.463433
0.464223
0.465029
0.465853
0.466694
0.467553
0.468429
0.469323
0.470236
0.471167
0.472117
0.473086
0.474075
0.475084
0.476112
0.477161
0.478231
0.479322
0.480435
0.481569
0.482725
0.483903
0.485104
0.486328
0.487574
0.488844
0.490137
0.491453
0.492793
0.494157
0.495545
0.496956
0.498392
0.499851
0.501334
0.50284
0.50437
0.505923
0.5075
0.509099
0.51072
0.512364
0.514029
0.515716
0.517423
0.519151
0.520898
0.522664
0.524448
0.52625
0.528068
0.529902
0.531751
0.533615
0.535491
0.537379
0.539277
0.541186
0.543103
0.545028
0.546958
0.548894
0.550833
0.552774
0.554715
0.556656
0.558595
0.56053
0.56246
0.564383
0.566297
0.568202
0.570095
0.571974
0.573839
0.575687
0.577516
0.579326
0.581114
0.582878
0.584617
0.586329
0.588012
0.589664
0.591285
0.592871
0.594422
0.595935
0.597409
0.598842
0.600233
0.601579
0.602879
0.604132
0.605335
0.606488
0.607588
0.608634
0.609625
0.610558
0.611433
0.612248
0.613001
0.613692
0.614318
0.614879
0.615373
0.615799
0.616155
0.616441
0.616655
0.616796
0.616864
0.616857
0.616773
0.616613
0.616376
0.61606
0.615664
0.615189
0.614632
0.613995
0.613275
0.612472
0.611587
0.610618
0.609565
0.608428
0.607207
0.6059
0.604509
0.603033
0.601471
0.599824
0.598092
0.596275
0.594373
0.592387
0.590316
0.588161
0.585922
0.5836
0.581195
0.578708
0.57614
0.573491
0.570761
0.567953
0.565066
0.562102
0.559061
0.555945
0.552755
0.549492
0.546157
0.542752
0.539278
0.535737
0.53213
0.52846
0.524726
0.520932
0.51708
0.513171
0.509207
0.505191
0.501124
0.49701
0.492849
0.488646
0.484403
0.480121
0.475805
0.471456
0.467078
0.462674
0.458247
0.453801
0.449338
0.444863
0.440379
0.43589
0.431399
0.426912
0.422431
0.417961
0.413507
0.409073
0.404664
0.400285
0.395941
0.391636
0.387376
0.383167
0.379013
0.374921
0.370896
0.366944
0.363071
0.359283
0.355586
0.351986
0.34849
0.345103
0.341833
0.338684
0.335664
0.332778
0.330033
0.327434
0.324987
0.322697
0.32057
0.318611
0.316825
0.315215
0.313786
0.312541
0.311483
0.310615
0.309939
0.309457
0.30917
0.309077
0.30918
0.309476
0.309967
0.310648
0.311519
0.312577
0.313818
0.315239
0.316835
0.318603
0.320537
0.322632
0.324884
0.327286
0.329832
0.332517
0.335334
0.338277
0.341341
0.344518
0.347802
0.351188
0.354668
0.358237
0.361888
0.365615
0.369412
0.373274
0.377194
0.381167
0.385188
0.389251
0.393351
0.397482
0.40164
0.40582
0.410017
0.414226
0.418444
0.422666
0.426888
0.431105
0.435314
0.439512
0.443693
0.447856
0.451996
0.456111
0.460196
0.464249
0.468268
0.472248
0.476188
0.480084
0.483935
0.487737
0.491488
0.495186
0.498829
0.502414
0.505939
0.509403
0.512803
0.516139
0.519406
0.522606
0.525734
0.528791
0.531774
0.534682
0.537514
0.540268
0.542944
0.545539
0.548054
0.550486
0.552835
0.5551
0.557281
0.559375
0.561383
0.563304
0.565137
0.566881
0.568537
0.570103
0.571579
0.572965
0.574261
0.575466
0.576579
0.577602
0.578533
0.579374
0.580123
0.580781
0.581347
0.581823
0.582209
0.582504
0.582709
0.582824
0.58285
0.582788
0.582637
0.582399
0.582074
0.581663
0.581167
0.580586
0.579921
0.579174
0.578345
0.577435
0.576446
0.575378
0.574233
0.573013
0.571717
0.570348
0.568907
0.567396
0.565816
0.564169
0.562456
0.560679
0.55884
0.55694
0.554982
0.552967
0.550897
0.548775
0.546602
0.54438
0.542112
0.539799
0.537445
0.53505
0.532619
0.530152
0.527652
0.525123
0.522566
0.519983
0.517379
0.514754
0.512112
0.509455
0.506786
0.504108
0.501424
0.498735
0.496046
0.493359
0.490676
0.488001
0.485336
0.482684
0.480048
0.477431
0.474835
0.472263
0.469719
0.467204
0.464721
0.462273
0.459863
0.457492
0.455164
0.452881
0.450646
0.44846
0.446325
0.444244
0.442219
0.440252
0.438344
0.436497
0.434713
0.432993
0.431338
0.42975
0.428229
0.426777
0.425394
0.424081
0.422838
0.421666
0.420565
0.419535
0.418575
0.417686
0.416866
0.416116
0.415434
0.414821
0.414273
0.413792
0.413374
0.413019
0.412726
0.412492
0.412315
0.412195
0.412128
0.412114
0.412148
0.412231
0.412358
0.412528
0.412738
0.412986
0.413269
0.413584
0.41393
0.414303
0.414701
0.415122
0.415561
0.416018
0.416489
0.416972
0.417463
0.417962
0.418464
0.418969
0.419472
0.419972
0.420467
0.420954
0.421431
0.421895
0.422346
0.42278
0.423197
0.423593
0.423967
0.424318
0.424644
0.424943
0.425214
0.425456
0.425667
0.425846
0.425992
0.426103
0.42618
0.426221
0.426226
0.426193
0.426122
0.426014
0.425866
0.42568
0.425455
0.425191
0.424888
0.424546
0.424166
0.423747
0.42329
0.422795
0.422264
0.421697
0.421094
0.420457
0.419786
0.419083
0.418348
0.417583
0.41679
0.415969
0.415122
0.414251
0.413357
0.412443
0.411509
0.410558
0.409592
0.408613
0.407623
0.406624
0.405619
0.404609
0.403597
0.402585
0.401577
0.400574
0.399579
0.398594
0.397623
0.396667
0.39573
0.394814
0.393922
0.393056
0.392219
0.391415
0.390645
0.389912
0.389218
0.388567
0.387961
0.387402
0.386893
0.386435
0.386032
0.385686
0.385397
0.385169
0.385004
0.384902
0.384866
0.384898
0.384998
0.385168
0.385409
0.385721
0.386107
0.386566
0.387099
0.387706
0.388388
0.389144
0.389976
0.390881
0.39186
0.392912
0.394038
0.395235
0.396502
0.39784
0.399246
0.400719
0.402257
0.40386
0.405525
0.40725
0.409033
0.410874
0.412768
0.414715
0.416712
0.418756
0.420845
0.422978
0.425151
0.427361
0.429607
0.431886
0.434195
0.436531
0.438893
0.441277
0.44368
0.446101
0.448536
0.450982
0.453438
0.455901
0.458368
0.460837
0.463305
0.465769
0.468228
0.470678
0.473118
0.475545
0.477958
0.480352
0.482728
0.485082
0.487412
0.489716
0.491993
0.49424
0.496455
0.498637
0.500784
0.502894
0.504966
0.506997
0.508987
0.510933
0.512835
0.514691
0.5165
0.518259
0.519969
0.521628
0.523235
0.524789
0.526288
0.527732
0.529121
0.530452
0.531726
0.532942
0.534098
0.535195
0.536232
0.537208
0.538124
0.538977
0.539769
0.540499
0.541167
0.541772
0.542315
0.542795
0.543212
0.543567
0.543859
0.544089
0.544257
0.544362
0.544406
0.544389
0.544311
0.544172
0.543973
0.543715
0.543397
0.543022
0.542588
0.542098
0.541552
0.54095
0.540294
0.539584
0.538822
0.538007
0.537143
0.536228
0.535265
0.534254
0.533198
0.532096
0.53095
0.529762
0.528533
0.527264
0.525957
0.524613
0.523233
0.521819
0.520372
0.518895
0.517388
0.515854
0.514293
0.512708
0.511099
0.50947
0.507821
0.506155
0.504473
0.502776
0.501068
0.499348
0.49762
0.495885
0.494145
0.492401
0.490656
0.488911
0.487169
0.485431
0.483698
0.481973
0.480258
0.478554
0.476863
0.475187
0.473528
0.471887
0.470266
0.468667
0.467091
0.46554
0.464016
0.46252
0.461054
0.459618
0.458216
0.456847
0.455513
0.454216
0.452957
0.451736
0.450556
0.449416
0.448318
0.447264
0.446253
0.445286
0.444365
0.443489
0.44266
0.441878
0.441143
0.440455
0.439815
0.439223
0.43868
0.438184
0.437737
0.437337
0.436985
0.436681
0.436423
0.436213
0.436048
0.435929
0.435855
0.435826
0.43584
0.435897
0.435995
0.436135
0.436314
0.436532
0.436788
0.437081
0.43741
0.437772
0.438168
0.438596
0.439054
0.439542
0.440057
0.440599
0.441166
0.441756
0.442369
0.443002
0.443655
0.444326
0.445014
0.445716
0.446433
0.447161
0.4479
0.448649
0.449405
0.450168
0.450936
0.451708
0.452483
0.453259
0.454035
0.454809
0.455581
0.456349
0.457112
0.457869
0.458619
0.45936
0.460092
0.460814
0.461524
0.462222
0.462907
0.463577
0.464233
0.464872
0.465495
0.466101
0.466689
0.467259
0.467809
0.468339
0.468849
0.469338
0.469806
0.470253
0.470677
0.471079
0.471458
0.471814
0.472147
0.472457
0.472744
0.473007
0.473246
0.473462
0.473654
0.473822
0.473968
0.474089
0.474188
0.474264
0.474317
0.474348
0.474356
0.474343
0.474308
0.474252
0.474176
0.474079
0.473963
0.473827
0.473673
0.473501
0.473312
0.473105
0.472883
0.472644
0.472391
0.472124
0.471843
0.47155
0.471245
0.470928
0.470601
0.470265
0.46992
0.469566
0.469206
0.468839
0.468467
0.46809
0.467709
0.467326
0.46694
0.466553
0.466165
0.465778
0.465392
0.465009
0.464628
0.46425
0.463878
0.46351
0.463149
0.462794
0.462447
0.462108
0.461777
0.461457
0.461146
0.460847
0.460559
0.460283
0.460019
0.459769
0.459532
0.459309
0.4591
0.458906
0.458728
0.458565
0.458418
0.458287
0.458172
0.458074
0.457992
0.457928
0.45788
0.457849
0.457835
0.457839
0.457859
0.457896
0.45795
0.45802
0.458107
0.45821
0.458329
0.458464
0.458615
0.45878
0.458961
0.459156
0.459364
0.459587
0.459823
0.460071
0.460331
0.460604
0.460887
0.461182
0.461486
0.4618
0.462123
0.462454
0.462793
0.46314
0.463492
0.463851
0.464216
0.464585
0.464958
0.465334
0.465714
0.466096
0.466479
0.466863
0.467248
0.467633
0.468017
0.468399
0.46878
0.469158
0.469533
0.469904
0.470272
0.470634
0.470992
0.471344
0.47169
0.47203
0.472362
0.472687
0.473005
0.473314
0.473615
0.473907
0.47419
0.474464
0.474727
0.474981
0.475224
0.475457
0.47568
0.475891
0.476092
0.476281
0.476459
0.476625
0.47678
0.476923
0.477055
0.477175
0.477283
0.477379
0.477464
0.477536
0.477597
0.477647
0.477684
0.47771
0.477725
0.477728
0.47772
0.477701
0.47767
0.477628
0.477576
0.477513
0.477439
0.477355
0.477261
0.477156
0.477041
0.476917
0.476783
0.476639
0.476486
0.476323
0.476152
0.475971
0.475782
0.475584
0.475377
0.475162
0.474939
0.474707
0.474468
0.47422
0.473964
0.4737
0.473429
0.47315
0.472862
0.472568
0.472265
0.471955
0.471637
0.471311
0.470978
0.470636
0.470287
0.46993
0.469565
0.469192
0.46881
0.46842
0.468022
0.467615
0.467199
0.466774
0.46634
0.465896
0.465443
0.464981
0.464508
0.464025
0.463532
0.463028
0.462513
0.461987
0.46145
0.460901
0.46034
0.459767
0.459181
0.458583
0.457972
0.457347
0.456709
0.456058
0.455392
0.454712
0.454017
0.453308
0.452584
0.451845
0.45109
0.45032
0.449535
0.448733
0.447916
0.447082
0.446232
0.445366
0.444484
0.443585
0.442669
0.441738
0.44079
0.439825
0.438845
0.437848
0.436835
0.435806
0.434762
0.433702
0.432627
0.431537
0.430433
0.429314
0.428181
0.427035
0.425877
0.424705
0.423522
0.422328
0.421122
0.419907
0.418682
0.417449
0.416208
0.414959
0.413705
0.412445
0.411181
0.409913
0.408643
0.407371
0.406099
0.404828
0.403559
0.402293
0.401031
0.399775
0.398525
0.397284
0.396052
0.394831
0.393622
0.392427
0.391247
0.390084
0.388938
0.387812
0.386707
0.385625
0.384567
0.383534
0.382528
0.381551
0.380604
0.379689
0.378806
0.377959
0.377147
0.376373
0.375637
0.374942
0.374288
0.373678
0.373111
0.37259
0.372115
0.371687
0.371309
0.370979
0.370701
0.370473
0.370298
0.370176
0.370107
0.370092
0.370132
0.370227
0.370376
0.370582
0.370842
0.371159
0.371531
0.371958
0.372441
0.372978
0.37357
0.374216
0.374916
0.375668
0.376473
0.377329
0.378235
0.379191
0.380196
0.381248
0.382346
0.383489
0.384676
0.385905
0.387175
0.388485
0.389833
0.391218
0.392637
0.394091
0.395576
0.397091
0.398634
0.400205
0.4018
0.403419
0.405059
0.40672
0.408398
0.410093
0.411802
0.413525
0.415258
0.417001
0.418751
0.420508
0.422268
0.424032
0.425796
0.42756
0.429321
0.431079
0.432831
0.434576
0.436313
0.43804
0.439755
0.441458
0.443147
0.44482
0.446477
0.448116
0.449736
0.451335
0.452913
0.454469
0.456001
0.457508
0.45899
0.460445
0.461872
0.463272
0.464642
0.465983
0.467293
0.468571
0.469818
0.471033
0.472214
0.473362
0.474475
0.475554
0.476599
0.477608
0.478581
0.479519
0.48042
0.481286
0.482115
0.482907
0.483663
0.484382
0.485065
0.485711
0.48632
0.486893
0.487429
0.48793
0.488394
0.488823
0.489217
0.489575
0.489898
0.490187
0.490442
0.490664
0.490852
0.491007
0.49113
0.491222
0.491282
0.491312
0.491312
0.491282
0.491224
0.491138
0.491024
0.490884
0.490717
0.490526
0.49031
0.490069
0.489806
0.489521
0.489214
0.488887
0.488539
0.488173
0.487788
0.487386
0.486967
0.486532
0.486083
0.485619
0.485142
0.484652
0.484151
0.483638
0.483116
0.482584
0.482044
0.481496
0.480941
0.480379
0.479813
0.479241
0.478666
0.478087
0.477506
0.476922
0.476338
0.475752
0.475167
0.474583
0.473999
0.473417
0.472838
0.472261
0.471687
0.471117
0.470551
0.46999
0.469434
0.468883
0.468337
0.467798
0.467265
0.466738
0.466219
0.465706
0.4652
0.464702
0.464211
0.463728
0.463252
0.462784
0.462324
0.461871
0.461427
0.46099
0.460561
0.460139
0.459725
0.459318
0.458918
0.458526
0.45814
0.457761
0.457389
0.457023
0.456663
0.456308
0.45596
0.455616
0.455278
0.454944
0.454614
0.454289
0.453967
0.453649
0.453334
0.453021
0.452711
0.452403
0.452096
0.451791
0.451487
0.451184
0.450881
0.450579
0.450276
0.449972
0.449667
0.449362
0.449054
0.448745
0.448434
0.448121
0.447805
0.447487
0.447165
0.44684
0.446512
0.44618
0.445845
0.445505
0.445162
0.444815
0.444463
0.444107
0.443747
0.443382
0.443013
0.44264
0.442262
0.44188
0.441494
0.441104
0.44071
0.440312
0.43991
0.439504
0.439096
0.438684
0.438269
0.437851
0.437432
0.43701
0.436586
0.436161
0.435734
0.435307
0.43488
0.434453
0.434026
0.433601
0.433176
0.432754
0.432334
0.431917
0.431503
0.431093
0.430688
0.430288
0.429893
0.429505
0.429123
0.428748
0.428382
0.428024
0.427675
0.427336
0.427007
0.426689
0.426382
0.426088
0.425807
0.425538
0.425284
0.425044
0.42482
0.424611
0.424418
0.424242
0.424083
0.423942
0.423819
0.423715
0.42363
0.423564
0.423519
0.423495
0.423491
0.423508
0.423547
0.423607
0.42369
0.423795
0.423923
0.424073
0.424247
0.424443
0.424662
0.424905
0.425171
0.42546
0.425772
0.426107
0.426465
0.426846
0.42725
0.427676
0.428124
0.428594
0.429086
0.429599
0.430133
0.430687
0.431261
0.431855
0.432468
0.433099
0.433748
0.434415
0.435098
0.435797
0.436511
0.43724
0.437983
0.438739
0.439507
0.440287
0.441077
0.441878
0.442687
0.443504
0.444329
0.44516
0.445996
0.446837
0.447681
0.448528
0.449377
0.450226
0.451074
0.451922
0.452767
0.453609
0.454446
0.455278
0.456104
0.456923
0.457734
0.458535
0.459327
0.460107
0.460875
0.46163
0.462371
0.463098
0.463809
0.464503
0.465179
0.465838
0.466477
0.467096
0.467694
0.468271
0.468826
0.469357
0.469864
0.470347
0.470805
0.471237
0.471643
0.472021
0.472372
0.472694
0.472988
0.473253
0.473488
0.473692
0.473867
0.47401
0.474122
0.474203
0.474251
0.474268
0.474252
0.474204
0.474123
0.474009
0.473863
0.473683
0.473471
0.473225
0.472947
0.472636
0.472292
0.471915
0.471506
0.471065
0.470592
0.470087
0.469551
0.468984
0.468386
0.467759
0.467101
0.466414
0.465699
0.464955
0.464184
0.463386
0.462562
0.461712
0.460837
0.459938
0.459015
0.45807
0.457103
0.456116
0.455108
0.454081
0.453037
0.451975
0.450896
0.449803
0.448695
0.447575
0.446442
0.445298
0.444145
0.442983
0.441813
0.440637
0.439456
0.438271
0.437083
0.435893
0.434703
0.433513
0.432326
0.431141
0.429961
0.428786
0.427619
0.426459
0.425308
0.424167
0.423038
0.421922
0.420819
0.419731
0.418659
0.417604
0.416567
0.415548
0.41455
0.413573
0.412617
0.411684
0.410775
0.40989
0.40903
0.408196
0.407388
0.406608
0.405855
0.40513
0.404434
0.403768
0.403131
0.402523
0.401946
0.401399
0.400883
0.400397
0.399943
0.399518
0.399125
0.398762
0.39843
0.398128
0.397855
0.397613
0.3974
0.397216
0.39706
0.396932
0.396831
0.396758
0.39671
0.396688
0.396691
0.396717
0.396767
0.39684
0.396934
0.397048
0.397183
0.397336
0.397507
0.397695
0.397899
0.398118
0.398351
0.398596
0.398854
0.399122
0.3994
0.399686
0.39998
0.400281
0.400587
0.400898
0.401212
0.401528
0.401846
0.402164
0.402482
0.402797
0.403111
0.40342
0.403726
0.404026
0.404319
0.404606
0.404885
0.405155
0.405415
0.405665
0.405905
0.406132
0.406348
0.40655
0.406739
0.406914
0.407074
0.407219
0.407349
0.407462
0.407559
0.40764
0.407703
0.407748
0.407776
0.407786
0.407778
0.407752
0.407707
0.407644
0.407562
0.407462
0.407342
0.407205
0.407049
0.406874
0.406681
0.40647
0.406242
0.405995
0.405731
0.40545
0.405152
0.404838
0.404507
0.404161
0.403799
0.403422
0.403031
0.402625
0.402206
0.401774
0.40133
0.400874
0.400406
0.399927
0.399439
0.398941
0.398433
0.397918
0.397395
0.396864
0.396328
0.395785
0.395238
0.394686
0.394131
0.393572
0.393012
0.392449
0.391886
0.391323
0.39076
0.390197
0.389637
0.389079
0.388524
0.387973
0.387426
0.386884
0.386347
0.385816
0.385292
0.384776
0.384266
0.383765
0.383273
0.38279
0.382317
0.381854
0.381401
0.380959
0.380529
0.38011
0.379703
0.379308
0.378926
0.378556
0.3782
0.377856
0.377526
0.37721
0.376907
0.376618
0.376343
0.376081
0.375834
0.375601
0.375381
0.375176
0.374984
0.374806
0.374641
0.374491
0.374353
0.374229
0.374118
0.37402
0.373935
0.373862
0.373802
0.373753
0.373717
0.373692
0.373678
0.373675
0.373683
0.373701
0.37373
0.373768
0.373816
0.373873
0.373939
0.374014
0.374097
0.374188
0.374286
0.374393
0.374506
0.374626
0.374753
0.374886
0.375025
0.37517
0.37532
0.375476
0.375637
0.375802
0.375973
0.376148
0.376327
0.376511
0.376699
0.37689
0.377086
0.377285
0.377488
0.377694
0.377904
0.378118
0.378334
0.378555
0.378779
0.379006
0.379237
0.379472
0.37971
0.379952
0.380198
0.380447
0.380701
0.38096
0.381222
0.38149
0.381762
0.382038
0.382321
0.382608
0.382901
0.3832
0.383505
0.383816
0.384134
0.384458
0.38479
0.385128
0.385475
0.385829
0.386191
0.386562
0.386942
0.38733
0.387727
0.388134
0.388551
0.388978
0.389414
0.389862
0.39032
0.390788
0.391268
0.391759
0.392262
0.392777
0.393303
0.393841
0.394392
0.394954
0.39553
0.396117
0.396717
0.39733
0.397955
0.398594
0.399244
0.399908
0.400584
0.401273
0.401974
0.402687
0.403413
0.404151
0.404901
0.405663
0.406437
0.407222
0.408018
0.408825
0.409642
0.41047
0.411308
0.412155
0.413012
0.413877
0.414751
0.415633
0.416523
0.41742
0.418323
0.419233
0.420148
0.421068
0.421993
0.422922
0.423854
0.424789
0.425727
0.426666
0.427606
0.428546
0.429486
0.430425
0.431363
0.432298
0.43323
0.434158
0.435083
0.436002
0.436915
0.437822
0.438722
0.439614
0.440498
0.441372
0.442236
0.443089
0.443932
0.444761
0.445579
0.446382
0.447172
0.447946
0.448705
0.449448
0.450174
0.450882
0.451572
0.452243
0.452895
0.453527
0.454137
0.454727
0.455295
0.45584
0.456362
0.45686
0.457335
0.457785
0.458209
0.458608
0.458981
0.459327
0.459647
0.459939
0.460203
0.460439
0.460646
0.460825
0.460974
0.461094
0.461184
0.461244
0.461273
0.461272
0.46124
0.461178
0.461084
0.460959
0.460802
0.460615
0.460395
0.460144
0.459862
0.459548
0.459202
0.458825
0.458416
0.457976
0.457505
0.457003
0.456469
0.455905
0.455311
0.454686
0.454031
0.453346
0.452632
0.451889
0.451117
0.450316
0.449488
0.448632
0.447749
0.446839
0.445903
0.444941
0.443955
0.442944
0.441908
0.44085
0.439769
0.438666
0.437541
0.436396
0.435231
0.434047
0.432844
0.431623
0.430386
0.429133
0.427864
0.426581
0.425284
0.423975
0.422654
0.421322
0.41998
0.41863
0.417271
0.415905
0.414533
0.413156
0.411775
0.410391
0.409004
0.407617
0.406229
0.404843
0.403459
0.402077
0.4007
0.399328
0.397962
0.396603
0.395253
0.393912
0.392581
0.391261
0.389954
0.38866
0.38738
0.386116
0.384868
0.383637
0.382424
0.381231
0.380057
0.378904
0.377773
0.376664
0.375579
0.374518
0.373482
0.372471
0.371487
0.37053
0.3696
0.368699
0.367827
0.366984
0.366171
0.365389
0.364637
0.363917
0.363228
0.362572
0.361948
0.361357
0.360798
0.360273
0.359781
0.359323
0.358898
0.358506
0.358148
0.357824
0.357533
0.357276
0.357053
0.356862
0.356705
0.35658
0.356489
0.356429
0.356402
0.356407
0.356443
0.356511
0.356609
0.356738
0.356896
0.357085
0.357302
0.357549
0.357823
0.358126
0.358455
0.358812
0.359195
0.359603
0.360037
0.360496
0.360979
0.361485
0.362015
0.362568
0.363143
0.363739
0.364357
0.364995
0.365654
0.366332
0.367029
0.367746
0.36848
0.369232
0.370002
0.370789
0.371592
0.372411
0.373246
0.374096
0.374961
0.375841
0.376735
0.377643
0.378564
0.379498
0.380446
0.381405
0.382377
0.383361
0.384357
0.385364
0.386382
0.387411
0.38845
0.3895
0.39056
0.39163
0.39271
0.393799
0.394897
0.396004
0.39712
0.398244
0.399376
0.400517
0.401666
0.402822
0.403985
0.405155
0.406333
0.407517
0.408707
0.409903
0.411105
0.412313
0.413526
0.414743
0.415965
0.417192
0.418422
0.419656
0.420893
0.422133
0.423376
0.42462
0.425866
0.427112
0.42836
0.429608
0.430855
0.432101
0.433346
0.434589
0.43583
0.437068
0.438302
0.439531
0.440756
0.441975
0.443188
0.444394
0.445593
0.446783
0.447964
0.449135
0.450296
0.451445
0.452582
0.453706
0.454817
0.455913
0.456993
0.458058
0.459105
0.460134
0.461144
0.462134
0.463104
0.464052
0.464977
0.465879
0.466757
0.467609
0.468435
0.469233
0.470004
0.470745
0.471457
0.472137
0.472785
0.473401
0.473982
0.474529
0.47504
0.475514
0.475951
0.476349
0.476708
0.477026
0.477303
0.477538
0.47773
0.477878
0.477982
0.47804
0.478051
0.478016
0.477932
0.4778
0.477618
0.477386
0.477103
0.476768
0.476381
0.475941
0.475447
0.474899
0.474296
0.473637
0.472923
0.472152
0.471324
0.470439
0.469495
0.468493
0.467433
0.466313
0.465134
0.463895
0.462596
0.461237
0.459818
0.458337
0.456796
0.455194
0.453532
0.451808
0.450023
0.448177
0.446271
0.444303
0.442275
0.440186
0.438038
0.435829
0.433561
0.431233
0.428847
0.426402
0.423899
0.421338
0.418721
0.416047
0.413318
0.410534
0.407695
0.404804
0.40186
0.398864
0.395818
0.392722
0.389578
0.386386
0.383148
0.379866
0.37654
0.373171
0.369762
0.366314
0.362829
0.359307
0.355752
0.352164
0.348545
0.344899
0.341226
0.337529
0.33381
0.330072
0.326316
0.322546
0.318765
0.314974
0.311177
0.307378
0.303578
0.299782
0.295992
0.292213
0.288448
0.284701
0.280976
0.277277
0.273608
0.269975
0.26638
0.26283
0.25933
0.255883
0.252497
0.249175
0.245924
0.24275
0.239658
0.236654
0.233744
0.230935
0.228233
0.225643
0.223172
0.220827
0.218613
0.216535
0.214601
0.212816
0.211184
0.20971
0.208401
0.207258
0.206287
0.205489
0.204869
0.204428
0.204166
0.204086
0.204187
0.204469
0.20493
0.205568
0.206382
0.207368
0.208522
0.209842
0.211321
0.212956
0.214741
0.21667
0.218739
0.22094
0.223269
0.225718
0.228281
0.230953
0.233727
0.236596
0.239555
0.242597
0.245717
0.248909
0.252167
0.255485
0.258859
0.262283
0.265751
0.269259
0.272803
0.276378
0.279978
0.283601
0.287242
0.290897
0.294563
0.298235
0.301911
0.305587
0.309259
0.312926
0.316583
0.320228
0.323859
0.327472
0.331065
0.334637
0.338184
0.341704
0.345196
0.348657
0.352086
0.35548
0.358838
0.362159
0.36544
0.36868
0.371878
0.375032
0.378141
0.381204
0.38422
0.387187
0.390104
0.392971
0.395787
0.39855
0.40126
0.403915
0.406516
0.409062
0.411551
0.413984
0.416359
0.418677
0.420937
0.423138
0.42528
0.427364
0.429387
0.431351
0.433255
0.435099
0.436883
0.438606
0.44027
0.441873
0.443416
0.444899
0.446321
0.447684
0.448987
0.450231
0.451416
0.452541
0.453608
0.454617
0.455568
0.456461
0.457298
0.458077
0.458801
0.459469
0.460083
0.460641
0.461146
0.461598
0.461998
0.462345
0.462642
0.462888
0.463084
0.463231
0.463331
0.463383
0.463389
0.463349
0.463264
0.463136
0.462965
0.462752
0.462497
0.462203
0.461869
0.461497
0.461088
0.460643
0.460162
0.459647
0.459099
0.458519
0.457907
0.457266
0.456595
0.455896
0.45517
0.454418
0.453641
0.452841
0.452017
0.451171
0.450304
0.449418
0.448513
0.447589
0.446649
0.445693
0.444722
0.443737
0.442739
0.441729
0.440708
0.439676
0.438635
0.437585
0.436527
0.435463
0.434392
0.433316
0.432236
0.431151
0.430063
0.428973
0.427881
0.426788
0.425694
0.4246
0.423506
0.422414
0.421323
0.420234
0.419147
0.418063
0.416983
0.415906
0.414832
0.413763
0.412699
0.411639
0.410584
0.409534
0.408489
0.40745
0.406416
0.405388
0.404365
0.403348
0.402336
0.40133
0.40033
0.399335
0.398345
0.397361
0.396382
0.395408
0.394439
0.393475
0.392515
0.39156
0.390609
0.389662
0.388719
0.387779
0.386842
0.385909
0.384979
0.384051
0.383126
0.382202
0.381281
0.380361
0.379443
0.378527
0.377611
0.376696
0.375782
0.374868
0.373955
0.373042
0.372129
0.371216
0.370303
0.36939
0.368477
0.367563
0.366649
0.365736
0.364821
0.363907
0.362993
0.362079
0.361165
0.360252
0.359339
0.358427
0.357517
0.356607
0.3557
0.354795
0.353893
0.352993
0.352097
0.351205
0.350317
0.349435
0.348558
0.347687
0.346824
0.345967
0.345119
0.34428
0.343451
0.342633
0.341825
0.34103
0.340248
0.33948
0.338727
0.33799
0.33727
0.336567
0.335883
0.335218
0.334575
0.333953
0.333354
0.332778
0.332228
0.331703
0.331205
0.330735
0.330294
0.329882
0.329502
0.329153
0.328837
0.328555
0.328308
0.328096
0.32792
0.327782
0.327682
0.32762
0.327598
0.327616
0.327675
0.327776
0.327918
0.328102
0.32833
0.3286
0.328915
0.329272
0.329674
0.33012
0.330611
0.331145
0.331724
0.332347
0.333014
0.333725
0.33448
0.335277
0.336118
0.337001
0.337925
0.338891
0.339898
0.340944
0.34203
0.343154
0.344316
0.345515
0.34675
0.348019
0.349323
0.350659
0.352028
0.353426
0.354855
0.356311
0.357795
0.359305
0.36084
0.362398
0.363978
0.365579
0.367199
0.368838
0.370493
0.372164
0.373849
0.375546
0.377256
0.378975
0.380702
0.382437
0.384178
0.385924
0.387673
0.389423
0.391175
0.392925
0.394673
0.396419
0.398159
0.399894
0.401621
0.40334
0.40505
0.406748
0.408435
0.410109
0.411769
0.413413
0.415041
0.416651
0.418243
0.419816
0.421367
0.422898
0.424406
0.42589
0.427351
0.428786
0.430195
0.431578
0.432933
0.434259
0.435557
0.436825
0.438062
0.439268
0.440443
0.441585
0.442694
0.443769
0.444811
0.445818
0.44679
0.447726
0.448627
0.449491
0.450318
0.451108
0.451861
0.452577
0.453254
0.453893
0.454493
