
Dual Residual: 
1
1337.26
362.148
186.892
113.889
95.6224
75.0384
60.5275
53.204
48.0466
42.3459
36.364
31.2117
27.6609
25.7131
24.7015
23.8612
22.8141
21.5951
20.3687
19.1824
17.9763
16.7641
15.7347
15.1508
15.118
15.4658
15.8693
16.0439
15.8391
15.2359
14.3079
13.1801
11.9986
10.9118
10.053
9.51584
9.32466
9.42401
9.70459
10.0463
10.3486
10.5417
10.5863
10.4692
10.2003
9.80859
9.33855
8.84542
8.38759
8.01654
7.76545
7.64124
7.62456
7.67863
7.76152
7.83621
7.87559
7.86346
7.79308
7.66491
7.48447
7.26071
7.00511
6.73138
6.45533
6.19457
5.9674
5.79049
5.67582
5.62756
5.64057
5.70126
5.79076
5.8887
5.97663
6.04019
6.07015
6.06242
6.01762
5.94017
5.83727
5.71782
5.5913
5.46678
5.35201
5.25265
5.17185
5.11001
5.06497
5.03249
5.00698
4.98236
4.9529
4.91397
4.86258
4.79773
4.72049
4.63375
4.54185
4.4499
4.3629
4.285
4.21869
4.16446
4.12073
4.08425
4.05079
4.01588
3.97557
3.92699
3.86866
3.80063
3.72443
3.64284
3.55958
3.47891
3.40516
3.34231
3.29349
3.26071
3.24463
3.24456
3.25863
3.28405
3.31747
3.35534
3.39414
3.43068
3.46222
3.48663
3.50242
3.50884
3.50587
3.49423
3.47531
3.45108
3.42396
3.3966
3.37164
3.35146
3.33793
3.33215
3.33439
3.34404
3.35973
3.37946
3.4009
3.42159
3.43922
3.45175
3.45757
3.4556
3.44529
3.42663
3.40011
3.36668
3.32763
3.28452
3.23908
3.19305
3.14811
3.10573
3.0671
3.03306
3.00406
2.98022
2.96133
2.94697
2.93661
2.92969
2.92577
2.92452
2.92578
2.92959
2.93608
2.94544
2.95785
2.97337
2.9919
3.01308
3.03633
3.06086
3.08568
3.10972
3.13189
3.15114
3.16661
3.17762
3.18377
3.18494
3.18128
3.17323
3.16145
3.14677
3.13014
3.11256
3.09497
3.07822
3.06303
3.04991
3.03918
3.03095
3.02517
3.02165
3.02013
3.0203
3.02186
3.02456
3.02823
3.03276
3.0381
3.04429
3.05136
3.05936
3.0683
3.0781
3.08862
3.0996
3.11068
3.12139
3.13117
3.1394
3.1454
3.14852
3.1481
3.14353
3.1343
3.12
3.10033
3.07515
3.04449
3.00853
2.96765
2.92243
2.87361
2.82216
2.76919
2.71599
2.66396
2.6146
2.56942
2.52987
2.4973
2.47278
2.45711
2.45069
2.45354
2.46523
2.48499
2.51173
2.54413
2.58076
2.62015
2.66087
2.70161
2.74121
2.77869
2.8133
2.84445
2.87179
2.89512
2.91444
2.92986
2.94162
2.95004
2.95551
2.95844
2.95926
2.95838
2.95621
2.95308
2.9493
2.94511
2.9407
2.93619
2.93168
2.92718
2.92269
2.91815
2.91347
2.90854
2.90321
2.89732
2.89069
2.88312
2.87439
2.8643
2.85264
2.83921
2.82384
2.80639
2.78673
2.76483
2.74068
2.71436
2.68599
2.65579
2.62404
2.59109
2.55736
2.52332
2.48946
2.45632
2.42443
2.39432
2.36647
2.34133
2.31926
2.30057
2.28547
2.27408
2.26643
2.26246
2.26206
2.26503
2.27113
2.28005
2.29149
2.3051
2.32052
2.33738
2.35533
2.37398
2.39297
2.41194
2.43054
2.44843
2.46529
2.48081
2.49472
2.50676
2.5167
2.52437
2.52959
2.53225
2.53224
2.52952
2.52404
2.5158
2.50483
2.49115
2.47483
2.45595
2.43462
2.41096
2.38511
2.35727
2.32765
2.29649
2.26411
2.23085
2.19713
2.1634
2.13018
2.09804
2.06758
2.03944
2.01426
1.99265
1.9752
1.96242
1.9547
1.95232
1.95542
1.96398
1.97782
1.99662
2.01995
2.04725
2.07791
2.11127
2.14663
2.18333
2.22071
2.25815
2.29508
2.33098
2.36541
2.39796
2.42832
2.45619
2.48137
2.50367
2.52298
2.53921
2.55232
2.56229
2.56914
2.5729
2.57365
2.57147
2.56646
2.55875
2.54846
2.53575
2.5208
2.50379
2.48492
2.46443
2.44253
2.4195
2.39561
2.37114
2.34639
2.32167
2.29729
2.27355
2.25077
2.22922
2.20918
2.19086
2.17447
2.16017
2.14805
2.13817
2.13053
2.12508
2.12172
2.1203
2.12063
2.12249
2.12565
2.12985
2.13482
2.1403
2.14604
2.15179
2.15734
2.1625
2.1671
2.171
2.17411
2.17634
2.17767
2.17807
2.17758
2.17622
2.17407
2.1712
2.16772
2.16373
2.15934
2.15466
2.14981
2.14488
2.13997
2.13516
2.13048
2.126
2.12172
2.11763
2.11372
2.10994
2.10623
2.10251
2.0987
2.09472
2.09048
2.08588
2.08086
2.07535
2.0693
2.06271
2.05558
2.04794
2.03987
2.03146
2.02285
2.01422
2.00574
1.99767
1.99023
1.98368
1.9783
1.97436
1.97209
1.97175
1.97352
1.97756
1.984
1.99288
2.0042
2.0179
2.03386
2.0519
2.07179
2.09325
2.11599
2.13967
2.16394
2.18844
2.21282
2.23674
2.25986
2.28188
2.30251
2.3215
2.33864
2.35373
2.36663
2.37722
2.38544
2.39123
2.39459
2.39556
2.39417
2.39053
2.38473
2.37692
2.36725
2.35589
2.34303
2.32887
2.3136
2.29743
2.28058
2.26324
2.24562
2.22791
2.21029
2.19291
2.17592
2.15947
2.14364
2.12855
2.11424
2.10079
2.0882
2.07651
2.0657
2.05575
2.04664
2.03832
2.03075
2.02386
2.01761
2.01192
2.00675
2.00202
1.99769
1.9937
1.99
1.98655
1.9833
1.98022
1.97727
1.97441
1.97163
1.96888
1.96616
1.96342
1.96065
1.95783
1.95493
1.95193
1.9488
1.94553
1.9421
1.93849
1.93469
1.93068
1.92646
1.92203
1.91738
1.91252
1.90746
1.90222
1.89681
1.89127
1.88563
1.87992
1.87418
1.86847
1.86282
1.85729
1.85193
1.84679
1.84194
1.83742
1.83329
1.8296
1.8264
1.82374
1.82165
1.82018
1.81936
1.81922
1.81978
1.82105
1.82306
1.82581
1.8293
1.83351
1.83846
1.8441
1.85043
1.85742
1.86503
1.87323
1.88198
1.89122
1.90092
1.91101
1.92144
1.93216
1.94309
1.95419
1.96539
1.97662
1.98782
1.99893
2.00989
2.02065
2.03114
2.04133
2.05114
2.06055
2.06951
2.07799
2.08595
2.09336
2.10021
2.10648
2.11214
2.1172
2.12165
2.12548
2.1287
2.13131
2.13332
2.13475
2.1356
2.13589
2.13564
2.13487
2.13359
2.13183
2.1296
2.12694
2.12386
2.12038
2.11653
2.11233
2.1078
2.10296
2.09783
2.09244
2.08679
2.08092
2.07482
2.06853
2.06204
2.05538
2.04855
2.04155
2.03439
2.02708
2.01961
2.01198
2.00419
1.99623
1.98811
1.9798
1.97131
1.96262
1.95373
1.94463
1.93532
1.92579
1.91605
1.90608
1.89591
1.88553
1.87496
1.8642
1.85328
1.84221
1.83101
1.81972
1.80836
1.79695
1.78552
1.77411
1.76274
1.75143
1.74022
1.72913
1.71817
1.70736
1.69672
1.68625
1.67596
1.66585
1.65592
1.64617
1.63659
1.62717
1.61791
1.6088
1.59985
1.59104
1.5824
1.57393
1.56564
1.55757
1.54975
1.54223
1.53505
1.52828
1.52199
1.51625
1.51116
1.50679
1.50324
1.50061
1.49898
1.49843
1.49906
1.50092
1.50408
1.50858
1.51445
1.52168
1.53028
1.54022
1.55144
1.56387
1.57744
1.59204
1.60755
1.62386
1.64082
1.6583
1.67615
1.69423
1.71238
1.73048
1.74839
1.76597
1.78312
1.79972
1.81567
1.8309
1.84532
1.85889
1.87155
1.88328
1.89406
1.90387
1.91273
1.92066
1.92769
1.93385
1.93921
1.9438
1.94771
1.95099
1.95373
1.956
1.95788
1.95944
1.96078
1.96195
1.96304
1.96411
1.96523
1.96643
1.96778
1.96931
1.97104
1.97301
1.97521
1.97766
1.98034
1.98324
1.98634
1.98961
1.99302
1.99652
2.00007
2.00361
2.00711
2.01051
2.01375
2.01678
2.01955
2.02201
2.02412
2.02582
2.02709
2.02787
2.02815
2.02788
2.02706
2.02565
2.02366
2.02106
2.01786
2.01406
2.00967
2.00469
1.99915
1.99306
1.98644
1.97932
1.97174
1.96372
1.95531
1.94653
1.93743
1.92806
1.91846
1.90867
1.89874
1.88872
1.87866
1.8686
1.8586
1.8487
1.83895
1.8294
1.82009
1.81107
1.80239
1.79407
1.78616
1.7787
1.77172
1.76524
1.75929
1.75388
1.74904
1.74478
1.74109
1.73798
1.73544
1.73346
1.73202
1.7311
1.73066
1.73069
1.73112
1.73193
1.73307
1.73449
1.73613
1.73794
1.73987
1.74186
1.74386
1.7458
1.74765
1.74934
1.75084
1.7521
1.75308
1.75375
1.75408
1.75406
1.75366
1.75288
1.75173
1.75019
1.74829
1.74605
1.74349
1.74064
1.73754
1.73423
1.73076
1.72718
1.72354
1.7199
1.71632
1.71285
1.70956
1.70649
1.7037
1.70124
1.69916
1.69749
1.69626
1.6955
1.69523
1.69546
1.6962
1.69743
1.69914
1.70131
1.70391
1.70692
1.71028
1.71394
1.71787
1.722
1.72628
1.73064
1.73504
1.7394
1.74368
1.74782
1.75177
1.75548
1.7589
1.762
1.76475
1.76712
1.76908
1.77062
1.77174
1.77243
1.7727
1.77257
1.77203
1.77113
1.76989
1.76835
1.76654
1.7645
1.76229
1.75994
1.75752
1.75507
1.75264
1.75029
1.74808
1.74604
1.74422
1.74268
1.74144
1.74055
1.74003
1.73991
1.74022
1.74096
1.74214
1.74376
1.74583
1.74832
1.75123
1.75454
1.75822
1.76225
1.76658
1.77119
1.77603
1.78107
1.78627
1.79158
1.79695
1.80236
1.80774
1.81307
1.81831
1.8234
1.82832
1.83303
1.83749
1.84168
1.84557
1.84912
1.85232
1.85514
1.85755
1.85955
1.86112
1.86223
1.86288
1.86305
1.86274
1.86193
1.86062
1.85881
1.85648
1.85363
1.85027
1.84639
1.84198
1.83706
1.83162
1.82567
1.81921
1.81225
1.80479
1.79684
1.78842
1.77952
1.77018
1.7604
1.75019
1.73958
1.72858
1.71722
1.70552
1.6935
1.68119
1.66861
1.65581
1.64281
1.62964
1.61633
1.60293
1.58947
1.57599
1.56253
1.54912
1.53582
1.52265
1.50967
1.49692
1.48443
1.47226
1.46043
1.449
1.43799
1.42745
1.41742
1.40793
1.39901
1.3907
1.38301
1.37598
1.36963
1.36399
1.35905
1.35485
1.35138
1.34867
1.3467
1.34549
1.34502
1.3453
1.34631
1.34805
1.3505
1.35364
1.35746
1.36194
1.36706
1.37279
1.37911
1.386
1.39343
1.40138
1.40982
1.41873
1.42808
1.43784
1.44799
1.45851
1.46937
1.48055
1.49202
1.50377
1.51576
1.52799
1.54043
1.55305
1.56584
1.57878
1.59185
1.60503
1.61829
1.63162
1.64501
1.65842
1.67184
1.68524
1.69862
1.71194
1.72518
1.73832
1.75134
1.76422
1.77693
1.78944
1.80174
1.8138
1.8256
1.83711
1.8483
1.85916
1.86966
1.87978
1.88949
1.89877
1.90761
1.91598
1.92387
1.93125
1.93811
1.94444
1.95023
1.95545
1.96011
1.9642
1.9677
1.97062
1.97295
1.97469
1.97585
1.97643
1.97643
1.97585
1.97472
1.97304
1.97082
1.96807
1.96481
1.96106
1.95682
1.95213
1.94698
1.94142
1.93544
1.92907
1.92233
1.91524
1.90781
1.90007
1.89202
1.88369
1.87508
1.86622
1.85711
1.84777
1.83821
1.82843
1.81844
1.80826
1.79789
1.78732
1.77658
1.76565
1.75456
1.74328
1.73184
1.72023
1.70846
1.69653
1.68444
1.6722
1.65982
1.64731
1.63467
1.62192
1.60907
1.59613
1.58313
1.57009
1.55703
1.54397
1.53095
1.51799
1.50514
1.49242
1.47988
1.46755
1.45549
1.44374
1.43234
1.42135
1.41081
1.40077
1.39128
1.38239
1.37414
1.36658
1.35976
1.35371
1.34846
1.34404
1.34049
1.33782
1.33604
1.33517
1.3352
1.33613
1.33796
1.34066
1.34421
1.34858
1.35374
1.35964
1.36626
1.37353
1.3814
1.38983
1.39876
1.40813
1.41788
1.42796
1.4383
1.44884
1.45954
1.47033
1.48117
1.49199
1.50276
1.51342
1.52393
1.53425
1.54435
1.55418
1.56372
1.57295
1.58183
1.59034
1.59848
1.60623
1.61357
1.6205
1.62701
1.63312
1.63881
1.64409
1.64898
1.65348
1.6576
1.66136
1.66478
1.66788
1.67067
1.67317
1.67541
1.67741
1.6792
1.68078
1.68219
1.68344
1.68456
1.68557
1.68648
1.68731
1.68807
1.68878
1.68944
1.69007
1.69066
1.69122
1.69176
1.69226
1.69272
1.69314
1.69351
1.69381
1.69403
1.69415
1.69417
1.69405
1.69379
1.69336
1.69274
1.69192
1.69087
1.68957
1.68802
1.68618
1.68405
1.68161
1.67885
1.67576
1.67234
1.66858
1.66448
1.66004
1.65526
1.65016
1.64473
1.63901
1.633
1.62672
1.62019
1.61344
1.60649
1.59938
1.59212
1.58477
1.57734
1.56988
1.56241
1.55498
1.54762
1.54036
1.53324
1.52628
1.51952
1.51299
1.50672
1.50071
1.49501
1.48961
1.48455
1.47981
1.47542
1.47137
1.46767
1.4643
1.46126
1.45855
1.45613
1.454
1.45214
1.45053
1.44914
1.44795
1.44694
1.44608
1.44534
1.44471
1.44415
1.44364
1.44317
1.44272
1.44225
1.44177
1.44126
1.4407
1.44009
1.43943
1.43871
1.43792
1.43709
1.4362
1.43526
1.4343
1.43331
1.43232
1.43133
1.43037
1.42946
1.4286
1.42783
1.42717
1.42662
1.42622
1.42598
1.42592
1.42606
1.42641
1.42698
1.42779
1.42885
1.43016
1.43173
1.43356
1.43565
1.43801
1.44062
1.44348
1.44657
1.4499
1.45343
1.45717
1.46109
1.46517
1.46939
1.47374
1.47819
1.48272
1.48731
1.49193
1.49657
1.50121
1.50582
1.51038
1.51488
1.5193
1.52362
1.52783
1.53192
1.53587
1.53967
1.54332
1.54682
1.55014
1.55331
1.5563
1.55913
1.56179
1.56429
1.56664
1.56884
1.5709
1.57282
1.57462
1.5763
1.57789
1.57938
1.58079
1.58213
1.58342
1.58466
1.58586
1.58704
1.5882
1.58935
1.59051
1.59167
1.59285
1.59405
1.59526
1.59651
1.59777
1.59906
1.60037
1.60171
1.60305
1.60441
1.60577
1.60712
1.60846
1.60977
1.61106
1.61229
1.61348
1.61459
1.61563
1.61657
1.61741
1.61813
1.61873
1.61919
1.6195
1.61965
1.61963
1.61943
1.61905
1.61847
1.61769
1.61671
1.61552
1.61412
1.6125
1.61068
1.60863
1.60638
1.60391
1.60124
1.59836
1.59529
1.59202
1.58857
1.58494
1.58115
1.57719
1.57309
1.56884
1.56447
1.55997
1.55536
1.55066
1.54587
1.541
1.53606
1.53107
1.52603
1.52095
1.51585
1.51073
1.5056
1.50047
1.49535
1.49024
1.48515
1.48008
1.47505
1.47006
1.4651
1.46019
1.45533
1.45052
1.44577
1.44107
1.43643
1.43185
1.42734
1.42288
1.4185
1.41418
1.40993
1.40574
1.40163
1.39758
1.39361
1.38972
1.3859
1.38215
1.37849
1.3749
1.37141
1.368
1.36468
1.36145
1.35833
1.3553
1.35238
1.34958
1.34689
1.34432
1.34187
1.33957
1.3374
1.33537
1.3335
1.33178
1.33023
1.32884
1.32763
1.32661
1.32576
1.32512
1.32467
1.32442
1.32438
1.32455
1.32493
1.32553
1.32635
1.32738
1.32864
1.33011
1.33179
1.33369
1.3358
1.33811
1.34062
1.34333
1.34621
1.34927
1.3525
1.35588
1.3594
1.36306
1.36683
1.3707
1.37466
1.37869
1.38278
1.38691
1.39107
1.39523
1.39938
1.40351
1.4076
1.41163
1.41558
1.41944
1.4232
1.42684
1.43034
1.4337
1.43689
1.43992
1.44276
1.4454
1.44785
1.45009
1.45211
1.4539
1.45547
1.45681
1.45792
1.45879
1.45943
1.45983
1.46001
1.45995
1.45966
1.45915
1.45843
1.45749
1.45636
1.45502
1.4535
1.45179
1.44992
1.44789
1.4457
1.44337
1.44091
1.43833
1.43564
1.43284
1.42996
1.42699
1.42395
1.42084
1.41768
1.41447
1.41122
1.40794
1.40464
1.40131
1.39797
1.39462
1.39126
1.38791
1.38455
1.3812
1.37787
1.37454
1.37122
1.36792
1.36463
1.36136
1.35811
1.35488
1.35167
1.34849
1.34533
1.3422
1.33909
1.33602
1.33299
1.33
1.32705
1.32416
1.32132
1.31855
1.31585
1.31323
1.3107
1.30827
1.30594
1.30374
1.30166
1.29973
1.29795
1.29634
1.29491
1.29366
1.29262
1.2918
1.2912
1.29084
1.29073
1.29088
1.29129
1.29198
1.29295
1.29421
1.29576
1.29761
1.29975
1.30218
1.30492
1.30794
1.31125
1.31484
1.3187
1.32282
1.3272
1.33181
1.33666
1.34171
1.34697
1.3524
1.358
1.36375
1.36963
1.37562
1.38169
1.38785
1.39405
1.4003
1.40656
1.41282
1.41906
1.42527
1.43143
1.43752
1.44353
1.44944
1.45525
1.46093
1.46648
1.47189
1.47714
1.48223
1.48714
1.49188
1.49642
1.50078
1.50493
1.50888
1.51263
1.51616
1.51947
1.52256
1.52543
1.52807
1.53048
1.53266
1.53461
1.53631
1.53778
1.53901
1.53998
1.54071
1.54119
1.54142
1.54138
1.54108
1.54052
1.53969
1.53858
1.5372
1.53553
1.53358
1.53135
1.52881
1.52598
1.52286
1.51942
1.51569
1.51164
1.50729
1.50263
1.49766
1.49237
1.48678
1.48089
1.47469
1.46819
1.4614
1.45432
1.44696
1.43934
1.43145
1.42331
1.41494
1.40635
1.39755
1.38857
1.37941
1.3701
1.36066
1.35112
1.34149
1.3318
1.32208
1.31236
1.30265
1.293
1.28342
1.27395
1.26463
1.25547
1.24651
1.23778
1.22932
1.22114
1.21328
1.20577
1.19864
1.1919
1.18559
1.17972
1.17431
1.16939
1.16497
1.16106
1.15767
1.15481
1.15248
1.15069
1.14944
1.14872
1.14852
1.14885
1.14968
1.151
1.1528
1.15506
1.15776
1.16088
1.1644
1.16829
1.17253
1.17709
1.18195
1.18708
1.19246
1.19805
1.20384
1.2098
1.2159
1.22212
1.22843
1.23481
1.24124
1.2477
1.25417
1.26062
1.26704
1.27341
1.27972
1.28594
1.29206
1.29808
1.30397
1.30972
1.31532
1.32077
1.32604
1.33114
1.33605
1.34076
1.34527
1.34957
1.35365
1.35751
1.36114
1.36453
1.36769
1.37061
1.37327
1.37569
1.37785
1.37976
1.38141
1.38279
1.38391
1.38477
1.38535
1.38568
1.38573
1.38552
1.38504
1.3843
1.38329
1.38202
1.38049
1.37871
1.37667
1.37439
1.37187
1.36911
1.36611
1.3629
1.35947
1.35584
1.35201
1.34799
1.34379
1.33944
1.33493
1.33028
1.3255
1.32062
1.31564
1.31057
1.30545
1.30028
1.29508
1.28987
1.28466
1.27949
1.27435
1.26928
1.2643
1.25941
1.25465
1.25002
1.24556
1.24127
1.23717
1.23329
1.22964
1.22622
1.22307
1.22018
1.21758
1.21527
1.21326
1.21156
1.21018
1.20913
1.2084
1.20799
1.20792
1.20817
1.20874
1.20963
1.21083
1.21234
1.21414
1.21622
1.21858
1.2212
1.22405
1.22714
1.23044
1.23393
1.23761
1.24144
1.24541
1.2495
1.25369
1.25797
1.26231
1.26669
1.2711
1.27551
1.27991
1.28428
1.2886
1.29285
1.29702
1.30109
1.30506
1.30889
1.31258
1.31612
1.3195
1.3227
1.32571
1.32853
1.33115
1.33356
1.33575
1.33772
1.33946
1.34098
1.34226
1.34331
1.34413
1.34471
1.34506
1.34518
1.34507
1.34473
1.34417
1.3434
1.34242
1.34123
1.33984
1.33827
1.33651
1.33458
1.33249
1.33024
1.32785
1.32533
1.32269
1.31993
1.31708
1.31414
1.31113
1.30806
1.30495
1.3018
1.29863
1.29545
1.29228
1.28914
1.28602
1.28296
1.27996
1.27703
1.2742
1.27147
1.26885
1.26636
1.26402
1.26183
1.2598
1.25795
1.25629
1.25482
1.25357
1.25252
1.25171
1.25112
1.25077
1.25067
1.25082
1.25122
1.25187
1.25278
1.25395
1.25538
1.25706
1.259
1.26119
1.26363
1.26631
1.26922
1.27235
1.27571
1.27927
1.28302
1.28696
1.29106
1.29533
1.29973
1.30426
1.3089
1.31363
1.31844
1.3233
1.3282
1.33312
1.33804
1.34294
1.3478
1.3526
1.35733
1.36195
1.36646
1.37082
1.37504
1.37907
1.38291
1.38654
1.38994
1.39309
1.39598
1.39859
1.4009
1.40291
1.40459
1.40594
1.40695
1.40759
1.40787
1.40777
1.40729
1.40641
1.40514
1.40346
1.40137
1.39888
1.39597
1.39264
1.38891
1.38476
1.38019
1.37522
1.36985
1.36408
1.35791
1.35136
1.34443
1.33714
1.32948
1.32148
1.31314
1.30447
1.2955
1.28623
1.27669
1.26688
1.25682
1.24654
1.23604
1.22536
1.21451
1.20352
1.1924
1.18118
1.16988
1.15853
1.14715
1.13577
1.12442
1.11313
1.10192
1.09082
1.07987
1.06909
1.05852
1.04819
1.03813
1.02838
1.01896
1.00991
1.00127
0.993065
0.985328
0.978092
0.971388
0.965245
0.959693
0.954757
0.950462
0.946833
0.943888
0.941645
0.94012
0.939324
0.939265
0.939949
0.941378
0.943549
0.946458
0.950096
0.95445
0.959505
0.965242
0.971641
0.978677
0.986323
0.994551
1.00333
1.01262
1.0224
1.03263
1.04327
1.05429
1.06564
1.07729
1.0892
1.10134
1.11366
1.12614
1.13872
1.15138
1.16408
1.17679
1.18947
1.20209
1.21462
1.22702
1.23927
1.25134
1.2632
1.27483
1.2862
1.29728
1.30805
1.3185
1.3286
1.33834
1.34768
1.35663
1.36516
1.37326
1.38092
1.38812
1.39486
1.40113
1.40691
1.41221
1.41701
1.42131
1.42512
1.42842
1.43121
1.4335
1.43528
1.43656
1.43734
1.43763
1.43742
1.43673
1.43556
1.43391
1.4318
1.42923
1.42622
1.42277
1.4189
1.4146
1.40991
1.40482
1.39935
1.39352
1.38734
1.38082
1.37397
1.36682
1.35937
1.35165
1.34367
1.33544
1.32699
1.31832
1.30946
1.30043
1.29123
1.2819
1.27245
1.2629
1.25326
1.24357
1.23383
1.22406
1.2143
1.20455
1.19484
1.1852
1.17563
1.16617
1.15683
1.14765
1.13862
1.12979
1.12118
1.11279
1.10467
1.09681
1.08926
1.08202
1.07512
1.06858
1.06241
1.05663
1.05126
1.04632
1.0418
1.03774
1.03413
1.03099
1.02833
1.02614
1.02444
1.02322
1.02248
1.02222
1.02244
1.02313
1.02428
1.02588
1.02791
1.03037
1.03323
1.03649
1.04011
1.04409
1.04839
1.05301
1.05791
1.06307
1.06847
1.07408
1.07989
1.08585
1.09196
1.09819
1.10451
1.11089
1.11733
1.12378
1.13024
1.13667
1.14307
1.1494
1.15566
1.16182
1.16786
1.17378
1.17955
1.18516
1.19059
1.19585
1.20091
1.20576
1.2104
1.21481
1.219
1.22295
1.22666
1.23012
1.23333
1.23629
1.239
1.24144
1.24364
1.24557
1.24725
1.24867
1.24985
1.25077
1.25145
1.25188
1.25208
1.25204
1.25177
1.25128
1.25057
1.24965
1.24852
1.2472
1.24569
1.24399
1.24211
1.24006
1.23786
1.2355
1.23299
1.23035
1.22758
1.2247
1.2217
1.2186
1.21541
1.21214
1.20879
1.20538
1.20192
1.19841
1.19486
1.19129
1.18771
1.18412
1.18054
1.17698
1.17344
1.16993
1.16648
1.16307
1.15974
1.15648
1.15331
1.15023
1.14726
1.1444
1.14166
1.13905
1.13658
1.13426
1.13209
1.13008
1.12824
1.12656
1.12506
1.12374
1.1226
1.12164
1.12086
1.12027
1.11987
1.11965
1.11961
1.11975
1.12006
1.12055
1.12119
1.122
1.12296
1.12406
1.12529
1.12665
1.12813
1.12971
1.13139
1.13315
1.13499
1.13688
1.13883
1.14081
1.14282
1.14483
1.14685
1.14886
1.15085
1.1528
1.1547
1.15655
1.15832
1.16002
1.16164
1.16316
1.16457
1.16587
1.16705
1.16811
1.16903
1.16982
1.17046
1.17097
1.17132
1.17153
1.17158
1.17149
1.17124
1.17085
1.17031
1.16963
1.1688
1.16784
1.16675
1.16553
1.16419
1.16273
1.16117
1.15952
1.15777
1.15594
1.15404
1.15207
1.15006
1.148
1.14591
1.1438
1.14168
1.13955
1.13744
1.13535
1.1333
1.13128
1.12932
1.12743
1.1256
1.12386
1.12221
1.12067
1.11923
1.11792
1.11672
1.11567
1.11475
1.11397
1.11334
1.11287
1.11256
1.11241
1.11243
1.11261
1.11296
1.11348
1.11417
1.11503
1.11606
1.11725
1.1186
1.12012
1.12179
1.12362
1.12559
1.12771
1.12996
1.13235
1.13487
1.1375
1.14024
1.14309
1.14603
1.14907
1.15218
1.15536
1.15861
1.16191
1.16525
1.16863
1.17203
1.17545
1.17887
1.18229
1.1857
1.18908
1.19242
1.19573
1.19897
1.20216
1.20527
1.2083
1.21123
1.21407
1.21679
1.21939
1.22186
1.22419
1.22638
1.22841
1.23028
1.23197
1.23349
1.23482
1.23596
1.2369
1.23764
1.23817
1.23848
1.23857
1.23844
1.23808
1.23748
1.23666
1.23559
1.23429
1.23275
1.23096
1.22894
1.22667
1.22417
1.22142
1.21844
1.21523
1.21179
1.20812
1.20422
1.20011
1.19579
1.19127
1.18654
1.18163
1.17653
1.17126
1.16582
1.16023
1.15449
1.14862
1.14263
1.13652
1.13032
1.12403
1.11767
1.11124
1.10478
1.09828
1.09177
1.08526
1.07877
1.0723
1.06589
1.05953
1.05326
1.04708
1.04101
1.03507
1.02928
1.02365
1.01819
1.01292
1.00786
1.00302
0.998423
0.994071
0.989982
0.986168
0.982642
0.979413
0.976493
0.973891
0.971614
0.96967
0.968065
0.966805
0.965893
0.965333
0.965126
0.965272
0.965771
0.966622
0.967822
0.969366
0.971251
0.973468
0.976013
0.978876
0.98205
0.985523
0.989287
0.993328
0.997636
1.0022
1.007
1.01203
1.01728
1.02272
1.02835
1.03415
1.0401
1.0462
1.05242
1.05874
1.06517
1.07167
1.07824
1.08485
1.0915
1.09818
1.10485
1.11152
1.11817
1.12479
1.13135
1.13786
1.14429
1.15064
1.1569
1.16304
1.16907
1.17497
1.18073
1.18634
1.19179
1.19708
1.2022
1.20714
1.21188
1.21643
1.22079
1.22493
1.22886
1.23257
1.23606
1.23933
1.24236
1.24517
1.24774
1.25007
1.25216
1.25401
1.25563
1.257
1.25813
1.25902
1.25967
1.26008
1.26026
1.2602
1.25991
1.25939
1.25865
1.25768
1.2565
1.2551
1.2535
1.25169
1.24968
1.24748
1.2451
1.24253
1.23979
1.23689
1.23382
1.2306
1.22724
1.22374
1.22011
1.21636
1.2125
1.20853
1.20447
1.20032
1.19609
1.1918
1.18745
1.18304
1.1786
1.17413
1.16964
1.16513
1.16063
1.15613
1.15165
1.1472
1.14278
1.13841
1.1341
1.12986
1.12569
1.1216
1.11761
1.11371
1.10993
1.10627
1.10274
1.09934
1.09608
1.09297
1.09002
1.08724
1.08462
1.08218
1.07992
1.07784
1.07596
1.07426
1.07277
1.07147
1.07038
1.06949
1.0688
1.06832
1.06805
1.06798
1.06811
1.06844
1.06898
1.06971
1.07063
1.07174
1.07303
1.07451
1.07615
1.07797
1.07994
1.08206
1.08434
1.08674
1.08928
1.09194
1.09472
1.09759
1.10056
1.10362
1.10675
1.10994
1.1132
1.11649
1.11983
1.12319
1.12657
1.12995
1.13333
1.1367
1.14004
1.14336
1.14663
1.14986
1.15302
1.15612
1.15915
1.16209
1.16494
1.1677
1.17035
1.17288
1.1753
1.1776
1.17976
1.18179
1.18368
1.18542
1.18702
1.18845
1.18973
1.19085
1.19181
1.1926
1.19322
1.19367
1.19394
1.19405
1.19397
1.19373
1.19331
1.19271
1.19194
1.19099
1.18987
1.18858
1.18712
1.1855
1.1837
1.18175
1.17964
1.17737
1.17495
1.17238
1.16967
1.16682
1.16383
1.16071
1.15747
1.15411
1.15063
1.14705
1.14337
1.13959
1.13572
1.13178
1.12776
1.12367
1.11952
1.11532
1.11108
1.1068
1.10249
1.09816
1.09382
1.08947
1.08513
1.0808
1.0765
1.07222
1.06798
1.06379
1.05965
1.05557
1.05156
1.04763
1.04379
1.04004
1.03639
1.03284
1.02941
1.0261
1.02292
1.01986
1.01695
1.01417
1.01154
1.00906
1.00674
1.00457
1.00256
1.00071
0.99902
0.997497
0.996138
0.994944
0.993914
0.993048
0.992343
0.991799
0.991412
0.99118
0.9911
0.991169
0.991382
0.991736
0.992226
0.992846
0.993592
0.994459
0.995441
0.996532
0.997726
0.999017
1.0004
1.00187
1.00341
1.00503
1.00672
1.00846
1.01026
1.01211
1.014
1.01593
1.01788
1.01986
1.02186
1.02388
1.0259
1.02793
1.02996
1.03198
1.03399
1.03599
1.03797
1.03993
1.04187
1.04378
1.04566
1.0475
1.04931
1.05109
1.05282
1.05451
1.05615
1.05775
1.05931
1.06081
1.06227
1.06368
1.06504
1.06635
1.06761
1.06882
1.06998
1.0711
1.07216
1.07318
1.07414
1.07507
1.07595
1.07679
1.07758
1.07834
1.07905
1.07974
1.08039
1.081
1.08159
1.08215
1.08269
1.08321
1.0837
1.08418
1.08465
1.08511
1.08556
1.08601
1.08645
1.0869
1.08734
1.0878
1.08827
1.08875
1.08924
1.08976
1.09029
1.09085
1.09144
1.09205
1.09269
1.09337
1.09407
1.09482
1.0956
1.09641
1.09727
1.09816
1.0991
1.10007
1.10109
1.10214
1.10323
1.10436
1.10552
1.10672
1.10796
1.10922
1.11052
1.11184
1.11318
1.11455
1.11593
1.11733
1.11874
1.12016
1.12158
1.123
1.12442
1.12583
1.12723
1.12861
1.12996
1.1313
1.1326
1.13386
1.13509
1.13627
1.1374
1.13849
1.13951
1.14047
1.14137
1.1422
1.14295
1.14363
1.14423
1.14475
1.14518
1.14552
1.14577
1.14593
1.14599
1.14595
1.14581
1.14557
1.14523
1.14478
1.14424
1.14358
1.14282
1.14196
1.14099
1.13992
1.13874
1.13746
1.13608
1.1346
1.13303
1.13135
1.12959
1.12773
1.12578
1.12375
1.12163
1.11944
1.11716
1.11482
1.1124
1.10992
1.10737
1.10476
1.1021
1.09939
1.09664
1.09384
1.091
1.08814
1.08524
1.08232
1.07938
1.07642
1.07346
1.07049
1.06751
1.06455
1.06159
1.05864
1.05571
1.0528
1.04992
1.04726
1.04417
1.04136
1.03858
1.03585
1.03317
1.03055
1.02799
1.0255
1.02307
1.02071
1.01842
1.0162
1.01405
1.01197
1.00997
1.00804
1.00619
1.00442
1.00272
1.0011
0.999561
0.998098
0.996712
0.995403
0.99417
0.993011
0.991925
0.99091
0.989964
0.989084
0.988269
0.987515
0.986821
0.986181
0.985595
0.985058
0.984566
0.984116
0.983705
0.983329
0.982984
0.982665
0.98237
0.982093
0.981831
0.981581
0.981337
0.981097
0.980856
0.98061
0.980357
0.980092
0.979813
0.979517
0.9792
0.97886
0.978494
0.978101
0.977678
0.977223
0.976736
0.976214
0.975657
0.975065
0.974436
0.97377
0.973068
0.97233
0.971557
0.970749
0.969907
0.969034
0.968131
0.9672
0.966243
0.965262
0.964262
0.963244
0.962211
0.961168
0.960118
0.959065
0.958013
0.956966
0.955929
0.954907
0.953903
0.952923
0.951972
0.951054
0.950175
0.94934
0.948553
0.947821
0.947147
0.946538
0.945997
0.94553
0.945141
0.944836
0.944618
0.944492
0.944461
0.944531
0.944705
0.944985
0.945376
0.945879
0.946499
0.947236
0.948093
0.949072
0.950174
0.9514
0.95275
0.954225
0.955825
0.95755
0.959398
0.961368
0.963459
0.965669
0.967996
0.970437
0.97299
0.975651
0.978417
0.981283
0.984246
0.987302
0.990445
0.993671
0.996975
1.00035
1.00379
1.0073
1.01085
1.01446
1.01811
1.02179
1.02551
1.02924
1.03299
1.03675
1.04051
1.04427
1.04801
1.05173
1.05543
1.05909
1.06271
1.06628
1.0698
1.07326
1.07664
1.07995
1.08318
1.08632
1.08937
1.09231
1.09514
1.09787
1.10047
1.10294
1.10529
1.1075
1.10958
1.1115
1.11328
1.11491
1.11638
1.11769
1.11883
1.11981
1.12062
1.12126
1.12173
1.12202
1.12213
1.12207
1.12183
1.12142
1.12083
1.12006
1.11911
1.11799
1.11669
1.11523
1.11359
1.11179
1.10983
1.1077
1.10542
1.10299
1.10041
1.09768
1.09482
1.09182
1.0887
1.08546
1.0821
1.07863
1.07506
1.07139
1.06764
1.06381
1.0599
1.05594
1.05192
1.04785
1.04374
1.03961
1.03546
1.03129
1.02713
1.02298
1.01884
1.01473
1.01066
1.00664
1.00268
0.998786
0.994969
0.99124
0.987608
0.984083
0.980674
0.97739
0.974241
0.971235
0.96838
0.965686
0.963159
0.960808
0.958639
0.956659
0.954875
0.953292
0.951915
0.950749
0.949799
0.949067
0.948557
0.948271
0.948211
0.948378
0.948772
0.949393
0.950241
0.951312
0.952606
0.954119
0.955848
0.957789
0.959937
0.962286
0.96483
0.967564
0.97048
0.97357
0.976827
0.980242
0.983807
0.987512
0.991348
0.995304
0.999372
1.00354
1.0078
1.01214
1.01654
1.02101
1.02552
1.03007
1.03464
1.03923
1.04381
1.04839
1.05296
1.05749
1.06198
1.06642
1.0708
1.07511
1.07933
1.08347
1.08751
1.09143
1.09524
1.09892
1.10246
1.10586
1.10911
1.1122
1.11512
1.11786
1.12043
1.12281
1.125
1.12699
1.12877
1.13034
1.13171
1.13285
1.13377
1.13447
1.13493
1.13517
1.13517
1.13493
1.13446
1.13374
1.13278
1.13158
1.13014
1.12845
1.12652
1.12434
1.12193
1.11927
1.11637
1.11323
1.10986
1.10625
1.10241
1.09834
1.09405
1.08953
1.0848
1.07985
1.07469
1.06933
1.06376
1.05801
1.05206
1.04593
1.03962
1.03315
1.02651
1.01971
1.01277
1.00568
0.998461
0.991116
0.983655
0.976087
0.96842
0.960664
0.952829
0.944925
0.936962
0.928951
0.920903
0.912828
0.90474
0.896648
0.888566
0.880505
0.872478
0.864498
0.856578
0.848732
0.840972
0.833312
0.825766
0.818348
0.811073
0.803953
0.797004
0.790239
0.783672
0.777317
0.771189
0.7653
0.759664
0.754295
0.749203
0.744403
0.739904
0.735719
0.731858
0.728329
0.725143
0.722306
0.719827
0.71771
0.715962
0.714585
0.713584
0.712959
0.712712
0.712842
0.713348
0.714227
0.715475
0.717088
0.71906
0.721385
0.724055
0.727062
0.730397
0.73405
0.738011
0.742269
0.746813
0.751631
0.756711
0.762041
0.767607
0.773399
0.779402
0.785604
0.791992
0.798553
0.805275
0.812145
0.819151
0.826281
0.833522
0.840863
0.848291
0.855796
0.863367
0.870992
0.878662
0.886365
0.894092
0.901832
0.909577
0.917317
0.925042
0.932745
0.940416
0.948047
0.95563
0.963158
0.970622
0.978015
0.98533
0.992561
0.999699
1.00674
1.01367
1.0205
1.02721
1.03379
1.04024
1.04657
1.05275
1.05878
1.06467
1.0704
1.07598
1.08138
1.08663
1.09169
1.09658
1.10129
1.10582
1.11016
1.1143
1.11825
1.12201
1.12556
1.1289
1.13204
1.13497
1.13769
1.1402
1.14249
1.14456
1.14641
1.14804
1.14945
1.15063
1.15159
1.15232
1.15283
1.15311
1.15316
1.15299
1.15259
1.15196
1.15111
1.15002
1.14872
1.14719
1.14544
1.14346
1.14127
1.13885
1.13622
1.13338
1.13032
1.12706
1.12359
1.11992
1.11604
1.11197
1.10771
1.10325
1.09861
1.09379
1.0888
1.08363
1.07829
1.07279
1.06714
1.06133
1.05538
1.04928
1.04306
1.0367
1.03023
1.02364
1.01695
1.01015
1.00327
0.996301
0.989256
0.982144
0.974973
0.967751
0.960489
0.953194
0.945877
0.938547
0.931215
0.92389
0.916582
0.909303
0.902063
0.894872
0.887743
0.880687
0.873715
0.866838
0.860068
0.853417
0.846897
0.84052
0.834297
0.82824
0.822361
0.816671
0.811182
0.805905
0.800851
0.796029
0.791452
0.787128
0.783066
0.779276
0.775765
0.772541
0.769612
0.766982
0.764658
0.762644
0.760944
0.75956
0.758494
0.757749
0.757322
0.757215
0.757424
0.757947
0.758781
0.759921
0.761361
0.763096
0.765118
0.76742
0.769994
0.772829
0.775917
0.779248
0.782811
0.786594
0.790586
0.794776
0.799151
0.8037
0.808409
0.813267
0.818261
0.823377
0.828605
0.83393
0.83934
0.844824
0.850368
0.855962
0.861592
0.867247
0.872916
0.878587
0.884249
0.889892
0.895505
0.901078
0.9066
0.912062
0.917455
0.922769
0.927996
0.933126
0.938152
0.943065
0.947858
0.952524
0.957054
0.961442
0.965682
0.969767
0.97369
0.977447
0.981031
0.984437
0.98766
0.990695
0.993538
0.996184
0.998629
1.00087
1.0029
1.00472
1.00633
1.00772
1.00888
1.00983
1.01055
1.01104
1.01131
1.01134
1.01115
1.01072
1.01006
1.00917
1.00805
1.00669
1.0051
1.00327
1.00122
0.998933
0.996418
0.993677
0.99071
0.987519
0.984107
0.980477
0.976631
0.972573
0.968307
0.963836
0.959164
0.954295
0.949235
0.943989
0.938561
0.932958
0.927186
0.92125
0.915158
0.908917
0.902534
0.896017
0.889374
0.882614
0.875745
0.868778
0.861721
0.854585
0.847381
0.840119
0.832811
0.825468
0.818104
0.810731
0.803361
0.796009
0.788688
0.781413
0.774199
0.76706
0.760013
0.753074
0.746258
0.739582
0.733063
0.726718
0.720564
0.714618
0.708897
0.703419
0.698201
0.693259
0.68861
0.684269
0.680254
0.676577
0.673255
0.670299
0.667722
0.665537
0.663752
0.662377
0.661419
0.660884
0.660778
0.661103
0.66186
0.663051
0.664673
0.666724
0.669198
0.672091
0.675393
0.679098
0.683194
0.687672
0.692517
0.697719
0.703261
0.709131
0.715313
0.721791
0.728548
0.735569
0.742836
0.750333
0.758042
0.765946
0.774029
0.782273
0.790662
0.799179
0.807808
0.816532
0.825336
0.834204
0.843121
0.852072
0.861042
0.870018
0.878985
0.887931
0.896841
0.905703
0.914506
0.923236
0.931883
0.940435
0.94888
0.95721
0.965413
0.97348
0.981401
0.989167
0.996769
1.0042
1.01145
1.01851
1.02538
1.03204
1.03849
1.04473
1.05075
1.05653
1.06208
1.0674
1.07247
1.07728
1.08185
1.08616
1.0902
1.09398
1.0975
1.10074
1.1037
1.10639
1.1088
1.11093
1.11277
1.11433
1.11561
1.1166
1.1173
1.11772
1.11785
1.11769
1.11725
1.11652
1.1155
1.11421
1.11263
1.11077
1.10864
1.10623
1.10354
1.10059
1.09737
1.09389
1.09015
1.08616
1.08191
1.07742
1.07269
1.06772
1.06252
1.0571
1.05145
1.0456
1.03954
1.03328
1.02682
1.02019
1.01337
1.00639
0.999245
0.991948
0.984508
0.976934
0.969236
0.961422
0.953504
0.94549
0.937393
0.929223
0.920991
0.912708
0.904387
0.896039
0.887677
0.879314
0.870961
0.862633
0.854342
0.846102
0.837926
0.82983
0.821825
0.813927
0.80615
0.798507
0.791014
0.783684
0.776532
0.76957
0.762814
0.756277
0.749971
0.743911
0.738108
0.732573
0.72732
0.722358
0.717697
0.713348
0.709317
0.705613
0.702242
0.69921
0.696521
0.694178
0.692185
0.690541
0.689248
0.688303
0.687705
0.687449
0.687532
0.687947
0.688688
0.689748
0.691117
0.692787
0.694747
0.696986
0.699493
0.702256
0.705262
0.708499
0.711953
0.715611
0.719459
0.723485
0.727673
0.732011
0.736485
0.741082
0.745788
0.750589
0.755475
0.760431
0.765445
0.770507
0.775603
0.780724
0.785857
0.790993
0.796122
0.801235
0.806321
0.811372
0.816379
0.821336
0.826234
0.831065
0.835824
0.840503
0.845097
0.849601
0.854008
0.858314
0.862515
0.866606
0.870584
0.874445
0.878185
0.881803
0.885295
0.888659
0.891894
0.894997
0.897968
0.900805
0.903507
0.906074
0.908506
0.910802
0.912963
0.914989
0.91688
0.918637
0.920262
0.921755
0.923118
0.924352
0.925459
0.926441
0.927299
0.928036
0.928655
0.929156
0.929544
0.929821
0.929989
0.93005
0.930009
0.929868
0.92963
0.929298
0.928875
0.928365
0.927771
0.927095
0.926342
0.925514
0.924616
0.923649
0.922619
0.921527
0.920378
0.919174
0.917919
0.916616
0.915268
0.913878
0.91245
0.910987
0.909491
0.907965
0.906412
0.904835
0.903237
0.90162
0.899987
0.898339
0.89668
0.895012
0.893337
0.891656
0.889972
0.888287
0.886603
0.884921
0.883242
0.881569
0.879902
0.878244
0.876595
0.874956
0.873328
0.871714
0.870112
0.868526
0.866954
0.865398
0.863859
0.862337
0.860833
0.859347
0.85788
0.856433
0.855006
0.853599
0.852214
0.850849
0.849507
0.848186
0.846889
0.845614
0.844363
0.843137
0.841935
0.840759
0.839608
0.838484
0.837387
0.836318
0.835278
0.834267
0.833287
0.832337
0.83142
0.830536
0.829687
0.828872
0.828094
0.827353
0.826651
0.82599
0.825369
0.824791
0.824257
0.823768
0.823326
0.822932
0.822587
0.822293
0.822052
0.821863
0.82173
0.821653
0.821633
0.821672
0.821771
0.82193
0.822152
0.822437
0.822785
0.823198
0.823677
0.824222
0.824833
0.82551
0.826255
0.827067
0.827946
0.828892
0.829905
0.830983
0.832127
0.833336
0.834608
0.835942
0.837338
0.838793
0.840306
0.841875
0.843498
0.845174
0.846898
0.84867
0.850486
0.852344
0.85424
0.856171
0.858135
0.860127
0.862144
0.864183
0.866239
0.868309
0.870389
0.872474
0.87456
0.876644
0.87872
0.880785
0.882833
0.884861
0.886864
0.888837
0.890776
0.892676
0.894532
0.896341
0.898097
0.899796
0.901434
0.903006
0.904508
0.905935
0.907284
0.90855
0.909729
0.910818
0.911813
0.91271
0.913505
0.914195
0.914777
0.915248
0.915605
0.915845
0.915965
0.915963
0.915837
0.915585
0.915205
0.914696
0.914055
0.913282
0.912375
0.911335
0.91016
0.90885
0.907405
0.905825
0.90411
0.902263
0.900282
0.898169
0.895927
0.893556
0.891058
0.888437
0.885693
0.88283
0.879852
0.87676
0.87356
0.870254
0.866847
0.863343
0.859748
0.856065
0.8523
0.848458
0.844546
0.840569
0.836533
0.832444
0.828311
0.824138
0.819934
0.815705
0.81146
0.807206
0.80295
0.798701
0.794468
0.790257
0.786078
0.781939
0.777848
0.773814
0.769846
0.765952
0.762141
0.758421
0.7548
0.751287
0.747889
0.744614
0.741471
0.738465
0.735605
0.732897
0.730347
0.727962
0.725746
0.723705
0.721843
0.720165
0.718674
0.717373
0.716264
0.715349
0.71463
0.714106
0.713779
0.713647
0.71371
0.713965
0.71441
0.715043
0.715859
0.716855
0.718026
0.719367
0.720873
0.722538
0.724355
0.726319
0.728421
0.730655
0.733014
0.735488
0.738072
0.740756
0.743533
0.746393
0.74933
0.752334
0.755397
0.758511
0.761668
0.76486
0.768078
0.771315
0.774562
0.777813
0.781061
0.784296
0.787514
0.790707
0.793868
0.796992
0.800072
0.803102
0.806078
0.808994
0.811845
0.814627
0.817334
0.819965
0.822513
0.824977
0.827354
0.829639
0.831831
0.833928
0.835928
0.837829
0.839629
0.841329
0.842926
0.844421
0.845813
0.847103
0.84829
0.849376
0.850361
0.851247
0.852034
0.852724
0.853319
0.853821
0.854232
0.854554
0.854791
0.854944
0.855017
0.855013
0.854934
0.854785
0.854569
0.854289
0.853948
0.853551
0.853102
0.852604
0.852061
0.851477
0.850855
0.850201
0.849517
0.848808
0.848077
0.847328
0.846565
0.845792
0.845011
0.844227
0.843442
0.84266
0.841884
0.841116
0.840359
0.839616
0.838888
0.838178
0.837488
0.836819
0.836172
0.835549
0.834951
0.834379
0.833831
0.83331
0.832815
0.832345
0.831901
0.83148
0.831083
0.830708
0.830353
0.830017
0.829698
0.829394
0.829102
0.82882
0.828545
0.828275
0.828007
0.827736
0.827461
0.827178
0.826883
0.826573
0.826245
0.825894
0.825517
0.82511
0.82467
0.824192
0.823674
0.823111
0.8225
0.821838
0.82112
0.820343
0.819505
0.818602
0.81763
0.816588
0.815472
0.81428
0.813009
0.811657
0.810222
0.808702
0.807096
0.805402
0.803619
0.801747
0.799784
0.797731
0.795586
0.793351
0.791026
0.788611
0.786108
0.783517
0.780841
0.778082
0.775242
0.772323
0.769328
0.766261
0.763125
0.759925
0.756664
0.753347
0.749979
0.746565
0.743111
0.739623
0.736107
0.732569
0.729017
0.725458
0.721899
0.718348
0.714813
0.711302
0.707824
0.704388
0.701002
0.697676
0.694419
0.691241
0.68815
0.685158
0.682272
0.679504
0.676862
0.674356
0.671995
0.669789
0.667747
0.665877
0.664188
0.662688
0.661385
0.660285
0.659396
0.658723
0.658273
0.65805
0.658059
0.658304
0.658787
0.65951
0.660476
0.661685
0.663136
0.66483
0.666765
0.668938
0.671346
0.673986
0.676854
0.679944
0.683251
0.686768
0.690489
0.694406
0.698512
0.702798
0.707255
0.711875
0.716649
0.721567
0.726618
0.731794
0.737083
0.742476
0.747962
0.753532
0.759173
0.764877
0.770633
0.77643
0.782258
0.788107
0.793967
0.799828
0.80568
0.811514
0.817321
0.82309
0.828814
0.834483
0.840088
0.845621
0.851075
0.856441
0.861711
0.866878
0.871934
0.876873
0.881688
0.886373
0.89092
0.895325
0.899581
0.903683
0.907625
0.911403
0.915011
0.918446
0.921703
0.924777
0.927665
0.930364
0.93287
0.935181
0.937292
0.939203
0.940909
0.94241
0.943703
0.944787
0.945661
0.946323
0.946771
0.947007
0.947028
0.946836
0.946429
0.945808
0.944974
0.943927
0.942668
0.941198
0.939519
0.937631
0.935537
0.93324
0.93074
0.92804
0.925143
0.922053
0.918771
0.915302
0.911648
0.907813
0.903802
0.899619
0.895267
0.890752
0.886078
0.881249
0.876273
0.871152
0.865895
0.860505
0.854989
0.849354
0.843605
0.83775
0.831795
0.825748
0.819615
0.813404
0.807123
0.800779
0.794381
0.787937
0.781455
0.774945
0.768414
0.761872
0.755328
0.748791
0.742271
0.735778
0.729321
0.72291
0.716556
0.710268
0.704056
0.697932
0.691904
0.685985
0.680183
0.674509
0.668974
0.663587
0.658359
0.6533
0.648418
0.643724
0.639227
0.634935
0.630858
0.627002
0.623376
0.619986
0.61684
0.613944
0.611301
0.608919
0.606799
0.604947
0.603364
0.602052
0.601012
0.600245
0.599751
0.599527
0.599573
0.599885
0.60046
0.601294
0.602382
0.603718
0.605298
0.607113
0.609158
0.611424
0.613904
0.61659
0.619472
0.622543
0.625792
0.629211
0.63279
0.63652
0.640391
0.644394
0.648519
0.652756
0.657096
0.661529
0.666047
0.67064
0.675299
0.680016
0.684781
0.689586
0.694424
0.699285
0.704163
0.709049
0.713936
0.718818
0.723686
0.728535
0.733358
0.738148
0.742901
0.747609
0.752267
0.756871
0.761414
0.765892
0.7703
0.774634
0.778888
0.78306
0.787145
0.79114
0.795039
0.798842
0.802543
0.80614
0.809629
0.813009
0.816277
0.819429
0.822464
0.825379
0.828173
0.830843
0.833388
0.835806
0.838095
0.840254
0.842281
0.844176
0.845938
0.847564
0.849055
0.85041
0.851628
0.852708
0.85365
0.854454
0.855119
0.855645
0.856032
0.85628
0.856389
0.85636
0.856192
0.855886
0.855443
0.854863
0.854146
0.853293
0.852306
0.851185
0.849931
0.848545
0.847028
0.845382
0.843607
0.841706
0.839681
0.837531
0.83526
0.83287
0.830361
0.827737
0.824999
0.82215
0.819192
0.816128
0.81296
0.809691
0.806324
0.802862
0.799308
0.795665
0.791937
0.788128
0.78424
0.780279
0.776247
0.77215
0.767991
0.763775
0.759506
0.755191
0.750832
0.746436
0.742008
0.737554
0.733078
0.728588
0.724089
0.719588
0.71509
0.710603
0.706133
0.701687
0.697273
0.692897
0.688568
0.684292
0.680078
0.675933
0.671865
0.667883
0.663994
0.660207
0.65653
0.652971
0.649538
0.64624
0.643085
0.640081
0.637236
0.634557
0.632053
0.62973
0.627596
0.625657
0.62392
0.62239
0.621075
0.619978
0.619105
0.618459
0.618046
0.617866
0.617924
0.618221
0.618758
0.619536
0.620555
0.621815
0.623314
0.62505
0.627022
0.629225
0.631656
0.634311
0.637184
0.640272
0.643567
0.647063
0.650754
0.654633
0.658692
0.662923
0.667318
0.671868
0.676566
0.681401
0.686366
0.69145
0.696645
0.701942
0.70733
0.712801
0.718344
0.723951
0.729612
0.735317
0.741057
0.746824
0.752607
0.758397
0.764186
0.769965
0.775724
0.781455
0.787151
0.792801
0.798399
0.803936
0.809404
0.814796
0.820103
0.825319
0.830436
0.835448
0.840346
0.845126
0.84978
0.854301
0.858684
0.862923
0.867011
0.870944
0.874715
0.87832
0.881754
0.885011
0.888087
0.890977
0.893677
0.896184
0.898492
0.900598
0.9025
0.904192
0.905672
0.906938
0.907986
0.908813
0.909418
0.909798
0.909951
0.909875
0.909569
0.909031
0.908259
0.907254
0.906014
0.904538
0.902826
0.900878
0.898695
0.896275
0.893619
0.890729
0.887605
0.884248
0.88066
0.876841
0.872794
0.868521
0.864023
0.859304
0.854366
0.849212
0.843845
0.838269
0.832486
0.826502
0.82032
0.813945
0.807381
0.800634
0.793708
0.78661
0.779344
0.771919
0.764339
0.756612
0.748744
0.740744
0.73262
0.724379
0.716029
0.707581
0.699043
0.690426
0.681739
0.672993
0.6642
0.65537
0.646517
0.637653
0.62879
0.619943
0.611125
0.602353
0.59364
0.585003
0.576458
0.568023
0.559714
0.55155
0.543551
0.535733
0.528118
0.520725
0.513575
0.506686
0.500081
0.493779
0.4878
0.482165
0.476892
0.472001
0.467508
0.463432
0.459786
0.456586
0.453843
0.451567
0.449766
0.448447
0.447614
0.447267
0.447405
0.448026
0.449123
0.450688
0.452712
0.455181
0.458083
0.461401
0.465119
0.469218
0.473679
0.478484
0.48361
0.489039
0.494747
0.500716
0.506923
0.513348
0.519972
0.526773
0.533732
0.540831
0.548051
0.555375
0.562785
0.570264
0.577798
0.585371
0.592969
0.600577
0.608182
0.615772
0.623335
0.630859
0.638333
0.645748
0.653093
0.660358
0.667536
0.674618
0.681596
0.688462
0.69521
0.701832
0.708324
0.714678
0.72089
0.726954
0.732866
0.738621
0.744215
0.749645
0.754906
0.759997
0.764913
0.769653
0.774214
0.778593
0.78279
0.786803
0.79063
0.79427
0.797723
0.800988
0.804065
0.806953
0.809653
0.812165
0.814489
0.816627
0.818579
0.820346
0.82193
0.823331
0.824553
0.825597
0.826464
0.827157
0.827679
0.828033
0.82822
0.828243
0.828107
0.827814
0.827367
0.826771
0.826028
0.825143
0.824119
0.822962
0.821674
0.820261
0.818726
0.817075
0.815312
0.813442
0.81147
0.809402
0.807241
0.804994
0.802666
0.800261
0.797787
0.795248
0.792649
0.789997
0.787297
0.784556
0.781778
0.778969
0.776136
0.773284
0.770419
0.767547
0.764674
0.761806
0.758947
0.756105
0.753284
0.75049
0.747729
0.745006
0.742326
0.739694
0.737117
0.734597
0.732141
0.729753
0.727437
0.725198
0.72304
0.720966
0.71898
0.717085
0.715286
0.713584
0.711983
0.710485
0.709092
0.707807
0.70663
0.705563
0.704608
0.703765
0.703036
0.702419
0.701916
0.701526
0.701248
0.701082
0.701028
0.701082
0.701246
0.701515
0.701889
0.702366
0.702942
0.703616
0.704385
0.705246
0.706195
0.70723
0.708348
0.709544
0.710815
0.712158
0.713569
0.715043
0.716578
0.718169
0.719811
0.721502
0.723236
0.725011
0.726821
0.728663
0.730532
0.732425
0.734338
0.736266
0.738206
0.740154
0.742105
0.744056
0.746004
0.747945
0.749874
0.75179
0.753687
0.755563
0.757415
0.759239
0.761032
0.762791
0.764513
0.766196
0.767836
0.769431
0.770978
0.772476
0.77392
0.775309
0.776642
0.777914
0.779126
0.780274
0.781357
0.782372
0.783319
0.784195
0.785
0.785731
0.786387
0.786967
0.787469
0.787893
0.788237
0.788501
0.788683
0.788783
0.7888
0.788733
0.788582
0.788346
0.788024
0.787617
0.787124
0.786544
0.785878
0.785125
0.784285
0.783359
0.782347
0.781248
0.780063
0.778792
0.777436
0.775995
0.77447
0.772861
0.77117
0.769396
0.76754
0.765604
0.763589
0.761496
0.759325
0.757078
0.754756
0.752362
0.749895
0.747358
0.744753
0.742081
0.739344
0.736543
0.733682
0.730762
0.727785
0.724753
0.721669
0.718536
0.715355
0.71213
0.708863
0.705558
0.702216
0.698842
0.695438
0.692008
0.688555
0.685082
0.681593
0.678091
0.674581
0.671067
0.667551
0.664039
0.660533
0.65704
0.653562
0.650104
0.646671
0.643267
0.639896
0.636564
0.633274
0.630032
0.626843
0.623711
0.62064
0.617636
0.614704
0.611847
0.609072
0.606382
0.603782
0.601277
0.598872
0.59657
0.594375
0.592293
0.590327
0.58848
0.586757
0.58516
0.583694
0.58236
0.581163
0.580104
0.579185
0.578409
0.577778
0.577292
0.576953
0.576763
0.57672
0.576826
0.57708
0.577482
0.578031
0.578726
0.579566
0.580549
0.581673
0.582936
0.584336
0.585868
0.587531
0.589322
0.591236
0.59327
0.595419
0.597681
0.60005
0.602522
0.605093
0.607758
0.610512
0.613349
0.616266
0.619257
0.622318
0.625442
0.628625
0.631862
0.635147
0.638476
0.641843
0.645243
0.648672
0.652124
0.655595
0.65908
0.662573
0.666071
0.669569
0.673062
0.676546
0.680017
0.68347
0.686903
0.69031
0.693688
0.697034
0.700344
0.703614
0.706842
0.710025
0.713158
0.71624
0.719268
0.72224
0.725152
0.728003
0.73079
0.733513
0.736168
0.738754
0.74127
0.743713
0.746084
0.748381
0.750602
0.752747
0.754816
0.756807
0.75872
0.760555
0.762311
0.763989
0.765589
0.767111
0.768554
0.76992
0.771209
0.772421
0.773558
0.77462
0.775609
0.776524
0.777368
0.778141
0.778845
0.779482
0.780052
0.780558
0.781001
0.781382
0.781704
0.781968
0.782176
0.782331
0.782434
0.782486
0.782491
0.78245
0.782366
0.78224
0.782074
0.781872
0.781634
0.781363
0.781061
0.780731
0.780374
0.779992
0.779588
0.779163
0.778719
0.778259
0.777784
0.777296
0.776796
0.776287
0.775769
0.775245
0.774716
0.774182
0.773646
0.773109
0.772571
0.772033
0.771496
0.770962
0.77043
0.769902
0.769377
0.768855
0.768338
0.767825
0.767316
0.76681
0.766308
0.76581
0.765314
0.76482
0.764327
0.763835
0.763342
0.762848
0.762352
0.761851
0.761346
0.760833
0.760313
0.759784
0.759243
0.758689
0.758121
0.757536
0.756933
0.75631
0.755665
0.754996
0.754301
0.753578
0.752824
0.752039
0.751219
0.750363
0.749468
0.748533
0.747556
0.746534
0.745466
0.74435
0.743183
0.741964
0.740692
0.739364
0.737978
0.736534
0.735029
0.733462
0.731832
0.730137
0.728377
0.726549
0.724653
0.722688
0.720653
0.718548
0.716371
0.714122
0.711801
0.709408
0.706942
0.704404
0.701793
0.699109
0.696354
0.693526
0.690628
0.68766
0.684623
0.681517
0.678345
0.675107
0.671805
0.66844
0.665014
0.66153
0.657989
0.654394
0.650746
0.64705
0.643306
0.639519
0.635691
0.631826
0.627926
0.623996
0.620039
0.616059
0.61206
0.608046
0.604021
0.59999
0.595958
0.591929
0.587908
0.583901
0.579912
0.575946
0.572009
0.568107
0.564246
0.56043
0.556666
0.552959
0.549316
0.545743
0.542245
0.538828
0.535499
0.532264
0.529128
0.526098
0.523179
0.520377
0.517697
0.515146
0.512728
0.510449
0.508313
0.506326
0.504491
0.502812
0.501294
0.49994
0.498753
0.497736
0.496892
0.496221
0.495726
0.495409
0.495268
0.495307
0.495522
0.495916
0.496486
0.49723
0.498149
0.499238
0.500495
0.501918
0.503504
0.505248
0.507146
0.509195
0.51139
0.513726
0.516198
0.518802
0.521531
0.52438
0.527343
0.530416
0.533592
0.536865
0.540229
0.543678
0.547207
0.550809
0.554479
0.55821
0.561997
0.565835
0.569716
0.573636
0.577589
0.58157
0.585573
0.589594
0.593626
0.597665
0.601707
0.605745
0.609777
0.613797
0.6178
0.621784
0.625742
0.629673
0.633571
0.637433
0.641256
0.645036
0.64877
0.652454
0.656086
0.659663
0.663182
0.666639
0.670034
0.673363
0.676624
0.679815
0.682934
0.685979
0.688948
0.69184
0.694653
0.697385
0.700035
0.702602
0.705085
0.707482
0.709794
0.712018
0.714155
0.716203
0.718162
0.720033
0.721813
0.723504
0.725105
0.726616
0.728037
0.729369
0.73061
0.731763
0.732827
0.733802
0.73469
0.735491
0.736205
0.736834
0.737378
0.737839
0.738217
0.738514
0.73873
0.738868
0.738928
0.738911
0.73882
0.738656
0.738421
0.738115
0.737742
0.737302
0.736798
0.736231
0.735604
0.734918
0.734176
0.733379
0.732531
0.731632
0.730686
0.729694
0.72866
0.727584
0.726471
0.725321
0.724138
0.722925
0.721682
0.720414
0.719122
0.71781
0.716479
0.715132
0.713772
0.712401
0.711022
0.709637
0.708249
0.70686
0.705472
0.704089
0.702712
0.701344
0.699986
0.698642
0.697314
0.696003
0.694711
0.693442
0.692195
0.690975
0.689781
0.688616
0.687482
0.68638
0.685312
0.684278
0.683281
0.682321
0.681399
0.680516
0.679674
0.678872
0.678111
0.677393
0.676717
0.676083
0.675492
0.674944
0.674438
0.673975
0.673554
0.673175
0.672837
0.672539
0.672281
0.672062
0.671881
0.671736
0.671628
0.671553
0.671512
0.671502
0.671522
0.671571
0.671647
0.671747
0.671871
0.672016
0.67218
0.672361
0.672558
0.672768
0.672989
0.673218
0.673455
0.673695
0.673938
0.674181
0.674422
0.674657
0.674886
0.675106
0.675314
0.675508
0.675687
0.675847
0.675987
0.676104
0.676196
0.676262
0.676299
0.676305
0.676278
0.676216
0.676118
0.675981
0.675804
0.675586
0.675323
0.675016
0.674662
0.674261
0.67381
0.673308
0.672755
0.672149
0.671489
0.670774
0.670004
0.669177
0.668293
0.667352
0.666353
0.665295
0.664178
0.663003
0.661768
0.660475
0.659122
0.657711
0.656242
0.654714
0.65313
0.651488
0.64979
0.648038
0.646231
0.644371
0.642459
0.640496
0.638485
0.636425
0.634319
0.63217
0.629977
0.627744
0.625473
0.623166
0.620824
0.618451
0.616049
0.613621
0.61117
0.608697
0.606207
0.603703
0.601187
0.598662
0.596133
0.593603
0.591075
0.588553
0.58604
0.583541
0.581059
0.578599
0.576164
0.573759
0.571387
0.569053
0.566762
0.564516
0.562322
0.560182
0.558102
0.556085
0.554136
0.552259
0.550458
0.548738
0.547103
0.545556
0.544101
0.542743
0.541485
0.54033
0.539283
0.538345
0.537521
0.536813
0.536225
0.535757
0.535414
0.535196
0.535106
0.535145
0.535314
0.535615
0.536049
0.536615
0.537315
0.538148
0.539114
0.540212
0.541442
0.542803
0.544292
0.545909
0.547652
0.549519
0.551507
0.553614
0.555837
0.558173
0.56062
0.563173
0.565829
0.568585
0.571437
0.574381
0.577413
0.580529
0.583725
0.586996
0.590338
0.593746
0.597217
0.600745
0.604326
0.607955
0.611629
0.615341
0.619088
0.622865
0.626668
0.630491
0.634331
0.638182
0.642041
0.645904
0.649764
0.653619
0.657465
0.661296
0.665109
0.6689
0.672664
0.676399
0.680099
0.683762
0.687383
0.69096
0.694487
0.697963
0.701383
0.704745
0.708045
0.71128
0.714447
0.717543
0.720565
0.72351
0.726377
0.729161
0.731862
0.734475
0.737
0.739434
0.741774
0.744018
0.746166
0.748214
0.750162
0.752006
0.753747
0.755382
0.75691
0.75833
0.75964
0.760839
0.761927
0.762903
0.763765
0.764513
0.765147
0.765665
0.766068
0.766355
0.766526
0.766581
0.766519
0.766342
0.766048
0.765639
0.765114
0.764474
0.76372
0.762853
0.761873
0.760781
0.759578
0.758265
0.756843
0.755315
0.75368
0.751941
0.7501
0.748157
0.746115
0.743976
0.741742
0.739415
0.736997
0.73449
0.731898
0.729223
0.726466
0.723632
0.720723
0.717743
0.714693
0.711578
0.7084
0.705164
0.701872
0.698528
0.695137
0.691701
0.688225
0.684713
0.681168
0.677596
0.674
0.670384
0.666753
0.663112
0.659465
0.655816
0.652171
0.648534
0.644909
0.641303
0.637718
0.634161
0.630636
0.627149
0.623703
0.620304
0.616956
0.613665
0.610435
0.607271
0.604178
0.601159
0.59822
0.595365
0.592598
0.589923
0.587343
0.584864
0.582488
0.580219
0.578059
0.576012
0.574081
0.572268
0.570575
0.569005
0.567558
0.566237
0.565042
0.563975
0.563035
0.562224
0.56154
0.560984
0.560555
0.560253
0.560075
0.56002
0.560087
0.560273
0.560576
0.560993
0.561522
0.562159
0.562901
0.563745
0.564686
0.565722
0.566847
0.568058
0.569351
0.57072
0.572162
0.573671
0.575244
0.576875
0.578559
0.580292
0.582069
0.583884
0.585734
0.587613
0.589517
0.59144
0.593379
0.595328
0.597282
0.599238
0.601191
0.603137
0.605071
0.606989
0.608888
0.610763
0.61261
0.614427
0.616208
0.617952
0.619655
0.621313
0.622924
0.624484
0.625992
0.627444
0.628838
0.630171
0.631442
0.632648
0.633788
0.63486
0.635862
0.636793
0.637651
0.638436
0.639146
0.63978
0.640338
0.64082
0.641223
0.64155
0.641798
0.641968
0.642061
0.642076
0.642013
0.641874
0.641659
0.641368
0.641002
0.640563
0.640052
0.639468
0.638815
0.638093
0.637305
0.63645
0.635532
0.634553
0.633513
0.632416
0.631263
0.630056
0.628799
0.627492
0.62614
0.624744
0.623307
0.621831
0.62032
0.618776
0.617203
0.615602
0.613978
0.612332
0.610669
0.60899
0.6073
0.605601
0.603897
0.60219
0.600484
0.598781
0.597086
0.595401
0.593728
0.592072
0.590435
0.58882
0.58723
0.585667
0.584136
0.582637
0.581175
0.579751
0.578368
0.577028
0.575734
0.574488
0.573291
0.572146
0.571055
0.570019
0.56904
0.568119
0.567258
0.566458
0.565719
0.565043
0.564431
0.563882
0.563398
0.562979
0.562625
0.562335
0.562111
0.561951
0.561856
0.561825
0.561856
0.56195
0.562106
0.562322
0.562598
0.562932
0.563323
0.563769
0.564269
0.564822
0.565426
0.566079
0.566779
0.567525
0.568315
0.569146
0.570017
0.570925
0.571869
0.572847
0.573856
0.574895
0.575961
0.577053
0.578167
0.579303
0.580457
0.581629
0.582815
0.584014
0.585225
0.586444
0.58767
0.588901
0.590136
0.591372
0.592608
0.593842
0.595072
0.596296
0.597514
0.598723
0.599923
0.601111
0.602286
0.603446
0.604592
0.60572
0.606831
0.607923
0.608994
0.610044
0.611072
0.612077
0.613057
0.614013
0.614942
0.615845
0.61672
0.617567
0.618386
0.619175
0.619933
0.620661
0.621358
0.622023
0.622656
0.623256
0.623823
0.624356
0.624856
0.625321
0.625752
0.626148
0.626509
0.626834
0.627124
0.627378
0.627596
0.627778
0.627924
0.628033
0.628106
0.628142
0.628141
0.628104
0.628029
0.627918
0.62777
0.627585
0.627363
0.627105
0.626809
0.626477
0.626108
0.625703
0.625262
0.624785
0.624271
0.623722
0.623138
0.622518
0.621864
0.621175
0.620452
0.619695
0.618904
0.618081
0.617225
0.616338
0.615419
0.614469
0.613489
0.61248
0.611442
0.610376
0.609284
0.608164
0.60702
0.605851
0.604659
0.603444
0.602208
0.600952
0.599677
0.598385
0.597076
0.595752
0.594414
0.593065
0.591704
0.590335
0.588958
0.587576
0.586189
0.5848
0.58341
0.582022
0.580636
0.579256
0.577883
0.576519
0.575166
0.573826
0.572501
0.571194
0.569906
0.568639
0.567396
0.566179
0.564989
0.56383
0.562703
0.56161
0.560554
0.559536
0.558559
0.557624
0.556734
0.555889
0.555094
0.554348
0.553653
0.553012
0.552426
0.551897
0.551425
0.551012
0.550659
0.550368
0.550139
0.549973
0.549871
0.549833
0.54986
0.549953
0.550111
0.550335
0.550624
0.550978
0.551398
0.551882
0.55243
0.553041
0.553714
0.554449
0.555244
0.556098
0.557009
0.557976
0.558998
0.560072
0.561197
0.562371
0.563591
0.564856
0.566164
0.567511
0.568896
0.570316
0.571769
0.573251
0.574761
0.576296
0.577853
0.579429
0.581021
0.582627
0.584244
0.585869
0.587499
0.589132
0.590764
0.592393
0.594015
0.59563
0.597232
0.598821
0.600393
0.601945
0.603476
0.604982
0.606462
0.607912
0.609331
0.610716
0.612065
0.613376
0.614647
0.615876
0.617061
0.618201
0.619293
0.620336
0.621329
0.62227
0.623157
0.62399
0.624767
0.625487
0.62615
0.626754
0.627298
0.627783
0.628206
0.628569
0.62887
0.629109
0.629286
0.6294
0.629453
0.629443
0.629372
0.629239
0.629044
0.628789
0.628473
0.628098
0.627664
0.627172
0.626623
0.626017
0.625357
0.624642
0.623875
0.623056
0.622187
0.621269
0.620305
0.619295
0.618241
0.617145
0.616008
0.614833
0.613622
0.612375
0.611096
0.609786
0.608447
0.607081
0.605691
0.604279
0.602846
0.601396
0.599929
0.598449
0.596957
0.595457
0.593949
0.592437
0.590922
0.589407
0.587893
0.586384
0.584881
0.583386
0.581902
0.580429
0.578972
0.57753
0.576107
0.574704
0.573322
0.571965
0.570632
0.569326
0.568049
0.566801
0.565585
0.564401
0.56325
0.562135
0.561055
0.560013
0.559008
0.558041
0.557114
0.556227
0.55538
0.554574
0.553809
0.553086
0.552405
0.551765
0.551168
0.550612
0.550099
0.549627
0.549196
0.548807
0.548458
0.54815
0.547881
0.547652
0.547461
0.547309
0.547193
0.547115
0.547072
0.547065
0.547092
0.547152
0.547245
0.54737
0.547526
0.547711
0.547926
0.54817
0.54844
0.548737
0.54906
0.549408
0.549779
0.550174
0.550591
0.55103
0.551489
0.551969
0.552468
0.552985
0.553521
0.554074
0.554644
0.555231
0.555833
0.556451
0.557083
0.55773
0.558391
0.559066
0.559754
0.560456
0.56117
0.561897
0.562636
0.563388
0.564152
0.564927
0.565715
0.566514
0.567325
0.568147
0.568981
0.569826
0.570682
0.57155
0.57243
0.57332
0.574222
0.575134
0.576058
0.576993
0.577938
0.578895
0.579862
0.580839
0.581827
0.582825
0.583833
0.58485
0.585877
0.586913
0.587958
0.589012
0.590073
0.591141
0.592217
0.593299
0.594388
0.595481
0.596579
0.597681
0.598787
0.599895
0.601005
0.602115
0.603226
0.604336
0.605443
0.606548
0.607649
0.608745
0.609835
0.610917
0.611992
0.613056
0.61411
0.615152
0.61618
0.617194
0.618192
0.619173
0.620136
0.621078
0.621999
0.622898
0.623773
0.624623
0.625446
0.626241
0.627006
0.627741
0.628444
0.629114
0.62975
0.630349
0.630912
0.631436
0.631921
0.632365
0.632767
0.633127
0.633443
0.633714
0.633939
0.634117
0.634248
0.634331
0.634364
0.634347
0.63428
0.634161
0.633991
0.633769
0.633494
0.633166
0.632784
0.63235
0.631861
0.631319
0.630724
0.630074
0.629372
0.628615
0.627806
0.626944
0.62603
0.625064
0.624047
0.62298
0.621863
0.620697
0.619483
0.618222
0.616915
0.615564
0.614168
0.612731
0.611252
0.609734
0.608178
0.606585
0.604958
0.603297
0.601605
0.599884
0.598135
0.596361
0.594563
0.592744
0.590906
0.58905
0.58718
0.585297
0.583403
0.581503
0.579596
0.577687
0.575777
0.573869
0.571965
0.570069
0.568182
0.566307
0.564447
0.562603
0.56078
0.558978
0.557201
0.555451
0.553731
0.552042
0.550387
0.548769
0.547189
0.54565
0.544154
0.542702
0.541298
0.539941
0.538635
0.537381
0.53618
0.535035
0.533945
0.532912
0.531938
0.531024
0.530169
0.529376
0.528643
0.527973
0.527365
0.526819
0.526335
0.525914
0.525555
0.525257
0.52502
0.524844
0.524727
0.524669
0.524669
0.524725
0.524836
0.525001
0.525219
0.525487
0.525805
0.526169
0.526579
0.527033
0.527528
0.528063
0.528634
0.529241
0.52988
0.53055
0.531248
0.531972
0.532718
0.533486
0.534272
0.535074
0.53589
0.536717
0.537552
0.538393
0.539238
0.540085
0.54093
0.541773
0.542609
0.543437
0.544256
0.545061
0.545853
0.546627
0.547383
0.548118
0.548831
0.549519
0.55018
0.550814
0.551418
0.55199
0.55253
0.553035
0.553504
0.553936
0.55433
0.554684
0.554998
0.555269
0.555498
0.555683
0.555823
0.555918
0.555968
0.55597
0.555926
0.555834
0.555694
0.555506
0.555269
0.554984
0.55465
0.554267
0.553835
0.553355
0.552826
0.55225
0.551625
0.550953
0.550234
0.549469
0.548657
0.547801
0.5469
0.545955
0.544968
0.543938
0.542868
0.541757
0.540608
0.539421
0.538198
0.536939
0.535647
0.534321
0.532965
0.531579
0.530164
0.528724
0.527258
0.525768
0.524257
0.522726
0.521177
0.519612
0.518033
0.51644
0.514838
0.513227
0.511609
0.509987
0.508362
0.506737
0.505114
0.503495
0.501882
0.500277
0.498684
0.497103
0.495537
0.493988
0.492459
0.490953
0.48947
0.488014
0.486586
0.48519
0.483827
0.482499
0.48121
0.47996
0.478753
0.477589
0.476473
0.475404
0.474387
0.473422
0.472511
0.471657
0.470862
0.470126
0.469452
0.468842
0.468297
0.467818
0.467407
0.467065
0.466794
0.466595
0.466468
0.466415
0.466436
0.466533
0.466706
0.466955
0.467281
0.467685
0.468166
0.468724
0.46936
0.470074
0.470865
0.471733
0.472677
0.473697
0.474792
0.475962
0.477205
0.478521
0.479908
0.481366
0.482892
0.484486
0.486147
0.487872
0.489659
0.491508
0.493417
0.495383
0.497404
0.499479
0.501606
0.503782
0.506005
0.508274
0.510585
0.512936
0.515326
0.517751
0.520209
0.522698
0.525215
0.527758
0.530324
0.532911
0.535516
0.538136
0.540769
0.543412
0.546063
0.548719
0.551378
0.554036
0.556691
0.559342
0.561984
0.564615
0.567234
0.569837
0.572421
0.574985
0.577526
0.580041
0.582528
0.584985
0.587408
0.589796
0.592147
0.594457
0.596725
0.598949
0.601125
0.603253
0.60533
0.607353
0.609321
0.611232
0.613083
0.614873
0.6166
0.618262
0.619857
0.621383
0.622838
0.624222
0.625532
0.626766
0.627924
0.629003
0.630002
0.63092
0.631756
0.632508
0.633175
0.633756
0.63425
0.634656
0.634973
0.635199
0.635335
0.635379
0.63533
0.635189
0.634954
0.634624
0.634201
0.633682
0.633068
0.632359
0.631554
0.630654
0.629658
0.628566
0.627379
0.626097
0.62472
0.623248
0.621682
0.620023
0.618271
0.616426
0.614491
0.612464
0.610348
0.608144
0.605852
0.603474
0.601012
0.598465
0.595837
0.593129
0.590341
0.587477
0.584538
0.581525
0.578441
0.575289
0.572069
0.568785
0.56544
0.562034
0.558572
0.555056
0.551488
0.547872
0.54421
0.540507
0.536764
0.532985
0.529174
0.525334
0.521469
0.517583
0.513679
0.509761
0.505833
0.501899
0.497964
0.494031
0.490105
0.486191
0.482293
0.478415
0.474563
0.47074
0.466951
0.463203
0.459498
0.455842
0.45224
0.448697
0.445218
0.441807
0.43847
0.435212
0.432036
0.428948
0.425953
0.423054
0.420257
0.417566
0.414984
0.412517
0.410167
0.407938
0.405834
0.403857
0.402011
0.400298
0.398721
0.397281
0.39598
0.39482
0.393802
0.392926
0.392193
0.391602
0.391154
0.390848
0.390682
0.390656
0.390768
0.391016
0.391397
0.39191
0.39255
0.393316
0.394204
0.395209
0.39633
0.39756
0.398897
0.400337
0.401874
0.403505
0.405224
0.407028
0.408911
0.410869
0.412898
0.414992
0.417147
0.419357
0.42162
0.42393
0.426282
0.428672
0.431096
0.43355
0.43603
0.438531
0.441049
0.443581
0.446124
0.448673
0.451225
0.453777
0.456326
0.458868
0.461401
0.463922
0.466428
0.468918
0.471387
0.473835
0.476259
0.478657
0.481027
0.483367
0.485677
0.487953
0.490196
0.492403
0.494574
0.496707
0.498802
0.500858
0.502873
0.504848
0.506782
0.508674
0.510524
0.512332
0.514098
0.515822
0.517503
0.519142
0.520738
0.522293
0.523807
0.525279
0.526711
0.528103
0.529455
0.530768
0.532043
0.53328
0.534481
0.535646
0.536775
0.537871
0.538933
0.539963
0.540962
0.54193
0.54287
0.543781
0.544665
0.545523
0.546355
0.547164
0.547951
0.548715
0.549459
0.550184
0.550889
0.551578
0.55225
0.552907
0.553549
0.554178
0.554794
0.555399
0.555993
0.556578
0.557153
0.557721
0.55828
0.558833
0.55938
0.559922
0.560458
0.56099
0.561519
0.562044
0.562565
0.563084
0.563601
0.564115
0.564627
0.565138
0.565646
0.566153
0.566658
0.567161
0.567662
0.568161
0.568657
0.569151
0.569642
0.57013
0.570614
0.571094
0.57157
0.57204
0.572505
0.572964
0.573416
0.573861
0.574298
0.574726
0.575145
0.575553
0.575951
0.576337
0.576711
0.577071
0.577417
0.577749
0.578064
0.578363
0.578645
0.578909
0.579153
0.579378
0.579581
0.579763
0.579923
0.58006
0.580172
0.58026
0.580322
0.580358
0.580366
0.580347
0.5803
0.580223
0.580116
0.579979
0.579811
0.579611
0.579379
0.579114
0.578816
0.578484
0.578118
0.577718
0.577282
0.576811
0.576304
0.575762
0.575183
0.574568
0.573916
0.573228
0.572502
0.57174
0.57094
0.570104
0.56923
0.568319
0.567372
0.566387
0.565366
0.564308
0.563213
0.562083
0.560916
0.559714
0.558476
0.557203
0.555896
0.554554
0.553178
0.551769
0.550326
0.548851
0.547345
0.545806
0.544237
0.542637
0.541007
0.539348
0.53766
0.535945
0.534202
0.532432
0.530637
0.528816
0.52697
0.525101
0.523209
0.521294
0.519358
0.517401
0.515424
0.513428
0.511414
0.509382
0.507333
0.505268
0.503188
0.501094
0.498987
0.496867
0.494735
0.492592
0.49044
0.488279
0.486109
0.483932
0.481749
0.479561
0.477368
0.475171
0.472971
0.47077
0.468568
0.466366
0.464165
0.461966
0.459769
0.457577
0.455389
0.453207
0.451032
0.448864
0.446705
0.444556
0.442417
0.44029
0.438175
0.436074
0.433988
0.431917
0.429863
0.427826
0.425808
0.42381
0.421832
0.419877
0.417944
0.416035
0.414151
0.412293
0.410462
0.408659
0.406885
0.405142
0.40343
0.40175
0.400104
0.398492
0.396916
0.395376
0.393874
0.392411
0.390987
0.389604
0.388263
0.386964
0.385709
0.384499
0.383334
0.382215
0.381144
0.380121
0.379147
0.378222
0.377348
0.376526
0.375755
0.375037
0.374372
0.373761
0.373204
0.372702
0.372256
0.371865
0.37153
0.371252
0.37103
0.370865
0.370757
0.370706
0.370712
0.370775
0.370895
0.371073
0.371307
0.371597
0.371944
0.372347
0.372806
0.373319
0.373887
0.37451
0.375186
0.375915
0.376697
0.37753
0.378414
0.379348
0.380331
0.381363
0.382442
0.383568
0.38474
0.385957
0.387217
0.38852
0.389865
0.391251
0.392676
0.39414
0.395641
0.397178
0.398751
0.400358
0.401998
0.40367
0.405373
0.407105
0.408866
0.410654
0.412469
0.414309
0.416173
0.418061
0.41997
0.4219
0.42385
0.42582
0.427807
0.42981
0.43183
0.433865
0.435913
0.437975
0.440048
0.442133
0.444227
0.446331
0.448444
0.450564
0.452691
0.454823
0.456961
0.459103
0.461248
0.463396
0.465546
0.467698
0.469849
0.472
0.47415
0.476298
0.478444
0.480587
0.482725
0.484859
0.486988
0.48911
0.491226
0.493334
0.495435
0.497526
0.499609
0.501681
0.503742
0.505792
0.507829
0.509854
0.511865
0.513861
0.515843
0.517809
0.519759
0.521691
0.523605
0.525501
0.527378
0.529234
0.531069
0.532882
0.534673
0.53644
0.538183
0.539902
0.541594
0.54326
0.544898
0.546507
0.548088
0.549638
0.551157
0.552644
0.554098
0.555518
0.556903
0.558253
0.559565
0.560841
0.562077
0.563274
0.564431
0.565546
0.566618
0.567647
0.568631
0.56957
0.570462
0.571307
0.572103
0.57285
0.573547
0.574192
0.574784
0.575324
0.575809
0.576239
0.576613
0.57693
0.577188
0.577388
0.577529
0.577608
0.577627
0.577583
0.577476
0.577305
0.57707
0.576769
0.576403
0.575969
0.575469
0.5749
0.574264
0.573558
0.572782
0.571937
0.571021
0.570034
0.568976
0.567847
0.566645
0.565372
0.564026
0.562608
0.561117
0.559554
0.557919
0.556211
0.55443
0.552578
0.550653
0.548657
0.546589
0.544451
0.542241
0.539962
0.537614
0.535196
0.532711
0.530159
0.52754
0.524855
0.522106
0.519294
0.516419
0.513483
0.510488
0.507434
0.504323
0.501157
0.497937
0.494665
0.491342
0.487972
0.484555
0.481093
0.47759
0.474047
0.470466
0.46685
0.463202
0.459523
0.455818
0.452089
0.448338
0.444569
0.440785
0.43699
0.433186
0.429377
0.425568
0.421761
0.417961
0.414171
0.410396
0.406639
0.402906
0.3992
0.395526
0.391888
0.388292
0.384742
0.381243
0.3778
0.374417
0.371101
0.367856
0.364686
0.361598
0.358597
0.355687
0.352875
0.350164
0.347559
0.345067
0.342691
0.340437
0.338308
0.33631
0.334445
0.332719
0.331135
0.329696
0.328404
0.327264
0.326277
0.325445
0.32477
0.324254
0.323896
0.323697
0.323658
0.323778
0.324056
0.324491
0.325082
0.325825
0.32672
0.327763
0.328952
0.330282
0.331751
0.333354
0.335088
0.336947
0.338928
0.341026
0.343236
0.345553
0.347972
0.350488
0.353097
0.355792
0.358568
0.361421
0.364346
0.367337
0.37039
0.373499
0.37666
0.379868
0.383118
0.386405
0.389726
0.393076
0.396451
0.399846
0.403257
0.406681
0.410114
0.413552
0.416992
0.42043
0.423864
0.427289
0.430703
0.434102
0.437486
0.440849
0.44419
0.447507
0.450797
0.454058
0.457287
0.460483
0.463644
0.466768
0.469852
0.472896
0.475899
0.478857
0.481771
0.484638
0.487459
0.49023
0.492952
0.495623
0.498243
0.500811
0.503326
0.505787
0.508194
0.510546
0.512842
0.515083
0.517268
0.519397
0.521468
0.523484
0.525442
0.527344
0.529188
0.530976
0.532707
0.534381
0.535999
0.53756
0.539066
0.540516
0.54191
0.54325
0.544535
0.545767
0.546945
0.54807
0.549142
0.550163
0.551133
0.552052
0.552922
0.553742
0.554514
0.555239
0.555917
0.556549
0.557135
0.557678
0.558177
0.558633
0.559048
0.559422
0.559756
0.560051
0.560308
0.560528
0.560711
0.56086
0.560974
0.561055
0.561104
0.561121
0.561107
0.561064
0.560993
0.560894
0.560768
0.560616
0.56044
0.56024
0.560016
0.559771
0.559504
0.559217
0.55891
0.558585
0.558241
0.557881
0.557504
0.557112
0.556705
0.556284
0.555849
0.555402
0.554943
0.554473
0.553992
0.553501
0.553001
0.552491
0.551973
0.551447
0.550914
0.550374
0.549827
0.549275
0.548716
0.548152
0.547583
0.54701
0.546431
0.545849
0.545263
0.544672
0.544079
0.543482
0.542881
0.542277
0.541671
0.541061
0.540448
0.539832
0.539213
0.538591
0.537965
0.537337
0.536705
0.53607
0.535432
0.534789
0.534143
0.533493
0.532839
0.53218
0.531517
0.530848
0.530175
0.529496
0.528812
0.528121
0.527425
0.526722
0.526012
0.525295
0.52457
0.523838
0.523098
0.52235
0.521592
0.520826
0.520051
0.519266
0.518471
0.517665
0.51685
0.516023
0.515185
0.514336
0.513475
0.512603
0.511718
0.510821
0.509911
0.508988
0.508052
0.507104
0.506141
0.505166
0.504176
0.503173
0.502156
0.501125
0.50008
0.499021
0.497948
0.496861
0.49576
0.494646
0.493517
0.492375
0.491219
0.49005
0.488867
0.487672
0.486463
0.485243
0.48401
0.482765
0.481509
0.480242
0.478964
0.477675
0.476377
0.47507
0.473754
0.47243
0.471098
0.469759
0.468414
0.467064
0.465708
0.464348
0.462985
0.461619
0.460252
0.458884
0.457515
0.456148
0.454782
0.453419
0.452059
0.450705
0.449356
0.448014
0.44668
0.445355
0.444039
0.442735
0.441443
0.440165
0.438901
0.437653
0.436422
0.435208
0.434014
0.432841
0.431689
0.43056
0.429454
0.428374
0.42732
0.426293
0.425295
0.424326
0.423388
0.422482
0.421609
0.420769
0.419965
0.419196
0.418463
0.417768
0.417112
0.416495
0.415917
0.415381
0.414885
0.414432
0.414021
0.413653
0.413329
0.413048
0.412812
0.41262
0.412472
0.41237
0.412312
0.4123
0.412332
0.412409
0.412531
0.412697
0.412907
0.413161
0.413458
0.413798
0.41418
0.414604
0.415069
0.415574
0.416119
0.416703
0.417324
0.417982
0.418676
0.419405
0.420168
0.420963
0.42179
0.422648
0.423534
0.424449
0.42539
0.426356
0.427346
0.428359
0.429393
0.430447
0.431519
0.432608
0.433713
0.434832
0.435964
0.437107
0.43826
0.439421
0.440589
0.441763
0.442941
0.444122
0.445304
0.446487
0.447667
0.448845
0.450019
0.451188
0.45235
0.453505
0.45465
0.455785
0.456908
0.458019
0.459116
0.460198
0.461264
0.462314
0.463345
0.464358
0.465351
0.466323
0.467274
0.468202
0.469107
0.469989
0.470846
0.471678
0.472484
0.473263
0.474016
0.474741
0.475439
0.476108
0.476748
0.477359
0.477941
0.478493
0.479015
0.479508
0.47997
0.480401
0.480802
0.481173
0.481513
0.481823
0.482102
0.482351
0.48257
0.482759
0.482918
0.483048
0.483148
0.48322
0.483263
0.483277
0.483264
0.483224
0.483156
0.483062
0.482942
0.482797
0.482627
0.482433
0.482215
0.481974
0.481711
0.481426
0.481119
0.480793
0.480447
0.480082
0.4797
0.479299
0.478883
0.47845
0.478003
0.477541
0.477066
0.476578
0.476078
0.475568
0.475047
0.474517
0.473978
0.473431
0.472878
0.472318
0.471753
0.471183
0.470609
0.470031
0.469452
0.46887
0.468287
0.467704
0.467121
0.466539
0.465958
0.46538
0.464803
0.46423
0.463661
0.463095
0.462534
0.461978
0.461427
0.460882
0.460343
0.45981
0.459283
0.458764
0.458251
0.457746
0.457248
0.456757
0.456274
0.455798
0.45533
0.454869
0.454416
0.45397
0.453531
0.453099
0.452674
0.452256
0.451845
0.451439
0.45104
0.450646
0.450257
0.449874
0.449495
0.44912
0.448749
0.448381
0.448016
0.447654
0.447293
0.446934
0.446576
0.446219
0.445862
0.445504
0.445145
0.444785
0.444423
0.444058
0.44369
0.443319
0.442944
0.442564
0.442179
0.441789
0.441393
0.440991
0.440582
0.440166
0.439743
0.439312
0.438872
0.438424
0.437967
0.437502
0.437027
0.436542
0.436048
0.435543
0.435029
0.434505
0.433971
0.433426
0.432872
0.432307
0.431732
0.431148
0.430553
0.429949
0.429336
0.428713
0.428081
0.427441
0.426793
0.426137
0.425473
0.424803
0.424126
0.423444
0.422756
0.422063
0.421367
0.420667
0.419964
0.419259
0.418553
0.417847
0.417141
0.416437
0.415734
0.415035
0.414339
0.413649
0.412964
0.412286
0.411615
0.410954
0.410302
0.40966
0.409031
0.408414
0.407811
0.407223
0.406651
0.406095
0.405558
0.405039
0.404539
0.404061
0.403604
0.40317
0.402759
0.402372
0.402011
0.401675
0.401366
0.401085
0.400831
0.400607
0.400412
0.400246
0.400111
0.400007
0.399935
0.399894
0.399885
0.399908
0.399963
0.400052
0.400172
0.400326
0.400512
0.400731
0.400982
0.401265
0.40158
0.401927
0.402304
0.402713
0.403152
0.403621
0.404118
0.404644
0.405198
0.405779
0.406386
0.407019
0.407676
0.408357
0.40906
0.409785
0.41053
0.411295
0.412078
0.412879
0.413696
0.414528
0.415374
0.416232
0.417102
0.417982
0.418872
0.419769
0.420673
0.421582
0.422496
0.423412
0.42433
0.425249
0.426167
0.427083
0.427997
0.428906
0.42981
0.430708
0.431599
0.432481
0.433354
0.434216
0.435067
0.435906
0.436732
0.437543
0.43834
0.439121
0.439886
0.440634
0.441364
0.442076
0.442769
0.443443
0.444096
0.444729
0.445342
0.445933
0.446503
0.447051
0.447577
0.448081
0.448562
0.449022
0.449459
0.449873
0.450265
0.450635
0.450983
0.451308
0.451612
0.451895
0.452156
0.452396
0.452616
0.452816
0.452997
0.453158
0.453301
0.453426
0.453534
0.453625
0.453699
0.453759
0.453804
0.453835
0.453854
0.45386
0.453854
0.453839
0.453813
0.453779
0.453737
0.453687
0.453632
0.453572
0.453508
0.45344
0.453371
0.4533
0.453228
0.453158
0.453089
0.453022
0.452959
0.4529
0.452847
0.452799
0.452759
0.452727
0.452703
0.452688
0.452684
0.452691
0.452709
0.45274
0.452784
0.452842
0.452913
0.453
0.453101
0.453219
0.453352
0.453502
0.453669
0.453852
0.454053
0.454272
0.454508
0.454761
0.455033
0.455322
0.455629
0.455953
0.456295
0.456654
0.45703
0.457423
0.457833
0.458258
0.458699
0.459155
0.459626
0.460111
0.46061
0.461121
0.461646
0.462181
0.462728
0.463285
0.463851
0.464427
0.46501
0.4656
0.466196
0.466798
0.467404
0.468014
0.468627
0.469241
0.469857
0.470472
0.471086
0.471698
0.472307
0.472913
0.473514
0.474109
0.474697
0.475278
0.475851
0.476414
0.476967
0.477509
0.478039
0.478557
0.479061
0.479551
0.480025
0.480484
0.480927
0.481352
0.48176
0.482149
0.482519
0.482869
0.483199
0.483509
0.483797
0.484064
0.484308
0.484531
0.48473
0.484907
0.48506
0.48519
0.485296
0.485378
0.485435
0.485469
0.485479
0.485464
0.485425
0.485362
0.485274
0.485163
0.485028
0.484869
0.484687
0.484482
0.484254
0.484003
0.483731
0.483436
0.48312
0.482784
0.482427
0.48205
0.481653
0.481239
0.480805
0.480355
0.479888
0.479404
0.478905
0.478392
0.477864
0.477324
0.476771
0.476206
0.475631
0.475046
0.474452
0.47385
0.47324
0.472625
0.472004
0.471378
0.47075
0.470118
0.469485
0.468851
0.468217
0.467585
0.466955
0.466327
0.465704
0.465086
0.464473
0.463867
0.463269
0.46268
0.462099
0.461529
0.460971
0.460423
0.459889
0.459368
0.458861
0.45837
0.457893
0.457433
0.45699
0.456565
0.456157
0.455768
0.455398
0.455048
0.454718
0.454408
0.454119
0.45385
0.453603
0.453378
0.453174
0.452993
0.452833
0.452695
0.452579
0.452485
0.452413
0.452363
0.452335
0.452328
0.452342
0.452378
0.452433
0.45251
0.452605
0.452721
0.452855
0.453007
0.453178
0.453365
0.453569
0.453789
0.454024
0.454273
0.454536
0.454812
0.4551
0.455398
0.455708
0.456026
0.456353
0.456687
0.457028
0.457374
0.457725
0.458079
0.458435
0.458793
0.459151
0.459508
0.459864
0.460216
0.460564
0.460907
0.461243
0.461573
0.461893
0.462204
0.462504
0.462793
0.463068
0.46333
0.463576
0.463806
0.464019
0.464214
0.46439
0.464545
0.464679
0.464791
0.46488
0.464945
0.464985
0.464998
0.464985
0.464945
0.464876
0.464778
0.46465
0.464492
0.464302
0.46408
0.463826
0.463538
0.463217
0.462862
0.462471
0.462046
0.461585
0.461088
0.460555
0.459986
0.459379
0.458736
0.458056
0.457338
0.456583
0.455791
0.454962
0.454096
0.453193
0.452253
0.451277
0.450265
0.449216
0.448133
0.447014
0.445861
0.444675
0.443455
0.442203
0.440919
0.439605
0.43826
0.436887
0.435485
0.434057
0.432602
0.431124
0.429622
0.428098
0.426553
0.424989
0.423408
0.42181
0.420198
0.418573
0.416938
0.415293
0.413641
0.411983
0.410323
0.408661
0.406999
0.405341
0.403688
0.402043
0.400407
0.398783
0.397174
0.395581
0.394008
0.392457
0.39093
0.38943
0.387959
0.38652
0.385116
0.383748
0.38242
0.381134
0.379893
0.378698
0.377553
0.376459
0.37542
0.374437
0.373512
0.372649
0.371847
0.371111
0.370441
0.36984
0.369308
0.368848
0.368461
0.368148
0.36791
0.367749
0.367665
0.367658
0.367731
0.367881
0.368111
0.36842
0.368808
0.369275
0.36982
0.370443
0.371143
0.371919
0.37277
0.373695
0.374692
0.375761
0.376899
0.378105
0.379377
0.380712
0.38211
0.383567
0.385081
0.386651
0.388273
0.389945
0.391664
0.393428
0.395234
0.397079
0.398961
0.400876
0.402822
0.404796
0.406795
0.408816
0.410856
0.412913
0.414983
0.417064
0.419152
0.421245
0.42334
0.425435
0.427526
0.429611
0.431687
0.433751
0.435802
0.437835
0.43985
0.441843
0.443812
0.445755
0.44767
0.449553
0.451404
0.453219
0.454998
0.456737
0.458436
0.460092
0.461703
0.463268
0.464785
0.466253
0.46767
0.469034
0.470345
0.4716
0.472799
0.473941
0.475024
0.476048
0.477012
0.477914
0.478753
0.47953
0.480244
0.480893
0.481478
0.481998
0.482453
0.482841
0.483164
0.483421
0.483611
0.483736
0.483794
0.483787
0.483713
0.483575
0.483371
0.483102
0.482769
0.482373
0.481913
0.481391
0.480808
0.480163
0.479459
0.478696
0.477875
0.476997
0.476064
0.475076
0.474035
0.472942
0.471799
0.470607
0.469367
0.468082
0.466752
0.465381
0.463968
0.462516
0.461028
0.459504
0.457947
0.456359
0.454742
0.453097
0.451428
0.449736
0.448024
0.446293
0.444547
0.442786
0.441015
0.439234
0.437446
0.435655
0.433861
0.432069
0.430279
0.428494
0.426718
0.424951
0.423198
0.421459
0.419738
0.418036
0.416356
0.414701
0.413072
0.411472
0.409903
0.408366
0.406865
0.4054
0.403975
0.40259
0.401247
0.399948
0.398694
0.397488
0.39633
0.395221
0.394164
0.393158
0.392204
0.391304
0.390458
0.389667
0.388931
0.38825
0.387625
0.387056
0.386542
0.386084
0.385681
0.385332
0.385038
0.384797
0.384608
0.384471
0.384385
0.384349
0.38436
0.384419
0.384523
0.384671
0.384862
0.385093
0.385363
0.385671
0.386013
0.38639
0.386797
0.387234
0.387698
0.388188
0.3887
0.389233
0.389786
0.390354
0.390937
0.391533
0.392138
0.392752
0.393371
0.393994
0.394618
0.395242
0.395863
0.39648
0.39709
0.397691
0.398282
0.398861
0.399426
0.399975
0.400506
0.401018
0.401509
0.401978
0.402424
0.402844
0.403238
0.403603
0.40394
0.404247
0.404523
0.404767
0.404977
0.405154
0.405296
0.405403
0.405473
0.405507
0.405504
0.405464
0.405386
0.40527
0.405116
0.404923
0.404693
0.404424
0.404117
0.403772
0.40339
0.40297
0.402514
0.402022
0.401494
0.400932
0.400335
0.399705
0.399043
0.39835
0.397626
0.396873
0.396092
0.395285
0.394453
0.393597
0.392718
0.391819
0.390902
0.389966
0.389016
0.388052
0.387076
0.38609
0.385097
0.384099
0.383097
0.382094
0.381092
0.380093
0.379101
0.378116
0.377142
0.376182
0.375237
0.37431
0.373404
0.372521
0.371663
0.370834
0.370036
0.369272
0.368544
0.367854
0.367205
0.3666
0.36604
0.36553
0.365069
0.364662
0.36431
0.364015
0.363779
0.363605
0.363493
0.363447
0.363467
0.363555
0.363713
0.363941
0.364241
0.364614
0.365061
0.365583
0.366179
0.366851
0.3676
0.368424
0.369324
0.370301
0.371353
0.37248
0.373682
0.374958
0.376308
0.377729
0.379222
0.380784
0.382415
0.384113
0.385877
0.387704
0.389593
0.391543
0.39355
0.395614
0.397731
0.399901
0.402119
0.404385
0.406696
0.409049
0.411442
0.413872
0.416337
0.418835
0.421362
0.423916
0.426495
0.429096
0.431716
0.434353
0.437003
0.439666
0.442337
0.445014
0.447695
0.450378
0.453058
0.455736
0.458406
0.461068
0.463719
0.466356
0.468977
0.47158
0.474163
0.476722
0.479257
0.481764
0.484242
0.486688
0.489101
0.491479
0.493819
0.496119
0.498379
0.500595
0.502766
0.504891
0.506967
0.508994
0.510968
0.51289
0.514756
0.516567
0.51832
0.520013
0.521647
0.523219
0.524728
