
Dual Residual: 
1
1315.58
356.368
183.871
112.073
94.1146
73.8335
59.5457
52.3505
47.2851
41.6772
35.7892
30.7189
27.2268
25.3115
24.3152
23.4865
22.4553
21.2564
20.0511
18.8847
17.698
16.5048
15.4919
14.918
14.8865
15.2292
15.6263
15.7978
15.5959
15.002
14.0886
12.9785
11.8156
10.746
9.90092
9.37258
9.18477
9.2828
9.55907
9.89535
10.1928
10.3828
10.4266
10.3114
10.0467
9.66126
9.19882
8.71372
8.26342
7.89853
7.65173
7.52976
7.51359
7.56702
7.64882
7.72252
7.76147
7.7497
7.68059
7.55457
7.3771
7.15697
6.9055
6.63618
6.3646
6.10811
5.88471
5.71083
5.59825
5.55106
5.56417
5.62422
5.71261
5.80927
5.89605
5.95882
5.98846
5.98097
5.93693
5.8607
5.75936
5.64166
5.51694
5.39413
5.28082
5.18263
5.10263
5.04122
4.99629
4.96368
4.9379
4.91296
4.88325
4.84421
4.79294
4.72846
4.65183
4.56594
4.47509
4.3843
4.29854
4.22188
4.15678
4.10371
4.06108
4.02568
3.99329
3.95949
3.92039
3.87311
3.81619
3.74968
3.67509
3.59515
3.51352
3.43441
3.36209
3.30046
3.25264
3.22059
3.20495
3.20505
3.21904
3.24417
3.27714
3.31444
3.35262
3.38853
3.41948
3.44336
3.45873
3.46485
3.46173
3.45005
3.43122
3.40717
3.3803
3.35321
3.3285
3.30853
3.2951
3.28932
3.29144
3.30086
3.3162
3.33553
3.35654
3.37682
3.39408
3.40633
3.412
3.41001
3.39984
3.38148
3.35542
3.3226
3.28429
3.24202
3.19749
3.15241
3.10843
3.06698
3.02923
2.99599
2.96771
2.94449
2.92611
2.91216
2.90213
2.89546
2.89172
2.89059
2.89192
2.89575
2.9022
2.91148
2.92376
2.93909
2.95737
2.97825
3.00117
3.02533
3.04977
3.07342
3.0952
3.1141
3.12925
3.14
3.14593
3.14694
3.14317
3.13506
3.12326
3.10858
3.09197
3.07441
3.05683
3.04008
3.02486
3.01169
3.00089
2.99256
2.98668
2.98306
2.98143
2.98151
2.983
2.98566
2.98931
2.99383
2.9992
3.00544
3.01257
3.02064
3.02964
3.03951
3.05009
3.06112
3.07225
3.083
3.09283
3.10111
3.10718
3.1104
3.11011
3.10572
3.09673
3.08272
3.06342
3.03869
3.00854
2.97318
2.93297
2.88847
2.84043
2.78979
2.73764
2.68526
2.63403
2.5854
2.54087
2.50187
2.46969
2.44542
2.42983
2.42332
2.4259
2.43718
2.45638
2.48245
2.5141
2.54993
2.5885
2.6284
2.66836
2.70722
2.74405
2.77808
2.80875
2.8357
2.85875
2.87789
2.89322
2.90498
2.91348
2.91909
2.92223
2.92331
2.92273
2.92088
2.91809
2.91465
2.9108
2.90672
2.90252
2.8983
2.89407
2.88981
2.88549
2.88099
2.87623
2.87104
2.86527
2.85875
2.85127
2.84264
2.83264
2.82107
2.80775
2.7925
2.77518
2.75569
2.73397
2.71004
2.68394
2.65583
2.62591
2.59446
2.56183
2.52842
2.4947
2.46117
2.42834
2.39676
2.36692
2.33933
2.31441
2.29254
2.27402
2.25905
2.24775
2.24018
2.23626
2.23588
2.23885
2.24493
2.25383
2.26522
2.27878
2.29415
2.31096
2.32884
2.34742
2.36634
2.38525
2.40378
2.42161
2.4384
2.45387
2.46772
2.47972
2.48963
2.49728
2.50249
2.50515
2.50516
2.50247
2.49704
2.48886
2.47797
2.46439
2.44819
2.42945
2.40828
2.3848
2.35916
2.33154
2.30216
2.27126
2.23916
2.2062
2.17279
2.13937
2.10647
2.07465
2.04449
2.01664
1.99171
1.97033
1.95307
1.94042
1.93278
1.93043
1.9335
1.94196
1.95565
1.97425
1.99731
2.02432
2.05465
2.08764
2.12263
2.15895
2.19594
2.23299
2.26954
2.30509
2.33918
2.37143
2.4015
2.42912
2.45407
2.47618
2.49532
2.51142
2.52443
2.53432
2.54112
2.54487
2.54563
2.54347
2.53851
2.53086
2.52065
2.50805
2.49321
2.47633
2.4576
2.43725
2.41551
2.39264
2.36892
2.34462
2.32004
2.29549
2.27128
2.24772
2.2251
2.20372
2.18383
2.16566
2.14941
2.13524
2.12325
2.11349
2.10597
2.10063
2.09737
2.09605
2.09648
2.09844
2.1017
2.106
2.11107
2.11665
2.1225
2.12836
2.13403
2.1393
2.14402
2.14804
2.15127
2.15362
2.15507
2.15558
2.15519
2.15393
2.15186
2.14906
2.14563
2.14167
2.1373
2.13262
2.12775
2.12279
2.11782
2.11293
2.10817
2.10359
2.0992
2.09501
2.091
2.08711
2.08331
2.07951
2.07565
2.07164
2.06738
2.06281
2.05784
2.05242
2.04651
2.04008
2.03315
2.02575
2.01795
2.00985
2.00158
1.9933
1.98521
1.97751
1.97046
1.96431
1.95931
1.95571
1.95377
1.95371
1.95572
1.95996
1.96652
1.97547
1.98679
2.00043
2.01626
2.0341
2.05373
2.07489
2.09727
2.12055
2.14439
2.16843
2.19234
2.21577
2.23841
2.25994
2.2801
2.29864
2.31534
2.33003
2.34255
2.35281
2.36072
2.36625
2.3694
2.37018
2.36866
2.36492
2.35907
2.35125
2.34161
2.33031
2.31755
2.30351
2.2884
2.27242
2.25578
2.23868
2.22131
2.20386
2.18651
2.16941
2.15271
2.13654
2.12101
2.10619
2.09217
2.07898
2.06666
2.05521
2.04463
2.0349
2.026
2.01787
2.01047
2.00374
1.99762
1.99206
1.98699
1.98236
1.9781
1.97418
1.97053
1.96711
1.96388
1.96081
1.95786
1.955
1.95221
1.94945
1.9467
1.94394
1.94115
1.9383
1.93538
1.93236
1.92922
1.92594
1.92251
1.91891
1.91513
1.91115
1.90697
1.90259
1.898
1.89322
1.88825
1.8831
1.87781
1.87239
1.86688
1.86131
1.85571
1.85015
1.84466
1.83928
1.83408
1.82911
1.82441
1.82005
1.81607
1.81252
1.80945
1.80691
1.80493
1.80355
1.80281
1.80273
1.80334
1.80465
1.80668
1.80942
1.81289
1.81707
1.82196
1.82754
1.83379
1.84068
1.84819
1.85627
1.86488
1.87398
1.88353
1.89346
1.90373
1.91429
1.92506
1.93599
1.94701
1.95808
1.96912
1.98008
1.99089
2.0015
2.01186
2.02192
2.03162
2.04092
2.04978
2.05818
2.06606
2.07342
2.08021
2.08644
2.09208
2.09712
2.10156
2.10539
2.10862
2.11126
2.1133
2.11477
2.11567
2.11601
2.11582
2.11511
2.1139
2.11222
2.11007
2.10749
2.10449
2.1011
2.09734
2.09322
2.08878
2.08403
2.07899
2.07369
2.06813
2.06234
2.05633
2.05012
2.04372
2.03713
2.03037
2.02345
2.01637
2.00913
2.00173
1.99417
1.98645
1.97856
1.9705
1.96226
1.95383
1.94521
1.93639
1.92737
1.91813
1.90868
1.89901
1.88913
1.87904
1.86875
1.85827
1.84761
1.83678
1.82581
1.81472
1.80354
1.79228
1.78098
1.76966
1.75835
1.74709
1.73589
1.72478
1.71378
1.70291
1.69219
1.68164
1.67125
1.66103
1.65099
1.64112
1.63143
1.6219
1.61253
1.60332
1.59425
1.58533
1.57656
1.56795
1.5595
1.55125
1.5432
1.53541
1.52791
1.52076
1.51401
1.50774
1.50203
1.49696
1.49261
1.48908
1.48645
1.48483
1.48429
1.48491
1.48676
1.4899
1.49437
1.50019
1.50738
1.51593
1.5258
1.53694
1.54929
1.56276
1.57726
1.59266
1.60885
1.62569
1.64305
1.66077
1.67871
1.69674
1.71471
1.7325
1.74996
1.76699
1.78348
1.79933
1.81446
1.8288
1.84228
1.85487
1.86654
1.87725
1.88702
1.89584
1.90374
1.91074
1.91689
1.92223
1.92681
1.93071
1.93399
1.93673
1.939
1.94088
1.94245
1.94378
1.94496
1.94605
1.94711
1.94822
1.94941
1.95074
1.95225
1.95397
1.95591
1.95808
1.9605
1.96315
1.96601
1.96908
1.97231
1.97567
1.97913
1.98264
1.98615
1.98961
1.99296
1.99616
1.99916
2.00189
2.00432
2.0064
2.00807
2.0093
2.01006
2.01031
2.01002
2.00917
2.00774
2.00572
2.00311
1.99989
1.99607
1.99165
1.98665
1.98109
1.97498
1.96834
1.9612
1.9536
1.94556
1.93712
1.92833
1.91921
1.90983
1.90021
1.8904
1.88046
1.87043
1.86036
1.8503
1.8403
1.83041
1.82067
1.81113
1.80184
1.79284
1.78418
1.7759
1.76803
1.76061
1.75368
1.74725
1.74136
1.73602
1.73124
1.72704
1.72343
1.72039
1.71792
1.71601
1.71465
1.71379
1.71343
1.71352
1.71402
1.7149
1.7161
1.71757
1.71927
1.72113
1.72311
1.72514
1.72718
1.72916
1.73104
1.73277
1.7343
1.73559
1.73661
1.73731
1.73768
1.73769
1.73734
1.7366
1.73549
1.734
1.73215
1.72997
1.72746
1.72468
1.72164
1.7184
1.71501
1.7115
1.70794
1.70439
1.70089
1.6975
1.69429
1.69131
1.6886
1.68621
1.6842
1.68259
1.68143
1.68072
1.6805
1.68077
1.68153
1.68278
1.6845
1.68668
1.68927
1.69226
1.69558
1.69921
1.70309
1.70716
1.71137
1.71566
1.71997
1.72424
1.72843
1.73247
1.73631
1.73992
1.74323
1.74622
1.74886
1.75111
1.75296
1.7544
1.75541
1.756
1.75617
1.75594
1.75532
1.75433
1.75301
1.75138
1.7495
1.74739
1.74511
1.74271
1.74023
1.73774
1.73527
1.73288
1.73063
1.72855
1.72671
1.72514
1.72388
1.72297
1.72243
1.7223
1.72259
1.72331
1.72448
1.72609
1.72814
1.73062
1.73352
1.73682
1.74048
1.74449
1.74881
1.7534
1.75823
1.76325
1.76843
1.77372
1.77909
1.78447
1.78984
1.79516
1.80037
1.80546
1.81036
1.81506
1.81952
1.82371
1.82759
1.83115
1.83435
1.83718
1.83961
1.84163
1.84322
1.84436
1.84504
1.84526
1.84499
1.84424
1.84299
1.84124
1.83899
1.83623
1.83295
1.82916
1.82487
1.82005
1.81473
1.80891
1.80258
1.79575
1.78843
1.78063
1.77236
1.76363
1.75445
1.74483
1.7348
1.72436
1.71354
1.70236
1.69083
1.67899
1.66686
1.65447
1.64184
1.62901
1.61601
1.60287
1.58962
1.57632
1.56298
1.54966
1.53639
1.52321
1.51016
1.49729
1.48463
1.47223
1.46012
1.44836
1.43698
1.42601
1.41551
1.40549
1.39601
1.38708
1.37875
1.37104
1.36397
1.35758
1.35187
1.34688
1.3426
1.33905
1.33625
1.33419
1.33287
1.3323
1.33247
1.33337
1.33499
1.33731
1.34033
1.34403
1.34838
1.35337
1.35897
1.36516
1.37192
1.37922
1.38704
1.39534
1.40412
1.41334
1.42297
1.43299
1.44338
1.45411
1.46517
1.47651
1.48814
1.50001
1.51212
1.52443
1.53693
1.54961
1.56243
1.57538
1.58844
1.6016
1.61482
1.62809
1.6414
1.65472
1.66802
1.6813
1.69452
1.70767
1.72072
1.73365
1.74645
1.75908
1.77152
1.78374
1.79574
1.80747
1.81892
1.83006
1.84086
1.85132
1.86139
1.87106
1.88032
1.88913
1.89747
1.90534
1.91271
1.91956
1.92588
1.93167
1.9369
1.94156
1.94566
1.94917
1.95211
1.95447
1.95623
1.95742
1.95803
1.95806
1.95753
1.95644
1.9548
1.95262
1.94992
1.94671
1.94301
1.93882
1.93418
1.92909
1.92358
1.91766
1.91135
1.90467
1.89764
1.89027
1.88258
1.8746
1.86632
1.85778
1.84898
1.83994
1.83066
1.82116
1.81145
1.80153
1.79142
1.78111
1.77062
1.75995
1.7491
1.73808
1.72689
1.71553
1.704
1.69232
1.68047
1.66848
1.65633
1.64405
1.63164
1.6191
1.60645
1.5937
1.58088
1.56799
1.55506
1.54211
1.52916
1.51625
1.50341
1.49067
1.47807
1.46565
1.45344
1.44149
1.42986
1.41857
1.40769
1.39725
1.38732
1.37793
1.36914
1.36099
1.35352
1.34678
1.34081
1.33563
1.33129
1.3278
1.32518
1.32346
1.32263
1.3227
1.32367
1.32552
1.32824
1.3318
1.33618
1.34134
1.34724
1.35384
1.36109
1.36895
1.37735
1.38625
1.39558
1.40529
1.41532
1.42561
1.4361
1.44675
1.45748
1.46826
1.47902
1.48972
1.50032
1.51077
1.52102
1.53105
1.54082
1.55029
1.55945
1.56826
1.57672
1.58479
1.59247
1.59975
1.60662
1.61307
1.61912
1.62475
1.62998
1.63481
1.63925
1.64332
1.64703
1.6504
1.65345
1.65619
1.65864
1.66083
1.66279
1.66452
1.66606
1.66742
1.66863
1.6697
1.67066
1.67153
1.67231
1.67302
1.67368
1.6743
1.67487
1.67542
1.67593
1.67642
1.67687
1.67729
1.67766
1.67798
1.67823
1.67841
1.67849
1.67847
1.67831
1.67802
1.67755
1.6769
1.67605
1.67498
1.67367
1.6721
1.67025
1.66811
1.66567
1.66292
1.65985
1.65644
1.65271
1.64864
1.64424
1.6395
1.63445
1.62909
1.62343
1.61749
1.61129
1.60485
1.59819
1.59134
1.58433
1.57719
1.56995
1.56264
1.55531
1.54797
1.54067
1.53344
1.52632
1.51934
1.51252
1.50591
1.49952
1.49339
1.48753
1.48196
1.4767
1.47177
1.46717
1.46291
1.45899
1.45541
1.45216
1.44923
1.44662
1.44431
1.44228
1.44051
1.43899
1.43768
1.43657
1.43563
1.43484
1.43417
1.43359
1.43309
1.43263
1.43221
1.43179
1.43137
1.43093
1.43045
1.42992
1.42934
1.42871
1.42801
1.42724
1.42642
1.42555
1.42463
1.42368
1.4227
1.42172
1.42074
1.41978
1.41886
1.41801
1.41723
1.41656
1.416
1.41558
1.41532
1.41524
1.41534
1.41566
1.4162
1.41696
1.41798
1.41924
1.42075
1.42252
1.42455
1.42684
1.42938
1.43216
1.43517
1.43841
1.44186
1.4455
1.44933
1.45331
1.45743
1.46168
1.46602
1.47044
1.47492
1.47944
1.48397
1.48849
1.49299
1.49744
1.50183
1.50614
1.51035
1.51445
1.51843
1.52227
1.52597
1.52952
1.53291
1.53614
1.53921
1.54211
1.54485
1.54742
1.54984
1.5521
1.55421
1.55619
1.55803
1.55976
1.56137
1.56288
1.5643
1.56564
1.56692
1.56814
1.56931
1.57045
1.57157
1.57267
1.57377
1.57487
1.57597
1.5771
1.57824
1.5794
1.58059
1.58181
1.58305
1.58431
1.5856
1.5869
1.58821
1.58952
1.59083
1.59213
1.59341
1.59466
1.59586
1.59701
1.59809
1.5991
1.60002
1.60084
1.60155
1.60213
1.60257
1.60287
1.60302
1.603
1.6028
1.60242
1.60185
1.60109
1.60013
1.59896
1.59759
1.596
1.59421
1.5922
1.58999
1.58757
1.58494
1.58212
1.57911
1.5759
1.57252
1.56896
1.56524
1.56136
1.55733
1.55317
1.54887
1.54446
1.53995
1.53534
1.53064
1.52586
1.52103
1.51613
1.51119
1.50622
1.50122
1.4962
1.49118
1.48615
1.48113
1.47613
1.47114
1.46618
1.46126
1.45636
1.45151
1.4467
1.44195
1.43724
1.43258
1.42798
1.42344
1.41896
1.41454
1.41018
1.40589
1.40166
1.39749
1.39339
1.38936
1.3854
1.38151
1.37769
1.37394
1.37027
1.36668
1.36316
1.35973
1.35638
1.35311
1.34994
1.34687
1.34389
1.34102
1.33825
1.33559
1.33306
1.33064
1.32836
1.32621
1.3242
1.32234
1.32062
1.31907
1.31768
1.31647
1.31543
1.31457
1.3139
1.31342
1.31314
1.31306
1.31318
1.31352
1.31406
1.31482
1.31579
1.31698
1.31838
1.31999
1.32181
1.32383
1.32606
1.32848
1.33109
1.33388
1.33684
1.33997
1.34325
1.34667
1.35022
1.35388
1.35765
1.36151
1.36544
1.36942
1.37345
1.37751
1.38157
1.38563
1.38967
1.39367
1.39761
1.40148
1.40526
1.40894
1.41251
1.41595
1.41924
1.42238
1.42535
1.42814
1.43075
1.43316
1.43536
1.43736
1.43913
1.44069
1.44202
1.44313
1.444
1.44465
1.44506
1.44525
1.44521
1.44496
1.44448
1.4438
1.44291
1.44181
1.44053
1.43906
1.43742
1.43561
1.43365
1.43153
1.42927
1.42689
1.42439
1.42178
1.41907
1.41627
1.41338
1.41043
1.40741
1.40434
1.40123
1.39807
1.39488
1.39167
1.38844
1.38519
1.38193
1.37867
1.3754
1.37214
1.36888
1.36563
1.36239
1.35915
1.35594
1.35273
1.34954
1.34637
1.34321
1.34008
1.33696
1.33387
1.3308
1.32776
1.32474
1.32177
1.31883
1.31593
1.31308
1.31028
1.30754
1.30487
1.30228
1.29977
1.29736
1.29505
1.29285
1.29078
1.28884
1.28706
1.28543
1.28398
1.28271
1.28165
1.28079
1.28015
1.27974
1.27958
1.27967
1.28002
1.28064
1.28154
1.28272
1.28419
1.28595
1.288
1.29034
1.29297
1.29589
1.29909
1.30257
1.30632
1.31032
1.31458
1.31908
1.3238
1.32874
1.33387
1.33918
1.34466
1.35028
1.35604
1.3619
1.36786
1.37389
1.37998
1.38611
1.39226
1.3984
1.40454
1.41064
1.41669
1.42268
1.42859
1.43441
1.44012
1.44572
1.45118
1.4565
1.46168
1.46669
1.47153
1.4762
1.48068
1.48498
1.48907
1.49297
1.49666
1.50015
1.50342
1.50647
1.5093
1.51191
1.5143
1.51646
1.51838
1.52007
1.52153
1.52274
1.52372
1.52444
1.52492
1.52515
1.52513
1.52484
1.5243
1.52348
1.5224
1.52105
1.51941
1.5175
1.51529
1.5128
1.51002
1.50694
1.50356
1.49988
1.4959
1.49161
1.48702
1.48211
1.47691
1.47139
1.46558
1.45947
1.45306
1.44636
1.43937
1.43211
1.42459
1.41681
1.40878
1.40052
1.39204
1.38335
1.37448
1.36545
1.35626
1.34695
1.33753
1.32803
1.31847
1.30888
1.29928
1.2897
1.28018
1.27073
1.26139
1.25219
1.24316
1.23433
1.22573
1.21739
1.20933
1.2016
1.1942
1.18718
1.18055
1.17435
1.16858
1.16328
1.15845
1.15412
1.15029
1.14698
1.1442
1.14194
1.14021
1.13902
1.13835
1.1382
1.13857
1.13943
1.14079
1.14261
1.14489
1.14761
1.15074
1.15426
1.15815
1.16238
1.16693
1.17178
1.1769
1.18225
1.18783
1.19359
1.19952
1.20559
1.21177
1.21805
1.22439
1.23079
1.23721
1.24363
1.25004
1.25642
1.26275
1.26901
1.27519
1.28127
1.28724
1.29309
1.2988
1.30437
1.30977
1.315
1.32006
1.32493
1.32961
1.33408
1.33835
1.34239
1.34622
1.34982
1.35319
1.35631
1.3592
1.36184
1.36423
1.36637
1.36825
1.36988
1.37124
1.37234
1.37318
1.37375
1.37406
1.3741
1.37388
1.37339
1.37264
1.37162
1.37035
1.36882
1.36703
1.365
1.36272
1.3602
1.35744
1.35446
1.35125
1.34783
1.34421
1.3404
1.33639
1.33222
1.32788
1.32339
1.31876
1.31401
1.30915
1.3042
1.29917
1.29407
1.28893
1.28377
1.27859
1.27342
1.26828
1.26318
1.25815
1.2532
1.24835
1.24363
1.23904
1.23462
1.23037
1.22631
1.22246
1.21884
1.21547
1.21235
1.20949
1.20692
1.20465
1.20267
1.201
1.19965
1.19862
1.19791
1.19753
1.19748
1.19775
1.19834
1.19925
1.20047
1.20199
1.2038
1.2059
1.20826
1.21089
1.21375
1.21685
1.22015
1.22365
1.22732
1.23116
1.23513
1.23922
1.24342
1.24769
1.25203
1.25641
1.26082
1.26523
1.26963
1.274
1.27832
1.28258
1.28675
1.29083
1.29479
1.29863
1.30233
1.30588
1.30926
1.31247
1.31549
1.31832
1.32094
1.32336
1.32556
1.32755
1.3293
1.33083
1.33213
1.33319
1.33402
1.33462
1.33499
1.33512
1.33502
1.3347
1.33416
1.3334
1.33243
1.33126
1.32988
1.32832
1.32657
1.32465
1.32257
1.32033
1.31794
1.31543
1.31278
1.31003
1.30718
1.30424
1.30122
1.29814
1.29502
1.29185
1.28867
1.28547
1.28228
1.27911
1.27597
1.27288
1.26984
1.26688
1.26401
1.26123
1.25857
1.25604
1.25364
1.25139
1.24931
1.2474
1.24567
1.24414
1.24281
1.2417
1.24081
1.24015
1.23972
1.23954
1.2396
1.23991
1.24048
1.24131
1.24239
1.24373
1.24532
1.24717
1.24927
1.25162
1.25421
1.25703
1.26008
1.26334
1.26682
1.27048
1.27434
1.27836
1.28255
1.28688
1.29133
1.2959
1.30056
1.3053
1.3101
1.31495
1.31981
1.32468
1.32953
1.33435
1.33911
1.3438
1.34839
1.35287
1.35722
1.36141
1.36543
1.36926
1.37289
1.37629
1.37945
1.38235
1.38497
1.38731
1.38934
1.39106
1.39244
1.39348
1.39418
1.3945
1.39446
1.39404
1.39323
1.39202
1.39042
1.38841
1.386
1.38318
1.37995
1.3763
1.37225
1.3678
1.36294
1.35768
1.35202
1.34597
1.33955
1.33274
1.32558
1.31805
1.31018
1.30198
1.29346
1.28462
1.2755
1.2661
1.25643
1.24653
1.23639
1.22605
1.21552
1.20482
1.19397
1.183
1.17193
1.16077
1.14957
1.13834
1.1271
1.11589
1.10474
1.09366
1.08269
1.07187
1.06122
1.05077
1.04055
1.0306
1.02095
1.01163
1.00267
0.994112
0.985982
0.978313
0.971138
0.964486
0.958387
0.952869
0.947959
0.943682
0.94006
0.937113
0.934859
0.933312
0.932486
0.932387
0.933022
0.934393
0.936498
0.939331
0.942885
0.947148
0.952104
0.957736
0.964023
0.970941
0.978463
0.986561
0.995206
1.00436
1.014
1.02408
1.03458
1.04544
1.05664
1.06814
1.0799
1.09188
1.10405
1.11637
1.1288
1.14131
1.15386
1.16641
1.17894
1.19141
1.2038
1.21606
1.22817
1.2401
1.25182
1.26332
1.27456
1.28551
1.29617
1.3065
1.31649
1.32611
1.33535
1.3442
1.35264
1.36065
1.36822
1.37534
1.382
1.38819
1.39391
1.39914
1.40388
1.40813
1.41189
1.41514
1.4179
1.42015
1.4219
1.42316
1.42392
1.42419
1.42397
1.42328
1.4221
1.42046
1.41836
1.41581
1.41281
1.40938
1.40553
1.40126
1.3966
1.39155
1.38612
1.38033
1.3742
1.36773
1.36094
1.35384
1.34646
1.3388
1.33088
1.32272
1.31434
1.30575
1.29696
1.28801
1.2789
1.26965
1.26028
1.25081
1.24127
1.23166
1.22201
1.21234
1.20266
1.19301
1.18339
1.17384
1.16437
1.155
1.14575
1.13665
1.12772
1.11898
1.11045
1.10216
1.09411
1.08635
1.07887
1.07171
1.06489
1.05842
1.05232
1.04661
1.0413
1.03641
1.03195
1.02794
1.02438
1.02128
1.01865
1.0165
1.01482
1.01363
1.01291
1.01266
1.01289
1.01358
1.01473
1.01631
1.01834
1.02078
1.02362
1.02685
1.03044
1.03438
1.03865
1.04322
1.04807
1.05319
1.05853
1.06409
1.06984
1.07574
1.08179
1.08795
1.0942
1.10052
1.10688
1.11327
1.11965
1.12601
1.13234
1.1386
1.14478
1.15087
1.15684
1.16268
1.16838
1.17392
1.17929
1.18447
1.18946
1.19425
1.19883
1.20318
1.2073
1.21119
1.21484
1.21825
1.22141
1.22431
1.22697
1.22937
1.23151
1.2334
1.23504
1.23642
1.23756
1.23845
1.23909
1.23949
1.23966
1.23959
1.2393
1.23879
1.23806
1.23712
1.23598
1.23464
1.23311
1.2314
1.22951
1.22746
1.22525
1.22289
1.22039
1.21775
1.21498
1.2121
1.20911
1.20602
1.20284
1.19958
1.19625
1.19286
1.18941
1.18592
1.1824
1.17885
1.17529
1.17173
1.16818
1.16464
1.16113
1.15766
1.15423
1.15086
1.14756
1.14433
1.14119
1.13815
1.13521
1.13239
1.12969
1.12712
1.12468
1.1224
1.12026
1.11828
1.11647
1.11483
1.11336
1.11207
1.11096
1.11003
1.10928
1.10872
1.10834
1.10814
1.10813
1.10829
1.10862
1.10912
1.10979
1.11061
1.11158
1.11269
1.11394
1.11531
1.11679
1.11839
1.12007
1.12184
1.12367
1.12557
1.12752
1.1295
1.13151
1.13353
1.13555
1.13756
1.13954
1.14149
1.14339
1.14524
1.14701
1.14872
1.15033
1.15185
1.15326
1.15457
1.15575
1.15681
1.15774
1.15854
1.15919
1.1597
1.16007
1.16029
1.16035
1.16027
1.16005
1.15967
1.15915
1.15848
1.15768
1.15674
1.15567
1.15447
1.15316
1.15173
1.1502
1.14857
1.14686
1.14506
1.14319
1.14126
1.13928
1.13725
1.1352
1.13312
1.13103
1.12895
1.12687
1.12482
1.12279
1.12081
1.11889
1.11703
1.11524
1.11353
1.11191
1.1104
1.10899
1.10771
1.10654
1.10551
1.10462
1.10387
1.10327
1.10282
1.10253
1.1024
1.10243
1.10263
1.10299
1.10353
1.10423
1.10509
1.10613
1.10733
1.10869
1.1102
1.11188
1.1137
1.11568
1.11779
1.12004
1.12242
1.12493
1.12755
1.13028
1.13312
1.13605
1.13906
1.14216
1.14533
1.14855
1.15183
1.15515
1.15851
1.16189
1.16529
1.16869
1.17208
1.17546
1.17882
1.18214
1.18542
1.18864
1.19181
1.19489
1.1979
1.20081
1.20362
1.20632
1.2089
1.21135
1.21367
1.21584
1.21785
1.21971
1.22139
1.2229
1.22422
1.22535
1.22629
1.22702
1.22755
1.22786
1.22796
1.22783
1.22748
1.22689
1.22608
1.22503
1.22374
1.22222
1.22046
1.21846
1.21622
1.21374
1.21103
1.20808
1.20491
1.2015
1.19788
1.19403
1.18996
1.18569
1.18122
1.17655
1.17169
1.16665
1.16143
1.15606
1.15053
1.14485
1.13905
1.13312
1.12708
1.12094
1.11472
1.10843
1.10208
1.09569
1.08927
1.08283
1.07639
1.06997
1.06358
1.05723
1.05095
1.04474
1.03863
1.03264
1.02676
1.02103
1.01546
1.01007
1.00486
0.999861
0.995079
0.99053
0.986228
0.982187
0.978417
0.974932
0.971741
0.968856
0.966284
0.964034
0.962114
0.960529
0.959285
0.958385
0.957832
0.957628
0.957774
0.958268
0.95911
0.960297
0.961824
0.963687
0.96588
0.968396
0.971227
0.974364
0.977797
0.981517
0.985512
0.98977
0.994279
0.999026
1.004
1.00918
1.01456
1.02012
1.02586
1.03174
1.03776
1.04391
1.05016
1.05651
1.06294
1.06942
1.07596
1.08254
1.08913
1.09573
1.10232
1.1089
1.11543
1.12192
1.12835
1.13471
1.14099
1.14717
1.15324
1.1592
1.16503
1.17073
1.17628
1.18167
1.1869
1.19196
1.19684
1.20153
1.20603
1.21034
1.21443
1.21832
1.222
1.22545
1.22868
1.23169
1.23446
1.237
1.23931
1.24139
1.24323
1.24482
1.24619
1.24731
1.2482
1.24885
1.24926
1.24944
1.24939
1.24912
1.24861
1.24788
1.24694
1.24578
1.24441
1.24283
1.24106
1.23908
1.23692
1.23457
1.23205
1.22935
1.22649
1.22347
1.2203
1.21699
1.21354
1.20997
1.20627
1.20247
1.19856
1.19456
1.19047
1.18631
1.18208
1.17779
1.17345
1.16908
1.16467
1.16024
1.1558
1.15136
1.14693
1.14251
1.13812
1.13377
1.12946
1.12521
1.12103
1.11691
1.11288
1.10894
1.1051
1.10137
1.09775
1.09427
1.09091
1.08769
1.08462
1.0817
1.07895
1.07636
1.07394
1.0717
1.06964
1.06777
1.06609
1.0646
1.06331
1.06222
1.06132
1.06063
1.06014
1.05985
1.05976
1.05987
1.06018
1.06069
1.06139
1.06228
1.06335
1.0646
1.06603
1.06764
1.0694
1.07132
1.0734
1.07561
1.07797
1.08045
1.08305
1.08576
1.08858
1.09148
1.09448
1.09754
1.10067
1.10386
1.10709
1.11036
1.11366
1.11697
1.12029
1.1236
1.12691
1.13019
1.13344
1.13665
1.13982
1.14292
1.14597
1.14894
1.15182
1.15462
1.15732
1.15992
1.16241
1.16479
1.16704
1.16916
1.17115
1.173
1.1747
1.17626
1.17767
1.17892
1.18002
1.18095
1.18171
1.18231
1.18275
1.18301
1.1831
1.18302
1.18276
1.18234
1.18174
1.18096
1.18002
1.17891
1.17762
1.17617
1.17456
1.17278
1.17084
1.16875
1.1665
1.1641
1.16156
1.15887
1.15605
1.15309
1.15
1.1468
1.14347
1.14003
1.13649
1.13285
1.12911
1.12529
1.12139
1.11741
1.11337
1.10927
1.10512
1.10093
1.0967
1.09244
1.08816
1.08387
1.07958
1.07529
1.07102
1.06676
1.06254
1.05835
1.05421
1.05013
1.0461
1.04214
1.03827
1.03447
1.03077
1.02717
1.02367
1.02029
1.01702
1.01388
1.01087
1.008
1.00526
1.00267
1.00023
0.99794
0.995804
0.993827
0.992008
0.990351
0.988856
0.987523
0.986354
0.985346
0.984501
0.983815
0.983288
0.982916
0.982699
0.982631
0.98271
0.982932
0.983293
0.983788
0.984412
0.98516
0.986028
0.987009
0.988097
0.989288
0.990574
0.99195
0.99341
0.994947
0.996556
0.998229
0.999962
1.00175
1.00358
1.00545
1.00736
1.0093
1.01126
1.01324
1.01523
1.01723
1.01923
1.02124
1.02323
1.02522
1.02719
1.02914
1.03108
1.03298
1.03486
1.03671
1.03852
1.0403
1.04204
1.04373
1.04539
1.047
1.04856
1.05008
1.05154
1.05296
1.05433
1.05565
1.05692
1.05814
1.05931
1.06043
1.0615
1.06252
1.06349
1.06442
1.0653
1.06614
1.06693
1.06768
1.06839
1.06907
1.06971
1.07031
1.07088
1.07143
1.07195
1.07244
1.07291
1.07337
1.0738
1.07423
1.07464
1.07505
1.07546
1.07586
1.07626
1.07667
1.07709
1.07752
1.07796
1.07842
1.0789
1.0794
1.07992
1.08047
1.08105
1.08166
1.0823
1.08298
1.08369
1.08444
1.08523
1.08606
1.08693
1.08784
1.08879
1.08978
1.09081
1.09188
1.09299
1.09414
1.09532
1.09654
1.09779
1.09908
1.10039
1.10172
1.10308
1.10446
1.10585
1.10726
1.10868
1.1101
1.11152
1.11294
1.11435
1.11576
1.11714
1.11851
1.11985
1.12116
1.12244
1.12368
1.12488
1.12603
1.12713
1.12817
1.12916
1.13008
1.13093
1.13171
1.13242
1.13304
1.13359
1.13405
1.13442
1.1347
1.13489
1.13498
1.13498
1.13487
1.13467
1.13436
1.13395
1.13344
1.13282
1.1321
1.13128
1.13035
1.12931
1.12817
1.12693
1.12559
1.12415
1.12262
1.12098
1.11925
1.11743
1.11552
1.11352
1.11144
1.10928
1.10704
1.10473
1.10235
1.09989
1.09738
1.09481
1.09218
1.08949
1.08677
1.08399
1.08119
1.07834
1.07547
1.07257
1.06965
1.06672
1.06377
1.06082
1.05786
1.05491
1.05197
1.04903
1.04612
1.04322
1.04035
1.03771
1.03462
1.03182
1.02904
1.02631
1.02364
1.02103
1.01848
1.01599
1.01356
1.0112
1.00891
1.00669
1.00455
1.00247
1.00047
0.998545
0.996696
0.994923
0.993229
0.991613
0.990075
0.988616
0.987234
0.98593
0.984701
0.983548
0.982469
0.981462
0.980524
0.979655
0.97885
0.978109
0.977427
0.976802
0.976231
0.975711
0.975238
0.974808
0.974418
0.974065
0.973744
0.973451
0.973183
0.972935
0.972704
0.972485
0.972275
0.97207
0.971866
0.971659
0.971445
0.971222
0.970986
0.970734
0.970462
0.970169
0.969852
0.969508
0.969136
0.968733
0.968298
0.967831
0.967329
0.966791
0.966219
0.96561
0.964966
0.964286
0.96357
0.962821
0.962039
0.961224
0.96038
0.959507
0.958609
0.957687
0.956744
0.955782
0.954806
0.953819
0.952823
0.951824
0.950824
0.949828
0.948841
0.947866
0.946909
0.945974
0.945066
0.944189
0.94335
0.942552
0.9418
0.941101
0.940457
0.939876
0.939361
0.938918
0.93855
0.938263
0.938061
0.937948
0.937929
0.938007
0.938186
0.93847
0.938861
0.939363
0.939977
0.940708
0.941556
0.942523
0.943611
0.944821
0.946153
0.947608
0.949185
0.950885
0.952707
0.954649
0.956711
0.95889
0.961184
0.963591
0.966108
0.968733
0.97146
0.974288
0.977212
0.980227
0.983329
0.986514
0.989776
0.993109
0.996508
0.999969
1.00348
1.00705
1.01065
1.01429
1.01796
1.02166
1.02537
1.02908
1.0328
1.03652
1.04022
1.04391
1.04756
1.05119
1.05477
1.05831
1.06179
1.06522
1.06857
1.07185
1.07505
1.07816
1.08118
1.0841
1.08691
1.0896
1.09218
1.09464
1.09697
1.09916
1.10122
1.10313
1.1049
1.10651
1.10797
1.10927
1.1104
1.11137
1.11218
1.11281
1.11328
1.11356
1.11368
1.11362
1.11338
1.11297
1.11238
1.11161
1.11067
1.10956
1.10827
1.10681
1.10519
1.10339
1.10144
1.09933
1.09706
1.09464
1.09207
1.08936
1.08651
1.08352
1.08041
1.07718
1.07384
1.07038
1.06683
1.06318
1.05944
1.05562
1.05173
1.04778
1.04377
1.03972
1.03563
1.03151
1.02737
1.02322
1.01906
1.01492
1.0108
1.0067
1.00264
0.998627
0.994672
0.990785
0.986975
0.983252
0.979626
0.976105
0.9727
0.96942
0.966273
0.963269
0.960416
0.957722
0.955195
0.952843
0.950672
0.94869
0.946903
0.945316
0.943935
0.942764
0.941808
0.94107
0.940554
0.94026
0.940192
0.940351
0.940736
0.941347
0.942184
0.943245
0.944528
0.946029
0.947746
0.949673
0.951808
0.954143
0.956673
0.959392
0.962292
0.965366
0.968607
0.972005
0.975553
0.97924
0.983057
0.986996
0.991044
0.995194
0.999432
1.00375
1.00814
1.01258
1.01707
1.0216
1.02615
1.03071
1.03528
1.03984
1.04438
1.04889
1.05336
1.05778
1.06214
1.06643
1.07063
1.07475
1.07877
1.08267
1.08646
1.09012
1.09365
1.09703
1.10026
1.10333
1.10624
1.10897
1.11153
1.1139
1.11607
1.11805
1.11982
1.12139
1.12275
1.12388
1.1248
1.12549
1.12596
1.12619
1.1262
1.12596
1.12549
1.12478
1.12383
1.12264
1.1212
1.11952
1.11761
1.11545
1.11304
1.1104
1.10752
1.10441
1.10106
1.09747
1.09366
1.08962
1.08535
1.08087
1.07617
1.07125
1.06613
1.0608
1.05528
1.04956
1.04366
1.03758
1.03132
1.02489
1.0183
1.01155
1.00466
0.997628
0.990464
0.983177
0.975775
0.968266
0.96066
0.952967
0.945196
0.937357
0.929461
0.921517
0.913537
0.905532
0.897513
0.889492
0.881481
0.873493
0.865539
0.857632
0.849785
0.842012
0.834326
0.82674
0.819267
0.811922
0.804719
0.797671
0.790793
0.784097
0.777599
0.771312
0.76525
0.759425
0.753852
0.748543
0.743509
0.738764
0.734319
0.730184
0.72637
0.722885
0.719739
0.71694
0.714493
0.712406
0.710683
0.709328
0.708343
0.707731
0.707493
0.707626
0.708131
0.709005
0.710243
0.711841
0.713794
0.716095
0.718737
0.721711
0.725009
0.72862
0.732536
0.736744
0.741234
0.745994
0.751012
0.756277
0.761775
0.767495
0.773423
0.779547
0.785854
0.792332
0.798969
0.805751
0.812667
0.819704
0.826851
0.834096
0.841427
0.848834
0.856305
0.863829
0.871397
0.878997
0.886621
0.894258
0.901898
0.909533
0.917154
0.924752
0.932319
0.939846
0.947325
0.954749
0.96211
0.969401
0.976614
0.983744
0.990782
0.997723
1.00456
1.01129
1.0179
1.02439
1.03075
1.03698
1.04307
1.04902
1.05482
1.06047
1.06596
1.07129
1.07645
1.08144
1.08625
1.09089
1.09534
1.09961
1.10369
1.10757
1.11126
1.11475
1.11804
1.12113
1.124
1.12667
1.12913
1.13137
1.1334
1.13521
1.1368
1.13817
1.13932
1.14024
1.14095
1.14142
1.14168
1.14171
1.14151
1.14109
1.14045
1.13958
1.13849
1.13717
1.13564
1.13388
1.1319
1.12971
1.12729
1.12467
1.12183
1.11878
1.11553
1.11207
1.10841
1.10455
1.1005
1.09625
1.09182
1.0872
1.08241
1.07744
1.07229
1.06699
1.06152
1.05589
1.05012
1.0442
1.03814
1.03195
1.02564
1.0192
1.01266
1.006
0.99925
0.992407
0.985482
0.978481
0.971414
0.964288
0.957112
0.949896
0.942648
0.935379
0.928096
0.920812
0.913535
0.906275
0.899044
0.891853
0.884711
0.87763
0.870622
0.863698
0.856869
0.850147
0.843544
0.837071
0.83074
0.824564
0.818553
0.812719
0.807074
0.801629
0.796396
0.791384
0.786606
0.78207
0.777786
0.773765
0.770014
0.766541
0.763355
0.760462
0.757868
0.755579
0.753598
0.75193
0.750578
0.749543
0.748826
0.748428
0.748347
0.748581
0.749129
0.749985
0.751146
0.752607
0.75436
0.756399
0.758717
0.761305
0.764153
0.767252
0.770593
0.774163
0.777953
0.781951
0.786145
0.790522
0.795072
0.799781
0.804638
0.809628
0.814741
0.819963
0.825282
0.830685
0.836161
0.841696
0.84728
0.852899
0.858543
0.8642
0.869858
0.875508
0.881137
0.886736
0.892295
0.897803
0.903251
0.908629
0.913929
0.919141
0.924258
0.92927
0.93417
0.93895
0.943603
0.948122
0.952499
0.956728
0.960803
0.964717
0.968466
0.972042
0.975442
0.97866
0.981691
0.98453
0.987174
0.989619
0.991859
0.993893
0.995717
0.997327
0.998721
0.999896
1.00085
1.00158
1.00209
1.00237
1.00242
1.00224
1.00183
1.00119
1.00032
0.99922
0.997887
0.996322
0.994527
0.992503
0.99025
0.98777
0.985063
0.982134
0.978982
0.975611
0.972023
0.968222
0.96421
0.959991
0.955569
0.950948
0.946132
0.941126
0.935936
0.930565
0.925021
0.919308
0.913434
0.907405
0.901228
0.89491
0.88846
0.881884
0.875193
0.868394
0.861497
0.854512
0.847448
0.840317
0.833129
0.825895
0.818627
0.811337
0.804039
0.796744
0.789467
0.782221
0.775021
0.767881
0.760816
0.753842
0.746975
0.74023
0.733624
0.727174
0.720896
0.714807
0.708925
0.703266
0.697847
0.692686
0.687799
0.683201
0.67891
0.67494
0.671306
0.668023
0.665102
0.662558
0.6604
0.658639
0.657283
0.656341
0.655818
0.655718
0.656046
0.656801
0.657985
0.659597
0.661632
0.664086
0.666954
0.670228
0.6739
0.677959
0.682395
0.687196
0.692349
0.697839
0.703653
0.709776
0.716192
0.722884
0.729837
0.737033
0.744457
0.752091
0.759918
0.767922
0.776086
0.784392
0.792826
0.801369
0.810008
0.818725
0.827505
0.836334
0.845197
0.854079
0.862966
0.871845
0.880702
0.889524
0.898298
0.907014
0.915657
0.924218
0.932685
0.941047
0.949294
0.957415
0.965402
0.973244
0.980932
0.988458
0.995814
1.00299
1.00998
1.01678
1.02337
1.02976
1.03594
1.04189
1.04762
1.05311
1.05837
1.06339
1.06816
1.07268
1.07694
1.08094
1.08468
1.08816
1.09136
1.0943
1.09696
1.09934
1.10145
1.10327
1.10481
1.10607
1.10705
1.10774
1.10815
1.10828
1.10812
1.10768
1.10695
1.10594
1.10466
1.10309
1.10125
1.09913
1.09674
1.09408
1.09116
1.08797
1.08452
1.08082
1.07686
1.07265
1.06821
1.06352
1.0586
1.05345
1.04808
1.04249
1.0367
1.0307
1.0245
1.01811
1.01154
1.0048
0.997888
0.990818
0.983598
0.976237
0.968744
0.961128
0.953399
0.945567
0.937642
0.929634
0.921555
0.913416
0.905228
0.897002
0.888751
0.880487
0.872222
0.86397
0.855742
0.847553
0.839415
0.831342
0.823348
0.815447
0.807652
0.799978
0.792438
0.785047
0.777819
0.770768
0.763907
0.75725
0.750811
0.744602
0.738636
0.732926
0.727483
0.722319
0.717444
0.712867
0.708598
0.704646
0.701017
0.697718
0.694754
0.692129
0.689848
0.687911
0.686321
0.685076
0.684175
0.683617
0.683397
0.683511
0.683953
0.684717
0.685795
0.687178
0.688857
0.690821
0.693061
0.695565
0.69832
0.701315
0.704537
0.707973
0.711609
0.715432
0.719429
0.723586
0.72789
0.732326
0.736883
0.741547
0.746305
0.751144
0.756052
0.761017
0.766027
0.771071
0.776137
0.781216
0.786296
0.791369
0.796423
0.801451
0.806444
0.811393
0.81629
0.821129
0.825901
0.830601
0.835221
0.839757
0.844202
0.848551
0.8528
0.856944
0.860979
0.864901
0.868707
0.872394
0.875959
0.879399
0.882712
0.885897
0.888952
0.891875
0.894665
0.897322
0.899846
0.902235
0.904489
0.90661
0.908597
0.910451
0.912172
0.913763
0.915223
0.916554
0.917758
0.918836
0.919791
0.920623
0.921337
0.921932
0.922413
0.922781
0.92304
0.923191
0.923238
0.923184
0.92303
0.922782
0.922441
0.922011
0.921495
0.920895
0.920217
0.919462
0.918634
0.917737
0.916773
0.915746
0.914659
0.913516
0.91232
0.911073
0.90978
0.908444
0.907066
0.905652
0.904202
0.902722
0.901212
0.899676
0.898118
0.896538
0.894941
0.893327
0.891701
0.890063
0.888417
0.886764
0.885107
0.883446
0.881785
0.880124
0.878465
0.876811
0.875162
0.873519
0.871884
0.870259
0.868643
0.867039
0.865447
0.863868
0.862303
0.860752
0.859217
0.857697
0.856194
0.854708
0.853239
0.851788
0.850356
0.848942
0.847548
0.846174
0.844819
0.843485
0.842171
0.840879
0.839608
0.83836
0.837134
0.83593
0.834751
0.833595
0.832464
0.831358
0.830279
0.829226
0.8282
0.827203
0.826235
0.825296
0.824389
0.823514
0.822672
0.821865
0.821092
0.820357
0.819659
0.819
0.818382
0.817805
0.817272
0.816784
0.816341
0.815946
0.8156
0.815304
0.81506
0.814868
0.814732
0.814651
0.814627
0.814661
0.814755
0.81491
0.815127
0.815406
0.815748
0.816155
0.816628
0.817165
0.817769
0.81844
0.819176
0.81998
0.82085
0.821787
0.82279
0.823858
0.82499
0.826187
0.827446
0.828767
0.830148
0.831588
0.833085
0.834636
0.836241
0.837896
0.839599
0.841348
0.84314
0.844972
0.84684
0.848742
0.850675
0.852635
0.854617
0.856619
0.858637
0.860667
0.862704
0.864744
0.866784
0.868819
0.870844
0.872856
0.874849
0.87682
0.878763
0.880674
0.882549
0.884382
0.886171
0.887909
0.889593
0.891218
0.892779
0.894273
0.895695
0.897041
0.898306
0.899488
0.900581
0.901583
0.902489
0.903295
0.904
0.904598
0.905088
0.905466
0.905729
0.905875
0.905901
0.905805
0.905585
0.90524
0.904766
0.904164
0.903432
0.902568
0.901572
0.900443
0.899181
0.897786
0.896258
0.894597
0.892804
0.89088
0.888826
0.886643
0.884333
0.881898
0.87934
0.876662
0.873865
0.870954
0.867931
0.8648
0.861564
0.858228
0.854796
0.851272
0.847662
0.84397
0.840203
0.836364
0.832461
0.828499
0.824485
0.820425
0.816327
0.812196
0.808041
0.803869
0.799686
0.795502
0.791324
0.78716
0.783018
0.778906
0.774833
0.770807
0.766837
0.76293
0.759096
0.755343
0.751679
0.748112
0.744651
0.741303
0.738076
0.734977
0.732014
0.729194
0.726523
0.724007
0.721653
0.719466
0.717451
0.715612
0.713953
0.712479
0.711191
0.710093
0.709186
0.708471
0.707949
0.70762
0.707483
0.707538
0.707783
0.708214
0.708831
0.709628
0.710602
0.711749
0.713064
0.714541
0.716175
0.717959
0.719887
0.721952
0.724147
0.726465
0.728898
0.731437
0.734077
0.736807
0.73962
0.742509
0.745464
0.748477
0.751541
0.754647
0.757787
0.760954
0.764139
0.767335
0.770535
0.773731
0.776915
0.780082
0.783224
0.786336
0.78941
0.792442
0.795425
0.798354
0.801224
0.80403
0.806768
0.809433
0.812022
0.814531
0.816956
0.819295
0.821544
0.823702
0.825766
0.827734
0.829605
0.831377
0.83305
0.834622
0.836094
0.837465
0.838735
0.839904
0.840974
0.841945
0.842818
0.843594
0.844276
0.844864
0.845361
0.845769
0.84609
0.846327
0.846483
0.84656
0.846562
0.846492
0.846352
0.846148
0.845881
0.845555
0.845176
0.844745
0.844267
0.843745
0.843185
0.842588
0.84196
0.841305
0.840625
0.839925
0.839209
0.838479
0.83774
0.836996
0.836249
0.835502
0.834759
0.834023
0.833296
0.832581
0.831881
0.831196
0.83053
0.829885
0.829261
0.82866
0.828083
0.827531
0.827005
0.826505
0.826031
0.825582
0.825159
0.824762
0.824388
0.824037
0.823708
0.8234
0.823109
0.822835
0.822576
0.822328
0.82209
0.821859
0.821631
0.821405
0.821176
0.820941
0.820698
0.820442
0.820171
0.81988
0.819566
0.819225
0.818853
0.818447
0.818003
0.817517
0.816986
0.816406
0.815773
0.815085
0.814337
0.813526
0.812649
0.811704
0.810687
0.809595
0.808426
0.807177
0.805847
0.804434
0.802934
0.801348
0.799673
0.797909
0.796054
0.794108
0.79207
0.789941
0.787721
0.78541
0.783008
0.780518
0.77794
0.775275
0.772527
0.769697
0.766787
0.763802
0.760743
0.757615
0.754421
0.751166
0.747855
0.744492
0.741082
0.737632
0.734146
0.730632
0.727096
0.723545
0.719985
0.716425
0.712872
0.709334
0.70582
0.702338
0.698896
0.695504
0.692172
0.688907
0.68572
0.68262
0.679618
0.676721
0.673941
0.671286
0.668766
0.666391
0.66417
0.662112
0.660226
0.658519
0.657001
0.655679
0.654559
0.65365
0.652957
0.652486
0.652241
0.652228
0.65245
0.65291
0.65361
0.654552
0.655737
0.657165
0.658834
0.660744
0.662892
0.665276
0.667892
0.670734
0.673799
0.677081
0.680573
0.684269
0.688162
0.692243
0.696504
0.700937
0.705533
0.710282
0.715176
0.720203
0.725355
0.730621
0.735991
0.741454
0.747001
0.752621
0.758303
0.764037
0.769813
0.77562
0.781449
0.78729
0.793132
0.798966
0.804782
0.810571
0.816324
0.822032
0.827685
0.833276
0.838796
0.844237
0.849591
0.85485
0.860007
0.865055
0.869986
0.874794
0.879472
0.884015
0.888416
0.892669
0.89677
0.900712
0.90449
0.908101
0.911539
0.9148
0.917881
0.920777
0.923484
0.926001
0.928322
0.930447
0.932371
0.934093
0.935611
0.936923
0.938027
0.938922
0.939607
0.94008
0.940341
0.94039
0.940225
0.939849
0.939259
0.938458
0.937445
0.936222
0.934789
0.933148
0.9313
0.929247
0.926992
0.924535
0.921881
0.91903
0.915987
0.912754
0.909334
0.905731
0.901949
0.89799
0.893861
0.889564
0.885104
0.880487
0.875716
0.870797
0.865736
0.860538
0.855208
0.849753
0.844179
0.838492
0.832699
0.826806
0.820821
0.814751
0.808602
0.802384
0.796103
0.789767
0.783385
0.776965
0.770515
0.764045
0.757563
0.751078
0.744599
0.738137
0.7317
0.725298
0.718941
0.712639
0.706402
0.700239
0.694162
0.68818
0.682304
0.676544
0.670909
0.665411
0.660059
0.654863
0.649832
0.644978
0.640308
0.635831
0.631558
0.627495
0.623651
0.620033
0.616649
0.613505
0.610607
0.607961
0.60557
0.60344
0.601573
0.599972
0.59864
0.597576
0.596783
0.596258
0.596002
0.596012
0.596286
0.59682
0.597611
0.598653
0.599942
0.601471
0.603235
0.605226
0.607438
0.609861
0.612488
0.615312
0.618322
0.621509
0.624866
0.628382
0.632049
0.635856
0.639794
0.643854
0.648026
0.652302
0.65667
0.661124
0.665652
0.670247
0.6749
0.679602
0.684345
0.68912
0.69392
0.698737
0.703563
0.708391
0.713214
0.718025
0.722817
0.727584
0.73232
0.737019
0.741674
0.746281
0.750834
0.755328
0.759758
0.764119
0.768406
0.772616
0.776745
0.780787
0.784741
0.788601
0.792364
0.796028
0.799588
0.803043
0.806389
0.809624
0.812745
0.81575
0.818636
0.821402
0.824046
0.826566
0.828959
0.831225
0.833363
0.83537
0.837245
0.838988
0.840597
0.842072
0.843412
0.844616
0.845683
0.846613
0.847406
0.848062
0.848579
0.848958
0.8492
0.849303
0.849269
0.849097
0.848788
0.848342
0.84776
0.847042
0.84619
0.845203
0.844084
0.842831
0.841448
0.839935
0.838293
0.836523
0.834628
0.832607
0.830464
0.8282
0.825817
0.823316
0.820699
0.81797
0.815129
0.81218
0.809125
0.805966
0.802706
0.799349
0.795896
0.792352
0.788719
0.785
0.781201
0.777323
0.77337
0.769348
0.765259
0.761109
0.756901
0.752641
0.748332
0.743981
0.739591
0.735169
0.73072
0.72625
0.721764
0.717268
0.712769
0.708274
0.703787
0.699318
0.694871
0.690455
0.686077
0.681744
0.677463
0.673243
0.669091
0.665016
0.661024
0.657125
0.653326
0.649636
0.646064
0.642616
0.639302
0.636129
0.633106
0.630241
0.627541
0.625015
0.622668
0.62051
0.618545
0.616782
0.615225
0.613881
0.612755
0.611852
0.611175
0.61073
0.610518
0.610543
0.610806
0.611309
0.612053
0.613037
0.614261
0.615724
0.617424
0.619359
0.621526
0.62392
0.626537
0.629374
0.632424
0.635681
0.63914
0.642794
0.646635
0.650656
0.65485
0.659207
0.66372
0.66838
0.673178
0.678106
0.683153
0.688311
0.693571
0.698923
0.704357
0.709864
0.715436
0.721061
0.726731
0.732437
0.738168
0.743917
0.749674
0.75543
0.761176
0.766904
0.772604
0.778268
0.783889
0.789458
0.794966
0.800406
0.805771
0.811052
0.816243
0.821335
0.826324
0.8312
0.835958
0.840592
0.845094
0.849459
0.853681
0.857754
0.861673
0.865431
0.869025
0.872448
0.875696
0.878765
0.881649
0.884345
0.886849
0.889156
0.891262
0.893165
0.894861
0.896346
0.897618
0.898675
0.899512
0.900129
0.900522
0.90069
0.90063
0.900343
0.899825
0.899075
0.898094
0.896879
0.89543
0.893748
0.89183
0.889679
0.887293
0.884674
0.881821
0.878736
0.87542
0.871874
0.868099
0.864098
0.859872
0.855424
0.850755
0.845869
0.840768
0.835456
0.829936
0.824211
0.818285
0.812164
0.80585
0.799349
0.792665
0.785804
0.778772
0.771574
0.764216
0.756705
0.749047
0.74125
0.733321
0.725268
0.717099
0.708822
0.700447
0.691983
0.683439
0.674825
0.666153
0.657434
0.648678
0.639898
0.631107
0.622317
0.613542
0.604796
0.596095
0.587452
0.578885
0.570408
0.56204
0.553798
0.5457
0.537763
0.530008
0.522454
0.51512
0.508027
0.501194
0.494642
0.488392
0.482463
0.476875
0.471648
0.4668
0.462348
0.458311
0.454701
0.451535
0.448823
0.446576
0.444802
0.443507
0.442695
0.442367
0.442522
0.443156
0.444264
0.445838
0.447867
0.45034
0.453242
0.456557
0.46027
0.464362
0.468814
0.473606
0.478717
0.484128
0.489818
0.495765
0.501948
0.508348
0.514944
0.521716
0.528644
0.535711
0.542898
0.550187
0.55756
0.565003
0.572499
0.580034
0.587592
0.59516
0.602725
0.610274
0.617795
0.625278
0.632711
0.640085
0.647388
0.654613
0.66175
0.668791
0.675728
0.682555
0.689263
0.695847
0.7023
0.708617
0.714792
0.720821
0.726697
0.732418
0.737979
0.743377
0.748607
0.753667
0.758554
0.763265
0.767799
0.772152
0.776324
0.780313
0.784117
0.787736
0.791168
0.794414
0.797472
0.800344
0.803028
0.805525
0.807836
0.809962
0.811903
0.81366
0.815235
0.81663
0.817845
0.818884
0.819747
0.820438
0.820959
0.821311
0.821499
0.821525
0.821391
0.821102
0.820661
0.82007
0.819335
0.818458
0.817443
0.816296
0.815019
0.813617
0.812095
0.810458
0.80871
0.806855
0.804899
0.802847
0.800704
0.798475
0.796166
0.793781
0.791327
0.788808
0.786231
0.7836
0.780923
0.778203
0.775448
0.772663
0.769854
0.767026
0.764185
0.761337
0.758489
0.755645
0.752811
0.749993
0.747197
0.744428
0.741692
0.738993
0.736338
0.733731
0.731177
0.728682
0.726249
0.723885
0.721592
0.719375
0.717238
0.715186
0.713221
0.711347
0.709567
0.707885
0.706303
0.704822
0.703447
0.702177
0.701016
0.699965
0.699024
0.698194
0.697477
0.696872
0.696379
0.695998
0.69573
0.695572
0.695524
0.695585
0.695753
0.696027
0.696404
0.696883
0.697461
0.698135
0.698904
0.699763
0.70071
0.701742
0.702855
0.704047
0.705313
0.706649
0.708053
0.70952
0.711046
0.712627
0.71426
0.715941
0.717665
0.719428
0.721226
0.723056
0.724913
0.726793
0.728693
0.730608
0.732534
0.734468
0.736405
0.738343
0.740277
0.742204
0.744119
0.746021
0.747905
0.749768
0.751607
0.753418
0.755199
0.756946
0.758657
0.760329
0.761958
0.763544
0.765082
0.766571
0.768007
0.76939
0.770716
0.771983
0.77319
0.774334
0.775414
0.776428
0.777374
0.778251
0.779057
0.77979
0.78045
0.781035
0.781544
0.781975
0.782328
0.782601
0.782795
0.782907
0.782938
0.782886
0.782752
0.782534
0.782231
0.781845
0.781374
0.780818
0.780177
0.77945
0.778639
0.777742
0.776761
0.775694
0.774544
0.773308
0.771989
0.770587
0.769102
0.767534
0.765885
0.764155
0.762346
0.760457
0.75849
0.756446
0.754326
0.752132
0.749864
0.747524
0.745113
0.742634
0.740087
0.737474
0.734798
0.732059
0.729261
0.726404
0.723491
0.720525
0.717507
0.714441
0.711327
0.708171
0.704973
0.701736
0.698464
0.69516
0.691827
0.688467
0.685084
0.681682
0.678264
0.674833
0.671394
0.667949
0.664503
0.66106
0.657624
0.654198
0.650788
0.647396
0.644029
0.640689
0.637382
0.634112
0.630883
0.627701
0.624569
0.621492
0.618476
0.615524
0.612642
0.609834
0.607104
0.604458
0.6019
0.599433
0.597063
0.594794
0.592631
0.590576
0.588634
0.586808
0.585103
0.583522
0.582067
0.580743
0.579551
0.578493
0.577574
0.576793
0.576153
0.575656
0.575303
0.575094
0.575029
0.575111
0.575337
0.575708
0.576223
0.576881
0.577681
0.578621
0.579699
0.580914
0.582263
0.583742
0.58535
0.587082
0.588936
0.590908
0.592995
0.595191
0.597493
0.599897
0.602398
0.604992
0.607673
0.610438
0.613281
0.616198
0.619183
0.622231
0.625338
0.628498
0.631706
0.634958
0.638248
0.641571
0.644923
0.648298
0.651692
0.655101
0.658518
0.66194
0.665363
0.668782
0.672192
0.67559
0.678971
0.682332
0.685668
0.688976
0.692252
0.695494
0.698696
0.701857
0.704974
0.708042
0.71106
0.714025
0.716935
0.719786
0.722577
0.725305
0.727969
0.730567
0.733097
0.735558
0.737948
0.740265
0.742509
0.74468
0.746774
0.748794
0.750736
0.752602
0.75439
0.756101
0.757735
0.75929
0.760769
0.76217
0.763495
0.764743
0.765916
0.767014
0.768038
0.768988
0.769867
0.770675
0.771413
0.772082
0.772684
0.773221
0.773694
0.774104
0.774454
0.774745
0.774978
0.775157
0.775281
0.775355
0.775379
0.775355
0.775287
0.775175
0.775022
0.77483
0.774601
0.774337
0.77404
0.773713
0.773358
0.772976
0.77257
0.772142
0.771694
0.771227
0.770743
0.770245
0.769735
0.769213
0.768681
0.768142
0.767597
0.767046
0.766492
0.765935
0.765377
0.764819
0.764262
0.763706
0.763152
0.762602
0.762055
0.761511
0.760972
0.760437
0.759907
0.759381
0.758859
0.758341
0.757827
0.757316
0.756807
0.7563
0.755794
0.755288
0.754781
0.754272
0.75376
0.753243
0.752719
0.752189
0.751649
0.751099
0.750537
0.749961
0.749369
0.748759
0.74813
0.747479
0.746805
0.746105
0.745379
0.744622
0.743835
0.743013
0.742156
0.741262
0.740328
0.739352
0.738333
0.737268
0.736155
0.734994
0.733781
0.732514
0.731193
0.729816
0.728381
0.726886
0.725329
0.723711
0.722028
0.720281
0.718467
0.716587
0.714638
0.71262
0.710532
0.708374
0.706145
0.703845
0.701473
0.69903
0.696515
0.693928
0.69127
0.688541
0.685741
0.682871
0.679932
0.676925
0.673851
0.67071
0.667505
0.664237
0.660907
0.657517
0.65407
0.650566
0.64701
0.643402
0.639746
0.636044
0.632299
0.628514
0.624693
0.620838
0.616954
0.613044
0.609111
0.60516
0.601195
0.59722
0.59324
0.589259
0.585283
0.581315
0.577361
0.573425
0.569515
0.565633
0.561787
0.557982
0.554223
0.550516
0.546867
0.543282
0.539767
0.536328
0.53297
0.5297
0.526524
0.523447
0.520475
0.517615
0.514872
0.512251
0.509757
0.507397
0.505175
0.503095
0.501163
0.499383
0.497758
0.496293
0.49499
0.493854
0.492885
0.492088
0.491464
0.491013
0.490738
0.490639
0.490716
0.490969
0.491397
0.492
0.492775
0.493722
0.494837
0.496118
0.497562
0.499167
0.500927
0.502839
0.504899
0.507103
0.509445
0.511921
0.514526
0.517253
0.520099
0.523057
0.526121
0.529286
0.532545
0.535894
0.539326
0.542835
0.546416
0.550062
0.553768
0.557527
0.561335
0.565186
0.569073
0.572992
0.576937
0.580903
0.584885
0.588878
0.592876
0.596876
0.600871
0.604859
0.608834
0.612792
0.616729
0.62064
0.624523
0.628373
0.632187
0.63596
0.639691
0.643375
0.647009
0.650591
0.654118
0.657586
0.660994
0.664338
0.667617
0.670829
0.67397
0.67704
0.680036
0.682956
0.6858
0.688565
0.69125
0.693853
0.696374
0.698812
0.701165
0.703432
0.705614
0.707708
0.709715
0.711634
0.713464
0.715206
0.716859
0.718423
0.719898
0.721284
0.722581
0.72379
0.724911
0.725944
0.72689
0.72775
0.728523
0.729212
0.729816
0.730336
0.730774
0.731131
0.731408
0.731606
0.731726
0.731769
0.731738
0.731633
0.731457
0.73121
0.730895
0.730512
0.730065
0.729555
0.728983
0.728352
0.727664
0.72692
0.726123
0.725276
0.724379
0.723437
0.72245
0.721421
0.720352
0.719246
0.718106
0.716933
0.71573
0.7145
0.713245
0.711968
0.71067
0.709355
0.708025
0.706683
0.705331
0.703971
0.702607
0.70124
0.699872
0.698507
0.697147
0.695794
0.69445
0.693118
0.691799
0.690496
0.689212
0.687947
0.686705
0.685486
0.684294
0.683129
0.681993
0.680887
0.679814
0.678775
0.677771
0.676803
0.675872
0.67498
0.674127
0.673314
0.672542
0.671811
0.671122
0.670475
0.669871
0.669309
0.66879
0.668313
0.667878
0.667485
0.667134
0.666823
0.666553
0.666322
0.666129
0.665975
0.665856
0.665773
0.665725
0.665708
0.665723
0.665768
0.665841
0.66594
0.666064
0.666211
0.666379
0.666566
0.66677
0.666989
0.66722
0.667463
0.667714
0.667971
0.668233
0.668497
0.668761
0.669022
0.669278
0.669527
0.669767
0.669996
0.670211
0.67041
0.67059
0.670751
0.670889
0.671002
0.671089
0.671147
0.671174
0.671169
0.671129
0.671053
0.670939
0.670785
0.67059
0.670351
0.670068
0.669739
0.669362
0.668937
0.668461
0.667935
0.667356
0.666724
0.666037
0.665296
0.664499
0.663646
0.662735
0.661768
0.660742
0.659659
0.658517
0.657317
0.656058
0.654742
0.653368
0.651936
0.650447
0.648901
0.647299
0.645642
0.643931
0.642166
0.640349
0.63848
0.636562
0.634595
0.632581
0.630522
0.628419
0.626275
0.62409
0.621868
0.61961
0.617319
0.614996
0.612646
0.610269
0.60787
0.60545
0.603013
0.600561
0.598098
0.595628
0.593152
0.590676
0.588202
0.585733
0.583274
0.580829
0.578401
0.575994
0.573612
0.571259
0.568939
0.566656
0.564415
0.56222
0.560074
0.557983
0.555949
0.553978
0.552074
0.550241
0.548482
0.546803
0.545206
0.543697
0.542278
0.540953
0.539727
0.538602
0.537582
0.53667
0.53587
0.535183
0.534612
0.534161
0.533831
0.533624
0.533542
0.533587
0.53376
0.534061
0.534492
0.535053
0.535745
0.536567
0.537519
0.538601
0.539812
0.541151
0.542616
0.544206
0.545919
0.547754
0.549707
0.551777
0.55396
0.556255
0.558657
0.561164
0.563773
0.566479
0.569279
0.572169
0.575146
0.578205
0.581342
0.584552
0.587833
0.591179
0.594586
0.598049
0.601564
0.605127
0.608733
0.612377
0.616056
0.619763
0.623496
0.62725
0.631019
0.6348
0.638588
0.642379
0.646169
0.649954
0.653728
0.657489
0.661232
0.664953
0.668648
0.672314
0.675946
0.679541
0.683095
0.686604
0.690066
0.693476
0.696832
0.70013
0.703367
0.70654
0.709646
0.712682
0.715645
0.718532
0.721342
0.724071
0.726716
0.729276
0.731748
0.734131
0.736421
0.738616
0.740716
0.742718
0.74462
0.746421
0.748119
0.749713
0.751201
0.752582
0.753855
0.755018
0.756072
0.757014
0.757844
0.758561
0.759166
0.759656
0.760032
0.760294
0.760441
0.760473
0.76039
0.760192
0.759879
0.759452
0.758911
0.758256
0.757488
0.756608
0.755616
0.754514
0.753302
0.751981
0.750553
0.749018
0.747379
0.745636
0.743792
0.741847
0.739805
0.737666
0.735432
0.733107
0.730692
0.728189
0.725601
0.722931
0.72018
0.717353
0.714451
0.711478
0.708436
0.70533
0.702162
0.698935
0.695653
0.69232
0.68894
0.685515
0.682051
0.67855
0.675017
0.671457
0.667872
0.664269
0.66065
0.657021
0.653386
0.649749
0.646116
0.64249
0.638877
0.635281
0.631707
0.628161
0.624646
0.621167
0.617731
0.61434
0.611001
0.607718
0.604495
0.601337
0.59825
0.595236
0.592302
0.589451
0.586687
0.584015
0.581438
0.578959
0.576584
0.574315
0.572154
0.570106
0.568173
0.566357
0.564661
0.563086
0.561635
0.560308
0.559107
0.558033
0.557086
0.556267
0.555575
0.55501
0.554572
0.554259
0.554071
0.554005
0.554061
0.554235
0.554526
0.554931
0.555447
0.556072
0.556801
0.557631
0.558559
0.559581
0.560693
0.56189
0.563168
0.564524
0.565951
0.567446
0.569005
0.570622
0.572292
0.574011
0.575774
0.577575
0.579412
0.581277
0.583168
0.585078
0.587003
0.58894
0.590882
0.592826
0.594767
0.596701
0.598624
0.600531
0.602419
0.604284
0.606122
0.607929
0.609702
0.611438
0.613132
0.614783
0.616387
0.61794
0.619442
0.620888
0.622277
0.623605
0.624872
0.626075
0.627212
0.628281
0.629281
0.63021
0.631068
0.631852
0.632562
0.633197
0.633756
0.634239
0.634645
0.634974
0.635225
0.6354
0.635496
0.635516
0.635459
0.635325
0.635116
0.634832
0.634473
0.634042
0.633538
0.632963
0.632318
0.631606
0.630826
0.629982
0.629074
0.628105
0.627076
0.625989
0.624847
0.623653
0.622407
0.621112
0.619772
0.618388
0.616963
0.6155
0.614002
0.612471
0.61091
0.609322
0.60771
0.606078
0.604427
0.602761
0.601083
0.599397
0.597705
0.59601
0.594316
0.592625
0.590941
0.589267
0.587606
0.58596
0.584333
0.582728
0.581148
0.579595
0.578072
0.576582
0.575128
0.573711
0.572335
0.571002
0.569715
0.568474
0.567283
0.566142
0.565055
0.564023
0.563047
0.562128
0.561269
0.56047
0.559732
0.559056
0.558443
0.557893
0.557408
0.556986
0.556629
0.556336
0.556108
0.555944
0.555843
0.555806
0.555832
0.555919
0.556067
0.556275
0.556543
0.556868
0.557249
0.557686
0.558176
0.558718
0.55931
0.559952
0.56064
0.561374
0.56215
0.562968
0.563826
0.564721
0.565651
0.566614
0.567609
0.568634
0.569685
0.570761
0.571861
0.572981
0.57412
0.575277
0.576448
0.577631
0.578826
0.58003
0.581241
0.582457
0.583677
0.584898
0.586118
0.587337
0.588553
0.589763
0.590967
0.592162
0.593348
0.594523
0.595685
0.596833
0.597966
0.599083
0.600182
0.601263
0.602324
0.603364
0.604382
0.605378
0.60635
0.607297
0.608219
0.609115
0.609984
0.610825
0.611638
0.612422
0.613177
0.613902
0.614596
0.615259
0.615891
0.61649
0.617057
0.617592
0.618093
0.61856
0.618994
0.619394
0.61976
0.620091
0.620387
0.620648
0.620874
0.621064
0.621219
0.621338
0.621422
0.62147
0.621481
0.621457
0.621397
0.6213
0.621168
0.620999
0.620794
0.620554
0.620277
0.619964
0.619616
0.619232
0.618812
0.618357
0.617867
0.617342
0.616782
0.616188
0.61556
0.614897
0.614202
0.613473
0.612711
0.611917
0.611091
0.610234
0.609346
0.608428
0.607481
0.606504
0.6055
0.604467
0.603409
0.602324
0.601215
0.600082
0.598925
0.597747
0.596548
0.595329
0.594091
0.592836
0.591565
0.59028
0.588981
0.58767
0.586348
0.585018
0.58368
0.582336
0.580989
0.579639
0.578288
0.576939
0.575593
0.574252
0.572918
0.571593
0.570279
0.568977
0.567691
0.566421
0.565171
0.563942
0.562736
0.561556
0.560403
0.55928
0.558188
0.557131
0.556109
0.555126
0.554182
0.55328
0.552422
0.55161
0.550845
0.55013
0.549466
0.548854
0.548297
0.547795
0.54735
0.546964
0.546637
0.54637
0.546165
0.546023
0.545943
0.545927
0.545975
0.546088
0.546265
0.546507
0.546814
0.547186
0.547621
0.548121
0.548683
0.549308
0.549995
0.550742
0.551549
0.552413
0.553335
0.554312
0.555343
0.556425
0.557558
0.558739
0.559966
0.561238
0.562551
0.563903
0.565293
0.566718
0.568175
0.569662
0.571175
0.572713
0.574273
0.575852
0.577448
0.579056
0.580676
0.582303
0.583936
0.585571
0.587206
0.588837
0.590463
0.59208
0.593685
0.595277
0.596852
0.598408
0.599943
0.601453
0.602937
0.604392
0.605816
0.607206
0.608561
0.609878
0.611156
0.612392
0.613585
0.614732
0.615832
0.616885
0.617887
0.618837
0.619735
0.620579
0.621367
0.6221
0.622775
0.623392
0.62395
0.624448
0.624887
0.625264
0.625581
0.625836
0.62603
0.626162
0.626232
0.626241
0.626188
0.626074
0.6259
0.625665
0.62537
0.625016
0.624603
0.624133
0.623606
0.623023
0.622385
0.621694
0.62095
0.620155
0.61931
0.618417
0.617476
0.616491
0.615462
0.61439
0.613279
0.612128
0.610942
0.60972
0.608465
0.60718
0.605866
0.604525
0.603159
0.60177
0.600361
0.598934
0.597491
0.596033
0.594564
0.593085
0.591599
0.590107
0.588612
0.587117
0.585623
0.584132
0.582646
0.581169
0.5797
0.578244
0.576801
0.575373
0.573963
0.572572
0.571202
0.569855
0.568531
0.567234
0.565964
0.564723
0.563512
0.562332
0.561185
0.560072
0.558994
0.557951
0.556945
0.555977
0.555046
0.554155
0.553303
0.552491
0.551719
0.550987
0.550296
0.549647
0.549038
0.54847
0.547943
0.547457
0.547011
0.546605
0.54624
0.545913
0.545626
0.545377
0.545166
0.544993
0.544856
0.544755
0.54469
0.544659
0.544661
0.544697
0.544765
0.544864
0.544993
0.545153
0.545341
0.545556
0.545799
0.546069
0.546363
0.546682
0.547025
0.547391
0.547779
0.548189
0.548619
0.549069
0.549539
0.550027
0.550534
0.551058
0.551599
0.552156
0.552729
0.553318
0.553922
0.55454
0.555173
0.555819
0.556479
0.557153
0.55784
0.558539
0.559251
0.559976
0.560713
0.561462
0.562223
0.562996
0.563781
0.564578
0.565387
0.566207
0.567039
0.567882
0.568737
0.569604
0.570482
0.571371
0.572272
0.573184
0.574107
0.575041
0.575986
0.576942
0.577908
0.578885
0.579872
0.580869
0.581875
0.582891
0.583915
0.584949
0.58599
0.587039
0.588095
0.589158
0.590227
0.591302
0.592381
0.593465
0.594552
0.595642
0.596733
0.597826
0.598918
0.60001
0.6011
0.602187
0.603271
0.60435
0.605422
0.606488
0.607545
0.608593
0.60963
0.610655
0.611667
0.612664
0.613646
0.614611
0.615557
0.616483
0.617389
0.618272
0.619131
0.619965
0.620773
0.621553
0.622304
0.623024
0.623712
0.624368
0.624989
0.625574
0.626123
0.626633
0.627104
0.627535
0.627924
0.628271
0.628574
0.628833
0.629045
0.629212
0.629331
0.629401
0.629423
0.629395
0.629317
0.629188
0.629008
0.628775
0.628491
0.628153
0.627763
0.627319
0.626822
0.626272
0.625668
0.625011
0.624301
0.623537
0.622721
0.621852
0.620932
0.61996
0.618937
0.617864
0.616742
0.615571
0.614352
0.613087
0.611776
0.61042
0.609021
0.60758
0.606098
0.604576
0.603017
0.601422
0.599792
0.598129
0.596434
0.594711
0.59296
0.591184
0.589384
0.587563
0.585723
0.583865
0.581993
0.580109
0.578214
0.576311
0.574403
0.572492
0.57058
0.56867
0.566764
0.564866
0.562976
0.561099
0.559236
0.55739
0.555563
0.553758
0.551978
0.550224
0.548499
0.546806
0.545147
0.543524
0.541939
0.540394
0.538892
0.537434
0.536022
0.534659
0.533346
0.532084
0.530874
0.52972
0.528621
0.527579
0.526595
0.52567
0.524805
0.524
0.523256
0.522574
0.521953
0.521394
0.520897
0.520462
0.520089
0.519776
0.519524
0.519333
0.5192
0.519126
0.519109
0.519149
0.519243
0.519391
0.519591
0.519841
0.52014
0.520487
0.520878
0.521313
0.521789
0.522304
0.522856
0.523444
0.524063
0.524713
0.525391
0.526095
0.526822
0.52757
0.528336
0.529118
0.529914
0.530721
0.531536
0.532358
0.533184
0.534011
0.534837
0.53566
0.536478
0.537287
0.538087
0.538875
0.539648
0.540405
0.541144
0.541862
0.542558
0.54323
0.543876
0.544495
0.545084
0.545642
0.546167
0.546659
0.547115
0.547534
0.547916
0.548259
0.548561
0.548822
0.549041
0.549216
0.549348
0.549435
0.549477
0.549472
0.549421
0.549324
0.549178
0.548986
0.548745
0.548457
0.54812
0.547735
0.547302
0.546821
0.546293
0.545717
0.545093
0.544423
0.543707
0.542945
0.542137
0.541285
0.54039
0.539451
0.53847
0.537448
0.536385
0.535283
0.534143
0.532966
0.531753
0.530505
0.529224
0.527911
0.526567
0.525194
0.523794
0.522367
0.520916
0.519442
0.517947
0.516432
0.5149
0.513353
0.511791
0.510217
0.508633
0.507041
0.505442
0.50384
0.502236
0.500631
0.499029
0.497431
0.49584
0.494257
0.492685
0.491127
0.489583
0.488057
0.486551
0.485067
0.483608
0.482175
0.48077
0.479397
0.478057
0.476753
0.475487
0.47426
0.473076
0.471936
0.470842
0.469796
0.468801
0.467858
0.46697
0.466138
0.465363
0.464649
0.463996
0.463406
0.462881
0.462421
0.462029
0.461706
0.461453
0.461272
0.461162
0.461125
0.461163
0.461275
0.461462
0.461725
0.462065
0.462481
0.462974
0.463544
0.46419
0.464914
0.465713
0.466589
0.467541
0.468568
0.469669
0.470843
0.472091
0.47341
0.4748
0.476259
0.477786
0.479381
0.48104
0.482764
0.484549
0.486395
0.4883
0.490261
0.492278
0.494347
0.496467
0.498636
0.500851
0.503111
0.505413
0.507754
0.510133
0.512548
0.514994
0.517472
0.519976
0.522507
0.525059
0.527633
0.530223
0.532829
0.535448
0.538076
0.540712
0.543353
0.545996
0.548639
0.551279
0.553914
0.55654
0.559156
0.561759
0.564346
0.566915
0.569464
0.57199
0.57449
0.576962
0.579404
0.581814
0.584188
0.586525
0.588822
0.591078
0.593289
0.595454
0.597571
0.599637
0.60165
0.603609
0.605511
0.607354
0.609136
0.610856
0.612512
0.614102
0.615623
0.617075
0.618456
0.619764
0.620997
0.622155
0.623235
0.624236
0.625157
0.625997
0.626754
0.627427
0.628015
0.628517
0.628932
0.629259
0.629497
0.629645
0.629703
0.629669
0.629544
0.629326
0.629016
0.628612
0.628115
0.627524
0.626838
0.626059
0.625185
0.624216
0.623154
0.621997
0.620746
0.619402
0.617965
0.616435
0.614813
0.613099
0.611295
0.609401
0.607417
0.605345
0.603186
0.600942
0.598612
0.596199
0.593704
0.591128
0.588473
0.585741
0.582933
0.580052
0.577098
0.574075
0.570984
0.567828
0.564609
0.561329
0.557991
0.554597
0.55115
0.547653
0.544109
0.540521
0.536891
0.533224
0.529522
0.525789
0.522028
0.518242
0.514436
0.510614
0.506778
0.502934
0.499084
0.495234
0.491387
0.487548
0.48372
0.47991
0.47612
0.472355
0.468621
0.464922
0.461262
0.457646
0.454079
0.450566
0.447112
0.443721
0.440398
0.437149
0.433976
0.430887
0.427884
0.424972
0.422157
0.419441
0.41683
0.414327
0.411936
0.409661
0.407505
0.405471
0.403563
0.401783
0.400134
0.398618
0.397236
0.395991
0.394883
0.393914
0.393084
0.392394
0.391844
0.391432
0.391159
0.391023
0.391024
0.391159
0.391426
0.391823
0.392349
0.392999
0.39377
0.394661
0.395666
0.396783
0.398008
0.399336
0.400763
0.402285
0.403898
0.405598
0.407379
0.409238
0.411169
0.413168
0.415231
0.417353
0.419529
0.421755
0.424027
0.42634
0.428689
0.431072
0.433482
0.435917
0.438373
0.440846
0.443331
0.445826
0.448327
0.45083
0.453333
0.455832
0.458324
0.460807
0.463278
0.465733
0.468172
0.47059
0.472987
0.47536
0.477707
0.480026
0.482316
0.484575
0.486801
0.488993
0.49115
0.493271
0.495355
0.497401
0.499407
0.501374
0.503301
0.505187
0.507031
0.508834
0.510595
0.512315
0.513992
0.515628
0.517222
0.518774
0.520284
0.521754
0.523183
0.524571
0.52592
0.52723
0.528502
0.529735
0.530931
0.532092
0.533216
0.534306
0.535362
0.536385
0.537377
0.538338
0.539268
0.54017
0.541044
0.541891
0.542713
0.54351
0.544283
0.545034
0.545764
0.546473
0.547163
0.547835
0.54849
0.549129
0.549752
0.550362
0.550958
0.551543
0.552116
0.552679
0.553232
0.553776
0.554313
0.554842
0.555365
0.555882
0.556394
0.556901
0.557404
0.557903
0.5584
0.558893
0.559384
0.559872
0.560359
0.560844
0.561327
0.561809
0.562289
0.562767
0.563244
0.563719
0.564193
0.564664
0.565133
0.565599
0.566062
0.566522
0.566978
0.56743
0.567877
0.568318
0.568754
0.569184
0.569606
0.570021
0.570427
0.570824
0.571211
0.571588
0.571953
0.572306
0.572646
0.572973
0.573285
0.573581
0.573861
0.574125
0.57437
0.574596
0.574803
0.57499
0.575155
0.575298
0.575418
0.575515
0.575587
0.575634
0.575655
0.57565
0.575616
0.575555
0.575465
0.575345
0.575196
0.575015
0.574804
0.57456
0.574284
0.573976
0.573634
0.573258
0.572848
0.572403
0.571924
0.571409
0.570859
0.570273
0.56965
0.568992
0.568298
0.567567
0.566799
0.565995
0.565154
0.564276
0.563362
0.562411
0.561424
0.560401
0.559341
0.558245
0.557114
0.555947
0.554745
0.553507
0.552236
0.55093
0.54959
0.548216
0.54681
0.545371
0.5439
0.542397
0.540863
0.539299
0.537704
0.53608
0.534428
0.532747
0.531039
0.529304
0.527542
0.525755
0.523944
0.522108
0.520248
0.518366
0.516463
0.514538
0.512592
0.510627
0.508644
0.506642
0.504623
0.502588
0.500537
0.498472
0.496392
0.4943
0.492195
0.490079
0.487953
0.485817
0.483673
0.48152
0.479361
0.477196
0.475025
0.47285
0.470672
0.468491
0.466309
0.464126
0.461943
0.459762
0.457582
0.455406
0.453234
0.451066
0.448904
0.44675
0.444603
0.442464
0.440335
0.438217
0.436111
0.434017
0.431937
0.429871
0.42782
0.425787
0.423771
0.421773
0.419795
0.417837
0.415901
0.413988
0.412098
0.410233
0.408394
0.406582
0.404797
0.403041
0.401315
0.39962
0.397957
0.396327
0.394731
0.39317
0.391645
0.390157
0.388707
0.387297
0.385926
0.384597
0.383309
0.382065
0.380864
0.379709
0.378598
0.377535
0.376519
0.375551
0.374632
0.373763
0.372944
0.372176
0.37146
0.370797
0.370186
0.369629
0.369126
0.368677
0.368284
0.367945
0.367662
0.367434
0.367263
0.367148
0.367088
0.367085
0.367139
0.367248
0.367414
0.367635
0.367912
0.368245
0.368633
0.369076
0.369573
0.370123
0.370728
0.371385
0.372094
0.372855
0.373667
0.374529
0.375441
0.376401
0.377409
0.378464
0.379565
0.380711
0.381901
0.383134
0.38441
0.385727
0.387084
0.388481
0.389915
0.391387
0.392894
0.394436
0.396012
0.397621
0.399261
0.400932
0.402632
0.40436
0.406116
0.407898
0.409704
0.411535
0.413389
0.415264
0.417161
0.419077
0.421011
0.422964
0.424933
0.426918
0.428918
0.430932
0.432959
0.434998
0.437047
0.439107
0.441177
0.443255
0.44534
0.447432
0.449531
0.451634
0.453742
0.455853
0.457967
0.460083
0.462201
0.464319
0.466437
0.468554
0.47067
0.472783
0.474893
0.477
0.479102
0.481199
0.48329
0.485375
0.487453
0.489524
0.491586
0.493638
0.495681
0.497714
0.499736
0.501745
0.503743
0.505727
0.507697
0.509653
0.511594
0.513519
0.515427
0.517317
0.51919
0.521044
0.522878
0.524691
0.526484
0.528254
0.530002
0.531726
0.533426
0.535101
0.536749
0.538371
0.539965
0.541531
0.543066
0.544572
0.546046
0.547488
0.548897
0.550272
0.551612
0.552916
0.554184
0.555413
0.556604
0.557755
0.558865
0.559934
0.56096
0.561942
0.56288
0.563772
0.564618
0.565416
0.566166
0.566866
0.567516
0.568114
0.56866
0.569153
0.569591
0.569974
0.570302
0.570572
0.570785
0.570939
0.571033
0.571067
0.57104
0.570951
0.570799
0.570583
0.570304
0.569959
0.569549
0.569073
0.56853
0.56792
0.567242
0.566495
0.56568
0.564795
0.56384
0.562816
0.561721
0.560555
0.559318
0.558011
0.556632
0.555182
0.55366
0.552067
0.550403
0.548668
0.546862
0.544985
0.543037
0.54102
0.538933
0.536776
0.534551
0.532257
0.529896
0.527468
0.524974
0.522415
0.519792
0.517106
0.514357
0.511548
0.508678
0.50575
0.502765
0.499725
0.49663
0.493483
0.490285
0.487039
0.483745
0.480406
0.477024
0.473602
0.470141
0.466643
0.463112
0.45955
0.455959
0.452342
0.448703
0.445043
0.441367
0.437677
0.433976
0.430269
0.426558
0.422847
0.41914
0.41544
0.411752
0.40808
0.404428
0.400799
0.397199
0.393632
0.390102
0.386615
0.383174
0.379784
0.376451
0.373179
0.369973
0.366838
0.36378
0.360803
0.357912
0.355112
0.352409
0.349807
0.347311
0.344925
0.342655
0.340504
0.338478
0.33658
0.334814
0.333184
0.331693
0.330345
0.329142
0.328086
0.327181
0.326427
0.325826
0.32538
0.325089
0.324953
0.324972
0.325146
0.325473
0.325954
0.326585
0.327365
0.328291
0.329361
0.330572
0.331921
0.333403
0.335016
0.336754
0.338615
0.340593
0.342684
0.344883
0.347186
0.349588
0.352083
0.354667
0.357335
0.360082
0.362902
0.365792
0.368745
0.371758
0.374825
0.377942
0.381104
0.384306
0.387545
0.390815
0.394113
0.397434
0.400775
0.404131
0.407499
0.410875
0.414256
0.417637
0.421017
0.424391
0.427756
0.43111
0.43445
0.437773
0.441076
0.444357
0.447613
0.450842
0.454043
0.457212
0.460348
0.463449
0.466513
0.469539
0.472524
0.475468
0.478368
0.481225
0.484035
0.486799
0.489514
0.492181
0.494797
0.497363
0.499877
0.502339
0.504747
0.507102
0.509403
0.511649
0.513841
0.515977
0.518057
0.520082
0.52205
0.523963
0.525819
0.527619
0.529364
0.531052
0.532684
0.534261
0.535782
0.537248
0.538659
0.540016
0.541319
0.542568
0.543764
0.544907
0.545998
0.547037
0.548026
0.548964
0.549853
0.550692
0.551484
0.552228
0.552925
0.553576
0.554181
0.554743
0.555261
0.555736
0.556169
0.556561
0.556913
0.557226
0.557501
0.557738
0.557939
0.558104
0.558235
0.558331
0.558396
0.558428
0.55843
0.558401
0.558344
0.558258
0.558146
0.558007
0.557843
0.557654
0.557442
0.557207
0.556951
0.556674
0.556376
0.55606
0.555725
0.555372
0.555003
0.554617
0.554217
0.553801
0.553372
0.55293
0.552476
0.552009
0.551532
0.551044
0.550546
0.550039
0.549522
0.548998
0.548465
0.547926
0.547379
0.546826
0.546266
0.545701
0.545131
0.544555
0.543975
0.54339
0.542801
0.542208
0.541611
0.541011
0.540407
0.539799
0.539188
0.538574
0.537957
0.537337
0.536713
0.536087
0.535457
0.534824
0.534187
0.533548
0.532905
0.532258
0.531607
0.530953
0.530294
0.529631
0.528964
0.528292
0.527615
0.526932
0.526245
0.525551
0.524852
0.524147
0.523435
0.522716
0.52199
0.521257
0.520516
0.519767
0.51901
0.518244
0.517469
0.516685
0.515892
0.515089
0.514276
0.513452
0.512618
0.511773
0.510917
0.510049
0.50917
0.508278
0.507375
0.506459
0.505531
0.50459
0.503637
0.50267
0.50169
0.500697
0.49969
0.49867
0.497637
0.49659
0.49553
0.494456
0.493368
0.492267
0.491152
0.490025
0.488884
0.48773
0.486563
0.485384
0.484192
0.482987
0.481771
0.480544
0.479305
0.478055
0.476795
0.475524
0.474244
0.472955
0.471657
0.470351
0.469037
0.467716
0.466389
0.465056
0.463718
0.462376
0.46103
0.459681
0.45833
0.456978
0.455625
0.454273
0.452923
0.451574
0.450229
0.448887
0.447551
0.446221
0.444898
0.443584
0.442278
0.440983
0.439699
0.438428
0.43717
0.435927
0.4347
0.43349
0.432298
0.431125
0.429973
0.428842
0.427734
0.426649
0.42559
0.424556
0.42355
0.422572
0.421623
0.420704
0.419817
0.418962
0.418141
0.417354
0.416602
0.415886
0.415207
0.414565
0.413962
0.413399
0.412875
0.412391
0.411949
0.411548
0.41119
0.410874
0.4106
0.41037
0.410183
0.41004
0.40994
0.409885
0.409872
0.409904
0.409979
0.410098
0.41026
0.410465
0.410712
0.411001
0.411332
0.411703
0.412116
0.412567
0.413058
0.413587
0.414154
0.414757
0.415396
0.416069
0.416776
0.417516
0.418287
0.419089
0.41992
0.420778
0.421664
0.422575
0.42351
0.424468
0.425448
0.426448
0.427467
0.428503
0.429556
0.430623
0.431703
0.432796
0.433899
0.435011
0.436131
0.437257
0.438388
0.439523
0.44066
0.441798
0.442935
0.44407
0.445202
0.44633
0.447452
0.448568
0.449675
0.450772
0.451859
0.452935
0.453997
0.455046
0.45608
0.457098
0.458098
0.459081
0.460045
0.46099
0.461913
0.462816
0.463696
0.464553
0.465386
0.466195
0.46698
0.467738
0.46847
0.469176
0.469855
0.470506
0.471129
0.471723
0.472289
0.472826
0.473333
0.473811
0.47426
0.474678
0.475067
0.475426
0.475754
0.476053
0.476322
0.476561
0.47677
0.476949
0.4771
0.477221
0.477313
0.477376
0.477411
0.477418
0.477398
0.47735
0.477275
0.477175
0.477048
0.476896
0.47672
0.476519
0.476295
0.476047
0.475778
0.475486
0.475174
0.474841
0.474489
0.474118
0.473729
0.473322
0.472899
0.47246
0.472006
0.471537
0.471055
0.470561
0.470054
0.469536
0.469009
0.468471
0.467925
0.467371
0.46681
0.466243
0.46567
0.465092
0.464511
0.463926
0.463339
0.46275
0.462159
0.461569
0.460978
0.460389
0.459801
0.459215
0.458632
0.458052
0.457475
0.456903
0.456336
0.455774
0.455218
0.454667
0.454123
0.453585
0.453055
0.452531
0.452015
0.451507
0.451006
0.450514
0.450029
0.449553
0.449084
0.448624
0.448172
0.447727
0.447291
0.446863
0.446442
0.446028
0.445622
0.445223
0.444831
0.444445
0.444065
0.443691
0.443323
0.44296
0.442601
0.442247
0.441896
0.441549
0.441205
0.440864
0.440524
0.440186
0.439849
0.439512
0.439176
0.438839
0.438501
0.438161
0.437819
0.437475
0.437128
0.436777
0.436422
0.436063
0.435699
0.435329
0.434954
0.434572
0.434184
0.433788
0.433385
0.432975
0.432556
0.432129
0.431694
0.43125
0.430796
0.430334
0.429862
0.42938
0.428889
0.428389
0.427878
0.427358
0.426828
0.426289
0.42574
0.425182
0.424615
0.424039
0.423454
0.42286
0.422259
0.42165
0.421034
0.42041
0.419781
0.419145
0.418504
0.417858
0.417208
0.416554
0.415897
0.415238
0.414578
0.413917
0.413256
0.412595
0.411937
0.411281
0.410628
0.40998
0.409336
0.408699
0.408069
0.407447
0.406835
0.406232
0.40564
0.40506
0.404493
0.40394
0.403403
0.402881
0.402376
0.401889
0.401421
0.400973
0.400545
0.400139
0.399756
0.399396
0.399061
0.39875
0.398466
0.398208
0.397977
0.397774
0.397599
0.397454
0.397338
0.397253
0.397198
0.397174
0.397181
0.39722
0.39729
0.397393
0.397527
0.397694
0.397892
0.398123
0.398385
0.39868
0.399005
0.399362
0.39975
0.400168
0.400616
0.401094
0.4016
0.402135
0.402697
0.403286
0.403902
0.404542
0.405207
0.405896
0.406607
0.40734
0.408094
0.408867
0.409659
0.410468
0.411294
0.412135
0.41299
0.413858
0.414738
0.415628
0.416528
0.417436
0.418351
0.419271
0.420196
0.421125
0.422055
0.422986
0.423917
0.424847
0.425774
0.426698
0.427616
0.428529
0.429434
0.430332
0.43122
0.432099
0.432966
0.433821
0.434663
0.435492
0.436306
0.437105
0.437887
0.438653
0.439401
0.44013
0.440841
0.441533
0.442204
0.442856
0.443486
0.444095
0.444683
0.445249
0.445793
0.446314
0.446813
0.44729
0.447744
0.448175
0.448583
0.448969
0.449332
0.449673
0.449991
0.450288
0.450563
0.450817
0.45105
0.451262
0.451454
0.451626
0.451779
0.451914
0.45203
0.452129
0.452211
0.452278
0.452328
0.452365
0.452387
0.452396
0.452393
0.452379
0.452354
0.45232
0.452276
0.452225
0.452167
0.452103
0.452034
0.451961
0.451884
0.451806
0.451726
0.451646
0.451566
0.451489
0.451413
0.451342
0.451275
0.451213
0.451157
0.451108
0.451067
0.451036
0.451013
0.451001
0.451
0.451011
0.451034
0.45107
0.45112
0.451184
0.451264
0.451358
0.451468
0.451595
0.451738
0.451897
0.452074
0.452269
0.452481
0.45271
0.452958
0.453223
0.453506
0.453807
0.454125
0.454462
0.454815
0.455186
0.455573
0.455977
0.456397
0.456833
0.457284
0.45775
0.45823
0.458724
0.459231
0.459751
0.460282
0.460824
0.461377
0.461939
0.46251
0.46309
0.463676
0.464268
0.464867
0.465469
0.466076
0.466685
0.467296
0.467908
0.46852
0.469131
0.46974
0.470346
0.470949
0.471547
0.472139
0.472725
0.473303
0.473873
0.474434
0.474985
0.475524
0.476052
0.476568
0.47707
0.477558
0.47803
0.478487
0.478928
0.479352
0.479757
0.480145
0.480513
0.480862
0.481191
0.481499
0.481786
0.482051
0.482295
0.482516
0.482714
0.482889
0.483042
0.48317
0.483275
0.483356
0.483413
0.483445
0.483454
0.483438
0.483398
0.483334
0.483246
0.483134
0.482998
0.482838
0.482655
0.482449
0.48222
0.481968
0.481695
0.481399
0.481082
0.480744
0.480386
0.480008
0.47961
0.479194
0.478759
0.478307
0.477838
0.477353
0.476853
0.476337
0.475808
0.475265
0.47471
0.474143
0.473565
0.472977
0.47238
0.471775
0.471163
0.470544
0.46992
0.46929
0.468658
0.468022
0.467385
0.466746
0.466108
0.465471
0.464835
0.464203
0.463574
0.46295
0.462331
0.461719
0.461115
0.460518
0.459931
0.459354
0.458787
0.458232
0.45769
0.457161
0.456645
0.456144
0.455659
0.455189
0.454737
0.454301
0.453883
0.453483
0.453103
0.452741
0.452399
0.452078
0.451776
0.451496
0.451236
0.450998
0.450781
0.450586
0.450413
0.450261
0.450131
0.450023
0.449937
0.449872
0.449828
0.449806
0.449805
0.449825
0.449865
0.449925
0.450005
0.450104
0.450221
0.450357
0.450511
0.450681
0.450868
0.451071
0.451289
0.451521
0.451767
0.452025
0.452295
0.452577
0.452868
0.453169
0.453479
0.453795
0.454119
0.454447
0.45478
0.455117
0.455456
0.455796
0.456137
0.456477
0.456815
0.45715
0.457481
0.457807
0.458127
0.45844
0.458744
0.459038
0.459322
0.459595
0.459854
0.4601
0.460331
0.460546
0.460744
0.460923
0.461084
0.461225
0.461345
0.461442
0.461517
0.461568
0.461594
0.461595
0.461569
0.461515
0.461434
0.461323
0.461183
0.461013
0.460811
0.460578
0.460312
0.460014
0.459682
0.459315
0.458915
0.458479
0.458008
0.457502
0.456959
0.45638
0.455764
0.455112
0.454423
0.453697
0.452934
0.452134
0.451296
0.450422
0.449511
0.448564
0.44758
0.44656
0.445505
0.444414
0.443288
0.442128
0.440935
0.439708
0.438449
0.437159
0.435837
0.434486
0.433106
0.431697
0.430262
0.428801
0.427315
0.425806
0.424275
0.422723
0.421152
0.419563
0.417957
0.416338
0.414705
0.413061
0.411408
0.409747
0.408081
0.406411
0.404739
0.403069
0.4014
0.399737
0.398081
0.396434
0.394799
0.393178
0.391574
0.389988
0.388424
0.386884
0.38537
0.383886
0.382432
0.381013
0.37963
0.378287
0.376985
0.375727
0.374516
0.373353
0.372242
0.371185
0.370184
0.369241
0.368358
0.367537
0.366781
0.366092
0.36547
0.364918
0.364437
0.364029
0.363695
0.363436
0.363253
0.363148
0.36312
0.36317
0.363299
0.363507
0.363794
0.36416
0.364604
0.365127
0.365728
0.366406
0.36716
0.36799
0.368893
0.369869
0.370916
0.372033
0.373218
0.374469
0.375784
0.377161
0.378597
0.380092
0.381641
0.383243
0.384896
0.386596
0.388341
0.390128
0.391955
0.393819
0.395716
0.397645
0.399602
0.401584
0.403588
0.405612
0.407653
0.409708
0.411773
0.413846
0.415925
0.418006
0.420087
0.422164
0.424236
0.426299
0.428351
0.43039
0.432412
0.434415
0.436398
0.438356
0.440289
0.442194
0.444069
0.445911
0.447718
0.449489
0.451221
0.452913
0.454563
0.456168
0.457728
0.45924
0.460704
0.462117
0.463478
0.464786
0.466039
0.467237
0.468378
0.46946
0.470484
0.471448
0.472351
0.473193
0.473972
0.474689
0.475342
0.47593
0.476455
0.476915
0.477309
0.477638
0.477902
0.478101
0.478233
0.478301
0.478302
0.478239
0.478111
0.477918
0.477662
0.477341
0.476958
0.476512
0.476004
0.475436
0.474807
0.474119
0.473372
0.472569
0.471709
0.470794
0.469825
0.468803
0.467731
0.466608
0.465438
0.46422
0.462957
0.46165
0.460302
0.458913
0.457486
0.456023
0.454524
0.452994
0.451432
0.449842
0.448225
0.446584
0.444921
0.443237
0.441536
0.439819
0.438089
0.436348
0.434599
0.432843
0.431083
0.429322
0.427562
0.425805
0.424054
0.422311
0.420578
0.418859
0.417155
0.415468
0.413802
0.412158
0.410538
0.408945
0.407381
0.405848
0.404348
0.402883
0.401455
0.400067
0.398718
0.397413
0.396151
0.394935
0.393766
0.392645
0.391574
0.390553
0.389584
0.388668
0.387805
0.386997
0.386242
0.385543
0.384899
0.384311
0.383778
0.383301
0.382878
0.382511
0.382198
0.381939
0.381733
0.38158
0.381478
0.381426
0.381423
0.381469
0.381561
0.381698
0.38188
0.382103
0.382366
0.382669
0.383008
0.383383
0.38379
0.384228
0.384696
0.385191
0.38571
0.386253
0.386816
0.387398
0.387996
0.388608
0.389233
0.389867
0.390509
0.391157
0.391808
0.392461
0.393113
0.393763
0.394408
0.395046
0.395675
0.396295
0.396902
0.397495
0.398072
0.398631
0.399172
0.399692
0.40019
0.400664
0.401114
0.401537
0.401932
0.402299
0.402636
0.402942
0.403216
0.403457
0.403665
0.403838
0.403976
0.404079
0.404145
0.404175
0.404167
0.404122
0.40404
0.40392
0.403761
0.403565
0.403331
0.40306
0.402751
0.402404
0.402021
0.401602
0.401147
0.400656
0.400131
0.399572
0.39898
0.398356
0.397701
0.397017
0.396303
0.395561
0.394793
0.394
0.393184
0.392345
0.391486
0.390608
0.389712
0.388801
0.387877
0.386941
0.385994
0.38504
0.384081
0.383117
0.382153
0.381189
0.380228
0.379272
0.378324
0.377386
0.37646
0.37555
0.374656
0.373783
0.372932
0.372105
0.371307
0.370537
0.369801
0.369099
0.368434
0.367809
0.367227
0.366689
0.366197
0.365755
0.365364
0.365026
0.364744
0.36452
0.364355
0.364251
0.36421
0.364234
0.364323
0.364481
0.364707
0.365002
0.365369
0.365807
0.366318
0.366902
0.367559
0.368291
0.369096
0.369976
0.370929
0.371957
0.373057
0.374231
0.375476
0.376793
0.378181
0.379638
0.381163
0.382755
0.384412
0.386134
0.387917
0.389762
0.391665
0.393625
0.39564
0.397708
0.399827
0.401994
0.404208
0.406465
0.408765
0.411103
0.413478
0.415888
0.418329
0.4208
0.423297
0.425819
0.428363
0.430925
0.433505
0.436098
0.438703
0.441316
0.443936
0.44656
0.449186
0.45181
0.454431
0.457045
0.459652
0.462247
0.464829
0.467396
0.469946
0.472475
0.474982
0.477464
0.479921
0.482348
0.484745
0.487109
0.489438
0.491731
0.493985
0.496198
0.49837
0.500497
0.502579
0.504613
0.506598
0.508533
0.510415
0.512243
0.514017
0.515733
0.517392
0.518992
0.520531
0.522008
0.523422
