
Dual Residual: 
1
1249.82
329.803
172.495
103.26
87.4117
69.0749
56.0613
49.1976
44.1747
38.7303
33.1355
28.4348
25.3315
23.7163
22.8585
22.0515
21.0251
19.8791
18.7752
17.7218
16.6332
15.5255
14.5995
14.113
14.1462
14.5072
14.8761
14.9912
14.7273
14.0846
13.1485
12.0504
10.9387
9.95783
9.22767
8.81648
8.71844
8.85841
9.12667
9.41683
9.64678
9.76356
9.74115
9.57669
9.28697
8.90517
8.4768
8.05398
7.68728
7.41557
7.25681
7.20424
7.23079
7.29923
7.37266
7.42143
7.42583
7.37583
7.26932
7.11004
6.90565
6.66652
6.40509
6.13574
5.87484
5.64013
5.4492
5.31665
5.25061
5.25
5.30415
5.39508
5.50148
5.60268
5.6816
5.72634
5.73069
5.69387
5.61974
5.5157
5.39152
5.25794
5.12549
5.00327
4.89805
4.81373
4.75115
4.70832
4.68104
4.66361
4.64969
4.63311
4.6085
4.57185
4.5209
4.45539
4.377
4.28921
4.19684
4.10537
4.02015
3.94548
3.88388
3.83567
3.79896
3.77012
3.74452
3.71739
3.6846
3.6432
3.59175
3.53041
3.4608
3.38578
3.30904
3.23471
3.1669
3.10927
3.06462
3.03465
3.01982
3.0194
3.03161
3.05391
3.0833
3.11662
3.15075
3.18288
3.2106
3.23206
3.24601
3.25189
3.24979
3.24051
3.2254
3.20633
3.18547
3.16513
3.1475
3.13444
3.12724
3.1265
3.13208
3.14309
3.15804
3.17504
3.19196
3.20669
3.21729
3.22214
3.22004
3.21028
3.19265
3.16743
3.13537
3.09759
3.05557
3.01097
2.96557
2.92113
2.87927
2.84134
2.80835
2.7809
2.75919
2.74303
2.73193
2.72523
2.72216
2.72202
2.72421
2.72832
2.73413
2.74161
2.75085
2.76203
2.77529
2.7907
2.80817
2.82743
2.848
2.86922
2.89028
2.91034
2.92851
2.94401
2.95619
2.96456
2.96889
2.96917
2.96561
2.95863
2.94881
2.93684
2.92344
2.90934
2.89521
2.8816
2.86894
2.85749
2.84739
2.83868
2.83128
2.82509
2.82001
2.81596
2.81292
2.81094
2.81015
2.81071
2.81283
2.81669
2.82245
2.83016
2.83979
2.85115
2.86391
2.8776
2.89164
2.90532
2.91788
2.92852
2.93647
2.94096
2.94132
2.93699
2.92753
2.91263
2.89216
2.86616
2.83481
2.79851
2.7578
2.71342
2.66623
2.61728
2.56773
2.51884
2.47192
2.42834
2.38938
2.35624
2.32994
2.31126
2.30067
2.29831
2.304
2.31721
2.33713
2.36275
2.39292
2.42641
2.462
2.49852
2.53491
2.57027
2.6038
2.63491
2.66316
2.68825
2.71003
2.72849
2.7437
2.75583
2.7651
2.77178
2.77616
2.77854
2.77921
2.77844
2.77647
2.77351
2.76973
2.76527
2.76025
2.75473
2.74877
2.74239
2.73561
2.72839
2.72071
2.71251
2.70371
2.69422
2.68394
2.67273
2.66048
2.64704
2.63227
2.61604
2.59826
2.57884
2.55774
2.53496
2.51057
2.48467
2.45744
2.42912
2.40002
2.37048
2.34089
2.31168
2.2833
2.2562
2.23081
2.20755
2.18676
2.16877
2.1538
2.14202
2.13351
2.12828
2.12627
2.12735
2.13134
2.138
2.14708
2.15827
2.17126
2.18571
2.20128
2.21762
2.23438
2.25122
2.2678
2.28377
2.29883
2.31269
2.32506
2.33571
2.34441
2.351
2.35531
2.35725
2.35674
2.35374
2.34824
2.34025
2.32982
2.317
2.30187
2.28453
2.26508
2.24364
2.22035
2.19535
2.16883
2.14098
2.11205
2.08232
2.05211
2.02178
1.99178
1.96255
1.93463
1.90856
1.88491
1.86423
1.84708
1.83394
1.82523
1.82125
1.8222
1.82813
1.83894
1.85441
1.8742
1.89783
1.92477
1.95444
1.9862
2.01942
2.0535
2.08783
2.12188
2.15515
2.1872
2.21763
2.24613
2.27242
2.29627
2.31753
2.33605
2.35175
2.36459
2.37454
2.38162
2.38585
2.3873
2.38604
2.38216
2.37579
2.36703
2.35604
2.34298
2.32801
2.31133
2.29314
2.27366
2.25312
2.23179
2.20991
2.18777
2.16563
2.14377
2.12248
2.10202
2.08264
2.06457
2.04801
2.03314
2.02009
2.00895
1.99975
1.99251
1.98716
1.98364
1.98181
1.98151
1.98257
1.98476
1.98788
1.99171
1.99602
2.00059
2.00523
2.00974
2.01395
2.01774
2.02096
2.02353
2.02538
2.02648
2.02679
2.02633
2.02512
2.02323
2.0207
2.01763
2.0141
2.0102
2.00605
2.00174
1.99736
1.99301
1.98875
1.98466
1.98077
1.9771
1.97366
1.97043
1.96738
1.96445
1.96156
1.95864
1.9556
1.95234
1.94876
1.94477
1.94031
1.93531
1.92972
1.92355
1.91679
1.90951
1.90178
1.89372
1.88547
1.87723
1.86919
1.86161
1.85474
1.84884
1.84419
1.84105
1.83966
1.84024
1.84299
1.84802
1.85543
1.86524
1.87742
1.89185
1.9084
1.92685
1.94696
1.96842
1.99093
2.01414
2.03771
2.06129
2.08454
2.10713
2.12875
2.14912
2.16798
2.18511
2.20032
2.21344
2.22437
2.23301
2.23931
2.24326
2.24487
2.24418
2.24127
2.23625
2.22923
2.22036
2.20982
2.19777
2.18442
2.16996
2.15461
2.13858
2.12207
2.10528
2.08843
2.07169
2.05523
2.0392
2.02376
2.009
1.99503
1.98191
1.96969
1.95841
1.94806
1.93863
1.9301
1.92242
1.91553
1.90936
1.90385
1.89892
1.89449
1.89049
1.88684
1.88348
1.88033
1.87736
1.8745
1.87172
1.86899
1.86626
1.86352
1.86076
1.85796
1.85512
1.85222
1.84927
1.84626
1.84319
1.84007
1.83689
1.83366
1.83036
1.82701
1.82359
1.82011
1.81657
1.81296
1.80928
1.80554
1.80174
1.79788
1.79396
1.78999
1.78599
1.78196
1.77792
1.77387
1.76985
1.76587
1.76196
1.75813
1.75441
1.75082
1.74741
1.74419
1.7412
1.73846
1.73601
1.73388
1.7321
1.73071
1.72973
1.7292
1.72915
1.72961
1.7306
1.73214
1.73427
1.737
1.74035
1.74433
1.74894
1.75418
1.76006
1.76657
1.77368
1.78137
1.78962
1.7984
1.80766
1.81735
1.82743
1.83783
1.84851
1.85939
1.8704
1.88149
1.89258
1.9036
1.91448
1.92515
1.93556
1.94563
1.9553
1.96452
1.97324
1.98141
1.98897
1.99591
2.00217
2.00774
2.01259
2.0167
2.02006
2.02266
2.0245
2.02558
2.02591
2.0255
2.02437
2.02254
2.02003
2.01687
2.0131
2.00874
2.00383
1.99843
1.99256
1.98628
1.97962
1.97264
1.96538
1.95788
1.95019
1.94236
1.93441
1.9264
1.91835
1.91029
1.90225
1.89425
1.88631
1.87844
1.87064
1.86291
1.85526
1.84767
1.84013
1.83263
1.82514
1.81765
1.81013
1.80257
1.79493
1.78719
1.77934
1.77134
1.76319
1.75487
1.74636
1.73766
1.72877
1.71968
1.7104
1.70093
1.69129
1.68148
1.67152
1.66142
1.65121
1.64091
1.63052
1.62008
1.6096
1.5991
1.58859
1.57809
1.56762
1.5572
1.54682
1.53651
1.52629
1.51616
1.50614
1.49626
1.48654
1.477
1.46767
1.45861
1.44985
1.44144
1.43345
1.42595
1.41899
1.41268
1.40708
1.40229
1.39839
1.39547
1.39363
1.39293
1.39346
1.39527
1.39842
1.40294
1.40885
1.41616
1.42483
1.43485
1.44615
1.45866
1.47229
1.48692
1.50246
1.51875
1.53567
1.55308
1.57082
1.58875
1.60672
1.6246
1.64224
1.65953
1.67633
1.69254
1.70807
1.72283
1.73674
1.74976
1.76183
1.77293
1.78303
1.79214
1.80027
1.80742
1.81365
1.81898
1.82348
1.82721
1.83023
1.83262
1.83445
1.83582
1.83681
1.83749
1.83796
1.8383
1.83857
1.83886
1.83924
1.83975
1.84044
1.84137
1.84256
1.84403
1.84579
1.84785
1.8502
1.85283
1.8557
1.8588
1.86208
1.8655
1.86901
1.87256
1.87609
1.87956
1.8829
1.88607
1.889
1.89164
1.89396
1.89589
1.8974
1.89846
1.89902
1.89907
1.89857
1.89751
1.89588
1.89367
1.89088
1.88751
1.88355
1.87904
1.87397
1.86837
1.86226
1.85567
1.84862
1.84114
1.83327
1.82505
1.81651
1.80768
1.79862
1.78936
1.77995
1.77043
1.76084
1.75124
1.74165
1.73214
1.72273
1.71349
1.70444
1.69564
1.68712
1.67892
1.67108
1.66364
1.65662
1.65006
1.64399
1.63842
1.63337
1.62886
1.62489
1.62148
1.61862
1.6163
1.61451
1.61324
1.61246
1.61216
1.61228
1.61281
1.6137
1.6149
1.61638
1.61807
1.61994
1.62193
1.62399
1.62606
1.6281
1.63006
1.6319
1.63357
1.63502
1.63624
1.63718
1.63782
1.63815
1.63814
1.6378
1.63711
1.63609
1.63474
1.63308
1.63113
1.62893
1.62649
1.62386
1.62108
1.6182
1.61525
1.6123
1.60938
1.60656
1.60387
1.60137
1.5991
1.5971
1.59542
1.59409
1.59314
1.59259
1.59245
1.59274
1.59346
1.5946
1.59617
1.59813
1.60046
1.60314
1.60613
1.6094
1.61289
1.61657
1.62039
1.62429
1.62823
1.63215
1.63601
1.63976
1.64335
1.64674
1.6499
1.65279
1.65537
1.65763
1.65955
1.66111
1.66229
1.66311
1.66356
1.66365
1.66338
1.66279
1.66189
1.66072
1.65929
1.65765
1.65583
1.65388
1.65184
1.64974
1.64764
1.64558
1.6436
1.64174
1.64005
1.63856
1.6373
1.63632
1.63563
1.63526
1.63524
1.63556
1.63625
1.63731
1.63874
1.64053
1.64267
1.64516
1.64796
1.65108
1.65447
1.65811
1.66198
1.66605
1.67027
1.67462
1.67906
1.68357
1.6881
1.69262
1.6971
1.70151
1.70582
1.70999
1.714
1.71782
1.72142
1.72478
1.72788
1.73069
1.73319
1.73537
1.73721
1.73868
1.73978
1.74048
1.74078
1.74066
1.74011
1.73912
1.73767
1.73576
1.73338
1.73053
1.72719
1.72336
1.71903
1.71421
1.70889
1.70307
1.69675
1.68993
1.68262
1.67482
1.66655
1.6578
1.64859
1.63894
1.62886
1.61837
1.60749
1.59623
1.58462
1.5727
1.56048
1.54799
1.53527
1.52236
1.50928
1.49608
1.48279
1.46946
1.45613
1.44284
1.42964
1.41657
1.40369
1.39103
1.37866
1.36661
1.35494
1.34369
1.33291
1.32265
1.31294
1.30385
1.29539
1.28762
1.28056
1.27425
1.26871
1.26397
1.26005
1.25696
1.25471
1.2533
1.25273
1.253
1.2541
1.25601
1.25872
1.26219
1.26641
1.27134
1.27694
1.28319
1.29005
1.29747
1.30541
1.31384
1.32272
1.33199
1.34164
1.3516
1.36186
1.37237
1.38311
1.39403
1.40511
1.41633
1.42766
1.43907
1.45056
1.46209
1.47366
1.48526
1.49687
1.50848
1.52008
1.53167
1.54324
1.55479
1.5663
1.57779
1.58924
1.60064
1.61199
1.62329
1.63453
1.6457
1.6568
1.6678
1.6787
1.6895
1.70016
1.71068
1.72104
1.73121
1.74119
1.75095
1.76046
1.7697
1.77865
1.78729
1.79559
1.80352
1.81106
1.81819
1.82488
1.83111
1.83685
1.84209
1.84681
1.85098
1.8546
1.85765
1.86011
1.86198
1.86325
1.86391
1.86396
1.86341
1.86224
1.86047
1.8581
1.85515
1.85162
1.84752
1.84288
1.83771
1.83203
1.82586
1.81922
1.81213
1.80463
1.79673
1.78846
1.77985
1.77092
1.7617
1.75221
1.74249
1.73254
1.72241
1.7121
1.70164
1.69105
1.68034
1.66954
1.65866
1.64771
1.6367
1.62565
1.61456
1.60343
1.59228
1.58111
1.56993
1.55873
1.54752
1.53631
1.52509
1.51388
1.50267
1.49146
1.48027
1.46911
1.45797
1.44688
1.43584
1.42488
1.414
1.40322
1.39258
1.3821
1.37179
1.36169
1.35184
1.34227
1.33301
1.32409
1.31557
1.30747
1.29985
1.29272
1.28615
1.28016
1.27479
1.27007
1.26604
1.26273
1.26016
1.25834
1.2573
1.25705
1.25759
1.25892
1.26104
1.26393
1.26759
1.27198
1.27708
1.28287
1.2893
1.29634
1.30394
1.31207
1.32066
1.32967
1.33906
1.34876
1.35872
1.3689
1.37924
1.38969
1.40021
1.41073
1.42121
1.43162
1.44191
1.45203
1.46195
1.47164
1.48107
1.4902
1.49901
1.50748
1.51559
1.52332
1.53066
1.53759
1.54412
1.55024
1.55594
1.56123
1.5661
1.57057
1.57465
1.57834
1.58165
1.58461
1.58722
1.5895
1.59148
1.59316
1.59457
1.59573
1.59666
1.59737
1.5979
1.59824
1.59843
1.59848
1.59841
1.59822
1.59794
1.59756
1.59711
1.59658
1.59599
1.59533
1.59461
1.59382
1.59296
1.59203
1.59102
1.58993
1.58874
1.58745
1.58604
1.5845
1.58282
1.58099
1.579
1.57683
1.57447
1.57192
1.56915
1.56618
1.56298
1.55956
1.5559
1.55201
1.54789
1.54354
1.53897
1.53417
1.52917
1.52396
1.51857
1.51301
1.50729
1.50144
1.49546
1.48939
1.48325
1.47705
1.47083
1.4646
1.4584
1.45224
1.44615
1.44016
1.43429
1.42856
1.42298
1.41759
1.4124
1.40741
1.40266
1.39814
1.39387
1.38986
1.3861
1.3826
1.37937
1.37639
1.37367
1.3712
1.36896
1.36696
1.36518
1.3636
1.36222
1.36101
1.35997
1.35909
1.35834
1.3577
1.35718
1.35675
1.3564
1.35611
1.35589
1.35571
1.35556
1.35545
1.35536
1.35529
1.35524
1.3552
1.35517
1.35516
1.35516
1.35518
1.35523
1.3553
1.35541
1.35556
1.35575
1.356
1.35632
1.3567
1.35717
1.35772
1.35837
1.35912
1.35998
1.36096
1.36205
1.36328
1.36463
1.36612
1.36774
1.36949
1.37138
1.37341
1.37557
1.37786
1.38027
1.3828
1.38545
1.3882
1.39105
1.394
1.39702
1.40012
1.40329
1.40651
1.40977
1.41307
1.41639
1.41973
1.42307
1.4264
1.42973
1.43303
1.4363
1.43953
1.44271
1.44585
1.44892
1.45193
1.45488
1.45776
1.46056
1.46328
1.46593
1.4685
1.47099
1.4734
1.47573
1.47798
1.48015
1.48225
1.48428
1.48624
1.48812
1.48995
1.4917
1.4934
1.49504
1.49662
1.49815
1.49962
1.50104
1.50241
1.50374
1.50501
1.50623
1.50741
1.50853
1.5096
1.51062
1.51159
1.51249
1.51334
1.51412
1.51483
1.51547
1.51604
1.51653
1.51693
1.51725
1.51748
1.51761
1.51764
1.51757
1.51739
1.5171
1.5167
1.51618
1.51554
1.51478
1.5139
1.5129
1.51177
1.51051
1.50913
1.50762
1.50598
1.50423
1.50235
1.50034
1.49822
1.49599
1.49363
1.49117
1.48859
1.48591
1.48313
1.48024
1.47726
1.47418
1.47101
1.46775
1.4644
1.46097
1.45746
1.45386
1.45019
1.44644
1.44262
1.43872
1.43475
1.43072
1.42661
1.42244
1.4182
1.41391
1.40955
1.40513
1.40065
1.39612
1.39154
1.38691
1.38223
1.37752
1.37277
1.36798
1.36317
1.35834
1.3535
1.34865
1.3438
1.33895
1.33413
1.32932
1.32455
1.31983
1.31515
1.31054
1.30599
1.30153
1.29716
1.2929
1.28874
1.2847
1.2808
1.27704
1.27342
1.26996
1.26667
1.26355
1.26061
1.25785
1.25529
1.25292
1.25076
1.24879
1.24704
1.2455
1.24416
1.24304
1.24213
1.24144
1.24095
1.24067
1.2406
1.24073
1.24106
1.24159
1.24231
1.24322
1.24431
1.24557
1.24701
1.24861
1.25037
1.25228
1.25434
1.25654
1.25887
1.26132
1.26389
1.26656
1.26934
1.27221
1.27516
1.2782
1.28129
1.28445
1.28766
1.29091
1.2942
1.2975
1.30083
1.30415
1.30748
1.31079
1.31408
1.31734
1.32056
1.32373
1.32684
1.32988
1.33284
1.33572
1.3385
1.34118
1.34375
1.3462
1.34852
1.35071
1.35275
1.35465
1.3564
1.35798
1.3594
1.36065
1.36173
1.36262
1.36334
1.36388
1.36422
1.36439
1.36436
1.36415
1.36375
1.36316
1.36239
1.36144
1.36031
1.359
1.35752
1.35588
1.35407
1.35211
1.34999
1.34773
1.34534
1.34281
1.34016
1.3374
1.33453
1.33156
1.3285
1.32536
1.32215
1.31887
1.31554
1.31217
1.30876
1.30532
1.30186
1.29839
1.29492
1.29145
1.288
1.28457
1.28116
1.2778
1.27448
1.2712
1.26799
1.26484
1.26176
1.25875
1.25583
1.25299
1.25025
1.2476
1.24506
1.24262
1.2403
1.23809
1.23601
1.23405
1.23222
1.23053
1.22897
1.22756
1.22629
1.22518
1.22422
1.22343
1.22279
1.22232
1.22203
1.2219
1.22196
1.22219
1.2226
1.2232
1.22399
1.22496
1.22613
1.22748
1.22903
1.23077
1.23269
1.23481
1.23711
1.2396
1.24227
1.24512
1.24815
1.25134
1.2547
1.25823
1.2619
1.26573
1.26969
1.27379
1.27802
1.28236
1.28681
1.29136
1.296
1.30072
1.30551
1.31037
1.31527
1.32022
1.32519
1.33019
1.3352
1.34021
1.3452
1.35018
1.35512
1.36003
1.36488
1.36966
1.37438
1.37901
1.38356
1.388
1.39232
1.39653
1.4006
1.40454
1.40832
1.41194
1.4154
1.41867
1.42176
1.42466
1.42735
1.42982
1.43208
1.4341
1.43589
1.43743
1.43872
1.43975
1.44051
1.441
1.4412
1.44113
1.44076
1.44009
1.43912
1.43785
1.43627
1.43438
1.43218
1.42966
1.42683
1.42368
1.42022
1.41644
1.41235
1.40796
1.40326
1.39827
1.39298
1.3874
1.38155
1.37542
1.36903
1.3624
1.35552
1.34841
1.34109
1.33357
1.32586
1.31798
1.30995
1.30177
1.29348
1.28508
1.2766
1.26806
1.25947
1.25086
1.24225
1.23366
1.22511
1.21662
1.20822
1.19993
1.19177
1.18377
1.17593
1.1683
1.16088
1.15371
1.14679
1.14016
1.13382
1.1278
1.12212
1.11679
1.11183
1.10724
1.10305
1.09926
1.09589
1.09294
1.09042
1.08834
1.08669
1.08548
1.08471
1.08438
1.08448
1.08502
1.08598
1.08735
1.08913
1.09131
1.09387
1.0968
1.10009
1.10371
1.10767
1.11192
1.11647
1.12129
1.12636
1.13166
1.13717
1.14287
1.14874
1.15476
1.1609
1.16716
1.1735
1.1799
1.18636
1.19283
1.19931
1.20578
1.21221
1.21859
1.22489
1.23111
1.23722
1.2432
1.24905
1.25474
1.26026
1.26559
1.27072
1.27564
1.28034
1.2848
1.28901
1.29296
1.29664
1.30005
1.30318
1.30601
1.30854
1.31077
1.3127
1.31431
1.3156
1.31658
1.31725
1.31759
1.31761
1.31732
1.31672
1.3158
1.31458
1.31305
1.31123
1.30912
1.30672
1.30405
1.30112
1.29793
1.29449
1.29082
1.28693
1.28283
1.27854
1.27406
1.26942
1.26462
1.25969
1.25464
1.24949
1.24425
1.23895
1.23359
1.2282
1.22279
1.21739
1.21201
1.20668
1.2014
1.19619
1.19109
1.18609
1.18123
1.17651
1.17195
1.16758
1.16339
1.15942
1.15567
1.15215
1.14888
1.14587
1.14312
1.14065
1.13847
1.13658
1.13498
1.13368
1.13269
1.132
1.13162
1.13155
1.13178
1.13231
1.13313
1.13425
1.13565
1.13733
1.13927
1.14148
1.14393
1.14662
1.14954
1.15268
1.15601
1.15953
1.16322
1.16707
1.17106
1.17517
1.1794
1.18373
1.18813
1.1926
1.19711
1.20166
1.20622
1.21078
1.21533
1.21984
1.22431
1.22872
1.23305
1.23729
1.24143
1.24544
1.24933
1.25308
1.25667
1.2601
1.26335
1.26642
1.26929
1.27196
1.27441
1.27665
1.27866
1.28044
1.28198
1.28328
1.28434
1.28516
1.28572
1.28603
1.2861
1.28592
1.28549
1.28482
1.2839
1.28275
1.28137
1.27977
1.27795
1.27592
1.27368
1.27126
1.26866
1.26588
1.26295
1.25987
1.25667
1.25334
1.24991
1.24639
1.2428
1.23915
1.23547
1.23176
1.22804
1.22434
1.22067
1.21704
1.21348
1.21
1.20662
1.20335
1.20022
1.19723
1.19441
1.19176
1.18931
1.18707
1.18504
1.18324
1.18168
1.18037
1.17931
1.17852
1.178
1.17775
1.17777
1.17807
1.17865
1.1795
1.18062
1.18201
1.18366
1.18556
1.18772
1.19011
1.19273
1.19557
1.19861
1.20184
1.20525
1.20882
1.21254
1.21639
1.22036
1.22442
1.22857
1.23277
1.23703
1.24131
1.2456
1.24989
1.25415
1.25837
1.26253
1.26662
1.27061
1.27449
1.27825
1.28186
1.28532
1.28861
1.29172
1.29462
1.29732
1.29979
1.30203
1.30402
1.30576
1.30722
1.30841
1.30932
1.30993
1.31024
1.31024
1.30993
1.3093
1.30835
1.30707
1.30546
1.30351
1.30123
1.29861
1.29566
1.29236
1.28873
1.28476
1.28046
1.27582
1.27086
1.26557
1.25997
1.25405
1.24782
1.24129
1.23446
1.22735
1.21997
1.21231
1.2044
1.19625
1.18786
1.17925
1.17043
1.16143
1.15224
1.1429
1.13341
1.12379
1.11407
1.10427
1.0944
1.08448
1.07455
1.06462
1.05471
1.04486
1.03509
1.02543
1.01591
1.00654
0.99738
0.988441
0.979758
0.971363
0.963288
0.955564
0.948223
0.941295
0.934812
0.928803
0.923298
0.918323
0.913905
0.910068
0.906834
0.904221
0.902249
0.90093
0.900276
0.900294
0.90099
0.902365
0.904417
0.90714
0.910526
0.914562
0.919234
0.924522
0.930407
0.936864
0.943869
0.951393
0.959408
0.967881
0.97678
0.986073
0.995725
1.0057
1.01597
1.02649
1.03723
1.04816
1.05924
1.07044
1.08172
1.09305
1.1044
1.11574
1.12704
1.13827
1.14941
1.16041
1.17127
1.18196
1.19245
1.20271
1.21274
1.2225
1.23198
1.24117
1.25003
1.25857
1.26676
1.27458
1.28204
1.28911
1.29579
1.30206
1.30791
1.31335
1.31836
1.32293
1.32707
1.33076
1.33401
1.3368
1.33915
1.34105
1.34249
1.34349
1.34403
1.34413
1.34379
1.343
1.34178
1.34012
1.33804
1.33554
1.33262
1.3293
1.32557
1.32146
1.31697
1.3121
1.30687
1.30129
1.29537
1.28912
1.28256
1.27569
1.26853
1.26109
1.2534
1.24545
1.23728
1.22888
1.2203
1.21153
1.20259
1.19352
1.18431
1.17501
1.16561
1.15616
1.14666
1.13713
1.12761
1.11812
1.10867
1.09929
1.09001
1.08084
1.07182
1.06297
1.05431
1.04587
1.03767
1.02973
1.02208
1.01475
1.00775
1.0011
0.994834
0.98896
0.983498
0.978466
0.973878
0.969746
0.966082
0.962895
0.960193
0.957979
0.956256
0.955025
0.954284
0.954029
0.954253
0.954947
0.956102
0.957704
0.959739
0.962191
0.965042
0.968272
0.971862
0.97579
0.980033
0.984568
0.989371
0.994419
0.999686
1.00515
1.01078
1.01656
1.02246
1.02846
1.03454
1.04067
1.04683
1.053
1.05915
1.06528
1.07136
1.07737
1.0833
1.08913
1.09485
1.10043
1.10587
1.11116
1.11628
1.12123
1.12599
1.13056
1.13492
1.13908
1.14302
1.14674
1.15023
1.1535
1.15653
1.15933
1.16189
1.16422
1.1663
1.16815
1.16976
1.17113
1.17227
1.17317
1.17384
1.17428
1.17449
1.17448
1.17424
1.1738
1.17314
1.17227
1.1712
1.16994
1.16848
1.16684
1.16501
1.16301
1.16085
1.15852
1.15604
1.15341
1.15064
1.14773
1.14471
1.14156
1.13831
1.13496
1.13152
1.128
1.12441
1.12076
1.11705
1.1133
1.10952
1.10572
1.10191
1.09811
1.09431
1.09053
1.0868
1.0831
1.07947
1.0759
1.07241
1.06901
1.06572
1.06253
1.05947
1.05654
1.05375
1.05111
1.04864
1.04633
1.04419
1.04224
1.04047
1.0389
1.03752
1.03634
1.03536
1.03459
1.03402
1.03366
1.0335
1.03353
1.03377
1.03419
1.03481
1.0356
1.03657
1.03771
1.039
1.04044
1.04203
1.04374
1.04557
1.0475
1.04953
1.05164
1.05383
1.05607
1.05836
1.06068
1.06303
1.06538
1.06773
1.07007
1.07238
1.07465
1.07687
1.07904
1.08114
1.08316
1.0851
1.08694
1.08868
1.09031
1.09183
1.09323
1.0945
1.09565
1.09666
1.09753
1.09828
1.09888
1.09934
1.09967
1.09985
1.0999
1.09982
1.0996
1.09925
1.09878
1.09819
1.09747
1.09665
1.09573
1.0947
1.09358
1.09237
1.09108
1.08972
1.0883
1.08682
1.08529
1.08372
1.08212
1.0805
1.07886
1.07721
1.07556
1.07393
1.07231
1.07072
1.06917
1.06766
1.06619
1.06479
1.06345
1.06218
1.061
1.0599
1.05888
1.05797
1.05716
1.05646
1.05587
1.0554
1.05505
1.05482
1.05472
1.05475
1.05492
1.05522
1.05565
1.05622
1.05693
1.05777
1.05875
1.05987
1.06111
1.06249
1.064
1.06564
1.0674
1.06928
1.07127
1.07337
1.07558
1.07789
1.0803
1.08279
1.08536
1.08801
1.09073
1.0935
1.09633
1.0992
1.1021
1.10503
1.10798
1.11094
1.11389
1.11684
1.11977
1.12266
1.12552
1.12832
1.13107
1.13375
1.13635
1.13887
1.14129
1.1436
1.14579
1.14786
1.1498
1.1516
1.15325
1.15474
1.15606
1.15722
1.15819
1.15898
1.15958
1.15998
1.16018
1.16017
1.15995
1.15952
1.15888
1.15801
1.15692
1.15561
1.15408
1.15232
1.15033
1.14813
1.1457
1.14306
1.1402
1.13712
1.13384
1.13035
1.12666
1.12278
1.11871
1.11446
1.11004
1.10544
1.1007
1.0958
1.09076
1.08559
1.08031
1.07491
1.06942
1.06384
1.05819
1.05247
1.04671
1.04092
1.0351
1.02927
1.02345
1.01764
1.01187
1.00615
1.00049
0.994913
0.989424
0.984041
0.978778
0.973651
0.968673
0.963858
0.95922
0.954773
0.950528
0.9465
0.942699
0.939138
0.935828
0.932778
0.929998
0.927498
0.925285
0.923366
0.921749
0.920438
0.919438
0.918752
0.918383
0.918334
0.918603
0.919191
0.920096
0.921317
0.922849
0.924688
0.926828
0.929264
0.931989
0.934994
0.93827
0.941809
0.9456
0.949633
0.953895
0.958375
0.963061
0.96794
0.972999
0.978224
0.983601
0.989117
0.994758
1.00051
1.00636
1.01229
1.01828
1.02433
1.03043
1.03654
1.04267
1.0488
1.05491
1.06099
1.06704
1.07303
1.07895
1.0848
1.09057
1.09623
1.10179
1.10722
1.11253
1.1177
1.12272
1.12759
1.13229
1.13682
1.14118
1.14535
1.14934
1.15313
1.15672
1.1601
1.16328
1.16625
1.169
1.17154
1.17386
1.17595
1.17783
1.17948
1.18092
1.18213
1.18311
1.18388
1.18443
1.18476
1.18488
1.18478
1.18448
1.18397
1.18326
1.18235
1.18124
1.17995
1.17847
1.17681
1.17497
1.17297
1.17081
1.16849
1.16602
1.1634
1.16065
1.15776
1.15476
1.15163
1.1484
1.14507
1.14164
1.13812
1.13453
1.13086
1.12714
1.12335
1.11952
1.11565
1.11175
1.10782
1.10388
1.09994
1.09599
1.09206
1.08814
1.08425
1.08039
1.07657
1.07281
1.0691
1.06546
1.06189
1.0584
1.055
1.05169
1.04849
1.0454
1.04243
1.03957
1.03685
1.03426
1.03181
1.02951
1.02736
1.02537
1.02353
1.02186
1.02036
1.01902
1.01786
1.01687
1.01606
1.01543
1.01498
1.0147
1.0146
1.01468
1.01494
1.01536
1.01596
1.01673
1.01766
1.01875
1.02
1.0214
1.02294
1.02463
1.02644
1.02839
1.03046
1.03263
1.03492
1.0373
1.03978
1.04233
1.04496
1.04765
1.0504
1.05319
1.05603
1.05889
1.06178
1.06467
1.06757
1.07047
1.07335
1.07621
1.07903
1.08182
1.08456
1.08725
1.08987
1.09243
1.0949
1.0973
1.0996
1.10181
1.10391
1.1059
1.10778
1.10955
1.11118
1.11269
1.11407
1.11531
1.11641
1.11737
1.11818
1.11884
1.11935
1.11971
1.11991
1.11995
1.11984
1.11957
1.11914
1.11855
1.11781
1.1169
1.11584
1.11462
1.11325
1.11172
1.11005
1.10822
1.10624
1.10412
1.10186
1.09946
1.09693
1.09426
1.09147
1.08855
1.08552
1.08237
1.07911
1.07575
1.07229
1.06874
1.0651
1.06138
1.05759
1.05373
1.04981
1.04583
1.04181
1.03774
1.03365
1.02953
1.02539
1.02125
1.0171
1.01296
1.00883
1.00473
1.00066
0.996626
0.992641
0.988712
0.984846
0.981051
0.977336
0.973707
0.970173
0.966741
0.963417
0.960209
0.957123
0.954165
0.951341
0.948656
0.946116
0.943725
0.941487
0.939406
0.937486
0.935728
0.934135
0.932709
0.931451
0.930362
0.929441
0.928688
0.928103
0.927683
0.927427
0.927332
0.927395
0.927613
0.927982
0.928498
0.929156
0.929951
0.930877
0.931929
0.933102
0.934388
0.935781
0.937276
0.938865
0.940541
0.942298
0.944129
0.946027
0.947984
0.949994
0.952051
0.954146
0.956275
0.95843
0.960604
0.962792
0.964988
0.967186
0.969379
0.971564
0.973733
0.975884
0.97801
0.980107
0.982171
0.984199
0.986186
0.988129
0.990025
0.991871
0.993664
0.995402
0.997082
0.998703
1.00026
1.00176
1.0032
1.00457
1.00587
1.00711
1.00828
1.00939
1.01043
1.01141
1.01232
1.01317
1.01395
1.01468
1.01534
1.01595
1.01649
1.01698
1.01742
1.01781
1.01815
1.01844
1.01869
1.0189
1.01907
1.01921
1.01931
1.01938
1.01943
1.01945
1.01946
1.01945
1.01943
1.0194
1.01936
1.01932
1.01928
1.01925
1.01922
1.0192
1.0192
1.01922
1.01926
1.01932
1.01941
1.01952
1.01967
1.01985
1.02007
1.02033
1.02063
1.02096
1.02135
1.02177
1.02225
1.02276
1.02333
1.02394
1.0246
1.0253
1.02605
1.02685
1.02769
1.02857
1.0295
1.03046
1.03146
1.0325
1.03357
1.03467
1.03579
1.03695
1.03812
1.03931
1.04051
1.04173
1.04295
1.04417
1.0454
1.04662
1.04783
1.04902
1.0502
1.05136
1.05249
1.0536
1.05467
1.0557
1.05669
1.05764
1.05854
1.05938
1.06017
1.0609
1.06157
1.06218
1.06272
1.06318
1.06358
1.0639
1.06414
1.0643
1.06438
1.06438
1.0643
1.06413
1.06388
1.06354
1.06311
1.0626
1.062
1.06132
1.06055
1.05969
1.05875
1.05772
1.05661
1.05542
1.05415
1.0528
1.05138
1.04988
1.04831
1.04667
1.04496
1.04319
1.04135
1.03946
1.0375
1.0355
1.03344
1.03134
1.02919
1.027
1.02478
1.02252
1.02023
1.01791
1.01557
1.01322
1.01084
1.00845
1.00606
1.00366
1.00125
0.998851
0.996455
0.994069
0.991667
0.989275
0.986924
0.984594
0.982289
0.980013
0.977769
0.975559
0.973386
0.971252
0.969159
0.96711
0.965106
0.963149
0.961241
0.959383
0.957576
0.955821
0.95412
0.952473
0.95088
0.949342
0.947858
0.946429
0.945055
0.943734
0.942466
0.941251
0.940086
0.938971
0.937905
0.936885
0.935909
0.934976
0.934084
0.93323
0.932411
0.931625
0.93087
0.930142
0.92944
0.928759
0.928097
0.927451
0.926819
0.926196
0.925581
0.924969
0.924359
0.923748
0.923132
0.922509
0.921876
0.921232
0.920573
0.919898
0.919205
0.918491
0.917756
0.916998
0.916215
0.915407
0.914573
0.913713
0.912826
0.911912
0.910971
0.910004
0.909012
0.907995
0.906954
0.905892
0.90481
0.903709
0.902593
0.901463
0.900322
0.899173
0.898019
0.896864
0.89571
0.894563
0.893425
0.892301
0.891195
0.890111
0.889054
0.888028
0.887039
0.886091
0.885188
0.884336
0.883539
0.882803
0.882132
0.881531
0.881005
0.880559
0.880197
0.879923
0.879743
0.87966
0.879679
0.879802
0.880034
0.880379
0.880839
0.881417
0.882116
0.882938
0.883886
0.88496
0.886163
0.887495
0.888957
0.89055
0.892273
0.894126
0.896108
0.898219
0.900457
0.90282
0.905306
0.907913
0.910637
0.913476
0.916427
0.919484
0.922646
0.925906
0.92926
0.932704
0.936233
0.93984
0.943521
0.947268
0.951078
0.954942
0.958855
0.96281
0.966801
0.970821
0.974862
0.978918
0.982981
0.987045
0.991102
0.995146
0.999168
1.00316
1.00712
1.01104
1.0149
1.01871
1.02246
1.02613
1.02973
1.03324
1.03666
1.03999
1.04321
1.04632
1.04931
1.05219
1.05494
1.05755
1.06003
1.06236
1.06455
1.06659
1.06847
1.07019
1.07175
1.07314
1.07437
1.07542
1.07629
1.07699
1.07751
1.07785
1.07801
1.07798
1.07777
1.07738
1.07681
1.07605
1.07511
1.07398
1.07268
1.0712
1.06954
1.06771
1.0657
1.06353
1.06119
1.0587
1.05604
1.05323
1.05027
1.04717
1.04394
1.04056
1.03707
1.03345
1.02972
1.02588
1.02194
1.01791
1.0138
1.00961
1.00535
1.00103
0.996658
0.992244
0.987797
0.983326
0.97884
0.974348
0.969862
0.96539
0.960944
0.956531
0.952164
0.947853
0.943607
0.939436
0.935352
0.931364
0.927482
0.923716
0.920076
0.916572
0.913213
0.910008
0.906965
0.904094
0.901402
0.898897
0.896587
0.894477
0.892575
0.890886
0.889415
0.888166
0.887145
0.886352
0.885792
0.885467
0.885377
0.885522
0.885904
0.88652
0.887369
0.888449
0.889756
0.891287
0.893038
0.895003
0.897176
0.899552
0.902124
0.904884
0.907824
0.910936
0.914211
0.91764
0.921214
0.924923
0.928756
0.932703
0.936754
0.940898
0.945124
0.949421
0.953778
0.958184
0.962628
0.967099
0.971585
0.976077
0.980562
0.985031
0.989472
0.993876
0.998232
1.00253
1.00676
1.01091
1.01498
1.01895
1.02281
1.02656
1.03019
1.03369
1.03706
1.04027
1.04334
1.04625
1.04899
1.05156
1.05395
1.05616
1.05818
1.06001
1.06164
1.06307
1.06429
1.06531
1.06611
1.06669
1.06706
1.06721
1.06713
1.06683
1.0663
1.06554
1.06456
1.06335
1.06191
1.06024
1.05835
1.05623
1.05388
1.0513
1.04851
1.04549
1.04225
1.0388
1.03513
1.03126
1.02717
1.02288
1.0184
1.01371
1.00884
1.00377
0.998529
0.993109
0.987518
0.981762
0.975846
0.969778
0.963564
0.957211
0.950726
0.944116
0.937389
0.930553
0.923616
0.916587
0.909474
0.902287
0.895034
0.887726
0.880372
0.872981
0.865566
0.858135
0.8507
0.843272
0.835862
0.828481
0.821142
0.813856
0.806636
0.799493
0.79244
0.785489
0.778654
0.771946
0.765379
0.758965
0.752716
0.746647
0.740768
0.735094
0.729634
0.724403
0.71941
0.714669
0.710188
0.705979
0.702052
0.698416
0.695079
0.69205
0.689335
0.686941
0.684874
0.683138
0.681737
0.680673
0.67995
0.679566
0.679524
0.679821
0.680455
0.681424
0.682724
0.684351
0.686298
0.688559
0.691129
0.693998
0.697158
0.700602
0.704318
0.708299
0.712533
0.717009
0.721718
0.726648
0.731788
0.737126
0.742652
0.748354
0.75422
0.76024
0.766402
0.772694
0.779106
0.785627
0.792246
0.798953
0.805736
0.812587
0.819495
0.82645
0.833443
0.840465
0.847505
0.854557
0.86161
0.868657
0.87569
0.882699
0.889678
0.89662
0.903516
0.910359
0.917143
0.923861
0.930506
0.937073
0.943553
0.949942
0.956234
0.962423
0.968504
0.97447
0.980318
0.986041
0.991635
0.997095
1.00242
1.00759
1.01263
1.0175
1.02223
1.02679
1.03119
1.03543
1.03949
1.04338
1.04709
1.05062
1.05397
1.05713
1.0601
1.06288
1.06547
1.06786
1.07006
1.07205
1.07384
1.07543
1.07681
1.07799
1.07896
1.07972
1.08027
1.08061
1.08074
1.08066
1.08036
1.07986
1.07914
1.07821
1.07707
1.07571
1.07415
1.07238
1.0704
1.06821
1.06582
1.06322
1.06043
1.05743
1.05423
1.05084
1.04725
1.04348
1.03951
1.03536
1.03103
1.02653
1.02185
1.017
1.01198
1.0068
1.00147
0.995979
0.990344
0.984568
0.978656
0.972612
0.966445
0.960158
0.95376
0.947257
0.940655
0.933962
0.927186
0.920333
0.913413
0.906432
0.899401
0.892327
0.88522
0.878089
0.870943
0.863792
0.856647
0.849517
0.842413
0.835346
0.828327
0.821367
0.814478
0.80767
0.800956
0.794347
0.787856
0.781494
0.775273
0.769205
0.763303
0.757578
0.752041
0.746705
0.741581
0.73668
0.732012
0.727589
0.723419
0.719513
0.715879
0.712526
0.70946
0.70669
0.70422
0.702057
0.700204
0.698665
0.697442
0.696538
0.695952
0.695685
0.695735
0.696099
0.696775
0.697758
0.699043
0.700623
0.702494
0.704646
0.707071
0.709761
0.712705
0.715894
0.719317
0.722963
0.726821
0.730878
0.735122
0.739542
0.744125
0.748858
0.753728
0.758724
0.763833
0.769042
0.774338
0.779709
0.785144
0.790631
0.796156
0.80171
0.80728
0.812856
0.818427
0.823981
0.82951
0.835003
0.84045
0.845842
0.851169
0.856424
0.861596
0.866679
0.871664
0.876543
0.881309
0.885955
0.890474
0.89486
0.899106
0.903206
0.907155
0.910947
0.914576
0.918039
0.921329
0.924444
0.927378
0.930127
0.932689
0.935058
0.937233
0.93921
0.940987
0.942561
0.943929
0.94509
0.946041
0.946782
0.94731
0.947625
0.947725
0.947611
0.94728
0.946734
0.945973
0.944995
0.943803
0.942395
0.940774
0.938941
0.936896
0.934641
0.932179
0.929511
0.926639
0.923567
0.920296
0.916831
0.913173
0.909328
0.905298
0.901087
0.896701
0.892144
0.887421
0.882536
0.877496
0.872307
0.866974
0.861504
0.855903
0.85018
0.844341
0.838394
0.832347
0.82621
0.819989
0.813696
0.807339
0.800928
0.794474
0.787987
0.781479
0.774961
0.768444
0.761941
0.755465
0.749029
0.742645
0.736328
0.730091
0.723949
0.717916
0.712007
0.706237
0.700621
0.695174
0.689912
0.684849
0.680002
0.675385
0.671013
0.6669
0.663062
0.659511
0.656261
0.653324
0.650713
0.648438
0.64651
0.644937
0.643727
0.642888
0.642426
0.642343
0.642644
0.643331
0.644403
0.64586
0.647699
0.649917
0.652509
0.655468
0.658788
0.66246
0.666475
0.670821
0.675489
0.680465
0.685737
0.691291
0.697115
0.703192
0.70951
0.716051
0.722803
0.729748
0.736873
0.74416
0.751596
0.759164
0.76685
0.774639
0.782515
0.790465
0.798473
0.806526
0.81461
0.822712
0.830819
0.838916
0.846993
0.855037
0.863036
0.870979
0.878853
0.88665
0.894358
0.901966
0.909466
0.916847
0.924101
0.931219
0.938193
0.945013
0.951673
0.958164
0.96448
0.970614
0.976559
0.982309
0.987857
0.993199
0.998329
1.00324
1.00793
1.01239
1.01663
1.02063
1.02438
1.0279
1.03117
1.0342
1.03697
1.03949
1.04176
1.04376
1.04552
1.04701
1.04824
1.0492
1.04991
1.05036
1.05054
1.05046
1.05012
1.04952
1.04866
1.04754
1.04617
1.04454
1.04266
1.04053
1.03815
1.03552
1.03266
1.02955
1.02622
1.02265
1.01885
1.01483
1.0106
1.00615
1.00149
0.996635
0.99158
0.986335
0.980906
0.975299
0.96952
0.963578
0.957479
0.95123
0.94484
0.938316
0.931668
0.924902
0.918029
0.911057
0.903995
0.896854
0.889643
0.882372
0.875051
0.867691
0.860303
0.852898
0.845487
0.838081
0.830692
0.823331
0.816012
0.808745
0.801542
0.794417
0.787381
0.780447
0.773627
0.766934
0.760379
0.753975
0.747734
0.741668
0.735788
0.730106
0.724632
0.719378
0.714353
0.709568
0.705031
0.70075
0.696735
0.692992
0.689526
0.686345
0.683453
0.680854
0.67855
0.676545
0.674838
0.673432
0.672323
0.671512
0.670995
0.67077
0.67083
0.671173
0.67179
0.672676
0.673823
0.675223
0.676867
0.678746
0.68085
0.683168
0.685691
0.688406
0.691304
0.694373
0.6976
0.700976
0.704488
0.708124
0.711874
0.715725
0.719668
0.72369
0.72778
0.731929
0.736126
0.74036
0.744623
0.748904
0.753194
0.757485
0.761768
0.766035
0.770278
0.77449
0.778664
0.782793
0.78687
0.79089
0.794847
0.798736
0.802551
0.806289
0.809944
0.813513
0.816993
0.820379
0.823669
0.826861
0.829951
0.832938
0.835819
0.838594
0.841261
0.843819
0.846266
0.848604
0.85083
0.852946
0.85495
0.856844
0.858628
0.860303
0.86187
0.863329
0.864681
0.865929
0.867074
0.868118
0.869061
0.869906
0.870656
0.871312
0.871876
0.872352
0.87274
0.873044
0.873267
0.87341
0.873476
0.873469
0.87339
0.873243
0.87303
0.872753
0.872417
0.872023
0.871574
0.871073
0.870522
0.869925
0.869283
0.8686
0.867877
0.867117
0.866323
0.865497
0.864641
0.863757
0.862847
0.861914
0.860959
0.859985
0.858992
0.857982
0.856958
0.85592
0.85487
0.853809
0.852739
0.85166
0.850574
0.849481
0.848383
0.847279
0.846171
0.84506
0.843945
0.842828
0.841709
0.840587
0.839464
0.838339
0.837213
0.836085
0.834956
0.833826
0.832695
0.831563
0.830429
0.829294
0.828158
0.82702
0.825881
0.82474
0.823597
0.822453
0.821307
0.820159
0.81901
0.817859
0.816707
0.815553
0.814399
0.813244
0.812088
0.810933
0.809778
0.808625
0.807473
0.806323
0.805177
0.804034
0.802897
0.801765
0.80064
0.799524
0.798416
0.797319
0.796234
0.795162
0.794105
0.793065
0.792042
0.791039
0.790058
0.789099
0.788166
0.787259
0.786382
0.785535
0.784721
0.783941
0.783198
0.782494
0.78183
0.781209
0.780632
0.780102
0.77962
0.779188
0.778807
0.77848
0.778208
0.777993
0.777836
0.777738
0.7777
0.777724
0.77781
0.77796
0.778174
0.778452
0.778796
0.779204
0.779678
0.780217
0.78082
0.781488
0.782219
0.783013
0.783869
0.784785
0.78576
0.786793
0.787882
0.789024
0.790218
0.791461
0.792751
0.794086
0.795462
0.796876
0.798325
0.799807
0.801317
0.802853
0.80441
0.805985
0.807574
0.809173
0.810779
0.812386
0.813991
0.815591
0.817179
0.818753
0.820309
0.821841
0.823345
0.824818
0.826255
0.827652
0.829004
0.830308
0.83156
0.832755
0.83389
0.834961
0.835964
0.836896
0.837753
0.838531
0.839228
0.83984
0.840365
0.840799
0.841141
0.841387
0.841535
0.841583
0.841529
0.841371
0.841108
0.840739
0.840262
0.839676
0.83898
0.838175
0.837259
0.836232
0.835096
0.833849
0.832493
0.831028
0.829456
0.827777
0.825994
0.824107
0.82212
0.820034
0.817852
0.815576
0.813209
0.810755
0.808217
0.805598
0.802903
0.800136
0.7973
0.794401
0.791442
0.78843
0.785369
0.782265
0.779122
0.775947
0.772746
0.769524
0.766288
0.763043
0.759797
0.756555
0.753325
0.750112
0.746924
0.743767
0.740648
0.737574
0.734551
0.731586
0.728685
0.725856
0.723104
0.720435
0.717856
0.715372
0.712989
0.710713
0.708549
0.706501
0.704574
0.702772
0.7011
0.69956
0.698157
0.696892
0.695767
0.694786
0.693949
0.693257
0.692712
0.692312
0.692058
0.691949
0.691983
0.69216
0.692476
0.692931
0.693519
0.694239
0.695087
0.696058
0.697149
0.698355
0.69967
0.70109
0.702609
0.704222
0.705922
0.707705
0.709563
0.711491
0.713482
0.71553
0.717629
0.719772
0.721953
0.724166
0.726404
0.728661
0.730931
0.733208
0.735486
0.737759
0.740023
0.74227
0.744497
0.746699
0.748869
0.751004
0.7531
0.755151
0.757155
0.759108
0.761005
0.762845
0.764623
0.766337
0.767986
0.769566
0.771075
0.772513
0.773878
0.775168
0.776382
0.777521
0.778584
0.77957
0.78048
0.781315
0.782074
0.782759
0.78337
0.78391
0.784379
0.78478
0.785114
0.785383
0.78559
0.785738
0.785828
0.785864
0.785849
0.785785
0.785677
0.785527
0.785338
0.785115
0.784861
0.784579
0.784274
0.783948
0.783606
0.783252
0.782889
0.78252
0.78215
0.781783
0.781421
0.781068
0.780728
0.780403
0.780097
0.779814
0.779554
0.779322
0.77912
0.77895
0.778814
0.778713
0.77865
0.778626
0.778642
0.778699
0.778797
0.778938
0.77912
0.779344
0.779609
0.779915
0.780261
0.780645
0.781066
0.781523
0.782013
0.782534
0.783084
0.78366
0.784259
0.784878
0.785514
0.786163
0.786822
0.787487
0.788153
0.788817
0.789475
0.790122
0.790754
0.791367
0.791955
0.792515
0.793041
0.79353
0.793976
0.794376
0.794723
0.795015
0.795246
0.795413
0.79551
0.795533
0.79548
0.795345
0.795124
0.794815
0.794413
0.793916
0.79332
0.792622
0.791819
0.790909
0.789889
0.788758
0.787513
0.786154
0.784677
0.783083
0.781371
0.779539
0.777588
0.775518
0.773329
0.771022
0.768597
0.766057
0.763401
0.760633
0.757754
0.754767
0.751676
0.748482
0.745191
0.741805
0.738329
0.734768
0.731126
0.72741
0.723624
0.719776
0.71587
0.711915
0.707917
0.703885
0.699824
0.695745
0.691656
0.687564
0.683481
0.679414
0.675374
0.671371
0.667415
0.663516
0.659685
0.655934
0.652272
0.648712
0.645264
0.641938
0.638748
0.635702
0.632813
0.630091
0.627547
0.62519
0.623031
0.621078
0.619342
0.61783
0.61655
0.61551
0.614716
0.614174
0.613888
0.613864
0.614104
0.614612
0.615388
0.616433
0.617748
0.619331
0.62118
0.623293
0.625665
0.628292
0.63117
0.634291
0.637648
0.641236
0.645045
0.649066
0.653292
0.657711
0.662315
0.667093
0.672034
0.677127
0.682362
0.687727
0.693211
0.698803
0.70449
0.710263
0.716108
0.722016
0.727975
0.733974
0.740001
0.746047
0.752101
0.758151
0.764189
0.770204
0.776186
0.782126
0.788015
0.793843
0.799603
0.805285
0.810881
0.816383
0.821785
0.827077
0.832254
0.837308
0.842232
0.847021
0.851669
0.856169
0.860516
0.864705
0.868731
0.872589
0.876274
0.879783
0.883111
0.886255
0.889212
0.891977
0.894549
0.896924
0.8991
0.901074
0.902846
0.904412
0.905772
0.906924
0.907867
0.9086
0.909122
0.909434
0.909534
0.909424
0.909103
0.908572
0.907831
0.906881
0.905724
0.90436
0.902791
0.90102
0.899047
0.896875
0.894506
0.891944
0.889189
0.886246
0.883118
0.879807
0.876317
0.872652
0.868817
0.864813
0.860647
0.856323
0.851845
0.847217
0.842446
0.837535
0.832491
0.827319
0.822025
0.816614
0.811093
0.805469
0.799746
0.793933
0.788036
0.782061
0.776017
0.76991
0.763749
0.75754
0.751291
0.745011
0.738709
0.732391
0.726067
0.719746
0.713435
0.707145
0.700885
0.694663
0.688488
0.682371
0.676321
0.670347
0.664459
0.658666
0.652979
0.647406
0.641958
0.636644
0.631473
0.626455
0.621599
0.616914
0.612408
0.60809
0.603969
0.600052
0.596346
0.592859
0.589597
0.586567
0.583773
0.581221
0.578915
0.576859
0.575056
0.573508
0.572218
0.571185
0.570411
0.569895
0.569636
0.569633
0.569881
0.570379
0.571123
0.572108
0.57333
0.574781
0.576458
0.578352
0.580458
0.582768
0.585273
0.587967
0.59084
0.593885
0.597092
0.600453
0.60396
0.607603
0.611372
0.61526
0.619258
0.623356
0.627545
0.631818
0.636165
0.640577
0.645048
0.649568
0.65413
0.658725
0.663347
0.667987
0.672639
0.677296
0.68195
0.686596
0.691227
0.695836
0.700418
0.704967
0.709478
0.713944
0.718362
0.722725
0.727029
0.73127
0.735443
0.739543
0.743568
0.747512
0.751372
0.755144
0.758825
0.762412
0.765902
0.769291
0.772577
0.775757
0.778828
0.781788
0.784635
0.787366
0.78998
0.792474
0.794847
0.797096
0.799221
0.801219
0.80309
0.804831
0.806443
0.807923
0.80927
0.810485
0.811565
0.812511
0.813321
0.813996
0.814534
0.814935
0.8152
0.815327
0.815317
0.81517
0.814886
0.814465
0.813908
0.813214
0.812384
0.81142
0.81032
0.809087
0.807721
0.806223
0.804594
0.802836
0.800948
0.798934
0.796793
0.794529
0.792142
0.789634
0.787007
0.784264
0.781406
0.778435
0.775355
0.772167
0.768874
0.765479
0.761985
0.758395
0.754713
0.750941
0.747084
0.743145
0.739127
0.735036
0.730874
0.726647
0.72236
0.718016
0.713621
0.709181
0.7047
0.700183
0.695638
0.691069
0.686483
0.681886
0.677285
0.672687
0.668098
0.663525
0.658977
0.65446
0.649982
0.645552
0.641177
0.636864
0.632624
0.628464
0.624393
0.620419
0.616551
0.612798
0.609169
0.605672
0.602316
0.59911
0.596062
0.593181
0.590475
0.587951
0.585618
0.583483
0.581552
0.579833
0.578331
0.577053
0.576003
0.575185
0.574605
0.574265
0.574169
0.574317
0.574712
0.575355
0.576245
0.577381
0.578763
0.580388
0.582254
0.584356
0.586692
0.589255
0.592042
0.595046
0.598261
0.601679
0.605295
0.609099
0.613085
0.617243
0.621565
0.626041
0.630664
0.635423
0.640309
0.645312
0.650423
0.655632
0.660929
0.666305
0.671748
0.677251
0.682803
0.688394
0.694016
0.699658
0.705311
0.710966
0.716615
0.722247
0.727856
0.733431
0.738964
0.744447
0.749873
0.755233
0.760519
0.765724
0.770841
0.775862
0.78078
0.785589
0.790282
0.794852
0.799293
0.8036
0.807766
0.811785
0.815653
0.819363
0.822911
0.826292
0.829501
0.832534
0.835385
0.838052
0.840529
0.842814
0.844902
0.84679
0.848476
0.849955
0.851226
0.852285
0.85313
0.853759
0.854169
0.85436
0.854328
0.854073
0.853594
0.852888
0.851956
0.850797
0.84941
0.847795
0.845952
0.843881
0.841581
0.839055
0.836302
0.833324
0.830121
0.826695
0.823047
0.81918
0.815095
0.810795
0.806282
0.801558
0.796627
0.791492
0.786156
0.780623
0.774897
0.768982
0.762882
0.756601
0.750146
0.743521
0.736731
0.729783
0.722682
0.715435
0.708048
0.700529
0.692885
0.685123
0.677252
0.66928
0.661215
0.653068
0.644847
0.636562
0.628225
0.619845
0.611435
0.603006
0.594571
0.586141
0.577732
0.569356
0.561027
0.552762
0.544576
0.536484
0.528503
0.520651
0.512945
0.505404
0.498045
0.490888
0.483953
0.477258
0.470824
0.46467
0.458816
0.453281
0.448085
0.443246
0.438782
0.434708
0.431042
0.427797
0.424986
0.422619
0.420706
0.419253
0.418265
0.417745
0.417692
0.418103
0.418975
0.420301
0.422071
0.424274
0.426897
0.429926
0.433346
0.437138
0.441285
0.445767
0.450566
0.455661
0.461032
0.466659
0.472522
0.4786
0.484874
0.491326
0.497935
0.504683
0.511554
0.518529
0.525593
0.532729
0.539921
0.547157
0.55442
0.561699
0.56898
0.576251
0.583501
0.590718
0.597892
0.605014
0.612073
0.619062
0.62597
0.632792
0.639518
0.646142
0.652658
0.659058
0.665338
0.67149
0.677512
0.683397
0.68914
0.694739
0.700189
0.705486
0.710627
0.715609
0.72043
0.725087
0.729577
0.733899
0.738052
0.742033
0.745842
0.749478
0.752939
0.756225
0.759337
0.762273
0.765034
0.767621
0.770033
0.772271
0.774337
0.776231
0.777955
0.779509
0.780896
0.782118
0.783175
0.784071
0.784807
0.785386
0.785811
0.786084
0.786207
0.786185
0.78602
0.785715
0.785274
0.7847
0.783997
0.783169
0.782219
0.781151
0.779971
0.778681
0.777286
0.77579
0.774199
0.772516
0.770746
0.768894
0.766965
0.764964
0.762895
0.760763
0.758574
0.756332
0.754043
0.751712
0.749344
0.746944
0.744517
0.742069
0.739604
0.737128
0.734646
0.732162
0.729683
0.727213
0.724756
0.722319
0.719905
0.717519
0.715167
0.712852
0.710578
0.708351
0.706174
0.704051
0.701987
0.699984
0.698046
0.696178
0.694381
0.692659
0.691015
0.68945
0.687969
0.686572
0.685262
0.684041
0.682909
0.681869
0.680921
0.680067
0.679306
0.678639
0.678066
0.677588
0.677204
0.676913
0.676715
0.676609
0.676593
0.676667
0.676829
0.677077
0.67741
0.677824
0.678319
0.678892
0.679541
0.680262
0.681054
0.681912
0.682836
0.683821
0.684865
0.685964
0.687115
0.688315
0.689561
0.69085
0.692177
0.693541
0.694936
0.696361
0.697812
0.699285
0.700777
0.702285
0.703806
0.705336
0.706872
0.708411
0.70995
0.711486
0.713015
0.714536
0.716045
0.717539
0.719016
0.720473
0.721907
0.723316
0.724697
0.726049
0.727367
0.728652
0.729899
0.731108
0.732275
0.7334
0.73448
0.735514
0.7365
0.737435
0.738319
0.73915
0.739927
0.740648
0.741311
0.741917
0.742463
0.742948
0.743371
0.743732
0.744029
0.744262
0.74443
0.744531
0.744566
0.744534
0.744434
0.744266
0.744029
0.743723
0.743348
0.742903
0.742388
0.741803
0.741148
0.740423
0.739628
0.738762
0.737827
0.736822
0.735748
0.734605
0.733392
0.732112
0.730763
0.729347
0.727865
0.726316
0.724702
0.723023
0.72128
0.719475
0.717608
0.71568
0.713692
0.711646
0.709542
0.707382
0.705168
0.702901
0.700581
0.698212
0.695795
0.693331
0.690822
0.688271
0.685678
0.683047
0.680379
0.677677
0.674942
0.672178
0.669387
0.666571
0.663733
0.660876
0.658003
0.655116
0.652219
0.649314
0.646404
0.643494
0.640586
0.637683
0.634789
0.631908
0.629043
0.626197
0.623375
0.62058
0.617816
0.615086
0.612395
0.609746
0.607144
0.604592
0.602094
0.599654
0.597276
0.594964
0.592721
0.590552
0.58846
0.586449
0.584522
0.582684
0.580936
0.579284
0.577729
0.576276
0.574926
0.573682
0.572548
0.571526
0.570617
0.569823
0.569147
0.56859
0.568154
0.567839
0.567646
0.567576
0.56763
0.567807
0.568107
0.56853
0.569075
0.569742
0.570529
0.571435
0.572458
0.573596
0.574848
0.576211
0.577682
0.57926
0.58094
0.58272
0.584597
0.586567
0.588626
0.590772
0.593
0.595307
0.597688
0.600139
0.602657
0.605236
0.607874
0.610565
0.613305
0.616089
0.618915
0.621776
0.624669
0.62759
0.630534
0.633497
0.636475
0.639464
0.64246
0.645458
0.648454
0.651446
0.654429
0.657399
0.660353
0.663288
0.666199
0.669085
0.67194
0.674763
0.677551
0.680301
0.683009
0.685673
0.688292
0.690862
0.693381
0.695847
0.698259
0.700614
0.70291
0.705146
0.70732
0.709432
0.711479
0.713461
0.715376
0.717225
0.719005
0.720716
0.722359
0.723931
0.725434
0.726867
0.72823
0.729522
0.730745
0.731898
0.732982
0.733997
0.734943
0.735822
0.736634
0.73738
0.738061
0.738678
0.739232
0.739725
0.740156
0.740529
0.740843
0.741101
0.741305
0.741454
0.741552
0.7416
0.7416
0.741553
0.741461
0.741326
0.741149
0.740933
0.740679
0.74039
0.740066
0.73971
0.739324
0.73891
0.738468
0.738002
0.737513
0.737002
0.736471
0.735922
0.735356
0.734776
0.734181
0.733575
0.732958
0.732331
0.731696
0.731054
0.730406
0.729753
0.729095
0.728434
0.727771
0.727105
0.726438
0.725769
0.7251
0.72443
0.72376
0.72309
0.722419
0.721748
0.721075
0.720402
0.719727
0.71905
0.71837
0.717687
0.716999
0.716307
0.715608
0.714902
0.714188
0.713464
0.71273
0.711983
0.711224
0.710449
0.709658
0.70885
0.708021
0.707172
0.706301
0.705405
0.704483
0.703533
0.702554
0.701544
0.700501
0.699424
0.698311
0.697159
0.695969
0.694737
0.693462
0.692143
0.690779
0.689367
0.687907
0.686396
0.684834
0.68322
0.681552
0.679829
0.67805
0.676215
0.674322
0.67237
0.670359
0.668289
0.666158
0.663967
0.661716
0.659403
0.657029
0.654594
0.652099
0.649543
0.646927
0.644251
0.641517
0.638725
0.635875
0.63297
0.63001
0.626996
0.62393
0.620814
0.617649
0.614438
0.611181
0.607883
0.604544
0.601167
0.597755
0.594311
0.590838
0.587338
0.583815
0.580272
0.576713
0.573141
0.56956
0.565975
0.562388
0.558804
0.555228
0.551663
0.548115
0.544588
0.541087
0.537617
0.534182
0.530787
0.527438
0.52414
0.520898
0.517718
0.514603
0.511561
0.508596
0.505713
0.502918
0.500215
0.497611
0.49511
0.492716
0.490435
0.488272
0.48623
0.484315
0.48253
0.480879
0.479366
0.477995
0.476768
0.475687
0.474757
0.473978
0.473353
0.472883
0.472569
0.472412
0.472412
0.47257
0.472885
0.473356
0.473982
0.474762
0.475694
0.476776
0.478006
0.479379
0.480895
0.482548
0.484337
0.486256
0.488302
0.49047
0.492756
0.495156
0.497664
0.500276
0.502987
0.505792
0.508685
0.511662
0.514717
0.517845
0.52104
0.524298
0.527613
0.530981
0.534395
0.537851
0.541344
0.544869
0.54842
0.551994
0.555586
0.559191
0.562804
0.566421
0.570038
0.573651
0.577256
0.580848
0.584424
0.587981
0.591514
0.595021
0.598497
0.60194
0.605347
0.608715
0.61204
0.615321
0.618555
0.621738
0.62487
0.627947
0.630967
0.633929
0.63683
0.639669
0.642444
0.645154
0.647796
0.65037
0.652875
0.655309
0.657671
0.65996
0.662176
0.664318
0.666384
0.668375
0.670289
0.672127
0.673889
0.675573
0.67718
0.67871
0.680163
0.681538
0.682837
0.684059
0.685205
0.686275
0.68727
0.68819
0.689035
0.689808
0.690507
0.691135
0.691692
0.692178
0.692596
0.692946
0.693229
0.693446
0.693599
0.693689
0.693718
0.693686
0.693595
0.693447
0.693243
0.692985
0.692675
0.692313
0.691902
0.691444
0.69094
0.690392
0.689802
0.689171
0.688503
0.687797
0.687057
0.686285
0.685482
0.68465
0.683791
0.682908
0.682001
0.681074
0.680128
0.679165
0.678188
0.677197
0.676195
0.675185
0.674167
0.673144
0.672118
0.67109
0.670062
0.669037
0.668015
0.666999
0.66599
0.664991
0.664001
0.663024
0.66206
0.66111
0.660178
0.659262
0.658366
0.657489
0.656634
0.6558
0.65499
0.654204
0.653443
0.652707
0.651997
0.651315
0.650659
0.650032
0.649432
0.648861
0.648319
0.647805
0.64732
0.646864
0.646437
0.646037
0.645666
0.645322
0.645006
0.644716
0.644452
0.644214
0.644
0.64381
0.643644
0.643499
0.643375
0.643271
0.643185
0.643118
0.643066
0.64303
0.643008
0.642998
0.642999
0.643009
0.643028
0.643053
0.643083
0.643117
0.643153
0.643189
0.643224
0.643256
0.643283
0.643305
0.643318
0.643323
0.643317
0.643298
0.643265
0.643217
0.643151
0.643067
0.642963
0.642837
0.642688
0.642515
0.642316
0.64209
0.641836
0.641552
0.641237
0.640891
0.640511
0.640097
0.639649
0.639164
0.638643
0.638084
0.637486
0.63685
0.636174
0.635457
0.6347
0.633902
0.633062
0.63218
0.631257
0.630291
0.629283
0.628233
0.627141
0.626007
0.624831
0.623614
0.622356
0.621058
0.61972
0.618342
0.616927
0.615473
0.613983
0.612457
0.610896
0.609301
0.607675
0.606017
0.60433
0.602614
0.600872
0.599105
0.597315
0.595503
0.593672
0.591823
0.589959
0.588082
0.586193
0.584295
0.582391
0.580482
0.578572
0.576662
0.574756
0.572856
0.570965
0.569086
0.56722
0.565373
0.563545
0.56174
0.559962
0.558212
0.556495
0.554813
0.553169
0.551567
0.550008
0.548498
0.547037
0.54563
0.54428
0.542989
0.54176
0.540596
0.539501
0.538476
0.537524
0.536648
0.535851
0.535134
0.5345
0.533952
0.53349
0.533118
0.532836
0.532647
0.532552
0.532552
0.532648
0.532842
0.533133
0.533524
0.534014
0.534604
0.535293
0.536082
0.53697
0.537958
0.539044
0.540227
0.541507
0.542883
0.544353
0.545916
0.547571
0.549314
0.551146
0.553063
0.555064
0.557145
0.559306
0.561542
0.563852
0.566233
0.568681
0.571195
0.573771
0.576405
0.579095
0.581838
0.58463
0.587467
0.590348
0.593267
0.596222
0.59921
0.602226
0.605268
0.608332
0.611414
0.614511
0.617619
0.620736
0.623857
0.62698
0.6301
0.633215
0.636321
0.639415
0.642494
0.645554
0.648592
0.651605
0.65459
0.657545
0.660465
0.663348
0.666192
0.668993
0.671749
0.674456
0.677113
0.679717
0.682264
0.684754
0.687182
0.689548
0.691849
0.694082
0.696245
0.698337
0.700355
0.702298
0.704164
0.70595
0.707655
0.709278
0.710817
0.712271
0.713637
0.714916
0.716105
0.717203
0.71821
0.719124
0.719944
0.72067
0.7213
0.721835
0.722273
0.722614
0.722857
0.723003
0.72305
0.722999
0.72285
0.722602
0.722255
0.72181
0.721267
0.720627
0.719888
0.719054
0.718122
0.717096
0.715974
0.714758
0.71345
0.712049
0.710558
0.708976
0.707307
0.70555
0.703708
0.701782
0.699774
0.697685
0.695518
0.693274
0.690955
0.688564
0.686103
0.683574
0.680979
0.678321
0.675603
0.672826
0.669995
0.667112
0.66418
0.661201
0.658179
0.655117
0.652019
0.648887
0.645726
0.642538
0.639327
0.636097
0.632852
0.629595
0.62633
0.623061
0.619792
0.616527
0.613269
0.610024
0.606794
0.603584
0.600399
0.597242
0.594117
0.591028
0.58798
0.584976
0.582021
0.579119
0.576273
0.573487
0.570765
0.568111
0.565529
0.563021
0.560591
0.558243
0.55598
0.553804
0.551718
0.549725
0.547828
0.546028
0.544329
0.54273
0.541235
0.539845
0.538561
0.537383
0.536313
0.535351
0.534497
0.533752
0.533114
0.532585
0.532161
0.531844
0.531631
0.531522
0.531514
0.531605
0.531794
0.532078
0.532455
0.532922
0.533476
0.534114
0.534833
0.53563
0.536501
0.537443
0.538452
0.539524
0.540656
0.541844
0.543083
0.54437
0.5457
0.54707
0.548476
0.549914
0.551379
0.552868
0.554376
0.5559
0.557435
0.558979
0.560526
0.562074
0.563619
0.565157
0.566685
0.568198
0.569695
0.571172
0.572625
0.574052
0.57545
0.576816
0.578147
0.579441
0.580696
0.581909
0.583077
0.584199
0.585274
0.586298
0.587271
0.588191
0.589056
0.589865
0.590617
0.591311
0.591946
0.592521
0.593036
0.593489
0.593881
0.594211
0.594479
0.594684
0.594828
0.59491
0.594929
0.594888
0.594786
0.594623
0.594401
0.594121
0.593782
0.593387
0.592936
0.59243
0.591872
0.591262
0.590601
0.589892
0.589136
0.588334
0.587489
0.586602
0.585676
0.584712
0.583712
0.582678
0.581614
0.58052
0.579399
0.578254
0.577087
0.5759
0.574695
0.573475
0.572243
0.571
0.56975
0.568495
0.567237
0.565979
0.564722
0.56347
0.562226
0.56099
0.559766
0.558556
0.557361
0.556185
0.55503
0.553897
0.552788
0.551706
0.550652
0.549628
0.548635
0.547676
0.546752
0.545865
0.545014
0.544203
0.543432
0.542702
0.542013
0.541368
0.540766
0.540208
0.539695
0.539226
0.538803
0.538426
0.538094
0.537808
0.537567
0.537371
0.53722
0.537114
0.537052
0.537033
0.537056
0.537122
0.537228
0.537375
0.537561
0.537785
0.538047
0.538344
0.538676
0.539041
0.539439
0.539867
0.540325
0.540811
0.541324
0.541862
0.542424
0.543008
0.543614
0.544239
0.544882
0.545543
0.546218
0.546907
0.547609
0.548322
0.549045
0.549777
0.550515
0.55126
0.55201
0.552763
0.553518
0.554275
0.555033
0.555789
0.556544
0.557296
0.558044
0.558788
0.559526
0.560259
0.560984
0.561702
0.562412
0.563112
0.563804
0.564485
0.565155
0.565815
0.566462
0.567098
0.567722
0.568332
0.56893
0.569514
0.570085
0.570641
0.571183
0.571711
0.572225
0.572723
0.573206
0.573674
0.574127
0.574564
0.574986
0.575392
0.575782
0.576156
0.576514
0.576855
0.57718
0.577489
0.577781
0.578056
0.578314
0.578555
0.578779
0.578986
0.579175
0.579346
0.5795
0.579636
0.579753
0.579852
0.579933
0.579995
0.580037
0.580061
0.580065
0.58005
0.580015
0.579959
0.579884
0.579788
0.579671
0.579533
0.579374
0.579194
0.578992
0.578769
0.578524
0.578256
0.577967
0.577655
0.57732
0.576963
0.576584
0.576182
0.575757
0.575309
0.574839
0.574347
0.573832
0.573294
0.572735
0.572154
0.571551
0.570926
0.570281
0.569615
0.568929
0.568224
0.567499
0.566755
0.565994
0.565215
0.56442
0.56361
0.562784
0.561944
0.561091
0.560227
0.559351
0.558465
0.557571
0.556669
0.555761
0.554848
0.553932
0.553013
0.552094
0.551176
0.550259
0.549347
0.54844
0.547541
0.54665
0.54577
0.544902
0.544047
0.543209
0.542388
0.541586
0.540805
0.540048
0.539314
0.538607
0.537928
0.537278
0.53666
0.536075
0.535524
0.53501
0.534533
0.534096
0.533699
0.533344
0.533032
0.532765
0.532543
0.532368
0.53224
0.53216
0.53213
0.532149
0.532219
0.532339
0.532511
0.532734
0.533009
0.533335
0.533712
0.534141
0.534621
0.535151
0.535731
0.53636
0.537038
0.537764
0.538536
0.539353
0.540215
0.54112
0.542067
0.543053
0.544079
0.545141
0.546239
0.547369
0.548532
0.549724
0.550943
0.552189
0.553457
0.554747
0.556056
0.557382
0.558722
0.560075
0.561438
0.562808
0.564185
0.565564
0.566944
0.568323
0.569698
0.571067
0.572428
0.573779
0.575117
0.57644
0.577747
0.579034
0.580301
0.581544
0.582763
0.583956
0.585119
0.586253
0.587355
0.588423
0.589456
0.590453
0.591411
0.592331
0.593209
0.594047
0.594841
0.595592
0.596297
0.596958
0.597571
0.598138
0.598657
0.599127
0.599549
0.599922
0.600246
0.60052
0.600744
0.600918
0.601043
0.601118
0.601144
0.60112
0.601048
0.600928
0.600759
0.600543
0.600281
0.599972
0.599619
0.59922
0.598779
0.598295
0.597769
0.597203
0.596598
0.595955
0.595274
0.594558
0.593808
0.593025
0.59221
0.591366
0.590492
0.589591
0.588665
0.587715
0.586742
0.585748
0.584735
0.583704
0.582657
0.581595
0.58052
0.579434
0.578339
0.577235
0.576124
0.575008
0.573889
0.572768
0.571647
0.570526
0.569408
0.568293
0.567184
0.566081
0.564986
0.5639
0.562824
0.561759
0.560707
0.559668
0.558644
0.557635
0.556642
0.555666
0.554708
0.553769
0.552848
0.551948
0.551068
0.550209
0.549371
0.548554
0.54776
0.546988
0.546238
0.54551
0.544806
0.544124
0.543465
0.542829
0.542215
0.541624
0.541056
0.54051
0.539986
0.539483
0.539003
0.538544
0.538106
0.537689
0.537292
0.536915
0.536558
0.536221
0.535903
0.535603
0.535322
0.535059
0.534814
0.534587
0.534376
0.534183
0.534006
0.533846
0.533702
0.533574
0.533461
0.533365
0.533284
0.533218
0.533168
0.533134
0.533115
0.533111
0.533123
0.533151
0.533194
0.533253
0.533329
0.53342
0.533529
0.533654
0.533796
0.533956
0.534133
0.534329
0.534543
0.534777
0.535029
0.535301
0.535594
0.535907
0.536241
0.536596
0.536974
0.537373
0.537796
0.538241
0.53871
0.539203
0.53972
0.540262
0.540828
0.54142
0.542037
0.542679
0.543347
0.544041
0.54476
0.545506
0.546277
0.547074
0.547897
0.548745
0.549618
0.550516
0.551439
0.552385
0.553356
0.554349
0.555365
0.556403
0.557461
0.55854
0.559639
0.560756
0.56189
0.563041
0.564207
0.565388
0.566581
0.567786
0.569002
0.570226
0.571458
0.572697
0.57394
0.575186
0.576433
0.577681
0.578926
0.580169
0.581406
0.582636
0.583857
0.585068
0.586267
0.587451
0.58862
0.589771
0.590902
0.592013
0.5931
0.594162
0.595197
0.596204
0.59718
0.598125
0.599036
0.599911
0.600749
0.601548
0.602308
0.603025
0.603699
0.604328
0.60491
0.605445
0.605931
0.606367
0.606751
0.607082
0.60736
0.607582
0.607749
0.60786
0.607912
0.607906
0.607842
0.607717
0.607532
0.607287
0.60698
0.606612
0.606182
0.60569
0.605135
0.604519
0.603841
0.603101
0.602299
0.601436
0.600512
0.599527
0.598483
0.597379
0.596216
0.594996
0.593719
0.592386
0.590999
0.589558
0.588064
0.586519
0.584925
0.583282
0.581593
0.579859
0.578081
0.576262
0.574403
0.572507
0.570575
0.568609
0.566612
0.564585
0.562532
0.560453
0.558353
0.556233
0.554095
0.551943
0.549778
0.547604
0.545423
0.543237
0.541051
0.538865
0.536684
0.534509
0.532344
0.530191
0.528054
0.525935
0.523836
0.521761
0.519712
0.517693
0.515705
0.513751
0.511834
0.509957
0.508121
0.50633
0.504585
0.502889
0.501245
0.499653
0.498116
0.496636
0.495215
0.493853
0.492554
0.491317
0.490145
0.489038
0.487998
0.487024
0.486119
0.485282
0.484513
0.483814
0.483184
0.482622
0.48213
0.481706
0.48135
0.481061
0.480838
0.480681
0.480589
0.48056
0.480593
0.480686
0.480838
0.481048
0.481313
0.481632
0.482002
0.482422
0.48289
0.483403
0.483959
0.484555
0.48519
0.485861
0.486566
0.487302
0.488066
0.488856
0.48967
0.490505
0.491358
0.492227
0.493109
0.494002
0.494904
0.495812
0.496723
0.497635
0.498546
0.499453
0.500355
0.501249
0.502132
0.503003
0.50386
0.5047
0.505522
0.506324
0.507104
0.50786
0.50859
0.509294
0.509969
0.510613
0.511227
0.511807
0.512354
0.512865
0.51334
0.513777
0.514176
0.514535
0.514855
0.515133
0.51537
0.515565
0.515717
0.515825
0.51589
0.515911
0.515888
0.51582
0.515707
0.51555
0.515348
0.515101
0.51481
0.514474
0.514095
0.513671
0.513204
0.512693
0.512141
0.511546
0.510909
0.510232
0.509515
0.508758
0.507963
0.50713
0.506261
0.505355
0.504415
0.503441
0.502434
0.501396
0.500328
0.49923
0.498105
0.496954
0.495777
0.494577
0.493355
0.492113
0.490851
0.489572
0.488277
0.486967
0.485646
0.484313
0.482971
0.481623
0.480268
0.478911
0.477551
0.476192
0.474835
0.473482
0.472135
0.470797
0.469468
0.468152
0.466849
0.465563
0.464296
0.463049
0.461824
0.460624
0.45945
0.458306
0.457192
0.456111
0.455065
0.454056
0.453086
0.452158
0.451272
0.450431
0.449637
0.448892
0.448197
0.447555
0.446966
0.446434
0.445959
0.445543
0.445188
0.444894
0.444664
0.444498
0.444398
0.444365
0.444399
0.444503
0.444676
0.444919
0.445234
0.44562
0.446079
0.446609
0.447212
0.447888
0.448637
0.449458
0.450352
0.451318
0.452355
0.453463
0.454642
0.455891
0.457209
0.458594
0.460046
0.461564
0.463147
0.464792
0.466499
0.468266
0.470092
0.471974
0.473911
0.475901
0.477943
0.480033
0.482171
0.484353
0.486579
0.488845
0.491149
0.493489
0.495863
0.498268
0.500702
0.503161
0.505645
0.50815
0.510673
0.513213
0.515766
0.518329
0.520901
0.523479
0.52606
0.528641
0.53122
0.533794
0.53636
0.538917
0.54146
0.543989
0.5465
0.54899
0.551458
0.5539
0.556314
0.558699
0.56105
0.563366
0.565645
0.567884
0.57008
0.572233
0.574338
0.576395
0.578401
0.580354
0.582251
0.584091
0.585873
0.587592
0.589249
0.590841
0.592367
0.593823
0.59521
0.596525
0.597767
0.598934
0.600024
0.601037
0.60197
0.602823
0.603595
0.604284
0.604888
0.605408
0.605841
0.606188
0.606447
0.606617
0.606698
0.60669
0.60659
0.6064
0.606118
0.605744
0.605278
0.60472
0.604069
0.603325
0.602489
0.601561
0.60054
0.599427
0.598222
0.596926
0.595539
0.594061
0.592494
0.590838
0.589094
0.587262
0.585344
0.583341
0.581254
0.579084
0.576832
0.574501
0.57209
0.569603
0.56704
0.564404
0.561697
0.558919
0.556074
0.553164
0.55019
0.547155
0.544062
0.540913
0.537711
0.534458
0.531157
0.527811
0.524423
0.520997
0.517535
0.514041
0.510517
0.506969
0.503398
0.499809
0.496206
0.492592
0.488971
0.485347
0.481725
0.478108
0.474501
0.470908
0.467333
0.463781
0.460256
0.456763
0.453306
0.44989
0.44652
0.443199
0.439934
0.436728
0.433585
0.430512
0.427511
0.424589
0.421748
0.418994
0.41633
0.413761
0.411291
0.408924
0.406664
0.404513
0.402475
0.400554
0.398753
0.397073
0.395518
0.39409
0.39279
0.39162
0.390582
0.389676
0.388903
0.388264
0.387758
0.387385
0.387146
0.387038
0.387061
0.387213
0.387492
0.387897
0.388424
0.389073
0.389839
0.390719
0.391711
0.392811
0.394015
0.39532
0.396722
0.398216
0.399799
0.401467
0.403214
0.405038
0.406933
0.408896
0.410922
0.413006
0.415144
0.417332
0.419566
0.421842
0.424155
0.426501
0.428877
0.431279
0.433702
0.436143
0.438599
0.441065
0.44354
0.446018
0.448498
0.450976
0.453449
0.455915
0.458371
0.460813
0.463241
0.465651
0.468041
0.47041
0.472754
0.475074
0.477365
0.479628
0.48186
0.484061
0.486228
0.48836
0.490457
0.492518
0.494542
0.496527
0.498473
0.50038
0.502247
0.504073
0.505859
0.507603
0.509307
0.510969
0.512589
0.514168
0.515707
0.517204
0.51866
0.520075
0.521451
0.522786
0.524083
0.52534
0.526559
0.527741
0.528885
0.529993
0.531066
0.532103
0.533107
0.534077
0.535014
0.53592
0.536795
0.53764
0.538456
0.539243
0.540004
0.540738
0.541446
0.54213
0.542791
0.543428
0.544044
0.544639
0.545213
0.545768
0.546305
0.546824
0.547326
0.547812
0.548283
0.548739
0.549181
0.54961
0.550026
0.55043
0.550822
0.551204
0.551574
0.551935
0.552286
0.552627
0.552959
0.553283
0.553598
0.553905
0.554203
0.554494
0.554777
0.555051
0.555318
0.555577
0.555827
0.55607
0.556304
0.55653
0.556747
0.556956
0.557154
0.557344
0.557523
0.557692
0.557851
0.557998
0.558134
0.558257
0.558368
0.558466
0.558551
0.558621
0.558676
0.558716
0.55874
0.558748
0.558738
0.558711
0.558665
0.5586
0.558516
0.558411
0.558286
0.558139
0.55797
0.557778
0.557563
0.557324
0.557061
0.556773
0.556459
0.55612
0.555754
0.55536
0.55494
0.554491
0.554014
0.553509
0.552974
0.55241
0.551815
0.551191
0.550537
0.549851
0.549135
0.548388
0.54761
0.5468
0.545959
0.545086
0.544182
0.543246
0.542278
0.541279
0.540248
0.539186
0.538092
0.536967
0.535812
0.534625
0.533408
0.532161
0.530884
0.529577
0.528241
0.526876
0.525482
0.52406
0.52261
0.521134
0.51963
0.5181
0.516545
0.514964
0.513359
0.51173
0.510078
0.508402
0.506705
0.504986
0.503246
0.501487
0.499708
0.49791
0.496094
0.494262
0.492412
0.490547
0.488668
0.486774
0.484866
0.482946
0.481015
0.479072
0.477119
0.475157
0.473187
0.471208
0.469223
0.467232
0.465235
0.463235
0.46123
0.459223
0.457214
0.455204
0.453193
0.451183
0.449175
0.447168
0.445165
0.443166
0.441171
0.439181
0.437198
0.435222
0.433254
0.431294
0.429344
0.427404
0.425475
0.423558
0.421653
0.419762
0.417885
0.416023
0.414176
0.412346
0.410534
0.408739
0.406962
0.405206
0.403469
0.401753
0.400059
0.398388
0.396739
0.395114
0.393514
0.39194
0.390391
0.388869
0.387375
0.385909
0.384471
0.383063
0.381686
0.380339
0.379024
0.377741
0.376491
0.375275
0.374093
0.372946
0.371834
0.370758
0.369719
0.368718
0.367754
0.366828
0.365942
0.365095
0.364288
0.363521
0.362795
0.362111
0.361468
0.360868
0.36031
0.359795
0.359323
0.358895
0.358511
0.358171
0.357875
0.357624
0.357417
0.357255
0.357138
0.357066
0.357039
0.357057
0.35712
0.357227
0.35738
0.357577
0.357819
0.358105
0.358436
0.35881
0.359228
0.359689
0.360193
0.360739
0.361328
0.361958
0.36263
0.363342
0.364095
0.364887
0.365719
0.366589
0.367497
0.368443
0.369425
0.370443
0.371497
0.372586
0.373708
0.374864
0.376053
0.377273
0.378525
0.379806
0.381118
0.382458
0.383827
0.385223
0.386646
0.388094
0.389567
0.391065
0.392586
0.39413
0.395697
0.397284
0.398892
0.400519
0.402166
0.403831
0.405514
0.407213
0.408929
0.41066
0.412405
0.414165
0.415938
0.417724
0.419522
0.421331
0.423151
0.42498
0.42682
0.428668
0.430524
0.432387
0.434258
0.436134
0.438016
0.439904
0.441795
0.443691
0.445589
0.44749
0.449394
0.451298
0.453203
0.455109
0.457014
0.458917
0.460819
0.462719
0.464616
0.466509
0.468398
0.470282
0.472161
0.474033
0.475898
0.477756
0.479606
0.481446
0.483277
0.485098
0.486907
0.488704
0.490489
0.49226
0.494018
0.49576
0.497486
0.499196
0.500888
0.502562
0.504217
0.505851
0.507465
0.509057
0.510626
0.512171
0.513692
0.515187
0.516656
0.518097
0.51951
0.520893
0.522246
0.523567
0.524856
0.526111
0.527332
0.528517
0.529666
0.530777
0.531849
0.532882
0.533873
0.534823
0.535731
0.536594
0.537413
0.538185
0.538911
0.539588
0.540217
0.540796
0.541324
0.541799
0.542222
0.542591
0.542906
0.543164
0.543366
0.543511
0.543597
0.543625
0.543592
0.543498
0.543343
0.543126
0.542846
0.542503
0.542095
0.541622
0.541084
0.540481
0.53981
0.539073
0.538269
0.537397
0.536458
0.53545
0.534374
0.533229
0.532015
0.530732
0.529381
0.527961
0.526472
0.524914
0.523288
0.521594
0.519831
0.518002
0.516105
0.514141
0.512112
0.510017
0.507857
0.505633
0.503346
0.500997
0.498587
0.496116
0.493586
0.490999
0.488355
0.485655
0.482902
0.480097
0.477241
0.474336
0.471384
0.468387
0.465347
0.462266
0.459145
0.455988
0.452797
0.449574
0.446321
0.443042
0.439738
0.436414
0.433072
0.429714
0.426345
0.422967
0.419584
0.4162
0.412817
0.40944
0.406072
0.402717
0.39938
0.396064
0.392774
0.389513
0.386286
0.383099
0.379954
0.376857
0.373812
0.370824
0.367898
0.365038
0.362249
0.359537
0.356905
0.354358
0.351902
0.34954
0.347277
0.345118
0.343067
0.341128
0.339305
0.337602
0.336023
0.334571
0.333249
0.332059
0.331006
0.330091
0.329315
0.328681
0.328191
0.327844
0.327642
0.327584
0.327672
0.327903
0.328278
0.328796
0.329454
0.330251
0.331185
0.332253
0.333453
0.334781
0.336234
0.337809
0.339501
0.341308
0.343225
0.345247
0.347371
0.349591
0.351904
0.354305
0.356789
0.359351
0.361987
0.364692
0.367461
0.37029
0.373174
0.376109
0.37909
0.382113
0.385173
0.388266
0.391388
0.394535
0.397703
0.400888
0.404086
0.407294
0.410508
0.413725
0.41694
0.420152
0.423357
0.426552
0.429734
0.432901
0.436049
0.439176
0.442279
0.445357
0.448407
0.451427
0.454415
0.457368
0.460286
0.463166
0.466006
0.468806
0.471563
0.474277
0.476945
0.479567
0.482142
0.484669
0.487146
0.489572
0.491948
0.494272
0.496543
0.498762
0.500926
0.503037
0.505094
0.507095
0.509042
0.510934
0.512771
0.514552
0.516278
0.517949
0.519564
0.521125
0.522631
0.524082
0.525479
0.526823
0.528113
0.52935
0.530535
0.531667
0.532749
0.533779
0.53476
0.535691
0.536574
0.537408
0.538195
0.538936
0.539632
0.540282
0.540889
0.541453
0.541975
0.542456
0.542897
0.543299
0.543662
0.543989
0.544279
0.544534
0.544755
0.544944
0.5451
0.545225
0.54532
0.545386
0.545424
0.545436
0.545422
0.545383
0.54532
0.545234
0.545127
0.544998
0.54485
0.544683
0.544498
0.544296
0.544078
0.543845
0.543597
0.543335
0.543061
0.542775
0.542477
0.542169
0.541851
0.541524
0.541189
0.540846
0.540495
0.540138
0.539775
0.539406
0.539031
0.538652
0.538269
0.537881
0.53749
0.537095
0.536698
0.536297
0.535894
0.535488
0.53508
0.534669
0.534257
0.533842
0.533425
0.533006
0.532584
0.532161
0.531734
0.531306
0.530874
0.53044
0.530002
0.529562
0.529117
0.528669
0.528216
0.527759
0.527297
0.52683
0.526357
0.525878
0.525393
0.524901
0.524401
0.523894
0.523379
0.522855
0.522322
0.521779
0.521226
0.520663
0.520089
0.519503
0.518906
0.518295
0.517672
0.517036
0.516385
0.51572
0.515041
0.514346
0.513635
0.512909
0.512165
0.511405
0.510628
0.509833
0.50902
0.508188
0.507338
0.506469
0.505581
0.504673
0.503745
0.502798
0.50183
0.500842
0.499834
0.498806
0.497756
0.496687
0.495596
0.494485
0.493354
0.492201
0.491029
0.489836
0.488623
0.48739
0.486138
0.484866
0.483575
0.482265
0.480937
0.479591
0.478227
0.476846
0.475449
0.474035
0.472606
0.471162
0.469704
0.468233
0.466749
0.465253
0.463745
0.462227
0.4607
0.459164
0.457621
0.45607
0.454514
0.452954
0.45139
0.449823
0.448255
0.446686
0.445119
0.443554
0.441992
0.440435
0.438883
0.43734
0.435804
0.434279
0.432765
0.431263
0.429776
0.428304
0.426849
0.425413
0.423996
0.4226
0.421227
0.419878
0.418554
0.417257
0.415989
0.41475
0.413542
0.412366
0.411224
0.410117
0.409046
0.408012
0.407017
0.406062
0.405148
0.404276
0.403447
0.402662
0.401921
0.401227
0.400579
0.399978
0.399425
0.398921
0.398466
0.398061
0.397705
0.3974
0.397145
0.396941
0.396788
0.396686
0.396634
0.396633
0.396682
0.396781
0.39693
0.397128
0.397375
0.39767
0.398012
0.398401
0.398836
0.399316
0.39984
0.400406
0.401015
0.401664
0.402352
0.403079
0.403843
0.404642
0.405476
0.406343
0.40724
0.408168
0.409124
0.410106
0.411114
0.412145
0.413198
0.414271
0.415363
0.416471
0.417595
0.418733
0.419882
0.421042
0.42221
0.423385
0.424565
0.425748
0.426934
0.42812
0.429305
0.430487
0.431664
0.432836
0.434
0.435155
0.4363
0.437433
0.438553
0.439659
0.440749
0.441821
0.442876
0.443911
0.444925
0.445917
0.446887
0.447832
0.448753
0.449648
0.450516
0.451356
0.452167
0.45295
0.453702
0.454424
0.455114
0.455772
0.456397
0.45699
0.457549
0.458074
0.458564
0.45902
0.459441
0.459827
0.460178
0.460493
0.460772
0.461016
0.461224
0.461396
0.461533
0.461634
0.461701
0.461732
0.461728
0.46169
0.461618
0.461513
0.461373
0.461202
0.460997
0.460761
0.460494
0.460197
0.459869
0.459513
0.459127
0.458715
0.458275
0.457809
0.457319
0.456803
0.456265
0.455704
0.455122
0.454519
0.453897
0.453257
0.452599
0.451925
0.451236
0.450533
0.449817
0.449089
0.448351
0.447604
0.446848
0.446085
0.445317
0.444544
0.443767
0.442988
0.442207
0.441427
0.440648
0.439871
0.439098
0.438329
0.437566
0.436809
0.43606
0.43532
0.43459
0.43387
0.433162
0.432467
0.431785
0.431117
0.430465
0.429828
0.429208
0.428605
0.42802
0.427453
0.426906
0.426378
0.425869
0.425381
0.424914
0.424467
0.424042
0.423637
0.423255
0.422893
0.422553
0.422235
0.421938
0.421662
0.421407
0.421173
0.420959
0.420766
0.420592
0.420437
0.420301
0.420184
0.420084
0.420001
0.419934
0.419883
0.419847
0.419825
0.419816
0.41982
0.419835
0.419862
0.419897
0.419942
0.419995
0.420055
0.420121
0.420191
0.420266
0.420344
0.420423
0.420504
0.420585
0.420664
0.420742
0.420816
0.420886
0.420952
0.421011
0.421064
0.421108
0.421144
0.421171
0.421187
0.421191
0.421183
0.421163
0.421129
0.421081
0.421017
0.420938
0.420843
0.420731
0.420602
0.420454
0.420289
0.420105
0.419902
0.41968
0.419438
0.419177
0.418896
0.418594
0.418273
0.417932
0.41757
0.417189
0.416788
0.416367
0.415927
0.415467
0.414989
0.414493
0.413979
0.413447
0.412899
0.412334
0.411753
0.411158
0.410548
0.409926
0.40929
0.408643
0.407985
0.407317
0.406641
0.405956
0.405265
0.404569
0.403868
0.403164
0.402458
0.401751
0.401045
0.40034
0.399639
0.398943
0.398252
0.397568
0.396893
0.396229
0.395575
0.394935
0.394309
0.393698
0.393105
0.39253
0.391975
0.391441
0.390929
0.390441
0.389979
0.389542
0.389133
0.388753
0.388403
0.388083
0.387796
0.387541
0.38732
0.387134
0.386984
0.386869
0.386792
0.386752
0.38675
0.386787
0.386862
0.386977
0.387131
0.387325
0.387559
0.387832
0.388146
0.388498
0.38889
0.389321
0.38979
0.390298
0.390843
0.391425
0.392043
0.392697
0.393386
0.394108
0.394864
0.395651
0.396469
0.397317
0.398194
0.399097
0.400027
0.400982
0.40196
0.40296
0.403981
0.405021
0.406079
0.407153
0.408242
0.409345
0.410459
0.411583
0.412717
0.413857
0.415003
0.416154
0.417307
0.418461
0.419615
0.420767
0.421916
0.42306
0.424198
0.425329
0.42645
0.427562
0.428662
0.42975
0.430823
0.431881
0.432924
0.433948
0.434955
0.435941
0.436908
0.437853
0.438776
0.439676
0.440551
0.441403
0.442229
0.443029
0.443802
0.444549
0.445268
0.445959
0.446621
0.447255
0.44786
0.448436
0.448983
0.4495
0.449987
0.450445
0.450874
0.451273
0.451643
0.451984
0.452296
0.452579
0.452834
0.453062
0.453262
0.453435
0.453582
0.453703
0.453799
0.45387
0.453918
0.453943
0.453945
0.453926
0.453886
0.453826
0.453747
0.453651
0.453537
0.453408
0.453263
0.453105
0.452934
0.452751
0.452557
0.452354
0.452142
0.451923
0.451697
0.451467
0.451233
0.450996
0.450757
0.450518
0.45028
0.450043
0.449809
0.449579
0.449355
0.449136
0.448925
0.448722
0.448528
0.448344
0.448171
0.448011
0.447863
0.447729
0.447609
0.447505
0.447417
0.447345
0.447291
0.447254
0.447236
0.447236
0.447256
0.447296
0.447355
0.447435
0.447535
0.447656
0.447797
0.44796
0.448143
0.448347
0.448572
0.448817
0.449082
0.449368
0.449673
0.449997
0.450341
0.450703
0.451083
0.451481
0.451895
0.452326
0.452772
0.453233
0.453709
0.454198
0.454699
0.455212
0.455736
0.456271
0.456814
0.457365
0.457924
0.458489
0.459059
0.459634
0.460212
0.460792
0.461374
0.461956
0.462537
0.463117
0.463693
0.464266
0.464834
0.465397
0.465953
0.466501
0.46704
0.46757
0.468089
0.468597
0.469093
0.469575
0.470044
0.470497
0.470935
0.471357
0.471762
0.472149
0.472517
0.472866
0.473195
0.473505
0.473793
0.47406
0.474305
0.474527
0.474727
0.474904
0.475057
0.475187
0.475293
0.475374
0.475431
0.475463
0.475471
0.475453
0.475411
0.475344
0.475252
0.475136
0.474994
0.474829
0.474638
0.474424
0.474186
0.473924
0.473639
0.473331
0.473
0.472647
0.472272
0.471876
0.47146
0.471023
0.470566
0.470091
0.469597
0.469085
0.468556
0.468011
0.46745
0.466874
0.466284
0.465681
0.465065
0.464438
0.463799
0.463151
0.462493
0.461828
0.461155
0.460475
0.45979
0.4591
0.458407
0.457711
0.457014
0.456315
0.455617
0.45492
0.454225
0.453533
0.452845
0.452161
0.451484
0.450813
0.45015
0.449495
0.44885
0.448215
0.447591
0.446978
0.446379
0.445793
0.445221
0.444663
0.444122
0.443596
0.443088
0.442597
0.442124
0.441669
0.441234
0.440817
0.440421
0.440045
0.43969
0.439356
0.439043
0.438751
0.43848
0.438232
0.438005
0.4378
0.437617
0.437455
0.437316
0.437197
0.4371
0.437025
0.43697
0.436935
0.436921
0.436926
0.436951
0.436994
0.437056
0.437136
0.437232
0.437345
0.437474
0.437618
0.437776
0.437948
0.438132
0.438328
0.438535
0.438752
0.438979
0.439213
0.439455
0.439702
0.439955
0.440212
0.440472
0.440734
0.440996
0.441259
0.441519
0.441778
0.442032
0.442282
0.442526
0.442763
0.442991
0.443211
0.443419
0.443616
0.4438
0.44397
0.444124
0.444263
0.444384
0.444487
0.44457
0.444633
0.444674
0.444693
0.444688
0.444658
0.444602
0.44452
0.444411
0.444273
0.444106
0.443909
0.443681
0.443422
0.44313
0.442805
0.442447
0.442054
0.441626
0.441163
0.440664
0.440128
0.439556
0.438946
0.438298
0.437613
0.436889
0.436127
0.435327
0.434487
0.43361
0.432693
0.431738
0.430744
0.429712
0.428642
0.427534
0.426388
0.425205
0.423985
0.422729
0.421438
0.420112
0.418751
0.417357
0.41593
0.414471
0.412981
0.411462
0.409913
0.408338
0.406736
0.405109
0.403458
0.401785
0.400091
0.398378
0.396648
0.394902
0.393142
0.391371
0.389589
0.387798
0.386002
0.384202
0.3824
0.380599
0.3788
0.377007
0.375221
0.373446
0.371683
0.369936
0.368206
0.366498
0.364812
0.363153
0.361522
0.359924
0.358359
0.356832
0.355345
0.353901
0.352503
0.351153
0.349855
0.34861
0.347422
0.346293
0.345225
0.344222
0.343286
0.342418
0.341621
0.340898
0.340249
0.339678
0.339184
0.338771
0.33844
0.338191
0.338026
0.337945
0.33795
0.338041
0.338218
0.338481
0.338831
0.339267
0.339788
0.340395
0.341086
0.34186
0.342717
0.343654
0.344671
0.345766
0.346937
0.348182
0.349499
0.350886
0.352341
0.353861
0.355443
0.357085
0.358785
0.360538
0.362344
0.364198
0.366097
0.368039
0.370021
0.372039
0.37409
0.376172
0.37828
0.380413
0.382566
0.384737
0.386922
0.389118
0.391323
0.393533
0.395746
0.397958
0.400166
0.402368
0.40456
0.40674
0.408906
0.411054
0.413182
0.415287
0.417368
0.41942
0.421443
0.423433
0.425389
0.427309
0.429189
0.431029
0.432826
0.434579
0.436285
0.437942
0.43955
0.441107
0.44261
0.444059
0.445453
0.446789
0.448066
0.449284
0.450442
0.451538
0.452571
0.45354
0.454446
0.455286
0.456061
0.456769
0.457411
0.457985
0.458492
0.458931
0.459302
0.459605
0.459839
0.460006
0.460104
0.460134
0.460096
0.459991
0.459819
0.459579
0.459274
0.458903
0.458467
0.457967
0.457403
0.456776
0.456088
0.455339
0.45453
0.453663
0.452738
0.451757
0.450721
0.449632
0.448491
0.447299
0.446058
0.44477
0.443436
0.442058
0.440638
0.439178
0.437679
0.436144
0.434574
0.432973
0.431341
0.429681
0.427995
0.426285
0.424555
0.422805
0.421038
0.419258
0.417465
0.415664
0.413855
0.412042
0.410227
0.408413
0.406602
0.404797
0.403
0.401214
0.399441
0.397684
0.395946
0.394228
0.392535
0.390866
0.389227
0.387617
0.386041
0.3845
0.382996
0.381531
0.380108
0.378729
0.377395
0.376109
0.374871
0.373684
0.372549
0.371467
0.370441
0.36947
0.368557
0.367701
0.366904
0.366167
0.36549
0.364874
0.364318
0.363823
0.363389
0.363016
0.362703
0.362451
0.362258
0.362125
0.362049
0.362031
0.362069
0.362162
0.362309
0.362509
0.36276
0.36306
0.363409
0.363803
0.364242
0.364724
0.365246
0.365807
0.366404
0.367036
0.3677
0.368395
0.369117
0.369865
0.370637
0.37143
0.372242
0.373071
0.373914
0.37477
0.375635
0.376509
0.377388
0.378271
0.379155
0.380039
0.38092
0.381797
0.382666
0.383527
0.384378
0.385217
0.386041
0.38685
0.387642
0.388414
0.389167
0.389897
0.390604
0.391286
0.391943
0.392573
0.393174
0.393746
0.394288
0.394799
0.395277
0.395723
0.396136
0.396514
0.396858
0.397166
0.397439
0.397676
0.397877
0.398042
0.398169
0.398261
0.398315
0.398334
0.398316
0.398261
0.398171
0.398046
0.397886
0.397691
0.397462
0.3972
0.396906
0.39658
0.396223
0.395836
0.39542
0.394977
0.394506
0.39401
0.39349
0.392947
0.392382
0.391797
0.391193
0.390572
0.389936
0.389285
0.388623
0.38795
0.387268
0.38658
0.385886
0.38519
0.384493
0.383797
0.383104
0.382416
0.381735
0.381063
0.380404
0.379757
0.379127
0.378514
0.377922
0.377352
0.376807
0.376288
0.375798
0.375339
0.374913
0.374522
0.374169
0.373854
0.37358
0.37335
0.373164
0.373025
0.372934
0.372892
0.372903
0.372966
0.373083
0.373256
0.373486
0.373773
0.37412
0.374526
0.374992
0.37552
0.376109
0.376761
0.377474
0.378251
0.37909
0.379992
0.380957
0.381983
0.383072
0.384222
0.385432
0.386703
0.388033
0.38942
0.390865
0.392366
0.393922
0.395531
0.397193
0.398904
0.400665
0.402473
0.404326
0.406223
0.408162
0.410141
0.412157
0.41421
0.416297
0.418415
0.420563
0.422738
0.424938
0.427162
0.429406
0.431669
0.433948
0.436241
0.438546
0.44086
0.443181
0.445507
0.447836
0.450165
0.452492
0.454815
0.457131
0.459438
0.461735
0.464019
0.466287
0.468539
0.47077
0.472981
0.475168
0.477329
0.479463
0.481567
0.48364
0.48568
0.487685
0.489652
0.491581
0.49347
0.495317
0.497119
0.498877
0.500587
0.502249
0.503861
0.505422
0.506929
0.508382
0.50978
0.511121
0.512404
0.513627
0.51479
