
Dual Residual: 
1
1337.73
362.341
186.95
113.942
95.676
75.0629
60.5405
53.2193
48.0633
42.3621
36.3785
31.224
27.6716
25.7229
24.7106
23.8696
22.8222
21.603
20.3766
19.1899
17.9831
16.7699
15.7397
15.1553
15.1225
15.4704
15.8742
16.0489
15.844
15.2406
14.3123
13.1841
12.0022
10.915
10.0559
9.51859
9.3273
9.42663
9.70727
10.049
10.3514
10.5446
10.5891
10.472
10.203
9.81105
9.34085
8.84759
8.38969
8.01862
7.76759
7.64347
7.62692
7.68112
7.76412
7.83889
7.87831
7.86618
7.79575
7.66751
7.48696
7.26307
7.00733
6.73344
6.45722
6.19631
5.969
5.79199
5.67726
5.62899
5.64201
5.70275
5.7923
5.89029
5.97824
6.0418
6.07171
6.06391
6.01899
5.94138
5.8383
5.71864
5.59191
5.46717
5.35219
5.25265
5.1717
5.10974
5.06463
5.03212
5.00663
4.98206
4.95267
4.91383
4.86254
4.79781
4.72067
4.63403
4.54224
4.45037
4.36345
4.28561
4.21936
4.16518
4.12148
4.08503
4.05158
4.01668
3.97638
3.92779
3.86945
3.8014
3.72518
3.64357
3.56028
3.47957
3.4058
3.34291
3.29405
3.26124
3.24512
3.24502
3.25906
3.28445
3.31786
3.35571
3.39451
3.43105
3.46261
3.48703
3.50285
3.5093
3.50636
3.49475
3.47585
3.45164
3.42453
3.39716
3.37219
3.35199
3.33841
3.33258
3.33475
3.34434
3.35994
3.37959
3.40095
3.42157
3.43913
3.4516
3.45737
3.45536
3.44502
3.42634
3.39983
3.36642
3.3274
3.28434
3.23896
3.193
3.14814
3.10585
3.0673
3.03334
3.00443
2.98066
2.96184
2.94753
2.9372
2.93031
2.9264
2.92514
2.9264
2.93018
2.93665
2.94598
2.95836
2.97386
2.99235
3.01351
3.03674
3.06124
3.08604
3.11006
3.1322
3.15142
3.16686
3.17784
3.18395
3.18506
3.18136
3.17325
3.16141
3.14668
3.13
3.11236
3.09471
3.07792
3.06269
3.04953
3.03877
3.03051
3.02471
3.02119
3.01966
3.01983
3.0214
3.02412
3.02781
3.03236
3.03773
3.04395
3.05106
3.0591
3.06807
3.07792
3.08849
3.09953
3.11066
3.12143
3.13126
3.13954
3.1456
3.14876
3.14838
3.14386
3.13466
3.12039
3.10074
3.07558
3.04492
3.00897
2.96809
2.92286
2.87404
2.82258
2.76959
2.71637
2.66432
2.61494
2.56974
2.53018
2.49758
2.47304
2.45735
2.45092
2.45374
2.46541
2.48515
2.51186
2.54423
2.58083
2.62018
2.66086
2.70156
2.74112
2.77857
2.81313
2.84424
2.87153
2.89483
2.9141
2.92948
2.94121
2.94959
2.95503
2.95794
2.95874
2.95786
2.95567
2.95255
2.94877
2.94459
2.94019
2.93571
2.93123
2.92676
2.9223
2.9178
2.91316
2.90828
2.903
2.89716
2.89057
2.88305
2.87437
2.86433
2.85272
2.83934
2.82401
2.8066
2.78699
2.76512
2.741
2.7147
2.68635
2.65617
2.62443
2.59149
2.55776
2.5237
2.48983
2.45666
2.42475
2.3946
2.3667
2.34151
2.31938
2.30063
2.28547
2.27401
2.26629
2.26226
2.2618
2.2647
2.27073
2.2796
2.29099
2.30455
2.31993
2.33677
2.35469
2.37332
2.3923
2.41127
2.42987
2.44777
2.46464
2.48018
2.49411
2.50617
2.51615
2.52384
2.5291
2.53179
2.53182
2.52913
2.52368
2.51547
2.50452
2.49086
2.47456
2.4557
2.43438
2.41073
2.3849
2.35706
2.32743
2.29628
2.26389
2.23063
2.19689
2.16315
2.12992
2.09776
2.06729
2.03914
2.01394
1.99233
1.97487
1.96208
1.95435
1.95197
1.95507
1.96363
1.97747
1.99628
2.01961
2.04691
2.07758
2.11094
2.14631
2.18301
2.22038
2.25782
2.29474
2.33064
2.36506
2.3976
2.42794
2.4558
2.48096
2.50325
2.52253
2.53874
2.55183
2.56178
2.5686
2.57235
2.57308
2.57088
2.56585
2.55812
2.54782
2.53511
2.52015
2.50314
2.48428
2.46378
2.4419
2.41888
2.395
2.37055
2.34583
2.32114
2.29679
2.27309
2.25035
2.22885
2.20884
2.19058
2.17424
2.15998
2.14791
2.13808
2.13049
2.12509
2.12177
2.12039
2.12076
2.12266
2.12585
2.13007
2.13506
2.14055
2.1463
2.15205
2.15761
2.16276
2.16734
2.17123
2.17432
2.17653
2.17783
2.17821
2.17768
2.17629
2.1741
2.1712
2.16768
2.16366
2.15923
2.15453
2.14965
2.14469
2.13976
2.13492
2.13023
2.12574
2.12144
2.11735
2.11344
2.10966
2.10596
2.10225
2.09846
2.09449
2.09026
2.08568
2.08068
2.07519
2.06917
2.0626
2.05549
2.04787
2.03982
2.03142
2.02283
2.01421
2.00575
1.99768
1.99024
1.98371
1.97833
1.97438
1.97212
1.97176
1.97353
1.97757
1.984
1.99287
2.00418
2.01787
2.03382
2.05185
2.07173
2.09319
2.11592
2.13959
2.16386
2.18836
2.21274
2.23665
2.25977
2.28179
2.30242
2.32141
2.33855
2.35364
2.36655
2.37714
2.38536
2.39116
2.39453
2.3955
2.39412
2.39049
2.3847
2.3769
2.36724
2.3559
2.34305
2.3289
2.31364
2.29749
2.28066
2.26334
2.24574
2.22805
2.21044
2.19308
2.17612
2.15969
2.14389
2.12881
2.11453
2.10109
2.08853
2.07686
2.06607
2.05614
2.04704
2.03874
2.03117
2.0243
2.01805
2.01237
2.0072
2.00247
1.99814
1.99414
1.99044
1.98697
1.98371
1.98061
1.97764
1.97476
1.97196
1.96919
1.96644
1.96367
1.96088
1.95802
1.95509
1.95206
1.9489
1.94561
1.94215
1.93851
1.93468
1.93065
1.9264
1.92195
1.91727
1.91239
1.90731
1.90205
1.89663
1.89108
1.88543
1.87971
1.87396
1.86824
1.86258
1.85705
1.85168
1.84655
1.8417
1.83718
1.83306
1.82937
1.82618
1.82352
1.82144
1.81998
1.81917
1.81904
1.81961
1.8209
1.82292
1.82568
1.82918
1.83341
1.83837
1.84403
1.85038
1.85739
1.86502
1.87323
1.882
1.89126
1.90098
1.91109
1.92154
1.93227
1.94323
1.95435
1.96556
1.97681
1.98803
1.99917
2.01015
2.02092
2.03144
2.04163
2.05147
2.06089
2.06987
2.07836
2.08633
2.09376
2.10062
2.10689
2.11257
2.11763
2.12209
2.12592
2.12915
2.13176
2.13378
2.1352
2.13605
2.13634
2.13609
2.13531
2.13403
2.13226
2.13003
2.12736
2.12427
2.12078
2.11692
2.1127
2.10816
2.10331
2.09817
2.09276
2.0871
2.0812
2.07509
2.06878
2.06228
2.0556
2.04875
2.04174
2.03457
2.02724
2.01975
2.01211
2.0043
1.99634
1.98819
1.97987
1.97137
1.96267
1.95377
1.94466
1.93534
1.9258
1.91605
1.90608
1.8959
1.88551
1.87493
1.86417
1.85325
1.84218
1.83098
1.81969
1.80833
1.79692
1.7855
1.77409
1.76272
1.75142
1.74022
1.72913
1.71818
1.70738
1.69674
1.68628
1.676
1.6659
1.65598
1.64624
1.63667
1.62726
1.61801
1.60892
1.59997
1.59118
1.58255
1.57408
1.5658
1.55774
1.54993
1.54241
1.53524
1.52848
1.5222
1.51647
1.51138
1.50702
1.50348
1.50085
1.49922
1.49868
1.49931
1.50118
1.50435
1.50885
1.51472
1.52196
1.53056
1.5405
1.55172
1.56416
1.57773
1.59233
1.60784
1.62415
1.64111
1.65859
1.67644
1.69451
1.71267
1.73076
1.74866
1.76624
1.78338
1.79998
1.81592
1.83114
1.84556
1.85912
1.87177
1.88349
1.89425
1.90406
1.91291
1.92083
1.92784
1.934
1.93934
1.94393
1.94782
1.9511
1.95383
1.95609
1.95796
1.95952
1.96085
1.96203
1.96311
1.96418
1.96529
1.9665
1.96785
1.96938
1.97112
1.97309
1.9753
1.97775
1.98044
1.98335
1.98646
1.98974
1.99316
1.99667
2.00022
2.00378
2.00729
2.0107
2.01395
2.01699
2.01977
2.02225
2.02436
2.02607
2.02735
2.02814
2.02842
2.02816
2.02734
2.02595
2.02396
2.02137
2.01817
2.01438
2.00998
2.00501
1.99947
1.99337
1.98676
1.97964
1.97206
1.96404
1.95562
1.94684
1.93774
1.92837
1.91876
1.90896
1.89903
1.88901
1.87894
1.86887
1.85886
1.84896
1.8392
1.82964
1.82032
1.8113
1.8026
1.79428
1.78636
1.77889
1.7719
1.76541
1.75945
1.75404
1.7492
1.74492
1.74123
1.73811
1.73556
1.73358
1.73213
1.7312
1.73077
1.73078
1.73122
1.73202
1.73316
1.73457
1.73621
1.73802
1.73995
1.74194
1.74394
1.74588
1.74773
1.74942
1.75092
1.75218
1.75316
1.75383
1.75416
1.75414
1.75375
1.75297
1.75181
1.75028
1.74838
1.74614
1.74358
1.74073
1.73763
1.73432
1.73085
1.72727
1.72363
1.71999
1.7164
1.71294
1.70964
1.70657
1.70378
1.70132
1.69924
1.69756
1.69633
1.69557
1.69531
1.69554
1.69627
1.6975
1.69921
1.70138
1.70399
1.707
1.71036
1.71403
1.71795
1.72209
1.72637
1.73074
1.73514
1.73951
1.74379
1.74793
1.75188
1.7556
1.75902
1.76213
1.76488
1.76725
1.76921
1.77076
1.77188
1.77258
1.77285
1.77271
1.77218
1.77128
1.77004
1.76849
1.76668
1.76464
1.76243
1.76008
1.75766
1.7552
1.75278
1.75043
1.74821
1.74616
1.74435
1.7428
1.74156
1.74066
1.74015
1.74003
1.74033
1.74107
1.74225
1.74387
1.74593
1.74843
1.75134
1.75465
1.75833
1.76235
1.76669
1.7713
1.77614
1.78118
1.78638
1.79169
1.79707
1.80248
1.80787
1.8132
1.81843
1.82353
1.82845
1.83316
1.83763
1.84182
1.84571
1.84926
1.85246
1.85528
1.8577
1.85971
1.86127
1.86239
1.86304
1.86321
1.8629
1.8621
1.86079
1.85898
1.85665
1.85381
1.85045
1.84657
1.84217
1.83725
1.83182
1.82587
1.81941
1.81245
1.805
1.79705
1.78863
1.77974
1.7704
1.76062
1.75042
1.73981
1.72881
1.71745
1.70575
1.69374
1.68143
1.66886
1.65606
1.64305
1.62989
1.61658
1.60318
1.58972
1.57624
1.56278
1.54938
1.53607
1.52291
1.50993
1.49718
1.48469
1.47252
1.46069
1.44925
1.43825
1.42771
1.41768
1.40819
1.39927
1.39095
1.38327
1.37624
1.36989
1.36424
1.35931
1.35511
1.35164
1.34893
1.34696
1.34575
1.34528
1.34556
1.34657
1.34831
1.35076
1.3539
1.35772
1.3622
1.36731
1.37304
1.37936
1.38625
1.39368
1.40163
1.41006
1.41896
1.42831
1.43806
1.44821
1.45872
1.46958
1.48075
1.49221
1.50395
1.51594
1.52816
1.54059
1.55321
1.56599
1.57892
1.59198
1.60515
1.61841
1.63173
1.6451
1.65851
1.67192
1.68532
1.69869
1.712
1.72524
1.73837
1.75139
1.76426
1.77697
1.78948
1.80178
1.81383
1.82563
1.83713
1.84833
1.85919
1.86969
1.87981
1.88952
1.89881
1.90765
1.91602
1.92391
1.9313
1.93817
1.9445
1.95029
1.95552
1.96019
1.96428
1.96779
1.97071
1.97305
1.9748
1.97596
1.97655
1.97655
1.97599
1.97486
1.97318
1.97097
1.96823
1.96497
1.96122
1.95699
1.9523
1.94716
1.9416
1.93563
1.92926
1.92253
1.91544
1.90802
1.90028
1.89223
1.8839
1.8753
1.86644
1.85733
1.848
1.83843
1.82866
1.81868
1.8085
1.79812
1.78756
1.77682
1.7659
1.7548
1.74353
1.73209
1.72049
1.70872
1.69679
1.6847
1.67247
1.66009
1.64758
1.63495
1.6222
1.60935
1.59642
1.58343
1.57039
1.55733
1.54428
1.53126
1.51831
1.50546
1.49274
1.48021
1.46789
1.45583
1.44408
1.43269
1.4217
1.41116
1.40113
1.39164
1.38275
1.37451
1.36695
1.36013
1.35408
1.34883
1.34442
1.34086
1.33819
1.33641
1.33554
1.33557
1.3365
1.33832
1.34101
1.34456
1.34893
1.35408
1.35998
1.36659
1.37385
1.38172
1.39015
1.39907
1.40843
1.41818
1.42824
1.43858
1.44912
1.45981
1.4706
1.48143
1.49225
1.50301
1.51367
1.52417
1.53449
1.54458
1.55441
1.56395
1.57317
1.58205
1.59056
1.5987
1.60644
1.61378
1.62071
1.62723
1.63333
1.63902
1.6443
1.64919
1.65369
1.65781
1.66157
1.66499
1.66809
1.67087
1.67338
1.67562
1.67762
1.67939
1.68098
1.68238
1.68364
1.68476
1.68576
1.68667
1.68749
1.68825
1.68896
1.68962
1.69024
1.69083
1.69139
1.69192
1.69242
1.69288
1.6933
1.69366
1.69395
1.69417
1.69429
1.69431
1.69419
1.69392
1.69349
1.69287
1.69205
1.69099
1.6897
1.68814
1.6863
1.68417
1.68173
1.67897
1.67588
1.67246
1.6687
1.66459
1.66015
1.65538
1.65027
1.64485
1.63913
1.63311
1.62683
1.62031
1.61356
1.60661
1.5995
1.59225
1.58489
1.57747
1.57001
1.56254
1.55511
1.54775
1.54049
1.53337
1.52641
1.51966
1.51313
1.50685
1.50085
1.49515
1.48975
1.48469
1.47996
1.47557
1.47152
1.46782
1.46445
1.46142
1.4587
1.45629
1.45416
1.4523
1.45069
1.44931
1.44812
1.44712
1.44626
1.44553
1.4449
1.44434
1.44384
1.44338
1.44293
1.44247
1.442
1.44149
1.44094
1.44034
1.43968
1.43897
1.43819
1.43736
1.43648
1.43556
1.4346
1.43362
1.43264
1.43166
1.43071
1.42981
1.42896
1.4282
1.42754
1.42701
1.42662
1.42638
1.42633
1.42647
1.42683
1.42741
1.42822
1.42929
1.4306
1.43218
1.43401
1.43611
1.43847
1.44108
1.44394
1.44704
1.45036
1.4539
1.45764
1.46155
1.46563
1.46985
1.4742
1.47864
1.48317
1.48775
1.49237
1.49701
1.50164
1.50624
1.5108
1.51529
1.5197
1.52402
1.52822
1.53229
1.53624
1.54003
1.54367
1.54715
1.55047
1.55362
1.55661
1.55943
1.56208
1.56457
1.56691
1.56909
1.57114
1.57305
1.57484
1.57651
1.57808
1.57956
1.58096
1.58229
1.58357
1.58479
1.58598
1.58715
1.5883
1.58944
1.59059
1.59174
1.59291
1.59409
1.5953
1.59653
1.59779
1.59907
1.60037
1.6017
1.60303
1.60438
1.60573
1.60708
1.60841
1.60972
1.611
1.61223
1.61341
1.61452
1.61556
1.6165
1.61734
1.61806
1.61866
1.61912
1.61943
1.61958
1.61957
1.61937
1.619
1.61842
1.61765
1.61668
1.6155
1.61411
1.6125
1.61068
1.60865
1.6064
1.60395
1.60129
1.59842
1.59536
1.59211
1.58867
1.58506
1.58128
1.57733
1.57324
1.56901
1.56465
1.56016
1.55557
1.55088
1.5461
1.54124
1.53632
1.53134
1.52631
1.52125
1.51616
1.51105
1.50593
1.5008
1.49569
1.49059
1.4855
1.48045
1.47542
1.47043
1.46548
1.46057
1.45571
1.45091
1.44615
1.44146
1.43682
1.43224
1.42772
1.42327
1.41888
1.41456
1.41031
1.40612
1.402
1.39796
1.39398
1.39008
1.38626
1.38251
1.37884
1.37526
1.37175
1.36834
1.36502
1.36179
1.35866
1.35563
1.35271
1.3499
1.3472
1.34463
1.34219
1.33988
1.33771
1.33568
1.33381
1.33209
1.33053
1.32915
1.32794
1.32691
1.32607
1.32542
1.32497
1.32473
1.32469
1.32486
1.32524
1.32584
1.32666
1.32769
1.32895
1.33042
1.3321
1.334
1.33611
1.33842
1.34093
1.34363
1.34652
1.34958
1.3528
1.35618
1.3597
1.36335
1.36712
1.37098
1.37494
1.37897
1.38305
1.38718
1.39133
1.39549
1.39964
1.40376
1.40784
1.41186
1.41581
1.41967
1.42342
1.42705
1.43054
1.43389
1.43708
1.4401
1.44293
1.44557
1.44801
1.45024
1.45226
1.45405
1.45561
1.45695
1.45805
1.45891
1.45955
1.45994
1.46011
1.46005
1.45976
1.45924
1.45851
1.45758
1.45643
1.4551
1.45357
1.45186
1.44999
1.44795
1.44576
1.44343
1.44097
1.43839
1.43569
1.4329
1.43001
1.42704
1.424
1.42089
1.41773
1.41452
1.41127
1.40799
1.40469
1.40136
1.39802
1.39467
1.39132
1.38796
1.38461
1.38127
1.37793
1.37461
1.3713
1.368
1.36472
1.36145
1.3582
1.35498
1.35178
1.34859
1.34544
1.34231
1.33922
1.33615
1.33312
1.33014
1.3272
1.32431
1.32148
1.31871
1.31602
1.3134
1.31088
1.30845
1.30613
1.30393
1.30186
1.29993
1.29816
1.29655
1.29512
1.29388
1.29284
1.29202
1.29142
1.29106
1.29095
1.2911
1.29152
1.2922
1.29318
1.29443
1.29598
1.29783
1.29997
1.3024
1.30513
1.30815
1.31145
1.31504
1.3189
1.32302
1.32739
1.33201
1.33685
1.3419
1.34715
1.35258
1.35818
1.36393
1.3698
1.37579
1.38187
1.38802
1.39422
1.40047
1.40673
1.41299
1.41923
1.42544
1.4316
1.4377
1.44371
1.44962
1.45543
1.46112
1.46667
1.47208
1.47734
1.48243
1.48735
1.49209
1.49664
1.501
1.50516
1.50912
1.51286
1.5164
1.51972
1.52281
1.52569
1.52833
1.53075
1.53293
1.53488
1.53659
1.53807
1.53929
1.54028
1.54101
1.54149
1.54172
1.54168
1.54139
1.54082
1.53999
1.53889
1.5375
1.53584
1.53388
1.53164
1.52911
1.52628
1.52315
1.51971
1.51597
1.51192
1.50756
1.5029
1.49792
1.49263
1.48703
1.48113
1.47492
1.46842
1.46162
1.45453
1.44717
1.43953
1.43164
1.4235
1.41512
1.40652
1.39771
1.38871
1.37955
1.37023
1.36079
1.35124
1.3416
1.33191
1.32218
1.31244
1.30273
1.29307
1.28348
1.27401
1.26468
1.25551
1.24655
1.23782
1.22935
1.22117
1.21331
1.20579
1.19865
1.19192
1.1856
1.17973
1.17433
1.16941
1.16499
1.16108
1.15769
1.15483
1.15251
1.15073
1.14948
1.14876
1.14858
1.14891
1.14974
1.15108
1.15289
1.15515
1.15786
1.16099
1.16452
1.16842
1.17267
1.17724
1.18211
1.18726
1.19265
1.19825
1.20405
1.21002
1.21613
1.22236
1.22869
1.23508
1.24152
1.24799
1.25447
1.26093
1.26736
1.27374
1.28005
1.28628
1.29241
1.29843
1.30433
1.31008
1.31569
1.32114
1.32642
1.33152
1.33643
1.34115
1.34566
1.34996
1.35404
1.3579
1.36153
1.36492
1.36808
1.37099
1.37366
1.37607
1.37823
1.38013
1.38177
1.38315
1.38426
1.38511
1.3857
1.38601
1.38606
1.38584
1.38535
1.3846
1.38359
1.38231
1.38078
1.37898
1.37694
1.37465
1.37212
1.36935
1.36635
1.36313
1.35969
1.35605
1.35221
1.34819
1.34399
1.33962
1.33511
1.33045
1.32567
1.32078
1.3158
1.31073
1.3056
1.30043
1.29523
1.29001
1.28481
1.27963
1.2745
1.26943
1.26444
1.25956
1.25479
1.25017
1.24571
1.24142
1.23733
1.23345
1.2298
1.22639
1.22324
1.22036
1.21776
1.21546
1.21346
1.21176
1.21039
1.20934
1.20861
1.20822
1.20815
1.2084
1.20898
1.20988
1.21109
1.2126
1.2144
1.21649
1.21885
1.22147
1.22433
1.22742
1.23072
1.23422
1.23789
1.24173
1.2457
1.24979
1.25399
1.25826
1.2626
1.26698
1.27139
1.2758
1.2802
1.28456
1.28888
1.29313
1.2973
1.30137
1.30532
1.30915
1.31284
1.31638
1.31975
1.32294
1.32595
1.32876
1.33138
1.33378
1.33596
1.33793
1.33966
1.34117
1.34245
1.34349
1.3443
1.34488
1.34522
1.34533
1.34522
1.34487
1.34431
1.34353
1.34254
1.34135
1.33996
1.33837
1.33661
1.33468
1.33258
1.33033
1.32793
1.3254
1.32275
1.32
1.31714
1.3142
1.31119
1.30811
1.30499
1.30184
1.29867
1.29549
1.29232
1.28917
1.28606
1.283
1.27999
1.27707
1.27424
1.2715
1.26889
1.2664
1.26406
1.26187
1.25985
1.258
1.25634
1.25488
1.25363
1.25259
1.25178
1.2512
1.25086
1.25076
1.25091
1.25131
1.25197
1.25289
1.25407
1.2555
1.25719
1.25914
1.26133
1.26378
1.26646
1.26938
1.27252
1.27588
1.27944
1.2832
1.28714
1.29126
1.29552
1.29993
1.30447
1.30911
1.31385
1.31866
1.32353
1.32844
1.33336
1.33829
1.34319
1.34806
1.35286
1.35759
1.36222
1.36673
1.3711
1.37532
1.37936
1.3832
1.38684
1.39024
1.39339
1.39629
1.3989
1.40122
1.40323
1.40492
1.40627
1.40728
1.40793
1.40821
1.40812
1.40764
1.40676
1.40549
1.40382
1.40174
1.39924
1.39634
1.39302
1.38928
1.38513
1.38058
1.37561
1.37024
1.36447
1.35831
1.35176
1.34483
1.33754
1.32988
1.32188
1.31354
1.30488
1.29591
1.28664
1.27709
1.26728
1.25723
1.24695
1.23645
1.22577
1.21492
1.20392
1.1928
1.18158
1.17028
1.15892
1.14754
1.13616
1.12481
1.11351
1.10229
1.09119
1.08023
1.06945
1.05888
1.04854
1.03847
1.02871
1.01929
1.01023
1.00158
0.993366
0.98562
0.978375
0.971661
0.965508
0.959945
0.954999
0.950694
0.947054
0.944098
0.941845
0.940309
0.939502
0.939433
0.940107
0.941525
0.943686
0.946585
0.950213
0.954557
0.959603
0.965332
0.971723
0.978751
0.986389
0.99461
1.00338
1.01267
1.02244
1.03267
1.0433
1.05431
1.06566
1.07731
1.08922
1.10135
1.11368
1.12615
1.13873
1.15139
1.16409
1.1768
1.18948
1.2021
1.21462
1.22703
1.23928
1.25135
1.26321
1.27484
1.28621
1.29729
1.30807
1.31852
1.32862
1.33836
1.34771
1.35666
1.36519
1.3733
1.38096
1.38817
1.39491
1.40118
1.40697
1.41227
1.41707
1.42138
1.42518
1.42848
1.43128
1.43357
1.43536
1.43664
1.43743
1.43772
1.43752
1.43683
1.43566
1.43402
1.43191
1.42935
1.42634
1.42289
1.41902
1.41473
1.41004
1.40495
1.39949
1.39366
1.38748
1.38097
1.37412
1.36698
1.35953
1.35182
1.34384
1.33561
1.32716
1.3185
1.30964
1.30061
1.29142
1.28209
1.27265
1.2631
1.25346
1.24377
1.23403
1.22427
1.21451
1.20477
1.19507
1.18542
1.17586
1.1664
1.15707
1.14788
1.13887
1.13004
1.12143
1.11305
1.10492
1.09707
1.08952
1.08229
1.07539
1.06885
1.06268
1.05691
1.05154
1.04659
1.04208
1.03802
1.03441
1.03127
1.02861
1.02642
1.02472
1.0235
1.02276
1.02251
1.02272
1.02341
1.02456
1.02615
1.02818
1.03064
1.0335
1.03675
1.04037
1.04434
1.04865
1.05326
1.05815
1.06331
1.06871
1.07432
1.08012
1.08608
1.09219
1.09841
1.10472
1.11111
1.11753
1.12398
1.13044
1.13687
1.14326
1.14959
1.15584
1.162
1.16804
1.17395
1.17971
1.18532
1.19075
1.196
1.20106
1.20591
1.21054
1.21496
1.21914
1.22309
1.22679
1.23025
1.23346
1.23642
1.23912
1.24156
1.24375
1.24568
1.24736
1.24878
1.24995
1.25088
1.25155
1.25198
1.25218
1.25214
1.25187
1.25137
1.25066
1.24974
1.24861
1.24729
1.24577
1.24407
1.24219
1.24015
1.23794
1.23558
1.23307
1.23043
1.22766
1.22477
1.22178
1.21868
1.21549
1.21221
1.20887
1.20546
1.20199
1.19848
1.19494
1.19137
1.18779
1.1842
1.18062
1.17706
1.17352
1.17002
1.16656
1.16316
1.15983
1.15658
1.15341
1.15033
1.14736
1.14451
1.14177
1.13917
1.13671
1.13439
1.13223
1.13022
1.12838
1.12671
1.12522
1.1239
1.12277
1.12181
1.12105
1.12046
1.12007
1.11985
1.11982
1.11997
1.12029
1.12078
1.12144
1.12225
1.12321
1.12432
1.12556
1.12693
1.12842
1.13001
1.13169
1.13346
1.1353
1.13721
1.13916
1.14114
1.14316
1.14518
1.14721
1.14922
1.15121
1.15317
1.15507
1.15692
1.15871
1.16041
1.16203
1.16355
1.16497
1.16627
1.16745
1.16851
1.16944
1.17023
1.17087
1.17138
1.17173
1.17194
1.17199
1.1719
1.17165
1.17126
1.17071
1.17003
1.1692
1.16823
1.16714
1.16591
1.16457
1.16311
1.16154
1.15988
1.15813
1.15629
1.15438
1.15241
1.15039
1.14832
1.14622
1.1441
1.14197
1.13984
1.13772
1.13562
1.13355
1.13152
1.12955
1.12764
1.12581
1.12405
1.12239
1.12084
1.11939
1.11806
1.11685
1.11578
1.11485
1.11406
1.11342
1.11294
1.11262
1.11245
1.11246
1.11263
1.11297
1.11348
1.11416
1.115
1.11602
1.1172
1.11855
1.12006
1.12172
1.12354
1.12551
1.12762
1.12987
1.13225
1.13476
1.13739
1.14013
1.14298
1.14592
1.14895
1.15206
1.15524
1.15849
1.16179
1.16514
1.16852
1.17192
1.17534
1.17877
1.18219
1.1856
1.18899
1.19234
1.19565
1.1989
1.2021
1.20522
1.20825
1.21119
1.21404
1.21677
1.21937
1.22185
1.2242
1.22639
1.22843
1.23031
1.23201
1.23354
1.23488
1.23603
1.23698
1.23773
1.23826
1.23859
1.23869
1.23856
1.23821
1.23763
1.23681
1.23575
1.23446
1.23292
1.23115
1.22913
1.22687
1.22437
1.22164
1.21866
1.21546
1.21202
1.20835
1.20447
1.20036
1.19605
1.19153
1.18681
1.1819
1.17681
1.17154
1.16611
1.16052
1.15479
1.14892
1.14293
1.13682
1.13062
1.12434
1.11798
1.11156
1.1051
1.0986
1.0921
1.08559
1.07909
1.07263
1.06622
1.05986
1.05359
1.04741
1.04135
1.03541
1.02962
1.02398
1.01852
1.01326
1.0082
1.00336
0.998761
0.994409
0.990319
0.986505
0.982978
0.979749
0.976828
0.974225
0.971947
0.970002
0.968396
0.967134
0.966221
0.965659
0.965449
0.965594
0.966091
0.96694
0.968138
0.96968
0.971561
0.973777
0.976319
0.97918
0.98235
0.985821
0.989581
0.99362
0.997926
1.00248
1.00729
1.01231
1.01755
1.023
1.02862
1.03442
1.04037
1.04646
1.05267
1.059
1.06542
1.07192
1.07848
1.0851
1.09174
1.09841
1.10509
1.11176
1.1184
1.12501
1.13158
1.13808
1.14451
1.15086
1.15711
1.16325
1.16927
1.17517
1.18093
1.18654
1.19199
1.19728
1.20239
1.20732
1.21207
1.21662
1.22096
1.22511
1.22903
1.23274
1.23623
1.2395
1.24253
1.24533
1.2479
1.25023
1.25232
1.25417
1.25578
1.25715
1.25828
1.25917
1.25982
1.26023
1.2604
1.26034
1.26005
1.25953
1.25879
1.25782
1.25664
1.25524
1.25363
1.25183
1.24982
1.24762
1.24523
1.24267
1.23993
1.23702
1.23395
1.23073
1.22737
1.22387
1.22024
1.21649
1.21263
1.20866
1.2046
1.20045
1.19623
1.19193
1.18758
1.18318
1.17874
1.17426
1.16977
1.16527
1.16076
1.15627
1.15179
1.14734
1.14292
1.13855
1.13424
1.13
1.12583
1.12174
1.11775
1.11386
1.11008
1.10642
1.10289
1.09949
1.09623
1.09313
1.09018
1.08739
1.08478
1.08234
1.08008
1.078
1.07612
1.07443
1.07293
1.07164
1.07054
1.06966
1.06897
1.06849
1.06822
1.06815
1.06829
1.06862
1.06916
1.06989
1.07081
1.07193
1.07322
1.0747
1.07634
1.07816
1.08013
1.08226
1.08453
1.08695
1.08949
1.09215
1.09492
1.0978
1.10077
1.10383
1.10696
1.11016
1.11341
1.11671
1.12004
1.12341
1.12678
1.13017
1.13355
1.13692
1.14026
1.14358
1.14685
1.15007
1.15324
1.15634
1.15936
1.16231
1.16516
1.16791
1.17056
1.17309
1.17551
1.1778
1.17997
1.18199
1.18388
1.18562
1.18721
1.18864
1.18992
1.19104
1.19199
1.19278
1.19339
1.19384
1.19411
1.19421
1.19414
1.19389
1.19346
1.19286
1.19208
1.19113
1.19001
1.18872
1.18726
1.18562
1.18383
1.18187
1.17976
1.17748
1.17506
1.17249
1.16977
1.16691
1.16392
1.1608
1.15756
1.15419
1.15072
1.14713
1.14344
1.13966
1.13579
1.13185
1.12782
1.12373
1.11958
1.11538
1.11113
1.10685
1.10254
1.09821
1.09387
1.08952
1.08518
1.08085
1.07655
1.07227
1.06803
1.06384
1.0597
1.05562
1.05161
1.04769
1.04384
1.04009
1.03644
1.0329
1.02947
1.02616
1.02298
1.01993
1.01702
1.01425
1.01162
1.00914
1.00682
1.00466
1.00265
1.0008
0.99912
0.997601
0.996247
0.995057
0.994032
0.993169
0.992469
0.991929
0.991546
0.991319
0.991243
0.991316
0.991533
0.991891
0.992384
0.993008
0.993758
0.994628
0.995613
0.996707
0.997904
0.999198
1.00058
1.00205
1.0036
1.00522
1.00691
1.00866
1.01046
1.01231
1.0142
1.01612
1.01808
1.02006
1.02206
1.02408
1.0261
1.02813
1.03016
1.03218
1.03419
1.03619
1.03817
1.04013
1.04207
1.04397
1.04585
1.0477
1.0495
1.05128
1.05301
1.05469
1.05634
1.05794
1.05949
1.061
1.06245
1.06386
1.06522
1.06653
1.06779
1.069
1.07016
1.07127
1.07233
1.07335
1.07431
1.07524
1.07612
1.07695
1.07775
1.0785
1.07922
1.0799
1.08055
1.08117
1.08176
1.08232
1.08286
1.08337
1.08387
1.08435
1.08482
1.08528
1.08573
1.08618
1.08662
1.08707
1.08752
1.08798
1.08845
1.08893
1.08942
1.08994
1.09047
1.09103
1.09162
1.09223
1.09288
1.09355
1.09426
1.09501
1.09579
1.0966
1.09746
1.09836
1.09929
1.10027
1.10128
1.10233
1.10342
1.10455
1.10572
1.10692
1.10815
1.10942
1.11071
1.11203
1.11337
1.11474
1.11612
1.11752
1.11893
1.12035
1.12177
1.12319
1.1246
1.12601
1.12741
1.12878
1.13014
1.13147
1.13277
1.13403
1.13525
1.13643
1.13756
1.13864
1.13966
1.14062
1.14152
1.14234
1.14309
1.14377
1.14436
1.14488
1.1453
1.14564
1.14589
1.14604
1.14609
1.14605
1.14591
1.14566
1.14532
1.14487
1.14431
1.14366
1.14289
1.14202
1.14105
1.13997
1.13879
1.13751
1.13613
1.13464
1.13306
1.13139
1.12962
1.12775
1.1258
1.12377
1.12165
1.11945
1.11717
1.11482
1.1124
1.10991
1.10736
1.10476
1.10209
1.09938
1.09662
1.09382
1.09099
1.08812
1.08522
1.0823
1.07936
1.0764
1.07344
1.07046
1.06749
1.06453
1.06157
1.05862
1.05569
1.05278
1.0499
1.04725
1.04416
1.04135
1.03858
1.03584
1.03317
1.03055
1.028
1.02551
1.02309
1.02073
1.01845
1.01623
1.01408
1.01201
1.01002
1.00809
1.00625
1.00448
1.00279
1.00118
0.999643
0.998187
0.996808
0.995506
0.994279
0.993127
0.992048
0.991039
0.9901
0.989228
0.98842
0.987673
0.986985
0.986353
0.985773
0.985243
0.984758
0.984315
0.983911
0.983541
0.983202
0.98289
0.9826
0.98233
0.982074
0.981829
0.981591
0.981356
0.98112
0.980879
0.98063
0.98037
0.980096
0.979803
0.97949
0.979153
0.978791
0.9784
0.97798
0.977528
0.977043
0.976523
0.975968
0.975377
0.974749
0.974084
0.973382
0.972644
0.971871
0.971062
0.97022
0.969346
0.968442
0.967509
0.96655
0.965568
0.964565
0.963544
0.962509
0.961463
0.960409
0.959352
0.958297
0.957246
0.956204
0.955177
0.954168
0.953183
0.952227
0.951304
0.950419
0.949578
0.948786
0.948047
0.947368
0.946752
0.946204
0.945731
0.945336
0.945024
0.944799
0.944666
0.94463
0.944693
0.94486
0.945133
0.945517
0.946014
0.946627
0.947358
0.948209
0.949182
0.950278
0.951498
0.952842
0.954312
0.955906
0.957625
0.959468
0.961433
0.963519
0.965725
0.968048
0.970485
0.973034
0.975691
0.978453
0.981316
0.984276
0.987329
0.99047
0.993693
0.996995
1.00037
1.00381
1.00731
1.01087
1.01447
1.01812
1.0218
1.02552
1.02925
1.033
1.03676
1.04052
1.04428
1.04802
1.05175
1.05544
1.05911
1.06273
1.0663
1.06982
1.07328
1.07667
1.07998
1.08321
1.08635
1.0894
1.09234
1.09518
1.09791
1.10051
1.10299
1.10534
1.10756
1.10963
1.11156
1.11335
1.11498
1.11645
1.11776
1.11891
1.11989
1.12071
1.12135
1.12182
1.12211
1.12223
1.12218
1.12194
1.12153
1.12094
1.12017
1.11923
1.11811
1.11682
1.11536
1.11373
1.11193
1.10997
1.10785
1.10558
1.10315
1.10057
1.09785
1.09499
1.092
1.08888
1.08564
1.08228
1.07882
1.07525
1.07159
1.06784
1.06401
1.06011
1.05615
1.05213
1.04807
1.04396
1.03983
1.03568
1.03152
1.02736
1.02321
1.01908
1.01498
1.01091
1.00689
1.00293
0.99904
0.995225
0.991498
0.987868
0.984344
0.980937
0.977655
0.974507
0.971502
0.968648
0.965954
0.963428
0.961077
0.958908
0.956929
0.955144
0.95356
0.952183
0.951016
0.950064
0.949331
0.94882
0.948532
0.94847
0.948634
0.949026
0.949645
0.950489
0.951558
0.952848
0.954358
0.956084
0.958021
0.960165
0.96251
0.96505
0.96778
0.970691
0.973777
0.97703
0.98044
0.984
0.987701
0.991531
0.995483
0.999546
1.00371
1.00796
1.0123
1.0167
1.02116
1.02566
1.03021
1.03477
1.03936
1.04394
1.04852
1.05307
1.0576
1.06209
1.06652
1.0709
1.0752
1.07942
1.08355
1.08759
1.09151
1.09531
1.09899
1.10253
1.10592
1.10916
1.11225
1.11517
1.11791
1.12047
1.12285
1.12503
1.12702
1.1288
1.13037
1.13173
1.13287
1.13379
1.13449
1.13495
1.13519
1.13518
1.13495
1.13447
1.13375
1.13279
1.13159
1.13015
1.12846
1.12653
1.12435
1.12194
1.11928
1.11638
1.11324
1.10987
1.10626
1.10242
1.09835
1.09406
1.08954
1.08481
1.07986
1.07471
1.06935
1.06379
1.05803
1.05209
1.04596
1.03966
1.03318
1.02655
1.01975
1.01281
1.00573
0.998514
0.991173
0.983717
0.976152
0.96849
0.960739
0.952909
0.94501
0.937052
0.929046
0.921003
0.912934
0.904851
0.896765
0.888689
0.880634
0.872613
0.864639
0.856726
0.848886
0.841132
0.833479
0.82594
0.818529
0.81126
0.804147
0.797204
0.790445
0.783885
0.777537
0.771415
0.765533
0.759903
0.75454
0.749455
0.74466
0.740167
0.735987
0.732131
0.728607
0.725426
0.722593
0.720118
0.718005
0.71626
0.714886
0.713888
0.713265
0.71302
0.713151
0.713658
0.714538
0.715787
0.7174
0.719372
0.721696
0.724365
0.72737
0.730703
0.734355
0.738313
0.742569
0.74711
0.751924
0.757001
0.762327
0.76789
0.773677
0.779675
0.785873
0.792257
0.798813
0.805531
0.812396
0.819397
0.826521
0.833757
0.841093
0.848516
0.856016
0.863581
0.871202
0.878866
0.886563
0.894285
0.90202
0.90976
0.917494
0.925214
0.932912
0.940577
0.948204
0.955782
0.963304
0.970763
0.978152
0.985462
0.992688
0.999821
1.00686
1.01379
1.02061
1.02731
1.03389
1.04034
1.04666
1.05283
1.05887
1.06475
1.07048
1.07605
1.08145
1.08669
1.09175
1.09664
1.10135
1.10587
1.1102
1.11434
1.11829
1.12204
1.12559
1.12893
1.13207
1.135
1.13772
1.14022
1.1425
1.14457
1.14642
1.14805
1.14946
1.15064
1.15159
1.15233
1.15283
1.15311
1.15316
1.15299
1.15258
1.15195
1.1511
1.15001
1.14871
1.14718
1.14542
1.14345
1.14125
1.13884
1.13621
1.13337
1.13031
1.12705
1.12358
1.1199
1.11603
1.11196
1.10769
1.10324
1.0986
1.09378
1.08879
1.08362
1.07829
1.07279
1.06713
1.06133
1.05538
1.04929
1.04306
1.03671
1.03024
1.02365
1.01696
1.01017
1.00329
0.996324
0.989282
0.982173
0.975005
0.967788
0.960529
0.953238
0.945924
0.938599
0.93127
0.923949
0.916646
0.909371
0.902135
0.894949
0.887825
0.880773
0.873805
0.866933
0.860168
0.853522
0.847007
0.840634
0.834416
0.828364
0.82249
0.816805
0.811321
0.806048
0.800998
0.796182
0.791609
0.787289
0.783232
0.779446
0.775939
0.772719
0.769793
0.767167
0.764846
0.762836
0.761138
0.759757
0.758694
0.757951
0.757526
0.757421
0.757631
0.758156
0.758991
0.760131
0.761573
0.763308
0.76533
0.767632
0.770205
0.77304
0.776128
0.779457
0.783019
0.786801
0.790792
0.79498
0.799353
0.8039
0.808608
0.813463
0.818455
0.823569
0.828794
0.834116
0.839524
0.845006
0.850548
0.856138
0.861766
0.867418
0.873084
0.878753
0.884413
0.890053
0.895663
0.901233
0.906753
0.912213
0.917603
0.922915
0.928139
0.933267
0.938291
0.943202
0.947993
0.952656
0.957184
0.961571
0.965808
0.969891
0.973813
0.977568
0.981151
0.984555
0.987776
0.99081
0.993651
0.996296
0.99874
1.00098
1.00301
1.00483
1.00643
1.00782
1.00899
1.00993
1.01065
1.01114
1.01141
1.01144
1.01125
1.01082
1.01016
1.00927
1.00814
1.00678
1.00519
1.00337
1.00131
0.999024
0.996509
0.993766
0.990798
0.987606
0.984194
0.980563
0.976716
0.972657
0.96839
0.963918
0.959244
0.954375
0.949314
0.944066
0.938637
0.933033
0.927259
0.921322
0.915229
0.908986
0.902602
0.896083
0.889439
0.882677
0.875807
0.868838
0.861779
0.854641
0.847435
0.840171
0.832861
0.825517
0.818151
0.810775
0.803403
0.796049
0.788726
0.781449
0.774233
0.767092
0.760043
0.753102
0.746283
0.739606
0.733085
0.726738
0.720581
0.714634
0.708911
0.703432
0.698211
0.693268
0.688617
0.684276
0.680259
0.676581
0.673258
0.670301
0.667724
0.665538
0.663753
0.662378
0.66142
0.660885
0.66078
0.661105
0.661864
0.663055
0.664679
0.666731
0.669207
0.672101
0.675405
0.679112
0.68321
0.68769
0.692538
0.697742
0.703288
0.70916
0.715345
0.721825
0.728586
0.73561
0.74288
0.75038
0.758092
0.765999
0.774086
0.782333
0.790725
0.799245
0.807877
0.816605
0.825412
0.834283
0.843203
0.852157
0.86113
0.870109
0.879079
0.888028
0.896941
0.905806
0.914611
0.923344
0.931993
0.940548
0.948996
0.957328
0.965533
0.973602
0.981525
0.989293
0.996897
1.00433
1.01158
1.01864
1.02551
1.03218
1.03863
1.04487
1.05089
1.05667
1.06223
1.06754
1.07261
1.07743
1.08199
1.0863
1.09035
1.09413
1.09764
1.10088
1.10385
1.10654
1.10895
1.11107
1.11292
1.11448
1.11575
1.11674
1.11745
1.11786
1.11799
1.11783
1.11739
1.11666
1.11564
1.11434
1.11276
1.1109
1.10877
1.10635
1.10367
1.10072
1.0975
1.09401
1.09027
1.08628
1.08203
1.07753
1.0728
1.06783
1.06263
1.0572
1.05156
1.0457
1.03964
1.03337
1.02692
1.02028
1.01346
1.00648
0.999329
0.99203
0.984588
0.977011
0.96931
0.961494
0.953574
0.945558
0.937459
0.929286
0.921052
0.912768
0.904445
0.896095
0.887732
0.879367
0.871013
0.862683
0.854391
0.84615
0.837974
0.829876
0.821871
0.813973
0.806195
0.798553
0.791059
0.78373
0.776577
0.769617
0.762862
0.756325
0.750021
0.743962
0.73816
0.732628
0.727377
0.722417
0.717759
0.713412
0.709384
0.705683
0.702315
0.699286
0.696601
0.694262
0.692272
0.690632
0.689343
0.688402
0.687808
0.687556
0.687643
0.688063
0.688808
0.689872
0.691246
0.692919
0.694883
0.697127
0.699638
0.702404
0.705414
0.708655
0.712113
0.715774
0.719626
0.723655
0.727847
0.732188
0.736664
0.741264
0.745972
0.750776
0.755664
0.760622
0.765639
0.770702
0.7758
0.780922
0.786057
0.791195
0.796325
0.801438
0.806525
0.811577
0.816585
0.821542
0.82644
0.831272
0.83603
0.84071
0.845304
0.849807
0.854214
0.85852
0.86272
0.86681
0.870787
0.874647
0.878386
0.882003
0.885494
0.888857
0.89209
0.895192
0.898161
0.900997
0.903698
0.906263
0.908693
0.910988
0.913146
0.91517
0.917059
0.918815
0.920437
0.921928
0.923289
0.924521
0.925625
0.926605
0.927461
0.928196
0.928812
0.929311
0.929696
0.92997
0.930136
0.930195
0.930151
0.930008
0.929767
0.929432
0.929007
0.928494
0.927897
0.927218
0.926463
0.925632
0.924731
0.923762
0.922728
0.921634
0.920482
0.919275
0.918017
0.916711
0.91536
0.913968
0.912537
0.91107
0.909571
0.908043
0.906487
0.904907
0.903306
0.901686
0.90005
0.898399
0.896738
0.895066
0.893388
0.891705
0.890018
0.88833
0.886643
0.884957
0.883276
0.8816
0.87993
0.878269
0.876617
0.874975
0.873345
0.871728
0.870124
0.868534
0.866959
0.865401
0.863859
0.862334
0.860828
0.85934
0.857871
0.856421
0.854992
0.853583
0.852195
0.850828
0.849484
0.848161
0.846862
0.845585
0.844333
0.843105
0.841901
0.840723
0.839571
0.838446
0.837348
0.836278
0.835237
0.834225
0.833244
0.832294
0.831376
0.830492
0.829642
0.828827
0.828049
0.827308
0.826607
0.825945
0.825325
0.824748
0.824214
0.823726
0.823285
0.822892
0.822549
0.822256
0.822016
0.821829
0.821698
0.821622
0.821605
0.821646
0.821747
0.821909
0.822133
0.822421
0.822772
0.823188
0.82367
0.824217
0.824832
0.825513
0.826261
0.827076
0.827959
0.828909
0.829925
0.831007
0.832155
0.833368
0.834644
0.835982
0.837382
0.838842
0.840359
0.841933
0.84356
0.84524
0.846969
0.848745
0.850565
0.852427
0.854328
0.856264
0.858232
0.860228
0.86225
0.864293
0.866354
0.868428
0.870512
0.872601
0.874692
0.876779
0.87886
0.880929
0.882981
0.885013
0.887019
0.888996
0.890939
0.892842
0.894702
0.896514
0.898274
0.899976
0.901617
0.903192
0.904697
0.906127
0.907478
0.908747
0.909929
0.91102
0.912017
0.912916
0.913713
0.914405
0.914989
0.915462
0.91582
0.916061
0.916182
0.916182
0.916057
0.915806
0.915426
0.914917
0.914277
0.913504
0.912597
0.911557
0.910381
0.909071
0.907625
0.906045
0.90433
0.902481
0.900499
0.898385
0.896141
0.893768
0.891269
0.888645
0.885899
0.883034
0.880053
0.876959
0.873756
0.870447
0.867037
0.86353
0.859931
0.856245
0.852476
0.848631
0.844714
0.840733
0.836692
0.8326
0.828461
0.824284
0.820075
0.815842
0.811591
0.807332
0.803071
0.798817
0.794578
0.790361
0.786177
0.782032
0.777936
0.773896
0.769922
0.766023
0.762206
0.75848
0.754853
0.751334
0.74793
0.74465
0.741501
0.73849
0.735625
0.732911
0.730356
0.727966
0.725745
0.7237
0.721833
0.720151
0.718656
0.71735
0.716238
0.715319
0.714597
0.714071
0.713741
0.713606
0.713667
0.71392
0.714363
0.714994
0.715809
0.716804
0.717974
0.719315
0.720821
0.722486
0.724304
0.726268
0.728371
0.730606
0.732965
0.735442
0.738027
0.740712
0.743491
0.746354
0.749292
0.752299
0.755365
0.758481
0.761641
0.764835
0.768056
0.771296
0.774547
0.777801
0.781051
0.78429
0.787511
0.790707
0.793871
0.796998
0.800081
0.803115
0.806094
0.809012
0.811866
0.814651
0.817362
0.819995
0.822546
0.825013
0.827391
0.829679
0.831874
0.833973
0.835975
0.837878
0.83968
0.841381
0.84298
0.844477
0.845871
0.847162
0.84835
0.849437
0.850423
0.85131
0.852097
0.852788
0.853384
0.853886
0.854297
0.85462
0.854857
0.85501
0.855083
0.855079
0.855
0.85485
0.854634
0.854353
0.854012
0.853615
0.853164
0.852665
0.852121
0.851536
0.850914
0.850259
0.849574
0.848864
0.848132
0.847382
0.846618
0.845844
0.845062
0.844277
0.843492
0.842709
0.841931
0.841163
0.840405
0.839661
0.838932
0.838222
0.837531
0.836861
0.836214
0.835591
0.834993
0.83442
0.833873
0.833351
0.832856
0.832387
0.831942
0.831522
0.831125
0.83075
0.830396
0.830061
0.829743
0.829439
0.829148
0.828867
0.828594
0.828325
0.828058
0.827789
0.827515
0.827233
0.82694
0.826632
0.826305
0.825956
0.825581
0.825176
0.824737
0.824262
0.823746
0.823185
0.822576
0.821915
0.821199
0.820425
0.819589
0.818688
0.817718
0.816678
0.815564
0.814374
0.813105
0.811755
0.810322
0.808804
0.8072
0.805508
0.803727
0.801857
0.799896
0.797844
0.795701
0.793468
0.791144
0.78873
0.786229
0.78364
0.780965
0.778207
0.775368
0.77245
0.769457
0.766391
0.763256
0.760056
0.756796
0.75348
0.750113
0.7467
0.743246
0.739759
0.736243
0.732706
0.729155
0.725596
0.722037
0.718486
0.714951
0.71144
0.707962
0.704526
0.70114
0.697814
0.694558
0.691379
0.688289
0.685296
0.68241
0.679642
0.677
0.674494
0.672133
0.669927
0.667885
0.666015
0.664325
0.662825
0.661522
0.660422
0.659532
0.65886
0.65841
0.658187
0.658196
0.658441
0.658923
0.659647
0.660613
0.661822
0.663274
0.664968
0.666903
0.669076
0.671485
0.674126
0.676994
0.680084
0.683392
0.686909
0.690631
0.694549
0.698655
0.702942
0.7074
0.712021
0.716795
0.721714
0.726766
0.731942
0.737233
0.742627
0.748114
0.753684
0.759327
0.765031
0.770788
0.776585
0.782414
0.788264
0.794125
0.799987
0.80584
0.811675
0.817482
0.823252
0.828976
0.834646
0.840252
0.845786
0.85124
0.856606
0.861877
0.867044
0.872101
0.87704
0.881856
0.88654
0.891088
0.895493
0.899749
0.903851
0.907793
0.911571
0.915179
0.918613
0.921869
0.924944
0.927832
0.93053
0.933036
0.935345
0.937456
0.939366
0.941071
0.942571
0.943864
0.944947
0.945819
0.94648
0.946927
0.947162
0.947182
0.946988
0.946579
0.945957
0.945121
0.944072
0.942812
0.94134
0.939658
0.937769
0.935673
0.933373
0.930871
0.928169
0.92527
0.922177
0.918893
0.915421
0.911765
0.907928
0.903914
0.899728
0.895374
0.890856
0.886179
0.881348
0.876368
0.871245
0.865984
0.860591
0.855072
0.849434
0.843682
0.837824
0.831866
0.825816
0.819679
0.813465
0.807181
0.800834
0.794433
0.787986
0.781501
0.774987
0.768453
0.761908
0.755361
0.748822
0.742299
0.735803
0.729343
0.722929
0.716572
0.710282
0.704068
0.697941
0.691911
0.685989
0.680185
0.674509
0.668972
0.663584
0.658354
0.653293
0.648411
0.643716
0.639217
0.634925
0.630847
0.62699
0.623364
0.619975
0.616829
0.613932
0.611291
0.608909
0.60679
0.604939
0.603357
0.602047
0.601009
0.600244
0.599751
0.59953
0.599578
0.599892
0.60047
0.601306
0.602397
0.603737
0.60532
0.607138
0.609186
0.611456
0.61394
0.616629
0.619515
0.622589
0.625841
0.629264
0.632847
0.63658
0.640455
0.644461
0.648589
0.65283
0.657173
0.66161
0.666132
0.670728
0.67539
0.68011
0.684878
0.689687
0.694527
0.699392
0.704272
0.709161
0.714051
0.718935
0.723806
0.728657
0.733482
0.738275
0.74303
0.74774
0.7524
0.757005
0.76155
0.76603
0.77044
0.774775
0.779031
0.783204
0.78729
0.791286
0.795187
0.79899
0.802692
0.806289
0.80978
0.813161
0.816429
0.819581
0.822617
0.825533
0.828327
0.830997
0.833542
0.83596
0.838249
0.840408
0.842436
0.844331
0.846092
0.847718
0.849209
0.850564
0.851781
0.852861
0.853803
0.854606
0.85527
0.855796
0.856183
0.85643
0.856539
0.856509
0.856341
0.856035
0.855591
0.85501
0.854292
0.853439
0.852451
0.851329
0.850075
0.848688
0.847171
0.845524
0.843749
0.841847
0.839821
0.837671
0.835399
0.833008
0.830499
0.827874
0.825135
0.822286
0.819327
0.816262
0.813093
0.809824
0.806456
0.802993
0.799438
0.795795
0.792067
0.788256
0.784368
0.780406
0.776374
0.772276
0.768116
0.763899
0.75963
0.755313
0.750954
0.746557
0.742129
0.737673
0.733197
0.728706
0.724206
0.719703
0.715205
0.710716
0.706245
0.701799
0.697383
0.693006
0.688676
0.684399
0.680183
0.676037
0.671967
0.667984
0.664093
0.660305
0.656626
0.653065
0.649631
0.646331
0.643174
0.640168
0.637321
0.634641
0.632134
0.629809
0.627673
0.625732
0.623992
0.622461
0.621144
0.620045
0.619169
0.618522
0.618106
0.617924
0.61798
0.618275
0.61881
0.619586
0.620603
0.621861
0.623358
0.625093
0.627062
0.629264
0.631693
0.634347
0.637219
0.640305
0.643599
0.647094
0.650784
0.654662
0.65872
0.66295
0.667344
0.671894
0.676591
0.681426
0.68639
0.691475
0.69667
0.701966
0.707355
0.712825
0.718369
0.723976
0.729638
0.735343
0.741084
0.746851
0.752635
0.758426
0.764216
0.769995
0.775756
0.781488
0.787185
0.792836
0.798435
0.803973
0.809443
0.814835
0.820144
0.825361
0.83048
0.835493
0.840393
0.845173
0.849828
0.854351
0.858735
0.862975
0.867065
0.870999
0.874772
0.878378
0.881813
0.885071
0.888148
0.891039
0.893741
0.896248
0.898557
0.900665
0.902567
0.90426
0.905741
0.907007
0.908056
0.908884
0.909489
0.909869
0.910022
0.909947
0.909641
0.909103
0.908331
0.907326
0.906086
0.90461
0.902898
0.90095
0.898765
0.896345
0.893689
0.890798
0.887673
0.884315
0.880726
0.876906
0.872858
0.868583
0.864085
0.859364
0.854425
0.849269
0.8439
0.838322
0.832538
0.826551
0.820367
0.81399
0.807424
0.800674
0.793746
0.786645
0.779378
0.771949
0.764367
0.756637
0.748767
0.740764
0.732636
0.724392
0.71604
0.707589
0.699048
0.690427
0.681737
0.672988
0.664191
0.655358
0.646502
0.637634
0.628768
0.619917
0.611097
0.602321
0.593605
0.584964
0.576416
0.567978
0.559666
0.5515
0.543497
0.535677
0.52806
0.520664
0.513511
0.506621
0.500014
0.49371
0.48773
0.482094
0.47682
0.471928
0.467435
0.463359
0.459714
0.456514
0.453771
0.451497
0.449698
0.448381
0.447549
0.447205
0.447346
0.44797
0.449071
0.45064
0.452667
0.455141
0.458046
0.461369
0.465091
0.469195
0.473661
0.478471
0.483602
0.489035
0.494749
0.500722
0.506934
0.513364
0.519992
0.526798
0.533762
0.540865
0.54809
0.555418
0.562832
0.570316
0.577854
0.585431
0.593033
0.600644
0.608253
0.615847
0.623413
0.630941
0.638418
0.645836
0.653184
0.660452
0.667633
0.674718
0.681698
0.688567
0.695317
0.701942
0.708435
0.714792
0.721005
0.727071
0.732985
0.738742
0.744338
0.749769
0.755032
0.760124
0.765041
0.769782
0.774344
0.778725
0.782923
0.786937
0.790765
0.794406
0.797859
0.801125
0.804202
0.807091
0.809791
0.812304
0.814628
0.816766
0.818718
0.820485
0.822069
0.823471
0.824693
0.825736
0.826603
0.827297
0.827818
0.828171
0.828358
0.828381
0.828245
0.827951
0.827504
0.826907
0.826164
0.825278
0.824254
0.823095
0.821807
0.820393
0.818857
0.817205
0.815442
0.813571
0.811598
0.809528
0.807367
0.805119
0.802789
0.800384
0.797908
0.795368
0.792768
0.790115
0.787414
0.784671
0.781892
0.779082
0.776248
0.773394
0.770528
0.767655
0.76478
0.76191
0.75905
0.756206
0.753384
0.750589
0.747826
0.745101
0.74242
0.739787
0.737208
0.734687
0.73223
0.72984
0.727523
0.725282
0.723122
0.721046
0.719058
0.717163
0.715362
0.713658
0.712056
0.710556
0.709162
0.707874
0.706696
0.705628
0.704671
0.703827
0.703096
0.702478
0.701973
0.701582
0.701303
0.701136
0.70108
0.701133
0.701295
0.701564
0.701937
0.702412
0.702987
0.703661
0.704428
0.705288
0.706237
0.707271
0.708387
0.709583
0.710853
0.712196
0.713606
0.71508
0.716614
0.718204
0.719846
0.721536
0.723271
0.725045
0.726855
0.728697
0.730566
0.732459
0.734372
0.7363
0.73824
0.740187
0.742139
0.744091
0.746039
0.74798
0.74991
0.751825
0.753723
0.7556
0.757452
0.759276
0.76107
0.76283
0.764553
0.766237
0.767878
0.769474
0.771022
0.77252
0.773965
0.775356
0.776689
0.777963
0.779176
0.780325
0.781409
0.782426
0.783374
0.784251
0.785057
0.785789
0.786447
0.787028
0.787532
0.787957
0.788303
0.788568
0.788752
0.788854
0.788872
0.788807
0.788657
0.788423
0.788103
0.787697
0.787205
0.786627
0.785963
0.785211
0.784373
0.783449
0.782438
0.781341
0.780157
0.778888
0.777534
0.776095
0.774571
0.772964
0.771274
0.769501
0.767648
0.765713
0.7637
0.761607
0.759438
0.757193
0.754873
0.752479
0.750014
0.747479
0.744875
0.742204
0.739468
0.736669
0.733808
0.730889
0.727913
0.724882
0.7218
0.718667
0.715487
0.712263
0.708997
0.705692
0.702351
0.698978
0.695574
0.692145
0.688692
0.685219
0.68173
0.678229
0.67472
0.671205
0.667689
0.664177
0.660672
0.657178
0.6537
0.650242
0.646808
0.643403
0.640032
0.636699
0.633409
0.630167
0.626977
0.623843
0.620772
0.617767
0.614834
0.611976
0.6092
0.606509
0.603908
0.601401
0.598994
0.596691
0.594495
0.592411
0.590443
0.588595
0.58687
0.585272
0.583804
0.582469
0.58127
0.580209
0.579289
0.578511
0.577878
0.57739
0.57705
0.576857
0.576813
0.576917
0.577169
0.57757
0.578117
0.578811
0.579649
0.580631
0.581754
0.583015
0.584413
0.585944
0.587606
0.589395
0.591308
0.593341
0.59549
0.59775
0.600118
0.60259
0.60516
0.607824
0.610577
0.613414
0.616331
0.619321
0.622381
0.625505
0.628688
0.631924
0.635209
0.638538
0.641905
0.645306
0.648735
0.652187
0.655658
0.659143
0.662637
0.666135
0.669633
0.673126
0.676611
0.680083
0.683537
0.68697
0.690378
0.693757
0.697103
0.700414
0.703685
0.706914
0.710097
0.713231
0.716314
0.719343
0.722315
0.725228
0.72808
0.730869
0.733592
0.736248
0.738835
0.741351
0.743796
0.746168
0.748465
0.750688
0.752834
0.754903
0.756895
0.758809
0.760645
0.762402
0.764081
0.765681
0.767204
0.768648
0.770014
0.771304
0.772517
0.773655
0.774718
0.775706
0.776622
0.777467
0.77824
0.778945
0.779582
0.780153
0.780659
0.781102
0.781484
0.781806
0.78207
0.782279
0.782433
0.782536
0.782589
0.782594
0.782553
0.782468
0.782342
0.782176
0.781973
0.781735
0.781464
0.781162
0.780831
0.780473
0.780091
0.779686
0.779261
0.778816
0.778355
0.777879
0.77739
0.77689
0.77638
0.775861
0.775336
0.774805
0.774271
0.773734
0.773195
0.772656
0.772117
0.771579
0.771043
0.77051
0.76998
0.769453
0.768931
0.768412
0.767897
0.767386
0.76688
0.766376
0.765876
0.765378
0.764883
0.764388
0.763894
0.7634
0.762904
0.762406
0.761904
0.761396
0.760882
0.760361
0.759829
0.759287
0.758731
0.758161
0.757575
0.756971
0.756346
0.755699
0.755028
0.754331
0.753607
0.752852
0.752064
0.751243
0.750385
0.749489
0.748553
0.747574
0.746551
0.745482
0.744364
0.743197
0.741977
0.740703
0.739374
0.737987
0.736542
0.735036
0.733468
0.731837
0.730142
0.72838
0.726551
0.724655
0.722689
0.720654
0.718548
0.71637
0.714121
0.7118
0.709407
0.706941
0.704402
0.70179
0.699107
0.696351
0.693524
0.690626
0.687658
0.684621
0.681516
0.678344
0.675106
0.671804
0.66844
0.665015
0.661531
0.657991
0.654396
0.650749
0.647054
0.643311
0.639525
0.635698
0.631834
0.627935
0.624006
0.62005
0.616072
0.612074
0.608061
0.604038
0.600009
0.595978
0.591951
0.587931
0.583925
0.579938
0.575974
0.572039
0.568139
0.564279
0.560465
0.556703
0.552999
0.549358
0.545786
0.54229
0.538876
0.535549
0.532316
0.529182
0.526154
0.523237
0.520437
0.51776
0.51521
0.512795
0.510518
0.508384
0.506398
0.504565
0.502888
0.501372
0.50002
0.498835
0.497819
0.496976
0.496307
0.495814
0.495497
0.495358
0.495397
0.495614
0.496009
0.496579
0.497325
0.498244
0.499333
0.500591
0.502015
0.5036
0.505344
0.507243
0.509292
0.511487
0.513822
0.516294
0.518897
0.521625
0.524474
0.527437
0.530509
0.533683
0.536955
0.540318
0.543767
0.547294
0.550895
0.554564
0.558294
0.56208
0.565915
0.569795
0.573714
0.577665
0.581645
0.585646
0.589665
0.593695
0.597733
0.601773
0.60581
0.609839
0.613857
0.617859
0.62184
0.625797
0.629726
0.633622
0.637483
0.641304
0.645082
0.648814
0.652496
0.656126
0.659701
0.663218
0.666674
0.670066
0.673394
0.676653
0.679842
0.682959
0.686002
0.68897
0.69186
0.69467
0.697401
0.700049
0.702615
0.705096
0.707492
0.709801
0.712024
0.714159
0.716206
0.718164
0.720033
0.721812
0.723502
0.725101
0.726611
0.728031
0.729361
0.730601
0.731753
0.732815
0.73379
0.734677
0.735476
0.73619
0.736818
0.737361
0.737821
0.738198
0.738494
0.73871
0.738847
0.738907
0.73889
0.738799
0.738634
0.738398
0.738093
0.737719
0.737279
0.736775
0.736208
0.735581
0.734895
0.734153
0.733357
0.732508
0.73161
0.730664
0.729673
0.728639
0.727565
0.726452
0.725303
0.724121
0.722908
0.721667
0.720399
0.719109
0.717798
0.716468
0.715122
0.713764
0.712394
0.711017
0.709633
0.708247
0.706859
0.705474
0.704092
0.702717
0.701351
0.699995
0.698653
0.697327
0.696018
0.694729
0.693461
0.692217
0.690999
0.689808
0.688646
0.687514
0.686415
0.685349
0.684318
0.683323
0.682365
0.681446
0.680566
0.679726
0.678927
0.67817
0.677454
0.67678
0.676149
0.675561
0.675016
0.674513
0.674052
0.673634
0.673257
0.672922
0.672627
0.672371
0.672155
0.671976
0.671834
0.671728
0.671656
0.671617
0.67161
0.671632
0.671683
0.671761
0.671864
0.67199
0.672136
0.672303
0.672486
0.672685
0.672896
0.673119
0.67335
0.673588
0.673831
0.674075
0.67432
0.674561
0.674798
0.675029
0.675249
0.675459
0.675654
0.675834
0.675995
0.676135
0.676254
0.676347
0.676413
0.676451
0.676457
0.676431
0.67637
0.676272
0.676136
0.675959
0.675741
0.675479
0.675171
0.674818
0.674416
0.673965
0.673463
0.67291
0.672304
0.671643
0.670928
0.670158
0.669331
0.668447
0.667505
0.666505
0.665447
0.664329
0.663153
0.661918
0.660624
0.659271
0.657859
0.656389
0.65486
0.653275
0.651632
0.649934
0.64818
0.646372
0.644511
0.642598
0.640634
0.638621
0.636561
0.634454
0.632303
0.630109
0.627875
0.625602
0.623294
0.620951
0.618577
0.616173
0.613744
0.611291
0.608817
0.606325
0.603819
0.601302
0.598776
0.596245
0.593713
0.591183
0.58866
0.586145
0.583645
0.581161
0.578699
0.576263
0.573856
0.571482
0.569147
0.566853
0.564606
0.56241
0.560268
0.558186
0.556167
0.554216
0.552338
0.550535
0.548813
0.547176
0.545627
0.544171
0.542811
0.541551
0.540395
0.539345
0.538406
0.53758
0.536871
0.53628
0.535811
0.535466
0.535246
0.535154
0.535192
0.53536
0.535659
0.536091
0.536656
0.537355
0.538186
0.539151
0.540248
0.541476
0.542835
0.544324
0.54594
0.547682
0.549547
0.551534
0.55364
0.555862
0.558198
0.560643
0.563196
0.565851
0.568607
0.571458
0.574402
0.577433
0.580549
0.583744
0.587014
0.590356
0.593764
0.597234
0.600762
0.604343
0.607972
0.611646
0.615358
0.619105
0.622882
0.626685
0.630508
0.634348
0.6382
0.64206
0.645922
0.649783
0.653638
0.657484
0.661316
0.665129
0.668921
0.672686
0.676421
0.680122
0.683785
0.687407
0.690984
0.694513
0.697989
0.70141
0.704773
0.708073
0.711309
0.714477
0.717573
0.720596
0.723543
0.72641
0.729196
0.731897
0.734512
0.737038
0.739472
0.741813
0.744059
0.746208
0.748257
0.750205
0.752051
0.753793
0.755429
0.756958
0.758379
0.75969
0.760891
0.76198
0.762957
0.76382
0.76457
0.765205
0.765724
0.766128
0.766417
0.766589
0.766645
0.766584
0.766408
0.766115
0.765707
0.765183
0.764545
0.763792
0.762926
0.761947
0.760856
0.759654
0.758343
0.756923
0.755395
0.753762
0.752024
0.750183
0.748242
0.746201
0.744063
0.74183
0.739504
0.737087
0.734581
0.73199
0.729316
0.72656
0.723727
0.720819
0.717839
0.71479
0.711676
0.708499
0.705263
0.701972
0.69863
0.695239
0.691804
0.688328
0.684817
0.681273
0.677701
0.674105
0.67049
0.66686
0.663219
0.659572
0.655924
0.652279
0.648642
0.645018
0.641411
0.637827
0.63427
0.630746
0.627258
0.623812
0.620413
0.617065
0.613774
0.610544
0.60738
0.604286
0.601268
0.598328
0.595473
0.592705
0.59003
0.58745
0.58497
0.582594
0.580324
0.578164
0.576117
0.574185
0.572371
0.570678
0.569107
0.56766
0.566338
0.565142
0.564074
0.563134
0.562322
0.561637
0.561081
0.560651
0.560348
0.560169
0.560114
0.56018
0.560365
0.560668
0.561084
0.561612
0.562249
0.562991
0.563834
0.564775
0.56581
0.566935
0.568145
0.569437
0.570806
0.572248
0.573757
0.575329
0.576959
0.578643
0.580376
0.582152
0.583968
0.585818
0.587696
0.5896
0.591523
0.593461
0.59541
0.597365
0.599321
0.601274
0.603219
0.605153
0.607072
0.60897
0.610845
0.612693
0.614509
0.616291
0.618035
0.619738
0.621396
0.623007
0.624567
0.626075
0.627527
0.628921
0.630254
0.631525
0.632732
0.633872
0.634943
0.635945
0.636876
0.637735
0.638519
0.639229
0.639863
0.640421
0.640903
0.641306
0.641632
0.64188
0.642051
0.642143
0.642157
0.642095
0.641955
0.641739
0.641448
0.641082
0.640642
0.64013
0.639546
0.638892
0.63817
0.63738
0.636525
0.635606
0.634626
0.633585
0.632487
0.631333
0.630125
0.628866
0.627559
0.626205
0.624807
0.623369
0.621892
0.620379
0.618834
0.617259
0.615656
0.61403
0.612383
0.610717
0.609037
0.607345
0.605644
0.603937
0.602228
0.600519
0.598815
0.597117
0.595429
0.593754
0.592095
0.590456
0.588838
0.587245
0.58568
0.584145
0.582644
0.581179
0.579752
0.578366
0.577023
0.575726
0.574476
0.573277
0.572129
0.571034
0.569995
0.569013
0.568089
0.567225
0.566421
0.565679
0.565
0.564385
0.563833
0.563346
0.562924
0.562566
0.562274
0.562047
0.561884
0.561786
0.561752
0.561781
0.561873
0.562026
0.562239
0.562513
0.562844
0.563233
0.563677
0.564176
0.564727
0.565329
0.56598
0.566678
0.567423
0.568211
0.569041
0.56991
0.570818
0.571761
0.572738
0.573747
0.574785
0.575851
0.576942
0.578056
0.579192
0.580346
0.581518
0.582705
0.583905
0.585115
0.586335
0.587562
0.588795
0.590031
0.591268
0.592505
0.59374
0.594972
0.596199
0.597418
0.598629
0.599831
0.601021
0.602198
0.603362
0.60451
0.605641
0.606755
0.607849
0.608924
0.609977
0.611008
0.612016
0.613
0.613959
0.614892
0.615798
0.616677
0.617528
0.61835
0.619143
0.619906
0.620638
0.621339
0.622008
0.622645
0.623249
0.62382
0.624358
0.624862
0.625332
0.625767
0.626168
0.626533
0.626863
0.627158
0.627417
0.627639
0.627826
0.627976
0.62809
0.628167
0.628208
0.628212
0.628179
0.628109
0.628002
0.627858
0.627678
0.62746
0.627206
0.626915
0.626587
0.626222
0.625821
0.625384
0.62491
0.624401
0.623856
0.623275
0.622659
0.622008
0.621322
0.620603
0.619849
0.619062
0.618241
0.617388
0.616504
0.615587
0.61464
0.613663
0.612656
0.61162
0.610557
0.609466
0.608348
0.607206
0.606038
0.604847
0.603634
0.602399
0.601144
0.59987
0.598579
0.59727
0.595947
0.59461
0.59326
0.5919
0.590531
0.589154
0.587771
0.586383
0.584993
0.583603
0.582214
0.580827
0.579446
0.578071
0.576706
0.575351
0.574009
0.572683
0.571373
0.570083
0.568814
0.567568
0.566348
0.565156
0.563994
0.562864
0.561769
0.560709
0.559688
0.558707
0.557769
0.556875
0.556028
0.555228
0.554478
0.55378
0.553136
0.552546
0.552012
0.551536
0.551119
0.550763
0.550467
0.550234
0.550064
0.549958
0.549917
0.54994
0.550028
0.550182
0.550402
0.550688
0.551038
0.551454
0.551934
0.552479
0.553086
0.553756
0.554487
0.555279
0.55613
0.557038
0.558002
0.559021
0.560092
0.561214
0.562385
0.563603
0.564866
0.566171
0.567516
0.568899
0.570318
0.571769
0.57325
0.574758
0.576292
0.577847
0.579422
0.581014
0.582619
0.584235
0.585859
0.587489
0.589121
0.590753
0.592382
0.594005
0.595619
0.597222
0.598811
0.600384
0.601937
0.603468
0.604976
0.606456
0.607907
0.609327
0.610713
0.612064
0.613376
0.614649
0.615879
0.617066
0.618207
0.619301
0.620346
0.621341
0.622283
0.623173
0.624007
0.624787
0.625509
0.626174
0.62678
0.627327
0.627813
0.628239
0.628604
0.628907
0.629148
0.629328
0.629445
0.629499
0.629492
0.629423
0.629292
0.6291
0.628847
0.628534
0.628161
0.627729
0.627239
0.626692
0.626089
0.62543
0.624717
0.623952
0.623135
0.622269
0.621353
0.62039
0.619382
0.61833
0.617236
0.616101
0.614927
0.613717
0.612472
0.611194
0.609885
0.608548
0.607184
0.605795
0.604383
0.602952
0.601502
0.600036
0.598557
0.597066
0.595566
0.594059
0.592547
0.591033
0.589518
0.588005
0.586496
0.584993
0.583498
0.582013
0.580541
0.579083
0.577641
0.576217
0.574814
0.573432
0.572074
0.57074
0.569434
0.568156
0.566907
0.56569
0.564505
0.563354
0.562237
0.561156
0.560112
0.559106
0.558138
0.55721
0.556321
0.555473
0.554666
0.5539
0.553175
0.552492
0.551851
0.551252
0.550696
0.55018
0.549707
0.549275
0.548884
0.548534
0.548224
0.547954
0.547723
0.547531
0.547377
0.547261
0.547181
0.547137
0.547128
0.547154
0.547213
0.547305
0.547429
0.547583
0.547768
0.547982
0.548225
0.548494
0.548791
0.549113
0.54946
0.549831
0.550225
0.550642
0.55108
0.551539
0.552018
0.552517
0.553035
0.553571
0.554124
0.554694
0.555281
0.555883
0.556501
0.557134
0.557782
0.558443
0.559119
0.559808
0.56051
0.561225
0.561953
0.562693
0.563445
0.56421
0.564987
0.565775
0.566576
0.567388
0.568211
0.569047
0.569893
0.570751
0.571621
0.572501
0.573393
0.574296
0.575211
0.576136
0.577073
0.57802
0.578978
0.579947
0.580926
0.581916
0.582915
0.583925
0.584944
0.585973
0.587011
0.588058
0.589113
0.590176
0.591246
0.592324
0.593408
0.594498
0.595593
0.596693
0.597797
0.598904
0.600013
0.601125
0.602237
0.603349
0.60446
0.605569
0.606676
0.607778
0.608875
0.609966
0.61105
0.612125
0.613191
0.614246
0.615289
0.616318
0.617333
0.618332
0.619314
0.620277
0.62122
0.622142
0.623041
0.623916
0.624766
0.62559
0.626385
0.627151
0.627886
0.628589
0.629259
0.629895
0.630494
0.631056
0.63158
0.632065
0.632509
0.632911
0.63327
0.633585
0.633855
0.63408
0.634257
0.634387
0.634469
0.634501
0.634483
0.634415
0.634295
0.634124
0.6339
0.633624
0.633294
0.632912
0.632476
0.631986
0.631442
0.630845
0.630193
0.629489
0.628731
0.62792
0.627056
0.62614
0.625172
0.624153
0.623083
0.621964
0.620796
0.61958
0.618316
0.617007
0.615653
0.614255
0.612815
0.611334
0.609813
0.608255
0.60666
0.60503
0.603366
0.601672
0.599948
0.598197
0.59642
0.594619
0.592797
0.590956
0.589097
0.587224
0.585339
0.583443
0.581539
0.57963
0.577718
0.575805
0.573894
0.571988
0.570089
0.568199
0.566321
0.564458
0.562612
0.560786
0.558982
0.557203
0.55545
0.553727
0.552036
0.550379
0.548758
0.547176
0.545635
0.544136
0.542683
0.541276
0.539918
0.53861
0.537354
0.536151
0.535004
0.533912
0.532878
0.531903
0.530986
0.530131
0.529336
0.528602
0.527931
0.527322
0.526775
0.52629
0.525868
0.525508
0.52521
0.524972
0.524795
0.524678
0.52462
0.524619
0.524675
0.524786
0.524951
0.525169
0.525438
0.525755
0.52612
0.526531
0.526984
0.52748
0.528015
0.528587
0.529194
0.529834
0.530505
0.531204
0.531928
0.532676
0.533444
0.534231
0.535034
0.535851
0.536679
0.537515
0.538358
0.539204
0.540051
0.540898
0.541741
0.542579
0.543409
0.544228
0.545035
0.545828
0.546603
0.547361
0.548097
0.548811
0.5495
0.550163
0.550798
0.551403
0.551977
0.552518
0.553024
0.553495
0.553929
0.554324
0.554679
0.554994
0.555266
0.555496
0.555683
0.555824
0.555921
0.555971
0.555975
0.555932
0.555841
0.555703
0.555516
0.55528
0.554996
0.554663
0.554282
0.553851
0.553372
0.552845
0.552269
0.551646
0.550975
0.550257
0.549493
0.548682
0.547827
0.546927
0.545984
0.544997
0.543969
0.5429
0.54179
0.540642
0.539456
0.538234
0.536976
0.535685
0.53436
0.533005
0.53162
0.530207
0.528767
0.527302
0.525814
0.524304
0.522774
0.521226
0.519662
0.518083
0.516492
0.51489
0.51328
0.511663
0.510041
0.508418
0.506794
0.505172
0.503553
0.501941
0.500338
0.498745
0.497164
0.495599
0.494052
0.492524
0.491017
0.489536
0.48808
0.486653
0.485258
0.483895
0.482568
0.481279
0.48003
0.478823
0.47766
0.476544
0.475476
0.474459
0.473495
0.472585
0.471731
0.470935
0.4702
0.469526
0.468916
0.468371
0.467892
0.467481
0.467139
0.466868
0.466669
0.466542
0.466489
0.46651
0.466606
0.466779
0.467028
0.467354
0.467757
0.468237
0.468795
0.469431
0.470144
0.470934
0.471802
0.472745
0.473765
0.474859
0.476028
0.477271
0.478586
0.479972
0.481429
0.482955
0.484548
0.486207
0.487931
0.489718
0.491566
0.493474
0.495439
0.497459
0.499534
0.501659
0.503835
0.506057
0.508324
0.510634
0.512985
0.515374
0.517798
0.520255
0.522743
0.52526
0.527802
0.530367
0.532953
0.535557
0.538176
0.540808
0.543451
0.546101
0.548757
0.551414
0.554072
0.556727
0.559376
0.562018
0.564649
0.567267
0.569869
0.572453
0.575017
0.577557
0.580072
0.582558
0.585015
0.587438
0.589825
0.592175
0.594486
0.596753
0.598977
0.601153
0.603281
0.605357
0.60738
0.609348
0.611259
0.61311
0.6149
0.616627
0.618289
0.619883
0.62141
0.622865
0.624249
0.625559
0.626793
0.627951
0.62903
0.630029
0.630948
0.631784
0.632536
0.633203
0.633785
0.634279
0.634684
0.635001
0.635228
0.635364
0.635408
0.63536
0.635219
0.634984
0.634655
0.634231
0.633713
0.6331
0.632391
0.631586
0.630686
0.629691
0.628599
0.627412
0.62613
0.624754
0.623282
0.621717
0.620058
0.618306
0.616462
0.614527
0.612501
0.610385
0.608181
0.60589
0.603512
0.60105
0.598504
0.595876
0.593168
0.590381
0.587517
0.584578
0.581566
0.578483
0.575331
0.572112
0.568828
0.565483
0.562078
0.558616
0.5551
0.551533
0.547917
0.544256
0.540553
0.53681
0.533032
0.529222
0.525383
0.521518
0.517632
0.513728
0.509811
0.505884
0.50195
0.498016
0.494084
0.490159
0.486245
0.482348
0.478471
0.474619
0.470797
0.467009
0.463261
0.459557
0.455902
0.452301
0.448759
0.445281
0.441871
0.438535
0.435277
0.432102
0.429015
0.426021
0.423124
0.420328
0.417637
0.415057
0.412591
0.410242
0.408014
0.405911
0.403936
0.402091
0.400379
0.398803
0.397365
0.396065
0.394906
0.393889
0.393015
0.392283
0.391693
0.391247
0.390942
0.390778
0.390753
0.390866
0.391115
0.391498
0.392011
0.392653
0.39342
0.394309
0.395316
0.396437
0.397669
0.399007
0.400448
0.401986
0.403618
0.405339
0.407144
0.409028
0.410987
0.413017
0.415112
0.417267
0.419479
0.421743
0.424053
0.426406
0.428798
0.431223
0.433678
0.436158
0.438659
0.441179
0.443712
0.446255
0.448805
0.451358
0.45391
0.45646
0.459003
0.461537
0.464058
0.466565
0.469055
0.471525
0.473974
0.476398
0.478797
0.481167
0.483508
0.485818
0.488095
0.490339
0.492546
0.494717
0.496851
0.498946
0.501002
0.503018
0.504993
0.506927
0.508819
0.51067
0.512478
0.514244
0.515968
0.517649
0.519288
0.520885
0.52244
0.523953
0.525426
0.526858
0.528249
0.529601
0.530914
0.532189
0.533426
0.534627
0.535791
0.53692
0.538016
0.539077
0.540107
0.541105
0.542073
0.543012
0.543923
0.544806
0.545663
0.546496
0.547304
0.548089
0.548853
0.549596
0.55032
0.551025
0.551712
0.552384
0.553039
0.553681
0.554308
0.554924
0.555528
0.556121
0.556704
0.557278
0.557844
0.558403
0.558954
0.5595
0.56004
0.560575
0.561106
0.561633
0.562156
0.562677
0.563194
0.563709
0.564222
0.564732
0.565241
0.565748
0.566253
0.566756
0.567258
0.567757
0.568254
0.568749
0.569241
0.569731
0.570217
0.570699
0.571178
0.571651
0.57212
0.572584
0.573041
0.573491
0.573934
0.57437
0.574796
0.575213
0.57562
0.576016
0.576401
0.576773
0.577131
0.577476
0.577806
0.57812
0.578418
0.578698
0.57896
0.579203
0.579426
0.579629
0.57981
0.579968
0.580103
0.580215
0.580301
0.580362
0.580397
0.580405
0.580385
0.580336
0.580259
0.580151
0.580013
0.579844
0.579644
0.579411
0.579146
0.578847
0.578515
0.578148
0.577747
0.577311
0.57684
0.576333
0.575791
0.575212
0.574596
0.573945
0.573256
0.572531
0.571769
0.570969
0.570133
0.569259
0.568349
0.567402
0.566418
0.565397
0.564339
0.563245
0.562115
0.560949
0.559748
0.558511
0.557239
0.555932
0.554591
0.553216
0.551808
0.550366
0.548893
0.547387
0.545849
0.544281
0.542682
0.541054
0.539396
0.537709
0.535995
0.534253
0.532485
0.530691
0.528871
0.527027
0.52516
0.523269
0.521355
0.519421
0.517465
0.51549
0.513495
0.511482
0.509451
0.507404
0.50534
0.503262
0.501169
0.499063
0.496944
0.494814
0.492673
0.490522
0.488362
0.486193
0.484018
0.481836
0.479648
0.477456
0.47526
0.473062
0.470862
0.46866
0.466459
0.464259
0.462061
0.459865
0.457673
0.455486
0.453305
0.45113
0.448963
0.446804
0.444655
0.442516
0.440389
0.438275
0.436174
0.434087
0.432016
0.429962
0.427925
0.425907
0.423909
0.421931
0.419975
0.418041
0.416132
0.414247
0.412388
0.410556
0.408753
0.406978
0.405234
0.40352
0.40184
0.400192
0.398579
0.397001
0.39546
0.393957
0.392492
0.391067
0.389682
0.388339
0.387039
0.385782
0.38457
0.383403
0.382283
0.38121
0.380185
0.379209
0.378283
0.377407
0.376582
0.375809
0.375089
0.374423
0.37381
0.373251
0.372747
0.372299
0.371906
0.371569
0.371289
0.371065
0.370898
0.370789
0.370736
0.37074
0.370802
0.370921
0.371096
0.371329
0.371618
0.371963
0.372365
0.372822
0.373334
0.373901
0.374523
0.375198
0.375926
0.376706
0.377538
0.378421
0.379355
0.380337
0.381368
0.382447
0.383573
0.384744
0.38596
0.38722
0.388523
0.389868
0.391253
0.392678
0.394141
0.395643
0.39718
0.398753
0.40036
0.402
0.403672
0.405375
0.407108
0.408869
0.410658
0.412473
0.414313
0.416178
0.418065
0.419975
0.421906
0.423857
0.425826
0.427814
0.429818
0.431838
0.433874
0.435923
0.437985
0.440059
0.442144
0.444239
0.446344
0.448457
0.450578
0.452705
0.454838
0.456976
0.459119
0.461265
0.463413
0.465564
0.467715
0.469867
0.472019
0.47417
0.476318
0.478464
0.480607
0.482746
0.48488
0.487009
0.489132
0.491248
0.493357
0.495457
0.497549
0.499631
0.501704
0.503765
0.505815
0.507852
0.509877
0.511888
0.513885
0.515866
0.517832
0.519782
0.521714
0.523628
0.525524
0.5274
0.529256
0.531091
0.532904
0.534694
0.536461
0.538204
0.539922
0.541614
0.543279
0.544917
0.546526
0.548106
0.549656
0.551174
0.55266
0.554114
0.555534
0.556918
0.558267
0.55958
0.560854
0.56209
0.563287
0.564443
0.565557
0.566628
0.567657
0.56864
0.569578
0.57047
0.571314
0.57211
0.572856
0.573552
0.574197
0.574789
0.575328
0.575812
0.576242
0.576615
0.576931
0.57719
0.577389
0.577529
0.577608
0.577626
0.577581
0.577474
0.577303
0.577067
0.576766
0.576399
0.575965
0.575465
0.574896
0.574259
0.573552
0.572777
0.571931
0.571015
0.570028
0.56897
0.56784
0.566639
0.565365
0.564019
0.562601
0.561111
0.559548
0.557912
0.556204
0.554424
0.552572
0.550647
0.548651
0.546584
0.544446
0.542237
0.539958
0.53761
0.535194
0.532709
0.530157
0.527538
0.524855
0.522106
0.519295
0.516421
0.513486
0.510491
0.507438
0.504328
0.501163
0.497944
0.494674
0.491353
0.487983
0.484568
0.481108
0.477606
0.474064
0.470485
0.46687
0.463224
0.459547
0.455843
0.452116
0.448367
0.4446
0.440818
0.437025
0.433223
0.429417
0.425609
0.421805
0.418007
0.414219
0.410446
0.406692
0.402961
0.399258
0.395586
0.391951
0.388358
0.38481
0.381314
0.377873
0.374494
0.37118
0.367937
0.364771
0.361686
0.358687
0.35578
0.35297
0.350262
0.34766
0.34517
0.342797
0.340545
0.338419
0.336423
0.334561
0.332837
0.331255
0.329818
0.328529
0.327391
0.326405
0.325575
0.324902
0.324387
0.32403
0.323833
0.323795
0.323915
0.324194
0.32463
0.325221
0.325965
0.32686
0.327903
0.329092
0.330422
0.33189
0.333493
0.335226
0.337085
0.339065
0.341162
0.34337
0.345686
0.348104
0.350619
0.353226
0.355919
0.358694
0.361546
0.364469
0.367458
0.370509
0.373616
0.376775
0.379981
0.383229
0.386515
0.389834
0.393181
0.396554
0.399947
0.403356
0.406778
0.410209
0.413645
0.417083
0.420519
0.42395
0.427373
0.430785
0.434182
0.437563
0.440925
0.444264
0.447579
0.450867
0.454125
0.457353
0.460547
0.463706
0.466827
0.46991
0.472953
0.475953
0.47891
0.481822
0.484688
0.487506
0.490276
0.492996
0.495666
0.498284
0.500851
0.503364
0.505823
0.508229
0.510579
0.512874
0.515114
0.517298
0.519425
0.521496
0.52351
0.525467
0.527367
0.529211
0.530997
0.532727
0.5344
0.536017
0.537578
0.539083
0.540532
0.541926
0.543265
0.54455
0.54578
0.546958
0.548082
0.549154
0.550175
0.551144
0.552063
0.552932
0.553752
0.554524
0.555249
0.555926
0.556558
0.557145
0.557687
0.558186
0.558643
0.559057
0.559431
0.559766
0.560061
0.560318
0.560538
0.560722
0.560871
0.560986
0.561067
0.561116
0.561134
0.561121
0.561079
0.561008
0.56091
0.560785
0.560634
0.560458
0.560259
0.560036
0.559792
0.559526
0.559239
0.558934
0.558609
0.558267
0.557908
0.557532
0.557141
0.556735
0.556315
0.555882
0.555436
0.554979
0.55451
0.55403
0.55354
0.553041
0.552533
0.552017
0.551492
0.550961
0.550422
0.549877
0.549325
0.548768
0.548206
0.547638
0.547066
0.54649
0.545909
0.545324
0.544736
0.544143
0.543548
0.542949
0.542347
0.541741
0.541133
0.540522
0.539907
0.53929
0.538669
0.538046
0.537419
0.536789
0.536155
0.535518
0.534877
0.534233
0.533584
0.532931
0.532274
0.531612
0.530945
0.530273
0.529596
0.528913
0.528224
0.527529
0.526827
0.526118
0.525403
0.524679
0.523948
0.523209
0.522462
0.521706
0.520941
0.520167
0.519382
0.518588
0.517784
0.516969
0.516144
0.515307
0.514459
0.513599
0.512727
0.511843
0.510946
0.510037
0.509115
0.50818
0.507231
0.506269
0.505294
0.504305
0.503302
0.502285
0.501255
0.50021
0.499151
0.498078
0.496992
0.495891
0.494776
0.493647
0.492505
0.491349
0.490179
0.488996
0.487801
0.486592
0.485371
0.484138
0.482892
0.481635
0.480367
0.479089
0.4778
0.476501
0.475193
0.473876
0.47255
0.471218
0.469878
0.468531
0.46718
0.465823
0.464462
0.463097
0.46173
0.460361
0.458991
0.457621
0.456252
0.454884
0.453519
0.452158
0.450802
0.449451
0.448107
0.446771
0.445443
0.444126
0.442819
0.441525
0.440245
0.438978
0.437728
0.436494
0.435278
0.434082
0.432906
0.431751
0.430619
0.429511
0.428428
0.427371
0.426342
0.425341
0.424369
0.423429
0.42252
0.421643
0.420801
0.419993
0.419221
0.418486
0.417788
0.417129
0.416509
0.415928
0.415389
0.414891
0.414434
0.414021
0.41365
0.413323
0.413039
0.4128
0.412605
0.412455
0.41235
0.41229
0.412275
0.412305
0.412379
0.412499
0.412662
0.41287
0.413122
0.413417
0.413755
0.414135
0.414557
0.41502
0.415524
0.416067
0.416649
0.417268
0.417925
0.418618
0.419345
0.420107
0.420901
0.421727
0.422583
0.423469
0.424382
0.425322
0.426288
0.427277
0.42829
0.429323
0.430377
0.431448
0.432538
0.433642
0.434761
0.435893
0.437036
0.438189
0.439351
0.440519
0.441693
0.442872
0.444053
0.445236
0.446419
0.4476
0.448779
0.449954
0.451123
0.452286
0.453441
0.454587
0.455723
0.456847
0.457959
0.459057
0.460141
0.461208
0.462259
0.463292
0.464306
0.4653
0.466273
0.467225
0.468155
0.469062
0.469945
0.470803
0.471637
0.472444
0.473225
0.473979
0.474706
0.475405
0.476075
0.476717
0.47733
0.477913
0.478467
0.478991
0.479484
0.479948
0.480381
0.480783
0.481155
0.481497
0.481808
0.482089
0.482339
0.482559
0.48275
0.48291
0.483041
0.483143
0.483216
0.48326
0.483276
0.483264
0.483225
0.483158
0.483065
0.482947
0.482803
0.482633
0.48244
0.482223
0.481983
0.481721
0.481437
0.481131
0.480806
0.480461
0.480097
0.479715
0.479315
0.478899
0.478467
0.47802
0.477559
0.477084
0.476597
0.476098
0.475588
0.475067
0.474537
0.473999
0.473453
0.472899
0.47234
0.471775
0.471205
0.470631
0.470054
0.469474
0.468893
0.46831
0.467727
0.467144
0.466562
0.465981
0.465402
0.464826
0.464253
0.463683
0.463117
0.462556
0.462
0.461449
0.460903
0.460364
0.459831
0.459304
0.458785
0.458272
0.457766
0.457268
0.456777
0.456294
0.455818
0.455349
0.454888
0.454435
0.453988
0.45355
0.453118
0.452693
0.452274
0.451863
0.451457
0.451058
0.450664
0.450275
0.449891
0.449512
0.449137
0.448766
0.448398
0.448034
0.447671
0.447311
0.446952
0.446594
0.446237
0.44588
0.445522
0.445164
0.444804
0.444442
0.444077
0.44371
0.443339
0.442964
0.442584
0.4422
0.44181
0.441415
0.441013
0.440604
0.440189
0.439766
0.439335
0.438896
0.438448
0.437992
0.437527
0.437052
0.436568
0.436074
0.435571
0.435057
0.434533
0.434
0.433456
0.432902
0.432338
0.431763
0.431179
0.430585
0.429982
0.429369
0.428747
0.428116
0.427476
0.426829
0.426173
0.42551
0.42484
0.424164
0.423482
0.422794
0.422102
0.421406
0.420707
0.420004
0.4193
0.418595
0.417889
0.417183
0.416479
0.415777
0.415078
0.414382
0.413692
0.413007
0.412329
0.411659
0.410997
0.410345
0.409704
0.409075
0.408458
0.407855
0.407266
0.406694
0.406138
0.4056
0.405081
0.404581
0.404102
0.403645
0.40321
0.402799
0.402411
0.402049
0.401713
0.401403
0.401121
0.400867
0.400642
0.400446
0.400279
0.400144
0.400039
0.399965
0.399923
0.399913
0.399935
0.399989
0.400076
0.400196
0.400348
0.400533
0.40075
0.401
0.401282
0.401596
0.401941
0.402317
0.402725
0.403162
0.403629
0.404125
0.40465
0.405203
0.405782
0.406388
0.407019
0.407674
0.408353
0.409055
0.409778
0.410522
0.411286
0.412068
0.412867
0.413682
0.414513
0.415358
0.416215
0.417083
0.417962
0.41885
0.419746
0.420649
0.421557
0.422469
0.423385
0.424302
0.425219
0.426136
0.427052
0.427964
0.428873
0.429776
0.430673
0.431563
0.432444
0.433316
0.434178
0.435029
0.435867
0.436692
0.437503
0.4383
0.43908
0.439845
0.440593
0.441323
0.442034
0.442727
0.443401
0.444054
0.444687
0.4453
0.445891
0.446461
0.44701
0.447536
0.448041
0.448523
0.448983
0.44942
0.449835
0.450228
0.450599
0.450947
0.451274
0.451579
0.451862
0.452124
0.452366
0.452587
0.452789
0.45297
0.453133
0.453277
0.453404
0.453513
0.453606
0.453682
0.453744
0.453791
0.453824
0.453844
0.453852
0.453849
0.453835
0.453811
0.453779
0.453739
0.453692
0.45364
0.453582
0.45352
0.453455
0.453388
0.453319
0.45325
0.453182
0.453116
0.453052
0.452991
0.452935
0.452885
0.45284
0.452802
0.452773
0.452752
0.45274
0.452739
0.452748
0.45277
0.452803
0.45285
0.45291
0.452985
0.453074
0.453179
0.453299
0.453435
0.453587
0.453757
0.453943
0.454147
0.454368
0.454607
0.454863
0.455137
0.455429
0.455738
0.456065
0.456409
0.456771
0.457149
0.457544
0.457956
0.458383
0.458827
0.459285
0.459758
0.460245
0.460745
0.461259
0.461785
0.462322
0.46287
0.463429
0.463997
0.464573
0.465158
0.465749
0.466347
0.46695
0.467557
0.468168
0.468782
0.469397
0.470013
0.470629
0.471244
0.471857
0.472467
0.473073
0.473674
0.474269
0.474858
0.475439
0.476012
0.476575
0.477128
0.47767
0.4782
0.478718
0.479221
0.479711
0.480185
0.480644
0.481086
0.481511
0.481917
0.482306
0.482675
0.483025
0.483354
0.483663
0.48395
0.484216
0.48446
0.484681
0.48488
0.485055
0.485207
0.485336
0.48544
0.485521
0.485577
0.48561
0.485618
0.485602
0.485561
0.485497
0.485408
0.485295
0.485159
0.484998
0.484815
0.484608
0.484378
0.484126
0.483852
0.483556
0.483238
0.4829
0.482541
0.482162
0.481764
0.481348
0.480913
0.480461
0.479992
0.479506
0.479006
0.47849
0.477961
0.477419
0.476864
0.476298
0.475721
0.475134
0.474539
0.473935
0.473324
0.472707
0.472084
0.471457
0.470826
0.470193
0.469558
0.468923
0.468287
0.467653
0.467022
0.466393
0.465768
0.465148
0.464534
0.463927
0.463327
0.462736
0.462155
0.461583
0.461023
0.460475
0.459939
0.459417
0.458909
0.458415
0.457938
0.457477
0.457033
0.456606
0.456197
0.455807
0.455436
0.455085
0.454753
0.454442
0.454152
0.453883
0.453635
0.453409
0.453204
0.453021
0.45286
0.452722
0.452605
0.45251
0.452438
0.452387
0.452358
0.45235
0.452364
0.452398
0.452453
0.452529
0.452624
0.452739
0.452872
0.453024
0.453194
0.45338
0.453584
0.453803
0.454037
0.454286
0.454549
0.454824
0.455111
0.455409
0.455718
0.456036
0.456362
0.456696
0.457037
0.457382
0.457733
0.458086
0.458442
0.458799
0.459157
0.459514
0.459869
0.46022
0.460568
0.460911
0.461247
0.461576
0.461896
0.462206
0.462506
0.462794
0.463069
0.46333
0.463576
0.463806
0.464019
0.464213
0.464389
0.464544
0.464677
0.464789
0.464877
0.464942
0.464981
0.464995
0.464981
0.464941
0.464871
0.464773
0.464645
0.464486
0.464296
0.464074
0.463819
0.463531
0.46321
0.462854
0.462463
0.462038
0.461576
0.461079
0.460546
0.459976
0.459369
0.458726
0.458045
0.457327
0.456572
0.45578
0.454951
0.454084
0.453181
0.452241
0.451264
0.450252
0.449203
0.448119
0.447001
0.445848
0.444661
0.443441
0.442189
0.440905
0.43959
0.438245
0.436872
0.43547
0.434042
0.432587
0.431108
0.429606
0.428082
0.426538
0.424974
0.423392
0.421795
0.420183
0.418558
0.416923
0.415278
0.413626
0.411969
0.410308
0.408647
0.406986
0.405328
0.403675
0.40203
0.400394
0.398771
0.397162
0.39557
0.393997
0.392447
0.39092
0.389421
0.387951
0.386512
0.385108
0.383742
0.382414
0.381129
0.379888
0.378695
0.37755
0.376458
0.375419
0.374437
0.373514
0.372651
0.371851
0.371116
0.370447
0.369847
0.369316
0.368857
0.368472
0.36816
0.367924
0.367764
0.367681
0.367676
0.367749
0.367902
0.368133
0.368443
0.368833
0.369301
0.369848
0.370472
0.371173
0.371951
0.372803
0.37373
0.374729
0.375799
0.376939
0.378146
0.379419
0.380756
0.382155
0.383614
0.385129
0.3867
0.388323
0.389997
0.391717
0.393482
0.39529
0.397136
0.399019
0.400935
0.402882
0.404858
0.406858
0.40888
0.410921
0.412979
0.41505
0.417131
0.41922
0.421314
0.42341
0.425505
0.427597
0.429683
0.431759
0.433824
0.435875
0.437909
0.439924
0.441918
0.443887
0.44583
0.447745
0.449629
0.451479
0.453295
0.455074
0.456813
0.458512
0.460167
0.461778
0.463343
0.46486
0.466327
0.467744
0.469108
0.470418
0.471673
0.472871
0.474013
0.475095
0.476118
0.477081
0.477982
0.478821
0.479597
0.48031
0.480958
0.481542
0.482061
0.482514
0.482902
0.483223
0.483479
0.483668
0.483791
0.483848
0.483839
0.483764
0.483624
0.483419
0.483148
0.482814
0.482415
0.481954
0.48143
0.480845
0.480199
0.479493
0.478728
0.477905
0.477025
0.476089
0.475099
0.474056
0.472961
0.471816
0.470621
0.469379
0.468092
0.46676
0.465386
0.463971
0.462517
0.461026
0.459499
0.45794
0.456349
0.45473
0.453083
0.451411
0.449717
0.448002
0.446269
0.444519
0.442756
0.440982
0.439199
0.437409
0.435615
0.433819
0.432024
0.430231
0.428444
0.426665
0.424897
0.42314
0.421399
0.419676
0.417972
0.41629
0.414632
0.413001
0.411399
0.409828
0.40829
0.406786
0.40532
0.403892
0.402505
0.401161
0.399861
0.398606
0.397398
0.396239
0.395129
0.39407
0.393063
0.392108
0.391207
0.390361
0.389569
0.388832
0.388151
0.387526
0.386956
0.386443
0.385984
0.385581
0.385233
0.384939
0.384698
0.38451
0.384374
0.384288
0.384252
0.384265
0.384324
0.38443
0.384579
0.384771
0.385004
0.385275
0.385584
0.385929
0.386306
0.386716
0.387155
0.387621
0.388112
0.388626
0.389162
0.389716
0.390287
0.390873
0.391471
0.392078
0.392694
0.393316
0.393941
0.394568
0.395195
0.395819
0.396438
0.397051
0.397655
0.398249
0.39883
0.399397
0.399949
0.400483
0.400998
0.401492
0.401964
0.402412
0.402835
0.403232
0.403601
0.40394
0.40425
0.404529
0.404775
0.404989
0.405168
0.405313
0.405422
0.405496
0.405533
0.405532
0.405495
0.40542
0.405306
0.405155
0.404965
0.404737
0.404471
0.404166
0.403824
0.403445
0.403028
0.402574
0.402085
0.401559
0.400999
0.400405
0.399778
0.399118
0.398427
0.397705
0.396955
0.396176
0.395371
0.394541
0.393687
0.392811
0.391914
0.390998
0.390065
0.389116
0.388154
0.38718
0.386196
0.385205
0.384208
0.383208
0.382206
0.381206
0.380209
0.379218
0.378235
0.377263
0.376303
0.375359
0.374434
0.373529
0.372647
0.37179
0.370963
0.370166
0.369402
0.368674
0.367985
0.367337
0.366732
0.366174
0.365663
0.365203
0.364796
0.364444
0.364149
0.363914
0.36374
0.363628
0.363582
0.363602
0.363689
0.363847
0.364075
0.364374
0.364747
0.365193
0.365714
0.36631
0.366982
0.367729
0.368552
0.369452
0.370427
0.371479
0.372605
0.373806
0.375081
0.376429
0.37785
0.379341
0.380903
0.382532
0.384229
0.385992
0.387818
0.389706
0.391654
0.39366
0.395722
0.397838
0.400006
0.402224
0.404488
0.406798
0.409149
0.411541
0.41397
0.416434
0.41893
0.421456
0.424009
0.426587
0.429187
0.431806
0.434441
0.437091
0.439752
0.442422
0.445099
0.447779
0.45046
0.45314
0.455817
0.458486
0.461148
0.463797
0.466434
0.469054
0.471656
0.474238
0.476797
0.479331
0.481838
0.484315
0.486761
0.489173
0.49155
0.49389
0.49619
0.498449
0.500665
0.502836
0.50496
0.507036
0.509062
0.511036
0.512958
0.514824
0.516634
0.518387
0.520081
0.521714
0.523286
0.524794
