
Dual Residual: 
1
1343.15
363.708
187.264
114.063
96.1284
75.0153
60.3425
53.3787
48.2996
42.3213
36.1223
31.0847
27.8426
26.0956
25.1121
24.2547
23.21
21.9629
20.6173
19.2305
17.8074
16.4214
15.2943
14.7055
14.7633
15.2753
15.8799
16.2588
16.2359
15.774
14.9327
13.8247
12.5854
11.3557
10.2729
9.45786
8.98946
8.87355
9.0381
9.36619
9.73962
10.0651
10.2808
10.3544
10.2783
10.0654
9.74465
9.35638
8.94644
8.55943
8.23166
7.98522
7.8253
7.74193
7.71527
7.72203
7.74041
7.75276
7.74597
7.71084
7.64117
7.53327
7.38609
7.20176
6.98633
6.75026
6.50815
6.27754
6.07657
5.92069
5.81935
5.77374
5.77671
5.81483
5.87179
5.93169
5.98135
6.01151
6.01692
5.99591
5.94956
5.88093
5.79432
5.69477
5.5876
5.47814
5.37143
5.27184
5.18265
5.10566
5.04098
4.98698
4.94066
4.89828
4.8561
4.81113
4.76171
4.70775
4.65068
4.59303
4.53782
4.48772
4.44442
4.40808
4.37723
4.34897
4.31958
4.28516
4.24239
4.18906
4.12448
4.04959
3.96689
3.88019
3.7941
3.71354
3.64309
3.58643
3.54586
3.52211
3.51432
3.52036
3.5372
3.56141
3.58952
3.61833
3.64513
3.66773
3.6845
3.69437
3.69673
3.69146
3.67884
3.65955
3.63457
3.6052
3.57292
3.53931
3.50596
3.47433
3.44564
3.42075
3.40013
3.3838
3.37134
3.362
3.35476
3.34842
3.3418
3.33374
3.32328
3.30968
3.29249
3.27155
3.24701
3.21931
3.18916
3.15746
3.12531
3.09385
3.06427
3.03765
3.01496
2.99695
2.98412
2.97669
2.97463
2.97768
2.98541
2.99726
3.01265
3.03099
3.05173
3.07437
3.0985
3.12371
3.14961
3.17577
3.20169
3.22678
3.25033
3.27154
3.28954
3.3034
3.31227
3.31533
3.31194
3.30166
3.28431
3.25998
3.22908
3.1923
3.1506
3.10519
3.05742
3.00874
2.96059
2.91432
2.87113
2.83196
2.7975
2.76813
2.74399
2.725
2.71093
2.70151
2.69646
2.6956
2.69886
2.70628
2.71805
2.7344
2.75556
2.78172
2.81292
2.849
2.88958
2.934
2.98139
3.03065
3.08052
3.12966
3.1767
3.22029
3.2592
3.29234
3.3188
3.33789
3.34915
3.35237
3.34757
3.33502
3.31517
3.2887
3.25644
3.21937
3.17855
3.13513
3.09027
3.04513
3.00078
2.95824
2.91835
2.88181
2.84913
2.82061
2.79635
2.77625
2.76004
2.74728
2.73743
2.72987
2.72392
2.7189
2.71417
2.70912
2.70324
2.69609
2.68737
2.67689
2.66457
2.65049
2.63485
2.61797
2.60029
2.58235
2.56479
2.54828
2.53356
2.52134
2.51233
2.50713
2.50627
2.51014
2.51894
2.53274
2.55142
2.57467
2.60206
2.63302
2.66687
2.70289
2.74029
2.7783
2.81612
2.85302
2.8883
2.9213
2.95143
2.97817
3.00107
3.01974
3.03385
3.04314
3.04744
3.04661
3.0406
3.0294
3.01311
2.99185
2.96582
2.93528
2.90057
2.86207
2.82022
2.7755
2.72846
2.67965
2.62969
2.57919
2.52877
2.47907
2.4307
2.38427
2.34033
2.29941
2.26197
2.22841
2.19905
2.17415
2.15386
2.13823
2.12725
2.12079
2.11863
2.12048
2.12597
2.13468
2.14612
2.15979
2.17516
2.1917
2.20887
2.22616
2.24309
2.25921
2.27409
2.28736
2.29869
2.30779
2.31442
2.31838
2.31951
2.31769
2.31284
2.30493
2.29396
2.27998
2.26308
2.24341
2.22116
2.19659
2.17
2.14178
2.11237
2.08226
2.05202
2.02225
1.99359
1.96672
1.9423
1.92097
1.90331
1.88982
1.88091
1.87683
1.8777
1.88349
1.89401
1.90894
1.92786
1.95024
1.97549
2.00301
2.03216
2.06234
2.09296
2.12347
2.15339
2.18229
2.20978
2.23554
2.25932
2.2809
2.30011
2.31684
2.33102
2.3426
2.35157
2.35798
2.36186
2.36332
2.36244
2.35938
2.35427
2.34731
2.33868
2.3286
2.31732
2.30506
2.2921
2.2787
2.26513
2.25166
2.23855
2.22606
2.21441
2.2038
2.1944
2.18634
2.17971
2.17454
2.17083
2.16851
2.16748
2.16759
2.16865
2.17043
2.1727
2.17519
2.17763
2.17977
2.18135
2.18213
2.18189
2.18045
2.17767
2.17342
2.16765
2.16031
2.15141
2.14102
2.12923
2.11616
2.10197
2.08687
2.07108
2.05483
2.03838
2.02199
2.00593
1.99045
1.97579
1.96217
1.94977
1.93874
1.92918
1.92117
1.9147
1.90975
1.90622
1.90399
1.90288
1.90268
1.90317
1.9041
1.9052
1.90622
1.90691
1.90702
1.90635
1.90472
1.90199
1.89805
1.89285
1.88638
1.87868
1.86985
1.86004
1.84944
1.83829
1.82687
1.81551
1.80454
1.79432
1.78523
1.77761
1.77181
1.76813
1.76684
1.76812
1.77212
1.77889
1.78841
1.80059
1.81525
1.83216
1.85104
1.87154
1.89331
1.91595
1.93908
1.9623
1.98524
2.00755
2.02888
2.04895
2.06751
2.08434
2.09926
2.11215
2.12291
2.13152
2.13797
2.1423
2.1446
2.14498
2.1436
2.14063
2.13627
2.13077
2.12435
2.11728
2.10981
2.10221
2.09472
2.08759
2.08105
2.0753
2.0705
2.06681
2.06432
2.0631
2.06318
2.06456
2.06719
2.07097
2.07582
2.08157
2.08808
2.09515
2.10261
2.11025
2.11788
2.12528
2.13229
2.1387
2.14436
2.14912
2.15283
2.15538
2.15667
2.15662
2.15518
2.15229
2.14794
2.14212
2.13484
2.12611
2.11599
2.10451
2.09174
2.07775
2.0626
2.0464
2.02923
2.01118
1.99235
1.97285
1.95279
1.93227
1.9114
1.89029
1.86905
1.84779
1.82661
1.80564
1.78497
1.7647
1.74494
1.72578
1.70732
1.68964
1.67284
1.65698
1.64213
1.62837
1.61575
1.60431
1.5941
1.58515
1.57748
1.57111
1.56604
1.56228
1.55982
1.55863
1.55869
1.55999
1.56246
1.56609
1.57082
1.57661
1.5834
1.59113
1.59975
1.60921
1.61943
1.63037
1.64196
1.65413
1.66683
1.68
1.69358
1.70751
1.72173
1.73619
1.75082
1.76559
1.78044
1.79532
1.81018
1.82498
1.83969
1.85425
1.86864
1.88281
1.89674
1.9104
1.92376
1.93679
1.94946
1.96177
1.97368
1.98517
1.99624
2.00686
2.01702
2.0267
2.03589
2.04458
2.05277
2.06043
2.06757
2.07418
2.08026
2.0858
2.09081
2.09528
2.09922
2.10264
2.10555
2.10794
2.10985
2.11127
2.11222
2.11272
2.11279
2.11244
2.11169
2.11055
2.10905
2.10719
2.10499
2.10246
2.09962
2.09647
2.09302
2.08927
2.08523
2.08089
2.07626
2.07133
2.06611
2.06058
2.05474
2.0486
2.04214
2.03538
2.0283
2.02092
2.01324
2.00527
1.99702
1.98852
1.97977
1.97081
1.96165
1.95232
1.94285
1.93328
1.92362
1.91392
1.90419
1.89445
1.88474
1.87506
1.86542
1.85584
1.84629
1.83679
1.8273
1.81781
1.80829
1.7987
1.78899
1.77912
1.76904
1.7587
1.74804
1.73702
1.72559
1.7137
1.70131
1.6884
1.67495
1.66094
1.64639
1.63132
1.61576
1.59975
1.58337
1.56671
1.54986
1.53295
1.51612
1.4995
1.48328
1.46763
1.45272
1.43876
1.42592
1.4144
1.40438
1.39603
1.38948
1.38486
1.38227
1.38178
1.38342
1.38718
1.39302
1.40088
1.41065
1.42219
1.43536
1.44997
1.46584
1.48277
1.50054
1.51895
1.5378
1.55688
1.57602
1.59502
1.61373
1.63199
1.64967
1.66665
1.68282
1.69811
1.71245
1.72577
1.73805
1.74925
1.75938
1.76843
1.77642
1.78339
1.78936
1.79439
1.79853
1.80185
1.8044
1.80627
1.80753
1.80826
1.80853
1.80842
1.80801
1.80737
1.80658
1.8057
1.8048
1.80393
1.80315
1.8025
1.80202
1.80176
1.80172
1.80195
1.80245
1.80323
1.8043
1.80565
1.80729
1.80919
1.81135
1.81375
1.81637
1.81918
1.82216
1.82529
1.82852
1.83184
1.83521
1.8386
1.84197
1.84529
1.84854
1.85167
1.85465
1.85745
1.86003
1.86237
1.86442
1.86617
1.86757
1.86861
1.86925
1.86946
1.86924
1.86856
1.86739
1.86573
1.86357
1.86091
1.85773
1.85406
1.84989
1.84524
1.84014
1.8346
1.82866
1.82237
1.81575
1.80887
1.80178
1.79454
1.78721
1.77986
1.77256
1.76539
1.75841
1.75171
1.74535
1.73942
1.73396
1.72905
1.72474
1.72107
1.7181
1.71584
1.71432
1.71355
1.71352
1.71422
1.71563
1.7177
1.72041
1.72368
1.72746
1.73168
1.73626
1.74111
1.74616
1.75131
1.75648
1.76159
1.76654
1.77125
1.77565
1.77967
1.78323
1.78629
1.78878
1.79067
1.79191
1.79248
1.79237
1.79156
1.79004
1.78784
1.78495
1.78141
1.77725
1.77249
1.76719
1.76139
1.75515
1.74851
1.74155
1.73431
1.72686
1.71927
1.71159
1.70389
1.69621
1.68861
1.68114
1.67385
1.66676
1.65992
1.65334
1.64705
1.64105
1.63535
1.62995
1.62485
1.62001
1.61544
1.61111
1.60699
1.60305
1.59926
1.59559
1.59201
1.58849
1.58499
1.58149
1.57797
1.57441
1.57078
1.56708
1.56329
1.55943
1.55548
1.55146
1.54738
1.54327
1.53914
1.53503
1.53096
1.52698
1.52312
1.51942
1.51592
1.51268
1.50973
1.50712
1.50489
1.50308
1.50172
1.50086
1.50051
1.50071
1.50147
1.50281
1.50474
1.50725
1.51035
1.51403
1.51827
1.52305
1.52834
1.53413
1.54037
1.54702
1.55405
1.56142
1.56908
1.57699
1.58509
1.59335
1.60171
1.61013
1.61857
1.62697
1.63531
1.64353
1.6516
1.65949
1.66716
1.67457
1.6817
1.68853
1.69503
1.70117
1.70695
1.71234
1.71734
1.72193
1.7261
1.72986
1.73319
1.7361
1.7386
1.74068
1.74236
1.74364
1.74454
1.74506
1.74522
1.74505
1.74454
1.74373
1.74263
1.74125
1.73963
1.73777
1.73569
1.73342
1.73097
1.72836
1.72559
1.72269
1.71966
1.71651
1.71326
1.70989
1.70643
1.70286
1.69918
1.6954
1.69151
1.68749
1.68334
1.67906
1.67462
1.67002
1.66525
1.66029
1.65514
1.64978
1.64421
1.63843
1.63241
1.62617
1.6197
1.61301
1.6061
1.59898
1.59167
1.58418
1.57653
1.56875
1.56086
1.55289
1.54487
1.53684
1.52884
1.5209
1.51308
1.50539
1.4979
1.49064
1.48364
1.47696
1.47062
1.46466
1.45912
1.45401
1.44936
1.44519
1.44151
1.43833
1.43566
1.43349
1.43181
1.43062
1.42989
1.42961
1.42976
1.4303
1.4312
1.43244
1.43398
1.43579
1.43784
1.44008
1.4425
1.44505
1.44771
1.45046
1.45327
1.45613
1.45902
1.46192
1.46483
1.46775
1.47067
1.47361
1.47656
1.47953
1.48255
1.48562
1.48877
1.49201
1.49538
1.49888
1.50254
1.50639
1.51044
1.51473
1.51926
1.52406
1.52914
1.53451
1.54019
1.54618
1.55247
1.55908
1.56599
1.5732
1.58069
1.58845
1.59646
1.6047
1.61314
1.62175
1.63051
1.63938
1.64832
1.65731
1.66631
1.67527
1.68418
1.69298
1.70165
1.71015
1.71844
1.7265
1.73429
1.74179
1.74896
1.75579
1.76224
1.76831
1.77397
1.7792
1.784
1.78835
1.79223
1.79566
1.79861
1.80109
1.8031
1.80463
1.80569
1.80629
1.80643
1.80611
1.80535
1.80415
1.80252
1.80048
1.79804
1.7952
1.79198
1.78839
1.78445
1.78016
1.77554
1.77061
1.76537
1.75984
1.75402
1.74794
1.7416
1.73502
1.72819
1.72115
1.71389
1.70643
1.69877
1.69092
1.68291
1.67473
1.66639
1.6579
1.64928
1.64053
1.63166
1.62268
1.6136
1.60444
1.59519
1.58588
1.57652
1.56711
1.55767
1.54822
1.53876
1.52932
1.5199
1.51053
1.50122
1.492
1.48287
1.47387
1.465
1.45631
1.44779
1.43949
1.43143
1.42362
1.4161
1.40888
1.402
1.39548
1.38934
1.38361
1.37831
1.37345
1.36907
1.36518
1.36179
1.35891
1.35657
1.35476
1.35349
1.35276
1.35257
1.35292
1.3538
1.35519
1.35708
1.35946
1.3623
1.36557
1.36926
1.37333
1.37776
1.38251
1.38754
1.39284
1.39836
1.40406
1.40993
1.41592
1.422
1.42814
1.43433
1.44052
1.44669
1.45283
1.45892
1.46493
1.47086
1.47668
1.4824
1.48801
1.4935
1.49887
1.50412
1.50925
1.51426
1.51917
1.52397
1.52867
1.53328
1.53781
1.54226
1.54665
1.55097
1.55524
1.55946
1.56363
1.56776
1.57184
1.57588
1.57987
1.5838
1.58768
1.59148
1.59521
1.59885
1.60238
1.6058
1.60908
1.6122
1.61516
1.61793
1.62049
1.62283
1.62492
1.62674
1.62829
1.62955
1.63049
1.63111
1.63139
1.63133
1.63091
1.63014
1.629
1.62749
1.62562
1.62339
1.62081
1.61788
1.61462
1.61103
1.60714
1.60296
1.59851
1.59382
1.5889
1.58378
1.57849
1.57305
1.56749
1.56185
1.55615
1.55042
1.54468
1.53898
1.53333
1.52777
1.52232
1.517
1.51184
1.50686
1.50209
1.49754
1.49322
1.48915
1.48534
1.48181
1.47855
1.47558
1.47289
1.4705
1.46838
1.46656
1.465
1.46372
1.46271
1.46194
1.46142
1.46113
1.46106
1.4612
1.46153
1.46204
1.46271
1.46353
1.4645
1.46559
1.46679
1.46809
1.46948
1.47095
1.47248
1.47407
1.47572
1.4774
1.47911
1.48086
1.48262
1.48441
1.4862
1.488
1.48981
1.49162
1.49343
1.49524
1.49704
1.49883
1.50062
1.5024
1.50417
1.50592
1.50766
1.50938
1.51108
1.51275
1.5144
1.51602
1.51761
1.51915
1.52065
1.52211
1.5235
1.52483
1.52609
1.52728
1.52838
1.52939
1.5303
1.5311
1.53179
1.53235
1.53278
1.53307
1.53322
1.53321
1.53305
1.53272
1.53222
1.53155
1.53071
1.52969
1.52848
1.5271
1.52555
1.52381
1.52191
1.51984
1.5176
1.51522
1.51269
1.51002
1.50723
1.50433
1.50133
1.49824
1.49509
1.49188
1.48862
1.48535
1.48207
1.47881
1.47557
1.47238
1.46925
1.46621
1.46326
1.46042
1.45772
1.45515
1.45274
1.45049
1.44842
1.44653
1.44484
1.44335
1.44207
1.44099
1.44012
1.43947
1.43902
1.43879
1.43875
1.43892
1.43928
1.43984
1.44057
1.44147
1.44254
1.44376
1.44513
1.44663
1.44825
1.44999
1.45184
1.45378
1.45581
1.45791
1.46008
1.46231
1.46459
1.46692
1.46928
1.47168
1.4741
1.47654
1.47899
1.48146
1.48393
1.4864
1.48887
1.49133
1.49378
1.49621
1.49863
1.50103
1.5034
1.50573
1.50803
1.51029
1.5125
1.51465
1.51675
1.51878
1.52073
1.52259
1.52437
1.52605
1.52761
1.52906
1.53038
1.53156
1.53259
1.53347
1.53418
1.53471
1.53506
1.53521
1.53515
1.53489
1.5344
1.53369
1.53275
1.53157
1.53015
1.52849
1.52658
1.52442
1.52201
1.51936
1.51646
1.51332
1.50994
1.50633
1.50249
1.49844
1.49418
1.48972
1.48507
1.48025
1.47527
1.47014
1.46488
1.45949
1.45401
1.44844
1.4428
1.43711
1.43138
1.42564
1.41989
1.41417
1.40848
1.40284
1.39727
1.39178
1.38639
1.38112
1.37598
1.37098
1.36613
1.36145
1.35695
1.35263
1.34851
1.34459
1.34089
1.3374
1.33413
1.33108
1.32826
1.32566
1.3233
1.32116
1.31925
1.31756
1.3161
1.31486
1.31383
1.31302
1.31241
1.312
1.31179
1.31176
1.31192
1.31226
1.31276
1.31343
1.31425
1.31521
1.31632
1.31756
1.31892
1.3204
1.32199
1.32368
1.32546
1.32733
1.32928
1.33129
1.33336
1.33548
1.33765
1.33986
1.34209
1.34434
1.3466
1.34887
1.35113
1.35337
1.3556
1.3578
1.35996
1.36207
1.36413
1.36614
1.36808
1.36994
1.37173
1.37343
1.37505
1.37657
1.37799
1.37931
1.38052
1.38162
1.38261
1.38349
1.38425
1.3849
1.38542
1.38584
1.38614
1.38632
1.38639
1.38635
1.38621
1.38596
1.38561
1.38516
1.38462
1.38399
1.38328
1.38249
1.38162
1.38069
1.37969
1.37862
1.37751
1.37634
1.37512
1.37386
1.37257
1.37124
1.36988
1.36849
1.36708
1.36564
1.36419
1.36272
1.36125
1.35975
1.35826
1.35675
1.35524
1.35373
1.35221
1.3507
1.34919
1.34769
1.3462
1.34472
1.34326
1.34181
1.34038
1.33898
1.33762
1.33628
1.33499
1.33375
1.33256
1.33143
1.33037
1.32938
1.32847
1.32766
1.32694
1.32633
1.32583
1.32546
1.32522
1.32512
1.32517
1.32538
1.32575
1.3263
1.32703
1.32794
1.32904
1.33034
1.33184
1.33355
1.33546
1.33758
1.33991
1.34245
1.34519
1.34814
1.35128
1.35463
1.35816
1.36188
1.36577
1.36983
1.37405
1.37841
1.38291
1.38754
1.39228
1.39711
1.40203
1.40702
1.41207
1.41716
1.42228
1.42741
1.43253
1.43764
1.44272
1.44774
1.45271
1.45759
1.46239
1.46708
1.47165
1.47609
1.48039
1.48453
1.4885
1.4923
1.4959
1.49931
1.50251
1.50549
1.50825
1.51077
1.51305
1.51508
1.51686
1.51838
1.51964
1.52063
1.52135
1.52178
1.52194
1.52182
1.52141
1.52071
1.51972
1.51845
1.51688
1.51502
1.51286
1.51041
1.50767
1.50464
1.50131
1.4977
1.4938
1.48961
1.48513
1.48038
1.47534
1.47003
1.46445
1.4586
1.45248
1.44611
1.43949
1.43262
1.42552
1.41818
1.41062
1.40284
1.39486
1.38669
1.37834
1.36981
1.36113
1.35231
1.34336
1.33429
1.32513
1.31589
1.30658
1.29724
1.28788
1.27851
1.26917
1.25987
1.25064
1.24151
1.23248
1.2236
1.21489
1.20636
1.19806
1.19
1.18221
1.17471
1.16753
1.1607
1.15424
1.14816
1.1425
1.13726
1.13248
1.12817
1.12434
1.121
1.11818
1.11586
1.11408
1.11281
1.11208
1.11188
1.11221
1.11306
1.11443
1.1163
1.11867
1.12152
1.12484
1.12861
1.13281
1.13743
1.14244
1.14783
1.15356
1.15963
1.16599
1.17264
1.17954
1.18668
1.19403
1.20156
1.20925
1.21708
1.22502
1.23306
1.24116
1.24931
1.2575
1.26568
1.27386
1.282
1.29009
1.29811
1.30605
1.31388
1.32159
1.32917
1.33659
1.34385
1.35093
1.35781
1.36449
1.37095
1.37718
1.38316
1.38889
1.39436
1.39956
1.40447
1.40909
1.41341
1.41742
1.42112
1.4245
1.42755
1.43027
1.43265
1.4347
1.4364
1.43775
1.43876
1.43942
1.43973
1.43969
1.43931
1.43858
1.43751
1.43609
1.43435
1.43227
1.42986
1.42714
1.42411
1.42077
1.41714
1.41322
1.40903
1.40457
1.39986
1.3949
1.38972
1.38431
1.37871
1.37291
1.36694
1.3608
1.35452
1.34811
1.34159
1.33497
1.32826
1.32148
1.31466
1.3078
1.30092
1.29404
1.28717
1.28033
1.27353
1.26679
1.26013
1.25356
1.24709
1.24073
1.23451
1.22842
1.22249
1.21673
1.21114
1.20573
1.20053
1.19552
1.19073
1.18616
1.18181
1.1777
1.17383
1.17019
1.1668
1.16366
1.16078
1.15814
1.15576
1.15363
1.15176
1.15014
1.14878
1.14766
1.14679
1.14617
1.14579
1.14565
1.14574
1.14605
1.1466
1.14736
1.14833
1.14951
1.15089
1.15246
1.15422
1.15616
1.15827
1.16055
1.16298
1.16556
1.16828
1.17114
1.17412
1.17722
1.18042
1.18373
1.18713
1.19062
1.19419
1.19782
1.20152
1.20527
1.20908
1.21292
1.21679
1.2207
1.22462
1.22856
1.23251
1.23647
1.24042
1.24437
1.24831
1.25223
1.25613
1.26002
1.26387
1.26771
1.2715
1.27527
1.279
1.2827
1.28636
1.28997
1.29355
1.29709
1.30058
1.30404
1.30744
1.31081
1.31413
1.31741
1.32065
1.32384
1.32698
1.33008
1.33314
1.33615
1.33911
1.34203
1.3449
1.34772
1.35049
1.35321
1.35588
1.35849
1.36105
1.36355
1.36598
1.36835
1.37066
1.3729
1.37506
1.37715
1.37915
1.38108
1.38292
1.38466
1.38632
1.38787
1.38932
1.39067
1.3919
1.39302
1.39403
1.39491
1.39566
1.39629
1.39678
1.39713
1.39734
1.39741
1.39733
1.39711
1.39673
1.3962
1.3955
1.39466
1.39364
1.39247
1.39114
1.38963
1.38797
1.38613
1.38413
1.38196
1.37963
1.37713
1.37446
1.37163
1.36863
1.36546
1.36214
1.35865
1.355
1.3512
1.34724
1.34313
1.33886
1.33444
1.32988
1.32517
1.32032
1.31533
1.31021
1.30495
1.29956
1.29404
1.2884
1.28264
1.27676
1.27076
1.26466
1.25845
1.25214
1.24572
1.23921
1.23261
1.22592
1.21915
1.2123
1.20538
1.19839
1.19133
1.18422
1.17705
1.16983
1.16257
1.15527
1.14795
1.1406
1.13323
1.12585
1.11848
1.11111
1.10375
1.09642
1.08912
1.08186
1.07465
1.0675
1.06043
1.05345
1.04655
1.03977
1.03311
1.02658
1.02019
1.01397
1.00792
1.00206
0.996408
0.990971
0.985768
0.980814
0.976124
0.971714
0.967599
0.963795
0.960316
0.957177
0.954392
0.951974
0.949938
0.948295
0.947058
0.946235
0.945839
0.945876
0.946354
0.94728
0.948658
0.950491
0.952782
0.955531
0.958738
0.962398
0.966509
0.971065
0.976058
0.981481
0.987322
0.993572
1.00022
1.00724
1.01463
1.02238
1.03045
1.03884
1.04753
1.05649
1.06571
1.07517
1.08484
1.0947
1.10474
1.11493
1.12524
1.13566
1.14616
1.15672
1.16732
1.17793
1.18854
1.19913
1.20967
1.22014
1.23052
1.24079
1.25093
1.26093
1.27076
1.28041
1.28987
1.2991
1.3081
1.31685
1.32535
1.33356
1.34149
1.34911
1.35642
1.3634
1.37005
1.37635
1.38229
1.38788
1.39309
1.39792
1.40237
1.40643
1.41009
1.41336
1.41622
1.41867
1.42072
1.42235
1.42358
1.42439
1.42479
1.42478
1.42436
1.42354
1.4223
1.42067
1.41863
1.4162
1.41338
1.41017
1.40658
1.40262
1.39829
1.39359
1.38854
1.38315
1.37741
1.37135
1.36497
1.35827
1.35128
1.344
1.33644
1.32861
1.32053
1.3122
1.30365
1.29489
1.28593
1.27678
1.26747
1.258
1.24841
1.23869
1.22888
1.219
1.20905
1.19906
1.18906
1.17907
1.1691
1.15918
1.14933
1.13958
1.12996
1.12048
1.11117
1.10206
1.09317
1.08453
1.07617
1.0681
1.06036
1.05296
1.04594
1.0393
1.03309
1.02731
1.02199
1.01714
1.01278
1.00893
1.00559
1.00278
1.00051
0.998774
0.997586
0.996944
0.996846
0.997289
0.998266
0.99977
1.00179
1.00431
1.00732
1.0108
1.01473
1.0191
1.02387
1.02903
1.03456
1.04043
1.04661
1.05307
1.0598
1.06676
1.07394
1.08129
1.0888
1.09644
1.10418
1.112
1.11987
1.12778
1.13569
1.14359
1.15145
1.15926
1.16698
1.17462
1.18213
1.18952
1.19676
1.20385
1.21075
1.21747
1.22399
1.23029
1.23638
1.24223
1.24785
1.25321
1.25833
1.26318
1.26777
1.27209
1.27613
1.2799
1.2834
1.28661
1.28955
1.2922
1.29457
1.29667
1.29849
1.30003
1.30131
1.30231
1.30305
1.30352
1.30374
1.30371
1.30343
1.3029
1.30214
1.30115
1.29993
1.2985
1.29686
1.29501
1.29296
1.29073
1.28831
1.28571
1.28295
1.28003
1.27696
1.27375
1.2704
1.26692
1.26332
1.25961
1.2558
1.2519
1.24791
1.24384
1.2397
1.2355
1.23125
1.22696
1.22262
1.21826
1.21388
1.20949
1.20509
1.2007
1.19631
1.19195
1.18761
1.18331
1.17904
1.17482
1.17066
1.16656
1.16252
1.15856
1.15467
1.15087
1.14715
1.14354
1.14002
1.1366
1.13329
1.1301
1.12702
1.12406
1.12122
1.1185
1.11591
1.11345
1.11112
1.10893
1.10686
1.10493
1.10314
1.10148
1.09995
1.09856
1.0973
1.09617
1.09518
1.09432
1.09358
1.09297
1.09248
1.09212
1.09188
1.09175
1.09174
1.09184
1.09205
1.09236
1.09278
1.0933
1.09391
1.09461
1.09541
1.09629
1.09726
1.0983
1.09942
1.10062
1.10188
1.10321
1.10461
1.10606
1.10757
1.10914
1.11076
1.11243
1.11414
1.1159
1.11769
1.11953
1.12139
1.1233
1.12523
1.12718
1.12916
1.13117
1.13319
1.13523
1.13729
1.13936
1.14144
1.14353
1.14562
1.14772
1.14982
1.15191
1.15401
1.1561
1.15818
1.16025
1.16231
1.16436
1.16639
1.1684
1.1704
1.17237
1.17432
1.17624
1.17813
1.18
1.18183
1.18363
1.18539
1.18711
1.1888
1.19045
1.19205
1.19361
1.19512
1.19659
1.19801
1.19938
1.20069
1.20196
1.20317
1.20432
1.20542
1.20647
1.20745
1.20838
1.20925
1.21006
1.21081
1.21149
1.21212
1.21268
1.21318
1.21362
1.214
1.21431
1.21456
1.21475
1.21488
1.21494
1.21494
1.21488
1.21476
1.21457
1.21433
1.21402
1.21365
1.21323
1.21274
1.21219
1.21158
1.21092
1.21019
1.20941
1.20856
1.20766
1.20671
1.20569
1.20462
1.20349
1.2023
1.20105
1.19975
1.19839
1.19697
1.19549
1.19396
1.19236
1.19071
1.189
1.18723
1.1854
1.18351
1.18155
1.17954
1.17747
1.17534
1.17314
1.17088
1.16856
1.16618
1.16374
1.16124
1.15867
1.15605
1.15336
1.15062
1.14781
1.14495
1.14204
1.13907
1.13604
1.13297
1.12985
1.12668
1.12347
1.12022
1.11693
1.11361
1.11026
1.10689
1.1035
1.10009
1.09668
1.09326
1.08984
1.08643
1.08304
1.07967
1.07633
1.07302
1.06975
1.06654
1.06339
1.0603
1.05729
1.05437
1.05153
1.0488
1.04618
1.04368
1.0413
1.03906
1.03696
1.03501
1.03323
1.03161
1.03016
1.0289
1.02782
1.02694
1.02626
1.02579
1.02552
1.02547
1.02563
1.02601
1.02662
1.02745
1.0285
1.02978
1.03128
1.033
1.03494
1.0371
1.03947
1.04205
1.04482
1.0478
1.05097
1.05432
1.05784
1.06153
1.06538
1.06938
1.07352
1.07778
1.08216
1.08665
1.09124
1.0959
1.10064
1.10544
1.11029
1.11517
1.12007
1.12498
1.12989
1.13479
1.13966
1.14449
1.14927
1.15398
1.15862
1.16318
1.16763
1.17198
1.17621
1.18031
1.18427
1.18807
1.19172
1.19521
1.19851
1.20163
1.20456
1.20728
1.2098
1.2121
1.21419
1.21604
1.21767
1.21906
1.22021
1.22112
1.22177
1.22218
1.22234
1.22224
1.22188
1.22127
1.2204
1.21927
1.21789
1.21625
1.21436
1.21221
1.20982
1.20719
1.20431
1.20119
1.19785
1.19427
1.19048
1.18647
1.18225
1.17783
1.17322
1.16843
1.16346
1.15833
1.15304
1.14761
1.14205
1.13636
1.13057
1.12467
1.1187
1.11265
1.10655
1.1004
1.09423
1.08804
1.08186
1.07569
1.06956
1.06348
1.05747
1.05154
1.04571
1.03999
1.03441
1.02898
1.02371
1.01862
1.01374
1.00906
1.00461
1.00041
0.996458
0.992778
0.989378
0.986272
0.98347
0.980981
0.978813
0.976975
0.975473
0.974311
0.973493
0.973023
0.972902
0.973128
0.973702
0.97462
0.975879
0.977473
0.979396
0.98164
0.984198
0.987058
0.990211
0.993644
0.997346
1.0013
1.0055
1.00993
1.01456
1.01939
1.02441
1.02959
1.03491
1.04037
1.04594
1.05161
1.05736
1.06318
1.06905
1.07495
1.08087
1.08679
1.09269
1.09857
1.10441
1.1102
1.11591
1.12154
1.12708
1.13251
1.13782
1.143
1.14804
1.15293
1.15766
1.16222
1.16661
1.1708
1.17481
1.17862
1.18222
1.1856
1.18877
1.19172
1.19444
1.19693
1.19918
1.2012
1.20297
1.2045
1.20579
1.20683
1.20762
1.20816
1.20845
1.2085
1.2083
1.20785
1.20715
1.20621
1.20503
1.2036
1.20194
1.20004
1.19791
1.19555
1.19297
1.19016
1.18713
1.18389
1.18045
1.1768
1.17295
1.1689
1.16467
1.16026
1.15567
1.15091
1.14599
1.14091
1.13568
1.13032
1.12481
1.11918
1.11343
1.10757
1.10161
1.09555
1.08941
1.08319
1.0769
1.07056
1.06416
1.05773
1.05128
1.0448
1.03832
1.03184
1.02537
1.01893
1.01253
1.00618
0.999883
0.993659
0.987519
0.981473
0.975534
0.969713
0.964023
0.958475
0.953081
0.947853
0.942801
0.937938
0.933274
0.92882
0.924586
0.920582
0.916819
0.913304
0.910046
0.907053
0.904332
0.901891
0.899734
0.897866
0.896293
0.895017
0.894041
0.893366
0.892994
0.892924
0.893156
0.893686
0.894514
0.895635
0.897044
0.898737
0.900706
0.902947
0.90545
0.908208
0.911212
0.914453
0.91792
0.921605
0.925495
0.92958
0.933849
0.93829
0.942892
0.947642
0.952529
0.957541
0.962665
0.967891
0.973206
0.978598
0.984057
0.98957
0.995127
1.00072
1.00633
1.01195
1.01758
1.02319
1.02879
1.03437
1.03991
1.0454
1.05085
1.05623
1.06155
1.0668
1.07197
1.07705
1.08205
1.08694
1.09174
1.09643
1.101
1.10547
1.10982
1.11405
1.11815
1.12213
1.12598
1.1297
1.13329
1.13675
1.14007
1.14326
1.14632
1.14924
1.15202
1.15467
1.15719
1.15957
1.16182
1.16394
1.16593
1.16779
1.16952
1.17113
1.17262
1.17398
1.17523
1.17636
1.17737
1.17827
1.17907
1.17976
1.18034
1.18083
1.18121
1.18151
1.18171
1.18182
1.18184
1.18179
1.18165
1.18144
1.18115
1.1808
1.18038
1.17989
1.17934
1.17873
1.17807
1.17735
1.17658
1.17576
1.1749
1.17399
1.17304
1.17206
1.17103
1.16997
1.16888
1.16775
1.16659
1.1654
1.16419
1.16294
1.16167
1.16037
1.15905
1.1577
1.15633
1.15493
1.15351
1.15206
1.15058
1.14908
1.14755
1.146
1.14441
1.1428
1.14116
1.13948
1.13777
1.13603
1.13426
1.13244
1.13059
1.1287
1.12677
1.1248
1.12278
1.12072
1.11862
1.11647
1.11427
1.11202
1.10972
1.10737
1.10497
1.10252
1.10002
1.09746
1.09485
1.09219
1.08948
1.08672
1.0839
1.08104
1.07813
1.07517
1.07217
1.06912
1.06603
1.06291
1.05974
1.05654
1.05346
1.04998
1.04668
1.04335
1.04
1.03664
1.03328
1.02992
1.02657
1.02323
1.0199
1.01659
1.0133
1.01004
1.00681
1.00362
1.00047
0.997376
0.994333
0.99135
0.988432
0.985583
0.982809
0.980115
0.977506
0.974985
0.972558
0.970229
0.968002
0.965881
0.963869
0.96197
0.960188
0.958525
0.956983
0.955567
0.954277
0.953115
0.952084
0.951183
0.950415
0.949779
0.949275
0.948904
0.948664
0.948555
0.948575
0.948724
0.948998
0.949396
0.949915
0.950553
0.951307
0.952173
0.953148
0.954228
0.95541
0.956689
0.958061
0.959522
0.961067
0.962691
0.964389
0.966157
0.967988
0.96988
0.971825
0.973819
0.975856
0.977932
0.980041
0.982178
0.984337
0.986513
0.988702
0.990898
0.993096
0.995292
0.99748
0.999656
1.00181
1.00395
1.00607
1.00815
1.0102
1.01221
1.01418
1.01611
1.01798
1.01981
1.02158
1.0233
1.02496
1.02656
1.02809
1.02956
1.03096
1.0323
1.03357
1.03476
1.03589
1.03695
1.03793
1.03885
1.03969
1.04047
1.04117
1.04181
1.04237
1.04287
1.04331
1.04368
1.04399
1.04424
1.04443
1.04456
1.04464
1.04467
1.04465
1.04458
1.04447
1.04432
1.04413
1.0439
1.04364
1.04335
1.04303
1.04269
1.04233
1.04195
1.04155
1.04115
1.04074
1.04032
1.0399
1.03947
1.03906
1.03864
1.03824
1.03785
1.03747
1.03711
1.03677
1.03644
1.03614
1.03587
1.03562
1.0354
1.03521
1.03505
1.03492
1.03482
1.03476
1.03473
1.03474
1.03479
1.03487
1.03498
1.03513
1.03532
1.03554
1.0358
1.03609
1.03642
1.03677
1.03716
1.03758
1.03803
1.03851
1.03901
1.03953
1.04008
1.04065
1.04124
1.04184
1.04246
1.04309
1.04372
1.04437
1.04502
1.04567
1.04633
1.04697
1.04762
1.04825
1.04888
1.04949
1.05008
1.05065
1.0512
1.05173
1.05223
1.0527
1.05314
1.05354
1.0539
1.05422
1.0545
1.05473
1.05491
1.05505
1.05513
1.05515
1.05512
1.05503
1.05488
1.05467
1.05439
1.05405
1.05364
1.05316
1.05262
1.052
1.05131
1.05055
1.04972
1.04881
1.04783
1.04678
1.04566
1.04446
1.04319
1.04185
1.04043
1.03895
1.0374
1.03578
1.03409
1.03234
1.03053
1.02865
1.02672
1.02473
1.02268
1.02058
1.01844
1.01625
1.01401
1.01174
1.00943
1.00709
1.00472
1.00233
0.999911
0.997479
0.995035
0.992583
0.990128
0.987674
0.985227
0.98279
0.980369
0.977968
0.975594
0.97325
0.970941
0.968674
0.966453
0.964282
0.962168
0.960115
0.958128
0.956211
0.954371
0.95261
0.950934
0.949348
0.947855
0.946459
0.945164
0.943974
0.942892
0.941922
0.941065
0.940325
0.939704
0.939204
0.938826
0.938571
0.938441
0.938436
0.938555
0.9388
0.939168
0.93966
0.940274
0.941007
0.941858
0.942824
0.943902
0.945088
0.94638
0.947772
0.949261
0.950841
0.952508
0.954256
0.956079
0.957971
0.959926
0.961938
0.964
0.966104
0.968245
0.970414
0.972605
0.974809
0.97702
0.97923
0.98143
0.983614
0.985773
0.9879
0.989988
0.992029
0.994014
0.995938
0.997792
0.999569
1.00126
1.00287
1.00437
1.00577
1.00707
1.00824
1.0093
1.01022
1.01102
1.01167
1.01219
1.01255
1.01277
1.01282
1.01272
1.01246
1.01203
1.01144
1.01067
1.00973
1.00862
1.00733
1.00586
1.00422
1.0024
1.0004
0.998221
0.995868
0.993339
0.990637
0.987762
0.984716
0.981503
0.978125
0.974584
0.970886
0.967032
0.963029
0.958879
0.954588
0.950162
0.945605
0.940924
0.936125
0.931215
0.9262
0.921088
0.915885
0.910601
0.905243
0.89982
0.894341
0.888814
0.883249
0.877656
0.872044
0.866425
0.860807
0.855203
0.849622
0.844077
0.838578
0.833137
0.827765
0.822474
0.817276
0.812182
0.807206
0.802357
0.797649
0.793093
0.788701
0.784484
0.780452
0.776618
0.772992
0.769584
0.766403
0.76346
0.760763
0.75832
0.756138
0.754226
0.752589
0.751232
0.750161
0.749378
0.748888
0.748693
0.748793
0.74919
0.749883
0.75087
0.752149
0.753718
0.755572
0.757707
0.760118
0.762798
0.76574
0.768937
0.772381
0.776063
0.779974
0.784105
0.788445
0.792985
0.797713
0.802619
0.807692
0.81292
0.818293
0.823799
0.829427
0.835164
0.841001
0.846926
0.852927
0.858994
0.865115
0.871281
0.87748
0.883703
0.88994
0.89618
0.902414
0.908633
0.914828
0.92099
0.92711
0.933181
0.939194
0.945143
0.951019
0.956815
0.962525
0.968143
0.973661
0.979074
0.984377
0.989563
0.994629
0.999568
1.00438
1.00905
1.01358
1.01797
1.02222
1.02631
1.03025
1.03403
1.03765
1.04111
1.0444
1.04753
1.05049
1.05328
1.05589
1.05833
1.06059
1.06268
1.06459
1.06632
1.06787
1.06924
1.07043
1.07144
1.07227
1.07291
1.07338
1.07366
1.07376
1.07369
1.07343
1.073
1.07238
1.07159
1.07063
1.06949
1.06818
1.06669
1.06504
1.06321
1.06122
1.05907
1.05675
1.05428
1.05164
1.04886
1.04591
1.04282
1.03959
1.0362
1.03268
1.02902
1.02523
1.02131
1.01726
1.01309
1.0088
1.0044
0.999889
0.995273
0.990557
0.985745
0.980844
0.975858
0.970792
0.965652
0.960444
0.955174
0.949846
0.944469
0.939047
0.933587
0.928096
0.922581
0.917047
0.911503
0.905956
0.900411
0.894877
0.889362
0.883872
0.878415
0.872998
0.86763
0.862317
0.857069
0.851891
0.846793
0.841781
0.836864
0.832049
0.827343
0.822755
0.81829
0.813957
0.809762
0.805712
0.801814
0.798074
0.794498
0.791092
0.787862
0.784813
0.781949
0.779276
0.776796
0.774515
0.772435
0.77056
0.768891
0.767431
0.766181
0.765142
0.764315
0.7637
0.763296
0.763103
0.76312
0.763344
0.763774
0.764406
0.765238
0.766266
0.767486
0.768895
0.770486
0.772257
0.7742
0.776311
0.778585
0.781014
0.783593
0.786315
0.789174
0.792163
0.795275
0.798503
0.80184
0.80528
0.808815
0.812437
0.816141
0.819918
0.823761
0.827664
0.83162
0.835621
0.839661
0.843734
0.847831
0.851947
0.856076
0.860211
0.864345
0.868473
0.87259
0.876688
0.880762
0.884808
0.888818
0.892789
0.896715
0.900592
0.904413
0.908175
0.911873
0.915503
0.91906
0.922541
0.925941
0.929256
0.932483
0.935619
0.938659
0.9416
0.944439
0.947174
0.949801
0.952317
0.95472
0.957006
0.959174
0.961221
0.963145
0.964944
0.966615
0.968157
0.969567
0.970845
0.971988
0.972995
0.973864
0.974594
0.975185
0.975634
0.97594
0.976104
0.976124
0.975999
0.975729
0.975313
0.974751
0.974042
0.973187
0.972186
0.971037
0.969743
0.968303
0.966717
0.964986
0.963112
0.961094
0.958933
0.956632
0.954191
0.951611
0.948895
0.946044
0.94306
0.939945
0.936702
0.933333
0.92984
0.926228
0.922498
0.918654
0.9147
0.910639
0.906476
0.902214
0.897858
0.893413
0.888883
0.884275
0.879592
0.874842
0.870029
0.865161
0.860243
0.855283
0.850287
0.845263
0.840218
0.83516
0.830097
0.825038
0.819991
0.814965
0.809969
0.805013
0.800106
0.795257
0.790478
0.785777
0.781164
0.776652
0.772249
0.767966
0.763814
0.759804
0.755945
0.752248
0.748724
0.745382
0.742233
0.739285
0.736549
0.734033
0.731746
0.729695
0.727889
0.726334
0.725037
0.724003
0.723238
0.722746
0.722529
0.722592
0.722937
0.723563
0.724473
0.725664
0.727136
0.728887
0.730914
0.733213
0.735779
0.738608
0.741693
0.745027
0.748604
0.752415
0.756452
0.760707
0.765169
0.769829
0.774677
0.779702
0.784893
0.790241
0.795732
0.801357
0.807103
0.81296
0.818915
0.824958
0.831076
0.837258
0.843494
0.849771
0.856078
0.862405
0.868741
0.875075
0.881396
0.887695
0.893961
0.900184
0.906356
0.912466
0.918505
0.924466
0.930338
0.936114
0.941786
0.947346
0.952786
0.958099
0.963279
0.968318
0.97321
0.977949
0.982529
0.986944
0.99119
0.99526
0.99915
1.00286
1.00637
1.0097
1.01283
1.01575
1.01848
1.021
1.02331
1.02541
1.02729
1.02897
1.03042
1.03165
1.03267
1.03347
1.03404
1.03439
1.03453
1.03444
1.03412
1.03359
1.03284
1.03187
1.03068
1.02928
1.02766
1.02583
1.02379
1.02154
1.01909
1.01643
1.01358
1.01053
1.00729
1.00386
1.00024
0.99645
0.99248
0.988339
0.984033
0.979565
0.974942
0.970168
0.96525
0.960193
0.955004
0.949688
0.944253
0.938704
0.93305
0.927296
0.92145
0.91552
0.909513
0.903437
0.897299
0.891109
0.884874
0.878602
0.872302
0.865983
0.859653
0.853322
0.846998
0.840691
0.834409
0.828162
0.821959
0.81581
0.809723
0.803709
0.797776
0.791934
0.786192
0.780558
0.775043
0.769655
0.764402
0.759293
0.754337
0.749541
0.744913
0.740461
0.736192
0.732112
0.728227
0.724545
0.721069
0.717805
0.714758
0.71193
0.709327
0.706949
0.7048
0.702882
0.701194
0.699737
0.698511
0.697515
0.696748
0.696208
0.695891
0.695795
0.695915
0.696248
0.696788
0.69753
0.698469
0.699598
0.700911
0.702401
0.70406
0.705882
0.707857
0.70998
0.71224
0.714631
0.717143
0.719769
0.7225
0.725327
0.728242
0.731237
0.734302
0.73743
0.740613
0.743842
0.74711
0.750408
0.753729
0.757066
0.760411
0.763757
0.767097
0.770425
0.773733
0.777017
0.780269
0.783484
0.786656
0.789781
0.792852
0.795866
0.798817
0.801701
0.804514
0.807252
0.809912
0.81249
0.814982
0.817387
0.8197
0.82192
0.824044
0.826071
0.827998
0.829824
0.831547
0.833167
0.834682
0.836091
0.837395
0.838592
0.839682
0.840666
0.841544
0.842316
0.842983
0.843545
0.844004
0.84436
0.844616
0.844772
0.84483
0.844793
0.844661
0.844437
0.844124
0.843723
0.843238
0.842671
0.842025
0.841302
0.840506
0.83964
0.838707
0.83771
0.836654
0.835541
0.834375
0.83316
0.831899
0.830596
0.829256
0.827881
0.826476
0.825045
0.823592
0.822121
0.820635
0.819138
0.817635
0.81613
0.814626
0.813127
0.811636
0.810159
0.808697
0.807255
0.805837
0.804445
0.803084
0.801755
0.800463
0.79921
0.797999
0.796832
0.795713
0.794644
0.793627
0.792664
0.791758
0.790909
0.79012
0.789393
0.788728
0.788127
0.78759
0.78712
0.786716
0.786379
0.786109
0.785907
0.785773
0.785707
0.785709
0.785778
0.785914
0.786116
0.786384
0.786717
0.787114
0.787574
0.788096
0.788678
0.789321
0.790021
0.790779
0.791591
0.792458
0.793377
0.794346
0.795365
0.796431
0.797542
0.798698
0.799896
0.801134
0.802411
0.803725
0.805074
0.806456
0.807871
0.809315
0.810788
0.812288
0.813812
0.81536
0.81693
0.81852
0.820129
0.821754
0.823396
0.825051
0.826719
0.828398
0.830087
0.831785
0.83349
0.8352
0.836915
0.838633
0.840353
0.842074
0.843794
0.845512
0.847228
0.848939
0.850644
0.852343
0.854035
0.855717
0.857389
0.85905
0.860698
0.862332
0.863952
0.865555
0.867141
0.868709
0.870256
0.871783
0.873287
0.874767
0.876222
0.877652
0.879053
0.880425
0.881767
0.883077
0.884354
0.885596
0.886802
0.887971
0.8891
0.890189
0.891235
0.892238
0.893195
0.894106
0.894968
0.89578
0.89654
0.897247
0.8979
0.898496
0.899034
0.899512
0.899929
0.900283
0.900573
0.900797
0.900953
0.901041
0.901058
0.901003
0.900875
0.900672
0.900394
0.900037
0.899602
0.899088
0.898492
0.897814
0.897054
0.896209
0.895279
0.894263
0.893161
0.891971
0.890694
0.889328
0.887874
0.88633
0.884698
0.882975
0.881164
0.879263
0.877273
0.875194
0.873027
0.870773
0.868431
0.866003
0.863489
0.860892
0.858211
0.855449
0.852607
0.849686
0.846689
0.843616
0.840472
0.837257
0.833974
0.830625
0.827214
0.823743
0.820215
0.816633
0.813002
0.809323
0.805601
0.80184
0.798044
0.794216
0.790361
0.786484
0.782589
0.77868
0.774763
0.770842
0.766923
0.763011
0.75911
0.755228
0.751368
0.747538
0.743741
0.739985
0.736275
0.732617
0.729017
0.725481
0.722015
0.718624
0.715315
0.712093
0.708965
0.705936
0.703012
0.700197
0.697499
0.694921
0.69247
0.690149
0.687964
0.685918
0.684017
0.682263
0.680662
0.679215
0.677926
0.676797
0.675831
0.67503
0.674395
0.673928
0.673629
0.673498
0.673537
0.673743
0.674117
0.674657
0.675362
0.67623
0.677259
0.678445
0.679786
0.681279
0.68292
0.684705
0.686629
0.688689
0.69088
0.693197
0.695634
0.698187
0.700849
0.703616
0.706482
0.70944
0.712485
0.715612
0.718813
0.722083
0.725417
0.728807
0.732248
0.735734
0.73926
0.742818
0.746405
0.750013
0.753637
0.757273
0.760914
0.764555
0.768191
0.771818
0.775431
0.779024
0.782594
0.786135
0.789645
0.793119
0.796553
0.799943
0.803286
0.806578
0.809818
0.813
0.816124
0.819186
0.822183
0.825114
0.827976
0.830767
0.833486
0.836131
0.838701
0.841194
0.84361
0.845947
0.848204
0.850381
0.852478
0.854494
0.856429
0.858283
0.860055
0.861747
0.863358
0.864889
0.866341
0.867714
0.869008
0.870226
0.871367
0.872434
0.873426
0.874345
0.875194
0.875972
0.876682
0.877324
0.877902
0.878415
0.878866
0.879257
0.879589
0.879864
0.880084
0.880251
0.880366
0.880431
0.880448
0.880419
0.880345
0.880228
0.880071
0.879874
0.87964
0.879369
0.879064
0.878726
0.878356
0.877956
0.877528
0.877072
0.876589
0.876081
0.875549
0.874994
0.874416
0.873817
0.873196
0.872556
0.871895
0.871216
0.870517
0.869799
0.869063
0.868307
0.867534
0.866741
0.865929
0.865098
0.864247
0.863376
0.862483
0.86157
0.860633
0.859674
0.858691
0.857683
0.856648
0.855587
0.854498
0.853379
0.85223
0.851049
0.849835
0.848586
0.847302
0.845981
0.844621
0.843222
0.841782
0.840299
0.838773
0.837201
0.835583
0.833918
0.832205
0.830441
0.828627
0.826761
0.824842
0.82287
0.820844
0.818762
0.816625
0.814432
0.812183
0.809877
0.807515
0.805096
0.80262
0.800088
0.797501
0.794858
0.792161
0.789411
0.786609
0.783755
0.780852
0.777901
0.774904
0.771863
0.76878
0.765657
0.762498
0.759304
0.75608
0.752827
0.749551
0.746253
0.742938
0.739611
0.736274
0.732934
0.729594
0.726259
0.722934
0.719624
0.716335
0.713073
0.709842
0.706649
0.703501
0.700401
0.697358
0.694378
0.691466
0.688629
0.685874
0.683207
0.680635
0.678164
0.675801
0.673551
0.671422
0.669418
0.667547
0.665815
0.664225
0.662785
0.661498
0.66037
0.659406
0.658608
0.657982
0.657529
0.657254
0.657159
0.657245
0.657515
0.657969
0.658607
0.659431
0.660439
0.66163
0.663004
0.664558
0.666289
0.668195
0.670273
0.672518
0.674927
0.677494
0.680215
0.683083
0.686094
0.689241
0.692518
0.695917
0.699433
0.703056
0.706782
0.7106
0.714505
0.718487
0.72254
0.726654
0.730823
0.735037
0.739288
0.743568
0.74787
0.752185
0.756504
0.76082
0.765125
0.769412
0.773671
0.777897
0.78208
0.786214
0.790293
0.794307
0.798252
0.802119
0.805903
0.809597
0.813195
0.816691
0.820079
0.823353
0.826509
0.829541
0.832443
0.835212
0.837843
0.840331
0.842673
0.844864
0.846901
0.84878
0.850498
0.852053
0.853441
0.85466
0.855708
0.856582
0.857282
0.857804
0.858149
0.858314
0.8583
0.858105
0.857729
0.857172
0.856434
0.855516
0.854417
0.853139
0.851683
0.850051
0.848243
0.846261
0.844109
0.841787
0.839298
0.836646
0.833834
0.830863
0.827739
0.824465
0.821045
0.817483
0.813783
0.809951
0.805992
0.80191
0.797711
0.793402
0.788987
0.784473
0.779867
0.775175
0.770404
0.765561
0.760653
0.755689
0.750676
0.745622
0.740535
0.735423
0.730295
0.725161
0.720027
0.714905
0.709802
0.704729
0.699694
0.694707
0.689778
0.684916
0.680131
0.675432
0.67083
0.666332
0.66195
0.657692
0.653567
0.649584
0.645753
0.642081
0.638576
0.635247
0.6321
0.629143
0.626383
0.623824
0.621474
0.619336
0.617415
0.615716
0.61424
0.612991
0.61197
0.611178
0.610616
0.610284
0.61018
0.610304
0.610652
0.611222
0.612011
0.613013
0.614226
0.615642
0.617257
0.619065
0.621058
0.62323
0.625574
0.628081
0.630744
0.633555
0.636506
0.639588
0.642792
0.646111
0.649535
0.653055
0.656663
0.660351
0.66411
0.667932
0.671807
0.675729
0.679689
0.683679
0.687692
0.69172
0.695755
0.699792
0.703823
0.707841
0.711841
0.715816
0.719759
0.723666
0.727532
0.73135
0.735115
0.738825
0.742472
0.746055
0.749567
0.753006
0.756369
0.75965
0.762849
0.765961
0.768983
0.771914
0.77475
0.777491
0.780132
0.782674
0.785114
0.78745
0.789682
0.791808
0.793828
0.79574
0.797543
0.799237
0.800822
0.802298
0.803663
0.804919
0.806064
0.8071
0.808026
0.808843
0.809551
0.810151
0.810644
0.811029
0.811308
0.811481
0.811551
0.811516
0.81138
0.811142
0.810804
0.810366
0.809832
0.8092
0.808474
0.807654
0.806742
0.805739
0.804646
0.803466
0.8022
0.800849
0.799415
0.7979
0.796306
0.794633
0.792885
0.791061
0.789166
0.787199
0.785164
0.783061
0.780894
0.778663
0.77637
0.774019
0.77161
0.769145
0.766628
0.764059
0.761442
0.758778
0.756069
0.753318
0.750527
0.747699
0.744836
0.74194
0.739014
0.73606
0.733082
0.730082
0.727063
0.724027
0.720978
0.717919
0.714852
0.711782
0.70871
0.705642
0.702579
0.699526
0.696486
0.693463
0.690461
0.687483
0.684534
0.681618
0.678738
0.6759
0.673107
0.670363
0.667674
0.665044
0.662477
0.659978
0.657551
0.655202
0.652934
0.650754
0.648665
0.646673
0.644781
0.642995
0.64132
0.639759
0.638318
0.637
0.635811
0.634754
0.633833
0.633052
0.632414
0.631924
0.631584
0.631397
0.631366
0.631494
0.631782
0.632233
0.632848
0.633628
0.634574
0.635687
0.636967
0.638414
0.640028
0.641807
0.643751
0.645857
0.648125
0.650551
0.653134
0.65587
0.658757
0.661789
0.664965
0.66828
0.671728
0.675306
0.679009
0.682832
0.686769
0.690814
0.694962
0.699207
0.703543
0.707963
0.712462
0.717033
0.721668
0.726362
0.731108
0.735899
0.740727
0.745588
0.750472
0.755374
0.760286
0.765202
0.770114
0.775017
0.779902
0.784764
0.789595
0.794389
0.799139
0.803838
0.808481
0.813061
0.817571
0.822006
0.826358
0.830623
0.834794
0.838866
0.842833
0.846689
0.850428
0.854047
0.857539
0.8609
0.864124
0.867207
0.870144
0.872931
0.875564
0.878038
0.880349
0.882494
0.884468
0.886269
0.887893
0.889337
0.890598
0.891672
0.892558
0.893252
0.893754
0.894059
0.894167
0.894075
0.893783
0.893288
0.89259
0.891687
0.890579
0.889265
0.887745
0.886019
0.884086
0.881947
0.879602
0.877052
0.874297
0.87134
0.868181
0.864822
0.861264
0.857509
0.853561
0.84942
0.845091
0.840575
0.835877
0.830999
0.825945
0.82072
0.815328
0.809772
0.804059
0.798192
0.792178
0.786022
0.77973
0.773308
0.766763
0.760102
0.753332
0.746461
0.739496
0.732446
0.725319
0.718125
0.710872
0.703571
0.696231
0.688863
0.681477
0.674086
0.6667
0.659332
0.651994
0.644699
0.637459
0.63029
0.623203
0.616215
0.609338
0.602589
0.595981
0.589532
0.583255
0.577166
0.571282
0.565617
0.560188
0.555009
0.550096
0.545464
0.541126
0.537096
0.533388
0.530013
0.526983
0.524308
0.521998
0.520059
0.518498
0.517322
0.516532
0.516133
0.516124
0.516504
0.517272
0.518423
0.519952
0.521853
0.524117
0.526736
0.529698
0.532993
0.536609
0.540532
0.544749
0.549245
0.554005
0.559016
0.564261
0.569724
0.575391
0.581246
0.587274
0.593459
0.599785
0.60624
0.612807
0.619472
0.626223
0.633044
0.639924
0.646849
0.653807
0.660787
0.667777
0.674765
0.681741
0.688696
0.695619
0.7025
0.709332
0.716105
0.722811
0.729443
0.735993
0.742453
0.748818
0.75508
0.761235
0.767275
0.773196
0.778993
0.784661
0.790195
0.795592
0.800847
0.805957
0.810919
0.815729
0.820385
0.824884
0.829224
0.833403
0.83742
0.841271
0.844957
0.848476
0.851827
0.85501
0.858024
0.860868
0.863543
0.866049
0.868387
0.870555
0.872556
0.874391
0.876059
0.877563
0.878904
0.880083
0.881103
0.881964
0.882669
0.88322
0.883619
0.883869
0.883972
0.883931
0.883749
0.883428
0.882972
0.882384
0.881666
0.880822
0.879857
0.878772
0.877571
0.876259
0.874839
0.873315
0.87169
0.869968
0.868153
0.86625
0.864262
0.862193
0.860047
0.857828
0.85554
0.853187
0.850774
0.848304
0.845781
0.843209
0.840592
0.837934
0.835239
0.83251
0.829751
0.826966
0.824159
0.821333
0.818491
0.815636
0.812773
0.809903
0.80703
0.804158
0.801288
0.798423
0.795566
0.79272
0.789886
0.787067
0.784265
0.781482
0.778719
0.775978
0.77326
0.770568
0.767901
0.765261
0.76265
0.760067
0.757514
0.754991
0.752498
0.750036
0.747604
0.745204
0.742834
0.740494
0.738185
0.735906
0.733656
0.731435
0.729242
0.727077
0.724939
0.722827
0.720739
0.718677
0.716637
0.71462
0.712625
0.71065
0.708695
0.706758
0.70484
0.702938
0.701052
0.699181
0.697324
0.695481
0.693651
0.691833
0.690026
0.688231
0.686446
0.684672
0.682908
0.681154
0.67941
0.677676
0.675952
0.674238
0.672535
0.670843
0.669162
0.667494
0.665838
0.664197
0.66257
0.660959
0.659364
0.657788
0.656232
0.654696
0.653182
0.651693
0.650229
0.648792
0.647385
0.646008
0.644664
0.643355
0.642082
0.640848
0.639655
0.638505
0.637399
0.63634
0.635329
0.634369
0.633462
0.63261
0.631813
0.631075
0.630396
0.629779
0.629225
0.628734
0.62831
0.627952
0.627663
0.627442
0.627291
0.62721
0.627199
0.62726
0.627393
0.627597
0.627872
0.628218
0.628635
0.629121
0.629677
0.630301
0.630992
0.631749
0.63257
0.633454
0.634399
0.635403
0.636464
0.637579
0.638747
0.639966
0.641232
0.642542
0.643895
0.645287
0.646716
0.648178
0.64967
0.651189
0.652733
0.654297
0.655879
0.657475
0.659082
0.660697
0.662316
0.663937
0.665556
0.667169
0.668775
0.670369
0.671949
0.673511
0.675053
0.676572
0.678065
0.679529
0.680962
0.682362
0.683725
0.68505
0.686335
0.687577
0.688775
0.689926
0.69103
0.692084
0.693087
0.694037
0.694935
0.695777
0.696565
0.697296
0.697971
0.698589
0.699149
0.699652
0.700097
0.700485
0.700815
0.701089
0.701306
0.701467
0.701573
0.701626
0.701625
0.701573
0.701471
0.701319
0.70112
0.700875
0.700587
0.700256
0.699885
0.699477
0.699032
0.698554
0.698045
0.697507
0.696944
0.696356
0.695748
0.695121
0.694479
0.693825
0.69316
0.692489
0.691813
0.691136
0.690461
0.68979
0.689126
0.688473
0.687833
0.687208
0.686602
0.686018
0.685457
0.684922
0.684417
0.683942
0.683502
0.683097
0.68273
0.682403
0.682117
0.681875
0.681679
0.681529
0.681427
0.681375
0.681372
0.681421
0.681523
0.681677
0.681884
0.682145
0.682459
0.682828
0.68325
0.683725
0.684254
0.684834
0.685467
0.686151
0.686884
0.687666
0.688496
0.689372
0.690293
0.691257
0.692262
0.693308
0.694391
0.69551
0.696662
0.697847
0.699061
0.700303
0.70157
0.70286
0.70417
0.705499
0.706843
0.7082
0.709569
0.710946
0.712329
0.713716
0.715104
0.716491
0.717875
0.719252
0.720622
0.721982
0.72333
0.724663
0.725979
0.727276
0.728553
0.729808
0.731038
0.732242
0.733417
0.734564
0.735679
0.736762
0.73781
0.738823
0.7398
0.740739
0.741638
0.742498
0.743316
0.744093
0.744827
0.745517
0.746164
0.746765
0.747321
0.747832
0.748296
0.748714
0.749085
0.749409
0.749686
0.749916
0.750098
0.750234
0.750322
0.750364
0.750358
0.750306
0.750208
0.750063
0.749873
0.749637
0.749357
0.749032
0.748662
0.748249
0.747793
0.747294
0.746753
0.746171
0.745547
0.744882
0.744178
0.743433
0.74265
0.741828
0.740968
0.74007
0.739136
0.738165
0.737157
0.736114
0.735036
0.733922
0.732774
0.731592
0.730376
0.729126
0.727843
0.726527
0.725178
0.723797
0.722382
0.720936
0.719457
0.717946
0.716402
0.714827
0.713219
0.711579
0.709907
0.708203
0.706466
0.704697
0.702895
0.701061
0.699194
0.697294
0.69536
0.693394
0.691393
0.68936
0.687293
0.685192
0.683057
0.680888
0.678685
0.676449
0.674178
0.671873
0.669535
0.667163
0.664757
0.662318
0.659846
0.657342
0.654805
0.652237
0.649638
0.647009
0.64435
0.641662
0.638947
0.636205
0.633438
0.630646
0.627832
0.624997
0.622143
0.61927
0.616382
0.613481
0.610568
0.607647
0.604719
0.601787
0.598854
0.595924
0.592999
0.590083
0.587179
0.584292
0.581424
0.57858
0.575764
0.57298
0.570233
0.567528
0.564869
0.562262
0.559711
0.557222
0.554799
0.552449
0.550177
0.547988
0.545888
0.543883
0.541979
0.540181
0.538495
0.536927
0.535482
0.534166
0.532984
0.531942
0.531044
0.530297
0.529704
0.529269
0.528999
0.528895
0.528962
0.529204
0.529622
0.530221
0.531001
0.531966
0.533115
0.534451
0.535973
0.537682
0.539577
0.541657
0.543922
0.54637
0.548998
0.551803
0.554784
0.557936
0.561256
0.56474
0.568383
0.57218
0.576128
0.580219
0.584449
0.588812
0.593302
0.597913
0.602637
0.60747
0.612403
0.617431
0.622546
0.627742
0.633011
0.638346
0.643741
0.649188
0.65468
0.66021
0.665771
0.671356
0.676958
0.682571
0.688186
0.693797
0.699399
0.704983
0.710543
0.716074
0.721568
0.727019
0.732421
0.737768
0.743055
0.748274
0.753421
0.758491
0.763476
0.768373
0.773175
0.777879
0.782478
0.786968
0.791345
0.795603
0.799739
0.803748
0.807626
0.811369
0.814974
0.818435
0.821751
0.824918
0.827931
0.830789
0.833489
0.836026
0.8384
0.840607
0.842645
0.844512
0.846206
0.847724
0.849066
0.85023
0.851214
0.852017
0.852638
0.853077
0.853331
0.853402
0.853288
0.852989
0.852506
0.851838
0.850985
0.849948
0.848728
0.847326
0.845741
0.843977
0.842033
0.839911
0.837613
0.835142
0.832498
0.829684
0.826703
0.823557
0.820249
0.816781
0.813158
0.809382
0.805456
0.801385
0.797173
0.792823
0.78834
0.783728
0.778992
0.774138
0.769169
0.764091
0.758911
0.753633
0.748263
0.742808
0.737273
0.731667
0.725994
0.720262
0.714479
0.708651
0.702787
0.696893
0.690979
0.685052
0.67912
0.673192
0.667277
0.661383
0.655521
0.649698
0.643925
0.63821
0.632564
0.626996
0.621516
0.616133
0.610858
0.605701
0.60067
0.595777
0.59103
0.586439
0.582014
0.577763
0.573695
0.56982
0.566145
0.562678
0.559426
0.556397
0.553596
0.55103
0.548704
0.546622
0.544788
0.543205
0.541876
0.540803
0.539985
0.539424
0.539118
0.539066
0.539266
0.539714
0.540408
0.541342
0.542511
0.54391
0.545532
0.54737
0.549417
0.551665
0.554106
0.55673
0.55953
0.562496
0.565618
0.568887
0.572293
0.575826
0.579477
0.583235
0.587091
0.591035
0.595058
0.599149
0.603299
0.607499
0.611739
0.616012
0.620307
0.624617
0.628933
0.633246
0.63755
0.641836
0.646097
0.650325
0.654514
0.658657
0.662748
0.666779
0.670746
0.674643
0.678463
0.682202
0.685855
0.689416
0.692881
0.696246
0.699506
0.702658
0.705698
0.708621
0.711426
0.714108
0.716665
0.719094
0.721392
0.723557
0.725586
0.727479
0.729232
0.730845
0.732315
0.733641
0.734822
0.735858
0.736747
0.737488
0.738082
0.738527
0.738823
0.738971
0.738971
0.738822
0.738525
0.73808
0.737489
0.736751
0.735869
0.734842
0.733673
0.732362
0.730911
0.729322
0.727596
0.725736
0.723742
0.721618
0.719366
0.716988
0.714486
0.711863
0.709123
0.706267
0.7033
0.700223
0.697041
0.693757
0.690375
0.686897
0.683328
0.679673
0.675934
0.672116
0.668224
0.664262
0.660234
0.656145
0.652
0.647805
0.643563
0.63928
0.634963
0.630615
0.626242
0.621852
0.617448
0.613037
0.608625
0.604219
0.599824
0.595446
0.591093
0.586771
0.582486
0.578245
0.574054
0.569921
0.565853
0.561855
0.557935
0.554101
0.550358
0.546713
0.543173
0.539745
0.536436
0.533251
0.530198
0.527282
0.524509
0.521885
0.519416
0.517106
0.514962
0.512986
0.511185
0.509561
0.508118
0.50686
0.50579
0.504909
0.50422
0.503723
0.503421
0.503314
0.503401
0.503682
0.504157
0.504824
0.505682
0.506727
0.507958
0.509371
0.510963
0.512731
0.514669
0.516775
0.519042
0.521465
0.524041
0.526762
0.529623
0.532619
0.535744
0.538991
0.542353
0.545826
0.549401
0.553074
0.556837
0.560684
0.564609
0.568604
0.572665
0.576784
0.580955
0.585172
0.589428
0.593719
0.598037
0.602377
0.606733
0.6111
0.615472
0.619843
0.624208
0.628563
0.632901
0.637218
0.641509
0.64577
0.649995
0.65418
0.658321
0.662413
0.666453
0.670436
0.674358
0.678216
0.682006
0.685723
0.689365
0.692928
0.696409
0.699805
0.703113
0.706329
0.709451
0.712475
0.7154
0.718223
0.72094
0.723551
0.726052
0.728441
0.730716
0.732876
0.734917
0.73684
0.73864
0.740318
0.741872
0.743299
0.744599
0.745771
0.746813
0.747725
0.748504
0.749152
0.749666
0.750046
0.750291
0.750402
0.750377
0.750217
0.749922
0.74949
0.748923
0.748221
0.747383
0.74641
0.745304
0.744063
0.74269
0.741185
0.739548
0.737782
0.735887
0.733864
0.731715
0.729442
0.727047
0.72453
0.721894
0.719142
0.716275
0.713296
0.710208
0.707012
0.703712
0.700311
0.696812
0.693218
0.689532
0.685758
0.681901
0.677962
0.673948
0.669861
0.665706
0.661488
0.657211
0.65288
0.6485
0.644077
0.639615
0.635119
0.630597
0.626053
0.621493
0.616924
0.612351
0.607782
0.603222
0.598679
0.594159
0.589668
0.585215
0.580806
0.576449
0.572151
0.567918
0.563759
0.559681
0.555692
0.551798
0.548008
0.544328
0.540766
0.537329
0.534024
0.530858
0.527837
0.524967
0.522256
0.519708
0.517329
0.515124
0.513099
0.511256
0.5096
0.508135
0.506863
0.505787
0.504908
0.504227
0.503746
0.503464
0.503382
0.503497
0.503809
0.504314
0.505012
0.505898
0.506968
0.508219
0.509646
0.511243
0.513006
0.514928
0.517003
0.519225
0.521587
0.524082
0.526703
0.529442
0.532292
0.535246
0.538295
0.541432
0.544648
0.547938
0.551291
0.554702
0.558161
0.561663
0.565198
0.568759
0.572341
0.575934
0.579533
0.58313
0.586718
0.590292
0.593845
0.59737
0.600862
0.604315
0.607723
0.61108
0.614383
0.617625
0.620801
0.623908
0.62694
0.629894
0.632765
0.635549
0.638243
0.640843
0.643346
0.645749
0.648048
0.650242
0.652328
0.654302
0.656164
0.657911
0.659541
0.661053
0.662445
0.663716
0.664865
0.665891
0.666794
0.667572
0.668225
0.668753
0.669157
0.669436
0.66959
0.66962
0.669527
0.669311
0.668974
0.668516
0.667939
0.667245
0.666434
0.66551
0.664473
0.663326
0.662071
0.660711
0.659247
0.657684
0.656024
0.65427
0.652424
0.650492
0.648475
0.646378
0.644205
0.641959
0.639645
0.637267
0.634829
0.632336
0.629792
0.627202
0.624572
0.621906
0.619209
0.616486
0.613744
0.610987
0.60822
0.605451
0.602683
0.599923
0.597177
0.594451
0.59175
0.58908
0.586448
0.583858
0.581318
0.578833
0.576409
0.574051
0.571765
0.569558
0.567433
0.565397
0.563455
0.561611
0.559872
0.55824
0.556722
0.55532
0.554039
0.552882
0.551853
0.550955
0.55019
0.549562
0.549072
0.548721
0.548512
0.548445
0.548521
0.54874
0.549102
0.549607
0.550254
0.551041
0.551968
0.553033
0.554232
0.555565
0.557028
0.558618
0.560332
0.562166
0.564116
0.566179
0.56835
0.570625
0.572999
0.575468
0.578026
0.580669
0.583392
0.58619
0.589056
0.591988
0.594978
0.598021
0.601114
0.604249
0.607422
0.610629
0.613862
0.617119
0.620393
0.623679
0.626973
0.63027
0.633566
0.636855
0.640133
0.643396
0.646639
0.649859
0.653052
0.656212
0.659338
0.662424
0.665468
0.668466
0.671415
0.674311
0.677153
0.679936
0.682657
0.685316
0.687908
0.690432
0.692885
0.695265
0.69757
0.699799
0.701949
0.704019
0.706007
0.707913
0.709734
0.71147
0.713119
0.714681
0.716155
0.71754
0.718835
0.72004
0.721155
0.722179
0.723112
0.723954
0.724705
0.725364
0.725933
0.726411
0.726799
0.727097
0.727305
0.727424
0.727455
0.727399
0.727255
0.727026
0.726711
0.726313
0.725831
0.725267
0.724623
0.723898
0.723095
0.722215
0.72126
0.720229
0.719126
0.717951
0.716706
0.715392
0.714011
0.712564
0.711054
0.709482
0.707849
0.706156
0.704407
0.702602
0.700744
0.698833
0.696872
0.694862
0.692805
0.690703
0.688558
0.686371
0.684144
0.68188
0.679578
0.677243
0.674874
0.672474
0.670045
0.667588
0.665105
0.662598
0.660068
0.657517
0.654946
0.652358
0.649754
0.647135
0.644504
0.641861
0.639208
0.636547
0.63388
0.631207
0.62853
0.625851
0.623172
0.620493
0.617816
0.615143
0.612475
0.609813
0.607159
0.604514
0.60188
0.599257
0.596648
0.594053
0.591475
0.588914
0.586371
0.583848
0.581347
0.578869
0.576414
0.573985
0.571583
0.569208
0.566863
0.564549
0.562267
0.560019
0.557805
0.555627
0.553487
0.551386
0.549325
0.547306
0.54533
0.543398
0.541512
0.539673
0.537883
0.536142
0.534453
0.532816
0.531233
0.529706
0.528234
0.526821
0.525466
0.524172
0.522939
0.521768
0.520662
0.51962
0.518644
0.517734
0.516893
0.51612
0.515416
0.514783
0.514221
0.513731
0.513312
0.512967
0.512695
0.512496
0.512371
0.51232
0.512343
0.51244
0.512611
0.512856
0.513174
0.513565
0.51403
0.514566
0.515174
0.515853
0.516601
0.517419
0.518304
0.519257
0.520275
0.521357
0.522503
0.523709
0.524976
0.526301
0.527683
0.52912
0.530609
0.53215
0.53374
0.535377
0.537059
0.538784
0.540549
0.542354
0.544195
0.546069
0.547976
0.549912
0.551875
0.553862
0.555873
0.557903
0.55995
0.562013
0.564089
0.566175
0.568269
0.570369
0.572472
0.574576
0.57668
0.578779
0.580873
0.582959
0.585035
0.587099
0.589148
0.591181
0.593196
0.595191
0.597163
0.599111
0.601034
0.602928
0.604794
0.606628
0.60843
0.610198
0.61193
0.613625
0.615282
0.616899
0.618476
0.62001
0.621501
0.622949
0.624351
0.625707
0.627016
0.628278
0.629491
0.630655
0.63177
0.632835
0.633849
0.634812
0.635724
0.636585
0.637393
0.63815
0.638855
0.639508
0.640109
0.640658
0.641155
0.641601
0.641995
0.642339
0.642631
0.642874
0.643067
0.64321
0.643305
0.643352
0.643351
0.643303
0.64321
0.64307
0.642887
0.642659
0.642389
0.642076
0.641723
0.641329
0.640896
0.640425
0.639916
0.639371
0.638791
0.638177
0.63753
0.63685
0.63614
0.6354
0.634631
0.633834
0.63301
0.632161
0.631288
0.630391
0.629472
0.628531
0.62757
0.62659
0.625592
0.624576
0.623545
0.622498
0.621437
0.620362
0.619275
0.618176
0.617067
0.615947
0.614819
0.613682
0.612538
0.611386
0.610229
0.609066
0.607897
0.606725
0.605549
0.60437
0.603188
0.602004
0.600818
0.599631
0.598443
0.597254
0.596065
0.594877
0.593689
0.592502
0.591315
0.59013
0.588947
0.587765
0.586586
0.585408
0.584232
0.58306
0.581889
0.580722
0.579557
0.578395
0.577237
0.576081
0.574929
0.573781
0.572636
0.571496
0.570359
0.569226
0.568098
0.566974
0.565855
0.564741
0.563633
0.562529
0.561432
0.56034
0.559255
0.558176
0.557104
0.55604
0.554983
0.553935
0.552895
0.551865
0.550844
0.549833
0.548833
0.547844
0.546867
0.545903
0.544951
0.544013
0.54309
0.542181
0.541289
0.540413
0.539554
0.538713
0.53789
0.537087
0.536305
0.535543
0.534803
0.534085
0.533391
0.53272
0.532074
0.531454
0.530859
0.530292
0.529752
0.52924
0.528757
0.528303
0.527879
0.527485
0.527122
0.526791
0.526491
0.526224
0.525988
0.525786
0.525616
0.525479
0.525376
0.525305
0.525268
0.525264
0.525293
0.525354
0.525448
0.525575
0.525733
0.525922
0.526142
0.526393
0.526673
0.526983
0.527321
0.527686
0.528077
0.528495
0.528937
0.529403
0.529892
0.530402
0.530932
0.531482
0.532049
0.532634
0.533233
0.533847
0.534473
0.535111
0.535759
0.536415
0.537077
0.537746
0.538419
0.539094
0.53977
0.540446
0.541121
0.541792
0.542459
0.543119
0.543773
0.544417
0.545052
0.545675
0.546285
0.546882
0.547464
0.548029
0.548577
0.549107
0.549618
0.550108
0.550577
0.551024
0.551448
0.551849
0.552226
0.552578
0.552904
0.553206
0.553481
0.55373
0.553953
0.554149
0.554318
0.554461
0.554577
0.554667
0.554731
0.554769
0.554782
0.55477
0.554733
0.554673
0.554591
0.554486
0.55436
0.554214
0.554049
0.553866
0.553666
0.553451
0.553221
0.552979
0.552725
0.552461
0.552189
0.55191
0.551626
0.551339
0.551051
0.550763
0.550476
0.550194
0.549918
0.549649
0.549391
0.549143
0.54891
0.548692
0.548491
0.54831
0.54815
0.548014
0.547902
0.547818
0.547762
0.547736
0.547743
0.547783
0.547859
0.547971
0.548122
0.548312
0.548543
0.548816
0.549132
0.549492
0.549896
0.550347
0.550843
0.551387
0.551977
0.552615
0.553301
0.554034
0.554815
0.555643
0.556519
0.55744
0.558408
0.559421
0.560479
0.56158
0.562723
0.563907
0.565131
0.566394
0.567693
0.569028
0.570396
0.571795
0.573225
0.574682
0.576164
0.57767
0.579197
0.580743
0.582305
0.58388
0.585468
0.587064
0.588666
0.590272
0.591879
0.593485
0.595086
0.59668
0.598264
0.599836
0.601392
0.602931
0.604448
0.605943
0.607412
0.608852
0.610261
0.611636
0.612975
0.614275
0.615534
0.616749
0.617918
0.619039
0.62011
0.621129
0.622092
0.622999
0.623847
0.624635
0.625361
0.626023
0.626619
0.627148
0.627608
0.627999
0.628318
0.628565
0.628738
0.628837
0.62886
0.628807
0.628677
0.62847
0.628185
0.627821
0.627379
0.626858
0.626258
0.625579
0.624821
0.623985
0.623071
0.622079
0.62101
0.619864
0.618643
0.617348
0.615979
0.614537
0.613024
0.611441
0.60979
0.608072
0.606289
0.604442
0.602535
0.600568
0.598544
0.596465
0.594334
0.592153
0.589924
0.58765
0.585335
0.582981
0.58059
0.578167
0.575714
0.573235
0.570732
0.56821
0.565672
0.563121
0.560562
0.557998
0.555433
0.55287
0.550315
0.54777
0.54524
0.542729
0.540242
0.537781
0.535352
0.532959
0.530605
0.528295
0.526034
0.523824
0.521671
0.519579
0.51755
0.51559
0.513701
0.511889
0.510155
0.508504
0.506939
0.505464
0.50408
0.502792
0.501602
0.500512
0.499524
0.498641
0.497865
0.497198
0.496639
0.496192
0.495857
0.495634
0.495524
0.495528
0.495645
0.495875
0.496217
0.496671
0.497236
0.49791
0.498693
0.499582
0.500575
0.501671
0.502867
0.504161
0.505549
0.507031
0.508601
0.510258
0.511998
0.513818
0.515714
0.517682
0.51972
0.521824
0.523989
0.526213
0.528491
0.530819
0.533193
0.535611
0.538067
0.540558
0.54308
0.545629
0.548201
0.550794
0.553402
0.556022
0.558652
0.561286
0.563921
0.566555
0.569183
0.571803
0.574411
0.577003
0.579578
0.582131
0.58466
0.587161
0.589633
0.592072
0.594476
0.596843
0.599168
0.601452
0.60369
0.605881
0.608022
0.610112
0.612149
0.61413
0.616054
0.617919
0.619723
0.621464
0.623142
0.624755
0.626301
0.627778
0.629187
0.630525
0.631791
0.632984
0.634104
0.635149
0.636118
0.637011
0.637827
0.638565
0.639225
0.639806
0.640308
0.640729
0.64107
0.641331
0.64151
0.641608
0.641625
0.64156
0.641414
0.641185
0.640876
0.640484
0.640011
0.639456
0.638821
0.638104
0.637306
0.636429
0.635471
0.634433
0.633317
0.632122
0.630849
0.629498
0.628071
0.626567
0.624988
0.623335
0.621607
0.619807
0.617934
0.615991
0.613977
0.611894
0.609743
0.607525
0.605242
0.602894
0.600483
0.59801
0.595476
0.592884
0.590234
0.587527
0.584767
0.581953
0.579088
0.576174
0.573212
0.570205
0.567154
0.56406
0.560927
0.557757
0.554551
0.551311
0.548041
0.544741
0.541416
0.538067
0.534697
0.531308
0.527904
0.524486
0.521059
0.517624
0.514185
0.510744
0.507306
0.503873
0.500448
0.497034
0.493636
0.490257
0.4869
0.483568
0.480266
0.476997
0.473764
0.470572
0.467425
0.464326
0.461279
0.458288
0.455358
0.452491
0.449692
0.446965
0.444314
0.441742
0.439254
0.436853
0.434543
0.432327
0.430209
0.428193
0.426282
0.424479
0.422786
0.421208
0.419746
0.418403
0.417181
0.416083
0.41511
0.414264
0.413546
0.412958
0.412501
0.412174
0.411979
0.411915
0.411982
0.41218
0.412508
0.412965
0.41355
0.414261
0.415097
0.416055
0.417134
0.41833
0.419642
0.421065
0.422598
0.424237
0.425978
0.427818
0.429753
0.43178
0.433895
0.436093
0.438371
0.440725
0.443149
0.445641
0.448196
0.450809
0.453476
0.456193
0.458956
0.461761
0.464603
0.467478
0.470382
0.473312
0.476262
0.479229
0.482209
0.485198
0.488193
0.49119
0.494184
0.497174
0.500155
0.503124
0.506077
0.509012
0.511925
0.514814
0.517675
0.520506
0.523303
0.526066
0.52879
0.531473
0.534113
0.536709
0.539257
0.541755
0.544202
0.546596
0.548935
0.551218
0.553442
0.555606
0.557709
0.559749
0.561726
0.563637
0.565483
0.567262
0.568972
0.570614
0.572187
0.573689
0.575121
0.576481
0.577771
0.578988
0.580133
0.581206
0.582206
0.583134
0.58399
0.584773
0.585484
0.586124
0.586692
0.58719
0.587616
0.587973
0.58826
0.588479
0.588629
0.588713
0.588729
0.588681
0.588568
0.588391
0.588152
0.587852
0.587491
0.587072
0.586594
0.586061
0.585472
0.584829
0.584135
0.583389
0.582594
0.581751
0.580862
0.579928
0.578951
0.577933
0.576875
0.575778
0.574645
0.573477
0.572276
0.571044
0.569782
0.568491
0.567175
0.565834
0.56447
0.563085
0.561681
0.560259
0.558821
0.557368
0.555903
0.554427
0.552941
0.551447
0.549946
0.548441
0.546933
0.545422
0.543911
0.542401
0.540893
0.539388
0.537888
0.536394
0.534908
0.533429
0.531959
0.5305
0.529052
0.527617
0.526194
0.524785
0.52339
0.522011
0.520647
0.5193
0.51797
0.516657
0.515362
0.514085
0.512826
0.511587
0.510366
0.509164
0.507981
0.506817
0.505673
0.504548
0.503441
0.502354
0.501285
0.500235
0.499203
0.49819
0.497194
0.496215
0.495253
0.494308
0.493379
0.492465
0.491567
0.490684
0.489815
0.48896
0.488119
0.48729
0.486474
0.485669
0.484876
0.484093
0.483322
0.482559
0.481807
0.481063
0.480328
0.479601
0.478881
0.478169
0.477464
0.476765
0.476073
0.475386
0.474705
0.474029
0.473359
0.472693
0.472033
0.471377
0.470725
0.470078
0.469435
0.468797
0.468163
0.467534
0.466909
0.466288
0.465673
0.465062
0.464456
0.463856
0.463261
0.462672
0.462088
0.461511
0.460941
0.460378
0.459822
0.459273
0.458733
0.458201
0.457679
0.457165
0.456662
0.456169
0.455686
0.455215
0.454755
0.454307
0.453872
0.45345
0.453042
0.452647
0.452267
0.451902
0.451552
0.451218
0.4509
0.450598
0.450313
0.450046
0.449797
0.449565
0.449352
0.449157
0.448981
0.448824
0.448687
0.448569
0.448472
0.448394
0.448336
0.448299
0.448282
0.448285
0.448309
0.448353
0.448419
0.448504
0.448611
0.448738
0.448885
0.449053
0.449241
0.44945
0.449678
0.449927
0.450196
0.450484
0.450792
0.451119
0.451466
0.451832
0.452216
0.45262
0.453041
0.453482
0.45394
0.454417
0.454911
0.455423
0.455952
0.456499
0.457064
0.457645
0.458243
0.458858
0.45949
0.460139
0.460804
0.461486
0.462185
0.4629
0.463632
0.46438
0.465145
0.465927
0.466726
0.467541
0.468373
0.469223
0.470089
0.470973
0.471875
0.472794
0.473731
0.474686
0.475659
0.476652
0.477662
0.478692
0.479741
0.48081
0.481898
0.483007
0.484135
0.485285
0.486455
0.487645
0.488858
0.490091
0.491347
0.492624
0.493923
0.495244
0.496588
0.497954
0.499343
0.500755
0.502189
0.503645
0.505125
0.506627
0.508152
0.509699
0.511268
0.51286
0.514473
0.516108
0.517764
0.519442
0.52114
0.522858
0.524595
0.526352
0.528127
0.52992
0.53173
0.533557
0.5354
0.537258
0.539129
0.541014
0.542911
0.54482
0.546739
0.548666
0.550602
0.552545
0.554494
0.556447
0.558403
0.560361
0.562319
0.564277
0.566232
0.568184
0.570131
0.57207
0.574002
0.575924
0.577834
0.579731
0.581614
0.583481
0.58533
0.587159
0.588967
0.590752
0.592513
0.594247
0.595954
0.59763
0.599276
0.600888
0.602466
0.604007
0.60551
0.606973
0.608394
0.609773
0.611106
0.612394
0.613633
0.614823
0.615961
0.617047
0.618078
0.619054
0.619972
0.620832
0.621632
0.62237
0.623045
0.623656
0.624202
0.624681
0.625092
0.625434
0.625705
0.625906
0.626033
0.626088
0.626068
0.625972
0.6258
0.625552
0.625225
0.624819
0.624335
0.62377
0.623124
0.622398
0.621589
0.620699
0.619725
0.618669
0.61753
0.616307
0.615
0.61361
0.612135
0.610577
0.608935
0.607209
0.605399
0.603505
0.601529
0.599469
0.597327
0.595103
0.592797
0.59041
0.587942
0.585395
0.582768
0.580064
0.577282
0.574423
0.57149
0.568481
0.5654
0.562246
0.559022
0.555728
0.552366
0.548938
0.545445
0.541889
0.53827
0.534592
0.530856
0.527064
0.523218
0.51932
0.515373
0.511378
0.507337
0.503255
0.499132
0.494971
0.490776
0.486549
0.482293
0.478011
0.473706
0.469382
0.465041
0.460687
0.456324
0.451956
0.447585
0.443217
0.438855
0.434503
0.430165
0.425847
0.421552
0.417284
0.41305
0.408852
0.404698
0.400591
0.396537
0.392541
0.388608
0.384745
0.380956
0.377247
0.373624
0.370093
0.366659
0.363329
0.360107
0.357001
0.354015
0.351155
0.348427
0.345836
0.343388
0.341088
0.33894
0.33695
0.335122
0.333459
0.331966
0.330646
0.329502
0.328537
0.327753
0.327152
0.326734
0.326502
0.326454
0.326591
0.326912
0.327417
0.328103
0.328968
0.33001
0.331226
0.332612
0.334165
0.335881
0.337755
0.339783
0.34196
0.34428
0.346739
0.34933
0.352049
0.354889
0.357845
0.36091
0.36408
0.367347
0.370707
0.374153
0.377679
0.381281
0.384951
0.388685
0.392477
0.396322
0.400214
0.404149
0.40812
0.412124
0.416155
0.420209
0.424281
0.428367
0.432462
0.436563
0.440664
0.444763
0.448854
0.452936
0.457003
0.461053
0.465082
0.469086
0.473064
0.47701
0.480923
0.4848
0.488638
0.492434
0.496185
0.49989
0.503545
0.507149
0.510698
0.514192
0.517627
0.521002
0.524314
0.527563
0.530746
0.533861
0.536907
0.539882
0.542785
0.545613
0.548367
0.551044
0.553643
0.556164
0.558604
0.560963
0.56324
0.565433
0.567543
0.569567
0.571506
0.573359
0.575124
0.576802
0.578391
0.579892
0.581303
0.582625
0.583857
0.584999
0.58605
0.587011
0.587881
0.58866
0.589349
0.589947
0.590455
0.590872
0.591198
0.591435
0.591583
0.591641
0.59161
0.591491
0.591284
0.59099
0.59061
0.590144
0.589593
0.588957
0.588239
0.587438
0.586555
0.585592
0.58455
0.583429
0.582232
0.580959
0.579611
0.578191
0.576698
0.575136
0.573505
0.571807
0.570044
0.568216
0.566327
0.564378
0.56237
0.560306
0.558187
0.556016
0.553794
0.551524
0.549207
0.546847
0.544445
0.542003
0.539524
0.53701
0.534464
0.531888
0.529285
0.526656
0.524006
0.521335
0.518648
0.515946
0.513232
0.51051
0.507781
0.505049
0.502316
0.499585
0.496859
0.494141
0.491433
0.488738
0.48606
0.483401
0.480763
0.47815
0.475564
0.473008
0.470484
0.467996
0.465545
0.463135
0.460767
0.458445
0.45617
0.453945
0.451771
0.449652
0.447589
0.445583
0.443638
0.441753
0.439932
0.438175
0.436483
0.434859
0.433302
0.431814
0.430395
0.429047
0.427769
0.426562
0.425427
0.424362
0.423368
0.422445
0.421592
0.420809
0.420094
0.419448
0.418869
0.418355
0.417906
0.41752
0.417195
0.416931
0.416724
0.416573
0.416477
0.416433
0.416439
0.416492
0.416591
0.416733
0.416915
0.417136
0.417391
0.41768
0.418
0.418347
0.418719
0.419113
0.419528
0.419959
0.420405
0.420864
0.421331
0.421806
0.422284
0.422765
0.423245
0.423722
0.424194
0.424658
0.425113
0.425555
0.425984
0.426396
0.426791
0.427165
0.427518
0.427848
0.428153
0.428431
0.428681
0.428902
0.429092
0.42925
0.429376
0.429467
0.429523
0.429544
0.429529
0.429476
0.429385
0.429257
0.42909
0.428884
0.428639
0.428356
0.428033
0.427672
0.427273
0.426835
0.426359
0.425846
0.425296
0.42471
0.424089
0.423433
0.422745
0.422024
0.421271
0.420489
0.419679
0.418841
0.417978
0.417091
0.416181
0.415251
0.414302
0.413337
0.412357
0.411364
0.41036
0.409348
0.40833
0.407308
0.406284
0.405262
0.404243
0.403231
0.402227
0.401234
0.400255
0.399292
0.398349
0.397427
0.396531
0.395661
0.394822
0.394015
0.393244
0.392511
0.391818
0.391169
0.390566
0.390011
0.389506
0.389054
0.388658
0.388319
0.38804
0.387822
0.387668
0.387578
0.387556
0.387602
0.387717
0.387903
0.388162
0.388494
0.388899
0.389379
0.389934
0.390564
0.39127
0.392051
0.392908
0.39384
0.394847
0.395928
0.397083
0.39831
0.399609
0.400979
0.402418
0.403924
0.405497
0.407135
0.408835
0.410596
0.412417
0.414295
0.416227
0.418212
0.420248
0.422331
0.424461
0.426633
0.428847
0.431098
0.433385
0.435705
0.438056
0.440434
0.442838
0.445264
0.44771
0.450173
0.45265
0.45514
0.457638
0.460144
0.462654
0.465165
0.467675
0.470182
0.472684
0.475177
0.477659
0.480129
0.482583
0.48502
0.487437
0.489833
0.492204
0.49455
0.496868
0.499155
0.501412
0.503634
0.505821
0.507971
0.510082
0.512153
0.514182
0.516167
0.518108
0.520002
0.521848
0.523646
0.525393
0.527089
0.528732
0.530322
0.531858
0.533338
0.534761
0.536128
0.537437
0.538686
0.539877
0.541008
0.542078
0.543088
0.544035
0.544922
0.545746
0.546508
0.547207
0.547843
0.548417
0.548927
0.549375
0.54976
0.550082
0.550341
0.550538
0.550672
0.550745
0.550756
0.550706
0.550595
0.550424
0.550194
0.549904
0.549555
0.549149
0.548686
0.548167
0.547592
0.546962
0.546279
0.545543
0.544755
0.543916
0.543028
0.542091
0.541106
0.540076
0.539
0.537881
0.53672
0.535517
0.534274
0.532994
0.531676
0.530323
0.528936
0.527517
0.526067
0.524587
0.523081
0.521548
0.519991
0.518411
0.516811
0.515191
0.513554
0.511902
0.510235
0.508557
0.506868
0.505171
0.503467
0.501759
0.500048
0.498335
0.496624
0.494915
0.493211
0.491512
0.489823
0.488143
0.486474
0.48482
0.48318
0.481558
0.479954
0.478371
0.476811
0.475274
0.473762
0.472277
0.470821
0.469395
0.468001
0.466639
0.465312
0.46402
0.462765
0.461548
0.46037
0.459232
0.458135
0.457081
0.45607
0.455102
0.454179
0.453302
0.45247
0.451685
0.450946
0.450255
0.449611
0.449015
0.448467
0.447967
0.447515
0.44711
0.446754
0.446445
0.446183
0.445968
0.445799
0.445676
0.445598
0.445565
0.445576
0.44563
0.445726
0.445864
0.446042
0.446259
0.446515
0.446808
0.447138
0.447502
0.4479
0.448331
0.448792
0.449284
0.449805
0.450352
0.450926
0.451523
0.452144
0.452787
0.453449
0.454131
0.45483
0.455544
0.456273
0.457015
0.457769
0.458532
0.459304
0.460084
0.46087
0.46166
0.462453
0.463248
0.464044
0.464839
0.465632
0.466422
0.467207
0.467987
0.46876
0.469525
0.470281
0.471028
0.471763
0.472486
0.473197
0.473894
0.474576
0.475242
0.475892
0.476525
0.47714
0.477737
0.478315
0.478873
0.47941
0.479927
0.480423
0.480897
0.481348
0.481778
0.482184
0.482568
0.482928
0.483264
0.483577
0.483866
0.484132
0.484373
0.48459
0.484784
0.484953
0.485099
0.485221
0.48532
0.485396
0.485449
0.485479
0.485486
0.485472
0.485436
0.485379
0.4853
0.485202
0.485084
0.484946
0.48479
0.484615
0.484423
0.484214
0.483989
0.483748
0.483492
0.483222
0.482939
0.482642
0.482334
0.482015
0.481685
0.481345
0.480997
0.480641
0.480277
0.479908
0.479533
0.479153
0.478769
0.478383
0.477994
0.477605
0.477215
0.476825
0.476437
0.476051
0.475667
0.475288
0.474913
0.474543
0.47418
0.473823
0.473474
0.473133
0.472801
0.472479
0.472167
0.471866
0.471576
0.471298
0.471033
0.470781
0.470543
0.470319
0.470109
0.469913
0.469733
0.469569
0.46942
0.469288
0.469171
0.469072
0.468988
0.468922
0.468872
0.468839
0.468823
0.468824
0.468842
0.468876
0.468927
0.468994
0.469078
0.469177
0.469293
0.469424
0.46957
0.469731
0.469906
0.470096
0.470299
0.470516
0.470745
0.470987
0.471241
0.471505
0.471781
0.472067
0.472363
0.472667
0.472981
0.473302
0.47363
0.473965
0.474306
0.474653
0.475004
0.47536
0.475719
0.476081
0.476445
0.476811
0.477177
0.477544
0.477911
0.478277
0.478642
0.479004
0.479364
0.47972
0.480073
0.480421
0.480764
0.481103
0.481435
0.48176
0.482079
0.482391
0.482694
0.48299
0.483277
0.483555
0.483823
0.484082
0.484331
0.484569
0.484797
0.485013
0.485219
0.485413
0.485596
0.485767
0.485926
0.486072
0.486207
0.486329
0.486438
0.486535
0.486619
0.486691
0.48675
0.486796
0.486829
0.48685
0.486858
0.486853
0.486835
0.486806
0.486763
0.486709
0.486642
0.486563
0.486471
0.486369
0.486254
0.486127
0.48599
0.48584
0.48568
0.485509
0.485327
0.485134
0.484931
0.484717
0.484493
0.48426
0.484016
0.483763
0.4835
0.483228
0.482947
0.482656
0.482357
0.482049
0.481732
0.481406
0.481072
0.48073
0.480379
0.480021
0.479654
0.479278
0.478895
0.478504
0.478105
0.477697
0.477282
0.476859
0.476427
0.475988
0.47554
0.475084
0.47462
0.474147
0.473666
0.473176
0.472677
0.47217
0.471653
0.471127
0.470592
0.470047
0.469492
0.468928
0.468353
0.467768
0.467173
0.466566
0.465949
0.46532
0.46468
0.464028
0.463364
0.462688
0.461999
0.461298
0.460584
0.459857
0.459116
0.458362
0.457593
0.456811
0.456015
0.455204
0.454379
0.453539
0.452684
0.451814
0.450929
0.450029
0.449113
0.448182
0.447235
0.446273
0.445296
0.444303
0.443294
0.44227
0.441231
0.440177
0.439108
0.438024
0.436925
0.435812
0.434685
0.433544
0.43239
0.431223
0.430042
0.42885
0.427646
0.42643
0.425204
0.423968
0.422722
0.421468
0.420205
0.418935
0.417658
0.416376
0.415088
0.413797
0.412502
0.411206
0.409908
0.40861
0.407314
0.406019
0.404728
0.403441
0.40216
0.400886
0.39962
0.398364
0.397118
0.395886
0.394666
0.393462
0.392275
0.391106
0.389956
0.388827
0.387721
0.386638
0.385582
0.384552
0.383551
0.38258
0.381641
0.380735
0.379863
0.379028
0.37823
0.377471
0.376752
0.376075
0.375441
0.374852
0.374308
0.37381
0.37336
0.37296
0.372609
0.372309
0.372061
0.371865
0.371723
0.371635
0.371601
0.371622
0.371699
0.371832
0.372021
0.372267
0.372568
0.372927
0.373341
0.373812
0.374339
0.374921
0.375558
0.37625
0.376996
0.377795
0.378647
0.379551
0.380505
0.381509
0.382562
0.383663
0.38481
0.386002
0.387237
0.388516
0.389835
0.391194
0.392591
0.394024
0.395493
0.396994
0.398528
0.400091
0.401682
0.403301
0.404943
0.406609
0.408296
0.410003
0.411727
0.413468
0.415222
0.416989
0.418767
0.420554
0.422348
0.424147
0.425951
0.427756
0.429562
0.431367
0.433169
0.434967
0.436759
0.438543
0.440319
0.442084
0.443837
0.445577
0.447303
0.449013
0.450705
0.452379
0.454034
0.455667
0.457279
0.458868
0.460433
0.461972
0.463486
0.464972
0.466431
0.467861
0.469261
0.470632
0.471971
0.473278
0.474553
0.475795
0.477004
0.478179
0.479319
0.480424
0.481494
0.482528
0.483527
0.484489
0.485415
0.486304
0.487157
0.487972
0.488751
0.489492
0.490197
0.490865
0.491496
0.49209
0.492647
0.493168
0.493653
0.494101
0.494514
0.494892
0.495235
0.495542
0.495816
0.496056
0.496262
0.496435
0.496576
0.496685
0.496763
0.49681
0.496826
0.496814
0.496772
0.496702
0.496604
0.49648
0.49633
0.496154
0.495953
0.495729
0.495481
0.495211
0.494919
0.494607
0.494275
0.493923
0.493553
0.493166
0.492762
0.492342
0.491907
0.491458
0.490996
0.490521
0.490034
0.489537
0.489029
0.488512
0.487987
0.487454
0.486914
0.486368
0.485816
0.48526
0.4847
0.484137
0.483571
0.483004
0.482435
0.481866
0.481297
0.480729
0.480162
0.479597
0.479035
0.478475
0.477919
0.477367
0.476819
0.476276
0.475738
0.475206
0.47468
0.47416
0.473647
0.47314
0.472641
0.472149
0.471664
0.471187
0.470718
0.470257
0.469804
0.469359
0.468923
0.468494
0.468074
0.467661
0.467257
0.466861
0.466473
0.466093
0.465721
0.465356
0.464998
0.464648
0.464305
0.463968
0.463638
0.463315
0.462998
0.462686
0.46238
0.462079
0.461784
0.461492
0.461206
0.460923
0.460644
0.460368
0.460095
0.459825
0.459558
0.459292
0.459028
0.458766
0.458504
0.458244
0.457983
0.457723
0.457463
0.457202
0.45694
0.456678
0.456413
0.456148
0.45588
0.455611
0.455339
0.455064
0.454787
0.454508
0.454225
0.453939
0.453649
0.453356
0.45306
0.45276
0.452457
0.452149
0.451839
0.451524
0.451206
0.450884
0.450559
0.45023
0.449897
0.449562
0.449223
0.448882
0.448537
0.44819
0.447841
0.44749
0.447136
0.446781
0.446425
0.446068
0.44571
0.445352
0.444995
0.444637
0.444281
0.443925
0.443572
0.443221
0.442872
0.442527
0.442185
0.441847
0.441514
0.441186
0.440864
0.440548
0.440239
0.439937
0.439643
0.439357
0.43908
0.438813
0.438557
0.43831
0.438076
0.437852
0.437642
0.437444
0.43726
0.43709
0.436934
0.436794
0.436669
0.43656
0.436468
0.436393
0.436335
0.436295
0.436274
0.436271
0.436288
0.436324
0.43638
0.436456
0.436553
0.43667
0.436808
0.436968
0.437149
0.437351
0.437575
0.43782
0.438088
0.438377
0.438688
0.439021
0.439375
0.439751
0.440149
0.440568
0.441008
0.441469
0.441951
0.442453
0.442975
0.443516
0.444077
0.444657
0.445255
0.445872
0.446505
0.447156
0.447823
0.448505
0.449203
0.449915
0.450641
0.451379
0.452131
0.452893
0.453667
0.454451
0.455244
0.456045
0.456854
0.457669
0.458491
0.459317
0.460147
0.460981
0.461816
0.462653
0.46349
0.464327
0.465162
0.465994
0.466824
0.467648
0.468467
0.46928
0.470086
0.470883
0.471671
0.472449
0.473215
0.47397
0.474712
0.47544
0.476153
0.47685
0.477531
0.478194
0.47884
0.479466
0.480072
0.480657
0.481221
0.481763
0.482281
0.482776
0.483247
0.483692
0.484112
0.484505
0.484871
0.485209
0.48552
0.485801
0.486054
0.486277
0.486469
0.486632
0.486763
0.486863
0.486931
0.486967
0.486971
0.486943
0.486882
0.486788
0.486661
0.486501
0.486308
0.486081
0.485822
0.485529
0.485203
0.484844
0.484452
0.484027
0.48357
0.48308
0.482558
0.482004
0.481419
0.480802
0.480155
0.479478
0.47877
0.478033
0.477268
0.476474
0.475652
0.474803
0.473928
0.473028
0.472102
0.471152
0.470178
0.469182
0.468164
0.467125
0.466065
0.464987
0.46389
0.462777
0.461647
0.460501
0.459342
0.458169
0.456984
0.455788
0.454583
0.453368
0.452146
0.450918
0.449684
0.448446
0.447205
0.445963
0.44472
0.443477
0.442237
0.440999
0.439766
0.438539
0.437318
0.436105
0.434901
0.433707
0.432524
0.431355
0.430198
0.429057
0.427931
0.426823
0.425732
0.42466
0.423608
0.422578
0.421568
0.420582
0.419619
0.418681
0.417767
0.416879
0.416018
0.415184
0.414378
0.4136
0.412851
0.412131
0.411441
0.41078
0.41015
0.409551
0.408982
0.408444
0.407936
0.40746
0.407014
0.406599
0.406215
0.405862
0.405538
0.405244
0.40498
0.404745
0.404539
0.404361
0.404211
0.404088
0.403991
0.40392
0.403874
0.403852
0.403854
0.403879
0.403926
0.403994
0.404081
0.404188
0.404314
0.404457
0.404615
0.40479
0.404978
0.40518
0.405394
0.405619
0.405855
0.406099
0.406351
0.406611
0.406876
0.407146
0.40742
0.407697
0.407975
0.408254
0.408533
0.408811
0.409086
0.409359
0.409627
0.40989
0.410148
0.410399
0.410642
0.410877
0.411102
0.411318
0.411523
0.411717
0.411899
0.412068
0.412224
0.412366
0.412494
0.412607
0.412704
0.412786
0.412852
0.412901
0.412933
0.412948
0.412945
0.412925
0.412887
0.412831
0.412756
0.412664
0.412552
0.412423
0.412275
0.412108
0.411924
0.411721
0.4115
0.411261
0.411004
0.41073
0.410438
0.410129
0.409804
0.409462
0.409105
0.408731
0.408342
0.407939
0.407521
0.407089
0.406644
0.406186
0.405715
0.405233
0.40474
0.404235
0.403721
0.403197
0.402665
0.402124
0.401576
0.401021
0.400459
0.399892
0.399321
0.398745
0.398165
0.397583
0.396998
0.396412
0.395825
0.395239
0.394652
0.394067
0.393484
0.392904
0.392326
0.391753
0.391184
0.39062
0.390062
0.38951
0.388965
0.388427
0.387898
0.387376
0.386864
0.386361
0.385868
0.385386
0.384914
0.384453
0.384004
0.383567
0.383142
0.382729
0.38233
0.381943
0.38157
0.38121
0.380863
0.380531
0.380213
0.379908
0.379618
0.379342
0.37908
0.378832
0.378599
0.37838
0.378175
0.377984
0.377807
0.377644
0.377495
0.377359
0.377236
0.377127
0.377031
0.376948
0.376877
0.376819
0.376773
0.376738
0.376715
0.376704
0.376703
0.376713
0.376734
0.376765
0.376805
0.376855
0.376914
0.376982
0.377059
0.377144
0.377236
0.377337
0.377445
0.37756
0.377682
0.37781
0.377945
0.378085
0.378232
0.378384
0.378541
0.378703
0.378871
0.379043
0.37922
0.379401
0.379586
0.379776
0.379969
0.380167
0.380368
0.380574
0.380782
0.380995
0.381211
0.381432
0.381655
0.381883
0.382114
0.382349
0.382588
0.382831
0.383078
0.38333
0.383585
0.383845
0.38411
0.38438
0.384655
0.384935
0.38522
0.385511
0.385808
0.386111
0.386421
0.386737
0.387059
0.387389
0.387727
0.388072
0.388425
0.388786
0.389155
0.389534
0.389921
0.390318
0.390724
0.39114
0.391567
0.392003
0.392451
0.392909
0.393379
0.393859
0.394352
0.394856
0.395372
0.3959
0.396441
0.396994
0.39756
0.398139
0.398731
0.399336
0.399954
0.400585
0.401229
0.401887
0.402557
0.403242
0.403939
0.404649
0.405373
0.40611
0.406859
0.407622
0.408397
0.409184
0.409984
0.410796
0.411619
0.412454
0.413301
0.414158
0.415026
0.415904
0.416792
0.417689
0.418596
0.419511
0.420434
0.421365
0.422304
0.423249
0.4242
0.425157
0.42612
0.427087
0.428057
0.429032
0.430009
0.430988
0.431969
0.43295
0.433932
0.434914
0.435894
0.436873
0.437849
0.438822
0.439791
0.440756
0.441715
0.442668
0.443615
0.444554
0.445485
0.446407
0.44732
0.448222
0.449113
0.449993
0.45086
0.451714
0.452554
0.453379
0.45419
0.454984
0.455762
0.456522
0.457264
0.457988
0.458693
0.459377
0.460042
0.460685
0.461306
0.461905
0.462481
0.463034
0.463563
0.464067
0.464547
0.465001
0.465429
0.46583
0.466205
0.466552
0.466872
0.467163
0.467426
0.46766
0.467865
0.468041
0.468187
0.468302
0.468388
0.468442
0.468467
0.46846
0.468422
0.468353
0.468252
0.46812
0.467957
0.467762
0.467535
0.467276
0.466986
0.466665
0.466312
0.465927
0.465512
0.465065
0.464587
0.464078
0.463538
0.462969
0.462369
0.461739
0.461079
0.460391
0.459673
0.458928
0.458154
0.457352
0.456523
0.455667
0.454785
0.453878
0.452945
0.451987
0.451006
0.450001
0.448973
0.447923
0.446852
0.44576
0.444648
0.443516
0.442366
0.441198
0.440013
0.438811
0.437595
0.436364
0.435119
0.433861
0.432592
0.431311
0.430021
0.428721
0.427413
0.426098
0.424776
0.42345
0.422119
0.420784
0.419448
0.41811
0.416772
0.415435
0.414099
0.412766
0.411438
0.410114
0.408796
0.407484
0.406181
0.404887
0.403603
0.40233
0.401068
0.39982
0.398586
0.397367
0.396163
0.394976
0.393808
0.392657
0.391527
0.390416
0.389327
0.38826
0.387216
0.386195
0.385199
0.384228
0.383283
0.382364
0.381472
0.380608
0.379773
0.378966
0.378188
0.377441
0.376723
0.376037
0.375381
0.374757
0.374164
0.373604
0.373075
0.372579
0.372116
0.371686
0.371288
0.370923
0.370591
0.370292
0.370025
0.369792
0.369591
0.369423
0.369287
0.369183
0.369111
0.369071
0.369063
0.369085
0.369139
0.369222
0.369336
0.36948
0.369653
0.369855
0.370086
0.370344
0.370631
0.370944
0.371284
0.37165
0.372042
0.372459
0.3729
0.373366
0.373856
0.374368
0.374903
0.375461
0.37604
0.37664
0.37726
0.377901
0.378561
0.37924
0.379938
0.380654
0.381388
0.382139
0.382907
0.383691
0.384491
0.385306
0.386137
0.386982
0.387842
0.388715
0.389602
0.390502
0.391415
0.392341
0.393279
0.394228
0.39519
0.396162
0.397145
0.39814
0.399144
0.400159
0.401184
0.402218
0.403261
0.404314
0.405376
0.406446
0.407525
0.408612
0.409707
0.41081
0.41192
0.413037
0.414162
0.415293
0.416431
0.417575
0.418725
0.419881
0.421042
0.422209
0.423381
0.424557
0.425738
0.426923
0.428112
0.429304
0.430499
0.431697
0.432897
0.434099
0.435303
0.436508
0.437714
0.43892
0.440127
0.441332
0.442537
0.443739
0.44494
0.446138
0.447333
0.448524
0.449711
0.450893
0.45207
0.45324
0.454403
0.455559
0.456707
0.457845
0.458974
0.460093
0.461201
0.462297
0.46338
0.46445
0.465505
0.466546
0.46757
0.468578
0.469569
0.470541
0.471494
0.472426
0.473338
0.474227
0.475094
0.475937
0.476756
0.477548
0.478314
0.479053
0.479764
0.480445
0.481095
0.481715
0.482303
0.482857
0.483378
0.483863
0.484313
0.484726
0.485101
0.485438
0.485735
0.485992
0.486208
0.486381
0.486512
0.486599
0.486641
0.486637
0.486588
0.486491
0.486346
0.486153
0.48591
0.485617
0.485273
0.484877
0.48443
0.483929
0.483375
0.482767
0.482104
0.481386
0.480612
0.479782
0.478895
0.47795
0.476948
0.475888
0.474769
0.473591
0.472354
0.471058
0.469702
0.468286
0.466809
0.465273
0.463675
0.462018
0.460299
0.45852
0.45668
0.45478
0.452819
0.450798
0.448716
0.446574
0.444372
0.442111
0.439791
0.437411
0.434974
0.432478
0.429924
0.427313
0.424646
0.421924
0.419146
0.416313
0.413427
0.410488
0.407497
0.404455
0.401363
0.398222
0.395033
0.391798
0.388516
0.385191
0.381822
0.378413
0.374963
0.371474
0.367949
0.364389
0.360795
0.357169
0.353514
0.349832
0.346124
0.342392
0.33864
0.334869
0.331081
0.327281
0.323469
0.319649
0.315824
0.311997
0.308171
0.30435
0.300536
0.296734
0.292947
0.289179
0.285433
0.281715
0.278029
0.274378
0.270768
0.267203
0.263689
0.26023
0.256832
0.2535
0.250239
0.247056
0.243956
0.240945
0.238029
0.235214
0.232506
0.229912
0.227437
0.225087
0.222869
0.220789
0.218851
0.217062
0.215426
0.213949
0.212634
0.211487
0.21051
0.209707
0.209079
0.20863
0.208361
0.208271
0.208362
0.208633
0.209082
0.209708
0.210508
0.21148
0.21262
0.213924
0.215388
0.217007
0.218776
0.22069
0.222742
0.224927
0.22724
0.229673
0.232221
0.234877
0.237636
0.240491
0.243436
0.246465
0.249573
0.252752
0.255999
0.259306
0.26267
0.266084
0.269543
0.273043
0.276579
0.280147
0.283741
0.287358
0.290994
0.294645
0.298306
0.301975
0.305648
0.309321
0.312991
0.316656
0.320311
0.323955
0.327585
0.331198
0.334791
0.338363
0.34191
0.345431
0.348924
0.352386
0.355816
0.359211
0.36257
0.365892
0.369175
0.372416
0.375616
0.378772
0.381882
0.384947
0.387964
0.390932
0.393851
0.396719
0.399536
0.4023
0.405011
0.407667
0.410269
0.412815
0.415305
0.417738
0.420114
0.422431
0.424691
0.426892
0.429034
0.431116
0.433139
0.435101
0.437004
0.438847
0.440629
0.442351
0.444012
0.445613
0.447153
0.448634
0.450054
0.451413
0.452714
0.453954
0.455135
0.456257
0.45732
0.458325
0.459272
0.460161
0.460994
0.461769
0.462488
0.463152
0.46376
0.464315
0.464815
0.465262
0.465656
0.465999
0.46629
0.466531
0.466723
0.466866
0.46696
0.467008
0.467009
0.466964
0.466875
0.466742
0.466567
0.466349
0.466091
0.465792
0.465455
0.46508
0.464668
0.464219
0.463736
0.463219
0.462669
0.462086
0.461474
0.460831
0.460159
0.45946
0.458735
0.457983
0.457207
0.456408
0.455586
0.454743
0.45388
0.452997
0.452096
0.451177
0.450242
0.449292
0.448328
0.44735
0.44636
0.445359
0.444347
0.443326
0.442295
0.441257
0.440212
0.439161
0.438105
0.437044
0.435979
0.434911
0.433841
0.432769
0.431696
0.430623
0.42955
0.428479
0.427408
0.42634
0.425274
0.424211
0.423151
0.422095
0.421044
0.419996
0.418954
0.417917
0.416886
0.41586
0.41484
0.413826
0.412818
0.411817
0.410822
0.409834
0.408852
0.407877
0.406909
0.405947
0.404992
0.404043
0.403101
0.402165
0.401235
0.400311
0.399393
0.398481
0.397575
0.396673
0.395777
0.394886
0.394
0.393118
0.39224
0.391366
0.390496
0.38963
0.388767
0.387906
0.387049
0.386194
0.385342
0.384491
0.383643
0.382796
0.381951
0.381107
0.380264
0.379422
0.378581
0.377741
0.376901
0.376062
0.375223
0.374385
0.373547
0.37271
0.371873
0.371037
0.370201
0.369366
0.368532
0.367699
0.366868
0.366037
0.365209
0.364382
0.363558
0.362736
0.361917
0.361102
0.360291
0.359484
0.358682
0.357885
0.357094
0.35631
0.355533
0.354764
0.354003
0.353251
0.35251
0.351779
0.351059
0.350352
0.349658
0.348977
0.348312
0.347662
0.347029
0.346414
0.345817
0.345239
0.344682
0.344146
0.343633
0.343143
0.342677
0.342236
0.341822
0.341435
0.341076
0.340746
0.340446
0.340177
0.339941
0.339736
0.339566
0.33943
0.339329
0.339265
0.339237
0.339246
0.339294
0.339381
0.339507
0.339673
0.339879
0.340127
0.340415
0.340745
0.341118
0.341532
0.341989
0.342488
0.34303
0.343614
0.344241
0.344911
0.345623
0.346377
0.347172
0.34801
0.348888
0.349807
0.350766
0.351765
0.352803
0.35388
0.354994
0.356145
0.357332
0.358554
0.359811
0.361102
0.362424
0.363779
0.365164
0.366578
0.368021
0.369491
0.370987
0.372507
0.374051
0.375618
0.377206
0.378814
0.38044
0.382083
0.383743
0.385417
0.387105
0.388804
0.390515
0.392234
0.393962
0.395696
0.397436
0.39918
0.400927
0.402675
0.404423
0.40617
0.407914
0.409655
0.411391
0.413121
0.414843
0.416557
0.41826
0.419953
0.421634
0.423301
0.424954
0.426591
0.428212
0.429815
0.4314
0.432965
0.434509
0.436032
0.437532
0.439008
0.44046
0.441887
0.443288
0.444662
0.446009
0.447327
0.448615
0.449874
0.451102
0.452299
0.453464
0.454597
0.455696
0.456762
0.457794
0.458791
0.459753
0.460679
0.461569
0.462423
0.46324
0.464019
0.464761
