
Objective value: 
42065.8
717347
874394
745737
746420
747756
748583
748941
749198
749259
749099
748858
748658
748526
748439
748364
748289
748220
748164
748122
748092
748070
748056
748049
748044
748025
747966
747855
747707
747553
747413
747298
747211
747151
747114
747099
747102
747117
747131
747128
747095
747033
746952
746863
746772
746686
746607
746539
746485
746446
746423
746414
746418
746431
746449
746467
746483
746494
746499
746496
746484
746462
746430
746389
746341
746288
746233
746180
746129
746084
746044
746008
745973
745938
745901
745862
745822
745782
745744
745709
745677
745648
745621
745596
745572
745551
745532
745517
745507
745502
745502
745507
745515
745524
745533
745540
745544
745545
745543
745538
745532
745523
745513
745502
745490
745479
745467
745457
745450
745447
745449
745457
745472
745493
745522
745556
745595
745637
745680
745724
745766
745807
745845
745883
745919
745955
745991
746026
746058
746088
746114
746134
746149
746157
746159
746155
746147
746136
746126
746119
746117
746123
746139
746165
746201
746245
746295
746349
746406
746463
746519
746573
746626
746676
746724
746772
746819
746866
746915
746965
747017
747072
747127
747183
747239
747292
747341
747386
747424
747455
747479
747496
747506
747510
747509
747504
747496
747486
747475
747462
747448
747433
747418
747402
747385
747368
747351
747336
747322
747310
747302
747299
747301
747309
747323
747344
747371
747403
747440
747482
747526
747571
747616
747660
747703
747742
747779
747813
747844
747873
747899
747923
747944
747963
747979
747991
747998
747999
747995
747984
747967
747943
747913
747877
747836
747791
747743
747693
747643
747593
747545
747499
747456
747417
747383
747353
747328
747308
747292
747281
747273
747268
747266
747265
747266
747267
747267
747266
747264
747259
747252
747243
747231
747218
747202
747184
747166
747147
747128
747109
747092
747075
747060
747048
747037
747029
747023
747018
747016
747015
747016
747016
747017
747017
747016
747012
747006
746997
746984
746967
746946
746921
746891
746857
746820
746778
746733
746684
746633
746578
746522
746463
746402
746340
746278
746215
746152
746091
746031
745972
745917
745864
745815
745770
745730
745695
745665
745641
745623
745612
745606
745607
745614
745627
745647
745672
745703
745739
745779
745822
745868
745916
745966
746015
746064
746111
746156
746197
746236
746271
746302
746329
746352
746372
746388
746400
746410
746418
746424
746428
746432
746436
746440
746445
746452
746461
746473
746489
746508
746533
746562
746597
746638
746686
746739
746800
746867
746940
747020
747105
747196
747290
747388
747487
747586
747684
747780
747871
747956
748034
748104
748166
748218
748262
748296
748321
748337
748346
748348
748343
748332
748316
748295
748271
748243
748212
748180
748146
748111
748075
748039
748004
747969
747935
747902
747871
747841
747812
747784
747758
747734
747710
747688
747667
747646
747626
747606
747587
747567
747547
747526
747505
747482
747459
747435
747410
747383
747356
747329
747301
747273
747245
747218
747191
747166
747143
747122
747103
747087
747074
747064
747058
747055
747057
747062
747072
747086
747104
747127
747153
747184
747218
747255
747296
747339
747385
747433
747483
747534
747585
747638
747690
747743
747795
747847
747898
747950
748001
748051
748102
748153
748205
748257
748310
748365
748421
748479
748539
748601
748666
748732
748801
748872
748945
749020
749096
749173
749250
749327
749402
749475
749546
749613
749676
749733
749786
749832
749872
749905
749932
749953
749968
749976
749979
749977
749970
749959
749944
749926
749906
749883
749859
749834
749808
749782
749757
749732
749708
749686
749666
749647
749631
749616
749604
749594
749586
749581
749577
749575
749574
749574
749575
749576
749578
749579
749579
749578
749577
749573
749568
749561
749551
749540
749526
749510
749492
749471
749449
749424
749397
749369
749340
749309
749277
749244
749210
749177
749143
749110
749078
749046
749016
748987
748961
748936
748915
748896
748880
748867
748858
748853
748852
748855
748862
748873
748889
748908
748932
748961
748993
749029
749069
749113
749160
749210
749263
749319
749376
749436
749497
749560
749623
749687
749751
749814
749878
749940
750002
750063
750122
750179
750235
750289
750341
750390
750438
750484
750527
750568
750607
750643
750678
750710
750740
750767
750792
750816
750836
750855
750872
750886
750898
750907
750915
750920
750923
750924
750923
750919
750913
750905
750895
750883
750868
750852
750833
750812
750789
750764
750737
750709
750678
750645
750611
750574
750536
750496
750455
750412
750368
750322
750274
750226
750176
750125
750074
750021
749967
749913
749859
749804
749749
749693
749638
749583
749528
749473
749419
749366
749314
749262
749212
749162
749114
749067
749022
748978
748936
748895
748856
748819
748784
748750
748718
748688
748660
748634
748609
748586
748566
748547
748529
748514
748500
748488
748478
748469
748462
748457
748454
748452
748451
748453
748456
748461
748467
748476
748486
748499
748513
748530
748549
748570
748594
748620
748650
748682
748718
748757
748799
748845
748894
748947
749004
749065
749130
749199
749271
749347
749427
749509
749595
749683
749773
749865
749957
750050
750142
750233
750322
750409
750493
750573
750648
750719
750785
750846
750901
750951
750995
751035
751069
751098
751123
751143
751159
751171
751179
751185
751187
751186
751183
751178
751171
751162
751151
751140
751127
751114
751099
751084
751069
751054
751038
751022
751007
750991
750975
750960
750944
750929
750914
750900
750885
750870
750856
750841
750827
750812
750797
750783
750767
750752
750736
750720
750703
750686
750668
750650
750631
750612
750592
750571
750550
750528
750505
750481
750457
750432
750407
750381
750354
750326
750298
750269
750240
750210
750180
750149
750118
750087
750055
750024
749992
749960
749928
749897
749865
749834
749804
749774
749744
749716
749688
749661
749635
749610
749587
749564
749543
749523
749504
749487
749471
749456
749442
749430
749419
749409
749399
749391
749383
749376
749369
749363
749356
749350
749344
749338
749331
749324
749317
749309
749301
749292
749283
749273
749262
749252
749240
749229
749217
749205
749193
749180
749168
749156
749145
749134
749123
749113
749103
749094
749086
749079
749073
749067
749063
749060
749057
749056
749056
749057
749059
749061
749065
749069
749074
749080
749087
749094
749101
749109
749118
749126
749134
749143
749152
749160
749169
749177
749186
749194
749202
749209
749217
749225
749232
749240
749248
749256
749264
749272
749281
749290
749300
749310
749321
749332
749344
749358
749371
749386
749402
749418
749435
749453
749471
749491
749510
749531
749551
749572
749593
749614
749635
749656
749676
749696
749715
749733
749751
749767
749782
749796
749809
749820
749830
749838
749845
749850
749854
749855
749856
749855
749852
749848
749842
749835
749826
749816
749805
749792
749779
749764
749749
749732
749715
749696
749677
749657
749637
749616
749594
749572
749550
749527
749503
749480
749456
749432
749408
749383
749359
749335
749310
749286
749261
749237
749213
749189
749165
749141
749118
749095
749073
749050
749028
749007
748986
748966
748947
748928
748910
748892
748876
748860
748845
748831
748819
748807
748797
748788
748780
748774
748769
748766
748764
748764
748766
748769
748774
748781
748790
748801
748814
748829
748846
748865
748887
748910
748935
748962
748992
749023
749056
749091
749128
749166
749206
749247
749290
749334
749379
749424
749471
749518
749565
749613
749661
749709
749757
749805
749853
749899
749946
749991
750036
750081
750124
750166
750207
750248
750287
750325
750363
750399
750434
750467
750500
750532
750562
750592
750620
750647
750672
750697
750720
750742
750763
750782
750800
750817
750832
750845
750857
750867
750876
750882
750887
750890
750891
750891
750888
750883
750876
750867
750855
750842
750826
750809
750789
750767
750743
750716
750688
750658
750626
750592
750556
750519
750479
750439
750396
750353
750308
750261
750214
750166
750117
750067
750016
749965
749913
749861
749809
749756
749704
749652
749599
749548
749496
749445
749394
749345
749295
749247
749200
749153
749108
749063
749020
748978
748937
748897
748859
748822
748786
748752
748720
748688
748659
748631
748604
748579
748556
748534
748514
748496
748480
748465
748452
748440
748431
748423
748417
748413
748411
748411
748413
748417
748422
748430
748439
748451
748464
748480
748498
748517
748539
748563
748588
748616
748646
748677
748710
748745
748782
748821
748861
748903
748946
748990
749036
749083
749130
749178
749227
749277
749327
749376
749426
749476
749526
749575
749623
749670
749717
749763
749807
749850
749892
749932
749971
750008
750044
750078
750110
750140
750169
750196
750221
750244
750266
750285
750304
750320
750335
750348
750360
750370
750379
750387
750393
750397
750400
750403
750403
750403
750401
750398
750395
750389
750383
750376
750368
750358
750348
750336
750323
750310
750295
750279
750263
750245
750226
750207
750186
750165
750143
750120
750096
750072
750047
750021
749995
749969
749942
749915
749888
749860
749833
749805
749778
749751
749724
749698
749672
749647
749623
749599
749576
749554
749533
749513
749495
749477
749461
749445
749432
749419
749408
749398
749390
749382
749377
749372
749369
749367
749367
749367
749369
749372
749376
749381
749387
749393
749400
749409
749417
749426
749436
749446
749456
749467
749478
749488
749499
749510
749521
749532
749542
749552
749562
749572
749581
749590
749599
749607
749615
749622
749629
749635
749641
749647
749652
749657
749661
749664
749667
749670
749672
749674
749675
749675
749675
749675
749674
749672
749670
749668
749665
749661
749657
749652
749647
749642
749635
749629
749621
749613
749605
749596
749587
749577
749567
749556
749545
749534
749522
749510
749497
749484
749471
749458
749445
749431
749418
749404
749390
749376
749363
749349
749336
749323
749310
749297
749284
749272
749261
749249
749238
749228
749218
749208
749199
749191
749183
749176
749169
749162
749156
749151
749146
749142
749137
749134
749131
749128
749125
749123
749120
749118
749116
749115
749113
749111
749109
749107
749105
749102
749100
749097
749093
749090
749085
749081
749076
749070
749064
749058
749051
749043
749035
749026
749017
749007
748996
748985
748973
748961
748948
748935
748921
748906
748891
748876
748860
748843
748826
748809
748791
748773
748754
748735
748715
748695
748675
748654
748633
748611
748589
748567
748545
748522
748499
748476
748452
748428
748404
748380
748356
748332
748307
748283
748258
748234
748209
748185
748161
748137
748113
748089
748066
748043
748020
747998
747976
747955
747935
747915
747896
747877
747860
747843
747827
747812
747797
747784
747772
747761
747751
747742
747735
747728
747723
747719
747716
747715
747714
747715
747718
747721
747726
747732
747739
747748
747757
747768
747780
747793
747807
747822
747838
747855
747873
747892
747911
747931
747952
747974
747996
748018
748042
748065
748089
748113
748137
748161
748186
748211
748235
748260
748284
748309
748333
748357
748381
748404
748428
748450
748473
748495
748516
748538
748558
748578
748598
748617
748635
748653
748670
748686
748702
748717
748732
748746
748759
748771
748783
748795
748805
748815
748825
748833
748841
748849
748856
748862
748868
748874
748879
748883
748887
748891
748894
748897
748899
748902
748904
748906
748907
748909
748910
748911
748913
748914
748915
748916
748917
748919
748920
748921
748923
748925
748927
748929
748931
748934
748937
748940
748944
748947
748952
748956
748961
748966
748971
748977
748983
748989
748996
749003
749010
749018
749026
749034
749043
749052
749061
749071
749081
749092
749102
749113
749125
749136
749148
749160
749173
749185
749198
749211
749225
749238
749252
749265
749279
749293
749306
749320
749333
749347
749360
749373
749385
749398
749410
749421
749432
749442
749452
749461
749469
749477
749483
749489
749493
749497
749499
749501
749501
749500
749497
749494
749489
749482
749474
749465
749454
749442
749428
749413
749397
749379
749359
749338
749316
749292
749267
749240
749213
749183
749153
749122
749089
749055
749020
748984
748947
748909
748871
748831
748791
748750
748709
748667
748625
748582
748539
748495
748452
748408
748365
748321
748277
748234
748191
748148
748106
748064
748022
747982
747942
747902
747864
747826
747789
747754
747719
747685
747653
747622
747593
747564
747538
747512
747489
747467
747447
747428
747411
747397
747384
747373
747365
747358
747354
747352
747352
747354
747359
747367
747376
747388
747403
747420
747440
747463
747488
747515
747545
747578
747614
747651
747692
747735
747780
747827
747877
747929
747983
748039
748097
748157
748218
748280
748344
748409
748475
748542
748609
748677
748745
748813
748880
748948
749014
749080
749145
749209
749271
749332
749391
749449
749505
749558
749610
749659
749706
749751
749793
749833
749870
749905
749937
749966
749993
750018
750039
750058
750075
750089
750100
750109
750115
750119
750121
750120
750118
750113
750105
750096
750085
750071
750056
750039
750021
750000
749978
749955
749930
749904
749876
749847
749818
749787
749755
749722
749689
749655
749620
749585
749550
749514
749478
749441
749405
749369
749333
749297
749261
749226
749191
749157
749124
749091
749059
749028
748998
748969
748941
748915
748889
748865
748843
748821
748802
748783
748767
748752
748739
748728
748718
748710
748704
748700
748698
748698
748700
748704
748710
748717
748727
748739
748752
748768
748785
748805
748826
748849
748874
748901
748930
748960
748992
749025
749060
749096
749134
749173
749213
749255
749297
749341
749385
749431
749477
749524
749571
749619
749667
749716
749765
749814
749863
749912
749961
750010
750059
750107
750155
750203
750250
750296
750342
750387
750432
750475
750518
750559
750600
750640
750679
750716
750753
750788
750822
750855
750887
750917
750947
750975
751001
751027
751051
751074
751095
751115
751134
751151
751167
751182
751196
751208
751218
751228
751236
751243
751249
751253
751256
751258
751258
751258
751256
751252
751248
751242
751236
751228
751218
751208
751197
751184
751170
751156
751140
751123
751105
751086
751066
751045
751022
750999
750975
750950
750925
750898
750870
750842
750812
750782
750751
750719
750687
750654
750620
750586
750551
750515
750479
750443
750406
750368
750331
750292
750254
750215
750176
750137
750098
750059
750020
749980
749941
749902
749863
749825
749786
749748
749710
749673
749636
749599
749564
749528
749494
749460
749426
749394
749362
749331
749301
749272
749244
749217
749191
749167
749143
749120
749099
749079
749061
749043
749028
749013
749000
748989
748978
748970
748963
748958
748954
748952
748952
748954
748957
748962
748969
748978
748989
749002
749017
749033
749052
749073
749096
749121
749148
749177
749209
749242
749278
749316
749357
749399
749444
749491
749541
749593
749647
749704
749763
749824
749887
749953
750021
750091
750164
750239
750315
750394
750475
750558
750643
750729
750818
750908
750999
751092
751186
751281
751377
751474
751571
751670
751768
751867
751965
752063
752161
752259
752355
752451
752545
752638
752729
752819
752907
752993
753076
753157
753236
753312
753385
753455
753523
753587
753648
753707
753761
753813
753861
753906
753947
753985
754020
754051
754079
754104
754125
754143
754158
754170
754178
754184
754186
754185
754182
754175
754166
754154
754139
754122
754102
754080
754056
754029
754000
753969
753936
753901
753864
753825
753785
753743
753700
753655
753609
753562
753514
753465
753415
753364
753312
753260
753208
753155
753101
753048
752995
752941
752888
752835
752782
752730
752679
752628
752578
752528
752480
752433
752387
752342
752298
752256
752215
752176
752139
752104
752070
752038
752008
751981
751955
751932
751911
751893
751876
751863
751852
751843
751838
751835
751835
751837
751843
751851
751862
751877
751894
751914
751937
751964
751993
752025
752060
752098
752139
752182
752229
752278
752329
752383
752440
752498
752559
752621
752685
752751
752818
752886
752956
753026
753097
753168
753239
753310
753381
753451
753520
753589
753657
753723
753788
753851
753912
753972
754029
754085
754138
754188
754237
754283
754326
754367
754405
754441
754474
754505
754533
754558
754581
754601
754619
754635
754648
754659
754668
754674
754679
754681
754681
754680
754676
754671
754664
754656
754645
754634
754621
754606
754590
754574
754556
754536
754516
754495
754474
754451
754428
754404
754380
754355
754330
754304
754278
754252
754226
754199
754173
754147
754120
754094
754068
754043
754017
753992
753968
753943
753920
753897
753874
753852
753831
753810
753790
753771
753753
753736
753719
753703
753688
753675
753662
753650
753639
753629
753620
753612
753606
753600
753595
753592
753589
753588
753588
753588
753590
753593
753597
753602
753608
753616
753624
753633
753643
753654
753667
753680
753693
753708
753724
753740
753758
753776
753794
753814
753834
753854
753876
753897
753920
753942
753965
753989
754013
754037
754061
754086
754111
754136
754161
754186
754212
754237
754262
754287
754313
754338
754362
754387
754412
754436
754460
754484
754507
754530
754553
754576
754598
754619
754641
754661
754682
754702
754721
754740
754759
754777
754794
754811
754828
754843
754859
754874
754888
754902
754915
754927
754940
754951
754962
754972
754982
754992
755000
755008
755016
755023
755030
755036
755041
755046
755050
755054
755057
755060
755062
755064
755066
755066
755067
755067
755066
755065
755063
755061
755059
755056
755053
755050
755046
755041
755037
755032
755026
755021
755015
755008
755002
754995
754987
754980
754972
754964
754956
754948
754939
754931
754922
754913
754904
754894
754885
754875
754866
754856
754846
754836
754827
754817
754807
754797
754787
754777
754768
754758
754748
754739
754729
754720
754711
754702
754693
754685
754676
754668
754660
754652
754645
754638
754631
754624
754618
754612
754607
754602
754597
754593
754589
754586
754583
754581
754580
754579
754578
754579
754579
754581
754583
754586
754590
754594
754600
754606
754613
754621
754629
754639
754649
754661
754673
754687
754701
754717
754734
754751
754770
754790
754811
754833
754856
754880
754906
754933
754960
754989
755019
755050
755082
755116
755150
755185
755221
755259
755297
755336
755376
755417
755459
755501
755544
755587
755631
755676
755721
755766
755812
755857
755903
755949
755995
756040
756085
756131
756175
756219
756263
756306
756348
756390
756430
756470
756508
756546
756582
756617
756651
756684
756715
756745
756773
756800
756825
756849
756871
756891
756910
756928
756943
756957
756970
756981
756990
756998
757004
757008
757011
757013
757013
757011
757008
757004
756999
756992
756984
756975
756964
756953
756940
756927
756913
756898
756882
756865
756848
756830
756811
756792
756773
756754
756734
756714
756694
756674
756653
756634
756614
756594
756575
756557
756538
756521
756504
756488
756472
756458
756444
756431
756420
756410
756400
756392
756386
756381
756377
756375
756374
756375
756378
756382
756389
756397
756407
756418
756432
756448
756465
756485
756507
756530
756556
756584
756614
756645
756679
756715
756753
756792
756834
756877
756922
756968
757017
757066
757118
757170
757224
757279
757335
757392
757449
757507
757566
757625
757684
757744
757803
757862
757921
757980
758037
758094
758151
758206
758260
758313
758365
758415
758463
758510
758556
758600
758641
758681
758720
758756
758790
758822
758852
758880
758906
758930
758952
758972
758990
759006
759020
759032
759042
759051
759057
759062
759065
759066
759065
759063
759059
759054
759048
759040
759031
759020
759008
758996
758982
758967
758951
758934
758917
758899
758880
758861
758841
758820
758800
758779
758757
758736
758714
758693
758672
758650
758629
758608
758588
758567
758548
758529
758510
758492
758475
758459
758443
758428
758415
758402
758391
758381
758372
758364
758357
758352
758349
758347
758347
758348
758351
758355
758362
758370
758380
758392
758406
758422
758440
758460
758482
758506
758532
758561
758592
758625
758660
758698
758738
758780
758824
758871
758920
758971
759025
759081
759139
759199
759261
759326
759392
759461
759531
759603
759677
759753
759830
759909
759989
760071
760154
760238
760323
760409
760495
760582
760670
760758
760846
760934
761022
761110
761198
761285
761372
761457
761542
761627
761710
761791
761872
761951
762029
762105
762180
762253
762324
762393
762461
762526
762590
762652
762712
762769
762825
762879
762931
762980
763028
763074
763117
763159
763199
763236
763272
763306
763338
763368
763397
763423
763448
763471
763492
763512
763530
763547
763562
763576
763588
763599
763608
763616
763623
763629
763633
763636
763639
763640
763640
763639
763638
763635
763631
763627
763622
763616
763610
763603
763595
763587
763578
763568
763559
763548
763538
763526
763515
763503
763491
763479
763466
763453
763440
763427
763414
763400
763387
763373
763360
763346
763332
763319
763305
763292
763278
763265
763251
763238
763225
763212
763199
763187
763174
763162
763150
763138
763126
763115
763104
763093
763082
763072
763061
763052
763042
763033
763024
763016
763007
762999
762992
762985
762978
762972
762966
762961
762956
762951
762947
762943
762940
762938
762936
762934
762933
762933
762933
762934
762935
762938
762940
762944
762948
762953
762959
762966
762973
762981
762991
763001
763011
763023
763036
763050
763065
763080
763097
763115
763134
763154
763175
763198
763221
763023
763005
762987
762969
762951
762932
762914
762896
762878
762860
762842
762824
762806
762788
762770
762751
762733
762715
762697
762679
762661
762643
762624
762606
762588
762570
762552
762534
762515
762497
762479
762461
762442
762424
762406
762388
762369
762351
762333
762315
762296
762278
762260
762241
762223
762205
762186
762168
762150
762131
762113
762095
762076
762058
762040
762021
762003
761985
761966
761948
761929
761911
761893
761874
761856
761838
761819
761801
761783
761764
761746
761728
761710
761691
761673
761655
761636
761618
761600
761582
761563
761545
761527
761509
761490
761472
761454
761436
761418
761400
761381
761363
761345
761327
761309
761291
761273
761255
761237
761218
761200
761182
761164
761146
761128
761110
761092
761074
761057
761039
761021
761003
760985
760967
760949
760931
760913
760896
760878
760860
760842
760825
760807
760789
760771
760754
760736
760718
760701
760683
760665
760648
760630
760613
760595
760578
760560
760543
760525
760508
760490
760473
760455
760438
760421
760403
760386
760369
760351
760334
760317
760299
760282
760265
760248
760230
760213
760196
760179
760162
760145
760127
760110
760093
760076
760059
760042
760025
760008
759991
759974
759957
759940
759923
759906
759889
759872
759855
759838
759821
759804
759787
759770
759753
759736
759719
759703
759686
759669
759652
759635
759618
759601
759585
759568
759551
759534
759517
759501
759484
759467
759450
759434
759417
759400
759383
759367
759350
759333
759317
759300
759283
759266
759250
759233
759216
759200
759183
759166
759150
759133
759116
759099
759083
759066
759049
759033
759016
758999
758983
758966
758949
758933
758916
758899
758883
758866
758849
758833
758816
758799
758783
758766
758749
758733
758716
758699
758683
758666
758649
758633
758616
758599
758583
758566
758549
758533
758516
758499
758483
758466
758449
758433
758416
758399
758383
758366
758349
758333
758316
758299
758283
758266
758249
758233
758216
758200
758183
758166
758150
758133
758116
758100
758083
758067
758050
758033
758017
758000
757983
757967
757950
757934
757917
757900
757884
757867
757851
757834
757818
757801
757785
757768
757751
757735
757718
757702
757685
757669
757652
757636
757620
757603
757587
757570
757554
757537
757521
757505
757488
757472
757456
757439
757423
757407
757390
757374
757358
757342
757325
757309
757293
757277
757261
757245
757228
757212
757196
757180
757164
757148
757132
757116
757100
757085
757069
757053
757037
757021
757005
756990
756974
756958
756942
756927
756911
756895
756880
756864
756849
756833
756818
756802
756787
756771
756756
756740
756725
756710
756694
756679
756664
756649
756633
756618
756603
756588
756573
756558
756542
756527
756512
756497
756482
756467
756452
756437
756423
756408
756393
756378
756363
756348
756333
756319
756304
756289
756274
756260
756245
756230
756216
756201
756186
756172
756157
756143
756128
756113
756099
756084
756070
756055
756041
756026
756012
755997
755983
755968
755954
755939
755925
755911
755896
755882
755867
755853
755838
755824
755810
755795
755781
755766
755752
755738
755723
755709
755694
755680
755666
755651
755637
755622
755608
755594
755579
755565
755550
755536
755521
755507
755492
755478
755464
755449
755435
755420
755406
755391
755377
755362
755348
755333
755319
755304
755289
755275
755260
755246
755231
755216
755202
755187
755173
755158
755143
755129
755114
755099
755084
755070
755055
755040
755025
755010
754996
754981
754966
754951
754936
754921
754906
754891
754876
754862
754847
754832
754817
754801
754786
754771
754756
754741
754726
754711
754696
754681
754665
754650
754635
754620
754604
754589
754574
754559
754543
754528
754513
754497
754482
754466
754451
754436
754420
754405
754389
754374
754358
754343
754327
754312
754296
754281
754265
754250
754234
754218
754203
754187
754172
754156
754141
754125
754109
754094
754078
754062
754047
754031
754016
754000
753984
753969
753953
753938
753922
753906
753891
753875
753860
753844
753829
753813
753798
753782
753767
753751
753736
753720
753705
753689
753674
753658
753643
753628
753612
753597
753582
753566
753551
753536
753521
753506
753490
753475
753460
753445
753430
753415
753400
753385
753370
753355
753340
753325
753310
753295
753281
753266
753251
753236
753222
753207
753192
753178
753163
753149
753134
753120
753105
753091
753076
753062
753048
753034
753019
753005
752991
752977
752963
752949
752935
752921
752907
752893
752879
752865
752851
752837
752824
752810
752796
752783
752769
752755
752742
752728
752715
752701
752688
752675
752661
752648
752635
752621
752608
752595
752582
752569
752555
752542
752529
752516
752503
752490
752477
752464
752452
752439
752426
752413
752400
752387
752375
752362
752349
752337
752324
752311
752299
752286
752274
752261
752249
752236
752224
752211
752199
752186
752174
752161
752149
752137
752124
752112
752099
752087
752075
752062
752050
752038
752026
752013
752001
751989
751977
751964
751952
751940
751927
751915
751903
751891
751879
751866
751854
751842
751830
751817
751805
751793
751780
751768
751756
751744
751731
751719
751707
751694
751682
751670
751657
751645
751633
751620
751608
751595
751583
751571
751558
751546
751533
751521
751508
751496
751483
751470
751458
751445
751433
751420
751407
751395
751382
751369
751356
751344
751331
751318
751305
751292
751279
751267
751254
751241
751228
751215
751202
751189
751176
751163
751150
751136
751123
751110
751097
751084
751071
751057
751044
751031
751017
751004
750991
750977
750964
750951
750937
750924
750910
750897
750883
750870
750856
750843
750829
750816
750802
750788
750775
750761
750747
750734
750720
750706
750693
750679
750665
750651
750638
750624
750610
750596
750582
750568
750555
750541
750527
750513
750499
750485
750471
750458
750444
750430
750416
750402
750388
750374
750360
750346
750332
750319
750305
750291
750277
750263
750249
750235
750221
750207
750193
750179
750165
750152
750138
750124
750110
750096
750082
750068
750054
750041
750027
750013
749999
749985
749971
749958
749944
749930
749916
749903
749889
749875
749861
749848
749834
749820
749807
749793
749779
749766
749752
749739
749725
749712
749698
749684
749671
749658
749644
749631
749617
749604
749590
749577
749564
749550
749537
749524
749511
749497
749484
749471
749458
749445
749432
749419
749405
749392
749379
749366
749353
749341
749328
749315
749302
749289
749276
749263
749251
749238
749225
749212
749200
749187
749175
749162
749149
749137
749124
749112
749099
749087
749075
749062
749050
749038
749025
749013
749001
748988
748976
748964
748952
748940
748928
748916
748904
748892
748880
748868
748856
748844
748832
748820
748808
748796
748785
748773
748761
748749
748738
748726
748714
748703
748691
748680
748668
748656
748645
748633
748622
748610
748599
748588
748576
748565
748553
748542
748531
748519
748508
748497
748486
748474
748463
748452
748441
748430
748419
748407
748396
748385
748374
748363
748352
748341
748330
748319
748308
748297
748286
748275
748264
748253
748242
748231
748220
748209
748199
748188
748177
748166
748155
748144
748133
748123
748112
748101
748090
748079
748069
748058
748047
748036
748026
748015
748004
747993
747983
747972
747961
747950
747940
747929
747918
747908
747897
747886
747876
747865
747854
747844
747833
747822
747811
747801
747790
747779
747769
747758
747747
747737
747726
747715
747705
747694
747683
747673
747662
747651
747641
747630
747619
747608
747598
747587
747576
747566
747555
747544
747533
747523
747512
747501
747490
747480
747469
747458
747447
747437
747426
747415
747404
747393
747383
747372
747361
747350
747339
747328
747318
747307
747296
747285
747274
747263
747252
747241
747230
747219
747208
747197
747186
747175
747164
747153
747142
747131
747120
747109
747098
747087
747076
747065
747053
747042
747031
747020
747009
746998
746986
746975
746964
746953
746941
746930
746919
746907
746896
746885
746873
746862
746851
746839
746828
746817
746805
746794
746782
746771
746759
746748
746736
746725
746713
746702
746690
746679
746667
746656
746644
746632
746621
746609
746597
746586
746574
746562
746551
746539
746527
746516
746504
746492
746480
746469
746457
746445
746433
746422
746410
746398
746386
746374
746363
746351
746339
746327
746315
746303
746291
746280
746268
746256
746244
746232
746220
746208
746196
746184
746172
746161
746149
746137
746125
746113
746101
746089
746077
746065
746053
746041
746029
746017
746005
745993
745981
745970
745958
745946
745934
745922
745910
745898
745886
745874
745862
745850
745838
745826
745815
745803
745791
745779
745767
745755
745743
745732
745720
745708
745696
745684
745672
745661
745649
745637
745625
745614
745602
745590
745578
745567
745555
745543
745532
745520
745508
745497
745485
745474
745462
745451
745439
745428
745416
745405
745393
745382
745370
745359
745347
745336
745325
745313
745302
745291
745280
745268
745257
745246
745235
745224
745213
745201
745190
745179
745168
745157
745146
745135
745124
745114
745103
745092
745081
745070
745060
745049
745038
745027
745017
745006
744996
744985
744974
744964
744953
744943
744933
744922
744912
744901
744891
744881
744871
744860
744850
744840
744830
744820
744810
744800
744790
744780
744770
744760
744750
744740
744730
744720
744710
744701
744691
744681
744671
744662
744652
744642
744633
744623
744614
744604
744595
744585
744576
744566
744557
744547
744538
744529
744519
744510
744501
744492
744482
744473
744464
744455
744445
744436
744427
744418
744409
744400
744391
744382
744373
744364
744355
744346
744337
744328
744319
744310
744301
744292
744283
744274
744265
744256
744247
744238
744229
744220
744211
744203
744194
744185
744176
744167
744158
744149
744140
744131
744123
744114
744105
744096
744087
744078
744069
744060
744052
744043
744034
744025
744016
744007
743998
743989
743980
743971
743962
743953
743944
743935
743926
743917
743908
743899
743890
743881
743872
743863
743854
743845
743836
743826
743817
743808
743799
743790
743781
743771
743762
743753
743744
743734
743725
743716
743706
743697
743688
743678
743669
743659
743650
743640
743631
743621
743612
743602
743593
743583
743574
743564
743555
743545
743535
743526
743516
743506
743496
743487
743477
743467
743457
743447
743438
743428
743418
743408
743398
743388
743378
743368
743358
743348
743338
743328
743318
743308
743298
743288
743278
743268
743258
743247
743237
743227
743217
743207
743196
743186
743176
743166
743156
743145
743135
743125
743114
743104
743094
743083
743073
743063
743053
743042
743032
743021
743011
743001
742990
742980
742970
742959
742949
742939
742928
742918
742907
742897
742887
742876
742866
742856
742845
742835
742825
742814
742804
742794
742783
742773
742763
742752
742742
742732
742722
742711
742701
742691
742681
742670
742660
742650
742640
742630
742620
742609
742599
742589
742579
742569
742559
742549
742539
742529
742519
742509
742499
742489
742479
742469
742459
742450
742440
742430
742420
742410
742401
742391
742381
742371
742362
742352
742343
742333
742323
742314
742304
742295
742285
742276
742266
742257
742247
742238
742229
742219
742210
742201
742191
742182
742173
742164
742154
742145
742136
742127
742118
742109
742100
742091
742082
742073
742064
742055
742046
742037
742028
742019
742010
742001
741992
741984
741975
741966
741957
741949
741940
741931
741923
741914
741905
741897
741888
741879
741871
741862
741854
741845
741837
741828
741820
741811
741803
741794
741786
741777
741769
741761
741752
741744
741735
741727
741719
741710
741702
741694
741685
741677
741669
741661
741652
741644
741636
741627
741619
741611
741603
741595
741586
741578
741570
741562
741553
741545
741537
741529
741521
741513
741504
741496
741488
741480
741472
741463
741455
741447
741439
741431
741422
741414
741406
741398
741390
741382
741373
741365
741357
741349
741341
741332
741324
741316
741308
741299
741291
741283
741275
741266
741258
741250
741242
741233
741225
741217
741209
741200
741192
741184
741175
741167
741159
741150
741142
741134
741125
741117
741109
741100
741092
741083
741075
741067
741058
741050
741041
741033
741024
741016
741007
740999
740990
740982
740973
740965
740956
740948
740939
740931
740922
740914
740905
740897
740888
740879
740871
740862
740854
740845
740836
740828
740819
740810
740802
740793
740784
740776
740767
740758
740750
740741
740732
740724
740715
740706
740698
740689
740680
740671
740663
740654
740645
740636
740628
740619
740610
740601
740593
740584
740575
740566
740557
740549
740540
740531
740522
740514
740505
740496
740487
740478
740470
740461
740452
740443
740434
740426
740417
740408
740399
740390
740382
740373
740364
740355
740347
740338
740329
740320
740311
740303
740294
740285
740276
740268
740259
740250
740241
740233
740224
740215
740206
740198
740189
740180
740172
740163
740154
740145
740137
740128
740119
740111
740102
740093
740085
740076
740067
740059
740050
740042
740033
740024
740016
740007
739999
739990
739981
739973
739964
739956
739947
739939
739930
739922
739913
739905
739896
739888
739879
739871
739862
739854
739845
739837
739828
739820
739812
739803
739795
739787
739778
739770
739761
739753
739745
739736
739728
739720
739712
739703
739695
739687
739679
739670
739662
739654
739646
739637
739629
739621
739613
739605
739597
739588
739580
739572
739564
739556
739548
739540
739532
739524
739516
739508
739500
739492
739484
739476
739468
739460
739452
739444
739436
739428
739420
739412
739404
739396
739388
739380
739373
739365
739357
739349
739341
739333
739326
739318
739310
739302
739295
739287
739279
739271
739264
739256
739248
739241
739233
739225
739218
739210
739202
739195
739187
739179
739172
739164
739157
739149
739141
739134
739126
739119
739111
739104
739096
739089
739081
739074
739066
739059
739051
739044
739037
739029
739022
739014
739007
738999
738992
738985
738977
738970
738963
738955
738948
738941
738933
738926
738919
738911
738904
738897
738889
738882
738875
738868
738860
738853
738846
738839
738831
738824
738817
738810
738802
738795
738788
738781
738774
738766
738759
738752
738745
738738
738731
738723
738716
738709
738702
738695
738688
738681
738673
738666
738659
738652
738645
738638
738631
738624
738616
738609
738602
738595
738588
738581
738574
738567
738560
738552
738545
738538
738531
738524
738517
738510
738503
738496
738489
738481
738474
738467
738460
738453
738446
738439
738432
738425
738418
738410
738403
738396
738389
738382
738375
738368
738361
738353
738346
738339
738332
738325
738318
738311
738303
738296
738289
738282
738275
738268
738260
738253
738246
738239
738232
738225
738217
738210
738203
738196
738188
738181
738174
738167
738160
738152
738145
738138
738131
738123
738116
738109
738101
738094
738087
738080
738072
738065
738058
738050
738043
738036
738028
738021
738014
738006
737999
737991
737984
737977
737969
737962
737955
737947
737940
737932
737925
737917
737910
737903
737895
737888
737880
737873
737865
737858
737850
737843
737835
737828
737821
737813
737806
737798
737791
737783
737776
737768
737761
737753
737746
737738
737731
737723
737716
737708
737700
737693
737685
737678
737670
737663
737655
737648
737640
737633
737625
737618
737610
737603
737595
737588
737580
737573
737565
737558
737550
737543
737535
737528
737520
737513
737505
737498
737490
737483
737475
737468
737460
737453
737445
737438
737431
737423
737416
737408
737401
737394
737386
737379
737371
737364
737357
737349
737342
737335
737327
737320
737313
737305
737298
737291
737284
737276
737269
737262
737255
737247
737240
737233
737226
737219
737211
737204
737197
737190
737183
737176
737169
737162
737155
737148
737141
737133
737126
737119
737112
737105
737098
737092
737085
737078
737071
737064
737057
737050
737043
737036
737029
737023
737016
737009
737002
736995
736989
736982
736975
736968
736962
736955
736948
736941
736935
736928
736921
736915
736908
736901
736895
736888
736882
736875
736868
736862
736855
736849
736842
736836
736829
736823
736816
736810
736803
736797
736790
736784
736777
736771
736764
736758
736751
736745
736738
736732
736726
736719
736713
736706
736700
736693
736687
736681
736674
736668
736661
736655
736649
736642
736636
736630
736623
736617
736610
736604
736598
736591
736585
736579
736572
736566
736559
736553
736547
736540
736534
736527
736521
736515
736508
736502
736495
736489
736483
736476
736470
736463
736457
736451
736444
736438
736431
736425
736418
736412
736406
736399
736393
736386
736380
736373
736367
736360
736354
736347
736341
736334
736328
736321
736315
736308
736302
736295
736288
736282
736275
736269
736262
736256
736249
736242
736236
736229
736223
736216
736209
736203
736196
736189
736183
736176
736170
736163
736156
736150
736143
736136
736130
736123
736116
736109
736103
736096
736089
736083
736076
736069
736063
736056
736049
736042
736036
736029
736022
736015
736009
736002
735995
735989
735982
735975
735968
735962
735955
735948
735941
735935
735928
735921
735914
735908
735901
735894
735888
735881
735874
735867
735861
735854
735847
735841
735834
735827
735820
735814
735807
735800
735794
735787
735780
735774
735767
735761
735754
735747
735741
735734
735728
735721
735714
735708
735701
735695
735688
735682
735675
735669
735662
735656
735649
735643
735636
735630
735623
735617
735610
735604
735598
735591
735585
735579
735572
735566
735560
735553
735547
735541
735534
735528
735522
735516
735509
735503
735497
735491
735485
735479
735472
735466
735460
735454
735448
735442
735436
735430
735424
735418
735412
735406
735400
735394
735388
735382
735376
735370
735364
735358
735353
735347
735341
735335
735329
735323
735318
735312
735306
735300
735295
735289
735283
735277
735272
735266
735260
735255
735249
735243
735238
735232
735227
735221
735215
735210
735204
735199
735193
735187
735182
735176
735171
735165
735160
735154
735149
735143
735138
735132
735127
735122
735116
735111
735105
735100
735094
735089
735083
735078
735073
735067
735062
735056
735051
735046
735040
735035
735029
735024
735019
735013
735008
735002
734997
734992
734986
734981
734976
734970
734965
734959
734954
734949
734943
734938
734932
734927
734922
734916
734911
734906
734900
734895
734889
734884
734878
734873
734868
734862
734857
734851
734846
734840
734835
734829
734824
734819
734813
734808
734802
734797
734791
734786
734780
734775
734769
734763
734758
734752
734747
734741
734736
734730
734725
734719
734713
734708
734702
734696
734691
734685
734680
734674
734668
734663
734657
734651
734645
734640
734634
734628
734623
734617
734611
734605
734600
734594
734588
734582
734576
734571
734565
734559
734553
734547
734541
734536
734530
734524
734518
734512
734506
734500
734494
734488
734482
734476
734471
734465
734459
734453
734447
734441
734435
734429
734423
734417
734411
734405
734399
734393
734387
734381
734375
734368
734362
734356
734350
734344
734338
734332
734326
734320
734314
734308
734302
734296
734290
734283
734277
734271
734265
734259
734253
734247
734241
734235
734228
734222
734216
734210
734204
734198
734192
734186
734180
734174
734167
734161
734155
734149
734143
734137
734131
734125
734119
734113
734107
734101
734094
734088
734082
734076
734070
734064
734058
734052
734046
734040
734034
734028
734022
734016
734010
734004
733998
733992
733986
733980
733974
733968
733963
733957
733951
733945
733939
733933
733927
733921
733915
733910
733904
733898
733892
733886
733880
733875
733869
733863
733857
733852
733846
733840
733834
733829
733823
733817
733812
733806
733800
733795
733789
733783
733778
733772
733767
733761
733755
733750
733744
733739
733733
733728
733722
733717
733711
733706
733700
733695
733689
733684
733679
733673
733668
733662
733657
733652
733646
733641
733636
733630
733625
733620
733614
733609
733604
733598
733593
733588
733583
733578
733572
733567
733562
733557
733552
733546
733541
733536
733531
733526
733521
733516
733510
733505
733500
733495
733490
733485
733480
733475
733470
733465
733460
733455
733450
733445
733440
733435
733430
733425
733420
733415
733410
733405
733400
733395
733390
733385
733380
733376
733371
733366
733361
733356
733351
733346
733341
733336
733331
733327
733322
733317
733312
733307
733302
733298
733293
733288
733283
733278
733273
733269
733264
733259
733254
733249
733244
733240
733235
733230
733225
733220
733216
733211
733206
733201
733196
733192
733187
733182
733177
733172
733168
733163
733158
733153
733149
733144
733139
733134
733129
733125
733120
733115
733110
733105
733101
733096
733091
733086
733081
733077
733072
733067
733062
733058
733053
733048
733043
733038
733034
733029
733024
733019
733014
733010
733005
733000
732995
732990
732985
732981
732976
732971
732966
732961
732957
732952
732947
732942
732937
732932
732928
732923
732918
732913
732908
732903
732898
732894
732889
732884
732879
732874
732869
732865
732860
732855
732850
732845
732840
732835
732830
732826
732821
732816
732811
732806
732801
732796
732791
732787
732782
732777
732772
732767
732762
732757
732752
732747
732742
732738
732733
732728
732723
732718
732713
732708
732703
732698
732693
732688
732684
732679
732674
732669
732664
732659
732654
732649
732644
732639
732634
732629
732624
732619
732615
732610
732605
732600
732595
732590
732585
732580
732575
732570
732565
732560
732555
732550
732545
732541
732536
732531
732526
732521
732516
732511
732506
732501
732496
732491
732486
732481
732476
732471
732467
732462
732457
732452
732447
732442
732437
732432
732427
732422
732417
732412
732408
732403
732398
732393
732388
732383
732378
732373
732368
732363
732358
732354
732349
732344
732339
732334
732329
732324
732319
732315
732310
732305
732300
732295
732290
732285
732281
732276
732271
732266
732261
732256
732251
732247
732242
732237
732232
732227
732223
732218
732213
732208
732203
732199
732194
732189
732184
732179
732175
732170
732165
732160
732156
732151
732146
732141
732137
732132
732127
732122
732118
732113
732108
732104
732099
732094
732090
732085
732080
732075
732071
732066
732061
732057
732052
732048
732043
732038
732034
732029
732024
732020
732015
732010
732006
732001
731997
731992
731987
731983
731978
731974
731969
731965
731960
731955
731951
731946
731942
731937
731933
731928
731924
731919
731915
731910
731905
731901
731896
731892
731887
731883
731878
731874
731869
731865
731860
731856
731851
731847
731842
731838
731834
731829
731825
731820
731816
731811
731807
731802
731798
731793
731789
731784
731780
731776
731771
731767
731762
731758
731753
731749
731744
731740
731736
731731
731727
731722
731718
731713
731709
731704
731700
731696
731691
731687
731682
731678
731673
731669
731665
731660
731656
731651
731647
731642
731638
731634
731629
731625
731620
731616
731611
731607
731603
731598
731594
731589
731585
731580
731576
731571
731567
731563
731558
731554
731549
731545
731540
731536
731532
731527
731523
731518
731514
731509
731505
731500
731496
731492
731487
731483
731478
731474
731469
731465
731460
731456
731452
731447
731443
731438
731434
731429
731425
731420
731416
731412
731407
731403
731398
731394
731389
731385
731380
731376
731372
731367
731363
731358
731354
731349
731345
731341
731336
731332
731327
731323
731318
731314
731310
731305
731301
731296
731292
731288
731283
731279
731274
731270
731266
731261
731257
731252
731248
731244
731239
731235
731231
731226
731222
731218
731213
731209
731205
731200
731196
731192
731187
731183
731179
731174
731170
731166
731162
731157
731153
731149
731144
731140
731136
731132
731127
731123
731119
731115
731110
731106
731102
731098
731094
731089
731085
731081
731077
731073
731069
731064
731060
731056
731052
731048
731044
731040
731035
731031
731027
731023
731019
731015
731011
731007
731003
730999
730995
730991
730987
730983
730978
730974
730970
730966
730962
730958
730954
730950
730946
730942
730938
730934
730930
730927
730923
730919
730915
730911
730907
730903
730899
730895
730891
730887
730883
730879
730875
730871
730868
730864
730860
730856
730852
730848
730844
730840
730836
730833
730829
730825
730821
730817
730813
730809
730806
730802
730798
730794
730790
730786
730782
730779
730775
730771
730767
730763
730759
730756
730752
730748
730744
730740
730736
730732
730729
730725
730721
730717
730713
730709
730706
730702
730698
730694
730690
730686
730682
730679
730675
730671
730667
730663
730659
730655
730652
730648
730644
730640
730636
730632
730628
730624
730620
730617
730613
730609
730605
730601
730597
730593
730589
730585
730581
730577
730573
730570
730566
730562
730558
730554
730550
730546
730542
730538
730534
730530
730526
730522
730518
730514
730510
730506
730502
730498
730494
730490
730486
730482
730478
730474
730470
730466
730462
730458
730454
730450
730446
730442
730437
730433
730429
730425
730421
730417
730413
730409
730405
730401
730397
730393
730389
730384
730380
730376
730372
730368
730364
730360
730356
730352
730348
730343
730339
730335
730331
730327
730323
730319
730315
730311
730307
730302
730298
730294
730290
730286
730282
730278
730274
730270
730266
730261
730257
730253
730249
730245
730241
730237
730233
730229
730225
730221
730217
730213
730209
730204
730200
730196
730192
730188
730184
730180
730176
730172
730168
730164
730160
730156
730152
730148
730144
730140
730136
730132
730129
730125
730121
730117
730113
730109
730105
730101
730097
730093
730090
730086
730082
730078
730074
730070
730066
730063
730059
730055
730051
730047
730044
730040
730036
730032
730029
730025
730021
730018
730014
730010
730006
730003
729999
729995
729992
729988
729985
729981
729977
729974
729970
729967
729963
729959
729956
729952
729949
729945
729942
729938
729935
729931
729928
729924
729921
729917
729914
729910
729907
729903
729900
729897
729893
729890
729886
729883
729880
729876
729873
729870
729866
729863
729860
729856
729853
729850
729846
729843
729840
729836
729833
729830
729827
729823
729820
729817
729814
729810
729807
729804
729801
729797
729794
729791
729788
729784
729781
729778
729775
729772
729768
729765
729762
729759
729756
729752
729749
729746
729743
729740
729736
729733
729730
729727
729724
729720
729717
729714
729711
729708
729704
729701
729698
729695
729692
729688
729685
729682
729679
729675
729672
729669
729666
729662
729659
729656
729653
729649
729646
729643
729640
729636
729633
729630
729626
729623
729620
729616
729613
729610
729606
729603
729600
729596
729593
729590
729586
729583
729579
729576
729573
729569
729566
729562
729559
729555
729552
729549
729545
729542
729538
729535
729531
729528
729524
729521
729517
729513
729510
729506
729503
729499
729496
729492
729488
729485
729481
729477
729474
729470
729466
729463
729459
729455
729452
729448
729444
729441
729437
729433
729429
729426
729422
729418
729414
729411
729407
729403
729399
729395
729392
729388
729384
729380
729376
729373
729369
729365
729361
729357
729353
729349
729346
729342
729338
729334
729330
729326
729322
729318
729314
729311
729307
729303
729299
729295
729291
729287
729283
729279
729275
729271
729268
729264
729260
729256
729252
729248
729244
729240
729236
729232
729228
729224
729221
729217
729213
729209
729205
729201
729197
729193
729189
729186
729182
729178
729174
729170
729166
729162
729159
729155
729151
729147
729143
729139
729136
729132
729128
729124
729121
729117
729113
729109
729105
729102
729098
729094
729091
729087
729083
729080
729076
729072
729069
729065
729061
729058
729054
729050
729047
729043
729040
729036
729033
729029
729026
729022
729019
729015
729012
729008
729005
729001
728998
728994
728991
728988
728984
728981
728978
728974
728971
728968
728964
728961
728958
728955
728951
728948
728945
728942
728938
728935
728932
728929
728926
728923
728919
728916
728913
728910
728907
728904
728901
728898
728895
728892
728889
728886
728883
728880
728877
728874
728871
728868
728865
728862
728860
728857
728854
728851
728848
728845
728842
728840
728837
728834
728831
728828
728826
728823
728820
728817
728815
728812
728809
728807
728804
728801
728798
728796
728793
728790
728788
728785
728783
728780
728777
728775
728772
728769
728767
728764
728762
728759
728756
728754
728751
728749
728746
728744
728741
728738
728736
728733
728731
728728
728726
728723
728720
728718
728715
728713
728710
728708
728705
728703
728700
728698
728695
728692
728690
728687
728685
728682
728680
728677
728675
728672
728669
728667
728664
728662
728659
728657
728654
728651
728649
728646
728644
728641
728638
728636
728633
728631
728628
728625
728623
728620
728617
728615
728612
728609
728607
728604
728601
728599
728596
728593
728590
728588
728585
728582
728579
728577
728574
728571
728568
728566
728563
728560
728557
728554
728551
728549
728546
728543
728540
728537
728534
728531
728528
728525
728523
728520
728517
728514
728511
728508
728505
728502
728499
728496
728493
728490
728487
728484
728481
728477
728474
728471
728468
728465
728462
728459
728456
728453
728449
728446
728443
728440
728437
728433
728430
728427
728424
728421
728417
728414
728411
728408
728404
728401
728398
728394
728391
728388
728385
728381
728378
728375
728371
728368
728365
728361
728358
728354
728351
728348
728344
728341
728337
728334
728331
728327
728324
728320
728317
728314
728310
728307
728303
728300
728296
728293
728289
728286
728283
728279
728276
728272
728269
728265
728262
728258
728255
728251
728248
728244
728241
728238
728234
728231
728227
728224
728220
728217
728213
728210
728206
728203
728199
728196
728193
728189
728186
728182
728179
728175
728172
728169
728165
728162
728158
728155
728152
728148
728145
728141
728138
728135
728131
728128
728125
728121
728118
728115
728111
728108
728105
728101
728098
728095
728092
728088
728085
728082
728079
728075
728072
728069
728066
728062
728059
728056
728053
728050
728047
728044
728040
728037
728034
728031
728028
728025
728022
728019
728016
728013
728010
728007
728004
728001
727998
727995
727992
727989
727986
727983
727980
727977
727975
727972
727969
727966
727963
727960
727958
727955
727952
727949
727946
727944
727941
727938
727936
727933
727930
727928
727925
727922
727920
727917
727914
727912
727909
727907
727904
727901
727899
727896
727894
727891
727889
727886
727884
727881
727879
727876
727874
727872
727869
727867
727864
727862
727859
727857
727855
727852
727850
727848
727845
727843
727841
727838
727836
727834
727832
727829
727827
727825
727822
727820
727818
727816
727814
727811
727809
727807
727805
727802
727800
727798
727796
727794
727792
727789
727787
727785
727783
727781
727779
727776
727774
727772
727770
727768
727766
727763
727761
727759
727757
727755
727753
727751
727749
727746
727744
727742
727740
727738
727736
727734
727731
727729
727727
727725
727723
727721
727719
727716
727714
727712
727710
727708
727706
727703
727701
727699
727697
727695
727693
727690
727688
727686
727684
727681
727679
727677
727675
727673
727670
727668
727666
727663
727661
727659
727657
727654
727652
727650
727647
727645
727643
727640
727638
727636
727633
727631
727628
727626
727624
727621
727619
727616
727614
727611
727609
727607
727604
727602
727599
727597
727594
727591
727589
727586
727584
727581
727579
727576
727573
727571
727568
727566
727563
727560
727558
727555
727552
727550
727547
727544
727541
727539
727536
727533
727530
727528
727525
727522
727519
727516
727514
727511
727508
727505
727502
727499
727496
727494
727491
727488
727485
727482
727479
727476
727473
727470
727467
727464
727461
727458
727455
727452
727449
727446
727443
727440
727437
727434
727431
727428
727425
727422
727419
727416
727413
727410
727407
727404
727401
727397
727394
727391
727388
727385
727382
727379
727376
727373
727370
727366
727363
727360
727357
727354
727351
727348
727345
727341
727338
727335
727332
727329
727326
727323
727320
727316
727313
727310
727307
727304
727301
727298
727295
727292
727289
727286
727282
727279
727276
727273
727270
727267
727264
727261
727258
727255
727252
727249
727246
727243
727240
727237
727234
727231
727228
727225
727222
727219
727216
727214
727211
727208
727205
727202
727199
727196
727193
727191
727188
727185
727182
727179
727177
727174
727171
727168
727166
727163
727160
727157
727155
727152
727149
727147
727144
727142
727139
727136
727134
727131
727129
727126
727124
727121
727119
727116
727114
727111
727109
727106
727104
727101
727099
727097
727094
727092
727089
727087
727085
727082
727080
727078
727076
727073
727071
727069
727067
727064
727062
727060
727058
727056
727054
727051
727049
727047
727045
727043
727041
727039
727037
727035
727033
727031
727029
727027
727025
727023
727021
727019
727017
727015
727013
727011
727009
727007
727005
727003
727002
727000
726998
726996
726994
726992
726990
726989
726987
726985
726983
726981
726980
726978
726976
726974
726972
726971
726969
726967
726965
726964
726962
726960
726958
726957
726955
726953
726951
726950
726948
726946
726944
726943
726941
726939
726937
726936
726934
726932
726930
726929
726927
726925
726924
726922
726920
726918
726917
726915
726913
726911
726909
726908
726906
726904
726902
726901
726899
726897
726895
726893
726892
726890
726888
726886
726884
726882
726881
726879
726877
726875
726873
726871
726869
726867
726865
726863
726862
726860
726858
726856
726854
726852
726850
726848
726846
726844
726842
726840
726838
726836
726834
726831
726829
726827
726825
726823
726821
726819
726817
726815
726812
726810
726808
726806
726804
726801
726799
726797
726795
726792
726790
726788
726786
726783
726781
726779
726776
726774
726772
726769
726767
726765
726762
726760
726757
726755
726753
726750
726748
726745
726743
726740
726738
726735
726733
726730
726728
726725
726723
726720
726718
726715
726713
726710
726707
726705
726702
726700
726697
726694
726692
726689
726687
726684
726681
726679
726676
726673
726671
726668
726665
726663
726660
726657
726655
726652
726649
726647
726644
726641
726639
726636
726633
726630
726628
726625
726622
726620
726617
726614
726611
726609
726606
726603
726601
726598
726595
726592
726590
726587
726584
726582
726579
726576
726574
726571
726568
726566
726563
726560
726558
726555
726552
726550
726547
726544
726542
726539
726536
726534
726531
726528
726526
726523
726521
726518
726515
726513
726510
726508
726505
726503
726500
726498
726495
726492
726490
726487
726485
726483
726480
726478
726475
726473
726470
726468
726465
726463
726461
726458
726456
726453
726451
726449
726446
726444
726442
726439
726437
726435
726432
726430
726428
726426
726423
726421
726419
726417
726415
726412
726410
726408
726406
726404
726402
726399
726397
726395
726393
726391
726389
726387
726385
726383
726381
726379
726377
726375
726373
726371
726369
726367
726365
726363
726361
726359
726357
726355
726353
726351
726349
726347
726345
726344
726342
726340
726338
726336
726334
726332
726331
726329
726327
726325
726323
726322
726320
726318
726316
726314
726313
726311
726309
726307
726306
726304
726302
726301
726299
726297
726295
726294
726292
726290
726289
726287
726285
726283
726282
726280
726278
726277
726275
726273
726272
726270
726268
726267
726265
726263
726262
726260
726258
726257
726255
726253
726252
726250
726248
726247
726245
726243
726242
726240
726238
726237
726235
726233
726232
726230
726228
726226
726225
726223
726221
726220
726218
726216
726215
726213
726211
726209
726208
726206
726204
726202
726201
726199
726197
726195
726194
726192
726190
726188
726186
726185
726183
726181
726179
726177
726176
726174
726172
726170
726168
726166
726165
726163
726161
726159
726157
726155
726153
726151
726150
726148
726146
726144
726142
726140
726138
726136
726134
726132
726130
726128
726126
726124
726122
726120
726118
726116
726114
726112
726110
726108
726106
726104
726102
726100
726098
726096
726094
726092
726090
726087
726085
726083
726081
726079
726077
726075
726073
726071
726068
726066
726064
726062
726060
726058
726056
726053
726051
726049
726047
726045
726043
726040
726038
726036
726034
726032
726029
726027
726025
726023
726021
726018
726016
726014
726012
726009
726007
726005
726003
726001
725998
725996
725994
725992
725989
725987
725985
725983
725981
725978
725976
725974
725972
725969
725967
725965
725963
725961
725958
725956
725954
725952
725949
725947
725945
725943
725941
725938
725936
725934
725932
725930
725927
725925
725923
725921
725919
725917
725914
725912
725910
725908
725906
725904
725901
725899
725897
725895
725893
725891
725889
725886
725884
725882
725880
725878
725876
725874
725872
725870
725868
725866
725864
725862
725859
725857
725855
725853
725851
725849
725847
725845
725843
725841
725839
725837
725835
725833
725831
725830
725828
725826
725824
725822
725820
725818
725816
725814
725812
725810
725808
725807
725805
725803
725801
725799
725797
725795
725794
725792
725790
725788
725786
725785
725783
725781
725779
725778
725776
725774
725772
725770
725769
725767
725765
725764
725762
725760
725758
725757
725755
725753
725752
725750
725748
725747
725745
725743
725742
725740
725739
725737
725735
725734
725732
725730
725729
725727
725726
725724
725723
725721
725719
725718
725716
725715
725713
725712
725710
725709
725707
725706
725704
725702
725701
725699
725698
725696
725695
725693
725692
725690
725689
725687
725686
725684
725683
725682
725680
725679
725677
725676
725674
725673
725671
725670
725668
725667
725665
725664
725662
725661
725660
725658
725657
725655
725654
725652
725651
725649
725648
725647
725645
725644
725642
725641
725639
725638
725636
725635
725634
725632
725631
725629
725628
725626
725625
725623
725622
725620
725619
725618
725616
725615
725613
725612
725610
725609
725607
725606
725604
725603
725601
725600
725598
725597
725595
725594
725592
725591
725589
725588
725586
725585
725583
725582
725580
725579
725577
725576
725574
725573
725571
725569
725568
725566
725565
725563
725562
725560
725559
725557
725555
725554
725552
725551
725549
725547
725546
725544
725542
725541
725539
725538
725536
725534
725533
725531
725529
725528
725526
725524
725523
725521
725519
725518
725516
725514
725513
725511
725509
725507
725506
725504
725502
725501
725499
725497
725495
725494
725492
725490
725488
725487
725485
725483
725481
725479
725478
725476
725474
725472
725470
725469
725467
725465
725463
725461
725460
725458
725456
725454
725452
725450
725449
725447
725445
725443
725441
725439
725437
725436
725434
725432
725430
725428
725426
725424
725422
725421
725419
725417
725415
725413
725411
725409
725407
725405
725403
725402
725400
725398
725396
725394
725392
725390
725388
725386
725384
725383
725381
725379
725377
725375
725373
725371
725369
725367
725365
725363
725361
725360
725358
725356
725354
725352
725350
725348
725346
725344
725342
725341
725339
725337
725335
725333
725331
725329
725327
725325
725323
725322
725320
725318
725316
725314
725312
725310
725308
725307
725305
725303
725301
725299
725297
725295
725294
725292
725290
725288
725286
725284
725283
725281
725279
725277
725275
725274
725272
725270
725268
725266
725265
725263
725261
725259
725258
725256
725254
725252
725251
725249
725247
725245
725244
725242
725240
725238
725237
725235
725233
725232
725230
725228
725226
725225
725223
725221
725220
725218
725216
725215
725213
725212
725210
725208
725207
725205
725203
725202
725200
725199
725197
725195
725194
725192
725191
725189
725187
725186
725184
725183
725181
725180
725178
725176
725175
725173
725172
725170
725169
725167
725166
725164
725163
725161
725160
725158
725157
725155
725154
725152
725151
725149
725148
725146
725145
725143
725142
725140
725139
725137
725136
725135
725133
725132
725130
725129
725127
725126
725124
725123
725122
725120
725119
725117
725116
725114
725113
725112
725110
725109
725107
725106
725105
725103
725102
725100
725099
725098
725096
725095
725093
725092
725091
725089
725088
725086
725085
725084
725082
725081
725079
725078
725077
725075
725074
725073
725071
725070
725068
725067
725066
725064
725063
725061
725060
725059
725057
725056
725055
725053
725052
725050
725049
725048
725046
725045
725044
725042
725041
725039
725038
725037
725035
725034
725032
725031
725030
725028
725027
725026
725024
725023
725021
725020
725019
725017
725016
725014
725013
725012
725010
725009
725008
725006
725005
725003
725002
725001
724999
724998
724996
724995
724994
724992
724991
724990
724988
724987
724985
724984
724983
724981
724980
724978
724977
724976
724974
724973
724972
724970
724969
724967
724966
724965
724963
724962
724960
724959
724958
724956
724955
724954
724952
724951
724949
724948
724947
724945
724944
724943
724941
724940
724938
724937
724936
724934
724933
724932
724930
724929
724928
724926
724925
724923
724922
724921
724919
724918
724917
724915
724914
724913
724911
724910
724909
724907
724906
724905
724903
724902
724901
724899
724898
724897
724895
724894
724893
724891
724890
724889
724887
724886
724885
724883
724882
724881
724879
724878
724877
724875
724874
724873
724871
724870
724869
724867
724866
724865
724864
724862
724861
724860
724858
724857
724856
724854
724853
724852
724851
724849
724848
724847
724845
724844
724843
724841
724840
724839
724838
724836
724835
724834
724832
724831
724830
724828
724827
724826
724825
724823
724822
724821
724819
724818
724817
724815
724814
724813
724811
724810
724809
724808
724806
724805
724804
724802
724801
724800
724798
724797
724796
724794
724793
724792
724790
724789
724788
724786
724785
724783
724782
724781
724779
724778
724777
724775
724774
724773
724771
724770
724768
724767
724766
724764
724763
724761
724760
724759
724757
724756
724754
724753
724751
724750
724749
724747
724746
724744
724743
724741
724740
724739
724737
724736
724734
724733
724731
724730
724728
724727
724725
724724
724722
724721
724719
724718
724716
724715
724713
724712
724710
724709
724707
724706
724704
724703
724701
724700
724698
724696
724695
724693
724692
724690
724689
724687
724686
724684
724682
724681
724679
724678
724676
724675
724673
724671
724670
724668
724667
724665
724663
724662
724660
724659
724657
724656
724654
724652
724651
724649
724648
724646
724644
724643
724641
724640
724638
724636
724635
724633
724632
724630
724629
724627
724625
724624
724622
724621
724619
724618
724616
724614
724613
724611
724610
724608
724607
724605
724603
724602
724600
724599
724597
724596
724594
724593
724591
724590
724588
724587
724585
724584
724582
724581
724579
724578
724576
724575
724573
724572
724570
724569
724567
724566
724565
724563
724562
724560
724559
724557
724556
724555
724553
724552
724551
724549
724548
724546
724545
724544
724542
724541
724540
724538
724537
724536
724534
724533
724532
724531
724529
724528
724527
724525
724524
724523
724522
724520
724519
724518
724517
724516
724514
724513
724512
724511
724510
724508
724507
724506
724505
724504
724503
724501
724500
724499
724498
724497
724496
724495
724494
724493
724491
724490
724489
724488
724487
724486
724485
724484
724483
724482
724481
724480
724479
724478
724477
724476
724475
724474
724473
724472
724471
724470
724468
724467
724466
724465
724464
724464
724463
724462
724461
724460
724459
724458
724457
724456
724455
724454
724453
724452
724451
724450
724449
724448
724447
724446
724445
724444
724443
724442
724441
724440
724439
724438
724437
724436
724435
724434
724433
724432
724431
724430
724429
724428
724427
724426
724425
724424
724423
724422
724421
724420
724419
724418
724417
724416
724415
724414
724413
724412
724411
724410
724409
724408
724406
724405
724404
724403
724402
724401
724400
724399
724398
724397
724396
724394
724393
724392
724391
724390
724389
724388
724386
724385
724384
724383
724382
724381
724379
724378
724377
724376
724375
724373
724372
724371
724370
724369
724367
724366
724365
724364
724362
724361
724360
724359
724357
724356
724355
724354
724352
724351
724350
724348
724347
724346
724344
724343
724342
724340
724339
724338
724336
724335
724334
724332
724331
724330
724328
724327
724326
724324
724323
724322
724320
724319
724317
724316
724315
724313
724312
724311
724309
724308
724306
724305
724304
724302
724301
724300
724298
724297
724295
724294
724293
724291
724290
724288
724287
724286
724284
724283
724281
724280
724279
724277
724276
724274
724273
724272
724270
724269
724268
724266
724265
724263
724262
724261
724259
724258
724257
724255
724254
724253
724251
724250
724249
724247
724246
724245
724243
724242
724241
724239
724238
724237
724235
724234
724233
724232
724230
724229
724228
724227
724225
724224
724223
724222
724220
724219
724218
724217
724215
724214
724213
724212
724211
724209
724208
724207
724206
724205
724204
724202
724201
724200
724199
724198
724197
724196
724194
724193
724192
724191
724190
724189
724188
724187
724186
724185
724184
724183
724181
724180
724179
724178
724177
724176
724175
724174
724173
724172
724171
724170
724169
724168
724167
724166
724165
724164
724163
724163
724162
724161
724160
724159
724158
724157
724156
724155
724154
724153
724152
724151
724151
724150
724149
724148
724147
724146
724145
724144
724144
724143
724142
724141
724140
724139
724138
724138
724137
724136
724135
724134
724133
724132
724132
724131
724130
724129
724128
724127
724127
724126
724125
724124
724123
724123
724122
724121
724120
724119
724118
724118
724117
724116
724115
724114
724113
724113
724112
724111
724110
724109
724109
724108
724107
724106
724105
724104
724104
724103
724102
724101
724100
724099
724098
724098
724097
724096
724095
724094
724093
724092
724092
724091
724090
724089
724088
724087
724086
724085
724085
724084
724083
724082
724081
724080
724079
724078
724077
724076
724075
724075
724074
724073
724072
724071
724070
724069
724068
724067
724066
724065
724064
724063
724062
724061
724060
724059
724058
724057
724056
724055
724054
724053
724052
724051
724050
724049
724048
724047
724046
724045
724043
724042
724041
724040
724039
724038
724037
724036
724035
724034
724033
724031
724030
724029
724028
724027
724026
724025
724023
724022
724021
724020
724019
724018
724016
724015
724014
724013
724012
724010
724009
724008
724007
724006
724004
724003
724002
724001
724000
723998
723997
723996
723995
723993
723992
723991
723990
723988
723987
723986
723984
723983
723982
723981
723979
723978
723977
723975
723974
723973
723972
723970
723969
723968
723966
723965
723964
723962
723961
723960
723958
723957
723956
723955
723953
723952
723951
723949
723948
723947
723945
723944
723943
723941
723940
723939
723937
723936
723935
723933
723932
723931
723929
723928
723927
723925
723924
723923
723921
723920
723919
723917
723916
723915
723913
723912
723911
723909
723908
723907
723905
723904
723903
723901
723900
723899
723897
723896
723895
723894
723892
723891
723890
723888
723887
723886
723885
723883
723882
723881
723880
723878
723877
723876
723875
723873
723872
723871
723870
723868
723867
723866
723865
723863
723862
723861
723860
723859
723858
723856
723855
723854
723853
723852
723851
723849
723848
723847
723846
723845
723844
723843
723842
723840
723839
723838
723837
723836
723835
723834
723833
723832
723831
723830
723829
723828
723827
723826
723825
723824
723823
723822
723821
723820
723819
723818
723817
723816
723815
723814
723813
723812
723811
723810
723810
723809
723808
723807
723806
723805
723804
723804
723803
723802
723801
723800
723799
723799
723798
723797
723796
723795
723795
723794
723793
723792
723792
723791
723790
723790
723789
723788
723787
723787
723786
723785
723785
723784
723783
723783
723782
723781
723781
723780
723780
723779
723778
723778
723777
723777
723776
723775
723775
723774
723774
723773
723772
723772
723771
723771
723770
723770
723769
723769
723768
723768
723767
723767
723766
723766
723765
723765
723764
723764
723763
723763
723762
723762
723761
723761
723760
723760
723759
723759
723758
723758
723757
723757
723756
723756
723755
723755
723754
723754
723753
723753
723752
723752
723752
723751
723751
723750
723750
723749
723749
723748
723748
723747
723747
723746
723746
723745
723745
723744
723744
723743
723743
723742
723742
723741
723741
723740
723739
723739
723738
723738
723737
723737
723736
723736
723735
723734
723734
723733
723733
723732
723731
723731
723730
723730
723729
723728
723728
723727
723726
723726
723725
723724
723724
723723
723722
723721
723721
723720
723719
723718
723718
723717
723716
723715
723715
723714
723713
723712
723711
723711
723710
723709
723708
723707
723706
723706
723705
723704
723703
723702
723701
723700
723699
723698
723697
723696
723695
723695
723694
723693
723692
723691
723690
723689
723688
723687
723686
723684
723683
723682
723681
723680
723679
723678
723677
723676
723675
723674
723673
723671
723670
723669
723668
723667
723666
723665
723663
723662
723661
723660
723659
723657
723656
723655
723654
723653
723651
723650
723649
723648
723647
723645
723644
723643
723642
723640
723639
723638
723637
723635
723634
723633
723631
723630
723629
723628
723626
723625
723624
723623
723621
723620
723619
723617
723616
723615
723614
723612
723611
723610
723608
723607
723606
723605
723603
723602
723601
723599
723598
723597
723596
723594
723593
723592
723591
723589
723588
723587
723586
723584
723583
723582
723581
723579
723578
723577
723576
723575
723573
723572
723571
723570
723569
723567
723566
723565
723564
723563
723562
723560
723559
723558
723557
723556
723555
723554
723553
723551
723550
723549
723548
723547
723546
723545
723544
723543
723542
723541
723540
723539
723538
723537
723536
723535
723534
723533
723532
723531
723530
723529
723528
723527
723526
723525
723524
723523
723523
723522
723521
723520
723519
723518
723517
723517
723516
723515
723514
723513
723512
723512
723511
723510
723509
723508
723508
723507
723506
723505
723505
723504
723503
723503
723502
723501
723500
723500
723499
723498
723498
723497
723496
723496
723495
723494
723494
723493
723492
723492
723491
723490
723490
723489
723489
723488
723487
723487
723486
723486
723485
723484
723484
723483
723483
723482
723482
723481
723480
723480
723479
723479
723478
723478
723477
723477
723476
723476
723475
723474
723474
723473
723473
723472
723472
723471
723471
723470
723470
723469
723469
723468
723468
723467
723466
723466
723465
723465
723464
723464
723463
723463
723462
723462
723461
723461
723460
723460
723459
723459
723458
723457
723457
723456
723456
723455
723455
723454
723454
723453
723452
723452
723451
723451
723450
723450
723449
723449
723448
723447
723447
723446
723446
723445
723444
723444
723443
723443
723442
723441
723441
