
Objective value: 
121675
721743
842930
741978
742429
743266
743791
744003
744166
744208
744114
743964
743834
743746
743690
743640
743583
743527
743483
743452
743427
743403
743377
743353
743328
743294
743235
743144
743035
742926
742831
742758
742707
742677
742665
742668
742679
742687
742681
742655
742612
742558
742501
742445
742393
742347
742309
742281
742265
742261
742268
742280
742294
742305
742308
742304
742294
742279
742261
742241
742219
742194
742168
742142
742116
742092
742071
742054
742041
742028
742014
741994
741967
741933
741893
741851
741810
741772
741738
741710
741688
741671
741660
741654
741652
741653
741657
741661
741665
741669
741671
741671
741668
741662
741654
741643
741631
741619
741607
741597
741590
741587
741587
741592
741600
741610
741622
741635
741649
741663
741679
741696
741715
741736
741761
741789
741821
741859
741901
741949
742003
742061
742122
742185
742247
742306
742359
742406
742446
742477
742499
742513
742518
742518
742512
742502
742492
742483
742477
742477
742484
742497
742516
742540
742566
742593
742618
742641
742660
742676
742688
742697
742704
742710
742716
742723
742733
742746
742764
742785
742811
742840
742872
742906
742940
742972
743003
743031
743055
743077
743096
743112
743127
743141
743155
743169
743184
743198
743213
743227
743240
743252
743262
743271
743278
743283
743288
743292
743296
743300
743305
743312
743320
743329
743339
743350
743361
743371
743381
743388
743394
743396
743397
743394
743389
743382
743372
743362
743350
743339
743327
743315
743303
743292
743279
743267
743253
743237
743220
743201
743180
743158
743134
743110
743085
743060
743036
743013
742992
742974
742959
742948
742940
742936
742937
742942
742950
742963
742979
742999
743020
743043
743067
743090
743111
743129
743142
743151
743153
743150
743139
743123
743101
743074
743042
743007
742970
742930
742890
742848
742807
742766
742726
742687
742649
742613
742578
742544
742512
742482
742454
742427
742401
742377
742355
742335
742316
742299
742283
742269
742255
742244
742233
742223
742214
742205
742197
742190
742183
742176
742170
742164
742160
742155
742152
742150
742149
742150
742153
742157
742163
742171
742181
742194
742208
742225
742243
742263
742285
742307
742330
742354
742377
742401
742424
742446
742467
742487
742505
742522
742538
742552
742564
742574
742583
742590
742596
742600
742602
742604
742604
742603
742602
742599
742597
742594
742591
742588
742585
742583
742582
742583
742585
742589
742595
742603
742614
742629
742647
742668
742693
742723
742756
742794
742835
742880
742929
742980
743034
743089
743145
743200
743254
743305
743353
743396
743434
743465
743490
743509
743521
743527
743527
743520
743509
743492
743471
743446
743418
743386
743352
743316
743279
743240
743201
743161
743122
743083
743045
743009
742973
742939
742908
742878
742850
742825
742802
742781
742763
742748
742735
742724
742716
742711
742707
742706
742708
742711
742716
742723
742731
742741
742752
742764
742777
742790
742804
742818
742832
742845
742859
742873
742886
742899
742912
742925
742938
742950
742962
742975
742987
743000
743013
743026
743039
743052
743066
743080
743094
743108
743122
743137
743152
743166
743181
743196
743210
743225
743239
743253
743267
743281
743294
743308
743321
743335
743348
743362
743376
743390
743405
743421
743438
743456
743475
743495
743517
743539
743563
743589
743615
743643
743671
743700
743730
743759
743788
743817
743844
743869
743893
743914
743933
743948
743961
743970
743975
743977
743976
743972
743964
743953
743940
743924
743906
743886
743865
743842
743818
743793
743767
743742
743716
743691
743666
743641
743618
743595
743574
743554
743535
743518
743502
743487
743474
743463
743453
743444
743437
743430
743425
743421
743418
743415
743414
743412
743411
743410
743409
743409
743408
743407
743406
743405
743404
743403
743401
743400
743398
743397
743395
743394
743393
743393
743393
743393
743394
743396
743399
743402
743406
743411
743417
743424
743432
743440
743450
743461
743472
743484
743497
743511
743525
743540
743556
743572
743589
743606
743623
743641
743658
743676
743694
743712
743730
743747
743765
743782
743799
743816
743832
743848
743864
743880
743894
743909
743923
743937
743950
743963
743975
743987
743998
744009
744018
744028
744036
744043
744049
744055
744059
744062
744063
744063
744061
744058
744053
744046
744038
744027
744015
744000
743984
743966
743945
743923
743899
743873
743846
743817
743786
743753
743720
743685
743649
743612
743575
743536
743497
743458
743419
743380
743340
743301
743263
743225
743187
743151
743115
743080
743046
743014
742983
742953
742924
742897
742871
742847
742824
742803
742783
742764
742748
742732
742718
742705
742694
742684
742675
742668
742661
742656
742652
742649
742647
742646
742646
742647
742649
742652
742655
742659
742665
742671
742678
742686
742695
742705
742715
742727
742740
742754
742769
742785
742803
742821
742841
742863
742885
742909
742935
742962
742991
743021
743053
743087
743123
743160
743199
743239
743282
743326
743372
743420
743469
743520
743572
743626
743681
743737
743795
743853
743911
743970
744029
744088
744147
744204
744261
744316
744369
744421
744469
744516
744559
744600
744637
744671
744702
744730
744754
744774
744792
744806
744817
744826
744831
744834
744835
744833
744829
744823
744815
744806
744795
744784
744771
744757
744742
744726
744710
744694
744677
744660
744642
744625
744607
744589
744571
744553
744535
744517
744498
744480
744461
744441
744422
744401
744381
744359
744337
744314
744291
744267
744241
744215
744188
744161
744132
744102
744072
744041
744009
743977
743944
743910
743876
743842
743808
743774
743739
743705
743672
743638
743605
743573
743542
743511
743481
743452
743425
743398
743373
743349
743327
743306
743286
743268
743251
743236
743223
743211
743201
743192
743185
743179
743175
743172
743171
743171
743173
743176
743180
743185
743192
743199
743208
743217
743227
743238
743250
743262
743274
743287
743300
743313
743326
743339
743352
743365
743377
743389
743401
743412
743423
743433
743443
743452
743461
743469
743476
743483
743490
743496
743502
743508
743513
743518
743523
743528
743533
743537
743542
743547
743552
743558
743564
743569
743576
743582
743589
743596
743604
743611
743619
743628
743636
743644
743653
743662
743670
743678
743687
743694
743702
743709
743715
743721
743726
743731
743735
743738
743740
743741
743742
743741
743740
743738
743735
743732
743728
743723
743717
743711
743705
743698
743690
743683
743675
743666
743658
743649
743641
743632
743623
743615
743606
743598
743589
743581
743573
743565
743557
743549
743541
743533
743525
743517
743509
743501
743493
743484
743476
743467
743457
743447
743437
743426
743414
743402
743389
743376
743362
743347
743331
743315
743298
743281
743263
743244
743224
743205
743184
743163
743142
743120
743098
743076
743053
743031
743008
742985
742962
742939
742917
742894
742872
742850
742828
742807
742786
742766
742746
742727
742708
742690
742673
742657
742641
742627
742613
742601
742589
742579
742570
742562
742556
742551
742547
742545
742544
742545
742548
742552
742559
742567
742577
742589
742603
742619
742637
742657
742680
742705
742732
742761
742792
742826
742862
742900
742941
742983
743028
743075
743124
743174
743227
743281
743337
743394
743452
743512
743573
743634
743696
743759
743821
743884
743947
744009
744071
744132
744192
744251
744309
744366
744421
744474
744526
744576
744624
744670
744714
744756
744796
744833
744869
744902
744933
744962
744989
745013
745035
745055
745073
745089
745103
745114
745123
745131
745136
745139
745140
745139
745136
745131
745124
745115
745104
745092
745077
745060
745042
745022
745000
744976
744951
744924
744895
744865
744833
744799
744764
744728
744691
744652
744612
744571
744528
744485
744441
744396
744350
744303
744256
744208
744160
744111
744063
744014
743964
743915
743866
743817
743769
743720
743672
743625
743578
743532
743486
743442
743398
743355
743313
743272
743233
743194
743157
743121
743086
743052
743020
742990
742960
742933
742907
742882
742859
742837
742817
742799
742782
742767
742754
742742
742732
742724
742718
742713
742710
742709
742710
742712
742717
742723
742731
742741
742753
742766
742782
742800
742819
742841
742864
742890
742917
742946
742977
743010
743045
743082
743120
743160
743201
743244
743289
743334
743381
743429
743478
743527
743577
743628
743679
743729
743780
743830
743880
743929
743978
744025
744071
744116
744159
744200
744240
744278
744315
744349
744381
744411
744439
744465
744489
744511
744531
744548
744564
744578
744589
744599
744607
744614
744618
744621
744622
744622
744621
744618
744614
744608
744602
744594
744585
744576
744565
744554
744542
744529
744515
744501
744487
744472
744456
744440
744424
744407
744391
744373
744356
744338
744321
744303
744285
744266
744248
744229
744211
744192
744173
744154
744135
744116
744097
744078
744058
744039
744020
744000
743981
743962
743942
743923
743904
743885
743866
743848
743829
743811
743793
743776
743759
743742
743726
743710
743695
743681
743667
743654
743642
743631
743620
743611
743602
743594
743587
743582
743577
743574
743571
743570
743569
743570
743572
743575
743578
743583
743589
743596
743604
743613
743622
743633
743644
743656
743668
743682
743696
743710
743725
743740
743756
743772
743788
743805
743822
743839
743857
743874
743892
743910
743928
743946
743964
743982
744000
744019
744037
744055
744074
744092
744111
744129
744148
744166
744185
744203
744222
744240
744258
744277
744295
744313
744331
744349
744366
744383
744400
744417
744434
744450
744466
744481
744496
744510
744524
744538
744551
744563
744575
744586
744596
744606
744615
744623
744631
744638
744644
744649
744653
744657
744660
744662
744664
744664
744664
744663
744661
744659
744655
744651
744647
744641
744635
744628
744620
744612
744603
744593
744583
744572
744560
744548
744534
744521
744507
744492
744476
744460
744443
744426
744408
744390
744370
744351
744331
744310
744288
744267
744244
744221
744198
744174
744149
744124
744099
744073
744047
744020
743993
743966
743938
743910
743882
743854
743825
743796
743767
743738
743709
743680
743650
743621
743592
743563
743534
743505
743477
743448
743420
743393
743365
743338
743311
743285
743259
743234
743209
743185
743162
743139
743116
743094
743073
743053
743033
743014
742996
742978
742961
742945
742930
742916
742902
742889
742877
742866
742856
742847
742838
742831
742824
742819
742814
742810
742808
742806
742805
742805
742806
742808
742811
742815
742820
742826
742833
742841
742850
742860
742871
742882
742895
742908
742923
742938
742954
742971
742989
743007
743026
743046
743066
743087
743109
743131
743153
743176
743200
743223
743247
743272
743296
743320
743345
743370
743394
743419
743443
743468
743492
743516
743539
743562
743585
743608
743630
743651
743672
743693
743712
743732
743750
743769
743786
743803
743819
743834
743849
743862
743876
743888
743900
743911
743921
743930
743939
743947
743954
743960
743966
743971
743976
743979
743982
743985
743986
743988
743988
743988
743988
743986
743985
743983
743980
743977
743974
743970
743966
743962
743957
743953
743948
743942
743937
743932
743926
743921
743915
743909
743904
743899
743893
743888
743883
743878
743874
743870
743866
743862
743859
743856
743853
743851
743850
743849
743848
743848
743848
743849
743850
743852
743855
743858
743861
743866
743870
743876
743882
743888
743896
743903
743912
743920
743930
743940
743950
743961
743973
743985
743997
744010
744023
744037
744051
744066
744081
744096
744112
744127
744143
744160
744176
744193
744210
744227
744243
744260
744277
744294
744311
744328
744345
744361
744378
744394
744409
744425
744440
744454
744469
744482
744495
744508
744520
744531
744542
744552
744561
744570
744577
744584
744590
744596
744600
744603
744605
744607
744607
744607
744605
744603
744599
744595
744589
744583
744575
744566
744557
744546
744535
744522
744508
744494
744479
744462
744445
744427
744408
744388
744368
744346
744324
744301
744278
744254
744229
744204
744178
744151
744125
744097
744070
744042
744014
743985
743957
743928
743899
743870
743841
743812
743784
743755
743727
743698
743671
743643
743616
743590
743564
743538
743513
743489
743466
743443
743421
743401
743381
743362
743344
743327
743311
743297
743283
743271
743261
743251
743243
743237
743232
743228
743226
743225
743226
743229
743233
743238
743246
743255
743265
743278
743291
743307
743324
743343
743363
743384
743408
743432
743458
743486
743515
743545
743576
743608
743641
743675
743710
743746
743782
743819
743856
743894
743932
743970
744008
744046
744084
744121
744158
744194
744230
744265
744300
744333
744366
744397
744428
744457
744485
744512
744538
744562
744585
744606
744626
744645
744662
744678
744692
744705
744716
744726
744735
744742
744748
744752
744755
744757
744758
744758
744756
744753
744749
744745
744739
744732
744725
744716
744707
744697
744687
744675
744664
744652
744639
744626
744613
744600
744586
744572
744558
744545
744531
744517
744504
744491
744478
744465
744453
744442
744431
744420
744410
744401
744393
744385
744378
744372
744367
744363
744360
744358
744357
744356
744357
744360
744363
744367
744373
744379
744387
744396
744406
744418
744430
744444
744458
744474
744491
744508
744527
744547
744567
744588
744611
744633
744657
744681
744706
744731
744756
744782
744808
744834
744860
744887
744913
744939
744965
744991
745016
745041
745065
745089
745112
745135
745157
745178
745198
745217
745236
745253
745270
745285
745300
745313
745325
745337
745347
745356
745364
745371
745376
745381
745384
745387
745388
745389
745388
745386
745383
745380
745375
745370
745364
745356
745348
745340
745330
745320
745310
745298
745286
745274
745261
745248
745234
745220
745206
745192
745177
745162
745147
745133
745118
745103
745088
745074
745059
745045
745031
745017
745004
744991
744979
744967
744955
744944
744934
744924
744915
744906
744898
744890
744883
744877
744871
744866
744862
744858
744855
744852
744850
744848
744847
744846
744846
744846
744846
744847
744847
744848
744850
744851
744852
744854
744855
744856
744857
744857
744858
744858
744857
744856
744855
744853
744851
744847
744844
744839
744834
744828
744821
744814
744805
744796
744786
744775
744763
744750
744737
744723
744707
744691
744675
744657
744639
744620
744600
744579
744558
744536
744514
744491
744468
744444
744419
744395
744370
744344
744319
744293
744267
744242
744216
744190
744164
744139
744113
744088
744064
744040
744016
743993
743970
743948
743927
743907
743887
743869
743852
743835
743820
743806
743793
743782
743772
743764
743757
743751
743748
743746
743746
743748
743751
743757
743764
743774
743786
743800
743816
743835
743856
743879
743904
743932
743962
743995
744030
744067
744107
744149
744194
744241
744290
744341
744394
744449
744506
744565
744625
744687
744750
744815
744880
744946
745012
745079
745146
745213
745279
745345
745410
745474
745537
745598
745658
745715
745771
745825
745876
745925
745972
746016
746057
746095
746131
746164
746194
746221
746246
746267
746286
746302
746315
746325
746333
746338
746341
746341
746339
746334
746327
746317
746306
746292
746277
746259
746240
746218
746195
746170
746144
746116
746087
746057
746025
745992
745958
745923
745887
745850
745813
745775
745736
745697
745657
745617
745577
745537
745497
745457
745417
745377
745337
745298
745259
745221
745184
745147
745111
745075
745041
745008
744976
744945
744915
744886
744859
744833
744809
744786
744764
744745
744727
744710
744696
744683
744672
744664
744657
744652
744649
744648
744649
744652
744658
744666
744675
744687
744701
744717
744736
744756
744779
744803
744830
744859
744889
744922
744956
744992
745029
745068
745109
745150
745193
745237
745282
745328
745375
745421
745469
745516
745564
745611
745659
745706
745752
745798
745843
745887
745930
745973
746014
746053
746092
746128
746164
746198
746230
746261
746290
746317
746343
746367
746390
746411
746430
746448
746464
746478
746491
746502
746512
746521
746528
746534
746538
746541
746543
746544
746543
746542
746539
746536
746532
746526
746520
746513
746506
746498
746489
746479
746469
746459
746448
746437
746425
746414
746402
746389
746377
746365
746352
746340
746327
746315
746303
746290
746279
746267
746256
746244
746234
746223
746214
746204
746195
746187
746179
746171
746165
746159
746153
746148
746144
746141
746138
746136
746135
746135
746135
746136
746138
746141
746144
746149
746154
746160
746167
746174
746182
746191
746201
746211
746222
746233
746246
746258
746272
746285
746299
746314
746329
746344
746359
746375
746391
746407
746423
746439
746455
746471
746487
746503
746519
746534
746549
746564
746578
746593
746607
746620
746633
746646
746658
746670
746681
746692
746702
746712
746722
746731
746739
746748
746756
746763
746770
746777
746783
746790
746796
746801
746807
746812
746817
746822
746827
746831
746836
746841
746845
746850
746855
746860
746865
746870
746875
746880
746886
746892
746898
746904
746911
746917
746925
746932
746940
746948
746956
746965
746974
746983
746993
747003
747013
747024
747035
747046
747058
747069
747081
747094
747106
747119
747131
747144
747157
747170
747183
747196
747209
747222
747235
747248
747260
747273
747285
747297
747309
747320
747331
747341
747351
747361
747370
747379
747387
747395
747402
747408
747414
747419
747423
747426
747429
747431
747433
747433
747433
747432
747431
747428
747425
747421
747416
747410
747404
747397
747389
747380
747371
747361
747351
747339
747328
747315
747302
747289
747275
747260
747246
747230
747215
747199
747183
747167
747151
747134
747118
747101
747085
747068
747052
747036
747020
747005
746990
746975
746961
746947
746934
746921
746909
746898
746888
746878
746869
746861
746854
746848
746843
746840
746837
746836
746835
746836
746838
746842
746847
746853
746861
746870
746881
746893
746906
746921
746938
746956
746976
746997
747020
747044
747070
747097
747126
747157
747189
747222
747257
747293
747330
747369
747409
747450
747492
747535
747579
747624
747670
747717
747764
747812
747860
747908
747957
748006
748055
748104
748153
748202
748250
748298
748345
748392
748438
748483
748527
748570
748612
748653
748692
748731
748768
748803
748837
748870
748901
748931
748958
748985
749009
749032
749053
749073
749091
749107
749121
749134
749145
749154
749162
749168
749173
749176
749177
749177
749176
749173
749168
749162
749155
749147
749137
749126
749114
749101
749087
749072
749056
749039
749021
749002
748982
748962
748941
748920
748898
748875
748852
748828
748805
748781
748756
748732
748707
748682
748657
748632
748608
748583
748558
748534
748510
748486
748463
748439
748417
748394
748373
748351
748331
748310
748291
748272
748254
748236
748219
748203
748188
748174
748160
748147
748135
748124
748114
748105
748096
748089
748083
748077
748072
748069
748066
748064
748063
748063
748064
748066
748069
748072
748077
748082
748088
748095
748103
748111
748120
748130
748140
748151
748163
748175
748188
748201
748214
748228
748242
748257
748272
748287
748302
748317
748332
748347
748362
748377
748392
748406
748421
748435
748448
748462
748475
748487
748499
748510
748521
748531
748541
748550
748558
748565
748572
748578
748583
748588
748591
748594
748596
748598
748598
748598
748597
748595
748592
748589
748584
748579
748574
748567
748560
748552
748544
748535
748525
748515
748504
748493
748481
748469
748457
748444
748430
748417
748403
748388
748374
748359
748345
748330
748315
748300
748285
748270
748255
748241
748226
748212
748198
748184
748171
748158
748145
748133
748121
748110
748099
748089
748079
748070
748062
748054
748047
748041
748036
748031
748027
748025
748023
748021
748021
748022
748024
748026
748030
748035
748041
748047
748055
748064
748074
748085
748097
748110
748124
748139
748155
748173
748191
748210
748230
748252
748274
748297
748321
748345
748371
748398
748425
748453
748481
748511
748540
748571
748602
748633
748665
748697
748730
748763
748796
748829
748862
748896
748929
748962
748996
749029
749062
749095
749128
749160
749192
749224
749255
749286
749316
749346
749376
749405
749433
749461
749488
749515
749540
749566
749591
749615
749638
749661
749683
749704
749725
749745
749765
749784
749802
749820
749837
749853
749869
749884
749899
749913
749927
749940
749953
749965
749976
749988
749998
750009
750019
750028
750038
750047
750055
750063
750071
750079
750086
750094
750101
750107
750114
750120
750126
750132
750138
750144
750150
750155
750161
750166
750172
750177
750182
750187
750193
750198
750203
750208
750213
750218
750223
750228
750233
750237
750242
750247
750252
750257
750262
750266
750271
750275
750280
750284
750288
750293
750297
750301
750304
750308
750312
750315
750318
750321
750324
750326
750328
750330
750332
750334
750335
750336
750336
750337
750337
750336
750336
750335
750333
750332
750330
750327
750325
750321
750318
750314
750310
750306
750301
750296
750291
750285
750279
750273
750266
750260
750253
750245
750238
750230
750222
750214
750206
750198
750189
750181
750172
750163
750154
750146
750137
750128
750119
750111
750102
750093
750085
750077
750068
750061
750053
750045
750038
750031
750024
750018
750011
750006
750000
749995
749990
749986
749982
749978
749975
749973
749970
749969
749968
749967
749967
749967
749968
749969
749971
749973
749976
749980
749984
749988
749993
749999
750005
750012
749938
749929
749920
749911
749902
749893
749884
749875
749866
749856
749847
749838
749829
749820
749811
749802
749793
749784
749775
749766
749757
749747
749738
749729
749720
749711
749702
749693
749684
749675
749666
749656
749647
749638
749629
749620
749611
749602
749593
749584
749575
749566
749557
749547
749538
749529
749520
749511
749502
749493
749484
749475
749466
749457
749448
749439
749430
749421
749412
749403
749394
749385
749376
749367
749359
749350
749341
749332
749323
749314
749305
749296
749287
749279
749270
749261
749252
749243
749235
749226
749217
749208
749200
749191
749182
749173
749165
749156
749147
749139
749130
749121
749113
749104
749096
749087
749078
749070
749061
749053
749044
749036
749027
749019
749010
749002
748993
748985
748976
748968
748959
748951
748942
748934
748926
748917
748909
748900
748892
748884
748875
748867
748859
748850
748842
748834
748826
748817
748809
748801
748793
748784
748776
748768
748760
748751
748743
748735
748727
748719
748711
748702
748694
748686
748678
748670
748662
748654
748646
748638
748630
748622
748613
748605
748597
748589
748581
748573
748565
748557
748549
748541
748533
748525
748517
748509
748501
748494
748486
748478
748470
748462
748454
748446
748438
748430
748422
748414
748406
748399
748391
748383
748375
748367
748359
748351
748343
748336
748328
748320
748312
748304
748296
748288
748281
748273
748265
748257
748249
748241
748233
748225
748218
748210
748202
748194
748186
748178
748170
748162
748155
748147
748139
748131
748123
748115
748107
748099
748091
748083
748075
748067
748059
748051
748043
748035
748027
748019
748011
748003
747995
747987
747979
747971
747963
747955
747947
747939
747931
747923
747915
747907
747898
747890
747882
747874
747866
747858
747850
747841
747833
747825
747817
747809
747800
747792
747784
747776
747767
747759
747751
747743
747734
747726
747718
747710
747701
747693
747685
747677
747668
747660
747652
747643
747635
747627
747619
747610
747602
747594
747585
747577
747569
747560
747552
747544
747536
747527
747519
747511
747503
747494
747486
747478
747470
747461
747453
747445
747437
747428
747420
747412
747404
747396
747387
747379
747371
747363
747355
747347
747338
747330
747322
747314
747306
747298
747290
747282
747274
747266
747258
747249
747241
747233
747225
747217
747209
747201
747194
747186
747178
747170
747162
747154
747146
747138
747130
747122
747114
747107
747099
747091
747083
747075
747068
747060
747052
747044
747037
747029
747021
747013
747006
746998
746990
746983
746975
746967
746960
746952
746944
746937
746929
746922
746914
746906
746899
746891
746884
746876
746869
746861
746854
746846
746839
746831
746824
746816
746809
746801
746794
746786
746779
746772
746764
746757
746749
746742
746735
746727
746720
746713
746705
746698
746691
746683
746676
746669
746661
746654
746647
746639
746632
746625
746617
746610
746603
746596
746588
746581
746574
746567
746559
746552
746545
746538
746530
746523
746516
746509
746501
746494
746487
746480
746473
746465
746458
746451
746444
746436
746429
746422
746415
746407
746400
746393
746385
746378
746371
746364
746356
746349
746342
746334
746327
746320
746312
746305
746298
746290
746283
746276
746268
746261
746253
746246
746239
746231
746224
746216
746209
746201
746194
746186
746179
746171
746164
746156
746149
746141
746134
746126
746119
746111
746103
746096
746088
746081
746073
746065
746058
746050
746042
746034
746027
746019
746011
746004
745996
745988
745980
745973
745965
745957
745949
745941
745934
745926
745918
745910
745902
745894
745887
745879
745871
745863
745855
745847
745839
745832
745824
745816
745808
745800
745792
745784
745776
745768
745761
745753
745745
745737
745729
745721
745713
745705
745697
745690
745682
745674
745666
745658
745650
745642
745634
745627
745619
745611
745603
745595
745587
745580
745572
745564
745556
745548
745541
745533
745525
745517
745510
745502
745494
745486
745479
745471
745463
745456
745448
745440
745433
745425
745417
745410
745402
745395
745387
745379
745372
745364
745357
745349
745342
745334
745327
745319
745312
745304
745297
745289
745282
745275
745267
745260
745252
745245
745238
745230
745223
745216
745208
745201
745194
745187
745179
745172
745165
745158
745150
745143
745136
745129
745122
745115
745108
745100
745093
745086
745079
745072
745065
745058
745051
745044
745037
745030
745023
745016
745009
745002
744995
744988
744981
744975
744968
744961
744954
744947
744940
744933
744927
744920
744913
744906
744899
744893
744886
744879
744872
744865
744859
744852
744845
744839
744832
744825
744818
744812
744805
744798
744792
744785
744778
744772
744765
744758
744752
744745
744738
744732
744725
744718
744712
744705
744698
744692
744685
744678
744672
744665
744659
744652
744645
744639
744632
744625
744619
744612
744605
744598
744592
744585
744578
744572
744565
744558
744551
744545
744538
744531
744524
744518
744511
744504
744497
744490
744484
744477
744470
744463
744456
744449
744443
744436
744429
744422
744415
744408
744401
744394
744387
744380
744373
744366
744359
744352
744345
744338
744331
744324
744317
744310
744303
744296
744289
744282
744274
744267
744260
744253
744246
744239
744232
744224
744217
744210
744203
744196
744188
744181
744174
744167
744159
744152
744145
744138
744130
744123
744116
744109
744101
744094
744087
744079
744072
744065
744057
744050
744043
744035
744028
744021
744014
744006
743999
743992
743984
743977
743970
743962
743955
743948
743940
743933
743926
743918
743911
743904
743896
743889
743882
743874
743867
743860
743853
743845
743838
743831
743823
743816
743809
743802
743794
743787
743780
743773
743765
743758
743751
743744
743737
743729
743722
743715
743708
743701
743694
743686
743679
743672
743665
743658
743651
743644
743637
743629
743622
743615
743608
743601
743594
743587
743580
743573
743566
743559
743552
743545
743538
743531
743524
743518
743511
743504
743497
743490
743483
743476
743469
743463
743456
743449
743442
743435
743429
743422
743415
743408
743402
743395
743388
743381
743375
743368
743361
743355
743348
743342
743335
743328
743322
743315
743309
743302
743295
743289
743282
743276
743269
743263
743256
743250
743243
743237
743230
743224
743218
743211
743205
743198
743192
743185
743179
743173
743166
743160
743154
743147
743141
743135
743128
743122
743116
743109
743103
743097
743090
743084
743078
743072
743065
743059
743053
743046
743040
743034
743028
743021
743015
743009
743003
742997
742990
742984
742978
742972
742965
742959
742953
742947
742941
742934
742928
742922
742916
742910
742903
742897
742891
742885
742879
742872
742866
742860
742854
742848
742841
742835
742829
742823
742817
742810
742804
742798
742792
742786
742779
742773
742767
742761
742755
742748
742742
742736
742730
742724
742717
742711
742705
742699
742692
742686
742680
742674
742668
742661
742655
742649
742643
742637
742630
742624
742618
742612
742606
742599
742593
742587
742581
742575
742568
742562
742556
742550
742544
742537
742531
742525
742519
742513
742507
742500
742494
742488
742482
742476
742469
742463
742457
742451
742445
742439
742432
742426
742420
742414
742408
742402
742395
742389
742383
742377
742371
742364
742358
742352
742346
742340
742334
742328
742321
742315
742309
742303
742297
742291
742284
742278
742272
742266
742260
742254
742247
742241
742235
742229
742223
742216
742210
742204
742198
742192
742186
742179
742173
742167
742161
742155
742148
742142
742136
742130
742124
742117
742111
742105
742099
742092
742086
742080
742074
742067
742061
742055
742049
742042
742036
742030
742023
742017
742011
742004
741998
741992
741985
741979
741973
741966
741960
741954
741947
741941
741935
741928
741922
741915
741909
741903
741896
741890
741883
741877
741870
741864
741857
741851
741844
741838
741831
741825
741818
741812
741805
741799
741792
741786
741779
741773
741766
741759
741753
741746
741740
741733
741727
741720
741713
741707
741700
741693
741687
741680
741673
741667
741660
741653
741647
741640
741633
741627
741620
741613
741607
741600
741593
741587
741580
741573
741566
741560
741553
741546
741539
741533
741526
741519
741513
741506
741499
741492
741486
741479
741472
741465
741459
741452
741445
741438
741432
741425
741418
741412
741405
741398
741391
741385
741378
741371
741365
741358
741351
741344
741338
741331
741324
741318
741311
741304
741298
741291
741285
741278
741271
741265
741258
741252
741245
741238
741232
741225
741219
741212
741206
741199
741193
741186
741180
741174
741167
741161
741154
741148
741142
741135
741129
741123
741116
741110
741104
741097
741091
741085
741079
741073
741066
741060
741054
741048
741042
741036
741030
741024
741018
741012
741006
741000
740994
740988
740982
740976
740970
740964
740958
740953
740947
740941
740935
740930
740924
740918
740912
740907
740901
740895
740890
740884
740879
740873
740867
740862
740856
740851
740845
740840
740834
740829
740824
740818
740813
740807
740802
740797
740791
740786
740781
740775
740770
740765
740760
740754
740749
740744
740739
740733
740728
740723
740718
740713
740707
740702
740697
740692
740687
740682
740676
740671
740666
740661
740656
740651
740646
740641
740635
740630
740625
740620
740615
740610
740605
740600
740595
740590
740584
740579
740574
740569
740564
740559
740554
740549
740543
740538
740533
740528
740523
740518
740512
740507
740502
740497
740492
740486
740481
740476
740471
740466
740460
740455
740450
740444
740439
740434
740429
740423
740418
740413
740407
740402
740396
740391
740386
740380
740375
740369
740364
740358
740353
740347
740342
740336
740331
740325
740320
740314
740309
740303
740297
740292
740286
740280
740275
740269
740263
740258
740252
740246
740241
740235
740229
740223
740217
740212
740206
740200
740194
740188
740182
740176
740171
740165
740159
740153
740147
740141
740135
740129
740123
740117
740111
740105
740099
740093
740087
740081
740075
740069
740063
740056
740050
740044
740038
740032
740026
740020
740014
740008
740001
739995
739989
739983
739977
739971
739964
739958
739952
739946
739940
739934
739927
739921
739915
739909
739903
739897
739890
739884
739878
739872
739866
739859
739853
739847
739841
739835
739829
739823
739816
739810
739804
739798
739792
739786
739780
739774
739768
739762
739755
739749
739743
739737
739731
739725
739719
739713
739707
739701
739695
739689
739683
739677
739672
739666
739660
739654
739648
739642
739636
739630
739625
739619
739613
739607
739601
739596
739590
739584
739578
739573
739567
739561
739556
739550
739544
739539
739533
739527
739522
739516
739511
739505
739500
739494
739489
739483
739478
739472
739467
739461
739456
739450
739445
739439
739434
739429
739423
739418
739413
739407
739402
739397
739391
739386
739381
739375
739370
739365
739360
739354
739349
739344
739339
739333
739328
739323
739318
739313
739307
739302
739297
739292
739287
739282
739276
739271
739266
739261
739256
739251
739246
739240
739235
739230
739225
739220
739215
739210
739205
739200
739194
739189
739184
739179
739174
739169
739164
739159
739154
739149
739144
739139
739133
739128
739123
739118
739113
739108
739103
739098
739093
739088
739083
739077
739072
739067
739062
739057
739052
739047
739042
739037
739031
739026
739021
739016
739011
739006
739001
738996
738990
738985
738980
738975
738970
738965
738960
738954
738949
738944
738939
738934
738928
738923
738918
738913
738908
738902
738897
738892
738887
738882
738876
738871
738866
738861
738855
738850
738845
738840
738834
738829
738824
738819
738813
738808
738803
738798
738792
738787
738782
738776
738771
738766
738760
738755
738750
738745
738739
738734
738729
738723
738718
738713
738707
738702
738697
738691
738686
738681
738675
738670
738665
738659
738654
738649
738643
738638
738633
738627
738622
738617
738611
738606
738601
738595
738590
738585
738579
738574
738569
738563
738558
738553
738547
738542
738537
738531
738526
738521
738515
738510
738505
738499
738494
738489
738483
738478
738473
738468
738462
738457
738452
738446
738441
738436
738430
738425
738420
738415
738409
738404
738399
738394
738388
738383
738378
738372
738367
738362
738357
738351
738346
738341
738336
738331
738325
738320
738315
738310
738304
738299
738294
738289
738283
738278
738273
738268
738263
738257
738252
738247
738242
738237
738231
738226
738221
738216
738211
738205
738200
738195
738190
738185
738179
738174
738169
738164
738159
738153
738148
738143
738138
738133
738127
738122
738117
738112
738107
738101
738096
738091
738086
738081
738075
738070
738065
738060
738055
738049
738044
738039
738034
738029
738023
738018
738013
738008
738003
737997
737992
737987
737982
737977
737971
737966
737961
737956
737950
737945
737940
737935
737930
737924
737919
737914
737909
737904
737898
737893
737888
737883
737877
737872
737867
737862
737857
737851
737846
737841
737836
737830
737825
737820
737815
737810
737804
737799
737794
737789
737784
737778
737773
737768
737763
737758
737752
737747
737742
737737
737732
737726
737721
737716
737711
737706
737701
737695
737690
737685
737680
737675
737670
737665
737659
737654
737649
737644
737639
737634
737629
737624
737619
737614
737609
737603
737598
737593
737588
737583
737578
737573
737568
737563
737558
737553
737548
737543
737538
737533
737528
737523
737518
737513
737508
737504
737499
737494
737489
737484
737479
737474
737469
737464
737460
737455
737450
737445
737440
737435
737431
737426
737421
737416
737411
737407
737402
737397
737393
737388
737383
737378
737374
737369
737364
737360
737355
737350
737346
737341
737336
737332
737327
737323
737318
737313
737309
737304
737300
737295
737291
737286
737282
737277
737273
737268
737264
737259
737255
737250
737246
737241
737237
737232
737228
737223
737219
737214
737210
737206
737201
737197
737192
737188
737184
737179
737175
737171
737166
737162
737157
737153
737149
737144
737140
737136
737131
737127
737123
737118
737114
737110
737105
737101
737097
737092
737088
737084
737079
737075
737070
737066
737062
737057
737053
737049
737044
737040
737036
737031
737027
737023
737018
737014
737010
737005
737001
736996
736992
736988
736983
736979
736974
736970
736966
736961
736957
736952
736948
736943
736939
736935
736930
736926
736921
736917
736912
736908
736903
736899
736894
736890
736885
736881
736876
736871
736867
736862
736858
736853
736849
736844
736839
736835
736830
736825
736821
736816
736811
736807
736802
736797
736793
736788
736783
736779
736774
736769
736764
736760
736755
736750
736745
736740
736736
736731
736726
736721
736716
736711
736707
736702
736697
736692
736687
736682
736677
736673
736668
736663
736658
736653
736648
736643
736638
736633
736628
736623
736618
736613
736608
736603
736598
736593
736588
736583
736578
736573
736568
736563
736558
736553
736548
736543
736538
736533
736528
736523
736518
736513
736508
736503
736498
736493
736488
736483
736478
736473
736468
736463
736458
736453
736448
736443
736438
736433
736427
736422
736417
736412
736407
736402
736397
736392
736387
736382
736377
736372
736367
736362
736357
736352
736347
736343
736338
736333
736328
736323
736318
736313
736308
736303
736298
736293
736288
736283
736279
736274
736269
736264
736259
736254
736249
736245
736240
736235
736230
736225
736221
736216
736211
736206
736202
736197
736192
736188
736183
736178
736173
736169
736164
736159
736155
736150
736146
736141
736136
736132
736127
736123
736118
736114
736109
736104
736100
736095
736091
736086
736082
736078
736073
736069
736064
736060
736055
736051
736047
736042
736038
736033
736029
736025
736020
736016
736012
736007
736003
735999
735995
735990
735986
735982
735978
735973
735969
735965
735961
735956
735952
735948
735944
735940
735935
735931
735927
735923
735919
735915
735910
735906
735902
735898
735894
735890
735886
735882
735878
735873
735869
735865
735861
735857
735853
735849
735845
735841
735837
735833
735829
735825
735820
735816
735812
735808
735804
735800
735796
735792
735788
735784
735780
735776
735772
735768
735764
735760
735756
735752
735747
735743
735739
735735
735731
735727
735723
735719
735715
735711
735707
735703
735699
735695
735690
735686
735682
735678
735674
735670
735666
735662
735658
735654
735649
735645
735641
735637
735633
735629
735625
735620
735616
735612
735608
735604
735600
735595
735591
735587
735583
735579
735574
735570
735566
735562
735558
735553
735549
735545
735541
735536
735532
735528
735524
735519
735515
735511
735506
735502
735498
735494
735489
735485
735481
735476
735472
735468
735463
735459
735455
735450
735446
735441
735437
735433
735428
735424
735420
735415
735411
735406
735402
735398
735393
735389
735384
735380
735376
735371
735367
735362
735358
735353
735349
735344
735340
735336
735331
735327
735322
735318
735313
735309
735304
735300
735295
735291
735287
735282
735278
735273
735269
735264
735260
735255
735251
735246
735242
735237
735233
735228
735224
735220
735215
735211
735206
735202
735197
735193
735188
735184
735179
735175
735171
735166
735162
735157
735153
735148
735144
735140
735135
735131
735126
735122
735117
735113
735109
735104
735100
735096
735091
735087
735082
735078
735074
735069
735065
735061
735056
735052
735048
735043
735039
735035
735030
735026
735022
735018
735013
735009
735005
735000
734996
734992
734988
734983
734979
734975
734971
734967
734962
734958
734954
734950
734946
734941
734937
734933
734929
734925
734921
734917
734912
734908
734904
734900
734896
734892
734888
734884
734880
734876
734872
734868
734863
734859
734855
734851
734847
734843
734839
734835
734831
734827
734823
734819
734815
734811
734807
734804
734800
734796
734792
734788
734784
734780
734776
734772
734768
734764
734760
734756
734753
734749
734745
734741
734737
734733
734729
734726
734722
734718
734714
734710
734706
734702
734699
734695
734691
734687
734683
734680
734676
734672
734668
734664
734661
734657
734653
734649
734645
734642
734638
734634
734630
734627
734623
734619
734615
734611
734608
734604
734600
734596
734593
734589
734585
734581
734578
734574
734570
734566
734563
734559
734555
734551
734547
734544
734540
734536
734532
734529
734525
734521
734517
734514
734510
734506
734502
734498
734495
734491
734487
734483
734480
734476
734472
734468
734464
734461
734457
734453
734449
734445
734442
734438
734434
734430
734426
734423
734419
734415
734411
734407
734403
734400
734396
734392
734388
734384
734380
734377
734373
734369
734365
734361
734357
734353
734350
734346
734342
734338
734334
734330
734326
734322
734318
734315
734311
734307
734303
734299
734295
734291
734287
734283
734279
734275
734271
734267
734264
734260
734256
734252
734248
734244
734240
734236
734232
734228
734224
734220
734216
734212
734208
734204
734200
734196
734192
734188
734184
734180
734176
734172
734168
734164
734160
734156
734152
734148
734144
734140
734136
734132
734128
734124
734120
734116
734112
734108
734104
734100
734096
734092
734088
734084
734080
734076
734072
734068
734064
734060
734056
734052
734048
734044
734040
734036
734032
734028
734024
734020
734016
734012
734008
734004
734000
733995
733991
733987
733983
733979
733975
733971
733967
733963
733959
733955
733951
733947
733943
733939
733935
733931
733927
733923
733919
733916
733912
733908
733904
733900
733896
733892
733888
733884
733880
733876
733872
733868
733864
733860
733856
733852
733848
733844
733840
733836
733832
733829
733825
733821
733817
733813
733809
733805
733801
733797
733793
733789
733786
733782
733778
733774
733770
733766
733762
733758
733755
733751
733747
733743
733739
733735
733732
733728
733724
733720
733716
733712
733709
733705
733701
733697
733693
733690
733686
733682
733678
733674
733671
733667
733663
733659
733656
733652
733648
733644
733641
733637
733633
733629
733626
733622
733618
733614
733611
733607
733603
733600
733596
733592
733589
733585
733581
733577
733574
733570
733566
733563
733559
733555
733552
733548
733544
733541
733537
733533
733530
733526
733523
733519
733515
733512
733508
733504
733501
733497
733494
733490
733486
733483
733479
733475
733472
733468
733465
733461
733457
733454
733450
733447
733443
733439
733436
733432
733429
733425
733422
733418
733414
733411
733407
733404
733400
733397
733393
733389
733386
733382
733379
733375
733372
733368
733365
733361
733357
733354
733350
733347
733343
733340
733336
733333
733329
733326
733322
733318
733315
733311
733308
733304
733301
733297
733294
733290
733287
733283
733279
733276
733272
733269
733265
733262
733258
733255
733251
733248
733244
733241
733237
733234
733230
733226
733223
733219
733216
733212
733209
733205
733202
733198
733195
733191
733187
733184
733180
733177
733173
733170
733166
733163
733159
733156
733152
733148
733145
733141
733138
733134
733131
733127
733124
733120
733117
733113
733109
733106
733102
733099
733095
733092
733088
733085
733081
733077
733074
733070
733067
733063
733060
733056
733052
733049
733045
733042
733038
733035
733031
733028
733024
733020
733017
733013
733010
733006
733003
732999
732996
732992
732988
732985
732981
732978
732974
732971
732967
732963
732960
732956
732953
732949
732946
732942
732939
732935
732931
732928
732924
732921
732917
732914
732910
732907
732903
732900
732896
732893
732889
732885
732882
732878
732875
732871
732868
732864
732861
732857
732854
732850
732847
732843
732840
732836
732833
732829
732826
732822
732819
732815
732812
732808
732805
732801
732798
732794
732791
732788
732784
732781
732777
732774
732770
732767
732763
732760
732756
732753
732750
732746
732743
732739
732736
732733
732729
732726
732722
732719
732715
732712
732709
732705
732702
732699
732695
732692
732688
732685
732682
732678
732675
732672
732668
732665
732662
732658
732655
732652
732648
732645
732642
732638
732635
732632
732628
732625
732622
732618
732615
732612
732608
732605
732602
732598
732595
732592
732589
732585
732582
732579
732575
732572
732569
732566
732562
732559
732556
732552
732549
732546
732543
732539
732536
732533
732530
732526
732523
732520
732516
732513
732510
732507
732503
732500
732497
732494
732490
732487
732484
732481
732477
732474
732471
732467
732464
732461
732458
732454
732451
732448
732445
732441
732438
732435
732431
732428
732425
732422
732418
732415
732412
732408
732405
732402
732398
732395
732392
732389
732385
732382
732379
732375
732372
732369
732365
732362
732359
732355
732352
732348
732345
732342
732338
732335
732332
732328
732325
732322
732318
732315
732311
732308
732305
732301
732298
732294
732291
732288
732284
732281
732277
732274
732270
732267
732263
732260
732257
732253
732250
732246
732243
732239
732236
732232
732229
732225
732222
732218
732215
732211
732208
732204
732201
732197
732194
732190
732187
732183
732180
732176
732173
732169
732166
732162
732159
732155
732152
732148
732145
732141
732138
732134
732130
732127
732123
732120
732116
732113
732109
732106
732102
732099
732095
732092
732088
732084
732081
732077
732074
732070
732067
732063
732060
732056
732053
732049
732046
732042
732039
732035
732032
732028
732025
732021
732018
732014
732011
732007
732004
732000
731997
731993
731990
731987
731983
731980
731976
731973
731969
731966
731963
731959
731956
731952
731949
731946
731942
731939
731935
731932
731929
731925
731922
731919
731915
731912
731909
731906
731902
731899
731896
731892
731889
731886
731883
731879
731876
731873
731870
731867
731863
731860
731857
731854
731851
731848
731844
731841
731838
731835
731832
731829
731826
731823
731819
731816
731813
731810
731807
731804
731801
731798
731795
731792
731789
731786
731783
731780
731777
731774
731771
731768
731765
731762
731759
731756
731754
731751
731748
731745
731742
731739
731736
731733
731730
731728
731725
731722
731719
731716
731713
731710
731708
731705
731702
731699
731696
731694
731691
731688
731685
731682
731680
731677
731674
731671
731668
731666
731663
731660
731657
731654
731652
731649
731646
731643
731641
731638
731635
731632
731629
731627
731624
731621
731618
731616
731613
731610
731607
731604
731602
731599
731596
731593
731590
731588
731585
731582
731579
731576
731574
731571
731568
731565
731562
731559
731556
731554
731551
731548
731545
731542
731539
731536
731533
731531
731528
731525
731522
731519
731516
731513
731510
731507
731504
731501
731498
731495
731492
731489
731486
731483
731480
731477
731474
731471
731468
731465
731462
731459
731456
731453
731449
731446
731443
731440
731437
731434
731431
731428
731424
731421
731418
731415
731412
731408
731405
731402
731399
731396
731392
731389
731386
731383
731379
731376
731373
731370
731366
731363
731360
731356
731353
731350
731346
731343
731340
731336
731333
731330
731326
731323
731320
731316
731313
731310
731306
731303
731299
731296
731293
731289
731286
731283
731279
731276
731272
731269
731266
731262
731259
731255
731252
731249
731245
731242
731238
731235
731232
731228
731225
731222
731218
731215
731211
731208
731205
731201
731198
731195
731191
731188
731184
731181
731178
731174
731171
731168
731164
731161
731158
731154
731151
731148
731145
731141
731138
731135
731132
731128
731125
731122
731119
731115
731112
731109
731106
731102
731099
731096
731093
731090
731087
731084
731080
731077
731074
731071
731068
731065
731062
731059
731056
731053
731050
731047
731044
731041
731038
731035
731032
731029
731026
731023
731020
731017
731014
731011
731008
731005
731003
731000
730997
730994
730991
730988
730986
730983
730980
730977
730975
730972
730969
730966
730964
730961
730958
730956
730953
730950
730948
730945
730942
730940
730937
730935
730932
730929
730927
730924
730922
730919
730917
730914
730911
730909
730906
730904
730901
730899
730896
730894
730892
730889
730887
730884
730882
730879
730877
730874
730872
730870
730867
730865
730862
730860
730857
730855
730853
730850
730848
730846
730843
730841
730838
730836
730834
730831
730829
730826
730824
730822
730819
730817
730815
730812
730810
730808
730805
730803
730800
730798
730796
730793
730791
730788
730786
730784
730781
730779
730777
730774
730772
730769
730767
730764
730762
730760
730757
730755
730752
730750
730747
730745
730742
730740
730737
730735
730732
730730
730727
730725
730722
730720
730717
730715
730712
730710
730707
730705
730702
730699
730697
730694
730692
730689
730686
730684
730681
730678
730676
730673
730670
730668
730665
730662
730659
730657
730654
730651
730648
730646
730643
730640
730637
730635
730632
730629
730626
730623
730620
730617
730615
730612
730609
730606
730603
730600
730597
730594
730591
730588
730585
730582
730579
730576
730573
730570
730567
730564
730561
730558
730555
730552
730549
730546
730543
730540
730537
730534
730530
730527
730524
730521
730518
730515
730512
730508
730505
730502
730499
730496
730493
730489
730486
730483
730480
730476
730473
730470
730467
730464
730460
730457
730454
730451
730447
730444
730441
730438
730434
730431
730428
730425
730421
730418
730415
730411
730408
730405
730402
730398
730395
730392
730388
730385
730382
730379
730375
730372
730369
730366
730362
730359
730356
730353
730349
730346
730343
730340
730336
730333
730330
730327
730323
730320
730317
730314
730311
730307
730304
730301
730298
730295
730291
730288
730285
730282
730279
730276
730272
730269
730266
730263
730260
730257
730254
730251
730248
730245
730242
730238
730235
730232
730229
730226
730223
730220
730217
730214
730211
730208
730205
730203
730200
730197
730194
730191
730188
730185
730182
730179
730176
730174
730171
730168
730165
730162
730160
730157
730154
730151
730149
730146
730143
730140
730138
730135
730132
730130
730127
730124
730122
730119
730116
730114
730111
730109
730106
730103
730101
730098
730096
730093
730091
730088
730086
730083
730081
730078
730076
730073
730071
730068
730066
730064
730061
730059
730056
730054
730052
730049
730047
730045
730042
730040
730038
730035
730033
730031
730028
730026
730024
730022
730019
730017
730015
730013
730010
730008
730006
730004
730001
729999
729997
729995
729993
729991
729988
729986
729984
729982
729980
729978
729975
729973
729971
729969
729967
729965
729963
729960
729958
729956
729954
729952
729950
729948
729946
729943
729941
729939
729937
729935
729933
729931
729929
729927
729924
729922
729920
729918
729916
729914
729912
729910
729908
729905
729903
729901
729899
729897
729895
729893
729891
729888
729886
729884
729882
729880
729878
729876
729873
729871
729869
729867
729865
729862
729860
729858
729856
729854
729851
729849
729847
729845
729843
729840
729838
729836
729834
729831
729829
729827
729824
729822
729820
729818
729815
729813
729811
729808
729806
729804
729801
729799
729797
729794
729792
729789
729787
729785
729782
729780
729777
729775
729772
729770
729767
729765
729763
729760
729758
729755
729753
729750
729748
729745
729742
729740
729737
729735
729732
729730
729727
729724
729722
729719
729717
729714
729711
729709
729706
729703
729701
729698
729695
729693
729690
729687
729685
729682
729679
729677
729674
729671
729668
729666
729663
729660
729657
729655
729652
729649
729646
729644
729641
729638
729635
729632
729630
729627
729624
729621
729618
729615
729613
729610
729607
729604
729601
729598
729596
729593
729590
729587
729584
729581
729579
729576
729573
729570
729567
729564
729561
729558
729556
729553
729550
729547
729544
729541
729538
729536
729533
729530
729527
729524
729521
729518
729515
729513
729510
729507
729504
729501
729498
729496
729493
729490
729487
729484
729481
729479
729476
729473
729470
729467
729465
729462
729459
729456
729453
729451
729448
729445
729442
729440
729437
729434
729431
729429
729426
729423
729420
729418
729415
729412
729410
729407
729404
729402
729399
729396
729394
729391
729388
729386
729383
729380
729378
729375
729373
729370
729367
729365
729362
729360
729357
729355
729352
729350
729347
729345
729342
729340
729337
729335
729332
729330
729327
729325
729322
729320
729318
729315
729313
729310
729308
729306
729303
729301
729299
729296
729294
729292
729289
729287
729285
729282
729280
729278
729276
729273
729271
729269
729267
729264
729262
729260
729258
729255
729253
729251
729249
729247
729244
729242
729240
729238
729236
729234
729231
729229
729227
729225
729223
729221
729219
729217
729215
729212
729210
729208
729206
729204
729202
729200
729198
729196
729194
729192
729190
729188
729186
729183
729181
729179
729177
729175
729173
729171
729169
729167
729165
729163
729161
729159
729157
729155
729153
729151
729149
729147
729145
729143
729141
729139
729137
729135
729133
729131
729129
729127
729125
729123
729121
729118
729116
729114
729112
729110
729108
729106
729104
729102
729100
729098
729096
729094
729092
729090
729088
729085
729083
729081
729079
729077
729075
729073
729071
729069
729066
729064
729062
729060
729058
729056
729054
729051
729049
729047
729045
729043
729040
729038
729036
729034
729032
729029
729027
729025
729023
729020
729018
729016
729014
729011
729009
729007
729004
729002
729000
728997
728995
728993
728990
728988
728986
728983
728981
728979
728976
728974
728971
728969
728967
728964
728962
728959
728957
728954
728952
728949
728947
728945
728942
728940
728937
728935
728932
728930
728927
728924
728922
728919
728917
728914
728912
728909
728907
728904
728902
728899
728896
728894
728891
728889
728886
728883
728881
728878
728875
728873
728870
728868
728865
728862
728860
728857
728854
728852
728849
728846
728844
728841
728838
728836
728833
728830
728828
728825
728822
728820
728817
728814
728812
728809
728806
728804
728801
728798
728796
728793
728790
728788
728785
728782
728780
728777
728774
728772
728769
728766
728764
728761
728758
728756
728753
728750
728748
728745
728742
728740
728737
728735
728732
728729
728727
728724
728721
728719
728716
728714
728711
728709
728706
728703
728701
728698
728696
728693
728691
728688
728686
728683
728681
728678
728676
728673
728671
728668
728666
728663
728661
728659
728656
728654
728651
728649
728646
728644
728642
728639
728637
728635
728632
728630
728628
728625
728623
728621
728619
728616
728614
728612
728609
728607
728605
728603
728601
728598
728596
728594
728592
728590
728588
728585
728583
728581
728579
728577
728575
728573
728571
728569
728567
728565
728563
728561
728559
728557
728555
728553
728551
728549
728547
728545
728543
728541
728539
728537
728535
728533
728531
728529
728528
728526
728524
728522
728520
728518
728517
728515
728513
728511
728509
728507
728506
728504
728502
728500
728499
728497
728495
728493
728492
728490
728488
728486
728485
728483
728481
728480
728478
728476
728474
728473
728471
728469
728468
728466
728464
728463
728461
728459
728458
728456
728454
728453
728451
728449
728448
728446
728444
728443
728441
728439
728438
728436
728434
728433
728431
728429
728428
728426
728424
728423
728421
728419
728418
728416
728414
728413
728411
728409
728408
728406
728404
728402
728401
728399
728397
728396
728394
728392
728390
728389
728387
728385
728383
728381
728380
728378
728376
728374
728373
728371
728369
728367
728365
728363
728362
728360
728358
728356
728354
728352
728350
728348
728347
728345
728343
728341
728339
728337
728335
728333
728331
728329
728327
728325
728323
728321
728319
728317
728315
728313
728311
728309
728307
728305
728303
728300
728298
728296
728294
728292
728290
728288
728286
728283
728281
728279
728277
728275
728272
728270
728268
728266
728264
728261
728259
728257
728255
728252
728250
728248
728245
728243
728241
728239
728236
728234
728232
728229
728227
728224
728222
728220
728217
728215
728213
728210
728208
728205
728203
728201
728198
728196
728193
728191
728189
728186
728184
728181
728179
728176
728174
728172
728169
728167
728164
728162
728159
728157
728154
728152
728149
728147
728144
728142
728140
728137
728135
728132
728130
728127
728125
728122
728120
728117
728115
728112
728110
728107
728105
728103
728100
728098
728095
728093
728090
728088
728085
728083
728080
728078
728076
728073
728071
728068
728066
728064
728061
728059
728056
728054
728052
728049
728047
728044
728042
728040
728037
728035
728033
728030
728028
728026
728023
728021
728019
728016
728014
728012
728009
728007
728005
728003
728000
727998
727996
727994
727991
727989
727987
727985
727983
727980
727978
727976
727974
727972
727969
727967
727965
727963
727961
727959
727957
727954
727952
727950
727948
727946
727944
727942
727940
727938
727936
727934
727932
727930
727928
727926
727924
727922
727920
727918
727916
727914
727912
727910
727908
727906
727904
727902
727900
727898
727896
727894
727893
727891
727889
727887
727885
727883
727881
727879
727878
727876
727874
727872
727870
727868
727866
727865
727863
727861
727859
727857
727856
727854
727852
727850
727848
727847
727845
727843
727841
727840
727838
727836
727834
727833
727831
727829
727827
727826
727824
727822
727820
727819
727817
727815
727814
727812
727810
727808
727807
727805
727803
727802
727800
727798
727796
727795
727793
727791
727790
727788
727786
727784
727783
727781
727779
727778
727776
727774
727772
727771
727769
727767
727766
727764
727762
727760
727759
727757
727755
727754
727752
727750
727748
727747
727745
727743
727742
727740
727738
727736
727735
727733
727731
727729
727728
727726
727724
727722
727721
727719
727717
727715
727714
727712
727710
727708
727706
727705
727703
727701
727699
727698
727696
727694
727692
727690
727689
727687
727685
727683
727681
727679
727678
727676
727674
727672
727670
727669
727667
727665
727663
727661
727659
727657
727656
727654
727652
727650
727648
727646
727644
727643
727641
727639
727637
727635
727633
727631
727629
727627
727626
727624
727622
727620
727618
727616
727614
727612
727610
727608
727606
727604
727603
727601
727599
727597
727595
727593
727591
727589
727587
727585
727583
727581
727579
727577
727575
727573
727571
727569
727568
727566
727564
727562
727560
727558
727556
727554
727552
727550
727548
727546
727544
727542
727540
727538
727536
727534
727532
727530
727528
727526
727524
727522
727520
727518
727516
727514
727512
727510
727508
727506
727504
727502
727500
727498
727496
727494
727492
727490
727488
727486
727484
727482
727480
727478
727477
727475
727473
727471
727469
727467
727465
727463
727461
727459
727457
727455
727453
727451
727449
727447
727445
727443
727441
727439
727437
727435
727433
727431
727429
727427
727425
727424
727422
727420
727418
727416
727414
727412
727410
727408
727406
727404
727402
727400
727399
727397
727395
727393
727391
727389
727387
727385
727383
727381
727380
727378
727376
727374
727372
727370
727368
727366
727365
727363
727361
727359
727357
727355
727354
727352
727350
727348
727346
727344
727343
727341
727339
727337
727335
727334
727332
727330
727328
727326
727325
727323
727321
727319
727317
727316
727314
727312
727310
727309
727307
727305
727303
727302
727300
727298
727296
727295
727293
727291
727290
727288
727286
727284
727283
727281
727279
727278
727276
727274
727273
727271
727269
727268
727266
727264
727263
727261
727259
727258
727256
727254
727253
727251
727249
727248
727246
727244
727243
727241
727240
727238
727236
727235
727233
727231
727230
727228
727227
727225
727223
727222
727220
727218
727217
727215
727214
727212
727210
727209
727207
727206
727204
727202
727201
727199
727198
727196
727194
727193
727191
727190
727188
727186
727185
727183
727182
727180
727178
727177
727175
727174
727172
727170
727169
727167
727165
727164
727162
727161
727159
727157
727156
727154
727153
727151
727149
727148
727146
727144
727143
727141
727139
727138
727136
727135
727133
727131
727130
727128
727126
727125
727123
727121
727120
727118
727116
727115
727113
727111
727110
727108
727106
727104
727103
727101
727099
727098
727096
727094
727092
727091
727089
727087
727086
727084
727082
727080
727079
727077
727075
727073
727072
727070
727068
727066
727064
727063
727061
727059
727057
727056
727054
727052
727050
727048
727047
727045
727043
727041
727039
727037
727036
727034
727032
727030
727028
727027
727025
727023
727021
727019
727017
727015
727014
727012
727010
727008
727006
727004
727002
727001
726999
726997
726995
726993
726991
726989
726987
726986
726984
726982
726980
726978
726976
726974
726972
726971
726969
726967
726965
726963
726961
726959
726957
726956
726954
726952
726950
726948
726946
726944
726942
726941
726939
726937
726935
726933
726931
726929
726927
726926
726924
726922
726920
726918
726916
726914
726913
726911
726909
726907
726905
726903
726901
726900
726898
726896
726894
726892
726891
726889
726887
726885
726883
726881
726880
726878
726876
726874
726872
726871
726869
726867
726865
726864
726862
726860
726858
726856
726855
726853
726851
726849
726848
726846
726844
726843
726841
726839
726837
726836
726834
726832
726830
726829
726827
726825
726824
726822
726820
726819
726817
726815
726814
726812
726810
726809
726807
726805
726804
726802
726800
726799
726797
726795
726794
726792
726791
726789
726787
726786
726784
726782
726781
726779
726778
726776
726774
726773
726771
726770
726768
726766
726765
726763
726762
726760
726758
726757
726755
726754
726752
726751
726749
726747
726746
726744
726743
726741
726740
726738
726736
726735
726733
726732
726730
726729
726727
726726
726724
726722
726721
726719
726718
726716
726715
726713
726712
726710
726708
726707
726705
726704
726702
726701
726699
726698
726696
726694
726693
726691
726690
726688
726687
726685
726684
726682
726680
726679
726677
726676
726674
726673
726671
726669
726668
726666
726665
726663
726662
726660
726658
726657
726655
726654
726652
726651
726649
726647
726646
726644
726643
726641
726640
726638
726636
726635
726633
726632
726630
726629
726627
726625
726624
726622
726621
726619
726617
726616
726614
726613
726611
726610
726608
726606
726605
726603
726602
726600
726598
726597
726595
726594
726592
726591
726589
726587
726586
726584
726583
726581
726580
726578
726576
726575
726573
726572
726570
726569
726567
726565
726564
726562
726561
726559
726558
726556
726555
726553
726551
726550
726548
726547
726545
726544
726542
726541
726539
726538
726536
726535
726533
726531
726530
726528
726527
726525
726524
726522
726521
726519
726518
726516
726515
726513
726512
726510
726509
726507
726506
726504
726503
726502
726500
726499
726497
726496
726494
726493
726491
726490
726488
726487
726485
726484
726483
726481
726480
726478
726477
726475
726474
726473
726471
726470
726468
726467
726465
726464
726463
726461
726460
726458
726457
726455
726454
726453
726451
726450
726448
726447
726446
726444
726443
726441
726440
726439
726437
726436
726434
726433
726432
726430
726429
726427
726426
726425
726423
726422
726420
726419
726418
726416
726415
726413
726412
726411
726409
726408
726406
726405
726404
726402
726401
726399
726398
726397
726395
726394
726392
726391
726389
726388
726387
726385
726384
726382
726381
726379
726378
726376
726375
726374
726372
726371
726369
726368
726366
726365
726363
726362
726360
726359
726357
726356
726354
726353
726351
726350
726348
726347
726345
726344
726342
726340
726339
726337
726336
726334
726333
726331
726329
726328
726326
726325
726323
726322
726320
726318
726317
726315
726313
726312
726310
726309
726307
726305
726304
726302
726300
726299
726297
726295
726294
726292
726290
726289
726287
726285
726284
726282
726280
726279
726277
726275
726273
726272
726270
726268
726267
726265
726263
726261
726260
726258
726256
726254
726253
726251
726249
726247
726246
726244
726242
726240
726239
726237
726235
726233
726232
726230
726228
726226
726225
726223
726221
726219
726218
726216
726214
726212
726210
726209
726207
726205
726203
726202
726200
726198
726196
726195
726193
726191
726189
726188
726186
726184
726182
726181
726179
726177
726176
726174
726172
726170
726169
726167
726165
726164
726162
726160
726158
726157
726155
726153
726152
726150
726148
726147
726145
726143
726142
726140
726139
726137
726135
726134
726132
726130
726129
726127
726126
726124
726122
726121
726119
726118
726116
726115
726113
726112
726110
726109
726107
726106
726104
726103
726101
726100
726098
726097
726095
726094
726092
726091
726089
726088
726087
726085
726084
726082
726081
726080
726078
726077
726075
726074
726073
726071
726070
726069
726067
726066
726065
726063
726062
726061
726059
726058
726057
726056
726054
726053
726052
726051
726049
726048
726047
726046
726044
726043
726042
726041
726040
726038
726037
726036
726035
726034
726032
726031
726030
726029
726028
726027
726025
726024
726023
726022
726021
726020
726019
726017
726016
