
Objective value: 
41646
718042
875494
746492
747164
748497
749330
749707
749975
750052
749912
749676
749463
749312
749215
749142
749069
749001
748949
748916
748894
748875
748853
748830
748804
748763
748686
748565
748414
748259
748120
748007
747924
747868
747837
747825
747826
747828
747816
747777
747713
747633
747545
747458
747377
747304
747242
747195
747165
747153
747157
747175
747200
747223
747239
747245
747239
747225
747204
747176
747144
747107
747067
747024
746982
746942
746907
746877
746852
746831
746809
746783
746750
746707
746658
746605
746552
746501
746456
746417
746385
746360
746342
746330
746324
746322
746324
746328
746335
746341
746346
746348
746346
746340
746329
746314
746295
746275
746254
746235
746218
746206
746199
746197
746200
746207
746218
746232
746249
746268
746289
746312
746339
746369
746403
746442
746485
746535
746591
746654
746723
746797
746876
746956
747036
747111
747181
747243
747295
747336
747366
747386
747396
747397
747391
747380
747369
747359
747353
747355
747365
747385
747413
747447
747485
747524
747561
747594
747622
747645
747662
747674
747682
747688
747692
747697
747704
747714
747729
747749
747774
747803
747837
747873
747911
747948
747984
748018
748049
748077
748102
748126
748148
748169
748191
748213
748236
748260
748284
748307
748329
748349
748367
748381
748394
748403
748411
748418
748425
748432
748440
748450
748461
748475
748491
748507
748525
748542
748558
748571
748582
748588
748590
748588
748580
748568
748553
748534
748513
748491
748468
748444
748421
748397
748374
748351
748327
748302
748277
748249
748221
748190
748159
748126
748093
748060
748028
747997
747969
747944
747923
747907
747895
747889
747888
747893
747904
747921
747943
747970
748000
748033
748068
748103
748136
748164
748187
748203
748210
748208
748195
748173
748142
748102
748056
748003
747946
747886
747824
747762
747699
747637
747577
747519
747463
747410
747360
747312
747267
747225
747186
747149
747114
747082
747052
747025
746999
746975
746953
746932
746913
746895
746878
746862
746846
746832
746817
746803
746790
746777
746764
746752
746741
746731
746722
746715
746709
746706
746705
746707
746712
746719
746730
746745
746762
746783
746807
746833
746862
746893
746925
746958
746992
747026
747060
747092
747124
747154
747182
747209
747233
747254
747274
747290
747304
747316
747325
747332
747337
747339
747339
747338
747335
747330
747324
747317
747310
747302
747295
747287
747281
747276
747273
747271
747273
747278
747286
747299
747316
747338
747365
747398
747437
747481
747531
747587
747648
747713
747782
747853
747926
748000
748072
748141
748206
748266
748318
748363
748400
748427
748445
748455
748456
748449
748434
748412
748383
748349
748310
748267
748219
748169
748116
748062
748006
747949
747893
747836
747781
747727
747674
747624
747576
747530
747487
747447
747410
747376
747346
747319
747295
747275
747258
747245
747235
747229
747226
747225
747228
747234
747242
747252
747264
747278
747293
747310
747327
747344
747362
747380
747398
747416
747433
747450
747466
747482
747498
747513
747528
747543
747558
747573
747588
747603
747619
747634
747650
747666
747683
747700
747717
747734
747752
747769
747787
747805
747823
747841
747858
747875
747893
747909
747926
747943
747960
747976
747993
748010
748027
748045
748064
748084
748105
748127
748150
748175
748201
748229
748259
748290
748322
748356
748391
748427
748463
748500
748536
748571
748605
748637
748667
748694
748718
748738
748753
748765
748773
748775
748774
748768
748758
748744
748727
748706
748682
748655
748626
748595
748563
748529
748495
748460
748424
748389
748355
748321
748288
748256
748225
748196
748169
748144
748120
748098
748078
748060
748044
748030
748018
748007
747998
747990
747984
747979
747975
747971
747969
747967
747966
747965
747964
747964
747963
747963
747963
747962
747962
747962
747962
747962
747962
747962
747963
747965
747966
747969
747972
747976
747980
747986
747992
748000
748008
748018
748029
748041
748054
748068
748083
748100
748117
748136
748155
748176
748198
748220
748243
748267
748292
748317
748342
748368
748395
748421
748448
748475
748501
748528
748554
748580
748606
748632
748657
748681
748705
748728
748750
748772
748793
748812
748831
748849
748866
748881
748895
748908
748919
748928
748936
748942
748947
748949
748949
748947
748942
748936
748926
748915
748901
748884
748865
748843
748818
748791
748762
748730
748696
748659
748621
748580
748537
748493
748447
748400
748351
748301
748250
748198
748146
748094
748041
747988
747936
747883
747832
747780
747730
747681
747632
747585
747538
747494
747450
747408
747367
747328
747291
747255
747221
747188
747157
747128
747101
747075
747050
747028
747007
746988
746970
746954
746939
746927
746915
746906
746898
746891
746886
746883
746881
746880
746882
746885
746889
746895
746903
746912
746923
746936
746950
746967
746985
747004
747026
747049
747075
747102
747131
747162
747195
747229
747266
747305
747346
747388
747433
747480
747528
747579
747631
747686
747743
747801
747862
747924
747988
748054
748122
748191
748262
748335
748408
748483
748558
748634
748710
748786
748861
748936
749010
749082
749152
749220
749286
749348
749407
749463
749515
749563
749607
749646
749682
749713
749740
749762
749781
749796
749807
749815
749819
749820
749818
749814
749807
749797
749786
749772
749757
749740
749722
749703
749682
749661
749639
749616
749593
749568
749544
749519
749494
749468
749441
749415
749388
749360
749332
749303
749274
749244
749213
749181
749149
749115
749081
749045
749009
748971
748933
748894
748853
748812
748769
748726
748683
748638
748593
748548
748502
748456
748410
748364
748318
748273
748228
748184
748141
748098
748056
748016
747976
747938
747902
747867
747833
747801
747770
747742
747715
747690
747666
747645
747625
747607
747591
747577
747565
747554
747546
747539
747534
747530
747528
747528
747530
747533
747537
747543
747549
747557
747567
747577
747588
747599
747612
747625
747638
747652
747665
747679
747693
747707
747721
747735
747748
747761
747773
747785
747796
747807
747817
747827
747836
747845
747853
747861
747868
747875
747881
747887
747894
747899
747905
747911
747917
747923
747930
747936
747943
747950
747957
747965
747973
747982
747991
748000
748010
748020
748030
748040
748050
748060
748071
748081
748090
748100
748108
748116
748124
748131
748136
748141
748145
748148
748150
748150
748150
748148
748145
748141
748136
748130
748123
748115
748106
748097
748086
748075
748064
748052
748039
748026
748013
748000
747987
747974
747960
747947
747934
747921
747908
747895
747882
747870
747858
747846
747834
747822
747810
747798
747786
747774
747762
747749
747736
747723
747709
747694
747679
747663
747647
747629
747611
747591
747571
747550
747528
747504
747480
747455
747429
747402
747374
747345
747316
747285
747255
747223
747191
747159
747126
747093
747060
747027
746993
746960
746927
746894
746862
746830
746798
746767
746737
746707
746678
746650
746623
746597
746573
746549
746527
746506
746486
746468
746451
746437
746423
746412
746403
746395
746390
746386
746385
746386
746390
746395
746404
746415
746428
746444
746463
746485
746509
746536
746567
746600
746636
746675
746717
746761
746809
746860
746913
746970
747029
747090
747154
747221
747290
747361
747434
747508
747585
747663
747742
747822
747904
747986
748068
748151
748233
748316
748398
748479
748560
748639
748718
748794
748870
748943
749015
749084
749152
749217
749279
749339
749397
749452
749504
749553
749599
749642
749683
749720
749754
749786
749814
749839
749861
749879
749895
749907
749917
749923
749926
749926
749923
749917
749908
749896
749881
749864
749843
749820
749794
749765
749733
749700
749663
749624
749583
749540
749494
749447
749397
749346
749293
749238
749182
749124
749065
749005
748943
748880
748817
748753
748688
748623
748557
748490
748424
748358
748291
748225
748158
748093
748027
747962
747898
747834
747772
747710
747649
747589
747530
747472
747416
747360
747307
747254
747203
747154
747106
747059
747015
746972
746931
746891
746854
746818
746784
746752
746722
746694
746669
746645
746624
746605
746588
746573
746561
746552
746544
746540
746538
746538
746542
746548
746557
746568
746583
746600
746621
746644
746670
746700
746732
746767
746806
746847
746891
746938
746987
747040
747094
747152
747211
747273
747336
747401
747468
747536
747605
747675
747745
747816
747886
747956
748026
748095
748162
748228
748293
748356
748416
748475
748531
748585
748636
748684
748730
748773
748813
748850
748884
748915
748944
748970
748993
749014
749032
749047
749060
749071
749079
749086
749090
749092
749093
749092
749089
749084
749078
749071
749063
749053
749042
749030
749017
749003
748989
748973
748957
748940
748923
748905
748886
748867
748848
748828
748808
748787
748766
748745
748723
748701
748678
748655
748632
748609
748585
748561
748536
748511
748486
748460
748435
748408
748382
748355
748328
748301
748274
748247
748219
748192
748164
748137
748109
748082
748056
748029
748003
747978
747953
747929
747905
747882
747861
747840
747820
747802
747785
747769
747754
747741
747729
747719
747710
747703
747697
747693
747691
747691
747692
747694
747698
747704
747712
747720
747731
747742
747755
747769
747785
747801
747818
747837
747856
747876
747896
747917
747939
747961
747984
748006
748030
748053
748077
748100
748124
748148
748173
748197
748222
748246
748271
748296
748321
748346
748371
748397
748423
748449
748475
748501
748528
748555
748582
748609
748637
748665
748693
748721
748749
748777
748805
748834
748862
748890
748917
748945
748972
748999
749025
749050
749075
749100
749123
749145
749167
749188
749207
749226
749243
749259
749274
749287
749299
749310
749320
749328
749335
749340
749345
749347
749349
749349
749348
749345
749342
749337
749331
749324
749316
749307
749296
749285
749273
749260
749246
749231
749215
749199
749182
749164
749145
749125
749105
749084
749063
749041
749018
748995
748971
748946
748921
748895
748868
748841
748813
748785
748756
748726
748696
748665
748633
748601
748568
748535
748501
748466
748431
748395
748359
748322
748284
748247
748209
748170
748131
748092
748052
748013
747973
747933
747893
747853
747812
747772
747733
747693
747654
747615
747576
747538
747500
747463
747426
747390
747355
747321
747287
747254
747222
747192
747162
747133
747105
747079
747053
747029
747006
746984
746964
746944
746926
746910
746895
746881
746868
746857
746847
746838
746831
746826
746821
746818
746816
746816
746817
746819
746822
746827
746833
746840
746849
746858
746869
746881
746894
746908
746924
746940
746957
746975
746995
747015
747036
747058
747081
747104
747129
747154
747180
747206
747234
747262
747290
747319
747348
747378
747409
747440
747471
747502
747534
747566
747598
747630
747662
747694
747726
747758
747789
747821
747852
747882
747913
747942
747972
748000
748028
748056
748082
748108
748132
748156
748179
748201
748222
748242
748260
748278
748294
748309
748323
748336
748348
748358
748367
748375
748382
748388
748393
748396
748398
748400
748400
748399
748398
748395
748392
748388
748383
748378
748372
748365
748358
748351
748343
748334
748326
748317
748308
748299
748290
748281
748273
748264
748255
748247
748239
748231
748224
748217
748210
748204
748198
748193
748188
748184
748181
748178
748176
748174
748173
748173
748173
748174
748176
748178
748181
748184
748189
748193
748199
748205
748212
748219
748228
748236
748246
748256
748266
748277
748289
748302
748315
748328
748343
748357
748373
748389
748406
748423
748441
748459
748478
748498
748518
748538
748559
748581
748603
748626
748649
748673
748696
748721
748745
748770
748795
748820
748846
748871
748896
748922
748947
748972
748996
749020
749044
749067
749090
749112
749133
749153
749172
749190
749207
749223
749238
749251
749263
749274
749283
749291
749297
749301
749304
749306
749305
749303
749300
749295
749288
749279
749269
749257
749244
749229
749212
749194
749174
749153
749131
749107
749082
749056
749029
749000
748970
748939
748907
748874
748840
748806
748770
748734
748697
748659
748621
748582
748543
748503
748463
748423
748382
748341
748300
748259
748218
748177
748136
748095
748054
748014
747974
747934
747895
747856
747818
747780
747744
747708
747673
747639
747605
747573
747542
747512
747484
747457
747431
747407
747384
747363
747344
747326
747310
747296
747284
747274
747266
747260
747257
747255
747256
747259
747265
747272
747283
747295
747310
747328
747348
747371
747395
747423
747452
747484
747518
747555
747593
747634
747676
747721
747767
747815
747864
747914
747966
748018
748072
748126
748180
748235
748290
748345
748400
748454
748508
748561
748613
748664
748715
748763
748811
748857
748902
748944
748986
749025
749062
749098
749132
749164
749194
749222
749248
749272
749294
749314
749333
749350
749364
749377
749389
749398
749406
749412
749417
749421
749422
749423
749422
749420
749417
749412
749406
749400
749392
749384
749374
749364
749353
749342
749330
749317
749304
749291
749277
749263
749248
749234
749220
749205
749191
749176
749162
749149
749135
749122
749109
749097
749086
749075
749065
749055
749047
749039
749032
749027
749022
749019
749016
749015
749015
749016
749019
749023
749028
749035
749043
749053
749064
749077
749091
749106
749123
749142
749162
749183
749206
749230
749255
749282
749309
749338
749368
749399
749431
749464
749497
749531
749566
749601
749636
749672
749708
749743
749779
749815
749850
749885
749919
749953
749986
750018
750049
750080
750109
750138
750165
750191
750215
750239
750261
750281
750301
750318
750335
750350
750363
750375
750386
750395
750403
750409
750414
750418
750421
750422
750422
750421
750418
750415
750411
750405
750399
750392
750384
750375
750365
750355
750345
750333
750322
750310
750297
750285
750272
750259
750245
750232
750219
750206
750192
750180
750167
750154
750142
750130
750119
750108
750097
750087
750077
750068
750060
750052
750044
750038
750032
750027
750022
750018
750015
750012
750010
750009
750008
750008
750008
750009
750011
750013
750015
750018
750022
750025
750029
750033
750038
750042
750047
750051
750055
750059
750063
750067
750070
750073
750076
750078
750079
750079
750079
750078
750076
750073
750069
750065
750059
750052
750043
750034
750023
750012
749999
749984
749969
749952
749934
749914
749893
749871
749848
749824
749798
749771
749743
749715
749685
749654
749622
749589
749555
749521
749486
749450
749414
749378
749341
749303
749266
749228
749190
749153
749115
749078
749041
749004
748968
748933
748898
748864
748831
748799
748768
748738
748710
748683
748658
748634
748612
748592
748573
748557
748543
748531
748521
748514
748509
748507
748507
748511
748517
748526
748538
748553
748572
748593
748618
748646
748678
748713
748752
748794
748840
748889
748942
748998
749058
749122
749189
749259
749333
749410
749490
749573
749659
749748
749839
749932
750027
750124
750223
750323
750423
750525
750626
750728
750829
750929
751029
751126
751223
751317
751409
751499
751585
751669
751749
751826
751900
751970
752036
752097
752155
752209
752259
752305
752346
752384
752417
752446
752472
752493
752510
752524
752534
752540
752542
752541
752537
752529
752519
752505
752488
752468
752445
752420
752392
752361
752329
752294
752257
752217
752176
752134
752089
752043
751996
751947
751898
751847
751795
751743
751689
751636
751582
751527
751473
751418
751364
751310
751256
751203
751150
751098
751047
750996
750947
750899
750852
750807
750763
750720
750679
750640
750603
750568
750534
750503
750474
750447
750422
750400
750380
750363
750348
750336
750326
750319
750315
750314
750315
750319
750326
750336
750348
750364
750382
750403
750427
750454
750484
750516
750551
750589
750630
750673
750718
750766
750816
750868
750922
750978
751036
751095
751156
751218
751282
751346
751411
751477
751543
751609
751676
751742
751808
751873
751938
752002
752065
752126
752187
752246
752303
752359
752413
752465
752515
752563
752609
752652
752694
752733
752771
752806
752838
752869
752897
752923
752947
752969
752989
753006
753022
753036
753047
753058
753066
753072
753077
753080
753082
753083
753082
753079
753076
753071
753065
753058
753051
753042
753033
753022
753012
753000
752988
752976
752963
752950
752936
752922
752909
752895
752881
752867
752853
752839
752825
752812
752799
752786
752774
752762
752750
752739
752729
752719
752709
752701
752693
752685
752679
752673
752668
752664
752660
752658
752656
752655
752655
752656
752658
752661
752664
752669
752674
752681
752688
752696
752705
752715
752726
752737
752749
752762
752776
752791
752806
752821
752838
752854
752872
752889
752907
752926
752944
752963
752982
753002
753021
753040
753060
753079
753098
753117
753136
753155
753173
753192
753209
753227
753244
753261
753277
753293
753308
753323
753338
753352
753366
753379
753392
753404
753416
753428
753439
753450
753461
753471
753481
753491
753501
753511
753520
753530
753539
753549
753558
753568
753578
753587
753597
753608
753618
753629
753640
753652
753664
753676
753689
753703
753716
753731
753746
753761
753777
753794
753811
753829
753847
753866
753885
753905
753926
753947
753969
753991
754014
754037
754060
754084
754109
754133
754158
754183
754208
754233
754259
754284
754310
754335
754360
754385
754409
754434
754458
754481
754504
754526
754548
754569
754590
754610
754628
754646
754664
754680
754695
754709
754723
754735
754746
754756
754765
754773
754779
754785
754789
754792
754794
754795
754795
754793
754791
754787
754782
754776
754769
754761
754752
754742
754732
754720
754707
754694
754680
754665
754649
754633
754616
754599
754582
754563
754545
754526
754507
754488
754469
754450
754431
754412
754393
754375
754356
754339
754321
754304
754288
754273
754258
754244
754231
754219
754208
754198
754189
754182
754175
754171
754167
754165
754165
754167
754170
754174
754181
754189
754200
754212
754227
754243
754262
754282
754305
754330
754357
754387
754418
754452
754489
754527
754568
754611
754657
754704
754754
754806
754860
754916
754975
755035
755097
755161
755227
755294
755363
755433
755505
755577
755651
755726
755802
755878
755955
756032
756109
756187
756264
756341
756418
756494
756570
756644
756718
756791
756862
756932
757000
757067
757132
757196
757257
757317
757374
757430
757483
757534
757583
757629
757673
757714
757754
757791
757825
757857
757887
757914
757939
757961
757981
757999
758015
758028
758040
758049
758056
758061
758064
758064
758064
758061
758056
758050
758042
758032
758021
758009
757995
757980
757963
757945
757926
757906
757886
757864
757841
757818
757793
757769
757743
757717
757691
757664
757637
757610
757583
757556
757528
757501
757474
757447
757420
757393
757367
757342
757317
757292
757268
757245
757222
757200
757179
757159
757140
757121
757104
757088
757073
757058
757045
757034
757023
757014
757006
756999
756993
756989
756986
756985
756985
756986
756989
756993
756998
757005
757013
757022
757033
757045
757058
757073
757089
757106
757124
757144
757164
757186
757208
757232
757256
757282
757308
757335
757362
757390
757419
757448
757478
757508
757538
757569
757599
757630
757661
757691
757722
757752
757782
757811
757841
757869
757897
757925
757951
757977
758003
758027
758051
758073
758095
758116
758135
758154
758171
758188
758203
758217
758230
758242
758253
758262
758271
758278
758284
758289
758293
758296
758297
758298
758298
758296
758294
758291
758286
758281
758275
758269
758261
758253
758244
758235
758225
758214
758203
758191
758180
758167
758155
758142
758129
758116
758103
758090
758077
758064
758051
758038
758025
758013
758001
757990
757979
757968
757958
757949
757940
757932
757925
757918
757913
757908
757904
757901
757899
757898
757899
757900
757902
757906
757911
757917
757925
757933
757943
757955
757967
757982
757997
758014
758033
758052
758074
758097
758121
758146
758174
758202
758232
758263
758296
758330
758366
758403
758441
758480
758521
758563
758606
758650
758695
758741
758788
758836
758885
758934
758985
759036
759087
759139
759192
759245
759299
759352
759406
759460
759515
759569
759623
759678
759732
759786
759839
759893
759946
759998
760051
760102
760154
760204
760255
760304
760353
760401
760449
760496
760542
760588
760632
760676
760719
760762
760804
760844
760884
760924
760962
761000
761037
761073
761109
761144
761178
761211
761244
761276
761307
761338
761368
761398
761427
761455
761483
761510
761537
761563
761589
761614
761639
761664
761688
761711
761735
761758
761780
761803
761825
761847
761868
761890
761911
761931
761952
761973
761993
762013
762033
762053
762072
762092
762111
762130
762149
762168
762187
762206
762224
762243
762261
762279
762297
762314
762332
762349
762367
762383
762400
762417
762433
762449
762465
762480
762495
762510
762524
762538
762552
762565
762578
762591
762603
762615
762626
762637
762647
762657
762667
762676
762684
762692
762699
762706
762713
762718
762724
762729
762733
762737
762740
762743
762746
762747
762749
762750
762751
762751
762751
762750
762749
762748
762747
762745
762743
762741
762738
762736
762733
762730
762727
762725
762722
762719
762716
762713
762710
762707
762705
762703
762701
762699
762698
762697
762696
762696
762696
762696
762698
762699
762701
762704
762708
762712
762716
762722
762728
762735
762742
762750
762760
762770
762780
762792
762805
762818
762833
762848
762864
762881
762899
762918
762938
762959
762981
763004
763028
763052
763078
763105
762883
762863
762844
762825
762806
762787
762768
762749
762730
762711
762692
762673
762654
762635
762616
762597
762578
762559
762540
762521
762502
762483
762464
762445
762426
762407
762388
762369
762350
762331
762312
762293
762274
762255
762236
762217
762198
762179
762160
762141
762122
762104
762085
762066
762047
762028
762009
761990
761971
761952
761934
761915
761896
761877
761858
761840
761821
761802
761783
761765
761746
761727
761709
761690
761672
761653
761634
761616
761597
761579
761560
761542
761523
761505
761487
761468
761450
761432
761413
761395
761377
761358
761340
761322
761304
761286
761268
761249
761231
761213
761195
761177
761159
761141
761123
761105
761087
761069
761051
761034
761016
760998
760980
760962
760945
760927
760909
760891
760874
760856
760838
760821
760803
760785
760768
760750
760733
760715
760698
760680
760663
760645
760628
760610
760593
760575
760558
760541
760523
760506
760489
760471
760454
760437
760419
760402
760385
760368
760350
760333
760316
760299
760282
760265
760247
760230
760213
760196
760179
760162
760145
760128
760111
760094
760077
760060
760043
760026
760009
759992
759975
759958
759941
759924
759907
759891
759874
759857
759840
759823
759806
759790
759773
759756
759739
759722
759706
759689
759672
759656
759639
759622
759605
759589
759572
759555
759539
759522
759505
759489
759472
759456
759439
759422
759406
759389
759373
759356
759339
759323
759306
759290
759273
759256
759240
759223
759207
759190
759174
759157
759140
759124
759107
759091
759074
759058
759041
759024
759008
758991
758975
758958
758941
758925
758908
758892
758875
758858
758842
758825
758808
758792
758775
758758
758741
758725
758708
758691
758675
758658
758641
758624
758607
758591
758574
758557
758540
758523
758507
758490
758473
758456
758439
758422
758405
758389
758372
758355
758338
758321
758304
758287
758270
758253
758236
758219
758202
758186
758169
758152
758135
758118
758101
758084
758067
758050
758033
758016
757999
757982
757966
757949
757932
757915
757898
757881
757864
757847
757831
757814
757797
757780
757763
757747
757730
757713
757696
757680
757663
757646
757630
757613
757596
757580
757563
757546
757530
757513
757497
757480
757464
757447
757431
757414
757398
757382
757365
757349
757332
757316
757300
757284
757267
757251
757235
757219
757202
757186
757170
757154
757138
757122
757106
757090
757074
757058
757042
757026
757010
756994
756978
756963
756947
756931
756915
756899
756884
756868
756852
756837
756821
756805
756790
756774
756758
756743
756727
756712
756696
756681
756665
756650
756635
756619
756604
756588
756573
756558
756542
756527
756512
756497
756481
756466
756451
756436
756421
756405
756390
756375
756360
756345
756330
756315
756300
756285
756270
756255
756240
756225
756210
756195
756180
756165
756150
756135
756120
756105
756090
756075
756060
756045
756031
756016
756001
755986
755971
755957
755942
755927
755912
755897
755883
755868
755853
755838
755824
755809
755794
755779
755765
755750
755735
755721
755706
755691
755676
755662
755647
755632
755618
755603
755588
755574
755559
755544
755529
755515
755500
755485
755470
755456
755441
755426
755411
755397
755382
755367
755352
755338
755323
755308
755293
755278
755263
755249
755234
755219
755204
755189
755174
755159
755144
755129
755114
755099
755084
755069
755054
755039
755024
755009
754994
754979
754964
754949
754934
754918
754903
754888
754873
754858
754842
754827
754812
754797
754781
754766
754751
754736
754720
754705
754690
754674
754659
754643
754628
754613
754597
754582
754566
754551
754535
754520
754505
754489
754474
754458
754443
754427
754412
754396
754381
754365
754350
754334
754319
754303
754288
754272
754257
754241
754226
754210
754195
754179
754164
754148
754133
754117
754102
754086
754071
754055
754040
754025
754009
753994
753979
753963
753948
753933
753917
753902
753887
753871
753856
753841
753826
753811
753795
753780
753765
753750
753735
753720
753705
753690
753675
753660
753645
753630
753615
753600
753585
753570
753555
753541
753526
753511
753496
753481
753467
753452
753437
753423
753408
753393
753379
753364
753350
753335
753321
753306
753292
753277
753263
753249
753234
753220
753206
753191
753177
753163
753149
753134
753120
753106
753092
753078
753064
753050
753036
753022
753008
752994
752980
752966
752952
752938
752924
752910
752896
752883
752869
752855
752841
752828
752814
752800
752786
752773
752759
752746
752732
752718
752705
752691
752678
752664
752651
752637
752624
752610
752597
752584
752570
752557
752543
752530
752517
752503
752490
752477
752464
752450
752437
752424
752411
752397
752384
752371
752358
752345
752331
752318
752305
752292
752279
752266
752253
752239
752226
752213
752200
752187
752174
752161
752148
752135
752121
752108
752095
752082
752069
752056
752043
752030
752017
752003
751990
751977
751964
751951
751938
751925
751911
751898
751885
751872
751859
751845
751832
751819
751806
751793
751779
751766
751753
751739
751726
751713
751700
751686
751673
751659
751646
751633
751619
751606
751592
751579
751565
751552
751539
751525
751512
751498
751484
751471
751457
751444
751430
751417
751403
751389
751376
751362
751348
751335
751321
751307
751294
751280
751266
751252
751239
751225
751211
751197
751184
751170
751156
751142
751128
751115
751101
751087
751073
751059
751045
751032
751018
751004
750990
750976
750962
750949
750935
750921
750907
750893
750879
750865
750852
750838
750824
750810
750796
750782
750769
750755
750741
750727
750713
750700
750686
750672
750658
750645
750631
750617
750603
750590
750576
750562
750548
750535
750521
750507
750494
750480
750467
750453
750439
750426
750412
750399
750385
750372
750358
750345
750331
750318
750304
750291
750277
750264
750251
750237
750224
750210
750197
750184
750171
750157
750144
750131
750118
750104
750091
750078
750065
750052
750039
750025
750012
749999
749986
749973
749960
749947
749934
749921
749908
749896
749883
749870
749857
749844
749831
749818
749806
749793
749780
749767
749755
749742
749729
749717
749704
749691
749679
749666
749654
749641
749628
749616
749603
749591
749578
749566
749554
749541
749529
749516
749504
749492
749479
749467
749455
749442
749430
749418
749406
749393
749381
749369
749357
749344
749332
749320
749308
749296
749284
749272
749259
749247
749235
749223
749211
749199
749187
749175
749163
749151
749139
749127
749115
749103
749091
749079
749067
749055
749043
749032
749020
749008
748996
748984
748972
748960
748948
748936
748925
748913
748901
748889
748877
748865
748854
748842
748830
748818
748806
748795
748783
748771
748759
748747
748736
748724
748712
748700
748688
748677
748665
748653
748641
748630
748618
748606
748594
748583
748571
748559
748547
748536
748524
748512
748500
748489
748477
748465
748454
748442
748430
748418
748407
748395
748383
748372
748360
748348
748336
748325
748313
748301
748290
748278
748266
748255
748243
748231
748220
748208
748196
748185
748173
748161
748150
748138
748127
748115
748103
748092
748080
748069
748057
748045
748034
748022
748011
747999
747987
747976
747964
747953
747941
747930
747918
747907
747895
747884
747872
747861
747849
747838
747826
747815
747803
747792
747781
747769
747758
747746
747735
747723
747712
747701
747689
747678
747666
747655
747644
747632
747621
747610
747598
747587
747576
747564
747553
747542
747530
747519
747508
747496
747485
747474
747462
747451
747440
747428
747417
747406
747394
747383
747372
747360
747349
747338
747326
747315
747304
747292
747281
747270
747258
747247
747236
747224
747213
747202
747190
747179
747167
747156
747145
747133
747122
747110
747099
747087
747076
747065
747053
747042
747030
747019
747007
746996
746984
746973
746961
746950
746938
746926
746915
746903
746892
746880
746868
746857
746845
746834
746822
746810
746799
746787
746775
746763
746752
746740
746728
746717
746705
746693
746681
746669
746658
746646
746634
746622
746610
746598
746587
746575
746563
746551
746539
746527
746515
746503
746491
746479
746467
746455
746443
746431
746419
746408
746396
746384
746371
746359
746347
746335
746323
746311
746299
746287
746275
746263
746251
746239
746227
746215
746203
746191
746179
746167
746155
746143
746130
746118
746106
746094
746082
746070
746058
746046
746034
746022
746010
745998
745986
745974
745962
745950
745938
745926
745914
745902
745890
745878
745866
745854
745842
745830
745818
745807
745795
745783
745771
745759
745747
745736
745724
745712
745700
745689
745677
745665
745654
745642
745630
745619
745607
745596
745584
745573
745561
745550
745538
745527
745516
745504
745493
745482
745470
745459
745448
745437
745426
745414
745403
745392
745381
745370
745359
745348
745337
745326
745316
745305
745294
745283
745272
745262
745251
745240
745230
745219
745209
745198
745188
745177
745167
745156
745146
745136
745125
745115
745105
745095
745084
745074
745064
745054
745044
745034
745024
745014
745004
744994
744984
744974
744965
744955
744945
744935
744926
744916
744906
744897
744887
744877
744868
744858
744849
744839
744830
744820
744811
744801
744792
744782
744773
744764
744754
744745
744735
744726
744717
744708
744698
744689
744680
744670
744661
744652
744643
744634
744624
744615
744606
744597
744588
744578
744569
744560
744551
744542
744532
744523
744514
744505
744496
744487
744477
744468
744459
744450
744441
744431
744422
744413
744404
744394
744385
744376
744367
744357
744348
744339
744329
744320
744311
744301
744292
744283
744273
744264
744254
744245
744235
744226
744216
744207
744197
744188
744178
744169
744159
744150
744140
744130
744121
744111
744101
744092
744082
744072
744062
744052
744043
744033
744023
744013
744003
743993
743983
743973
743964
743954
743944
743934
743923
743913
743903
743893
743883
743873
743863
743853
743843
743832
743822
743812
743802
743791
743781
743771
743761
743750
743740
743730
743719
743709
743698
743688
743678
743667
743657
743646
743636
743625
743615
743604
743594
743583
743573
743562
743552
743541
743531
743520
743509
743499
743488
743478
743467
743457
743446
743435
743425
743414
743404
743393
743382
743372
743361
743350
743340
743329
743319
743308
743297
743287
743276
743266
743255
743245
743234
743223
743213
743202
743192
743181
743171
743160
743150
743139
743129
743118
743108
743097
743087
743077
743066
743056
743045
743035
743025
743014
743004
742994
742984
742973
742963
742953
742943
742933
742922
742912
742902
742892
742882
742872
742862
742852
742842
742832
742822
742812
742802
742792
742782
742772
742762
742753
742743
742733
742723
742714
742704
742694
742684
742675
742665
742656
742646
742636
742627
742617
742608
742598
742589
742579
742570
742561
742551
742542
742532
742523
742514
742504
742495
742486
742477
742467
742458
742449
742440
742431
742421
742412
742403
742394
742385
742376
742367
742358
742349
742340
742331
742322
742313
742304
742295
742286
742277
742268
742259
742250
742241
742232
742223
742214
742206
742197
742188
742179
742170
742161
742152
742144
742135
742126
742117
742108
742099
742091
742082
742073
742064
742056
742047
742038
742029
742020
742012
742003
741994
741985
741977
741968
741959
741950
741941
741933
741924
741915
741906
741898
741889
741880
741871
741863
741854
741845
741836
741828
741819
741810
741801
741792
741784
741775
741766
741757
741748
741740
741731
741722
741713
741704
741696
741687
741678
741669
741660
741652
741643
741634
741625
741616
741607
741599
741590
741581
741572
741563
741554
741546
741537
741528
741519
741510
741501
741492
741484
741475
741466
741457
741448
741439
741430
741421
741412
741404
741395
741386
741377
741368
741359
741350
741341
741332
741324
741315
741306
741297
741288
741279
741270
741261
741252
741243
741235
741226
741217
741208
741199
741190
741181
741172
741163
741155
741146
741137
741128
741119
741110
741101
741092
741083
741075
741066
741057
741048
741039
741030
741021
741013
741004
740995
740986
740977
740968
740959
740951
740942
740933
740924
740915
740906
740898
740889
740880
740871
740862
740854
740845
740836
740827
740818
740810
740801
740792
740783
740775
740766
740757
740748
740740
740731
740722
740713
740705
740696
740687
740678
740670
740661
740652
740644
740635
740626
740617
740609
740600
740591
740583
740574
740565
740557
740548
740539
740531
740522
740513
740504
740496
740487
740478
740470
740461
740452
740444
740435
740426
740418
740409
740400
740392
740383
740374
740366
740357
740348
740340
740331
740322
740314
740305
740296
740288
740279
740270
740262
740253
740244
740236
740227
740218
740210
740201
740192
740184
740175
740166
740158
740149
740140
740132
740123
740114
740106
740097
740088
740079
740071
740062
740053
740045
740036
740027
740019
740010
740001
739993
739984
739975
739967
739958
739949
739941
739932
739923
739915
739906
739897
739889
739880
739871
739863
739854
739845
739837
739828
739819
739811
739802
739793
739785
739776
739768
739759
739750
739742
739733
739725
739716
739707
739699
739690
739682
739673
739665
739656
739648
739639
739631
739622
739614
739605
739597
739588
739580
739571
739563
739554
739546
739538
739529
739521
739513
739504
739496
739488
739479
739471
739463
739454
739446
739438
739430
739421
739413
739405
739397
739389
739380
739372
739364
739356
739348
739340
739332
739324
739316
739308
739300
739292
739284
739276
739268
739260
739252
739244
739236
739228
739221
739213
739205
739197
739189
739182
739174
739166
739158
739151
739143
739135
739128
739120
739112
739105
739097
739090
739082
739075
739067
739060
739052
739045
739037
739030
739022
739015
739007
739000
738993
738985
738978
738971
738963
738956
738949
738941
738934
738927
738920
738912
738905
738898
738891
738884
738876
738869
738862
738855
738848
738841
738834
738826
738819
738812
738805
738798
738791
738784
738777
738770
738763
738756
738749
738742
738735
738728
738721
738714
738707
738700
738693
738686
738679
738672
738665
738658
738651
738644
738637
738630
738623
738616
738609
738602
738595
738588
738581
738574
738567
738560
738553
738546
738539
738532
738525
738518
738511
738504
738497
738490
738483
738476
738468
738461
738454
738447
738440
738433
738426
738419
738412
738404
738397
738390
738383
738376
738368
738361
738354
738347
738339
738332
738325
738318
738310
738303
738296
738288
738281
738274
738266
738259
738251
738244
738237
738229
738222
738214
738207
738199
738192
738184
738177
738169
738162
738154
738146
738139
738131
738124
738116
738108
738101
738093
738085
738078
738070
738062
738054
738047
738039
738031
738023
738015
738008
738000
737992
737984
737976
737968
737961
737953
737945
737937
737929
737921
737913
737905
737897
737889
737881
737874
737866
737858
737850
737842
737834
737826
737818
737810
737802
737794
737786
737778
737770
737762
737754
737746
737738
737730
737722
737714
737706
737698
737690
737682
737674
737666
737657
737649
737641
737633
737626
737618
737610
737602
737594
737586
737578
737570
737562
737554
737546
737538
737530
737522
737514
737506
737498
737491
737483
737475
737467
737459
737451
737443
737436
737428
737420
737412
737405
737397
737389
737381
737374
737366
737358
737351
737343
737335
737328
737320
737313
737305
737297
737290
737282
737275
737267
737260
737252
737245
737238
737230
737223
737215
737208
737201
737193
737186
737179
737172
737164
737157
737150
737143
737136
737128
737121
737114
737107
737100
737093
737086
737079
737072
737065
737058
737051
737044
737037
737030
737023
737016
737009
737002
736996
736989
736982
736975
736968
736962
736955
736948
736942
736935
736928
736922
736915
736908
736902
736895
736888
736882
736875
736869
736862
736856
736849
736843
736836
736830
736823
736817
736810
736804
736798
736791
736785
736778
736772
736766
736759
736753
736746
736740
736734
736727
736721
736715
736709
736702
736696
736690
736683
736677
736671
736665
736658
736652
736646
736639
736633
736627
736621
736614
736608
736602
736596
736589
736583
736577
736571
736564
736558
736552
736546
736539
736533
736527
736521
736514
736508
736502
736496
736489
736483
736477
736471
736464
736458
736452
736445
736439
736433
736426
736420
736414
736407
736401
736395
736388
736382
736376
736369
736363
736357
736350
736344
736337
736331
736325
736318
736312
736305
736299
736292
736286
736279
736273
736266
736260
736253
736247
736240
736234
736227
736221
736214
736208
736201
736195
736188
736181
736175
736168
736162
736155
736148
736142
736135
736128
736122
736115
736108
736102
736095
736088
736082
736075
736068
736061
736055
736048
736041
736034
736028
736021
736014
736007
736001
735994
735987
735980
735973
735967
735960
735953
735946
735939
735933
735926
735919
735912
735905
735898
735892
735885
735878
735871
735864
735857
735851
735844
735837
735830
735823
735816
735809
735803
735796
735789
735782
735775
735768
735761
735755
735748
735741
735734
735727
735720
735714
735707
735700
735693
735686
735679
735673
735666
735659
735652
735645
735639
735632
735625
735618
735612
735605
735598
735591
735585
735578
735571
735565
735558
735551
735544
735538
735531
735524
735518
735511
735504
735498
735491
735485
735478
735471
735465
735458
735452
735445
735439
735432
735426
735419
735413
735406
735400
735393
735387
735380
735374
735368
735361
735355
735348
735342
735336
735329
735323
735317
735310
735304
735298
735291
735285
735279
735273
735266
735260
735254
735248
735242
735235
735229
735223
735217
735211
735205
735199
735193
735187
735180
735174
735168
735162
735156
735150
735144
735138
735132
735126
735120
735114
735109
735103
735097
735091
735085
735079
735073
735067
735061
735056
735050
735044
735038
735032
735026
735021
735015
735009
735003
734998
734992
734986
734980
734975
734969
734963
734957
734952
734946
734940
734935
734929
734923
734918
734912
734906
734901
734895
734889
734884
734878
734873
734867
734861
734856
734850
734844
734839
734833
734828
734822
734816
734811
734805
734800
734794
734789
734783
734777
734772
734766
734761
734755
734750
734744
734738
734733
734727
734722
734716
734711
734705
734700
734694
734688
734683
734677
734672
734666
734661
734655
734649
734644
734638
734633
734627
734622
734616
734610
734605
734599
734594
734588
734582
734577
734571
734566
734560
734554
734549
734543
734538
734532
734526
734521
734515
734509
734504
734498
734492
734487
734481
734475
734470
734464
734458
734453
734447
734441
734436
734430
734424
734419
734413
734407
734401
734396
734390
734384
734379
734373
734367
734361
734356
734350
734344
734338
734332
734327
734321
734315
734309
734304
734298
734292
734286
734280
734275
734269
734263
734257
734251
734245
734240
734234
734228
734222
734216
734210
734205
734199
734193
734187
734181
734175
734169
734164
734158
734152
734146
734140
734134
734128
734122
734117
734111
734105
734099
734093
734087
734081
734075
734070
734064
734058
734052
734046
734040
734034
734028
734022
734017
734011
734005
733999
733993
733987
733981
733975
733969
733964
733958
733952
733946
733940
733934
733928
733922
733917
733911
733905
733899
733893
733887
733881
733875
733870
733864
733858
733852
733846
733840
733835
733829
733823
733817
733811
733805
733800
733794
733788
733782
733776
733771
733765
733759
733753
733747
733742
733736
733730
733724
733719
733713
733707
733701
733696
733690
733684
733678
733673
733667
733661
733656
733650
733644
733638
733633
733627
733621
733616
733610
733604
733599
733593
733587
733582
733576
733571
733565
733559
733554
733548
733543
733537
733531
733526
733520
733515
733509
733504
733498
733493
733487
733481
733476
733470
733465
733459
733454
733448
733443
733437
733432
733427
733421
733416
733410
733405
733399
733394
733388
733383
733378
733372
733367
733361
733356
733351
733345
733340
733335
733329
733324
733319
733313
733308
733303
733297
733292
733287
733281
733276
733271
733266
733260
733255
733250
733244
733239
733234
733229
733223
733218
733213
733208
733203
733197
733192
733187
733182
733177
733171
733166
733161
733156
733151
733146
733140
733135
733130
733125
733120
733115
733110
733105
733099
733094
733089
733084
733079
733074
733069
733064
733059
733054
733048
733043
733038
733033
733028
733023
733018
733013
733008
733003
732998
732993
732988
732983
732978
732973
732968
732963
732958
732953
732948
732943
732938
732933
732928
732923
732918
732913
732908
732903
732898
732893
732888
732883
732878
732873
732868
732863
732858
732853
732848
732843
732838
732833
732828
732823
732818
732813
732808
732803
732799
732794
732789
732784
732779
732774
732769
732764
732759
732754
732749
732744
732739
732734
732729
732724
732719
732714
732709
732705
732700
732695
732690
732685
732680
732675
732670
732665
732660
732655
732650
732645
732640
732635
732630
732625
732621
732616
732611
732606
732601
732596
732591
732586
732581
732576
732571
732566
732561
732556
732551
732546
732541
732536
732532
732527
732522
732517
732512
732507
732502
732497
732492
732487
732482
732477
732472
732467
732462
732457
732452
732447
732442
732437
732433
732428
732423
732418
732413
732408
732403
732398
732393
732388
732383
732378
732373
732368
732363
732358
732353
732348
732344
732339
732334
732329
732324
732319
732314
732309
732304
732299
732294
732289
732284
732280
732275
732270
732265
732260
732255
732250
732245
732240
732235
732231
732226
732221
732216
732211
732206
732201
732196
732192
732187
732182
732177
732172
732167
732163
732158
732153
732148
732143
732138
732134
732129
732124
732119
732114
732110
732105
732100
732095
732090
732086
732081
732076
732071
732067
732062
732057
732052
732048
732043
732038
732033
732029
732024
732019
732015
732010
732005
732000
731996
731991
731986
731982
731977
731972
731968
731963
731958
731954
731949
731944
731940
731935
731931
731926
731921
731917
731912
731907
731903
731898
731894
731889
731884
731880
731875
731871
731866
731862
731857
731852
731848
731843
731839
731834
731830
731825
731821
731816
731811
731807
731802
731798
731793
731789
731784
731780
731775
731771
731766
731762
731757
731753
731748
731743
731739
731734
731730
731725
731721
731716
731712
731707
731703
731698
731694
731689
731685
731680
731676
731671
731667
731662
731658
731653
731649
731644
731640
731635
731630
731626
731621
731617
731612
731608
731603
731599
731594
731590
731585
731580
731576
731571
731567
731562
731558
731553
731548
731544
731539
731535
731530
731526
731521
731516
731512
731507
731503
731498
731493
731489
731484
731479
731475
731470
731466
731461
731456
731452
731447
731442
731438
731433
731428
731424
731419
731414
731410
731405
731400
731396
731391
731386
731382
731377
731372
731367
731363
731358
731353
731349
731344
731339
731334
731330
731325
731320
731316
731311
731306
731301
731297
731292
731287
731283
731278
731273
731268
731264
731259
731254
731249
731245
731240
731235
731231
731226
731221
731216
731212
731207
731202
731198
731193
731188
731184
731179
731174
731169
731165
731160
731155
731151
731146
731141
731137
731132
731127
731123
731118
731114
731109
731104
731100
731095
731090
731086
731081
731077
731072
731068
731063
731058
731054
731049
731045
731040
731036
731031
731027
731022
731018
731013
731009
731004
731000
730996
730991
730987
730982
730978
730974
730969
730965
730960
730956
730952
730947
730943
730939
730935
730930
730926
730922
730917
730913
730909
730905
730901
730896
730892
730888
730884
730880
730876
730871
730867
730863
730859
730855
730851
730847
730843
730839
730835
730831
730827
730823
730819
730815
730811
730807
730803
730799
730795
730791
730787
730783
730779
730775
730772
730768
730764
730760
730756
730752
730748
730745
730741
730737
730733
730729
730726
730722
730718
730714
730710
730707
730703
730699
730695
730692
730688
730684
730681
730677
730673
730669
730666
730662
730658
730654
730651
730647
730643
730640
730636
730632
730629
730625
730621
730617
730614
730610
730606
730603
730599
730595
730591
730588
730584
730580
730577
730573
730569
730565
730562
730558
730554
730550
730547
730543
730539
730535
730532
730528
730524
730520
730516
730513
730509
730505
730501
730497
730493
730490
730486
730482
730478
730474
730470
730466
730462
730458
730454
730451
730447
730443
730439
730435
730431
730427
730423
730419
730415
730411
730407
730403
730398
730394
730390
730386
730382
730378
730374
730370
730366
730362
730357
730353
730349
730345
730341
730336
730332
730328
730324
730320
730315
730311
730307
730302
730298
730294
730290
730285
730281
730277
730272
730268
730264
730259
730255
730251
730246
730242
730237
730233
730229
730224
730220
730215
730211
730207
730202
730198
730193
730189
730184
730180
730176
730171
730167
730162
730158
730153
730149
730144
730140
730136
730131
730127
730122
730118
730113
730109
730104
730100
730096
730091
730087
730082
730078
730074
730069
730065
730060
730056
730052
730047
730043
730038
730034
730030
730025
730021
730017
730012
730008
730004
729999
729995
729991
729987
729982
729978
729974
729970
729965
729961
729957
729953
729949
729944
729940
729936
729932
729928
729924
729920
729916
729912
729908
729904
729900
729896
729892
729888
729884
729880
729876
729872
729868
729864
729860
729856
729853
729849
729845
729841
729837
729834
729830
729826
729823
729819
729815
729812
729808
729804
729801
729797
729794
729790
729786
729783
729779
729776
729772
729769
729765
729762
729759
729755
729752
729748
729745
729742
729738
729735
729732
729728
729725
729722
729719
729715
729712
729709
729706
729703
729699
729696
729693
729690
729687
729684
729681
729677
729674
729671
729668
729665
729662
729659
729656
729653
729650
729647
729644
729641
729638
729635
729632
729629
729626
729623
729620
729617
729614
729611
729608
729605
729602
729600
729597
729594
729591
729588
729585
729582
729579
729576
729573
729570
729567
729564
729562
729559
729556
729553
729550
729547
729544
729541
729538
729535
729532
729529
729526
729523
729520
729517
729514
729511
729508
729505
729502
729499
729496
729493
729490
729487
729484
729481
729478
729475
729472
729469
729465
729462
729459
729456
729453
729450
729446
729443
729440
729437
729434
729430
729427
729424
729420
729417
729414
729411
729407
729404
729400
729397
729394
729390
729387
729383
729380
729377
729373
729370
729366
729363
729359
729355
729352
729348
729345
729341
729338
729334
729330
729327
729323
729319
729316
729312
729308
729304
729301
729297
729293
729289
729286
729282
729278
729274
729270
729266
729263
729259
729255
729251
729247
729243
729239
729235
729231
729227
729223
729219
729215
729211
729207
729203
729199
729195
729191
729187
729183
729179
729174
729170
729166
729162
729158
729154
729150
729145
729141
729137
729133
729129
729125
729120
729116
729112
729108
729104
729099
729095
729091
729087
729083
729078
729074
729070
729066
729061
729057
729053
729049
729044
729040
729036
729032
729028
729023
729019
729015
729011
729006
729002
728998
728994
728990
728985
728981
728977
728973
728969
728964
728960
728956
728952
728948
728944
728940
728935
728931
728927
728923
728919
728915
728911
728907
728903
728899
728895
728891
728887
728883
728879
728875
728871
728867
728863
728859
728855
728851
728847
728843
728839
728836
728832
728828
728824
728820
728816
728813
728809
728805
728801
728798
728794
728790
728787
728783
728779
728776
728772
728768
728765
728761
728758
728754
728751
728747
728744
728740
728737
728733
728730
728727
728723
728720
728716
728713
728710
728706
728703
728700
728697
728693
728690
728687
728684
728680
728677
728674
728671
728668
728665
728662
728659
728656
728653
728649
728646
728643
728640
728638
728635
728632
728629
728626
728623
728620
728617
728614
728611
728609
728606
728603
728600
728597
728595
728592
728589
728586
728584
728581
728578
728576
728573
728570
728568
728565
728562
728560
728557
728555
728552
728549
728547
728544
728542
728539
728537
728534
728532
728529
728527
728524
728522
728519
728517
728514
728512
728509
728507
728504
728502
728499
728497
728494
728492
728490
728487
728485
728482
728480
728477
728475
728473
728470
728468
728465
728463
728460
728458
728456
728453
728451
728448
728446
728444
728441
728439
728436
728434
728431
728429
728426
728424
728422
728419
728417
728414
728412
728409
728407
728404
728402
728399
728397
728394
728392
728389
728387
728384
728382
728379
728376
728374
728371
728369
728366
728363
728361
728358
728356
728353
728350
728348
728345
728342
728340
728337
728334
728331
728329
728326
728323
728320
728318
728315
728312
728309
728306
728303
728301
728298
728295
728292
728289
728286
728283
728280
728277
728274
728272
728269
728266
728263
728260
728257
728254
728250
728247
728244
728241
728238
728235
728232
728229
728226
728223
728219
728216
728213
728210
728207
728203
728200
728197
728194
728190
728187
728184
728181
728177
728174
728171
728167
728164
728161
728157
728154
728151
728147
728144
728141
728137
728134
728130
728127
728123
728120
728117
728113
728110
728106
728103
728099
728096
728092
728089
728085
728082
728078
728075
728071
728068
728064
728061
728057
728054
728050
728047
728043
728040
728036
728032
728029
728025
728022
728018
728015
728011
728008
728004
728001
727997
727993
727990
727986
727983
727979
727976
727972
727969
727965
727962
727958
727955
727951
727948
727944
727941
727937
727934
727930
727927
727923
727920
727916
727913
727910
727906
727903
727899
727896
727892
727889
727886
727882
727879
727876
727872
727869
727866
727862
727859
727856
727852
727849
727846
727842
727839
727836
727833
727830
727826
727823
727820
727817
727814
727810
727807
727804
727801
727798
727795
727792
727789
727786
727783
727780
727777
727774
727771
727768
727765
727762
727759
727756
727753
727750
727747
727744
727741
727738
727736
727733
727730
727727
727724
727722
727719
727716
727713
727711
727708
727705
727703
727700
727697
727695
727692
727689
727687
727684
727681
727679
727676
727674
727671
727669
727666
727664
727661
727659
727656
727654
727651
727649
727646
727644
727641
727639
727637
727634
727632
727629
727627
727625
727622
727620
727618
727615
727613
727611
727608
727606
727604
727601
727599
727597
727595
727592
727590
727588
727586
727583
727581
727579
727577
727574
727572
727570
727568
727565
727563
727561
727559
727556
727554
727552
727550
727548
727545
727543
727541
727539
727537
727534
727532
727530
727528
727525
727523
727521
727519
727516
727514
727512
727510
727508
727505
727503
727501
727499
727496
727494
727492
727489
727487
727485
727483
727480
727478
727476
727473
727471
727469
727466
727464
727462
727459
727457
727454
727452
727450
727447
727445
727442
727440
727438
727435
727433
727430
727428
727425
727423
727420
727418
727415
727413
727410
727408
727405
727402
727400
727397
727395
727392
727389
727387
727384
727381
727379
727376
727373
727371
727368
727365
727362
727360
727357
727354
727351
727348
727346
727343
727340
727337
727334
727331
727329
727326
727323
727320
727317
727314
727311
727308
727305
727302
727299
727296
727293
727290
727287
727284
727281
727278
727275
727272
727269
727266
727263
727260
727256
727253
727250
727247
727244
727241
727238
727234
727231
727228
727225
727222
727219
727215
727212
727209
727206
727203
727199
727196
727193
727190
727186
727183
727180
727177
727173
727170
727167
727164
727160
727157
727154
727151
727147
727144
727141
727137
727134
727131
727128
727124
727121
727118
727115
727111
727108
727105
727102
727098
727095
727092
727089
727085
727082
727079
727076
727073
727069
727066
727063
727060
727057
727054
727050
727047
727044
727041
727038
727035
727032
727028
727025
727022
727019
727016
727013
727010
727007
727004
727001
726998
726995
726992
726989
726986
726983
726980
726977
726974
726971
726969
726966
726963
726960
726957
726954
726952
726949
726946
726943
726941
726938
726935
726932
726930
726927
726924
726922
726919
726917
726914
726911
726909
726906
726904
726901
726899
726896
726894
726891
726889
726887
726884
726882
726879
726877
726875
726872
726870
726868
726866
726863
726861
726859
726857
726854
726852
726850
726848
726846
726844
726842
726839
726837
726835
726833
726831
726829
726827
726825
726823
726821
726819
726817
726815
726814
726812
726810
726808
726806
726804
726802
726800
726799
726797
726795
726793
726791
726790
726788
726786
726784
726783
726781
726779
726778
726776
726774
726773
726771
726769
726768
726766
726764
726763
726761
726759
726758
726756
726754
726753
726751
726750
726748
726746
726745
726743
726742
726740
726738
726737
726735
726734
726732
726731
726729
726727
726726
726724
726723
726721
726719
726718
726716
726715
726713
726711
726710
726708
726706
726705
726703
726702
726700
726698
726697
726695
726693
726692
726690
726688
726686
726685
726683
726681
726680
726678
726676
726674
726672
726671
726669
726667
726665
726663
726662
726660
726658
726656
726654
726652
726650
726648
726646
726644
726643
726641
726639
726637
726635
726633
726631
726628
726626
726624
726622
726620
726618
726616
726614
726612
726609
726607
726605
726603
726601
726598
726596
726594
726592
726589
726587
726585
726582
726580
726578
726575
726573
726570
726568
726565
726563
726561
726558
726556
726553
726551
726548
726546
726543
726540
726538
726535
726533
726530
726527
726525
726522
726519
726517
726514
726511
726509
726506
726503
726501
726498
726495
726492
726490
726487
726484
726481
726478
726476
726473
726470
726467
726464
726461
726459
726456
726453
726450
726447
726444
726441
726438
726435
726433
726430
726427
726424
726421
726418
726415
726412
726409
726406
726403
726401
726398
726395
726392
726389
726386
726383
726380
726377
726374
726371
726368
726365
726362
726360
726357
726354
726351
726348
726345
726342
726339
726336
726334
726331
726328
726325
726322
726319
726316
726314
726311
726308
726305
726302
726299
726297
726294
726291
726288
726286
726283
726280
726277
726275
726272
726269
726267
726264
726261
726259
726256
726253
726251
726248
726245
726243
726240
726238
726235
726233
726230
726227
726225
726222
726220
726217
726215
726213
726210
726208
726205
726203
726200
726198
726196
726193
726191
726189
726186
726184
726182
726179
726177
726175
726173
726170
726168
726166
726164
726161
726159
726157
726155
726153
726151
726149
726146
726144
726142
726140
726138
726136
726134
726132
726130
726128
726126
726124
726122
726120
726118
726116
726114
726112
726110
726108
726106
726105
726103
726101
726099
726097
726095
726093
726092
726090
726088
726086
726084
726082
726081
726079
726077
726075
726074
726072
726070
726068
726067
726065
726063
726061
726060
726058
726056
726054
726053
726051
726049
726048
726046
726044
726043
726041
726039
726038
726036
726034
726032
726031
726029
726027
726026
726024
726022
726021
726019
726017
726016
726014
726012
726011
726009
726007
726006
726004
726002
726001
725999
725997
725996
725994
725992
725991
725989
725987
725986
725984
725982
725980
725979
725977
725975
725974
725972
725970
725968
725967
725965
725963
725962
725960
725958
725956
725955
725953
725951
725949
725947
725946
725944
725942
725940
725939
725937
725935
725933
725931
725930
725928
725926
725924
725922
725920
725918
725917
725915
725913
725911
725909
725907
725905
725903
725902
725900
725898
725896
725894
725892
725890
725888
725886
725884
725882
725880
725878
725876
725874
725872
725871
725869
725867
725865
725863
725861
725859
725857
725855
725852
725850
725848
725846
725844
725842
725840
725838
725836
725834
725832
725830
725828
725826
725824
725822
725820
725817
725815
725813
725811
725809
725807
725805
725803
725801
725799
725796
725794
725792
725790
725788
725786
725784
725781
725779
725777
725775
725773
725771
725769
725766
725764
725762
725760
725758
725756
725754
725751
725749
725747
725745
725743
725741
725738
725736
725734
725732
725730
725728
725725
725723
725721
725719
725717
725715
725712
725710
725708
725706
725704
725702
725699
725697
725695
725693
725691
725689
725687
725684
725682
725680
725678
725676
725674
725672
725669
725667
725665
725663
725661
725659
725657
725655
725652
725650
725648
725646
725644
725642
725640
725638
725636
725634
725632
725629
725627
725625
725623
725621
725619
725617
725615
725613
725611
725609
725607
725605
725603
725601
725599
725597
725595
725593
725591
725589
725587
725585
725583
725581
725579
725577
725575
725573
725571
725569
725567
725565
725564
725562
725560
725558
725556
725554
725552
725550
725548
725547
725545
725543
725541
725539
725537
725535
725534
725532
725530
725528
725526
725525
725523
725521
725519
725518
725516
725514
725512
725511
725509
725507
725505
725504
725502
725500
725498
725497
725495
725493
725492
725490
725488
725487
725485
725483
725482
725480
725478
725477
725475
725474
725472
725470
725469
725467
725465
725464
725462
725461
725459
725458
725456
725454
725453
725451
725450
725448
725447
725445
725444
725442
725440
725439
725437
725436
725434
725433
725431
725430
725428
725427
725425
725424
725422
725421
725419
725418
725416
725415
725413
725412
725410
725409
725407
725406
725404
725403
725401
725400
725398
725397
725395
725394
725392
725391
725389
725388
725386
725385
725383
725382
725380
725379
725377
725376
725374
725373
725371
725370
725368
725367
725365
725364
725362
725361
725359
725358
725356
725355
725353
725351
725350
725348
725347
725345
725344
725342
725340
725339
725337
725336
725334
725332
725331
725329
725328
725326
725324
725323
725321
725319
725318
725316
725314
725313
725311
725309
725308
725306
725304
725303
725301
725299
725298
725296
725294
725292
725291
725289
725287
725285
725284
725282
725280
725278
725276
725275
725273
725271
725269
725267
725265
725264
725262
725260
725258
725256
725254
725252
725251
725249
725247
725245
725243
725241
725239
725237
725235
725233
725231
725230
725228
725226
725224
725222
725220
725218
725216
725214
725212
725210
725208
725206
725204
725202
725200
725198
725196
725194
725192
725190
725188
725186
725184
725182
725180
725178
725176
725174
725172
725170
725168
725166
725164
725162
725160
725158
725156
725153
725151
725149
725147
725145
725143
725141
725139
725137
725135
725133
725131
725129
725127
725125
725123
725121
725119
725117
725115
725113
725111
725109
725107
725105
725103
725101
725099
725097
725095
725093
725091
725089
725087
725085
725083
725081
725080
725078
725076
725074
725072
725070
725068
725066
725064
725062
725060
725059
725057
725055
725053
725051
725049
725047
725046
725044
725042
725040
725038
725037
725035
725033
725031
725029
725028
725026
725024
725022
725021
725019
725017
725015
725014
725012
725010
725009
725007
725005
725003
725002
725000
724998
724997
724995
724993
724992
724990
724989
724987
724985
724984
724982
724981
724979
724977
724976
724974
724973
724971
724970
724968
724966
724965
724963
724962
724960
724959
724957
724956
724954
724953
724951
724950
724948
724947
724945
724944
724942
724941
724939
724938
724936
724935
724933
724932
724931
724929
724928
724926
724925
724923
724922
724920
724919
724918
724916
724915
724913
724912
724910
724909
724908
724906
724905
724903
724902
724900
724899
724898
724896
724895
724893
724892
724891
724889
724888
724886
724885
724884
724882
724881
724879
724878
724876
724875
724874
724872
724871
724869
724868
724867
724865
724864
724862
724861
724859
724858
724857
724855
724854
724852
724851
724849
724848
724847
724845
724844
724842
724841
724839
724838
724837
724835
724834
724832
724831
724829
724828
724827
724825
724824
724822
724821
724819
724818
724816
724815
724813
724812
724811
724809
724808
724806
724805
724803
724802
724800
724799
724797
724796
724795
724793
724792
724790
724789
724787
724786
724784
724783
724781
724780
724779
724777
724776
724774
724773
724771
724770
724768
724767
724765
724764
724763
724761
724760
724758
724757
724755
724754
724752
724751
724750
724748
724747
724745
724744
724742
724741
724740
724738
724737
724735
724734
724732
724731
724730
724728
724727
724725
724724
724723
724721
724720
724718
724717
724716
724714
724713
724711
724710
724709
724707
724706
724705
724703
724702
724700
724699
724698
724696
724695
724694
724692
724691
724689
724688
724687
724685
724684
724683
724681
724680
724679
724677
724676
724675
724673
724672
724671
724669
724668
724667
724665
724664
724663
724661
724660
724659
724657
724656
724655
724653
724652
724651
724649
724648
724647
724645
724644
724643
724641
724640
724639
724637
724636
724635
724633
724632
724631
724629
724628
724626
724625
724624
724622
724621
724620
724618
724617
724616
724614
724613
724611
724610
724609
724607
724606
724605
724603
724602
724600
724599
724598
724596
724595
724593
724592
724590
724589
724588
724586
724585
724583
724582
724580
724579
724577
724576
724574
724573
724571
724570
724568
724567
724565
724564
724562
724561
724559
724558
724556
724555
724553
724552
724550
724549
724547
724545
724544
724542
724541
724539
724538
724536
724534
724533
724531
724529
724528
724526
724525
724523
724521
724520
724518
724516
724515
724513
724511
724510
724508
724506
724505
724503
724501
724500
724498
724496
724495
724493
724491
724489
724488
724486
724484
724483
724481
724479
724477
724476
724474
724472
724470
724469
724467
724465
724463
724462
724460
724458
724457
724455
724453
724451
724450
724448
724446
724444
724443
724441
724439
724437
724436
724434
724432
724430
724429
724427
724425
724424
724422
724420
724418
724417
724415
724413
724412
724410
724408
724406
724405
724403
724401
724400
724398
724396
724395
724393
724391
724390
724388
724387
724385
724383
724382
724380
724378
724377
724375
724374
724372
724371
724369
724367
724366
724364
724363
724361
724360
724358
724357
724355
724354
724352
724351
724349
724348
724346
724345
724344
724342
724341
724339
724338
724337
724335
724334
724332
724331
724330
724328
724327
724326
724324
724323
724322
724321
724319
724318
724317
724316
724314
724313
724312
724311
724309
724308
724307
724306
724305
724304
724302
724301
724300
724299
724298
724297
724296
724294
724293
724292
724291
724290
724289
724288
724287
724286
724285
724284
724283
724282
724281
724280
724279
724278
724277
724276
724275
724274
724273
724272
724271
724270
724269
724268
724267
724266
724265
724264
724263
724262
724262
724261
724260
724259
