
Objective value: 
121682
721372
842488
741605
742058
742896
743422
743636
743799
743842
743748
743598
743468
743380
743324
743274
743217
743161
743117
743086
743062
743037
743012
742987
742963
742929
742869
742779
742669
742560
742466
742392
742341
742311
742299
742302
742313
742321
742315
742289
742245
742192
742135
742078
742026
741980
741942
741915
741899
741895
741901
741914
741928
741938
741942
741938
741928
741913
741896
741875
741853
741829
741803
741776
741750
741726
741705
741688
741675
741662
741648
741628
741601
741567
741527
741486
741445
741406
741373
741345
741323
741307
741296
741290
741288
741290
741293
741298
741302
741306
741308
741308
741305
741299
741290
741280
741268
741255
741243
741233
741226
741222
741222
741227
741234
741245
741256
741269
741283
741298
741313
741330
741349
741370
741394
741423
741455
741492
741535
741583
741637
741695
741757
741820
741882
741941
741995
742042
742081
742112
742135
742149
742154
742154
742148
742138
742128
742118
742113
742113
742119
742132
742151
742175
742201
742228
742253
742275
742295
742310
742322
742331
742338
742344
742350
742357
742367
742380
742397
742419
742445
742474
742506
742539
742573
742605
742636
742664
742688
742710
742729
742745
742760
742774
742788
742802
742817
742832
742846
742861
742874
742886
742896
742905
742912
742918
742923
742927
742931
742935
742941
742947
742955
742964
742975
742985
742996
743006
743016
743023
743028
743031
743031
743028
743023
743015
743006
742995
742984
742972
742960
742948
742936
742924
742911
742898
742884
742869
742851
742833
742812
742789
742766
742741
742716
742691
742667
742644
742623
742605
742591
742579
742572
742568
742569
742574
742583
742596
742613
742632
742654
742677
742701
742725
742746
742764
742778
742786
742789
742785
742775
742758
742736
742708
742677
742641
742604
742564
742523
742481
742440
742399
742358
742319
742281
742245
742210
742176
742144
742114
742085
742058
742033
742009
741987
741966
741948
741930
741915
741901
741888
741876
741865
741855
741846
741838
741830
741823
741816
741810
741804
741798
741793
741789
741786
741784
741783
741784
741786
741790
741796
741804
741814
741826
741841
741857
741875
741895
741916
741938
741961
741984
742007
742030
742053
742075
742096
742116
742134
742151
742166
742180
742192
742202
742211
742218
742223
742227
742230
742232
742232
742231
742229
742227
742224
742221
742218
742215
742213
742211
742210
742210
742212
742216
742222
742230
742242
742256
742274
742295
742320
742350
742383
742420
742462
742507
742555
742607
742661
742716
742772
742827
742881
742933
742980
743023
743061
743093
743119
743137
743150
743156
743155
743149
743138
743121
743100
743075
743047
743015
742982
742946
742908
742870
742830
742791
742752
742713
742675
742638
742603
742570
742538
742508
742481
742455
742432
742412
742394
742378
742365
742355
742347
742341
742338
742337
742338
742341
742346
742353
742361
742371
742382
742394
742406
742419
742433
742446
742460
742474
742487
742501
742514
742527
742540
742552
742565
742577
742590
742602
742615
742627
742640
742653
742666
742680
742693
742707
742721
742736
742750
742765
742780
742794
742809
742824
742838
742853
742867
742881
742895
742908
742922
742935
742948
742961
742974
742988
743001
743016
743030
743046
743063
743080
743099
743119
743140
743163
743187
743212
743238
743266
743295
743324
743353
743383
743412
743441
743469
743494
743518
743540
743559
743575
743588
743597
743603
743606
743605
743601
743593
743583
743570
743554
743536
743516
743494
743472
743447
743423
743397
743371
743346
743320
743295
743270
743247
743224
743202
743182
743163
743145
743129
743114
743101
743090
743079
743070
743063
743057
743051
743047
743044
743041
743039
743038
743037
743036
743035
743034
743034
743033
743032
743031
743030
743029
743028
743026
743025
743023
743022
743021
743020
743020
743020
743021
743022
743024
743026
743029
743034
743039
743044
743051
743059
743067
743077
743087
743098
743110
743123
743137
743151
743166
743181
743197
743214
743230
743247
743265
743282
743300
743318
743336
743354
743371
743389
743406
743423
743440
743456
743473
743488
743504
743519
743534
743548
743562
743576
743589
743601
743613
743624
743635
743645
743654
743663
743670
743677
743682
743686
743689
743691
743691
743689
743686
743681
743674
743666
743655
743643
743628
743612
743594
743573
743551
743527
743501
743473
743444
743413
743381
743347
743312
743277
743240
743202
743164
743125
743086
743046
743007
742968
742929
742890
742852
742815
742778
742743
742708
742674
742642
742611
742581
742553
742526
742500
742476
742453
742432
742412
742394
742377
742362
742348
742336
742324
742315
742306
742299
742293
742288
742284
742281
742279
742278
742278
742279
742281
742284
742288
742292
742298
742304
742311
742319
742328
742338
742349
742361
742374
742388
742403
742419
742437
742455
742475
742497
742519
742544
742569
742596
742625
742656
742688
742721
742757
742794
742833
742873
742916
742960
743006
743053
743103
743154
743206
743260
743315
743371
743428
743486
743545
743604
743663
743722
743781
743838
743895
743950
744003
744054
744103
744150
744193
744234
744271
744305
744336
744363
744387
744408
744426
744440
744451
744459
744465
744468
744468
744466
744462
744457
744449
744440
744429
744417
744404
744390
744376
744360
744344
744328
744311
744294
744277
744259
744242
744224
744206
744188
744170
744152
744134
744116
744097
744078
744058
744038
744017
743996
743974
743952
743928
743904
743879
743853
743826
743799
743770
743741
743711
743680
743648
743615
743582
743549
743515
743481
743447
743413
743378
743344
743311
743277
743244
743212
743181
743150
743120
743091
743064
743037
743012
742988
742966
742945
742925
742907
742890
742875
742861
742849
742839
742830
742822
742817
742812
742809
742808
742808
742809
742812
742816
742821
742827
742835
742843
742852
742862
742873
742884
742896
742908
742920
742933
742946
742959
742972
742985
742997
743009
743021
743033
743044
743055
743065
743074
743083
743092
743100
743108
743115
743121
743127
743133
743139
743144
743149
743154
743159
743164
743169
743174
743179
743184
743189
743195
743201
743208
743214
743221
743228
743236
743244
743252
743261
743269
743278
743287
743296
743304
743313
743321
743329
743337
743344
743351
743357
743363
743367
743371
743375
743377
743379
743379
743379
743378
743377
743374
743371
743367
743362
743357
743351
743344
743337
743330
743322
743314
743306
743298
743289
743281
743272
743263
743255
743246
743238
743229
743221
743212
743204
743196
743188
743180
743172
743164
743156
743148
743140
743132
743123
743114
743105
743095
743085
743074
743063
743052
743039
743027
743013
742999
742984
742968
742952
742935
742918
742899
742881
742861
742841
742821
742800
742778
742757
742735
742712
742690
742667
742644
742622
742599
742576
742553
742531
742509
742487
742465
742444
742423
742403
742383
742364
742345
742328
742311
742295
742279
742265
742251
742239
742228
742218
742209
742201
742195
742190
742186
742184
742184
742185
742188
742193
742200
742208
742218
742231
742245
742261
742280
742300
742323
742348
742376
742405
742437
742471
742508
742546
742587
742630
742675
742722
742771
742823
742875
742930
742986
743043
743102
743162
743223
743285
743347
743409
743472
743535
743598
743660
743722
743783
743843
743902
743960
744016
744071
744125
744176
744226
744274
744319
744363
744405
744445
744482
744517
744550
744581
744610
744636
744660
744682
744702
744720
744736
744749
744760
744769
744776
744781
744784
744785
744784
744781
744776
744769
744759
744748
744736
744721
744704
744686
744665
744643
744620
744594
744567
744538
744508
744476
744442
744408
744371
744334
744295
744255
744214
744171
744128
744084
744039
743993
743946
743899
743851
743803
743755
743706
743657
743608
743559
743510
743461
743412
743364
743316
743269
743222
743176
743131
743086
743043
743000
742958
742917
742878
742839
742802
742766
742731
742698
742666
742635
742606
742578
742552
742528
742504
742483
742463
742445
742428
742413
742400
742388
742378
742370
742364
742359
742356
742355
742355
742358
742362
742368
742376
742386
742398
742411
742427
742444
742464
742485
742509
742534
742561
742590
742621
742654
742688
742725
742763
742802
742844
742887
742931
742976
743023
743071
743119
743169
743218
743269
743319
743370
743421
743471
743520
743570
743618
743665
743711
743756
743799
743841
743881
743919
743955
743990
744022
744052
744080
744107
744131
744153
744172
744190
744206
744220
744232
744242
744250
744257
744261
744264
744266
744266
744265
744262
744258
744252
744246
744238
744230
744220
744210
744199
744187
744174
744161
744147
744133
744118
744102
744086
744070
744054
744037
744020
744003
743985
743967
743949
743931
743913
743895
743876
743858
743839
743820
743801
743782
743763
743744
743725
743706
743686
743667
743648
743628
743609
743589
743570
743551
743532
743513
743494
743476
743458
743440
743422
743405
743388
743372
743356
743341
743327
743313
743300
743287
743276
743265
743256
743247
743239
743232
743226
743221
743218
743215
743214
743213
743214
743216
743218
743222
743227
743233
743240
743248
743256
743266
743276
743288
743300
743312
743326
743340
743354
743369
743385
743400
743417
743433
743450
743467
743485
743502
743520
743538
743556
743574
743592
743611
743629
743647
743666
743684
743703
743722
743740
743759
743778
743796
743815
743834
743852
743871
743889
743908
743926
743944
743962
743980
743998
744016
744033
744050
744067
744084
744100
744116
744131
744146
744161
744175
744188
744201
744213
744225
744236
744246
744256
744265
744273
744281
744288
744294
744299
744303
744307
744310
744312
744313
744314
744313
744312
744310
744308
744304
744300
744295
744290
744283
744276
744268
744260
744251
744241
744230
744219
744207
744195
744181
744168
744153
744138
744123
744106
744089
744072
744054
744035
744016
743996
743976
743955
743933
743911
743889
743866
743842
743818
743793
743768
743743
743717
743690
743664
743636
743609
743581
743553
743525
743496
743467
743438
743409
743380
743351
743321
743292
743262
743233
743204
743175
743146
743117
743089
743061
743033
743005
742978
742952
742925
742899
742874
742849
742825
742801
742778
742755
742734
742712
742692
742672
742653
742634
742617
742600
742584
742569
742554
742541
742528
742516
742505
742495
742485
742477
742470
742463
742457
742453
742449
742446
742445
742444
742444
742445
742447
742450
742455
742460
742466
742473
742481
742490
742500
742511
742523
742535
742549
742564
742579
742595
742612
742630
742649
742668
742688
742709
742730
742752
742774
742797
742820
742843
742867
742892
742916
742941
742965
742990
743015
743040
743064
743089
743114
743138
743162
743186
743209
743232
743255
743277
743298
743319
743340
743360
743379
743398
743416
743434
743451
743467
743482
743497
743510
743524
743536
743548
743559
743569
743578
743587
743595
743602
743608
743614
743619
743623
743627
743630
743632
743634
743635
743635
743635
743634
743633
743631
743629
743627
743624
743620
743616
743612
743608
743603
743598
743593
743588
743583
743577
743571
743566
743560
743555
743549
743543
743538
743533
743528
743523
743519
743514
743510
743507
743504
743501
743498
743496
743495
743493
743493
743493
743493
743494
743495
743498
743500
743503
743507
743511
743516
743522
743528
743535
743542
743550
743559
743568
743577
743588
743598
743610
743621
743634
743646
743660
743673
743687
743702
743717
743732
743747
743763
743779
743796
743813
743829
743846
743863
743881
743898
743915
743933
743950
743967
743984
744001
744018
744034
744051
744067
744082
744098
744112
744127
744141
744154
744167
744179
744191
744201
744211
744221
744229
744237
744244
744250
744256
744260
744263
744266
744267
744268
744267
744266
744263
744259
744255
744249
744243
744235
744226
744217
744206
744194
744182
744168
744153
744138
744122
744104
744086
744067
744047
744026
744005
743983
743960
743936
743912
743887
743862
743836
743809
743782
743755
743727
743699
743671
743642
743614
743585
743556
743527
743498
743469
743440
743411
743383
743354
743327
743299
743272
743245
743219
743194
743169
743145
743121
743098
743077
743056
743036
743017
742999
742982
742966
742952
742938
742926
742916
742906
742898
742892
742887
742883
742881
742880
742881
742884
742888
742894
742901
742910
742921
742933
742947
742963
742980
742999
743019
743041
743064
743089
743115
743143
743172
743202
743233
743266
743299
743333
743368
743404
743441
743478
743516
743554
743592
743630
743668
743706
743744
743782
743819
743856
743892
743928
743962
743996
744029
744061
744092
744121
744150
744177
744202
744227
744250
744272
744292
744311
744328
744344
744359
744372
744384
744394
744403
744410
744416
744421
744424
744427
744428
744427
744426
744423
744420
744415
744410
744403
744396
744387
744378
744369
744358
744347
744336
744324
744311
744299
744286
744272
744259
744245
744232
744218
744204
744191
744178
744164
744152
744139
744127
744116
744105
744094
744085
744075
744067
744059
744053
744047
744042
744037
744034
744032
744031
744031
744032
744034
744037
744041
744047
744053
744061
744070
744080
744091
744104
744117
744132
744147
744164
744182
744200
744220
744240
744261
744283
744306
744329
744353
744378
744403
744428
744454
744480
744506
744532
744558
744584
744610
744636
744662
744687
744712
744736
744760
744783
744805
744827
744848
744868
744888
744906
744924
744940
744956
744970
744984
744996
745007
745018
745027
745035
745042
745048
745052
745056
745059
745060
745061
745060
745059
745056
745053
745049
745043
745037
745030
745023
745014
745005
744995
744985
744974
744962
744950
744937
744924
744911
744897
744883
744869
744855
744840
744826
744811
744796
744782
744767
744753
744739
744725
744711
744698
744685
744672
744660
744648
744637
744626
744616
744606
744597
744588
744580
744573
744566
744560
744554
744549
744545
744541
744538
744535
744533
744531
744530
744529
744529
744529
744529
744530
744530
744531
744533
744534
744535
744536
744537
744538
744539
744539
744539
744539
744538
744537
744536
744534
744531
744527
744523
744519
744513
744507
744500
744492
744483
744474
744463
744452
744440
744427
744414
744399
744384
744367
744350
744332
744314
744295
744275
744254
744233
744211
744188
744165
744141
744117
744093
744068
744043
744018
743992
743966
743940
743914
743889
743863
743837
743811
743786
743761
743736
743712
743689
743665
743643
743621
743600
743580
743561
743542
743525
743509
743493
743480
743467
743456
743446
743438
743431
743426
743422
743421
743421
743423
743426
743432
743440
743450
743462
743476
743493
743512
743533
743556
743582
743610
743640
743673
743709
743746
743786
743829
743873
743921
743970
744021
744075
744130
744187
744247
744307
744369
744433
744497
744563
744629
744696
744763
744830
744897
744964
745030
745095
745159
745222
745284
745343
745401
745457
745511
745563
745612
745658
745702
745744
745782
745818
745851
745881
745908
745933
745955
745973
745989
746003
746013
746021
746026
746029
746029
746027
746022
746015
746006
745994
745981
745965
745947
745928
745907
745884
745859
745833
745805
745776
745746
745714
745681
745647
745612
745576
745540
745502
745464
745426
745387
745347
745307
745267
745227
745187
745147
745107
745067
745028
744988
744950
744912
744874
744837
744801
744766
744732
744699
744667
744635
744606
744577
744550
744524
744500
744477
744455
744436
744418
744401
744387
744374
744364
744355
744348
744343
744340
744339
744340
744344
744349
744357
744366
744378
744392
744409
744427
744447
744470
744494
744521
744550
744580
744613
744647
744683
744720
744760
744800
744842
744885
744929
744974
745020
745067
745114
745161
745209
745257
745304
745352
745399
745445
745492
745537
745581
745625
745667
745708
745748
745787
745824
745860
745894
745926
745957
745987
746014
746040
746065
746088
746109
746128
746146
746162
746177
746190
746202
746212
746221
746228
746234
746239
746242
746244
746245
746245
746244
746241
746238
746234
746229
746223
746216
746209
746201
746192
746183
746173
746163
746152
746141
746130
746118
746106
746094
746082
746069
746057
746045
746032
746020
746008
745996
745984
745972
745961
745950
745939
745929
745919
745910
745901
745892
745884
745877
745870
745864
745859
745854
745850
745846
745844
745842
745841
745840
745841
745842
745844
745846
745850
745854
745859
745865
745872
745879
745888
745897
745906
745916
745927
745939
745951
745964
745977
745991
746005
746019
746034
746050
746065
746081
746097
746113
746129
746145
746161
746177
746193
746209
746225
746240
746256
746271
746285
746300
746314
746327
746340
746353
746365
746377
746389
746400
746410
746420
746430
746439
746448
746456
746464
746472
746479
746486
746492
746499
746505
746510
746516
746521
746526
746531
746536
746541
746546
746551
746555
746560
746565
746570
746575
746580
746585
746590
746596
746602
746608
746614
746621
746628
746635
746642
746650
746658
746667
746675
746684
746694
746704
746714
746724
746735
746746
746757
746768
746780
746792
746804
746817
746829
746842
746855
746868
746881
746894
746907
746920
746933
746946
746959
746971
746984
746996
747008
747020
747031
747042
747053
747063
747073
747082
747091
747099
747106
747113
747120
747126
747131
747135
747139
747142
747144
747146
747147
747147
747146
747144
747142
747139
747135
747130
747125
747119
747112
747104
747096
747087
747077
747066
747055
747044
747032
747019
747006
746992
746978
746963
746948
746933
746917
746902
746886
746869
746853
746837
746821
746804
746788
746772
746756
746741
746725
746710
746696
746682
746668
746655
746642
746631
746620
746609
746600
746591
746583
746576
746571
746566
746562
746560
746558
746558
746559
746561
746565
746570
746576
746584
746593
746604
746616
746629
746645
746661
746679
746699
746720
746743
746768
746793
746821
746850
746880
746912
746945
746980
747016
747053
747092
747132
747173
747215
747258
747302
747347
747393
747440
747487
747535
747583
747631
747680
747729
747778
747827
747876
747925
747973
748021
748068
748115
748161
748206
748250
748293
748335
748376
748416
748454
748491
748527
748561
748594
748625
748655
748683
748709
748734
748757
748778
748797
748815
748832
748846
748859
748870
748880
748888
748894
748898
748902
748903
748903
748902
748899
748895
748889
748882
748874
748864
748853
748841
748828
748814
748799
748783
748766
748748
748730
748710
748690
748669
748648
748626
748603
748580
748557
748533
748509
748485
748460
748436
748411
748386
748361
748337
748312
748287
748263
748239
748215
748192
748169
748146
748124
748102
748080
748060
748039
748020
748001
747983
747965
747948
747932
747917
747903
747889
747876
747864
747853
747843
747834
747825
747818
747811
747806
747801
747797
747794
747793
747792
747792
747793
747794
747797
747801
747805
747810
747816
747823
747831
747839
747848
747858
747869
747880
747891
747903
747916
747929
747943
747957
747971
747985
748000
748015
748030
748045
748060
748076
748091
748106
748120
748135
748149
748164
748177
748191
748204
748216
748228
748239
748250
748260
748270
748279
748287
748295
748302
748308
748313
748317
748321
748324
748326
748328
748328
748328
748327
748325
748322
748319
748315
748310
748304
748298
748291
748283
748275
748266
748256
748246
748236
748224
748213
748201
748188
748175
748162
748148
748134
748120
748106
748091
748077
748062
748047
748032
748018
748003
747988
747974
747959
747945
747931
747917
747904
747891
747879
747866
747855
747843
747833
747823
747813
747804
747796
747789
747782
747776
747771
747766
747763
747760
747758
747757
747757
747758
747760
747763
747767
747772
747777
747784
747792
747801
747811
747823
747835
747848
747862
747878
747894
747912
747930
747949
747970
747991
748014
748037
748061
748086
748112
748139
748166
748194
748223
748253
748283
748314
748345
748377
748409
748441
748474
748507
748540
748574
748608
748641
748675
748709
748742
748776
748809
748843
748875
748908
748941
748973
749004
749035
749066
749096
749126
749155
749184
749212
749240
749266
749293
749318
749343
749368
749392
749415
749437
749459
749480
749500
749520
749540
749558
749576
749593
749610
749626
749642
749657
749671
749685
749699
749712
749724
749736
749748
749759
749769
749780
749790
749799
749808
749817
749826
749834
749842
749849
749857
749864
749871
749878
749884
749891
749897
749903
749909
749915
749921
749926
749932
749938
749943
749948
749954
749959
749964
749969
749975
749980
749985
749990
749995
750000
750005
750010
750015
750020
750025
750029
750034
750039
750043
750048
750052
750057
750061
750065
750069
750073
750077
750080
750083
750087
750089
750092
750095
750097
750099
750101
750102
750103
750104
750105
750105
750105
750105
750104
750104
750102
750101
750099
750096
750094
750091
750087
750084
750080
750075
750071
750066
750061
750055
750049
750043
750037
750030
750023
750016
750009
750001
749993
749985
749977
749969
749961
749952
749944
749935
749927
749918
749909
749901
749892
749884
749875
749867
749859
749851
749843
749835
749827
749820
749813
749806
749800
749793
749787
749782
749777
749772
749767
749763
749759
749756
749753
749751
749749
749747
749747
749746
749746
749747
749748
749749
749751
749754
749757
749761
749765
749770
749775
749781
749788
749795
749719
749710
749701
749692
749683
749673
749664
749655
749646
749637
749628
749619
749609
749600
749591
749582
749573
749564
749555
749545
749536
749527
749518
749509
749500
749490
749481
749472
749463
749454
749445
749436
749426
749417
749408
749399
749390
749381
749371
749362
749353
749344
749335
749326
749317
749308
749298
749289
749280
749271
749262
749253
749244
749235
749226
749217
749208
749199
749190
749181
749172
749163
749154
749145
749136
749127
749118
749109
749100
749091
749082
749073
749064
749055
749046
749037
749029
749020
749011
749002
748993
748984
748976
748967
748958
748949
748941
748932
748923
748914
748906
748897
748888
748880
748871
748862
748854
748845
748836
748828
748819
748811
748802
748793
748785
748776
748768
748759
748751
748742
748734
748725
748717
748708
748700
748691
748683
748674
748666
748658
748649
748641
748632
748624
748616
748607
748599
748591
748582
748574
748566
748557
748549
748541
748533
748524
748516
748508
748500
748491
748483
748475
748467
748459
748450
748442
748434
748426
748418
748410
748402
748393
748385
748377
748369
748361
748353
748345
748337
748329
748321
748313
748305
748297
748289
748280
748272
748264
748256
748248
748240
748232
748224
748216
748209
748201
748193
748185
748177
748169
748161
748153
748145
748137
748129
748121
748113
748105
748097
748089
748081
748073
748066
748058
748050
748042
748034
748026
748018
748010
748002
747994
747986
747978
747970
747962
747954
747947
747939
747931
747923
747915
747907
747899
747891
747883
747875
747867
747859
747851
747843
747835
747827
747819
747811
747803
747795
747786
747778
747770
747762
747754
747746
747738
747730
747722
747714
747705
747697
747689
747681
747673
747665
747656
747648
747640
747632
747623
747615
747607
747599
747591
747582
747574
747566
747557
747549
747541
747533
747524
747516
747508
747499
747491
747483
747474
747466
747458
747449
747441
747433
747424
747416
747408
747399
747391
747383
747374
747366
747358
747349
747341
747333
747324
747316
747307
747299
747291
747282
747274
747266
747258
747249
747241
747233
747224
747216
747208
747199
747191
747183
747175
747166
747158
747150
747142
747133
747125
747117
747109
747101
747092
747084
747076
747068
747060
747052
747044
747035
747027
747019
747011
747003
746995
746987
746979
746971
746963
746955
746947
746939
746931
746923
746915
746907
746899
746891
746883
746875
746867
746860
746852
746844
746836
746828
746820
746812
746805
746797
746789
746781
746773
746766
746758
746750
746742
746735
746727
746719
746712
746704
746696
746689
746681
746673
746666
746658
746651
746643
746635
746628
746620
746613
746605
746598
746590
746582
746575
746567
746560
746552
746545
746538
746530
746523
746515
746508
746500
746493
746485
746478
746471
746463
746456
746448
746441
746434
746426
746419
746412
746404
746397
746390
746382
746375
746368
746360
746353
746346
746338
746331
746324
746316
746309
746302
746294
746287
746280
746273
746265
746258
746251
746243
746236
746229
746221
746214
746207
746200
746192
746185
746178
746170
746163
746156
746148
746141
746134
746126
746119
746112
746104
746097
746090
746082
746075
746067
746060
746053
746045
746038
746030
746023
746015
746008
746001
745993
745986
745978
745971
745963
745956
745948
745941
745933
745925
745918
745910
745903
745895
745887
745880
745872
745865
745857
745849
745842
745834
745826
745818
745811
745803
745795
745787
745780
745772
745764
745756
745749
745741
745733
745725
745717
745709
745702
745694
745686
745678
745670
745662
745654
745646
745639
745631
745623
745615
745607
745599
745591
745583
745575
745567
745559
745551
745543
745536
745528
745520
745512
745504
745496
745488
745480
745472
745464
745456
745448
745440
745432
745424
745416
745409
745401
745393
745385
745377
745369
745361
745353
745345
745337
745330
745322
745314
745306
745298
745290
745283
745275
745267
745259
745251
745244
745236
745228
745220
745213
745205
745197
745189
745182
745174
745166
745159
745151
745143
745136
745128
745120
745113
745105
745098
745090
745083
745075
745067
745060
745052
745045
745037
745030
745023
745015
745008
745000
744993
744985
744978
744971
744963
744956
744949
744941
744934
744927
744919
744912
744905
744898
744890
744883
744876
744869
744862
744854
744847
744840
744833
744826
744819
744812
744805
744798
744791
744783
744776
744769
744762
744755
744748
744741
744734
744728
744721
744714
744707
744700
744693
744686
744679
744672
744665
744658
744652
744645
744638
744631
744624
744618
744611
744604
744597
744590
744584
744577
744570
744563
744557
744550
744543
744536
744530
744523
744516
744510
744503
744496
744489
744483
744476
744469
744463
744456
744449
744442
744436
744429
744422
744416
744409
744402
744396
744389
744382
744375
744369
744362
744355
744348
744342
744335
744328
744321
744315
744308
744301
744294
744288
744281
744274
744267
744260
744254
744247
744240
744233
744226
744219
744212
744205
744199
744192
744185
744178
744171
744164
744157
744150
744143
744136
744129
744122
744115
744108
744101
744094
744087
744080
744073
744065
744058
744051
744044
744037
744030
744023
744015
744008
744001
743994
743987
743979
743972
743965
743958
743951
743943
743936
743929
743922
743914
743907
743900
743892
743885
743878
743870
743863
743856
743848
743841
743834
743826
743819
743812
743804
743797
743790
743782
743775
743768
743760
743753
743746
743738
743731
743723
743716
743709
743701
743694
743687
743679
743672
743664
743657
743650
743642
743635
743628
743620
743613
743606
743598
743591
743584
743576
743569
743562
743554
743547
743540
743532
743525
743518
743511
743503
743496
743489
743482
743474
743467
743460
743453
743445
743438
743431
743424
743417
743409
743402
743395
743388
743381
743374
743367
743359
743352
743345
743338
743331
743324
743317
743310
743303
743296
743289
743282
743275
743268
743261
743254
743247
743240
743233
743226
743219
743212
743206
743199
743192
743185
743178
743171
743164
743158
743151
743144
743137
743131
743124
743117
743110
743104
743097
743090
743083
743077
743070
743063
743057
743050
743044
743037
743030
743024
743017
743011
743004
742998
742991
742984
742978
742971
742965
742958
742952
742946
742939
742933
742926
742920
742913
742907
742900
742894
742888
742881
742875
742868
742862
742856
742849
742843
742837
742830
742824
742818
742811
742805
742799
742792
742786
742780
742773
742767
742761
742755
742748
742742
742736
742729
742723
742717
742711
742704
742698
742692
742686
742679
742673
742667
742661
742654
742648
742642
742636
742629
742623
742617
742611
742604
742598
742592
742586
742579
742573
742567
742561
742554
742548
742542
742536
742529
742523
742517
742511
742504
742498
742492
742486
742480
742473
742467
742461
742455
742448
742442
742436
742430
742423
742417
742411
742405
742398
742392
742386
742380
742373
742367
742361
742355
742348
742342
742336
742330
742323
742317
742311
742305
742298
742292
742286
742280
742273
742267
742261
742255
742249
742242
742236
742230
742224
742217
742211
742205
742199
742193
742186
742180
742174
742168
742161
742155
742149
742143
742137
742130
742124
742118
742112
742106
742099
742093
742087
742081
742074
742068
742062
742056
742050
742043
742037
742031
742025
742019
742012
742006
742000
741994
741988
741981
741975
741969
741963
741957
741950
741944
741938
741932
741925
741919
741913
741907
741901
741894
741888
741882
741876
741869
741863
741857
741851
741844
741838
741832
741826
741819
741813
741807
741800
741794
741788
741781
741775
741769
741763
741756
741750
741744
741737
741731
741724
741718
741712
741705
741699
741693
741686
741680
741673
741667
741661
741654
741648
741641
741635
741628
741622
741615
741609
741602
741596
741589
741583
741576
741570
741563
741557
741550
741544
741537
741531
741524
741517
741511
741504
741498
741491
741484
741478
741471
741465
741458
741451
741445
741438
741431
741425
741418
741411
741405
741398
741391
741385
741378
741371
741364
741358
741351
741344
741338
741331
741324
741317
741311
741304
741297
741290
741284
741277
741270
741263
741257
741250
741243
741236
741229
741223
741216
741209
741202
741196
741189
741182
741175
741168
741162
741155
741148
741141
741135
741128
741121
741114
741108
741101
741094
741087
741081
741074
741067
741060
741054
741047
741040
741034
741027
741020
741014
741007
741000
740994
740987
740980
740974
740967
740961
740954
740947
740941
740934
740928
740921
740915
740908
740902
740895
740889
740882
740876
740870
740863
740857
740850
740844
740838
740831
740825
740819
740812
740806
740800
740794
740788
740781
740775
740769
740763
740757
740751
740745
740739
740732
740726
740720
740714
740708
740703
740697
740691
740685
740679
740673
740667
740661
740656
740650
740644
740638
740632
740627
740621
740615
740610
740604
740598
740593
740587
740582
740576
740571
740565
740560
740554
740549
740543
740538
740532
740527
740521
740516
740511
740505
740500
740494
740489
740484
740479
740473
740468
740463
740457
740452
740447
740442
740436
740431
740426
740421
740416
740410
740405
740400
740395
740390
740384
740379
740374
740369
740364
740359
740354
740348
740343
740338
740333
740328
740323
740318
740312
740307
740302
740297
740292
740287
740282
740276
740271
740266
740261
740256
740250
740245
740240
740235
740230
740224
740219
740214
740209
740204
740198
740193
740188
740182
740177
740172
740167
740161
740156
740151
740145
740140
740135
740129
740124
740118
740113
740108
740102
740097
740091
740086
740080
740075
740069
740064
740058
740053
740047
740041
740036
740030
740025
740019
740013
740008
740002
739996
739991
739985
739979
739973
739968
739962
739956
739950
739945
739939
739933
739927
739921
739915
739910
739904
739898
739892
739886
739880
739874
739868
739862
739856
739850
739844
739838
739832
739826
739820
739814
739808
739802
739796
739790
739783
739777
739771
739765
739759
739753
739747
739741
739734
739728
739722
739716
739710
739704
739697
739691
739685
739679
739673
739666
739660
739654
739648
739642
739635
739629
739623
739617
739610
739604
739598
739592
739586
739579
739573
739567
739561
739555
739549
739542
739536
739530
739524
739518
739512
739505
739499
739493
739487
739481
739475
739469
739463
739456
739450
739444
739438
739432
739426
739420
739414
739408
739402
739396
739390
739384
739378
739372
739366
739361
739355
739349
739343
739337
739331
739325
739320
739314
739308
739302
739296
739291
739285
739279
739273
739268
739262
739256
739251
739245
739239
739234
739228
739223
739217
739211
739206
739200
739195
739189
739184
739178
739173
739167
739162
739156
739151
739145
739140
739135
739129
739124
739118
739113
739108
739102
739097
739092
739086
739081
739076
739070
739065
739060
739054
739049
739044
739039
739033
739028
739023
739018
739013
739007
739002
738997
738992
738987
738981
738976
738971
738966
738961
738956
738950
738945
738940
738935
738930
738925
738920
738914
738909
738904
738899
738894
738889
738884
738879
738873
738868
738863
738858
738853
738848
738843
738838
738833
738827
738822
738817
738812
738807
738802
738797
738792
738786
738781
738776
738771
738766
738761
738756
738750
738745
738740
738735
738730
738725
738720
738714
738709
738704
738699
738694
738689
738683
738678
738673
738668
738663
738657
738652
738647
738642
738637
738631
738626
738621
738616
738610
738605
738600
738595
738589
738584
738579
738574
738568
738563
738558
738553
738547
738542
738537
738532
738526
738521
738516
738510
738505
738500
738494
738489
738484
738478
738473
738468
738462
738457
738452
738446
738441
738436
738430
738425
738420
738414
738409
738404
738398
738393
738388
738382
738377
738372
738366
738361
738355
738350
738345
738339
738334
738329
738323
738318
738312
738307
738302
738296
738291
738286
738280
738275
738270
738264
738259
738254
738248
738243
738237
738232
738227
738221
738216
738211
738205
738200
738195
738189
738184
738179
738173
738168
738163
738157
738152
738147
738141
738136
738131
738125
738120
738115
738110
738104
738099
738094
738088
738083
738078
738073
738067
738062
738057
738051
738046
738041
738036
738030
738025
738020
738015
738009
738004
737999
737994
737988
737983
737978
737973
737967
737962
737957
737952
737946
737941
737936
737931
737925
737920
737915
737910
737905
737899
737894
737889
737884
737878
737873
737868
737863
737858
737852
737847
737842
737837
737831
737826
737821
737816
737811
737805
737800
737795
737790
737784
737779
737774
737769
737763
737758
737753
737748
737743
737737
737732
737727
737722
737716
737711
737706
737701
737695
737690
737685
737680
737674
737669
737664
737659
737653
737648
737643
737638
737632
737627
737622
737617
737611
737606
737601
737596
737590
737585
737580
737575
737569
737564
737559
737554
737548
737543
737538
737533
737527
737522
737517
737512
737507
737501
737496
737491
737486
737480
737475
737470
737465
737459
737454
737449
737444
737439
737433
737428
737423
737418
737413
737407
737402
737397
737392
737387
737382
737376
737371
737366
737361
737356
737351
737345
737340
737335
737330
737325
737320
737315
737310
737305
737299
737294
737289
737284
737279
737274
737269
737264
737259
737254
737249
737244
737239
737234
737229
737224
737219
737214
737209
737204
737199
737194
737189
737184
737180
737175
737170
737165
737160
737155
737150
737145
737141
737136
737131
737126
737121
737116
737112
737107
737102
737097
737093
737088
737083
737078
737074
737069
737064
737060
737055
737050
737046
737041
737036
737032
737027
737022
737018
737013
737009
737004
736999
736995
736990
736986
736981
736977
736972
736967
736963
736958
736954
736949
736945
736940
736936
736931
736927
736923
736918
736914
736909
736905
736900
736896
736891
736887
736883
736878
736874
736869
736865
736861
736856
736852
736847
736843
736839
736834
736830
736826
736821
736817
736812
736808
736804
736799
736795
736791
736786
736782
736778
736773
736769
736764
736760
736756
736751
736747
736743
736738
736734
736730
736725
736721
736716
736712
736708
736703
736699
736694
736690
736686
736681
736677
736672
736668
736663
736659
736654
736650
736646
736641
736637
736632
736628
736623
736619
736614
736610
736605
736601
736596
736591
736587
736582
736578
736573
736569
736564
736559
736555
736550
736546
736541
736536
736532
736527
736522
736518
736513
736508
736504
736499
736494
736489
736485
736480
736475
736470
736466
736461
736456
736451
736446
736442
736437
736432
736427
736422
736418
736413
736408
736403
736398
736393
736388
736383
736378
736374
736369
736364
736359
736354
736349
736344
736339
736334
736329
736324
736319
736314
736309
736304
736299
736294
736289
736284
736279
736274
736269
736264
736259
736254
736249
736244
736239
736234
736229
736224
736219
736213
736208
736203
736198
736193
736188
736183
736178
736173
736168
736163
736158
736153
736148
736143
736138
736133
736127
736122
736117
736112
736107
736102
736097
736092
736087
736082
736077
736072
736067
736062
736057
736052
736047
736042
736037
736032
736027
736022
736017
736012
736007
736002
735997
735993
735988
735983
735978
735973
735968
735963
735958
735953
735949
735944
735939
735934
735929
735924
735920
735915
735910
735905
735900
735896
735891
735886
735881
735877
735872
735867
735863
735858
735853
735849
735844
735839
735835
735830
735825
735821
735816
735812
735807
735803
735798
735794
735789
735784
735780
735775
735771
735767
735762
735758
735753
735749
735744
735740
735735
735731
735727
735722
735718
735714
735709
735705
735701
735696
735692
735688
735683
735679
735675
735671
735666
735662
735658
735653
735649
735645
735641
735637
735632
735628
735624
735620
735616
735611
735607
735603
735599
735595
735591
735587
735582
735578
735574
735570
735566
735562
735558
735554
735549
735545
735541
735537
735533
735529
735525
735521
735517
735513
735509
735504
735500
735496
735492
735488
735484
735480
735476
735472
735468
735464
735460
735456
735451
735447
735443
735439
735435
735431
735427
735423
735419
735415
735411
735407
735402
735398
735394
735390
735386
735382
735378
735374
735370
735365
735361
735357
735353
735349
735345
735341
735336
735332
735328
735324
735320
735316
735311
735307
735303
735299
735295
735291
735286
735282
735278
735274
735269
735265
735261
735257
735253
735248
735244
735240
735235
735231
735227
735223
735218
735214
735210
735205
735201
735197
735193
735188
735184
735180
735175
735171
735167
735162
735158
735153
735149
735145
735140
735136
735132
735127
735123
735118
735114
735110
735105
735101
735096
735092
735087
735083
735079
735074
735070
735065
735061
735056
735052
735047
735043
735039
735034
735030
735025
735021
735016
735012
735007
735003
734998
734994
734989
734985
734980
734976
734971
734967
734962
734958
734953
734949
734944
734940
734936
734931
734927
734922
734918
734913
734909
734904
734900
734895
734891
734886
734882
734877
734873
734868
734864
734859
734855
734851
734846
734842
734837
734833
734828
734824
734819
734815
734811
734806
734802
734797
734793
734789
734784
734780
734775
734771
734767
734762
734758
734753
734749
734745
734740
734736
734732
734727
734723
734719
734714
734710
734706
734702
734697
734693
734689
734684
734680
734676
734672
734667
734663
734659
734655
734650
734646
734642
734638
734634
734629
734625
734621
734617
734613
734609
734604
734600
734596
734592
734588
734584
734580
734576
734572
734567
734563
734559
734555
734551
734547
734543
734539
734535
734531
734527
734523
734519
734515
734511
734507
734503
734499
734495
734491
734487
734483
734479
734475
734471
734467
734463
734459
734455
734452
734448
734444
734440
734436
734432
734428
734424
734420
734416
734413
734409
734405
734401
734397
734393
734389
734386
734382
734378
734374
734370
734366
734363
734359
734355
734351
734347
734344
734340
734336
734332
734328
734325
734321
734317
734313
734309
734306
734302
734298
734294
734290
734287
734283
734279
734275
734271
734268
734264
734260
734256
734253
734249
734245
734241
734237
734234
734230
734226
734222
734219
734215
734211
734207
734203
734200
734196
734192
734188
734184
734181
734177
734173
734169
734165
734162
734158
734154
734150
734146
734143
734139
734135
734131
734127
734123
734120
734116
734112
734108
734104
734100
734097
734093
734089
734085
734081
734077
734073
734070
734066
734062
734058
734054
734050
734046
734042
734039
734035
734031
734027
734023
734019
734015
734011
734007
734003
733999
733996
733992
733988
733984
733980
733976
733972
733968
733964
733960
733956
733952
733948
733944
733940
733936
733932
733928
733924
733920
733916
733912
733909
733905
733901
733897
733893
733889
733885
733881
733877
733873
733869
733865
733861
733856
733852
733848
733844
733840
733836
733832
733828
733824
733820
733816
733812
733808
733804
733800
733796
733792
733788
733784
733780
733776
733772
733768
733764
733760
733756
733752
733748
733744
733740
733736
733732
733728
733723
733719
733715
733711
733707
733703
733699
733695
733691
733687
733683
733679
733675
733671
733667
733663
733659
733655
733651
733647
733643
733639
733635
733631
733627
733623
733619
733615
733611
733607
733603
733599
733595
733591
733587
733583
733579
733575
733571
733567
733563
733559
733555
733551
733547
733543
733539
733535
733531
733527
733523
733519
733516
733512
733508
733504
733500
733496
733492
733488
733484
733480
733476
733472
733468
733465
733461
733457
733453
733449
733445
733441
733437
733434
733430
733426
733422
733418
733414
733410
733407
733403
733399
733395
733391
733387
733384
733380
733376
733372
733368
733364
733361
733357
733353
733349
733346
733342
733338
733334
733330
733327
733323
733319
733315
733312
733308
733304
733300
733297
733293
733289
733285
733282
733278
733274
733271
733267
733263
733259
733256
733252
733248
733245
733241
733237
733234
733230
733226
733223
733219
733215
733212
733208
733204
733201
733197
733193
733190
733186
733182
733179
733175
733172
733168
733164
733161
733157
733153
733150
733146
733143
733139
733135
733132
733128
733124
733121
733117
733114
733110
733106
733103
733099
733096
733092
733089
733085
733081
733078
733074
733071
733067
733063
733060
733056
733053
733049
733046
733042
733038
733035
733031
733028
733024
733021
733017
733013
733010
733006
733003
732999
732996
732992
732989
732985
732981
732978
732974
732971
732967
732964
732960
732957
732953
732949
732946
732942
732939
732935
732932
732928
732925
732921
732917
732914
732910
732907
732903
732900
732896
732893
732889
732886
732882
732878
732875
732871
732868
732864
732861
732857
732853
732850
732846
732843
732839
732836
732832
732829
732825
732821
732818
732814
732811
732807
732804
732800
732796
732793
732789
732786
732782
732779
732775
732772
732768
732764
732761
732757
732754
732750
732747
732743
732739
732736
732732
732729
732725
732721
732718
732714
732711
732707
732704
732700
732696
732693
732689
732686
732682
732679
732675
732671
732668
732664
732661
732657
732654
732650
732646
732643
732639
732636
732632
732629
732625
732621
732618
732614
732611
732607
732604
732600
732597
732593
732589
732586
732582
732579
732575
732572
732568
732565
732561
732558
732554
732550
732547
732543
732540
732536
732533
732529
732526
732522
732519
732515
732512
732508
732505
732501
732498
732494
732491
732487
732484
732480
732477
732473
732470
732466
732463
732459
732456
732452
732449
732446
732442
732439
732435
732432
732428
732425
732421
732418
732415
732411
732408
732404
732401
732397
732394
732391
732387
732384
732380
732377
732374
732370
732367
732363
732360
732357
732353
732350
732347
732343
732340
732336
732333
732330
732326
732323
732320
732316
732313
732310
732306
732303
732300
732296
732293
732290
732286
732283
732280
732276
732273
732270
732267
732263
732260
732257
732253
732250
732247
732243
732240
732237
732234
732230
732227
732224
732220
732217
732214
732211
732207
732204
732201
732197
732194
732191
732188
732184
732181
732178
732174
732171
732168
732165
732161
732158
732155
732152
732148
732145
732142
732138
732135
732132
732128
732125
732122
732119
732115
732112
732109
732105
732102
732099
732095
732092
732089
732086
732082
732079
732076
732072
732069
732066
732062
732059
732056
732052
732049
732046
732042
732039
732036
732032
732029
732025
732022
732019
732015
732012
732009
732005
732002
731998
731995
731992
731988
731985
731981
731978
731975
731971
731968
731964
731961
731957
731954
731950
731947
731944
731940
731937
731933
731930
731926
731923
731919
731916
731912
731909
731905
731902
731898
731895
731891
731888
731884
731881
731877
731874
731870
731867
731863
731860
731856
731853
731849
731846
731842
731839
731835
731831
731828
731824
731821
731817
731814
731810
731807
731803
731800
731796
731792
731789
731785
731782
731778
731775
731771
731768
731764
731761
731757
731753
731750
731746
731743
731739
731736
731732
731729
731725
731722
731718
731715
731711
731708
731704
731701
731697
731694
731690
731687
731683
731680
731676
731673
731669
731666
731662
731659
731655
731652
731649
731645
731642
731638
731635
731631
731628
731625
731621
731618
731614
731611
731608
731604
731601
731598
731594
731591
731588
731584
731581
731578
731574
731571
731568
731565
731561
731558
731555
731552
731548
731545
731542
731539
731536
731532
731529
731526
731523
731520
731517
731513
731510
731507
731504
731501
731498
731495
731492
731489
731485
731482
731479
731476
731473
731470
731467
731464
731461
731458
731455
731452
731449
731446
731443
731440
731437
731434
731431
731429
731426
731423
731420
731417
731414
731411
731408
731405
731402
731400
731397
731394
731391
731388
731385
731382
731380
731377
731374
731371
731368
731365
731363
731360
731357
731354
731351
731349
731346
731343
731340
731337
731335
731332
731329
731326
731323
731321
731318
731315
731312
731309
731307
731304
731301
731298
731295
731293
731290
731287
731284
731281
731279
731276
731273
731270
731267
731265
731262
731259
731256
731253
731250
731248
731245
731242
731239
731236
731233
731231
731228
731225
731222
731219
731216
731213
731210
731207
731204
731202
731199
731196
731193
731190
731187
731184
731181
731178
731175
731172
731169
731166
731163
731160
731157
731154
731151
731148
731145
731142
731139
731135
731132
731129
731126
731123
731120
731117
731114
731111
731107
731104
731101
731098
731095
731092
731088
731085
731082
731079
731075
731072
731069
731066
731063
731059
731056
731053
731049
731046
731043
731040
731036
731033
731030
731026
731023
731020
731016
731013
731010
731006
731003
731000
730996
730993
730990
730986
730983
730979
730976
730973
730969
730966
730963
730959
730956
730952
730949
730946
730942
730939
730935
730932
730929
730925
730922
730918
730915
730912
730908
730905
730901
730898
730895
730891
730888
730884
730881
730878
730874
730871
730867
730864
730861
730857
730854
730851
730847
730844
730841
730837
730834
730831
730827
730824
730821
730817
730814
730811
730808
730804
730801
730798
730795
730791
730788
730785
730782
730778
730775
730772
730769
730766
730763
730759
730756
730753
730750
730747
730744
730741
730738
730734
730731
730728
730725
730722
730719
730716
730713
730710
730707
730704
730701
730698
730695
730692
730690
730687
730684
730681
730678
730675
730672
730669
730667
730664
730661
730658
730655
730653
730650
730647
730644
730641
730639
730636
730633
730631
730628
730625
730623
730620
730617
730615
730612
730609
730607
730604
730602
730599
730596
730594
730591
730589
730586
730584
730581
730579
730576
730573
730571
730568
730566
730564
730561
730559
730556
730554
730551
730549
730546
730544
730541
730539
730537
730534
730532
730529
730527
730524
730522
730520
730517
730515
730513
730510
730508
730505
730503
730501
730498
730496
730493
730491
730489
730486
730484
730482
730479
730477
730474
730472
730470
730467
730465
730462
730460
730458
730455
730453
730450
730448
730446
730443
730441
730438
730436
730433
730431
730429
730426
730424
730421
730419
730416
730414
730411
730409
730406
730404
730401
730399
730396
730394
730391
730389
730386
730383
730381
730378
730376
730373
730371
730368
730365
730363
730360
730357
730355
730352
730349
730347
730344
730341
730339
730336
730333
730330
730328
730325
730322
730319
730317
730314
730311
730308
730305
730303
730300
730297
730294
730291
730288
730285
730283
730280
730277
730274
730271
730268
730265
730262
730259
730256
730253
730250
730247
730244
730241
730238
730235
730232
730229
730226
730223
730220
730217
730214
730210
730207
730204
730201
730198
730195
730192
730189
730185
730182
730179
730176
730173
730170
730166
730163
730160
730157
730153
730150
730147
730144
730141
730137
730134
730131
730128
730124
730121
730118
730115
730111
730108
730105
730102
730098
730095
730092
730088
730085
730082
730079
730075
730072
730069
730065
730062
730059
730056
730052
730049
730046
730043
730039
730036
730033
730029
730026
730023
730020
730016
730013
730010
730007
730003
730000
729997
729994
729990
729987
729984
729981
729978
729974
729971
729968
729965
729962
729958
729955
729952
729949
729946
729943
729940
729936
729933
729930
729927
729924
729921
729918
729915
729912
729909
729905
729902
729899
729896
729893
729890
729887
729884
729881
729878
729875
729873
729870
729867
729864
729861
729858
729855
729852
729849
729846
729844
729841
729838
729835
729832
729829
729827
729824
729821
729818
729816
729813
729810
729807
729805
729802
729799
729797
729794
729791
729789
729786
729783
729781
729778
729776
729773
729770
729768
729765
729763
729760
729758
729755
729753
729750
729748
729745
729743
729740
729738
729736
729733
729731
729728
729726
729723
729721
729719
729716
729714
729712
729709
729707
729705
729702
729700
729698
729695
729693
729691
729689
729686
729684
729682
729680
729677
729675
729673
729671
729669
729666
729664
729662
729660
729658
729655
729653
729651
729649
729647
729645
729642
729640
729638
729636
729634
729632
729630
729627
729625
729623
729621
729619
729617
729615
729613
729610
729608
729606
729604
729602
729600
729598
729596
729593
729591
729589
729587
729585
729583
729581
729579
729576
729574
729572
729570
729568
729566
729564
729562
729559
729557
729555
729553
729551
729549
729546
729544
729542
729540
729538
729536
729533
729531
729529
729527
729525
729522
729520
729518
729516
729514
729511
729509
729507
729505
729502
729500
729498
729495
729493
729491
729489
729486
729484
729482
729479
729477
729475
729472
729470
729467
729465
729463
729460
729458
729456
729453
729451
729448
729446
729443
729441
729438
729436
729434
729431
729429
729426
729424
729421
729418
729416
729413
729411
729408
729406
729403
729401
729398
729395
729393
729390
729388
729385
729382
729380
729377
729374
729372
729369
729366
729364
729361
729358
729356
729353
729350
729348
729345
729342
729339
729337
729334
729331
729328
729326
729323
729320
729317
729315
729312
729309
729306
729303
729301
729298
729295
729292
729289
729286
729284
729281
729278
729275
729272
729269
729267
729264
729261
729258
729255
729252
729249
729247
729244
729241
729238
729235
729232
729229
729227
729224
729221
729218
729215
729212
729209
729206
729204
729201
729198
729195
729192
729189
729186
729183
729181
729178
729175
729172
729169
729166
729163
729161
729158
729155
729152
729149
729146
729144
729141
729138
729135
729132
729130
729127
729124
729121
729118
729116
729113
729110
729107
729105
729102
729099
729096
729094
729091
729088
729085
729083
729080
729077
729075
729072
729069
729067
729064
729061
729059
729056
729053
729051
729048
729045
729043
729040
729038
729035
729032
729030
729027
729025
729022
729020
729017
729015
729012
729010
729007
729005
729002
729000
728997
728995
728992
728990
728988
728985
728983
728980
728978
728975
728973
728971
728968
728966
728964
728961
728959
728957
728954
728952
728950
728947
728945
728943
728941
728938
728936
728934
728932
728929
728927
728925
728923
728920
728918
728916
728914
728912
728909
728907
728905
728903
728901
728899
728897
728894
728892
728890
728888
728886
728884
728882
728880
728877
728875
728873
728871
728869
728867
728865
728863
728861
728859
728857
728855
728853
728851
728848
728846
728844
728842
728840
728838
728836
728834
728832
728830
728828
728826
728824
728822
728820
728818
728816
728814
728812
728810
728808
728806
728804
728802
728800
728798
728796
728794
728791
728789
728787
728785
728783
728781
728779
728777
728775
728773
728771
728769
728767
728765
728763
728761
728759
728756
728754
728752
728750
728748
728746
728744
728742
728740
728737
728735
728733
728731
728729
728727
728725
728722
728720
728718
728716
728714
728712
728709
728707
728705
728703
728700
728698
728696
728694
728692
728689
728687
728685
728682
728680
728678
728676
728673
728671
728669
728666
728664
728662
728659
728657
728655
728652
728650
728647
728645
728643
728640
728638
728635
728633
728631
728628
728626
728623
728621
728618
728616
728613
728611
728608
728606
728604
728601
728598
728596
728593
728591
728588
728586
728583
728581
728578
728576
728573
728570
728568
728565
728563
728560
728558
728555
728552
728550
728547
728544
728542
728539
728537
728534
728531
728529
728526
728523
728521
728518
728515
728513
728510
728507
728505
728502
728499
728497
728494
728491
728489
728486
728483
728481
728478
728475
728473
728470
728467
728464
728462
728459
728456
728454
728451
728448
728446
728443
728440
728438
728435
728432
728430
728427
728424
728422
728419
728416
728414
728411
728408
728406
728403
728401
728398
728395
728393
728390
728388
728385
728382
728380
728377
728375
728372
728369
728367
728364
728362
728359
728357
728354
728352
728349
728347
728344
728342
728339
728337
728334
728332
728329
728327
728324
728322
728320
728317
728315
728312
728310
728308
728305
728303
728301
728298
728296
728294
728291
728289
728287
728284
728282
728280
728278
728275
728273
728271
728269
728266
728264
728262
728260
728258
728256
728253
728251
728249
728247
728245
728243
728241
728239
728237
728234
728232
728230
728228
728226
728224
728222
728220
728218
728216
728214
728212
728210
728208
728207
728205
728203
728201
728199
728197
728195
728193
728191
728190
728188
728186
728184
728182
728180
728178
728177
728175
728173
728171
728170
728168
728166
728164
728162
728161
728159
728157
728155
728154
728152
728150
728149
728147
728145
728143
728142
728140
728138
728137
728135
728133
728132
728130
728128
728127
728125
728123
728121
728120
728118
728116
728115
728113
728111
728110
728108
728106
728105
728103
728101
728100
728098
728096
728095
728093
728091
728090
728088
728086
728085
728083
728081
728080
728078
728076
728075
728073
728071
728069
728068
728066
728064
728063
728061
728059
728057
728056
728054
728052
728050
728049
728047
728045
728043
728041
728040
728038
728036
728034
728032
728030
728029
728027
728025
728023
728021
728019
728017
728015
728014
728012
728010
728008
728006
728004
728002
728000
727998
727996
727994
727992
727990
727988
727986
727984
727982
727980
727978
727976
727974
727972
727970
727968
727965
727963
727961
727959
727957
727955
727953
727951
727948
727946
727944
727942
727940
727937
727935
727933
727931
727929
727926
727924
727922
727919
727917
727915
727913
727910
727908
727906
727903
727901
727899
727896
727894
727892
727889
727887
727885
727882
727880
727878
727875
727873
727870
727868
727866
727863
727861
727858
727856
727853
727851
727849
727846
727844
727841
727839
727836
727834
727831
727829
727827
727824
727822
727819
727817
727814
727812
727809
727807
727804
727802
727799
727797
727794
727792
727789
727787
727785
727782
727780
727777
727775
727772
727770
727767
727765
727762
727760
727757
727755
727753
727750
727748
727745
727743
727740
727738
727735
727733
727731
727728
727726
727723
727721
727719
727716
727714
727711
727709
727707
727704
727702
727700
727697
727695
727693
727690
727688
727686
727683
727681
727679
727676
727674
727672
727669
727667
727665
727663
727660
727658
727656
727654
727651
727649
727647
727645
727643
727640
727638
727636
727634
727632
727630
727627
727625
727623
727621
727619
727617
727615
727613
727611
727609
727606
727604
727602
727600
727598
727596
727594
727592
727590
727588
727586
727584
727582
727580
727578
727576
727574
727572
727570
727568
727566
727565
727563
727561
727559
727557
727555
727553
727551
727549
727547
727546
727544
727542
727540
727538
727536
727535
727533
727531
727529
727527
727525
727524
727522
727520
727518
727516
727515
727513
727511
727509
727507
727506
727504
727502
727500
727499
727497
727495
727493
727492
727490
727488
727486
727485
727483
727481
727480
727478
727476
727474
727473
727471
727469
727467
727466
727464
727462
727461
727459
727457
727455
727454
727452
727450
727449
727447
727445
727443
727442
727440
727438
727437
727435
727433
727431
727430
727428
727426
727425
727423
727421
727419
727418
727416
727414
727413
727411
727409
727407
727406
727404
727402
727400
727399
727397
727395
727393
727392
727390
727388
727386
727385
727383
727381
727379
727378
727376
727374
727372
727370
727369
727367
727365
727363
727362
727360
727358
727356
727354
727352
727351
727349
727347
727345
727343
727342
727340
727338
727336
727334
727332
727331
727329
727327
727325
727323
727321
727319
727318
727316
727314
727312
727310
727308
727306
727305
727303
727301
727299
727297
727295
727293
727291
727289
727287
727286
727284
727282
727280
727278
727276
727274
727272
727270
727268
727266
727264
727262
727261
727259
727257
727255
727253
727251
727249
727247
727245
727243
727241
727239
727237
727235
727233
727231
727229
727227
727225
727223
727221
727219
727218
727216
727214
727212
727210
727208
727206
727204
727202
727200
727198
727196
727194
727192
727190
727188
727186
727184
727182
727180
727178
727176
727174
727172
727170
727168
727166
727164
727162
727160
727158
727156
727154
727152
727150
727148
727146
727144
727142
727140
727138
727136
727134
727132
727130
727128
727126
727124
727122
727120
727118
727116
727115
727113
727111
727109
727107
727105
727103
727101
727099
727097
727095
727093
727091
727089
727087
727085
727083
727081
727079
727077
727076
727074
727072
727070
727068
727066
727064
727062
727060
727058
727056
727054
727053
727051
727049
727047
727045
727043
727041
727039
727037
727036
727034
727032
727030
727028
727026
727024
727023
727021
727019
727017
727015
727013
727012
727010
727008
727006
727004
727002
727001
726999
726997
726995
726993
726992
726990
726988
726986
726985
726983
726981
726979
726977
726976
726974
726972
726970
726969
726967
726965
726963
726962
726960
726958
726956
726955
726953
726951
726950
726948
726946
726945
726943
726941
726939
726938
726936
726934
726933
726931
726929
726928
726926
726924
726923
726921
726919
726918
726916
726914
726913
726911
726909
726908
726906
726905
726903
726901
726900
726898
726896
726895
726893
726891
726890
726888
726887
726885
726883
726882
726880
726879
726877
726875
726874
726872
726870
726869
726867
726866
726864
726862
726861
726859
726858
726856
726854
726853
726851
726850
726848
726846
726845
726843
726842
726840
726838
726837
726835
726834
726832
726830
726829
726827
726825
726824
726822
726821
726819
726817
726816
726814
726812
726811
726809
726808
726806
726804
726803
726801
726799
726798
726796
726794
726793
726791
726789
726788
726786
726784
726783
726781
726779
726778
726776
726774
726773
726771
726769
726768
726766
726764
726762
726761
726759
726757
726756
726754
726752
726750
726749
726747
726745
726743
726742
726740
726738
726736
726735
726733
726731
726729
726728
726726
726724
726722
726720
726719
726717
726715
726713
726711
726710
726708
726706
726704
726702
726701
726699
726697
726695
726693
726691
726690
726688
726686
726684
726682
726680
726678
726677
726675
726673
726671
726669
726667
726665
726664
726662
726660
726658
726656
726654
726652
726651
726649
726647
726645
726643
726641
726639
726637
726635
726634
726632
726630
726628
726626
726624
726622
726620
726619
726617
726615
726613
726611
726609
726607
726605
726604
726602
726600
726598
726596
726594
726592
726590
726589
726587
726585
726583
726581
726579
726577
726576
726574
726572
726570
726568
726566
726564
726563
726561
726559
726557
726555
726553
726552
726550
726548
726546
726544
726543
726541
726539
726537
726535
726534
726532
726530
726528
726526
726525
726523
726521
726519
726518
726516
726514
726512
726511
726509
726507
726505
726504
726502
726500
726499
726497
726495
726493
726492
726490
726488
726487
726485
726483
726481
726480
726478
726476
726475
726473
726471
726470
726468
726466
726465
726463
726462
726460
726458
726457
726455
726453
726452
726450
726448
726447
726445
726444
726442
726440
726439
726437
726436
726434
726432
726431
726429
726428
726426
726424
726423
726421
726420
726418
726416
726415
726413
726412
726410
726409
726407
726405
726404
726402
726401
726399
726398
726396
726394
726393
726391
726390
726388
726387
726385
726384
726382
726380
726379
726377
726376
726374
726373
726371
726370
726368
726366
726365
726363
726362
726360
726359
726357
726356
726354
726352
726351
726349
726348
726346
726345
726343
726341
726340
726338
726337
726335
726334
726332
726331
726329
726327
726326
726324
726323
726321
726320
726318
726316
726315
726313
726312
726310
726309
726307
726305
726304
726302
726301
726299
726297
726296
726294
726293
726291
726290
726288
726286
726285
726283
726282
726280
726278
726277
726275
726274
726272
726271
726269
726267
726266
726264
726263
726261
726259
726258
726256
726255
726253
726252
726250
726248
726247
726245
726244
726242
726241
726239
726237
726236
726234
726233
726231
726230
726228
726226
726225
726223
726222
726220
726219
726217
726216
726214
726212
726211
726209
726208
726206
726205
726203
726202
726200
726199
726197
726196
726194
726193
726191
726190
726188
726186
726185
726183
726182
726180
726179
726177
726176
726174
726173
726172
726170
726169
726167
726166
726164
726163
726161
726160
726158
726157
726155
726154
726152
726151
726149
726148
726147
726145
726144
726142
726141
726139
726138
726137
726135
726134
726132
726131
726129
726128
726127
726125
726124
726122
726121
726119
726118
726117
726115
726114
726112
726111
726110
726108
726107
726105
726104
726103
726101
726100
726098
726097
726096
726094
726093
726091
726090
726089
726087
726086
726084
726083
726082
726080
726079
726077
726076
726075
726073
726072
726070
726069
726068
726066
726065
726063
726062
726060
726059
726058
726056
726055
726053
726052
726050
726049
726048
726046
726045
726043
726042
726040
726039
726037
726036
726034
726033
726032
726030
726029
726027
726026
726024
726023
726021
726020
726018
726017
726015
726014
726012
726010
726009
726007
726006
726004
726003
726001
726000
725998
725997
725995
725993
725992
725990
725989
725987
725985
725984
725982
725981
725979
725977
725976
725974
725973
725971
725969
725968
725966
725964
725963
725961
725959
725958
725956
725954
725953
725951
725949
725948
725946
725944
725943
725941
725939
725937
725936
725934
725932
725931
725929
725927
725925
725924
725922
725920
725918
725917
725915
725913
725911
725910
725908
725906
725904
725903
725901
725899
725897
725896
725894
725892
725890
725889
725887
725885
725883
725882
725880
725878
725876
725875
725873
725871
725869
725868
725866
725864
725862
725860
725859
725857
725855
725853
725852
725850
725848
725847
725845
725843
725841
725840
725838
725836
725834
725833
725831
725829
725828
725826
725824
725822
725821
725819
725817
725816
725814
725812
725811
725809
725807
725806
725804
725802
725801
725799
725798
725796
725794
725793
725791
725790
725788
725786
725785
725783
725782
725780
725779
725777
725775
725774
725772
725771
725769
725768
725766
725765
725763
725762
725760
725759
725758
725756
725755
725753
725752
725750
725749
725747
725746
725745
725743
725742
725740
725739
725738
725736
725735
725734
725732
725731
725730
725728
725727
725726
725724
725723
725722
725721
725719
725718
725717
725715
725714
725713
725712
725710
725709
725708
725707
725705
725704
725703
725702
725701
725699
725698
725697
725696
725695
725694
725692
725691
725690
725689
725688
725687
725685
725684
725683
725682
725681
725680
725679
