
Primal Residual: 
154.731
42.5172
19.0198
24.0317
16.3828
11.4827
9.59463
8.1213
6.57238
5.41411
4.86432
4.63752
4.41549
4.10414
3.74254
3.39825
3.12068
2.9254
2.80105
2.72952
2.69561
2.68029
2.656
2.595
2.48264
2.32489
2.14711
1.98558
1.87319
1.82395
1.82698
1.85643
1.88705
1.90307
1.89927
1.87804
1.84558
1.80848
1.77138
1.73598
1.70162
1.66673
1.63038
1.59314
1.55704
1.5248
1.49871
1.47987
1.46794
1.46154
1.4589
1.45838
1.45866
1.4587
1.45742
1.45359
1.44588
1.4331
1.41457
1.39041
1.36171
1.33045
1.29907
1.27004
1.24523
1.22552
1.21071
1.19973
1.1911
1.18348
1.17601
1.16845
1.16112
1.15459
1.1494
1.14576
1.14343
1.14177
1.13994
1.13716
1.13293
1.12719
1.12031
1.113
1.10606
1.10017
1.09562
1.09225
1.0894
1.08613
1.08138
1.07426
1.0642
1.05115
1.03551
1.01817
1.00034
0.983371
0.968563
0.956984
0.949318
0.945795
0.946194
0.949911
0.956072
0.963651
0.971586
0.978876
0.984663
0.988303
0.989423
0.987969
0.984236
0.978865
0.972803
0.967216
0.963334
0.962269
0.964808
0.97124
0.981256
0.993966
1.008
1.0217
1.03333
1.04125
1.04414
1.04106
1.03157
1.01577
0.994312
0.968365
0.939569
0.909917
0.881597
0.856765
0.83726
0.824332
0.818418
0.819086
0.825138
0.83487
0.846367
0.857786
0.867549
0.874471
0.877801
0.87723
0.872854
0.865119
0.85475
0.842658
0.829844
0.817288
0.805844
0.79615
0.788555
0.783106
0.77956
0.777456
0.776198
0.775159
0.773772
0.771603
0.768396
0.764097
0.758846
0.752952
0.746845
0.741013
0.735936
0.732021
0.72954
0.7286
0.729134
0.730918
0.733612
0.736819
0.740144
0.743243
0.745865
0.747877
0.749267
0.750135
0.750667
0.751096
0.751662
0.752567
0.753936
0.755791
0.758038
0.760473
0.762803
0.764674
0.765714
0.765573
0.763956
0.76066
0.755589
0.74877
0.740356
0.730612
0.719906
0.708673
0.697385
0.686512
0.676479
0.667626
0.660179
0.654232
0.649745
0.646561
0.644429
0.643047
0.642097
0.641287
0.640373
0.639191
0.637656
0.635776
0.633636
0.631389
0.629234
0.627396
0.6261
0.625548
0.625897
0.627243
0.629614
0.632964
0.637177
0.642082
0.647457
0.653053
0.6586
0.663828
0.668472
0.672286
0.675047
0.676565
0.676679
0.675272
0.672261
0.667611
0.661329
0.653468
0.644128
0.633459
0.621652
0.608945
0.595612
0.581959
0.568314
0.555016
0.542397
0.530771
0.520411
0.51154
0.504314
0.498815
0.495053
0.492967
0.492439
0.493312
0.4954
0.498514
0.502466
0.507088
0.51223
0.517765
0.523589
0.529614
0.535767
0.541979
0.548187
0.554324
0.560322
0.566107
0.571604
0.576737
0.581432
0.585621
0.589248
0.592269
0.594657
0.596404
0.597522
0.59804
0.598009
0.597493
0.596571
0.595331
0.593866
0.592272
0.590641
0.589058
0.587601
0.586335
0.585311
0.584568
0.58413
0.584011
0.58421
0.584721
0.585527
0.586607
0.587936
0.589486
0.591227
0.593128
0.595156
0.597281
0.599467
0.60168
0.603885
0.606045
0.608121
0.610074
0.611865
0.613455
0.614804
0.615877
0.616639
0.617062
0.617119
0.616794
0.616075
0.61496
0.613454
0.611575
0.609348
0.606811
0.604012
0.601008
0.597866
0.594662
0.591478
0.5884
0.585515
0.582913
0.580676
0.57888
0.57759
0.576858
0.576718
0.577185
0.578253
0.579896
0.582067
0.584698
0.587704
0.590986
0.594431
0.59792
0.601329
0.604532
0.607406
0.609833
0.611704
0.612921
0.613396
0.613058
0.611851
0.609734
0.606686
0.602701
0.597791
0.591987
0.585335
0.577899
0.569758
0.561006
0.551749
0.542106
0.532204
0.52218
0.512175
0.502332
0.492794
0.483701
0.475184
0.467365
0.460348
0.454223
0.449055
0.444889
0.441743
0.439612
0.438468
0.438262
0.438926
0.440378
0.442528
0.445277
0.448525
0.452171
0.45612
0.460282
0.464572
0.468918
0.473253
0.477522
0.481677
0.485683
0.489509
0.493136
0.49655
0.499745
0.502719
0.505478
0.508029
0.510384
0.512557
0.514564
0.516423
0.518149
0.51976
0.521272
0.522699
0.524054
0.525348
0.526588
0.527782
0.528933
0.530042
0.531108
0.532129
0.5331
0.534013
0.534861
0.535636
0.536326
0.536923
0.537416
0.537795
0.538052
0.538179
0.538169
0.53802
0.537728
0.537294
0.536722
0.536019
0.535194
0.53426
0.533235
0.532136
0.530987
0.529813
0.52864
0.527497
0.526413
0.525418
0.524539
0.523805
0.523238
0.522861
0.522689
0.522736
0.523006
0.523501
0.524215
0.525136
0.526246
0.527521
0.528931
0.530442
0.532016
0.533611
0.535183
0.536686
0.538075
0.539304
0.540328
0.541107
0.541602
0.541777
0.541604
0.541056
0.540117
0.538773
0.537018
0.534854
0.532288
0.529338
0.526024
0.522376
0.51843
0.514227
0.509814
0.505243
0.500567
0.495845
0.491135
0.486495
0.481982
0.47765
0.47355
0.469726
0.466218
0.463055
0.460262
0.45785
0.455827
0.454188
0.452922
0.452009
0.451422
0.451131
0.451099
0.451287
0.451655
0.452159
0.45276
0.453419
0.454097
0.454762
0.455384
0.455937
0.4564
0.456756
0.456993
0.457103
0.457085
0.456939
0.456671
0.456288
0.455804
0.455232
0.45459
0.453897
0.453173
0.452439
0.451717
0.451029
0.450398
0.449843
0.449384
0.449041
0.448829
0.448762
0.448854
0.449114
0.449548
0.45016
0.450952
0.451921
0.453062
0.454369
0.455829
0.457431
0.459158
0.460993
0.462916
0.464906
0.466942
0.469
0.471056
0.473088
0.475072
0.476986
0.478808
0.480518
0.482099
0.483533
0.484807
0.485909
0.486831
0.487566
0.488111
0.488467
0.488635
0.488621
0.488433
0.488082
0.48758
0.486941
0.486183
0.485322
0.484376
0.483363
0.482301
0.481208
0.480099
0.478989
0.47789
0.47681
0.475758
0.474737
0.473747
0.472786
0.471848
0.470924
0.470003
0.469071
0.468111
0.467106
0.466037
0.464885
0.463629
0.462251
0.460734
0.45906
0.457216
0.45519
0.452972
0.450557
0.447943
0.44513
0.442124
0.438932
0.435568
0.432047
0.428387
0.424612
0.420747
0.41682
0.41286
0.408899
0.404969
0.401105
0.39734
0.393706
0.390236
0.386959
0.383904
0.381096
0.378556
0.376304
0.374353
0.372716
0.371397
0.370401
0.369725
0.369364
0.36931
0.369551
0.370074
0.370861
0.371894
0.373154
0.374622
0.376275
0.378093
0.380056
0.382143
0.384335
0.386614
0.388961
0.39136
0.393797
0.396255
0.398724
0.401189
0.403642
0.40607
0.408467
0.410824
0.413135
0.415392
0.417592
0.419731
0.421804
0.423811
0.425748
0.427615
0.429413
0.431142
0.432803
0.434399
0.435933
0.437409
0.43883
0.440201
0.441527
0.442815
0.444069
0.445296
0.446502
0.447694
0.448878
0.450059
0.451244
0.452439
0.453647
0.454873
0.456122
0.457397
0.458699
0.460031
0.461393
0.462786
0.464208
0.465657
0.46713
0.468624
0.470134
0.471654
0.473177
0.474697
0.476204
0.477691
0.479148
0.480564
0.481929
0.483231
0.484459
0.485602
0.486646
0.487581
0.488394
0.489073
0.489608
0.489987
0.4902
0.490237
0.49009
0.489751
0.489214
0.488473
0.487524
0.486366
0.484998
0.48342
0.481635
0.479648
0.477465
0.475094
0.472544
0.469828
0.466958
0.463948
0.460815
0.457575
0.454246
0.450848
0.447398
0.443916
0.440421
0.436933
0.433469
0.430047
0.426682
0.42339
0.420182
0.417071
0.414064
0.411169
0.408389
0.405728
0.403184
0.400755
0.398438
0.396224
0.394107
0.392076
0.390121
0.38823
0.386391
0.384593
0.382822
0.381067
0.379317
0.377563
0.375795
0.374007
0.372194
0.370351
0.368479
0.366576
0.364647
0.362697
0.360733
0.358763
0.356801
0.354858
0.352949
0.351091
0.349301
0.347596
0.345997
0.34452
0.343185
0.342009
0.34101
0.340202
0.3396
0.339216
0.339057
0.339132
0.339445
0.339997
0.340787
0.341811
0.343061
0.34453
0.346204
0.348072
0.350118
0.352324
0.354675
0.357152
0.359736
0.362409
0.365152
0.367947
0.370777
0.373625
0.376476
0.379316
0.382131
0.384909
0.387639
0.390313
0.392921
0.395456
0.397913
0.400287
0.402573
0.404768
0.40687
0.408876
0.410785
0.412597
0.414311
0.415926
0.417441
0.418858
0.420176
0.421395
0.422514
0.423535
0.424457
0.42528
0.426005
0.426631
0.42716
0.427593
0.427929
0.428171
0.428321
0.42838
0.428351
0.428238
0.428045
0.427775
0.427434
0.427026
0.426559
0.426038
0.42547
0.424863
0.424223
0.423558
0.422875
0.422182
0.421486
0.420794
0.420111
0.419445
0.418799
0.418178
0.417586
0.417025
0.416497
0.416001
0.415539
0.415108
0.414706
0.41433
0.413977
0.413641
0.413318
0.413002
0.412688
0.412369
0.412039
0.411693
0.411325
0.410929
0.410502
0.410038
0.409534
0.408988
0.408398
0.407762
0.40708
0.406353
0.405583
0.404772
0.403923
0.40304
0.402128
0.401191
0.400236
0.399269
0.398296
0.397323
0.396357
0.395404
0.394471
0.393564
0.392687
0.391846
0.391045
0.390288
0.389577
0.388916
0.388304
0.387743
0.387232
0.38677
0.386354
0.385982
0.38565
0.385354
0.385088
0.384849
0.384629
0.384422
0.384223
0.384026
0.383822
0.383607
0.383374
0.383117
0.38283
0.382509
0.382148
0.381744
0.381294
0.380793
0.380241
0.379636
0.378977
0.378265
0.377501
0.376687
0.375824
0.374917
0.37397
0.372987
0.371974
0.370936
0.369881
0.368814
0.367744
0.366678
0.365623
0.364587
0.363578
0.362604
0.361672
0.36079
0.359964
0.359202
0.358509
0.357891
0.357352
0.356898
0.356532
0.356257
0.356075
0.355989
0.355999
0.356106
0.356311
0.356613
0.35701
0.357503
0.358088
0.358765
0.359531
0.360384
0.361322
0.362341
0.363441
0.364617
0.365868
0.367191
0.368583
0.370043
0.371567
0.373154
0.3748
0.376503
0.378261
0.380072
0.381931
0.383836
0.385784
0.387771
0.389794
0.391849
0.393931
0.396037
0.398161
0.400298
0.402444
0.404592
0.406736
0.408873
0.410994
0.413094
0.415167
0.417207
0.419208
0.421164
0.423068
0.424916
0.426702
0.42842
0.430066
0.431636
0.433124
0.434528
0.435844
0.437069
0.438201
0.439236
0.440174
0.441014
0.441753
0.442392
0.442931
0.443368
0.443705
0.443942
0.44408
0.444119
0.44406
0.443905
0.443655
0.443311
0.442873
0.442343
0.441721
0.441009
0.440208
0.439317
0.438338
0.437271
0.436115
0.434872
0.433541
0.432121
0.430613
0.429017
0.427331
0.425556
0.423692
0.421738
0.419694
0.41756
0.415337
0.413024
0.410623
0.408134
0.405559
0.402899
0.400156
0.397333
0.394432
0.391456
0.388409
0.385295
0.382119
0.378886
0.3756
0.372268
0.368897
0.365493
0.362064
0.358617
0.35516
0.351702
0.348252
0.34482
0.341413
0.338043
0.33472
0.331453
0.328252
0.325128
0.322091
0.319152
0.31632
0.313604
0.311015
0.30856
0.30625
0.304091
0.30209
0.300255
0.298591
0.297102
0.295793
0.294666
0.293723
0.292965
0.292393
0.292004
0.291797
0.291768
0.291915
0.292231
0.292712
0.293351
0.294142
0.295078
0.296151
0.297354
0.298678
0.300116
0.301661
0.303303
0.305036
0.306853
0.308747
0.31071
0.312738
0.314823
0.316961
0.319147
0.321376
0.323645
0.32595
0.328287
0.330654
0.333048
0.335467
0.337909
0.340371
0.342853
0.345352
0.347867
0.350396
0.352937
0.355488
0.358047
0.360612
0.363181
0.36575
0.368317
0.370878
0.37343
0.375969
0.37849
0.38099
0.383463
0.385904
0.388309
0.390672
0.392987
0.395249
0.397452
0.399591
0.401659
0.403651
0.405562
0.407386
0.409117
0.410751
0.412283
0.413708
0.415023
0.416222
0.417304
0.418264
0.4191
0.41981
0.420392
0.420845
0.421168
0.42136
0.421423
0.421355
0.42116
0.420837
0.42039
0.419821
0.419133
0.418329
0.417413
0.416389
0.415263
0.414038
0.412721
0.411317
0.409831
0.408271
0.406641
0.404949
0.403201
0.401404
0.399564
0.397689
0.395784
0.393856
0.391913
0.38996
0.388004
0.386051
0.384105
0.382174
0.380262
0.378374
0.376514
0.374687
0.372896
0.371145
0.369436
0.367771
0.366153
0.364583
0.363062
0.36159
0.360168
0.358795
0.35747
0.356193
0.354961
0.353774
0.352628
0.351522
0.350453
0.349419
0.348417
0.347444
0.346497
0.345574
0.344673
0.34379
0.342924
0.342072
0.341234
0.340407
0.339591
0.338786
0.337991
0.337207
0.336434
0.335673
0.334928
0.334198
0.333488
0.332801
0.332139
0.331506
0.330907
0.330346
0.329828
0.329357
0.328937
0.328574
0.328273
0.328038
0.327873
0.327782
0.327769
0.327837
0.32799
0.328228
0.328554
0.328969
0.329473
0.330064
0.330743
0.331507
0.332354
0.33328
0.334281
0.335353
0.336491
0.337689
0.33894
0.340239
0.341578
0.342952
0.344351
0.345771
0.347203
0.348639
0.350075
0.351502
0.352914
0.354305
0.35567
0.357004
0.358301
0.359557
0.360769
0.361934
0.363048
0.364111
0.36512
0.366075
0.366975
0.36782
0.368611
0.36935
0.370037
0.370675
0.371265
0.371811
0.372314
0.372778
0.373206
0.373601
0.373966
0.374304
0.374618
0.374911
0.375186
0.375444
0.375688
0.37592
0.376142
0.376355
0.376559
0.376755
0.376943
0.377123
0.377294
0.377455
0.377606
0.377743
0.377867
0.377974
0.378061
0.378128
0.37817
0.378186
0.378173
0.378127
0.378046
0.377928
0.37777
0.377569
0.377324
0.377032
0.376692
0.376302
0.375861
0.375368
0.374822
0.374224
0.373573
0.372869
0.372114
0.371308
0.370453
0.36955
0.368602
0.36761
0.366577
0.365505
0.364397
0.363257
0.362087
0.36089
0.359671
0.358431
0.357175
0.355905
0.354626
0.353339
0.352048
0.350756
0.349466
0.34818
0.3469
0.345628
0.344367
0.343117
0.341881
0.340658
0.339451
0.338259
0.337083
0.335922
0.334778
0.333649
0.332534
0.331434
0.330347
0.329272
0.328209
0.327156
0.326113
0.325077
0.324049
0.323026
0.322009
0.320996
0.319987
0.318981
0.317977
0.316977
0.315979
0.314983
0.313992
0.313004
0.312022
0.311046
0.310077
0.309118
0.30817
0.307236
0.306317
0.305417
0.304537
0.30368
0.30285
0.30205
0.301282
0.300549
0.299855
0.299203
0.298595
0.298036
0.297526
0.29707
0.29667
0.296328
0.296047
0.295828
0.295673
0.295583
0.295561
0.295605
0.295718
0.2959
0.29615
0.296468
0.296854
0.297306
0.297823
0.298405
0.299049
0.299753
0.300515
0.301333
0.302204
0.303125
0.304094
0.305108
0.306162
0.307255
0.308383
0.309543
0.310731
0.311944
0.313178
0.314432
0.3157
0.316981
0.31827
0.319566
0.320865
0.322164
0.32346
0.324751
0.326035
0.327309
0.328571
0.329818
0.331049
0.332262
0.333455
0.334626
0.335774
0.336898
0.337996
0.339067
0.340111
0.341125
0.342109
0.343063
0.343986
0.344876
0.345735
0.34656
0.347352
0.348111
0.348835
0.349525
0.350181
0.350803
0.351389
0.351941
0.352457
0.352939
0.353385
0.353796
0.354171
0.354511
0.354815
0.355083
0.355316
0.355512
0.355672
0.355795
0.355882
0.355932
0.355944
0.35592
0.355857
0.355757
0.355619
0.355443
0.355228
0.354974
0.354682
0.354351
0.353981
0.353573
0.353125
0.35264
0.352116
0.351554
0.350954
0.350318
0.349646
0.348939
0.348197
0.347423
0.346617
0.34578
0.344915
0.344022
0.343105
0.342165
0.341204
0.340225
0.33923
0.338223
0.337205
0.33618
0.33515
0.33412
0.333092
0.332069
0.331055
0.330053
0.329066
0.328099
0.327153
0.326232
0.325339
0.324478
0.323651
0.32286
0.322109
0.321399
0.320733
0.320112
0.319538
0.319012
0.318535
0.318109
0.317733
0.317407
0.317133
0.316908
0.316733
0.316606
0.316527
0.316494
0.316506
0.31656
0.316655
0.316788
0.316958
0.317161
0.317396
0.317659
0.317949
0.318263
0.318598
0.318952
0.319322
0.319707
0.320102
0.320508
0.32092
0.321339
0.321761
0.322185
0.32261
0.323035
0.323458
0.323878
0.324296
0.324709
0.325118
0.325522
0.325921
0.326315
0.326705
0.327089
0.32747
0.327846
0.328218
0.328586
0.328952
0.329315
0.329675
0.330034
0.330391
0.330747
0.331101
0.331454
0.331805
0.332155
0.332503
0.332848
0.33319
0.333529
0.333862
0.33419
0.33451
0.334822
0.335124
0.335413
0.335689
0.33595
0.336192
0.336415
0.336616
0.336793
0.336943
0.337064
0.337153
0.337209
0.337229
0.337211
0.337153
0.337052
0.336906
0.336714
0.336474
0.336185
0.335844
0.335452
0.335006
0.334506
0.333952
0.333343
0.332679
0.33196
0.331186
0.330359
0.329479
0.328547
0.327564
0.326533
0.325455
0.324331
0.323165
0.321958
0.320713
0.319434
0.318122
0.316781
0.315414
0.314025
0.312617
0.311194
0.309758
0.308314
0.306865
0.305415
0.303967
0.302526
0.301094
0.299675
0.298273
0.296891
0.295531
0.294199
0.292896
0.291625
0.29039
0.289193
0.288037
0.286925
0.285858
0.284839
0.28387
0.282954
0.282091
0.281285
0.280536
0.279847
0.279219
0.278652
0.27815
0.277712
0.27734
0.277034
0.276797
0.276629
0.276529
0.2765
0.276542
0.276654
0.276838
0.277093
0.27742
0.277818
0.278288
0.278828
0.279438
0.280118
0.280867
0.281682
0.282564
0.28351
0.284519
0.285589
0.286718
0.287903
0.289141
0.290431
0.291769
0.293152
0.294576
0.296039
0.297536
0.299063
0.300618
0.302195
0.303791
0.305401
0.307021
0.308646
0.310273
0.311897
0.313513
0.315117
0.316705
0.318272
0.319814
0.321327
0.322808
0.324251
0.325653
0.32701
0.32832
0.329578
0.330781
0.331927
0.333012
0.334034
0.334991
0.33588
0.336699
0.337447
0.338122
0.338722
0.339247
0.339696
0.340068
0.340363
0.340581
0.340721
0.340785
0.340772
0.340683
0.34052
0.340283
0.339974
0.339595
0.339147
0.338632
0.338053
0.337411
0.33671
0.335951
0.335138
0.334273
0.33336
0.332401
0.3314
0.330359
0.329283
0.328174
0.327037
0.325873
0.324688
0.323484
0.322264
0.321033
0.319793
0.318549
0.317303
0.316058
0.314818
0.313587
0.312366
0.31116
0.309972
0.308803
0.307658
0.306538
0.305447
0.304386
0.30336
0.302369
0.301416
0.300503
0.299633
0.298807
0.298027
0.297295
0.296613
0.295982
0.295403
0.294879
0.294409
0.293995
0.293639
0.29334
0.2931
0.292919
0.292797
0.292735
0.292733
0.29279
0.292906
0.293081
0.293315
0.293606
0.293954
0.294357
0.294814
0.295324
0.295885
0.296495
0.297153
0.297856
0.298601
0.299387
0.300211
0.30107
0.301961
0.302881
0.303827
0.304796
0.305785
0.30679
0.307808
0.308834
0.309867
0.310902
0.311935
0.312964
0.313983
0.314991
0.315984
0.316957
0.317908
0.318833
0.319729
0.320594
0.321423
0.322214
0.322965
0.323672
0.324333
0.324946
0.325509
0.326019
0.326476
0.326876
0.327219
0.327504
0.327729
0.327893
0.327996
0.328038
0.328017
0.327935
0.32779
0.327584
0.327317
0.32699
0.326603
0.326158
0.325657
0.3251
0.324489
0.323826
0.323114
0.322355
0.32155
0.320702
0.319815
0.31889
0.317931
0.316941
0.315922
0.314879
0.313814
0.31273
0.311631
0.310521
0.309402
0.308278
0.307153
0.30603
0.304912
0.303803
0.302706
0.301624
0.30056
0.299518
0.298499
0.297508
0.296545
0.295615
0.294719
0.293859
0.293037
0.292256
0.291516
0.290819
0.290166
0.289558
0.288997
0.288481
0.288013
0.287592
0.287218
0.286891
0.28661
0.286374
0.286184
0.286038
0.285935
0.285873
0.285852
0.285869
0.285923
0.286012
0.286135
0.286289
0.286471
0.286681
0.286915
0.287172
0.287449
0.287743
0.288052
0.288374
0.288706
0.289046
0.289391
0.289738
0.290086
0.290431
0.290772
0.291105
0.291429
0.291741
0.292039
0.29232
0.292583
0.292825
0.293044
0.293238
0.293405
0.293544
0.293652
0.293728
0.29377
0.293777
0.293748
0.293681
0.293575
0.293429
0.293242
0.293014
0.292743
0.29243
0.292073
0.291674
0.291231
0.290746
0.290218
0.289648
0.289037
0.288385
0.287695
0.286966
0.286201
0.285402
0.284569
0.283706
0.282815
0.281898
0.280958
0.279998
0.279021
0.27803
0.277029
0.276021
0.275011
0.274001
0.272997
0.272002
0.271021
0.270058
0.269117
0.268203
0.267321
0.266474
0.265668
0.264907
0.264194
0.263535
0.262933
0.262392
0.261917
0.261509
0.261174
0.260912
0.260729
0.260625
0.260602
0.260663
0.260809
0.26104
0.261358
0.261762
0.262252
0.262829
0.26349
0.264234
0.265061
0.265968
0.266952
0.268012
0.269144
0.270345
0.271612
0.272942
0.27433
0.275772
0.277266
0.278805
0.280387
0.282007
0.28366
0.285343
0.28705
0.288777
0.29052
0.292274
0.294036
0.2958
0.297563
0.29932
0.301067
0.3028
0.304516
0.30621
0.307879
0.309518
0.311125
0.312696
0.314228
0.315717
0.31716
0.318553
0.319895
0.321182
0.322411
0.323579
0.324684
0.325724
0.326694
0.327595
0.328422
0.329173
0.329847
0.330442
0.330955
0.331384
0.331729
0.331986
0.332155
0.332235
0.332223
0.332118
0.331921
0.331629
0.331243
0.330761
0.330184
0.32951
0.328741
0.327877
0.326918
0.325864
0.324718
0.323479
0.322149
0.32073
0.319223
0.317632
0.315957
0.314202
0.312369
0.310462
0.308484
0.306438
0.304328
0.302158
0.299933
0.297657
0.295335
0.292972
0.290573
0.288144
0.28569
0.283218
0.280734
0.278244
0.275755
0.273273
0.270806
0.26836
0.265943
0.263562
0.261224
0.258937
0.256708
0.254544
0.252453
0.250442
0.248517
0.246686
0.244955
0.24333
0.241816
0.24042
0.239146
0.237999
0.236983
0.2361
0.235354
0.234747
0.23428
0.233954
0.233769
0.233724
0.233819
0.234051
0.234418
0.234918
0.235545
0.236297
0.237169
0.238156
0.239252
0.240451
0.241749
0.243139
0.244614
0.246168
0.247795
0.249488
0.25124
0.253046
0.254898
0.256791
0.258718
0.260673
0.262649
0.264643
0.266646
0.268655
0.270665
0.272668
0.274662
0.276642
0.278602
0.280539
0.282449
0.284327
0.28617
0.287975
0.289738
0.291457
0.293127
0.294747
0.296314
0.297825
0.299278
0.300671
0.302001
0.303269
0.30447
0.305605
0.306671
0.307668
0.308594
0.309448
0.31023
0.310939
0.311575
0.312136
0.312624
0.313037
0.313376
0.313641
0.313832
0.31395
0.313996
0.31397
0.313873
0.313706
0.313471
0.313169
0.312801
0.312369
0.311875
0.31132
0.310708
0.310039
0.309317
0.308544
0.307722
0.306855
0.305944
0.304993
0.304005
0.302982
0.301929
0.300848
0.299742
0.298615
0.29747
0.29631
0.295139
0.29396
0.292776
0.291591
0.290407
0.289229
0.288058
0.286898
0.285753
0.284624
0.283515
0.282428
0.281366
0.280331
0.279325
0.27835
0.277409
0.276503
0.275634
0.274802
0.27401
0.273258
0.272548
0.27188
0.271255
0.270673
0.270134
0.26964
0.269189
0.268781
0.268417
0.268096
0.267817
0.26758
0.267384
0.267229
0.267113
0.267035
0.266995
0.266992
0.267023
0.267089
0.267188
0.267319
0.267479
0.267669
0.267887
0.268131
0.2684
0.268693
0.269008
0.269345
0.269701
0.270075
0.270466
0.270873
0.271294
0.271728
0.272173
0.272628
0.273093
0.273564
0.274042
0.274525
0.275011
0.275499
0.275988
0.276477
0.276964
0.277447
0.277927
0.278401
0.278869
0.279328
0.279779
0.280219
0.280648
0.281065
0.281469
0.281859
0.282234
0.282593
0.282936
0.283261
0.283569
0.283859
0.28413
0.284382
0.284615
0.284828
0.285022
0.285197
0.285352
0.285488
0.285606
0.285705
0.285787
0.285851
0.285899
0.285931
0.285948
0.285951
0.285942
0.28592
0.285888
0.285847
0.285797
0.285741
0.285679
0.285613
0.285544
0.285473
0.285403
0.285334
0.285267
0.285205
0.285148
0.285097
0.285054
0.285019
0.284995
0.284981
0.284978
0.284988
0.285011
0.285047
0.285097
0.285161
0.285239
0.285332
0.285439
0.28556
0.285695
0.285843
0.286004
0.286178
0.286362
0.286558
0.286762
0.286976
0.287197
0.287423
0.287655
0.28789
0.288128
0.288366
0.288603
0.288837
0.289068
0.289293
0.289512
0.289721
0.289921
0.290109
0.290284
0.290444
0.290588
0.290714
0.290822
0.29091
0.290977
0.291021
0.291042
0.291039
0.29101
0.290955
0.290873
0.290764
0.290626
0.29046
0.290265
0.29004
0.289785
0.289501
0.289187
0.288843
0.28847
0.288067
0.287635
0.287175
0.286686
0.286169
0.285626
0.285056
0.28446
0.28384
0.283196
0.28253
0.281842
0.281134
0.280407
0.279662
0.278901
0.278125
0.277336
0.276535
0.275724
0.274905
0.274079
0.273248
0.272415
0.271581
0.270747
0.269917
0.269093
0.268275
0.267467
0.266671
0.265888
0.265122
0.264373
0.263646
0.262941
0.262261
0.261608
0.260985
0.260393
0.259835
0.259313
0.258829
0.258384
0.257982
0.257623
0.25731
0.257044
0.256826
0.256658
0.256542
0.256478
0.256467
0.256511
0.25661
0.256765
0.256975
0.257242
0.257565
0.257944
0.258379
0.258869
0.259414
0.260013
0.260664
0.261367
0.26212
0.262922
0.263771
0.264665
0.265603
0.266582
0.267599
0.268654
0.269743
0.270863
0.272013
0.27319
0.274391
0.275612
0.276852
0.278108
0.279376
0.280654
0.281939
0.283228
0.284519
0.285807
0.287092
0.288369
0.289636
0.290891
0.29213
0.293352
0.294554
0.295733
0.296886
0.298012
0.299109
0.300174
0.301205
0.3022
0.303158
0.304076
0.304953
0.305787
0.306577
0.307321
0.308018
0.308666
0.309265
0.309813
0.310309
0.310753
0.311144
0.31148
0.311762
0.311989
0.31216
0.312275
0.312334
0.312337
0.312284
0.312174
0.312008
0.311787
0.311509
0.311177
0.31079
0.310349
0.309855
0.309308
0.308709
0.30806
0.307361
0.306614
0.30582
0.30498
0.304095
0.303168
0.302199
0.301191
0.300144
0.299062
0.297946
0.296797
0.295619
0.294412
0.29318
0.291924
0.290648
0.289352
0.28804
0.286715
0.285378
0.284032
0.282681
0.281326
0.27997
0.278616
0.277267
0.275926
0.274595
0.273276
0.271973
0.270689
0.269426
0.268186
0.266973
0.265788
0.264635
0.263516
0.262432
0.261388
0.260383
0.259422
0.258505
0.257634
0.256812
0.256039
0.255317
0.254649
0.254033
0.253473
0.252968
0.252519
0.252127
0.251792
0.251515
0.251294
0.251131
0.251024
0.250974
0.25098
0.25104
0.251155
0.251322
0.251541
0.251811
0.252129
0.252495
0.252906
0.253361
0.253858
0.254396
0.254971
0.255582
0.256227
0.256904
0.25761
0.258344
0.259102
0.259883
0.260684
0.261504
0.262339
0.263188
0.264048
0.264917
0.265794
0.266674
0.267558
0.268442
0.269324
0.270202
0.271075
0.271941
0.272797
0.273641
0.274473
0.275291
0.276091
0.276874
0.277638
0.27838
0.279101
0.279797
0.280469
0.281114
0.281732
0.282321
0.282881
0.283411
0.283909
0.284374
0.284807
0.285206
0.285571
0.2859
0.286194
0.286452
0.286674
0.286859
0.287007
0.287118
0.287192
0.287229
0.287228
0.287191
0.287117
0.287006
0.286859
0.286676
0.286458
0.286204
0.285917
0.285597
0.285243
0.284858
0.284442
0.283996
0.283522
0.28302
0.282491
0.281937
0.281359
0.280759
0.280138
0.279497
0.278839
0.278164
0.277475
0.276772
0.276059
0.275336
0.274606
0.27387
0.273131
0.272389
0.271648
0.270908
0.270173
0.269443
0.268721
0.268009
0.267308
0.266621
0.265949
0.265295
0.264659
0.264043
0.26345
0.262881
0.262337
0.26182
0.261332
0.260873
0.260445
0.260049
0.259686
0.259357
0.259064
0.258806
0.258585
0.2584
0.258254
0.258145
0.258074
0.258042
0.258048
0.258093
0.258176
0.258296
0.258455
0.25865
0.258882
0.25915
0.259454
0.259792
0.260163
0.260567
0.261002
0.261468
0.261963
0.262486
0.263036
0.263611
0.264211
0.264832
0.265475
0.266138
0.266819
0.267516
0.268229
0.268955
0.269693
0.270441
0.271198
0.271962
0.272732
0.273506
0.274282
0.27506
0.275837
0.276612
0.277383
0.27815
0.278911
0.279663
0.280407
0.28114
0.281862
0.282572
0.283267
0.283947
0.284611
0.285258
0.285887
0.286496
0.287086
0.287655
0.288202
0.288727
0.289229
0.289707
0.290161
0.290591
0.290995
0.291374
0.291727
0.292054
0.292355
0.292629
0.292877
0.293098
0.293292
0.29346
0.293602
0.293718
0.293807
0.293871
0.29391
0.293924
0.293913
0.293878
0.29382
0.29374
0.293636
0.293512
0.293366
0.293201
0.293016
0.292812
0.292591
0.292353
0.292099
0.29183
0.291547
0.291251
0.290942
0.290622
0.290292
0.289952
0.289604
0.289249
0.288887
0.288519
0.288147
0.287772
0.287393
0.287013
0.286632
0.286251
0.285871
0.285492
0.285116
0.284743
0.284373
0.284009
0.283649
0.283295
0.282948
0.282607
0.282274
0.281949
0.281632
0.281324
0.281025
0.280735
0.280455
0.280184
0.279923
0.279672
0.279431
0.2792
0.278979
0.278768
0.278566
0.278374
0.278192
0.278018
0.277854
0.277697
0.27755
0.277409
0.277277
0.277151
0.277031
0.276918
0.276809
0.276706
0.276607
0.276512
0.276419
0.276329
0.276241
0.276155
0.276068
0.275982
0.275895
0.275807
0.275716
0.275624
0.275528
0.275428
0.275324
0.275215
0.275101
0.274981
0.274855
0.274722
0.274581
0.274434
0.274278
0.274115
0.273943
0.273762
0.273573
0.273375
0.273169
0.272953
0.272728
0.272495
0.272253
0.272003
0.271744
0.271478
0.271204
0.270922
0.270634
0.27034
0.27004
0.269735
0.269425
0.269112
0.268795
0.268475
0.268154
0.267833
0.26751
0.267189
0.266869
0.266552
0.266238
0.265929
0.265624
0.265326
0.265035
0.264751
0.264477
0.264212
0.263958
0.263715
0.263485
0.263267
0.263063
0.262874
0.2627
0.262543
0.262401
0.262277
0.26217
0.262082
0.262012
0.261961
0.261929
0.261916
0.261924
0.261951
0.261998
0.262065
0.262151
0.262258
0.262385
0.262531
0.262696
0.26288
0.263083
0.263304
0.263544
0.2638
0.264073
0.264363
0.264668
0.264989
0.265324
0.265672
0.266034
0.266408
0.266793
0.267189
0.267595
0.26801
0.268434
0.268864
0.269302
0.269745
0.270194
0.270646
0.271102
0.27156
0.27202
0.272481
0.272942
0.273402
0.273861
0.274318
0.274771
0.275221
0.275667
0.275425
0.275805
0.27616
0.27649
0.2768
0.277091
0.277368
0.277631
0.277883
0.278123
0.278353
0.278573
0.278782
0.278979
0.279166
0.279339
0.2795
0.279648
0.279782
0.279904
0.280013
0.28011
0.280196
0.28027
0.280333
0.280385
0.280427
0.280459
0.28048
0.280491
0.280493
0.280486
0.28047
0.280447
0.280416
0.280378
0.280334
0.280285
0.280231
0.280173
0.280111
0.280046
0.279979
0.27991
0.27984
0.27977
0.279701
0.279632
0.279565
0.2795
0.279437
0.279378
0.279323
0.279272
0.279226
0.279185
0.279149
0.279119
0.279095
0.279078
0.279067
0.279063
0.279066
0.279076
0.279093
0.279116
0.279147
0.279184
0.279228
0.279278
0.279334
0.279396
0.279463
0.279535
0.279612
0.279694
0.279779
0.279867
0.279958
0.280051
0.280145
0.28024
0.280336
0.280431
0.280525
0.280617
0.280707
0.280793
0.280875
0.280952
0.281024
0.281089
0.281147
0.281197
0.281238
0.28127
0.281291
0.281301
0.2813
0.281286
0.281259
0.281218
0.281162
0.281091
0.281005
0.280902
0.280783
0.280646
0.280491
0.280318
0.280127
0.279917
0.279687
0.279438
0.279168
0.278879
0.27857
0.27824
0.27789
0.277519
0.277127
0.276715
0.276283
0.27583
0.275357
0.274864
0.274352
0.27382
0.273268
0.272698
0.27211
0.271504
0.270881
0.270241
0.269584
0.268913
0.268227
0.267526
0.266813
0.266088
0.265351
0.264604
0.263847
0.263083
0.262311
0.261533
0.26075
0.259964
0.259175
0.258385
0.257596
0.256808
0.256023
0.255243
0.254469
0.253702
0.252944
0.252196
0.25146
0.250738
0.25003
0.249339
0.248666
0.248012
0.247379
0.246768
0.24618
0.245618
0.245081
0.244572
0.244092
0.243641
0.243222
0.242834
0.242479
0.242157
0.24187
0.241618
0.241401
0.24122
0.241076
0.240969
0.240898
0.240864
0.240867
0.240907
0.240983
0.241096
0.241244
0.241427
0.241645
0.241896
0.242181
0.242497
0.242844
0.243221
0.243626
0.244059
0.244517
0.245001
0.245507
0.246035
0.246582
0.247148
0.247731
0.248329
0.24894
0.249562
0.250194
0.250835
0.251481
0.252132
0.252785
0.253439
0.254092
0.254742
0.255387
0.256027
0.256658
0.257279
0.25789
0.258487
0.259069
0.259636
0.260185
0.260715
0.261224
0.261711
0.262175
0.262615
0.263029
0.263416
0.263775
0.264105
0.264405
0.264674
0.264911
0.265116
0.265287
0.265424
0.265527
0.265594
0.265625
0.26562
0.265579
0.265501
0.265386
0.265234
0.265044
0.264817
0.264553
0.264252
0.263915
0.26354
0.26313
0.262683
0.262202
0.261685
0.261135
0.260551
0.259935
0.259287
0.258608
0.2579
0.257163
0.256398
0.255607
0.254791
0.253952
0.253091
0.252208
0.251307
0.250389
0.249454
0.248506
0.247545
0.246575
0.245596
0.24461
0.243621
0.242629
0.241637
0.240647
0.239661
0.238682
0.237711
0.236751
0.235805
0.234874
0.233961
0.233068
0.232197
0.231351
0.230532
0.229741
0.228982
0.228256
0.227564
0.226911
0.226296
0.225721
0.22519
0.224702
0.224261
0.223866
0.22352
0.223223
0.222977
0.222782
0.222639
0.222549
0.222513
0.22253
0.222601
0.222726
0.222905
0.223137
0.223423
0.223761
0.224151
0.224592
0.225083
0.225623
0.226212
0.226847
0.227527
0.228251
0.229018
0.229824
0.23067
0.231553
0.23247
0.233421
0.234403
0.235414
0.236452
0.237515
0.238601
0.239707
0.240833
0.241974
0.24313
0.244298
0.245477
0.246663
0.247855
0.249051
0.250248
0.251446
0.252641
0.253833
0.255018
0.256195
0.257363
0.258519
0.259663
0.260791
0.261903
0.262997
0.264071
0.265125
0.266156
0.267163
0.268145
0.269101
0.270029
0.270928
0.271797
0.272636
0.273442
0.274216
0.274956
0.275661
0.276331
0.276965
0.277561
0.27812
0.278642
0.279124
0.279567
0.279971
0.280335
0.280658
0.280941
0.281182
0.281383
0.281542
0.28166
0.281736
0.28177
0.281763
0.281715
0.281625
0.281493
0.28132
0.281107
0.280852
0.280557
0.280221
0.279845
0.27943
0.278976
0.278483
0.277951
0.277382
0.276775
0.276131
0.275451
0.274736
0.273985
0.2732
0.272381
0.271529
0.270645
0.269729
0.268782
0.267805
0.266799
0.265765
0.264703
0.263614
0.2625
0.261361
0.260199
0.259013
0.257806
0.256577
0.25533
0.254063
0.252779
0.251479
0.250163
0.248834
0.247491
0.246137
0.244773
0.2434
0.242019
0.240632
0.23924
0.237844
0.236447
0.235049
0.233652
0.232257
0.230867
0.229482
0.228104
0.226735
0.225377
0.224031
0.222699
0.221383
0.220083
0.218803
0.217544
0.216308
0.215095
0.213909
0.212751
0.211623
0.210526
0.209462
0.208432
0.20744
0.206485
0.20557
0.204696
0.203866
0.203079
0.202338
0.201643
0.200997
0.2004
0.199854
0.199358
0.198915
0.198525
0.198189
0.197907
0.197679
0.197507
0.19739
0.197328
0.197321
0.19737
0.197474
0.197632
0.197845
0.198111
0.198429
0.1988
0.199222
0.199694
0.200214
0.200782
0.201397
0.202056
0.202759
0.203504
0.204289
0.205113
0.205974
0.20687
0.207799
0.20876
0.20975
0.210768
0.211811
0.212879
0.213968
0.215077
0.216204
0.217347
0.218504
0.219673
0.220852
0.222039
0.223233
0.22443
0.225631
0.226831
0.228031
0.229228
0.230419
0.231604
0.232781
0.233948
0.235104
0.236246
0.237374
0.238485
0.239579
0.240653
0.241707
0.242739
0.243748
0.244731
0.24569
0.246621
0.247523
0.248397
0.24924
0.250051
0.25083
0.251576
0.252288
0.252964
0.253604
0.254208
0.254774
0.255303
0.255792
0.256243
0.256654
0.257024
0.257354
0.257643
0.257891
0.258097
0.258262
0.258385
0.258466
0.258504
0.258501
0.258456
0.25837
0.258241
0.258071
0.25786
0.257609
0.257317
0.256985
0.256614
0.256204
0.255756
0.25527
0.254747
0.254189
0.253595
0.252967
0.252306
0.251612
0.250888
0.250133
0.24935
0.248538
0.247701
0.246838
0.245952
0.245044
0.244115
0.243167
0.242201
0.241219
0.240223
0.239215
0.238196
0.237168
0.236133
0.235093
0.23405
0.233005
0.231961
0.23092
0.229884
0.228854
0.227833
0.226824
0.225827
0.224845
0.223881
0.222935
0.222012
0.221111
0.220236
0.219388
0.21857
0.217783
0.217029
0.21631
0.215627
0.214983
0.21438
0.213817
0.213298
0.212822
0.212393
0.21201
0.211675
0.211389
0.211152
0.210965
0.210829
0.210745
0.210712
0.21073
0.210801
0.210923
0.211096
0.211321
0.211596
0.211921
0.212295
0.212718
0.213188
0.213704
0.214265
0.214871
0.215518
0.216207
0.216935
0.2177
0.218501
0.219337
0.220204
0.221102
0.222029
0.222981
0.223958
0.224957
0.225975
0.227012
0.228065
0.229131
0.230208
0.231295
0.232388
0.233487
0.234588
0.23569
0.236791
0.237888
0.238979
0.240063
0.241137
0.242199
0.243248
0.244281
0.245297
0.246294
0.24727
0.248223
0.249151
0.250054
0.250929
0.251775
0.25259
0.253373
0.254122
0.254837
0.255515
0.256155
0.256757
0.257319
0.25784
0.258319
0.258755
0.259146
0.259493
0.259794
0.260049
0.260256
0.260416
0.260526
0.260588
0.2606
0.260562
0.260473
0.260333
0.260142
0.2599
0.259606
0.25926
0.258862
0.258413
0.257911
0.257358
0.256754
0.256097
0.25539
0.254632
0.253824
0.252966
0.252058
0.251101
0.250096
0.249044
0.247944
0.246799
0.245609
0.244374
0.243096
0.241776
0.240415
0.239014
0.237575
0.236098
0.234586
0.233039
0.231459
0.229849
0.228209
0.226541
0.224848
0.22313
0.221391
0.219631
0.217854
0.216062
0.214256
0.212439
0.210614
0.208783
0.206949
0.205114
0.203282
0.201455
0.199635
0.197826
0.196032
0.194254
0.192497
0.190763
0.189055
0.187378
0.185733
0.184126
0.182558
0.181034
0.179556
0.178128
0.176753
0.175435
0.174177
0.172981
0.171851
0.17079
0.1698
0.168883
0.168043
0.167282
0.166601
0.166002
0.165487
0.165057
0.164713
0.164456
0.164286
0.164204
0.164209
0.164302
0.164481
0.164745
0.165094
0.165526
0.166039
0.166631
0.1673
0.168044
0.168861
0.169746
0.170699
0.171715
0.172792
0.173926
0.175115
0.176354
0.177641
0.178972
0.180343
0.181752
0.183195
0.184669
0.18617
0.187695
0.18924
0.190803
0.19238
0.193969
0.195566
0.197168
0.198773
0.200378
0.20198
0.203576
0.205165
0.206742
0.208307
0.209857
0.21139
0.212903
0.214395
0.215863
0.217307
0.218723
0.220111
0.221469
0.222795
0.224087
0.225346
0.226568
0.227753
0.228901
0.230009
0.231076
0.232103
0.233088
0.23403
0.234928
0.235783
0.236592
0.237357
0.238076
0.238749
0.239376
0.239957
0.240491
0.240978
0.241419
0.241812
0.242159
0.24246
0.242714
0.242922
0.243084
0.243201
0.243273
0.2433
0.243283
0.243223
0.24312
0.242975
0.242789
0.242562
0.242295
0.241989
0.241646
0.241265
0.240848
0.240397
0.239911
0.239393
0.238843
0.238263
0.237653
0.237016
0.236352
0.235662
0.234949
0.234213
0.233456
0.232679
0.231884
0.231072
0.230244
0.229402
0.228548
0.227683
0.226809
0.225926
0.225037
0.224143
0.223246
0.222346
0.221446
0.220547
0.219651
0.218758
0.21787
0.21699
0.216117
0.215254
0.214401
0.21356
0.212733
0.21192
0.211122
0.210341
0.209577
0.208833
0.208108
0.207403
0.20672
0.206059
0.205421
0.204806
0.204216
0.20365
0.203109
0.202594
0.202105
0.201642
0.201205
0.200795
0.200412
0.200055
0.199725
0.199422
0.199145
0.198894
0.198669
0.198469
0.198295
0.198146
0.198021
0.197919
0.197841
0.197786
0.197753
0.197741
0.19775
0.197779
0.197827
0.197893
0.197978
0.198079
0.198197
0.19833
0.198478
0.198639
0.198813
0.199
0.199198
0.199406
0.199624
0.199851
0.200087
0.200329
0.200579
0.200834
0.201095
0.201361
0.20163
0.201903
0.202179
0.202457
0.202736
0.203016
0.203297
0.203578
0.203858
0.204138
0.204416
0.204693
0.204967
0.205239
0.205508
0.205774
0.206037
0.206296
0.206552
0.206803
0.20705
0.207292
0.20753
0.207763
0.207991
0.208214
0.208432
0.208645
0.208852
0.209054
0.20925
0.209441
0.209626
0.209805
0.209979
0.210147
0.21031
0.210466
0.210617
0.210762
0.210901
0.211034
0.211161
0.211282
0.211397
0.211506
0.211609
0.211706
0.211796
0.21188
0.211958
0.212029
0.212094
0.212152
0.212203
0.212247
0.212285
0.212315
0.212338
0.212353
0.212361
0.212361
0.212354
0.212338
0.212315
0.212283
0.212242
0.212193
0.212134
0.212067
0.211991
0.211905
0.211809
0.211704
0.211589
0.211463
0.211328
0.211181
0.211025
0.210857
0.210679
0.210489
0.210289
0.210077
0.209854
0.209619
0.209374
0.209116
0.208847
0.208567
0.208275
0.207972
0.207657
0.207331
0.206994
0.206646
0.206287
0.205917
0.205537
0.205146
0.204746
0.204336
0.203917
0.203488
0.203051
0.202606
0.202154
0.201694
0.201227
0.200755
0.200277
0.199793
0.199306
0.198815
0.198321
0.197825
0.197328
0.19683
0.196332
0.195835
0.19534
0.194848
0.194359
0.193875
0.193397
0.192925
0.19246
0.192004
0.191557
0.19112
0.190695
0.190281
0.189882
0.189496
0.189125
0.188771
0.188433
0.188114
0.187813
0.187531
0.18727
0.187031
0.186813
0.186617
0.186445
0.186297
0.186173
0.186074
0.186001
0.185953
0.185931
0.185936
0.185966
0.186024
0.186108
0.186219
0.186357
0.186521
0.186711
0.186927
0.187169
0.187436
0.187728
0.188044
0.188384
0.188747
0.189132
0.189538
0.189965
0.190412
0.190878
0.191361
0.191862
0.192378
0.192909
0.193454
0.194011
0.19458
0.195158
0.195746
0.196341
0.196943
0.19755
0.198161
0.198775
0.19939
0.200006
0.20062
0.201233
0.201842
0.202446
0.203045
0.203637
0.20422
0.204795
0.205359
0.205912
0.206453
0.20698
0.207493
0.207991
0.208472
0.208937
0.209384
0.209812
0.210221
0.21061
0.210979
0.211326
0.211651
0.211954
0.212235
0.212492
0.212725
0.212935
0.21312
0.213281
0.213417
0.213528
0.213615
0.213676
0.213712
0.213724
0.21371
0.213672
0.213609
0.213522
0.21341
0.213275
0.213116
0.212934
0.21273
0.212503
0.212254
0.211984
0.211693
0.211383
0.211053
0.210704
0.210337
0.209953
0.209552
0.209136
0.208704
0.208259
0.2078
0.207329
0.206846
0.206353
0.20585
0.205339
0.20482
0.204294
0.203762
0.203225
0.202685
0.202141
0.201595
0.201049
0.200502
0.199956
0.199412
0.198871
0.198333
0.197799
0.197271
0.196749
0.196233
0.195726
0.195226
0.194736
0.194255
0.193784
0.193325
0.192876
0.19244
0.192016
0.191605
0.191206
0.190822
0.190451
0.190093
0.18975
0.189421
0.189107
0.188807
0.188521
0.188249
0.187992
0.187749
0.187519
0.187304
0.187101
0.186912
0.186736
0.186572
0.18642
0.18628
0.186152
0.186034
0.185926
0.185828
0.18574
0.18566
0.185589
0.185525
0.185469
0.185419
0.185375
0.185337
0.185305
0.185276
0.185252
0.185232
0.185215
0.1852
0.185187
0.185177
0.185168
0.18516
0.185153
0.185146
0.18514
0.185133
0.185126
0.185119
0.185112
0.185103
0.185094
0.185084
0.185074
0.185062
0.18505
0.185037
0.185024
0.185011
0.184997
0.184984
0.184971
0.184959
0.184948
0.184939
0.184931
0.184925
0.184922
0.184922
0.184926
0.184934
0.184946
0.184963
0.184986
0.185014
0.18505
0.185092
0.185143
0.185201
0.185268
0.185345
0.185431
0.185527
0.185634
0.185752
0.185882
0.186024
0.186178
0.186344
0.186524
0.186717
0.186923
0.187143
0.187377
0.187625
0.187887
0.188163
0.188454
0.188758
0.189076
0.189408
0.189753
0.190112
0.190483
0.190868
0.191264
0.191672
0.192091
0.192521
0.192962
0.193411
0.19387
0.194336
0.19481
0.195291
0.195777
0.196268
0.196763
0.197261
0.197762
0.198263
0.198765
0.199265
0.199764
0.20026
0.200752
0.201239
0.20172
0.202193
0.202658
0.203114
0.20356
0.203994
0.204415
0.204823
0.205216
0.205594
0.205955
0.206298
0.206622
0.206927
0.207211
0.207473
0.207713
0.20793
0.208122
0.20829
0.208432
0.208547
0.208636
0.208696
0.208728
0.208731
0.208705
0.208648
0.20856
0.208442
0.208292
0.20811
0.207896
0.20765
0.207371
0.207059
0.206714
0.206337
0.205926
0.205483
0.205006
0.204497
0.203955
0.203381
0.202775
0.202137
0.201467
0.200767
0.200036
0.199275
0.198485
0.197667
0.19682
0.195946
0.195046
0.19412
0.19317
0.192196
0.1912
0.190182
0.189143
0.188086
0.187011
0.185919
0.184812
0.183691
0.182559
0.181415
0.180262
0.179102
0.177935
0.176765
0.175592
0.174419
0.173247
0.172078
0.170915
0.169758
0.168611
0.167475
0.166352
0.165244
0.164154
0.163084
0.162035
0.16101
0.16001
0.159039
0.158097
0.157188
0.156312
0.155473
0.154671
0.15391
0.153189
0.152512
0.15188
0.151294
0.150756
0.150267
0.149828
0.14944
0.149105
0.148823
0.148594
0.14842
0.1483
0.148234
0.148224
0.148268
0.148367
0.14852
0.148726
0.148985
0.149296
0.149658
0.15007
0.15053
0.151039
0.151593
0.152191
0.152833
0.153515
0.154237
0.154997
0.155792
0.156621
0.157482
0.158373
0.159292
0.160237
0.161205
0.162196
0.163206
0.164234
0.165278
0.166336
0.167406
0.168486
0.169574
0.170668
0.171767
0.172868
0.173971
0.175072
0.176172
0.177267
0.178357
0.17944
0.180514
0.181578
0.182632
0.183672
0.184699
0.185711
0.186707
0.187685
0.188645
0.189586
0.190507
0.191406
0.192283
0.193137
0.193968
0.194774
0.195555
0.19631
0.197039
0.197741
0.198415
0.199061
0.199679
0.200269
0.200829
0.201359
0.20186
0.202331
0.202771
0.203181
0.203561
0.203909
0.204227
0.204514
0.20477
0.204996
0.20519
0.205354
0.205487
0.205589
0.205661
0.205703
0.205715
0.205696
0.205649
0.205572
0.205466
0.205331
0.205168
0.204977
0.204759
0.204513
0.204241
0.203942
0.203618
0.203268
0.202893
0.202495
0.202072
0.201626
0.201158
0.200667
0.200156
0.199623
0.19907
0.198498
0.197907
0.197299
0.196672
0.196029
0.19537
0.194696
0.194008
0.193306
0.192591
0.191864
0.191126
0.190378
0.18962
0.188854
0.18808
0.187298
0.186511
0.185719
0.184922
0.184123
0.183321
0.182517
0.181713
0.18091
0.180108
0.179308
0.178512
0.17772
0.176934
0.176154
0.175381
0.174617
0.173862
0.173117
0.172384
0.171662
0.170955
0.170261
0.169582
0.16892
0.168275
0.167647
0.167039
0.16645
0.165882
0.165336
0.164812
0.164311
0.163834
0.163381
0.162954
0.162553
0.162178
0.161831
0.161512
0.161221
0.160959
0.160726
0.160522
0.160349
0.160206
0.160093
0.160011
0.159959
0.159939
0.159949
0.15999
0.160062
0.160165
0.160297
0.16046
0.160653
0.160875
0.161126
0.161406
0.161713
0.162048
0.16241
0.162798
0.163211
0.163649
0.164111
0.164596
0.165103
0.165631
0.16618
0.166748
0.167335
0.167938
0.168559
0.169194
0.169844
0.170507
0.171181
0.171867
0.172562
0.173266
0.173977
0.174695
0.175417
0.176143
0.176873
0.177603
0.178334
0.179065
0.179793
0.180518
0.181239
0.181955
0.182664
0.183365
0.184058
0.184741
0.185413
0.186073
0.18672
0.187353
0.187971
0.188572
0.189157
0.189724
0.190271
0.190799
0.191306
0.191791
0.192254
0.192694
0.193109
0.193499
0.193864
0.194202
0.194513
0.194796
0.195051
0.195276
0.195472
0.195638
0.195772
0.195876
0.195947
0.195987
0.195993
0.195967
0.195907
0.195814
0.195686
0.195525
0.195328
0.195098
0.194832
0.194532
0.194197
0.193826
0.193421
0.192982
0.192507
0.191998
0.191454
0.190876
0.190265
0.189619
0.188941
0.18823
0.187486
0.186711
0.185905
0.185068
0.1842
0.183304
0.18238
0.181427
0.180448
0.179443
0.178414
0.177361
0.176285
0.175187
0.17407
0.172934
0.17178
0.170611
0.169426
0.168229
0.167021
0.165803
0.164578
0.163346
0.16211
0.160873
0.159635
0.1584
0.157169
0.155944
0.154729
0.153525
0.152334
0.15116
0.150004
0.148869
0.147759
0.146674
0.145619
0.144596
0.143607
0.142656
0.141744
0.140874
0.140049
0.139272
0.138545
0.13787
0.137249
0.136685
0.13618
0.135736
0.135354
0.135035
0.134782
0.134596
0.134477
0.134427
0.134445
0.134532
0.134689
0.134915
0.13521
0.135574
0.136005
0.136503
0.137066
0.137693
0.138383
0.139134
0.139944
0.140811
0.141733
0.142707
0.143731
0.144804
0.145921
0.147081
0.148281
0.149519
0.150791
0.152094
0.153427
0.154786
0.156169
0.157573
0.158995
0.160433
0.161884
0.163345
0.164814
0.166289
0.167766
0.169244
0.17072
0.172193
0.173659
0.175117
0.176564
0.177999
0.179419
0.180823
0.182209
0.183575
0.184919
0.186239
0.187535
0.188804
0.190045
0.191257
0.192438
0.193587
0.194702
0.195783
0.196828
0.197837
0.198808
0.19974
0.200632
0.201484
0.202295
0.203064
0.20379
0.204472
0.205111
0.205706
0.206255
0.20676
0.207218
0.207631
0.207997
0.208317
0.20859
0.208817
0.208996
0.209129
0.209215
0.209254
0.209246
0.209192
0.209092
0.208946
0.208754
0.208517
0.208236
0.207909
0.207539
0.207126
0.20667
0.206172
0.205632
0.205052
0.204432
0.203773
0.203076
0.202342
0.201571
0.200766
0.199926
0.199053
0.198148
0.197212
0.196246
0.195253
0.194232
0.193186
0.192116
0.191022
0.189908
0.188773
0.18762
0.186451
0.185266
0.184068
0.182858
0.181637
0.180409
0.179173
0.177933
0.17669
0.175446
0.174202
0.172961
0.171724
0.170494
0.169271
0.168059
0.166859
0.165672
0.164502
0.163349
0.162215
0.161103
0.160015
0.158951
0.157914
0.156905
0.155926
0.154979
0.154065
0.153186
0.152343
0.151537
0.15077
0.150043
0.149356
0.148711
0.148109
0.147549
0.147034
0.146563
0.146136
0.145755
0.145418
0.145127
0.14488
0.144678
0.144521
0.144407
0.144336
0.144308
0.144321
0.144375
0.144469
0.144602
0.144771
0.144977
0.145217
0.145491
0.145796
0.146132
0.146497
0.146888
0.147305
0.147745
0.148208
0.148691
0.149192
0.149711
0.150245
0.150792
0.151351
0.15192
0.152497
0.153082
0.153672
0.154265
0.154861
0.155458
0.156054
0.156647
0.157238
0.157823
0.158402
0.158974
0.159538
0.160092
0.160635
0.161167
0.161686
0.162191
0.162682
0.163157
0.163616
0.164058
0.164483
0.164889
0.165276
0.165644
0.165992
0.166319
0.166626
0.166911
0.167175
0.167417
0.167636
0.167834
0.168009
0.168161
0.168291
0.168397
0.168481
0.168542
0.168581
0.168596
0.16859
0.168561
0.168509
0.168436
0.168341
0.168225
0.168087
0.167929
0.167751
0.167552
0.167334
0.167097
0.166841
0.166567
0.166275
0.165967
0.165642
0.165301
0.164945
0.164574
0.164189
0.163791
0.16338
0.162958
0.162524
0.16208
0.161626
0.161163
0.160691
0.160213
0.159728
0.159237
0.158741
0.158241
0.157737
0.157231
0.156724
0.156215
0.155707
0.155199
0.154693
0.15419
0.15369
0.153194
0.152704
0.152219
0.151741
0.15127
0.150808
0.150355
0.149911
0.149479
0.149057
0.148648
0.148252
0.147869
0.147501
0.147147
0.146809
0.146487
0.146182
0.145894
0.145623
0.145371
0.145138
0.144924
0.14473
0.144555
0.144401
0.144268
0.144155
0.144063
0.143993
0.143945
0.143918
0.143913
0.143929
0.143968
0.144028
0.14411
0.144214
0.14434
0.144486
0.144655
0.144844
0.145054
0.145285
0.145535
0.145806
0.146096
0.146406
0.146734
0.14708
0.147444
0.147826
0.148224
0.148638
0.149069
0.149514
0.149974
0.150448
0.150935
0.151435
0.151946
0.15247
0.153004
0.153548
0.154101
0.154664
0.155234
0.155811
0.156395
0.156985
0.157581
0.15818
0.158784
0.159391
0.16
0.16061
0.161222
0.161834
0.162445
0.163056
0.163665
0.164271
0.164874
0.165473
0.166068
0.166658
0.167242
0.16782
0.168391
0.168954
0.169509
0.170055
0.170592
0.171118
0.171635
0.17214
0.172634
0.173115
0.173584
0.17404
0.174482
0.17491
0.175323
0.175722
0.176105
0.176472
0.176823
0.177157
0.177475
0.177775
0.178057
0.178321
0.178567
0.178795
0.179003
0.179193
0.179363
0.179513
0.179644
0.179755
0.179846
0.179916
0.179967
0.179996
0.180006
0.179994
0.179962
0.179909
0.179836
0.179742
0.179627
0.179492
0.179336
0.17916
0.178963
0.178746
0.17851
0.178253
0.177977
0.177682
0.177368
0.177034
0.176682
0.176312
0.175924
0.175518
0.175095
0.174656
0.174199
0.173727
0.173239
0.172737
0.172219
0.171688
0.171143
0.170584
0.170014
0.169431
0.168837
0.168233
0.167618
0.166994
0.166361
0.16572
0.165072
0.164417
0.163755
0.163089
0.162417
0.161742
0.161063
0.160382
0.1597
0.159016
0.158332
0.157648
0.156966
0.156286
0.155608
0.154934
0.154264
0.153599
0.152939
0.152286
0.15164
0.151002
0.150372
0.14975
0.149139
0.148537
0.147947
0.147368
0.1468
0.146245
0.145703
0.145174
0.144659
0.144158
0.143672
0.1432
0.142744
0.142303
0.141877
0.141468
0.141074
0.140696
0.140335
0.139989
0.13966
0.139347
0.139051
0.13877
0.138505
0.138256
0.138022
0.137804
0.137601
0.137412
0.137238
0.137078
0.136932
0.136799
0.136679
0.136572
0.136477
0.136393
0.13632
0.136259
0.136207
0.136165
0.136132
0.136108
0.136092
0.136084
0.136083
0.136088
0.1361
0.136117
0.13614
0.136167
0.136198
0.136234
0.136272
0.136314
0.136358
0.136405
0.136453
0.136503
0.136554
0.136606
0.136658
0.136712
0.136765
0.136818
0.136871
0.136924
0.136977
0.137029
0.137081
0.137132
0.137183
0.137233
0.137283
0.137332
0.137381
0.13743
0.137479
0.137529
0.137578
0.137629
0.13768
0.137733
0.137787
0.137843
0.137901
0.137962
0.138025
0.138092
0.138162
0.138236
0.138315
0.138399
0.138488
0.138583
0.138684
0.138791
0.138906
0.139028
0.139158
0.139296
0.139443
0.1396
0.139766
0.139942
0.140128
0.140325
0.140533
0.140753
0.140984
0.141227
0.141483
0.141751
0.142031
0.142325
0.142631
0.142951
0.143284
0.143631
0.143991
0.144364
0.14475
0.14515
0.145563
0.145989
0.146428
0.14688
0.147345
0.147821
0.14831
0.14881
0.149322
0.149845
0.150378
0.150922
0.151475
0.152037
0.152609
0.153188
0.153775
0.15437
0.154971
0.155577
0.15619
0.156807
0.157428
0.158052
0.15868
0.159309
0.15994
0.160572
0.161204
0.161835
0.162465
0.163093
0.163718
0.16434
0.164957
0.16557
0.166178
0.166779
0.167374
0.167961
0.168539
0.16911
0.16967
0.170221
0.170761
0.17129
0.171806
0.172311
0.172802
0.17328
0.173744
0.174193
0.174627
0.175046
0.175448
0.175834
0.176203
0.176555
0.176889
0.177205
0.177502
0.177781
0.17804
0.17828
0.178501
0.178701
0.178881
0.179041
0.17918
0.179299
0.179396
0.179473
0.179528
0.179562
0.179575
0.179566
0.179536
0.179485
0.179412
0.179318
0.179202
0.179065
0.178907
0.178728
0.178528
0.178307
0.178066
0.177804
0.177522
0.177221
0.176899
0.176558
0.176198
0.175819
0.175421
0.175006
0.174572
0.174121
0.173653
0.173168
0.172668
0.172151
0.171619
0.171072
0.170511
0.169937
0.169348
0.168747
0.168134
0.16751
0.166874
0.166228
0.165571
0.164906
0.164232
0.16355
0.162861
0.162165
0.161463
0.160756
0.160044
0.159329
0.15861
0.157888
0.157165
0.156441
0.155716
0.154992
0.154269
0.153548
0.15283
0.152115
0.151404
0.150697
0.149997
0.149302
0.148615
0.147935
0.147263
0.146601
0.145949
0.145306
0.144675
0.144056
0.143449
0.142856
0.142275
0.141709
0.141158
0.140622
0.140101
0.139597
0.13911
0.13864
0.138187
0.137752
0.137335
0.136937
0.136558
0.136198
0.135858
0.135536
0.135235
0.134953
0.134691
0.134449
0.134226
0.134024
0.133841
0.133678
0.133534
0.13341
0.133305
0.133219
0.133151
0.133102
0.13307
0.133057
0.13306
0.133081
0.133117
0.13317
0.133238
0.133321
0.133419
0.13353
0.133654
0.133792
0.133941
0.134102
0.134274
0.134456
0.134647
0.134848
0.135057
0.135274
0.135498
0.135728
0.135964
0.136205
0.136451
0.136701
0.136953
0.137209
0.137466
0.137725
0.137985
0.138245
0.138505
0.138764
0.139022
0.139278
0.139531
0.139781
0.140028
0.140271
0.14051
0.140744
0.140973
0.141196
0.141414
0.141625
0.14183
0.142028
0.142219
0.142402
0.142577
0.142745
0.142904
0.143056
0.143198
0.143332
0.143457
0.143574
0.143681
0.14378
0.143869
0.143949
0.14402
0.144083
0.144136
0.14418
0.144215
0.144242
0.144259
0.144269
0.14427
0.144263
0.144247
0.144224
0.144194
0.144156
0.144112
0.14406
0.144002
0.143939
0.143869
0.143794
0.143714
0.143629
0.14354
0.143447
0.143351
0.143251
0.143149
0.143045
0.142939
0.142832
0.142725
0.142616
0.142509
0.142401
0.142295
0.142191
0.142089
0.141989
0.141893
0.1418
0.141711
0.141627
0.141548
0.141475
0.141407
0.141346
0.141292
0.141245
0.141206
0.141175
0.141153
0.141139
0.141135
0.14114
0.141156
0.141181
0.141217
0.141264
0.141322
0.141391
0.141472
0.141564
0.141668
0.141784
0.141911
0.142051
0.142203
0.142367
0.142542
0.14273
0.14293
0.143141
0.143364
0.143599
0.143845
0.144102
0.14437
0.144649
0.144938
0.145237
0.145546
0.145864
0.146192
0.146528
0.146872
0.147224
0.147583
0.14795
0.148322
0.148701
0.149085
0.149473
0.149866
0.150263
0.150663
0.151066
0.151471
0.151877
0.152284
0.152692
0.153099
0.153505
0.15391
0.154313
0.154712
0.155109
0.155502
0.15589
0.156273
0.15665
0.157021
0.157385
0.157741
0.15809
0.158429
0.15876
0.15908
0.159391
0.15969
0.159978
0.160255
0.160518
0.160769
0.161007
0.161231
0.16144
0.161634
0.161814
0.161977
0.162125
0.162256
0.162371
0.162468
0.162548
0.16261
0.162654
0.162679
0.162686
0.162674
0.162642
0.162591
0.162521
0.16243
0.162319
0.162189
0.162037
0.161866
0.161673
0.161461
0.161227
0.160972
0.160697
0.160401
0.160084
0.159746
0.159388
0.159009
0.158609
0.158189
0.157748
0.157288
0.156807
0.156307
0.155787
0.155247
0.154689
0.154112
0.153516
0.152902
0.15227
0.151621
0.150955
0.150272
0.149574
0.148859
0.148129
0.147385
0.146626
0.145854
0.145069
0.144272
0.143463
0.142643
0.141813
0.140973
0.140124
0.139267
0.138403
0.137533
0.136657
0.135776
0.134891
0.134004
0.133114
0.132224
0.131334
0.130444
0.129557
0.128674
0.127794
0.12692
0.126052
0.125192
0.124341
0.1235
0.122671
0.121853
0.12105
0.120261
0.119488
0.118733
0.117996
0.117279
0.116582
0.115908
0.115258
0.114631
0.114031
0.113457
0.112911
0.112393
0.111906
0.111449
0.111023
0.110631
0.110271
0.109945
0.109654
0.109398
0.109177
0.108993
0.108845
0.108733
0.108659
0.108621
0.10862
0.108656
0.108728
0.108837
0.108982
0.109162
0.109377
0.109627
0.109911
0.110227
0.110576
0.110957
0.111368
0.111808
0.112277
0.112774
0.113296
0.113845
0.114417
0.115012
0.115628
0.116265
0.116921
0.117595
0.118286
0.118992
0.119711
0.120444
0.121188
0.121942
0.122706
0.123476
0.124254
0.125036
0.125823
0.126613
0.127404
0.128196
0.128988
0.129778
0.130565
0.131349
0.132128
0.132901
0.133668
0.134427
0.135178
0.13592
0.136651
0.137372
0.138081
0.138777
0.139461
0.14013
0.140785
0.141425
0.142049
0.142657
0.143248
0.143821
0.144377
0.144914
0.145433
0.145932
0.146412
0.146872
0.147311
0.147731
0.148129
0.148506
0.148863
0.149198
0.149511
0.149802
0.150072
0.15032
0.150546
0.150751
0.150933
0.151093
0.151232
0.151349
0.151444
0.151518
0.151571
0.151602
0.151613
0.151603
0.151572
0.151522
0.151452
0.151362
0.151253
0.151125
0.15098
0.150816
0.150635
0.150437
0.150222
0.149992
0.149746
0.149485
0.149211
0.148922
0.148621
0.148307
0.147981
0.147645
0.147298
0.146941
0.146576
0.146202
0.145821
0.145433
0.145039
0.144639
0.144236
0.143829
0.143419
0.143007
0.142594
0.14218
0.141767
0.141355
0.140945
0.140538
0.140134
0.139735
0.139341
0.138953
0.138572
0.138198
0.137832
0.137475
0.137128
0.136791
0.136464
0.13615
0.135847
0.135557
0.13528
0.135017
0.134768
0.134533
0.134314
0.134109
0.133921
0.133749
0.133592
0.133452
0.133329
0.133223
0.133133
0.13306
0.133005
0.132966
0.132943
0.132938
0.132949
0.132976
0.13302
0.133079
0.133154
0.133244
0.13335
0.133469
0.133603
0.13375
0.13391
0.134083
0.134268
0.134465
0.134672
0.13489
0.135118
0.135354
0.1356
0.135853
0.136114
0.136381
0.136654
0.136932
0.137216
0.137503
0.137793
0.138086
0.138381
0.138678
0.138975
0.139272
0.139569
0.139865
0.140159
0.140451
0.140739
0.141025
0.141306
0.141583
0.141856
0.142122
0.142383
0.142637
0.142885
0.143125
0.143358
0.143582
0.143798
0.144006
0.144204
0.144394
0.144573
0.144743
0.144903
0.145052
0.145191
0.145319
0.145436
0.145543
0.145638
0.145722
0.145795
0.145857
0.145907
0.145946
0.145974
0.14599
0.145994
0.145988
0.14597
0.145941
0.145901
0.14585
0.145788
0.145716
0.145633
0.145539
0.145436
0.145322
0.145198
0.145065
0.144922
0.144771
0.14461
0.14444
0.144263
0.144077
0.143883
0.143681
0.143472
0.143256
0.143034
0.142804
0.142569
0.142328
0.142081
0.141829
0.141573
0.141311
0.141046
0.140776
0.140503
0.140227
0.139948
0.139666
0.139382
0.139095
0.138807
0.138518
0.138228
0.137937
0.137645
0.137354
0.137062
0.136772
0.136481
0.136192
0.135905
0.135619
0.135335
0.135053
0.134773
0.134496
0.134222
0.133952
0.133685
0.133421
0.133162
0.132906
0.132656
0.132409
0.132168
0.131931
0.1317
0.131474
0.131254
0.13104
0.130831
0.130629
0.130433
0.130243
0.13006
0.129884
0.129715
0.129553
0.129398
0.12925
0.12911
0.128977
0.128852
0.128735
0.128625
0.128524
0.12843
0.128345
0.128268
0.128199
0.128138
0.128086
0.128042
0.128006
0.127979
0.12796
0.12795
0.127948
0.127955
0.12797
0.127994
0.128026
0.128066
0.128115
0.128172
0.128237
0.128311
0.128392
0.128482
0.128579
0.128684
0.128797
0.128917
0.129045
0.12918
0.129322
0.129471
0.129626
0.129788
0.129956
0.130131
0.130311
0.130497
0.130689
0.130885
0.131087
0.131293
0.131503
0.131717
0.131935
0.132157
0.132382
0.132609
0.132839
0.133071
0.133305
0.133541
0.133777
0.134015
0.134252
0.13449
0.134727
0.134964
0.1352
0.135434
0.135666
0.135896
0.136123
0.136348
0.136569
0.136786
0.136999
0.137208
0.137412
0.13761
0.137803
0.13799
0.138171
0.138345
0.138512
0.138671
0.138823
0.138967
0.139103
0.13923
0.139348
0.139458
0.139557
0.139647
0.139727
0.139797
0.139857
0.139906
0.139944
0.139972
0.139988
0.139993
0.139987
0.139969
0.139939
0.139898
0.139845
0.13978
0.139704
0.139615
0.139515
0.139403
0.139279
0.139143
0.138996
0.138837
0.138667
0.138485
0.138292
0.138088
0.137874
0.137648
0.137413
0.137167
0.136911
0.136645
0.136371
0.136087
0.135795
0.135494
0.135186
0.134869
0.134546
0.134216
0.13388
0.133537
0.13319
0.132837
0.13248
0.132119
0.131755
0.131388
0.131018
0.130647
0.130274
0.129901
0.129527
0.129154
0.128782
0.128412
0.128043
0.127677
0.127315
0.126957
0.126603
0.126254
0.12591
0.125573
0.125242
0.124919
0.124603
0.124296
0.123998
0.123708
0.123429
0.123159
0.1229
0.122653
0.122416
0.122192
0.121979
0.121779
0.121591
0.121417
0.121255
0.121107
0.120973
0.120852
0.120745
0.120652
0.120573
0.120508
0.120457
0.12042
0.120397
0.120387
0.120391
0.120409
0.12044
0.120484
0.120541
0.120611
0.120693
0.120787
0.120893
0.12101
0.121138
0.121276
0.121425
0.121584
0.121752
0.121929
0.122114
0.122307
0.122508
0.122716
0.12293
0.12315
0.123376
0.123607
0.123843
0.124082
0.124325
0.124571
0.12482
0.125071
0.125323
0.125577
0.125831
0.126086
0.12634
0.126594
0.126846
0.127098
0.127347
0.127594
0.127839
0.12808
0.128319
0.128553
0.128784
0.129011
0.129233
0.12945
0.129662
0.129869
0.13007
0.130266
0.130456
0.13064
0.130817
0.130989
0.131153
0.131311
0.131463
0.131607
0.131745
0.131875
0.131999
0.132116
0.132225
0.132328
0.132423
0.132511
0.132592
0.132666
0.132733
0.132794
0.132847
0.132893
0.132933
0.132965
0.132991
0.133011
0.133024
0.133031
0.133031
0.133025
0.133013
0.132996
0.132972
0.132942
0.132907
0.132867
0.13282
0.132769
0.132712
0.132651
0.132584
0.132512
0.132436
0.132355
0.132269
0.132179
0.132084
0.131985
0.131882
0.131774
0.131663
0.131547
0.131428
0.131304
0.131177
0.131045
0.13091
0.130772
0.130629
0.130483
0.130333
0.130179
0.130022
0.129861
0.129697
0.129529
0.129357
0.129182
0.129003
0.12882
0.128634
0.128444
0.12825
0.128053
0.127852
0.127647
0.127438
0.127226
0.12701
0.12679
0.126566
0.126339
0.126107
0.125872
0.125633
0.12539
0.125144
0.124893
0.124639
0.124381
0.12412
0.123855
0.123586
0.123314
0.123038
0.122759
0.122477
0.122191
0.121903
0.121611
0.121317
0.12102
0.120721
0.120419
0.120115
0.11981
0.119502
0.119193
0.118883
0.118572
0.118259
0.117947
0.117634
0.117321
0.117008
0.116696
0.116385
0.116076
0.115768
0.115462
0.115158
0.114857
0.114559
0.114265
0.113975
0.113689
0.113407
0.113131
0.112861
0.112596
0.112338
0.112087
0.111842
0.111606
0.111378
0.111158
0.110947
0.110746
0.110554
0.110372
0.110201
0.11004
0.109891
0.109754
0.109628
0.109515
0.109414
0.109325
0.10925
0.109188
0.10914
0.109105
0.109084
0.109077
0.109084
0.109105
0.10914
0.10919
0.109254
0.109332
0.109425
0.109531
0.109652
0.109787
0.109935
0.110097
0.110272
0.110461
0.110662
0.110876
0.111103
0.111341
0.111591
0.111852
0.112124
0.112407
0.112699
0.113001
0.113312
0.113632
0.11396
0.114296
0.114638
0.114988
0.115343
0.115704
0.11607
0.11644
0.116814
0.117192
0.117572
0.117954
0.118339
0.118724
0.11911
0.119495
0.119881
0.120265
0.120647
0.121028
0.121406
0.12178
0.122151
0.122518
0.12288
0.123238
0.123589
0.123935
0.124274
0.124607
0.124933
0.12525
0.12556
0.125862
0.126155
0.12644
0.126715
0.12698
0.127236
0.127482
0.127717
0.127942
0.128157
0.12836
0.128553
0.128734
0.128904
0.129063
0.129211
0.129347
0.129471
0.129583
0.129684
0.129774
0.129852
0.129918
0.129972
0.130016
0.130048
0.130068
0.130078
0.130076
0.130064
0.130041
0.130007
0.129963
0.12991
0.129846
0.129773
0.12969
0.129599
0.129498
0.12939
0.129273
0.129148
0.129016
0.128877
0.128731
0.128578
0.12842
0.128256
0.128087
0.127913
0.127735
0.127553
0.127367
0.127179
0.126987
0.126794
0.126598
0.126402
0.126204
0.126006
0.125809
0.125611
0.125415
0.12522
0.125027
0.124836
0.124648
0.124463
0.124282
0.124104
0.123931
0.123763
0.1236
0.123443
0.123291
0.123146
0.123007
0.122875
0.122751
0.122633
0.122524
0.122423
0.12233
0.122246
0.12217
0.122103
0.122046
0.121998
0.121959
0.121929
0.121909
0.121899
0.121899
0.121908
0.121927
0.121956
0.121994
0.122043
0.1221
0.122168
0.122244
0.12233
0.122426
0.12253
0.122643
0.122764
0.122894
0.123032
0.123178
0.123332
0.123493
0.123661
0.123836
0.124018
0.124206
0.124399
0.124598
0.124803
0.125012
0.125225
0.125443
0.125665
0.12589
0.126117
0.126348
0.126581
0.126815
0.127051
0.127288
0.127525
0.127763
0.128001
0.128238
0.128474
0.128708
0.128941
0.129172
0.129401
0.129626
0.129849
0.130067
0.130282
0.130492
0.130698
0.130899
0.131094
0.131283
0.131467
0.131644
0.131814
0.131977
0.132133
0.132282
0.132422
0.132554
0.132678
0.132793
0.132899
0.132996
0.133083
0.13316
0.133228
0.133285
0.133332
0.133368
0.133394
0.133408
0.133412
0.133404
0.133384
0.133353
0.13331
0.133255
0.133188
0.133109
0.133017
0.132913
0.132797
0.132668
0.132526
0.132372
0.132205
0.132025
0.131832
0.131627
0.131408
0.131177
0.130933
0.130676
0.130406
0.130124
0.129829
0.129521
0.1292
0.128868
0.128522
0.128165
0.127795
0.127413
0.12702
0.126614
0.126198
0.125769
0.12533
0.12488
0.124419
0.123947
0.123465
0.122974
0.122472
0.121962
0.121442
0.120913
0.120376
0.119831
0.119279
0.118719
0.118152
0.117579
0.117
0.116415
0.115826
0.115231
0.114633
0.114031
0.113427
0.11282
0.112211
0.111601
0.11099
0.110379
0.109769
0.109161
0.108554
0.10795
0.10735
0.106754
0.106162
0.105577
0.104997
0.104425
0.103861
0.103306
0.10276
0.102225
0.101701
0.101189
0.100689
0.100204
0.0997326
0.0992766
0.0988367
0.0984136
0.0980081
0.097621
0.097253
0.0969048
0.0965772
0.0962707
0.095986
0.0957239
0.0954847
0.0952691
0.0950775
0.0949105
0.0947684
0.0946516
0.0945605
0.0944952
0.094456
0.0944432
0.0944567
0.0944967
0.0945632
0.094656
0.0947752
0.0949205
0.0950918
0.0952887
0.095511
0.0957583
0.0960301
0.0963261
0.0966456
0.0969882
0.0973532
0.09774
0.098148
0.0985764
0.0990245
0.0994916
0.0999768
0.100479
0.100999
0.101533
0.102083
0.102647
0.103223
0.103812
0.104412
0.105023
0.105643
0.106271
0.106907
0.10755
0.108199
0.108853
0.109511
0.110172
0.110836
0.111501
0.112167
0.112833
0.113498
0.114161
0.114822
0.11548
0.116133
0.116782
0.117426
0.118063
0.118694
0.119318
0.119933
0.12054
0.121137
0.121725
0.122302
0.122869
0.123424
0.123967
0.124498
0.125016
0.125521
0.126013
0.12649
0.126953
0.127401
0.127835
0.128252
0.128655
0.129041
0.129412
0.129766
0.130103
0.130424
0.130728
0.131014
0.131284
0.131537
0.131772
0.131989
0.13219
0.132373
0.132538
0.132686
0.132817
0.132931
0.133027
0.133106
0.133168
0.133213
0.133241
0.133253
0.133248
0.133227
0.13319
0.133138
0.13307
0.132986
0.132888
0.132775
0.132647
0.132506
0.132351
0.132182
0.132001
0.131807
0.131601
0.131383
0.131154
0.130913
0.130662
0.130401
0.130131
0.129851
0.129563
0.129266
0.128962
0.128651
0.128332
0.128008
0.127678
0.127342
0.127002
0.126658
0.12631
0.125958
0.125604
0.125248
0.12489
0.124531
0.124171
0.123811
0.123451
0.123091
0.122733
0.122377
0.122022
0.12167
0.121321
0.120975
0.120632
0.120294
0.11996
0.11963
0.119306
0.118987
0.118673
0.118365
0.118063
0.117767
0.117478
0.117195
0.116919
0.11665
0.116388
0.116133
0.115884
0.115643
0.115409
0.115182
0.114962
0.114749
0.114543
0.114344
0.114151
0.113965
0.113785
0.113611
0.113443
0.113281
0.113124
0.112972
0.112825
0.112683
0.112545
0.112411
0.11228
0.112153
0.112029
0.111907
0.111788
0.11167
0.111554
0.111439
0.111324
0.11121
0.111096
0.110981
0.110865
0.110748
0.110629
0.110508
0.110385
0.110259
0.11013
0.109997
0.109861
0.10972
0.109575
0.109424
0.109269
0.109109
0.108942
0.10877
0.108592
0.108407
0.108215
0.108017
0.107811
0.107599
0.107379
0.107151
0.106916
0.106673
0.106423
0.106164
0.105898
0.105624
0.105342
0.105053
0.104755
0.10445
0.104137
0.103817
0.103489
0.103154
0.102812
0.102463
0.102107
0.101745
0.101377
0.101003
0.100624
0.100239
0.099849
0.0994548
0.0990563
0.0986542
0.0982487
0.0978403
0.0974296
0.0970169
0.0966028
0.0961878
0.0957724
0.0953572
0.0949428
0.0945298
0.0941187
0.0937102
0.0933049
0.0929035
0.0925065
0.0921147
0.0917287
0.0913493
0.090977
0.0906126
0.0902568
0.0899102
0.0895736
0.0892476
0.088933
0.0886303
0.0883403
0.0880637
0.087801
0.0875529
0.08732
0.0871029
0.0869023
0.0867186
0.0865524
0.0864041
0.0862743
0.0861635
0.0860719
0.086
0.0859481
0.0859166
0.0859057
0.0859156
0.0859465
0.0859986
0.086072
0.0861666
0.0862827
0.0864201
0.0865787
0.0867585
0.0869594
0.0871811
0.0874234
0.0876862
0.087969
0.0882715
0.0885935
0.0889345
0.089294
0.0896717
0.0900671
0.0904796
0.0909088
0.0913541
0.0918149
0.0922907
0.0927809
0.0932849
0.093802
0.0943317
0.0948733
0.0954262
0.0959897
0.0965633
0.0971462
0.0977378
0.0983374
0.0989445
0.0995584
0.100179
0.100804
0.101435
0.102069
0.102708
0.103349
0.103994
0.10464
0.105287
0.105935
0.106584
0.107232
0.107879
0.108525
0.109169
0.109811
0.11045
0.111086
0.111718
0.112346
0.112969
0.113587
0.1142
0.114807
0.115408
0.116002
0.116589
0.117169
0.117741
0.118306
0.118862
0.11941
0.119948
0.120478
0.120998
0.121509
0.12201
0.1225
0.122981
0.123451
0.12391
0.124358
0.124795
0.12522
0.125634
0.126037
0.126428
0.126807
0.127173
0.127528
0.127871
0.128201
0.128518
0.128823
0.129116
0.129396
0.129663
0.129918
0.130159
0.130388
0.130604
0.130807
0.130997
0.131175
0.131339
0.131491
0.131629
0.131755
0.131869
0.131969
0.132057
0.132132
0.132195
0.132245
0.132283
0.132308
0.132322
0.132323
0.132312
0.132289
0.132255
0.132208
0.132151
0.132082
0.132001
0.13191
0.131807
0.131694
0.13157
0.131436
0.131291
0.131136
0.130972
0.130797
0.130614
0.13042
0.130218
0.130006
0.129786
0.129558
0.129321
0.129076
0.128823
0.128563
0.128295
0.12802
0.127738
0.12745
0.127155
0.126853
0.126546
0.126233
0.125915
0.125592
0.125263
0.12493
0.124592
0.12425
0.123904
0.123555
0.123202
0.122845
0.122486
0.122124
0.121759
0.121392
0.121023
0.120652
0.120279
0.119905
0.11953
0.119154
0.118777
0.1184
0.118022
0.117644
0.117266
0.116889
0.116511
0.116134
0.115758
0.115383
0.115008
0.114635
0.114263
0.113893
0.113524
0.113156
0.11279
0.112426
0.112064
0.111704
0.111346
0.11099
0.110636
0.110284
0.109935
0.109587
0.109242
0.108899
0.108559
0.108221
0.107885
0.107551
0.10722
0.106891
0.106564
0.106239
0.105917
0.105596
0.105278
0.104962
0.104647
0.104335
0.104024
0.103715
0.103408
0.103102
0.102798
0.102495
0.102195
0.101895
0.101597
0.1013
0.101004
0.10071
0.100417
0.100125
0.0998339
0.0995441
0.0992554
0.0989677
0.0986812
0.0983957
0.0981113
0.0978281
0.097546
0.0972651
0.0969855
0.0967072
0.0964302
0.0961548
0.095881
0.0956088
0.0953385
0.0950701
0.0948039
0.0945399
0.0942783
0.0940194
0.0937633
0.0935103
0.0932605
0.0930143
0.0927718
0.0925334
0.0922993
0.0920698
0.0918452
0.0916259
0.0914121
0.0912041
0.0910025
0.0908074
0.0906192
0.0904383
0.0902652
0.0901001
0.0899435
0.0897957
0.0896572
0.0895283
0.0894094
0.089301
0.0892034
0.089117
0.0890422
0.0889793
0.0889288
0.088891
0.0888663
0.0888549
0.0888572
0.0888736
0.0889043
0.0889496
0.0890097
0.089085
0.0891755
0.0892816
0.0894034
0.089541
0.0896945
0.0898642
0.0900499
0.0902519
0.0904701
0.0907044
0.0909549
0.0912215
0.0915041
0.0918026
0.0921168
0.0924465
0.0927916
0.0931519
0.0935269
0.0939166
0.0943205
0.0947384
0.0951698
0.0956145
0.0960719
0.0965418
0.0970236
0.0975169
0.0980212
0.098536
0.0990608
0.0995952
0.100139
0.10069
0.10125
0.101817
0.102391
0.102971
0.103556
0.104146
0.104741
0.10534
0.105942
0.106547
0.107153
0.107761
0.10837
0.108979
0.109588
0.110196
0.110802
0.111406
0.112008
0.112606
0.1132
0.11379
0.114376
0.114955
0.115529
0.116097
0.116657
0.11721
0.117755
0.118292
0.118819
0.119338
0.119846
0.120344
0.120832
0.121309
0.121774
0.122227
0.122668
0.123096
0.123512
0.123914
0.124302
0.124677
0.125038
0.125384
0.125715
0.126032
0.126333
0.126618
0.126888
0.127142
0.127381
0.127602
0.127808
0.127997
0.128169
0.128325
0.128463
0.128585
0.12869
0.128777
0.128848
0.128901
0.128937
0.128956
0.128957
0.128942
0.128909
0.128859
0.128793
0.128709
0.128608
0.12849
0.128356
0.128206
0.128038
0.127855
0.127655
0.12744
0.127209
0.126962
0.1267
0.126422
0.12613
0.125823
0.125502
0.125166
0.124817
0.124454
0.124078
0.123688
0.123287
0.122872
0.122446
0.122008
0.121558
0.121098
0.120627
0.120146
0.119655
0.119154
0.118645
0.118126
0.1176
0.117066
0.116524
0.115975
0.11542
0.114859
0.114292
0.11372
0.113143
0.112562
0.111977
0.111388
0.110797
0.110204
0.109608
0.109011
0.108413
0.107815
0.107217
0.106619
0.106021
0.105426
0.104832
0.10424
0.103652
0.103066
0.102485
0.101907
0.101334
0.100766
0.100204
0.0996473
0.0990971
0.0985536
0.0980172
0.0974884
0.0969674
0.0964547
0.0959507
0.0954555
0.0949697
0.0944934
0.0940271
0.0935709
0.0931252
0.0926902
0.0922662
0.0918533
0.0914519
0.0910619
0.0906838
0.0903175
0.0899632
0.0896211
0.0892912
0.0889737
0.0886685
0.0883758
0.0880954
0.0878276
0.0875722
0.0873291
0.0870985
0.0868801
0.0866739
0.0864799
0.0862978
0.0861276
0.0859691
0.0858221
0.0856865
0.0855621
0.0854487
0.0853461
0.0852541
0.0851723
0.0851006
0.0850388
0.0849866
0.0849436
0.0849097
0.0848845
0.0848679
0.0848594
0.0848588
0.0848659
0.0848803
0.0849017
0.0849298
0.0849644
0.0850052
0.0850519
0.0851041
0.0851616
0.0852242
0.0852915
0.0853633
0.0854392
0.0855192
0.0856028
0.0856899
0.0857803
0.0858735
0.0859696
0.0860681
0.086169
0.086272
0.0863769
0.0864835
0.0865917
0.0867012
0.086812
0.0869238
0.0870365
0.08715
0.0872642
0.0873789
0.0874939
0.0876094
0.087725
0.0878407
0.0879566
0.0880724
0.0881881
0.0883037
0.0884192
0.0885344
0.0886494
0.0887642
0.0888787
0.0889929
0.0891069
0.0892205
0.089334
0.0894472
0.0895602
0.089673
0.0897858
0.0898984
0.090011
0.0901236
0.0902363
0.0903491
0.0904621
0.0905755
0.0906892
0.0908033
0.090918
0.0910332
0.0911492
0.091266
0.0913836
0.0915023
0.091622
0.0917429
0.0918651
0.0919886
0.0921137
0.0922403
0.0923686
0.0924986
0.0926306
0.0927645
0.0929005
0.0930387
0.0931791
0.0933219
0.0934671
0.0936149
0.0937653
0.0939183
0.0940742
0.0942328
0.0943944
0.0945589
0.0947265
0.0948971
0.0950709
0.0952479
0.0954281
0.0956115
0.0957982
0.0959882
0.0961815
0.0963782
0.0965781
0.0967814
0.096988
0.0971979
0.0974111
0.0976276
0.0978472
0.0980701
0.098296
0.098525
0.098757
0.098992
0.0992298
0.0994704
0.0997137
0.0999596
0.100208
0.100459
0.100712
0.100967
0.101224
0.101483
0.101744
0.102006
0.10227
0.102535
0.102802
0.103069
0.103337
0.103606
0.103875
0.104145
0.104414
0.104684
0.104953
0.105222
0.10549
0.105757
0.106024
0.106289
0.106552
0.106814
0.107074
0.107332
0.107587
0.10784
0.10809
0.108338
0.108582
0.108823
0.10906
0.109294
0.109523
0.109749
0.10997
0.110186
0.110398
0.110604
0.110806
0.111002
0.111193
0.111377
0.111556
0.111729
0.111896
0.112056
0.11221
0.112357
0.112497
0.11263
0.112755
0.112874
0.112985
0.113088
0.113183
0.113271
0.113351
0.113423
0.113486
0.113542
0.113589
0.113627
0.113657
0.113679
0.113692
0.113696
0.113692
0.113679
0.113657
0.113626
0.113587
0.113539
0.113482
0.113416
0.113342
0.113258
0.113166
0.113066
0.112957
0.112839
0.112713
0.112578
0.112435
0.112284
0.112125
0.111958
0.111782
0.111599
0.111409
0.111211
0.111005
0.110793
0.110573
0.110347
0.110113
0.109874
0.109628
0.109376
0.109118
0.108855
0.108586
0.108311
0.108032
0.107749
0.10746
0.107168
0.106872
0.106571
0.106268
0.105962
0.105652
0.10534
0.105026
0.10471
0.104393
0.104074
0.103754
0.103433
0.103112
0.102791
0.10247
0.10215
0.101831
0.101513
0.101196
0.100882
0.100569
0.100259
0.0999524
0.0996486
0.0993483
0.0990518
0.0987594
0.0984715
0.0981882
0.09791
0.0976372
0.0973699
0.0971084
0.0968531
0.0966042
0.096362
0.0961267
0.0958985
0.0956776
0.0954643
0.0952588
0.0950613
0.0948719
0.0946908
0.0945182
0.0943543
0.0941991
0.0940527
0.0939154
0.0937871
0.093668
0.0935581
0.0934574
0.0933661
0.0932841
0.0932114
0.093148
0.093094
0.0930493
0.0930138
0.0929874
0.0929702
0.092962
0.0929627
0.0929723
0.0929905
0.0930173
0.0930526
0.0930961
0.0931477
0.0932072
0.0932745
0.0933494
0.0934317
0.0935211
0.0936174
0.0937205
0.0938301
0.093946
0.094068
0.0941957
0.094329
0.0944677
0.0946114
0.09476
0.0949131
0.0950706
0.0952322
0.0953976
0.0955666
0.0957389
0.0959143
0.0960925
0.0962733
0.0964565
0.0966418
0.096829
0.0970178
0.0972081
0.0973995
0.097592
0.0977852
0.097979
0.0981731
0.0983674
0.0985616
0.0987557
0.0989493
0.0991424
0.0993347
0.0995262
0.0997165
0.0999057
0.100094
0.10028
0.100465
0.100648
0.100829
0.101008
0.101185
0.10136
0.101532
0.101703
0.10187
0.102036
0.102199
0.102359
0.102516
0.102671
0.102823
0.102972
0.103118
0.103261
0.103402
0.103539
0.103674
0.103806
0.103934
0.10406
0.104183
0.104302
0.104419
0.104533
0.104644
0.104752
0.104857
0.10496
0.105059
0.105156
0.10525
0.105341
0.105429
0.105515
0.105598
0.105679
0.105757
0.105832
0.105905
0.105975
0.106043
0.106109
0.106172
0.106233
0.106292
0.106348
0.106403
0.106455
0.106505
0.106553
0.106598
0.106642
0.106684
0.106724
0.106761
0.106797
0.106831
0.106863
0.106893
0.106921
0.106947
0.106972
0.106994
0.107015
0.107034
0.107051
0.107066
0.107079
0.10709
0.1071
0.107107
0.107113
0.107117
0.107119
0.107119
0.107116
0.107112
0.107106
0.107098
0.107088
0.107076
0.107061
0.107045
0.107026
0.107005
0.106982
0.106957
0.106929
0.1069
0.106867
0.106833
0.106796
0.106756
0.106715
0.106671
0.106624
0.106575
0.106523
0.106469
0.106412
0.106353
0.106291
0.106227
0.10616
0.10609
0.106018
0.105944
0.105867
0.105787
0.105705
0.10562
0.105533
0.105443
0.105351
0.105257
0.10516
0.105061
0.10496
0.104857
0.104751
0.104643
0.104534
0.104422
0.104308
0.104193
0.104076
0.103957
0.103837
0.103716
0.103593
0.103468
0.103343
0.103216
0.103089
0.102961
0.102832
0.102703
0.102573
0.102442
0.102312
0.102182
0.102051
0.101921
0.101791
0.101662
0.101533
0.101405
0.101278
0.101152
0.101027
0.100904
0.100782
0.100661
0.100542
0.100426
0.100311
0.100198
0.100088
0.0999795
0.099874
0.099771
0.0996708
0.0995734
0.099479
0.0993876
0.0992994
0.0992144
0.0991326
0.0990543
0.0989794
0.098908
0.0988402
0.098776
0.0987155
0.0986586
0.0986055
0.0985561
0.0985104
0.0984684
0.0984302
0.0983957
0.098365
0.0983378
0.0983143
0.0982944
0.0982779
0.0982649
0.0982553
0.098249
0.0982459
0.0982458
0.0982488
0.0982547
0.0982633
0.0982745
0.0982883
0.0983044
0.0983227
0.098343
0.0983653
0.0983892
0.0984148
0.0984417
0.0984698
0.0984989
0.0985288
0.0985594
0.0985904
0.0986217
0.098653
0.0986841
0.0987149
0.0987451
0.0987746
0.098803
0.0988303
0.0988562
0.0988805
0.098903
0.0989235
0.0989418
0.0989577
0.098971
0.0989816
0.0989892
0.0989936
0.0989947
0.0989922
0.0989861
0.0989762
0.0989623
0.0989442
0.0989217
0.0988949
0.0988634
0.0988272
0.0987862
0.0987403
0.0986893
0.0986331
0.0985717
0.0985049
0.0984327
0.0983551
0.0982719
0.0981832
0.0980888
0.0979887
0.097883
0.0977716
0.0976545
0.0975318
0.0974033
0.0972692
0.0971295
0.0969843
0.0968335
0.0966773
0.0965158
0.0963489
0.0961769
0.0959998
0.0958177
0.0956308
0.0954391
0.0952429
0.0950423
0.0948374
0.0946285
0.0944157
0.0941991
0.093979
0.0937557
0.0935292
0.0932999
0.0930679
0.0928336
0.0925971
0.0923587
0.0921186
0.0918772
0.0916347
0.0913914
0.0911476
0.0909036
0.0906595
0.0904159
0.0901729
0.0899309
0.0896901
0.0894509
0.0892137
0.0889786
0.0887461
0.0885164
0.0882899
0.0880668
0.0878475
0.0876323
0.0874215
0.0872154
0.0870142
0.0868184
0.0866281
0.0864437
0.0862654
0.0860935
0.0859283
0.08577
0.0856187
0.0854749
0.0853386
0.0852101
0.0850896
0.0849773
0.0848733
0.0847778
0.0846909
0.0846127
0.0845434
0.0844831
0.0844317
0.0843895
0.0843565
0.0843326
0.0843179
0.0843125
0.0843162
0.084329
0.084351
0.084382
0.0844219
0.0844708
0.0845283
0.0845945
0.0846692
0.0847522
0.0848434
0.0849426
0.0850496
0.0851641
0.085286
0.085415
0.085551
0.0856935
0.0858425
0.0859976
0.0861585
0.0863249
0.0864967
0.0866734
0.0868547
0.0870404
0.0872302
0.0874236
0.0876205
0.0878205
0.0880232
0.0882284
0.0884357
0.0886448
0.0888553
0.089067
0.0892796
0.0894926
0.0897058
0.0899188
0.0901315
0.0903434
0.0905542
0.0907637
0.0909715
0.0911774
0.0913811
0.0915824
0.0917808
0.0919762
0.0921684
0.092357
0.0925419
0.0927227
0.0928993
0.0930715
0.093239
0.0934016
0.0935592
0.0937115
0.0938584
0.0939997
0.0941353
0.094265
0.0943886
0.094506
0.0946172
0.094722
0.0948202
0.0949119
0.0949968
0.0950751
0.0951465
0.095211
0.0952686
0.0953193
0.095363
0.0953997
0.0954295
0.0954522
0.095468
0.0954769
0.0954789
0.095474
0.0954624
0.095444
0.095419
0.0953874
0.0953494
0.0953051
0.0952545
0.0951979
0.0951353
0.0950669
0.0949928
0.0949133
0.0948285
0.0947385
0.0946437
0.0945441
0.0944401
0.0943318
0.0942194
0.0941033
0.0939836
0.0938606
0.0937346
0.0936059
0.0934747
0.0933413
0.0932061
0.0930693
0.0929312
0.0927921
0.0926524
0.0925124
0.0923724
0.0922327
0.0920938
0.0919558
0.0918193
0.0916844
0.0915516
0.0914212
0.0912935
0.0911689
0.0910478
0.0909305
0.0908172
0.0907085
0.0906045
0.0905057
0.0904123
0.0903247
0.0902432
0.0901681
0.0900997
0.0900382
0.089984
0.0899373
0.0898984
0.0898675
0.0898449
0.0898307
0.0898252
0.0898286
0.089841
0.0898625
0.0898935
0.0899338
0.0899838
0.0900434
0.0901127
0.0901918
0.0902807
0.0903794
0.090488
0.0906063
0.0907344
0.0908723
0.0910197
0.0911767
0.091343
0.0915187
0.0917034
0.0918971
0.0920995
0.0923105
0.0925298
0.0927572
0.0929924
0.0932351
0.0934852
0.0937422
0.0940058
0.0942758
0.0945518
0.0948334
0.0951204
0.0954122
0.0957086
0.0960091
0.0963134
0.0966211
0.0969317
0.0972449
0.0975602
0.0978771
0.0981954
0.0985145
0.098834
0.0991535
0.0994726
0.0997908
0.100108
0.100423
0.100736
0.101046
0.101354
0.101657
0.101957
0.102253
0.102544
0.10283
0.103111
0.103386
0.103654
0.103916
0.10417
0.104418
0.104657
0.104889
0.105112
0.105326
0.105532
0.105728
0.105914
0.10609
0.106256
0.106412
0.106556
0.10669
0.106812
0.106923
0.107022
0.10711
0.107185
0.107248
0.107298
0.107336
0.107361
0.107373
0.107373
0.107359
0.107332
0.107292
0.107238
0.107171
0.107091
0.106998
0.106891
0.10677
0.106637
0.10649
0.10633
0.106157
0.10597
0.105771
0.105559
0.105334
0.105096
0.104846
0.104584
0.10431
0.104024
0.103727
0.103418
0.103098
0.102767
0.102426
0.102074
0.101713
0.101342
0.100962
0.100573
0.100176
0.099771
0.0993581
0.0989381
0.0985113
0.0980784
0.0976396
0.0971956
0.0967468
0.0962938
0.0958371
0.0953772
0.0949148
0.0944503
0.0939844
0.0935177
0.0930508
0.0925842
0.0921187
0.0916549
0.0911935
0.0907349
0.0902801
0.0898295
0.0893838
0.0889439
0.0885102
0.0880834
0.0876643
0.0872536
0.0868517
0.0864595
0.0860776
0.0857065
0.0853469
0.0849995
0.0846648
0.0843433
0.0840357
0.0837425
0.0834642
0.0832013
0.0829541
0.0827233
0.0825091
0.082312
0.0821322
0.0819701
0.0818259
0.0816999
0.0815922
0.081503
0.0814324
0.0813804
0.0813472
0.0813326
0.0813367
0.0813592
0.0814002
0.0814594
0.0815365
0.0816315
0.0817438
0.0818733
0.0820196
0.0821823
0.0823609
0.082555
0.0827642
0.0829879
0.0832256
0.0834767
0.0837407
0.0840171
0.0843051
0.0846042
0.0849138
0.0852332
0.0855618
0.0858988
0.0862438
0.086596
0.0869547
0.0873193
0.0876892
0.0880637
0.088442
0.0888237
0.089208
0.0895944
0.0899822
0.0903707
0.0907595
0.0911478
0.0915352
0.0919211
0.0923049
0.0926861
0.0930641
0.0934385
0.0938088
0.0941745
0.0945351
0.0948902
0.0952394
0.0955823
0.0959184
0.0962475
0.096569
0.0968828
0.0971885
0.0974857
0.0977742
0.0980538
0.0983241
0.0985849
0.0988361
0.0990774
0.0993086
0.0995296
0.0997402
0.0999402
0.10013
0.100308
0.100476
0.100633
0.10078
0.100915
0.101039
0.101153
0.101255
0.101346
0.101427
0.101497
0.101556
0.101605
0.101643
0.101671
0.101688
0.101696
0.101693
0.101681
0.101659
0.101628
0.101588
0.101539
0.101482
0.101416
0.101342
0.10126
0.101171
0.101075
0.100971
0.100861
0.100745
0.100623
0.100496
0.100363
0.100225
0.100083
0.0999373
0.0997875
0.0996345
0.0994786
0.0993202
0.0991597
0.0989975
0.098834
0.0986696
0.0985047
0.0983398
0.0981752
0.0980113
0.0978486
0.0976874
0.0975282
0.0973712
0.097217
0.0970659
0.0969181
0.0967742
0.0966345
0.0964992
0.0963688
0.0962435
0.0961237
0.0960096
0.0959015
0.0957997
0.0957045
0.095616
0.0955345
0.0954602
0.0953933
0.0953339
0.0952821
0.0952382
0.0952022
0.0951741
0.0951541
0.0951423
0.0951385
0.0951429
0.0951555
0.0951761
0.0952047
0.0952414
0.0952858
0.0953381
0.0953979
0.0954652
0.0955398
0.0956215
0.09571
0.0958053
0.0959069
0.0960147
0.0961285
0.0962478
0.0963724
0.096502
0.0966363
0.0967749
0.0969175
0.0970637
0.0972132
0.0973655
0.0975203
0.0976771
0.0978357
0.0979956
0.0981563
0.0983175
0.0984787
0.0986396
0.0987996
0.0989585
0.0991157
0.0992708
0.0994234
0.0995731
0.0997195
0.0998622
0.100001
0.100135
0.100263
0.100387
0.100505
0.100616
0.100721
0.100819
0.10091
0.100993
0.101068
0.101135
0.101193
0.101242
0.101281
0.101311
0.101331
0.10134
0.101339
0.101326
0.101303
0.101268
0.101222
0.101163
0.101092
0.101009
0.100914
0.100805
0.100684
0.100549
0.100401
0.100239
0.100064
0.0998751
0.0996722
0.0994553
0.0992243
0.0989791
0.0987196
0.0984458
0.0981576
0.0978549
0.0975378
0.0972062
0.0968602
0.0964997
0.0961247
0.0957354
0.0953317
0.0949138
0.0944816
0.0940353
0.093575
0.0931008
0.0926129
0.0921113
0.0915963
0.091068
0.0905267
0.0899724
0.0894055
0.0888261
0.0882346
0.0876311
0.087016
0.0863896
0.0857522
0.0851041
0.0844457
0.0837773
0.0830994
0.0824123
0.0817165
0.0810124
0.0803005
0.0795812
0.0788552
0.0781229
0.0773849
0.0766417
0.075894
0.0751423
0.0743875
0.07363
0.0728707
0.0721103
0.0713495
0.0705891
0.0698299
0.0690728
0.0683187
0.0675685
0.0668231
0.0660834
0.0653506
0.0646256
0.0639094
0.0632032
0.062508
0.0618251
0.0611555
0.0605006
