
Primal Residual: 
154.734
42.5096
19.0183
24.0252
16.3818
11.4847
9.59465
8.12054
6.57235
5.41459
4.86482
4.63791
4.41575
4.1043
3.74268
3.39839
3.12079
2.92549
2.80116
2.72966
2.69577
2.68044
2.65614
2.59512
2.48276
2.32501
2.14722
1.98567
1.87327
1.82403
1.82707
1.85654
1.88718
1.90323
1.89944
1.87822
1.84577
1.80869
1.77159
1.73619
1.70183
1.66695
1.6306
1.59336
1.55727
1.52503
1.49895
1.48011
1.46819
1.46181
1.45919
1.45868
1.45898
1.45903
1.45776
1.45394
1.44623
1.43346
1.41492
1.39075
1.36205
1.33076
1.29937
1.27032
1.24548
1.22575
1.21092
1.19992
1.19127
1.18364
1.17617
1.16861
1.16129
1.15477
1.14959
1.14596
1.14363
1.14198
1.14016
1.13738
1.13314
1.12739
1.1205
1.11317
1.10621
1.1003
1.09573
1.09233
1.08946
1.08617
1.0814
1.07426
1.0642
1.05114
1.03551
1.01818
1.00036
0.983402
0.968613
0.957055
0.949412
0.945912
0.946334
0.950073
0.956254
0.963852
0.971804
0.97911
0.984913
0.988568
0.989704
0.988268
0.984552
0.979199
0.973157
0.967588
0.963724
0.962676
0.965229
0.971671
0.981695
0.994407
1.00844
1.02214
1.03376
1.04168
1.04456
1.04147
1.03197
1.01616
0.994698
0.968745
0.939941
0.910283
0.881956
0.857115
0.837599
0.824657
0.818726
0.819373
0.825403
0.83511
0.846582
0.857975
0.867712
0.874608
0.877913
0.877317
0.872918
0.865163
0.854776
0.84267
0.829845
0.817284
0.805841
0.796153
0.788571
0.783139
0.779616
0.777538
0.776309
0.7753
0.773945
0.771808
0.768633
0.764364
0.759143
0.753278
0.747197
0.741389
0.736335
0.732439
0.729975
0.729051
0.729597
0.731389
0.73409
0.737303
0.740631
0.743731
0.746353
0.748363
0.749749
0.750611
0.751134
0.751553
0.752107
0.752998
0.754351
0.756188
0.758416
0.760831
0.76314
0.76499
0.76601
0.765848
0.764211
0.760895
0.755805
0.748967
0.740533
0.730772
0.720047
0.708797
0.697492
0.686603
0.676555
0.667688
0.660228
0.654271
0.649776
0.646586
0.644451
0.643069
0.642123
0.641318
0.640414
0.639242
0.637723
0.63586
0.633739
0.631512
0.62938
0.627565
0.626294
0.625767
0.626139
0.627509
0.629901
0.633269
0.6375
0.642418
0.647806
0.65341
0.658963
0.664195
0.66884
0.672653
0.675411
0.676923
0.677032
0.675615
0.672595
0.667934
0.661639
0.653764
0.644411
0.633725
0.621902
0.609177
0.595825
0.582154
0.56849
0.555172
0.542535
0.530889
0.520512
0.511625
0.504385
0.498874
0.495103
0.49301
0.492479
0.493351
0.495442
0.498561
0.502522
0.507154
0.512308
0.517856
0.523695
0.529737
0.535906
0.542135
0.54836
0.554514
0.560528
0.566329
0.571842
0.576989
0.581697
0.585899
0.589537
0.592568
0.594965
0.59672
0.597844
0.598368
0.598341
0.597828
0.596908
0.595668
0.594203
0.592607
0.590973
0.589386
0.587924
0.586651
0.585619
0.584868
0.584421
0.584291
0.58448
0.58498
0.585775
0.586844
0.588162
0.5897
0.59143
0.59332
0.595339
0.597453
0.59963
0.601834
0.604031
0.606183
0.608252
0.610198
0.611983
0.613568
0.614912
0.61598
0.616739
0.617158
0.617213
0.616885
0.616164
0.615046
0.613539
0.611658
0.60943
0.606892
0.604092
0.601087
0.597945
0.59474
0.591555
0.588476
0.585592
0.582989
0.580751
0.578954
0.577664
0.576931
0.57679
0.577257
0.578325
0.579968
0.582139
0.58477
0.587777
0.591059
0.594505
0.597996
0.601407
0.604612
0.607489
0.609919
0.611793
0.613013
0.613492
0.613159
0.611956
0.609844
0.606801
0.60282
0.597916
0.592117
0.58547
0.578039
0.569904
0.561157
0.551904
0.542265
0.532368
0.522347
0.512345
0.502504
0.492967
0.483874
0.475356
0.467535
0.460515
0.454386
0.449213
0.44504
0.441887
0.439748
0.438596
0.438381
0.439036
0.44048
0.442621
0.445362
0.448601
0.452241
0.456184
0.46034
0.464626
0.468969
0.473301
0.477569
0.481724
0.48573
0.489558
0.493187
0.496604
0.499802
0.502781
0.505544
0.508101
0.510461
0.51264
0.514654
0.516518
0.51825
0.519867
0.521384
0.522816
0.524175
0.525473
0.526717
0.527914
0.529066
0.530177
0.531244
0.532265
0.533234
0.534146
0.534992
0.535763
0.53645
0.537042
0.537531
0.537905
0.538157
0.538278
0.538264
0.538108
0.537811
0.537372
0.536795
0.536087
0.535257
0.53432
0.533291
0.532189
0.531039
0.529863
0.528689
0.527547
0.526464
0.525471
0.524595
0.523864
0.523301
0.522929
0.522763
0.522815
0.523092
0.523594
0.524315
0.525243
0.526359
0.527641
0.529058
0.530575
0.532155
0.533756
0.535332
0.53684
0.538233
0.539465
0.540492
0.541272
0.541767
0.541943
0.541768
0.54122
0.540278
0.538931
0.537173
0.535005
0.532435
0.529479
0.52616
0.522506
0.518554
0.514345
0.509926
0.505348
0.500666
0.495937
0.49122
0.486573
0.482054
0.477717
0.473611
0.469783
0.46627
0.463104
0.460307
0.457893
0.455868
0.454228
0.452961
0.452048
0.451463
0.451173
0.451143
0.451334
0.451705
0.452213
0.452819
0.453482
0.454166
0.454837
0.455464
0.456023
0.456492
0.456855
0.457098
0.457216
0.457204
0.457065
0.456803
0.456427
0.455948
0.455382
0.454746
0.454057
0.453337
0.452607
0.451889
0.451204
0.450574
0.45002
0.449561
0.449217
0.449004
0.448935
0.449024
0.44928
0.449709
0.450316
0.451101
0.452064
0.453198
0.454497
0.455949
0.457542
0.45926
0.461086
0.463
0.464982
0.467008
0.469058
0.471106
0.47313
0.475106
0.477013
0.478828
0.480532
0.482107
0.483537
0.484807
0.485905
0.486825
0.487558
0.488102
0.488457
0.488625
0.488612
0.488426
0.488077
0.487578
0.486943
0.486188
0.485332
0.48439
0.483383
0.482327
0.48124
0.480137
0.479033
0.477939
0.476866
0.47582
0.474804
0.47382
0.472864
0.471931
0.471011
0.470094
0.469165
0.468208
0.467205
0.466137
0.464985
0.46373
0.462352
0.460833
0.459158
0.457311
0.455282
0.453062
0.450643
0.448025
0.445209
0.442198
0.439003
0.435635
0.432109
0.428446
0.424668
0.4208
0.41687
0.412907
0.408945
0.405015
0.401151
0.397386
0.393754
0.390286
0.387012
0.383961
0.381157
0.378622
0.376376
0.374432
0.372801
0.37149
0.370501
0.369833
0.36948
0.369434
0.369683
0.370213
0.371007
0.372047
0.373313
0.374785
0.376443
0.378265
0.380231
0.382321
0.384514
0.386793
0.389141
0.391539
0.393974
0.39643
0.398895
0.401357
0.403805
0.406229
0.408621
0.410972
0.413277
0.415528
0.417722
0.419854
0.421921
0.42392
0.425851
0.427712
0.429504
0.431226
0.432882
0.434472
0.436001
0.437471
0.438888
0.440254
0.441577
0.442861
0.444112
0.445337
0.446541
0.447731
0.448913
0.450093
0.451277
0.452471
0.453679
0.454905
0.456154
0.457429
0.458732
0.460065
0.461428
0.462822
0.464245
0.465695
0.46717
0.468666
0.470177
0.471698
0.473223
0.474744
0.476253
0.477741
0.479199
0.480617
0.481982
0.483286
0.484515
0.485658
0.486703
0.487639
0.488452
0.489133
0.489668
0.490047
0.49026
0.490298
0.490151
0.489813
0.489275
0.488535
0.487587
0.486429
0.48506
0.483482
0.481697
0.47971
0.477527
0.475156
0.472606
0.46989
0.467019
0.46401
0.460877
0.457637
0.454308
0.45091
0.44746
0.443978
0.440484
0.436996
0.433533
0.430111
0.426746
0.423454
0.420247
0.417136
0.414129
0.411234
0.408455
0.405794
0.40325
0.400822
0.398504
0.39629
0.394172
0.392141
0.390185
0.388294
0.386454
0.384654
0.382882
0.381126
0.379375
0.377618
0.375849
0.374059
0.372243
0.370398
0.368523
0.366618
0.364686
0.362733
0.360765
0.358793
0.356827
0.354881
0.35297
0.351109
0.349316
0.347609
0.346007
0.344529
0.343192
0.342014
0.341014
0.340205
0.339602
0.339217
0.339058
0.339133
0.339447
0.339999
0.34079
0.341815
0.343067
0.344537
0.346213
0.348082
0.35013
0.352339
0.354692
0.357171
0.359757
0.362432
0.365176
0.367973
0.370805
0.373655
0.376507
0.379348
0.382163
0.384942
0.387673
0.390347
0.392955
0.39549
0.397947
0.40032
0.402605
0.404799
0.406899
0.408905
0.410813
0.412623
0.414335
0.415948
0.417462
0.418877
0.420193
0.42141
0.422528
0.423547
0.424468
0.425289
0.426013
0.426638
0.427166
0.427597
0.427932
0.428174
0.428323
0.428381
0.428353
0.42824
0.428046
0.427776
0.427436
0.427029
0.426563
0.426043
0.425476
0.424869
0.424231
0.423567
0.422886
0.422195
0.421501
0.42081
0.42013
0.419465
0.418822
0.418203
0.417613
0.417054
0.416528
0.416035
0.415574
0.415145
0.414746
0.414372
0.41402
0.413686
0.413365
0.413051
0.412738
0.41242
0.412092
0.411747
0.411379
0.410984
0.410557
0.410094
0.40959
0.409044
0.408453
0.407816
0.407134
0.406406
0.405635
0.404822
0.403972
0.403087
0.402173
0.401234
0.400277
0.399307
0.398331
0.397355
0.396386
0.395431
0.394494
0.393583
0.392703
0.391859
0.391054
0.390294
0.38958
0.388915
0.388301
0.387736
0.387222
0.386757
0.386338
0.385964
0.385629
0.385331
0.385063
0.384822
0.3846
0.384393
0.384193
0.383994
0.38379
0.383575
0.383342
0.383085
0.382799
0.382478
0.382119
0.381716
0.381266
0.380768
0.380217
0.379614
0.378957
0.378248
0.377486
0.376673
0.375814
0.374909
0.373964
0.372984
0.371973
0.370938
0.369885
0.368821
0.367753
0.366689
0.365636
0.364602
0.363595
0.362623
0.361693
0.360812
0.359988
0.359227
0.358535
0.357918
0.35738
0.356927
0.356561
0.356287
0.356106
0.35602
0.356031
0.356139
0.356344
0.356646
0.357044
0.357537
0.358123
0.3588
0.359567
0.360421
0.361359
0.362379
0.36348
0.364657
0.365909
0.367233
0.368627
0.370088
0.371613
0.373201
0.374849
0.376554
0.378314
0.380126
0.381986
0.383893
0.385842
0.387831
0.389856
0.391912
0.393996
0.396102
0.398227
0.400365
0.402512
0.40466
0.406806
0.408942
0.411063
0.413163
0.415236
0.417276
0.419276
0.421231
0.423134
0.424981
0.426765
0.428482
0.430127
0.431694
0.433181
0.434583
0.435897
0.43712
0.43825
0.439283
0.440219
0.441056
0.441794
0.442431
0.442967
0.443403
0.443738
0.443973
0.444109
0.444147
0.444087
0.44393
0.443679
0.443333
0.442894
0.442363
0.441741
0.441029
0.440227
0.439336
0.438357
0.437289
0.436134
0.43489
0.433559
0.432139
0.430631
0.429035
0.427349
0.425574
0.42371
0.421755
0.419711
0.417577
0.415353
0.41304
0.410638
0.408148
0.405572
0.40291
0.400166
0.397341
0.394438
0.391461
0.388412
0.385296
0.382117
0.378881
0.375593
0.372258
0.368884
0.365478
0.362045
0.358595
0.355136
0.351675
0.348223
0.344787
0.341378
0.338006
0.33468
0.33141
0.328208
0.325082
0.322044
0.319103
0.31627
0.313554
0.310964
0.30851
0.306199
0.304041
0.302041
0.300207
0.298544
0.297057
0.295749
0.294624
0.293684
0.292929
0.292359
0.291973
0.291768
0.291743
0.291892
0.292211
0.292695
0.293337
0.29413
0.295068
0.296144
0.297348
0.298674
0.300114
0.30166
0.303304
0.305038
0.306856
0.30875
0.310714
0.312741
0.314827
0.316965
0.319151
0.32138
0.323648
0.325952
0.328289
0.330655
0.333048
0.335466
0.337907
0.340369
0.34285
0.345349
0.347863
0.350391
0.352932
0.355483
0.358042
0.360607
0.363176
0.365745
0.368312
0.370874
0.373426
0.375966
0.378488
0.380988
0.383462
0.385904
0.38831
0.390673
0.39299
0.395253
0.397457
0.399597
0.401666
0.40366
0.405571
0.407396
0.409129
0.410764
0.412297
0.413723
0.415038
0.416238
0.417321
0.418282
0.419118
0.419829
0.420412
0.420865
0.421188
0.421381
0.421443
0.421376
0.421181
0.420859
0.420412
0.419842
0.419154
0.41835
0.417434
0.416411
0.415284
0.41406
0.412742
0.411338
0.409852
0.408292
0.406662
0.40497
0.403222
0.401425
0.399585
0.39771
0.395805
0.393878
0.391935
0.389983
0.388027
0.386073
0.384129
0.382198
0.380286
0.378399
0.376539
0.374713
0.372922
0.371171
0.369462
0.367798
0.36618
0.36461
0.363089
0.361618
0.360195
0.358822
0.357497
0.35622
0.354988
0.353799
0.352653
0.351546
0.350477
0.349441
0.348438
0.347464
0.346515
0.345591
0.344688
0.343803
0.342935
0.342081
0.341241
0.340412
0.339594
0.338787
0.33799
0.337203
0.336428
0.335665
0.334917
0.334186
0.333473
0.332784
0.33212
0.331485
0.330885
0.330322
0.329802
0.329329
0.328908
0.328545
0.328242
0.328006
0.32784
0.327749
0.327736
0.327804
0.327957
0.328195
0.328522
0.328937
0.329441
0.330034
0.330714
0.331479
0.332327
0.333254
0.334257
0.335331
0.33647
0.337669
0.338922
0.340222
0.341563
0.342938
0.34434
0.345761
0.347194
0.348632
0.350069
0.351497
0.35291
0.354303
0.355669
0.357004
0.358302
0.359559
0.360772
0.361937
0.363052
0.364115
0.365125
0.36608
0.36698
0.367826
0.368617
0.369356
0.370043
0.370681
0.371272
0.371817
0.372321
0.372785
0.373213
0.373608
0.373973
0.374311
0.374625
0.374919
0.375193
0.375452
0.375696
0.375929
0.376151
0.376364
0.376569
0.376766
0.376955
0.377135
0.377307
0.37747
0.377621
0.37776
0.377885
0.377993
0.378082
0.37815
0.378193
0.378211
0.378198
0.378154
0.378075
0.377958
0.377801
0.377602
0.377358
0.377068
0.376729
0.37634
0.3759
0.375408
0.374864
0.374266
0.373616
0.372914
0.372159
0.371354
0.370499
0.369597
0.368649
0.367657
0.366624
0.365552
0.364444
0.363304
0.362133
0.360937
0.359716
0.358476
0.357219
0.355949
0.354668
0.35338
0.352088
0.350795
0.349504
0.348216
0.346935
0.345662
0.344399
0.343148
0.34191
0.340686
0.339477
0.338283
0.337105
0.335943
0.334797
0.333666
0.33255
0.331448
0.330359
0.329283
0.328218
0.327164
0.326118
0.325081
0.324051
0.323027
0.322008
0.320993
0.319982
0.318974
0.317969
0.316966
0.315966
0.314969
0.313975
0.312986
0.312001
0.311023
0.310053
0.309092
0.308142
0.307205
0.306284
0.305382
0.3045
0.303641
0.302809
0.302007
0.301237
0.300502
0.299806
0.299152
0.298543
0.297981
0.29747
0.297013
0.296611
0.296268
0.295986
0.295766
0.29561
0.29552
0.295497
0.295542
0.295655
0.295837
0.296087
0.296406
0.296793
0.297246
0.297765
0.298348
0.298994
0.2997
0.300464
0.301284
0.302157
0.303081
0.304053
0.305069
0.306126
0.307222
0.308353
0.309516
0.310707
0.311923
0.31316
0.314417
0.315688
0.316972
0.318264
0.319563
0.320864
0.322165
0.323464
0.324758
0.326044
0.32732
0.328584
0.329833
0.331066
0.33228
0.333475
0.334647
0.335797
0.336922
0.338021
0.339093
0.340136
0.341151
0.342136
0.34309
0.344013
0.344903
0.345762
0.346587
0.347379
0.348137
0.348861
0.349551
0.350207
0.350828
0.351414
0.351965
0.352481
0.352962
0.353408
0.353819
0.354194
0.354533
0.354837
0.355105
0.355337
0.355533
0.355693
0.355816
0.355903
0.355953
0.355966
0.355941
0.355879
0.355779
0.355641
0.355465
0.35525
0.354997
0.354705
0.354374
0.354005
0.353596
0.353149
0.352664
0.35214
0.351579
0.350979
0.350344
0.349672
0.348964
0.348223
0.347448
0.346642
0.345805
0.34494
0.344047
0.343129
0.342189
0.341228
0.340248
0.339253
0.338244
0.337226
0.3362
0.33517
0.334138
0.333109
0.332085
0.33107
0.330067
0.32908
0.328111
0.327164
0.326242
0.325348
0.324486
0.323657
0.322865
0.322113
0.321402
0.320734
0.320112
0.319537
0.31901
0.318532
0.318105
0.317728
0.317401
0.317125
0.3169
0.316724
0.316596
0.316516
0.316483
0.316493
0.316546
0.31664
0.316773
0.316941
0.317144
0.317378
0.317641
0.31793
0.318243
0.318578
0.318931
0.319301
0.319684
0.320079
0.320484
0.320896
0.321314
0.321736
0.32216
0.322585
0.323009
0.323432
0.323852
0.324269
0.324682
0.325091
0.325495
0.325895
0.326289
0.326679
0.327064
0.327445
0.327821
0.328194
0.328563
0.32893
0.329294
0.329655
0.330015
0.330373
0.33073
0.331085
0.33144
0.331793
0.332144
0.332493
0.33284
0.333184
0.333524
0.33386
0.334189
0.334511
0.334824
0.335128
0.335419
0.335697
0.335959
0.336203
0.336428
0.33663
0.336808
0.336959
0.337082
0.337172
0.337229
0.33725
0.337233
0.337175
0.337075
0.336929
0.336738
0.336498
0.336209
0.335868
0.335476
0.335029
0.334529
0.333975
0.333365
0.3327
0.33198
0.331206
0.330378
0.329497
0.328564
0.327581
0.326548
0.325468
0.324344
0.323176
0.321968
0.320722
0.319441
0.318128
0.316787
0.315419
0.314029
0.31262
0.311195
0.309759
0.308314
0.306864
0.305414
0.303965
0.302523
0.301091
0.299672
0.29827
0.296887
0.295528
0.294196
0.292893
0.291623
0.290388
0.289192
0.288037
0.286925
0.285858
0.28484
0.283872
0.282956
0.282095
0.281289
0.280542
0.279853
0.279226
0.27866
0.278158
0.277721
0.277349
0.277045
0.276808
0.27664
0.276541
0.276512
0.276554
0.276667
0.276851
0.277106
0.277433
0.277831
0.2783
0.27884
0.27945
0.280129
0.280877
0.281692
0.282573
0.283518
0.284527
0.285596
0.286723
0.287907
0.289145
0.290434
0.291771
0.293153
0.294576
0.296038
0.297534
0.299061
0.300614
0.302191
0.303786
0.305395
0.307014
0.308639
0.310265
0.311888
0.313504
0.315108
0.316695
0.318262
0.319803
0.321316
0.322796
0.324239
0.325641
0.326998
0.328308
0.329565
0.330769
0.331914
0.333
0.334022
0.334978
0.335867
0.336687
0.337435
0.33811
0.33871
0.339236
0.339685
0.340057
0.340352
0.34057
0.340711
0.340775
0.340762
0.340674
0.340511
0.340275
0.339967
0.339588
0.33914
0.338626
0.338047
0.337406
0.336706
0.335948
0.335136
0.334272
0.333359
0.332401
0.331401
0.330362
0.329287
0.328179
0.327043
0.32588
0.324696
0.323493
0.322275
0.321045
0.319807
0.318564
0.317319
0.316075
0.314837
0.313607
0.312388
0.311183
0.309996
0.308829
0.307684
0.306566
0.305476
0.304416
0.303391
0.302401
0.301448
0.300537
0.299667
0.298842
0.298063
0.297331
0.296649
0.296019
0.29544
0.294916
0.294446
0.294032
0.293676
0.293377
0.293136
0.292955
0.292833
0.29277
0.292767
0.292823
0.292938
0.293113
0.293345
0.293636
0.293982
0.294384
0.294841
0.29535
0.29591
0.296519
0.297176
0.297877
0.298622
0.299407
0.30023
0.301088
0.301978
0.302898
0.303843
0.304812
0.3058
0.306804
0.307821
0.308848
0.30988
0.310915
0.311948
0.312976
0.313996
0.315004
0.315997
0.31697
0.317921
0.318847
0.319743
0.320608
0.321438
0.322229
0.32298
0.323688
0.32435
0.324964
0.325527
0.326038
0.326495
0.326896
0.327239
0.327524
0.32775
0.327915
0.328018
0.32806
0.32804
0.327958
0.327814
0.327608
0.327341
0.327014
0.326627
0.326182
0.325681
0.325123
0.324513
0.32385
0.323138
0.322378
0.321572
0.320724
0.319836
0.318911
0.317952
0.316961
0.315941
0.314897
0.313831
0.312746
0.311646
0.310535
0.309415
0.30829
0.307164
0.30604
0.304921
0.303811
0.302712
0.301629
0.300564
0.29952
0.2985
0.297507
0.296543
0.295612
0.294714
0.293853
0.29303
0.292247
0.291506
0.290807
0.290153
0.289544
0.288981
0.288465
0.287996
0.287573
0.287198
0.28687
0.286588
0.286352
0.28616
0.286013
0.285909
0.285847
0.285825
0.285841
0.285895
0.285983
0.286105
0.286259
0.286441
0.28665
0.286884
0.287141
0.287417
0.287711
0.28802
0.288342
0.288675
0.289014
0.289359
0.289707
0.290055
0.290401
0.290742
0.291076
0.2914
0.291713
0.292011
0.292293
0.292557
0.292799
0.293019
0.293214
0.293382
0.293521
0.293631
0.293708
0.293751
0.293759
0.293731
0.293665
0.293559
0.293414
0.293229
0.293001
0.292732
0.292419
0.292064
0.291666
0.291224
0.29074
0.290213
0.289644
0.289034
0.288384
0.287694
0.286967
0.286203
0.285405
0.284574
0.283712
0.282822
0.281906
0.280967
0.280008
0.279032
0.278043
0.277043
0.276036
0.275027
0.274019
0.273016
0.272023
0.271043
0.270081
0.269142
0.268229
0.267348
0.266503
0.265699
0.264939
0.264228
0.26357
0.26297
0.26243
0.261956
0.26155
0.261216
0.260956
0.260774
0.260671
0.26065
0.260712
0.260859
0.261092
0.26141
0.261816
0.262307
0.262884
0.263546
0.264292
0.265119
0.266027
0.267012
0.268072
0.269204
0.270405
0.271672
0.273002
0.27439
0.275832
0.277325
0.278864
0.280446
0.282065
0.283717
0.285399
0.287105
0.288831
0.290573
0.292326
0.294087
0.295849
0.297611
0.299366
0.301112
0.302844
0.304558
0.30625
0.307917
0.309555
0.311161
0.31273
0.31426
0.315747
0.317188
0.31858
0.31992
0.321205
0.322433
0.323599
0.324703
0.32574
0.326709
0.327608
0.328433
0.329183
0.329856
0.330449
0.33096
0.331388
0.331731
0.331987
0.332155
0.332232
0.332219
0.332113
0.331915
0.331622
0.331234
0.330751
0.330172
0.329498
0.328728
0.327863
0.326902
0.325848
0.3247
0.32346
0.322129
0.320709
0.319202
0.317609
0.315934
0.314178
0.312344
0.310436
0.308457
0.30641
0.3043
0.30213
0.299904
0.297627
0.295305
0.292941
0.290542
0.288112
0.285658
0.283186
0.280701
0.278211
0.275721
0.273239
0.270772
0.268326
0.265909
0.263528
0.26119
0.258903
0.256675
0.254511
0.252421
0.25041
0.248486
0.246655
0.244925
0.2433
0.241788
0.240392
0.239119
0.237973
0.236958
0.236076
0.235331
0.234725
0.234259
0.233934
0.233751
0.233708
0.233804
0.234037
0.234406
0.234906
0.235535
0.236289
0.237162
0.238149
0.239247
0.240448
0.241747
0.243137
0.244614
0.246169
0.247797
0.249491
0.251244
0.253051
0.254904
0.256798
0.258725
0.260681
0.262659
0.264653
0.266657
0.268667
0.270677
0.272681
0.274676
0.276656
0.278617
0.280554
0.282464
0.284343
0.286187
0.287993
0.289756
0.291475
0.293146
0.294766
0.296333
0.297845
0.299298
0.300692
0.302023
0.303291
0.304493
0.305628
0.306694
0.307691
0.308618
0.309473
0.310255
0.310964
0.3116
0.312162
0.312649
0.313062
0.313402
0.313667
0.313858
0.313976
0.314022
0.313996
0.313899
0.313732
0.313496
0.313194
0.312826
0.312393
0.311899
0.311344
0.310731
0.310062
0.309339
0.308565
0.307743
0.306874
0.305963
0.305011
0.304022
0.302999
0.301945
0.300862
0.299755
0.298627
0.297481
0.29632
0.295148
0.293967
0.292782
0.291595
0.29041
0.28923
0.288058
0.286897
0.28575
0.28462
0.28351
0.282421
0.281358
0.280321
0.279314
0.278338
0.277396
0.276489
0.275618
0.274785
0.273992
0.273239
0.272528
0.271859
0.271233
0.27065
0.27011
0.269615
0.269163
0.268755
0.26839
0.268068
0.267789
0.267552
0.267355
0.2672
0.267083
0.267006
0.266966
0.266962
0.266994
0.26706
0.267159
0.267289
0.26745
0.26764
0.267858
0.268103
0.268372
0.268666
0.268981
0.269318
0.269675
0.27005
0.270441
0.270849
0.271271
0.271705
0.272151
0.272608
0.273073
0.273545
0.274024
0.274508
0.274995
0.275484
0.275974
0.276464
0.276952
0.277437
0.277918
0.278393
0.278862
0.279323
0.279774
0.280216
0.280647
0.281065
0.28147
0.281861
0.282238
0.282598
0.282942
0.283269
0.283579
0.28387
0.284142
0.284396
0.28463
0.284845
0.28504
0.285216
0.285373
0.28551
0.285629
0.28573
0.285813
0.285878
0.285927
0.28596
0.285979
0.285983
0.285975
0.285954
0.285924
0.285883
0.285834
0.285779
0.285718
0.285652
0.285584
0.285514
0.285445
0.285376
0.28531
0.285248
0.285192
0.285141
0.285099
0.285064
0.28504
0.285026
0.285024
0.285034
0.285056
0.285092
0.285142
0.285206
0.285284
0.285376
0.285483
0.285603
0.285738
0.285885
0.286046
0.286218
0.286402
0.286597
0.2868
0.287013
0.287233
0.287458
0.287689
0.287923
0.288159
0.288396
0.288631
0.288865
0.289094
0.289318
0.289534
0.289743
0.28994
0.290127
0.2903
0.290458
0.2906
0.290725
0.290831
0.290917
0.290982
0.291025
0.291044
0.291039
0.291008
0.290951
0.290867
0.290756
0.290617
0.290448
0.290251
0.290025
0.289768
0.289482
0.289167
0.288821
0.288446
0.288042
0.287608
0.287146
0.286656
0.286137
0.285592
0.285021
0.284424
0.283803
0.283158
0.282491
0.281802
0.281093
0.280365
0.279619
0.278858
0.278081
0.277291
0.27649
0.275679
0.274859
0.274033
0.273202
0.272369
0.271535
0.270702
0.269872
0.269048
0.26823
0.267423
0.266627
0.265845
0.265079
0.264332
0.263605
0.262901
0.262222
0.26157
0.260948
0.260357
0.2598
0.259279
0.258796
0.258353
0.257952
0.257595
0.257283
0.257018
0.256801
0.256635
0.25652
0.256458
0.256449
0.256494
0.256594
0.25675
0.256962
0.257231
0.257555
0.257936
0.258372
0.258864
0.25941
0.26001
0.260663
0.261367
0.262121
0.262925
0.263775
0.26467
0.265609
0.266589
0.267608
0.268663
0.269753
0.270875
0.272026
0.273204
0.274405
0.275628
0.276869
0.278126
0.279395
0.280674
0.28196
0.28325
0.284541
0.28583
0.287115
0.288393
0.289662
0.290917
0.292157
0.29338
0.294582
0.295761
0.296916
0.298043
0.29914
0.300205
0.301237
0.302233
0.303191
0.30411
0.304987
0.305822
0.306612
0.307357
0.308054
0.308703
0.309302
0.30985
0.310347
0.310791
0.311182
0.311519
0.311802
0.312029
0.3122
0.312316
0.312375
0.312378
0.312325
0.312216
0.31205
0.311829
0.311551
0.311219
0.310832
0.310391
0.309897
0.30935
0.308752
0.308103
0.307404
0.306657
0.305862
0.305022
0.304137
0.303209
0.30224
0.301232
0.300185
0.299103
0.297986
0.296837
0.295658
0.294451
0.293218
0.291962
0.290685
0.289388
0.288076
0.28675
0.285412
0.284066
0.282713
0.281357
0.28
0.278646
0.277296
0.275953
0.274621
0.273301
0.271997
0.270712
0.269447
0.268206
0.266991
0.265806
0.264651
0.26353
0.262446
0.261399
0.260394
0.259431
0.258512
0.25764
0.256816
0.256042
0.255319
0.254649
0.254033
0.253471
0.252965
0.252515
0.252121
0.251785
0.251507
0.251285
0.251121
0.251013
0.250962
0.250967
0.251027
0.25114
0.251307
0.251526
0.251794
0.252112
0.252478
0.252888
0.253343
0.25384
0.254377
0.254952
0.255564
0.256209
0.256885
0.257592
0.258325
0.259084
0.259865
0.260667
0.261486
0.262322
0.263171
0.264032
0.264901
0.265778
0.266659
0.267543
0.268427
0.26931
0.270189
0.271063
0.271929
0.272785
0.273631
0.274463
0.275281
0.276082
0.276866
0.27763
0.278373
0.279094
0.279791
0.280463
0.281109
0.281728
0.282318
0.282879
0.283409
0.283907
0.284374
0.284807
0.285207
0.285572
0.285902
0.286197
0.286455
0.286678
0.286864
0.287012
0.287124
0.287199
0.287236
0.287236
0.2872
0.287126
0.287016
0.286869
0.286687
0.28647
0.286217
0.285931
0.285611
0.285258
0.284874
0.284459
0.284014
0.28354
0.283038
0.28251
0.281957
0.28138
0.28078
0.280159
0.279519
0.278861
0.278187
0.277498
0.276797
0.276084
0.275361
0.274632
0.273896
0.273157
0.272416
0.271675
0.270936
0.2702
0.269471
0.268749
0.268037
0.267336
0.266649
0.265977
0.265322
0.264686
0.264071
0.263478
0.262908
0.262364
0.261847
0.261358
0.260898
0.26047
0.260073
0.25971
0.259381
0.259087
0.258828
0.258606
0.258421
0.258274
0.258164
0.258093
0.25806
0.258065
0.258109
0.258191
0.258311
0.258468
0.258663
0.258894
0.259161
0.259464
0.259801
0.260171
0.260574
0.261009
0.261474
0.261968
0.262491
0.26304
0.263614
0.264213
0.264834
0.265476
0.266138
0.266818
0.267515
0.268227
0.268953
0.26969
0.270438
0.271195
0.271959
0.272728
0.273502
0.274278
0.275056
0.275832
0.276607
0.277379
0.278145
0.278906
0.279659
0.280403
0.281136
0.281858
0.282568
0.283263
0.283944
0.284608
0.285255
0.285884
0.286494
0.287084
0.287653
0.288201
0.288727
0.289229
0.289708
0.290162
0.290593
0.290997
0.291377
0.291731
0.292058
0.29236
0.292634
0.292883
0.293105
0.2933
0.293468
0.293611
0.293727
0.293817
0.293882
0.293921
0.293936
0.293926
0.293892
0.293834
0.293754
0.293652
0.293527
0.293383
0.293218
0.293033
0.29283
0.29261
0.292372
0.292119
0.29185
0.291567
0.291271
0.290963
0.290644
0.290314
0.289974
0.289627
0.289271
0.28891
0.288543
0.288171
0.287795
0.287417
0.287037
0.286656
0.286275
0.285895
0.285517
0.28514
0.284767
0.284398
0.284033
0.283674
0.28332
0.282973
0.282632
0.282299
0.281974
0.281657
0.281349
0.281049
0.280759
0.280479
0.280208
0.279947
0.279696
0.279454
0.279223
0.279002
0.27879
0.278589
0.278396
0.278214
0.27804
0.277875
0.277719
0.277571
0.27743
0.277297
0.277171
0.277051
0.276937
0.276829
0.276725
0.276626
0.27653
0.276438
0.276347
0.276259
0.276172
0.276085
0.275999
0.275911
0.275823
0.275732
0.275639
0.275543
0.275443
0.275339
0.27523
0.275115
0.274995
0.274868
0.274735
0.274595
0.274447
0.274291
0.274127
0.273955
0.273774
0.273585
0.273387
0.27318
0.272964
0.272739
0.272505
0.272263
0.272013
0.271754
0.271487
0.271213
0.270931
0.270643
0.270349
0.270048
0.269743
0.269433
0.269119
0.268802
0.268483
0.268161
0.267839
0.267517
0.267195
0.266875
0.266558
0.266244
0.265934
0.265629
0.265331
0.265039
0.264755
0.264481
0.264216
0.263961
0.263718
0.263487
0.263269
0.263066
0.262876
0.262702
0.262544
0.262402
0.262278
0.262171
0.262082
0.262012
0.261961
0.261928
0.261916
0.261923
0.26195
0.261996
0.262063
0.26215
0.262256
0.262383
0.262529
0.262694
0.262878
0.263081
0.263302
0.263541
0.263797
0.26407
0.26436
0.264665
0.264985
0.26532
0.265669
0.26603
0.266404
0.266789
0.267185
0.267591
0.268006
0.26843
0.268861
0.269298
0.269742
0.27019
0.270643
0.271098
0.271557
0.272017
0.272478
0.272939
0.273399
0.273858
0.274315
0.274769
0.275219
0.275665
0.275423
0.275803
0.276158
0.276489
0.276799
0.277091
0.277368
0.277632
0.277884
0.278125
0.278355
0.278575
0.278784
0.278983
0.279169
0.279343
0.279505
0.279653
0.279788
0.27991
0.28002
0.280118
0.280204
0.280279
0.280343
0.280396
0.280438
0.28047
0.280492
0.280504
0.280507
0.280501
0.280486
0.280463
0.280433
0.280396
0.280353
0.280304
0.280251
0.280194
0.280133
0.280069
0.280002
0.279934
0.279866
0.279796
0.279727
0.279659
0.279593
0.279529
0.279467
0.279409
0.279354
0.279304
0.279258
0.279218
0.279183
0.279153
0.27913
0.279114
0.279103
0.2791
0.279103
0.279113
0.279131
0.279155
0.279185
0.279223
0.279267
0.279317
0.279373
0.279435
0.279503
0.279575
0.279652
0.279733
0.279818
0.279906
0.279997
0.280089
0.280184
0.280279
0.280374
0.280469
0.280562
0.280654
0.280743
0.280829
0.28091
0.280987
0.281058
0.281123
0.28118
0.281229
0.28127
0.281301
0.281321
0.281331
0.281328
0.281314
0.281286
0.281244
0.281187
0.281116
0.281029
0.280925
0.280805
0.280667
0.280512
0.280338
0.280146
0.279935
0.279704
0.279454
0.279184
0.278894
0.278584
0.278253
0.277902
0.27753
0.277138
0.276725
0.276292
0.275839
0.275365
0.274872
0.274358
0.273826
0.273274
0.272703
0.272114
0.271508
0.270884
0.270243
0.269587
0.268915
0.268228
0.267527
0.266814
0.266088
0.265351
0.264603
0.263847
0.263082
0.26231
0.261531
0.260748
0.259962
0.259173
0.258383
0.257594
0.256806
0.256021
0.255241
0.254467
0.2537
0.252942
0.252194
0.251459
0.250736
0.250029
0.249338
0.248665
0.248011
0.247378
0.246767
0.24618
0.245618
0.245082
0.244574
0.244094
0.243644
0.243224
0.242837
0.242482
0.242161
0.241875
0.241623
0.241407
0.241227
0.241083
0.240976
0.240906
0.240873
0.240877
0.240917
0.240994
0.241107
0.241256
0.24144
0.241658
0.24191
0.242195
0.242512
0.24286
0.243237
0.243643
0.244077
0.244536
0.24502
0.245527
0.246055
0.246603
0.24717
0.247753
0.248351
0.248963
0.249586
0.250219
0.250859
0.251506
0.252157
0.252811
0.253465
0.254118
0.254769
0.255415
0.256054
0.256686
0.257307
0.257918
0.258515
0.259098
0.259665
0.260214
0.260744
0.261253
0.26174
0.262205
0.262644
0.263058
0.263445
0.263804
0.264134
0.264434
0.264703
0.26494
0.265145
0.265316
0.265453
0.265555
0.265622
0.265653
0.265648
0.265607
0.265528
0.265413
0.26526
0.265071
0.264844
0.264579
0.264278
0.26394
0.263565
0.263154
0.262707
0.262225
0.261708
0.261157
0.260573
0.259956
0.259308
0.258629
0.25792
0.257182
0.256417
0.255626
0.254809
0.253969
0.253107
0.252225
0.251323
0.250404
0.249469
0.24852
0.247559
0.246587
0.245608
0.244622
0.243631
0.242639
0.241646
0.240656
0.239669
0.238689
0.237718
0.236758
0.235811
0.23488
0.233966
0.233072
0.232201
0.231354
0.230534
0.229743
0.228983
0.228257
0.227565
0.226911
0.226296
0.225721
0.225189
0.224701
0.224259
0.223864
0.223518
0.223221
0.222974
0.222779
0.222637
0.222547
0.22251
0.222527
0.222598
0.222723
0.222902
0.223135
0.22342
0.223758
0.224149
0.22459
0.225081
0.225622
0.226211
0.226846
0.227527
0.228252
0.229018
0.229826
0.230672
0.231555
0.232473
0.233424
0.234407
0.235418
0.236457
0.237521
0.238607
0.239714
0.24084
0.241983
0.243139
0.244308
0.245487
0.246674
0.247867
0.249063
0.250262
0.25146
0.252656
0.253848
0.255034
0.256213
0.257381
0.258538
0.259682
0.260812
0.261924
0.263019
0.264094
0.265149
0.26618
0.267188
0.268171
0.269128
0.270056
0.270956
0.271827
0.272666
0.273473
0.274247
0.274988
0.275694
0.276364
0.276999
0.277596
0.278156
0.278677
0.27916
0.279604
0.280009
0.280373
0.280696
0.28098
0.281222
0.281423
0.281582
0.2817
0.281777
0.281812
0.281805
0.281757
0.281667
0.281536
0.281363
0.281149
0.280895
0.2806
0.280264
0.279889
0.279474
0.279019
0.278526
0.277994
0.277425
0.276818
0.276174
0.275494
0.274778
0.274027
0.273241
0.272422
0.27157
0.270685
0.269769
0.268821
0.267844
0.266838
0.265803
0.26474
0.263651
0.262536
0.261397
0.260233
0.259047
0.257839
0.25661
0.255361
0.254094
0.252809
0.251507
0.250191
0.24886
0.247517
0.246162
0.244797
0.243422
0.242041
0.240652
0.239259
0.237863
0.236464
0.235065
0.233667
0.232271
0.230879
0.229493
0.228114
0.226744
0.225385
0.224038
0.222704
0.221387
0.220086
0.218805
0.217545
0.216307
0.215094
0.213907
0.212747
0.211618
0.21052
0.209455
0.208424
0.207431
0.206475
0.205559
0.204685
0.203853
0.203065
0.202323
0.201628
0.200981
0.200384
0.199837
0.199341
0.198897
0.198507
0.19817
0.197887
0.19766
0.197487
0.197369
0.197307
0.197301
0.19735
0.197453
0.197612
0.197824
0.198091
0.198409
0.19878
0.199203
0.199675
0.200196
0.200764
0.201379
0.202039
0.202743
0.203488
0.204274
0.205099
0.20596
0.206857
0.207787
0.208748
0.209739
0.210758
0.211802
0.212871
0.213961
0.215071
0.216199
0.217343
0.218501
0.21967
0.22085
0.222038
0.223233
0.224431
0.225633
0.226834
0.228035
0.229232
0.230425
0.231611
0.232789
0.233957
0.235113
0.236256
0.237385
0.238497
0.239591
0.240666
0.241721
0.242754
0.243763
0.244747
0.245706
0.246638
0.247541
0.248415
0.249259
0.250071
0.250851
0.251597
0.252309
0.252986
0.253627
0.254231
0.254798
0.255326
0.255816
0.256267
0.256678
0.257049
0.25738
0.257669
0.257917
0.258124
0.258288
0.258411
0.258492
0.258532
0.258529
0.258484
0.258397
0.258269
0.258099
0.257888
0.257637
0.257345
0.257013
0.256642
0.256232
0.255784
0.255298
0.254775
0.254217
0.253623
0.252995
0.252334
0.25164
0.250916
0.250161
0.249377
0.248566
0.247728
0.246866
0.24598
0.245071
0.244142
0.243194
0.242228
0.241246
0.24025
0.239242
0.238223
0.237195
0.23616
0.23512
0.234077
0.233032
0.231988
0.230947
0.22991
0.228881
0.22786
0.22685
0.225854
0.224872
0.223907
0.222962
0.222038
0.221138
0.220263
0.219415
0.218597
0.21781
0.217056
0.216337
0.215655
0.215011
0.214407
0.213844
0.213325
0.21285
0.21242
0.212038
0.211703
0.211416
0.21118
0.210993
0.210857
0.210773
0.21074
0.210758
0.210828
0.21095
0.211124
0.211348
0.211623
0.211948
0.212322
0.212745
0.213215
0.213731
0.214293
0.214898
0.215545
0.216234
0.216961
0.217726
0.218528
0.219363
0.22023
0.221128
0.222054
0.223006
0.223983
0.224981
0.226
0.227036
0.228089
0.229154
0.230232
0.231318
0.232411
0.23351
0.234611
0.235713
0.236813
0.23791
0.239001
0.240084
0.241158
0.24222
0.243269
0.244302
0.245317
0.246314
0.24729
0.248243
0.249171
0.250074
0.250948
0.251794
0.252609
0.253392
0.254141
0.254855
0.255533
0.256174
0.256775
0.257337
0.257858
0.258337
0.258773
0.259164
0.259511
0.259812
0.260067
0.260274
0.260433
0.260544
0.260606
0.260618
0.26058
0.260491
0.260351
0.26016
0.259918
0.259624
0.259278
0.258881
0.258431
0.25793
0.257377
0.256772
0.256117
0.255409
0.254652
0.253843
0.252985
0.252078
0.251121
0.250116
0.249064
0.247965
0.246819
0.245629
0.244395
0.243117
0.241797
0.240436
0.239035
0.237596
0.236119
0.234607
0.233061
0.231481
0.229871
0.228231
0.226563
0.22487
0.223152
0.221413
0.219653
0.217876
0.216084
0.214278
0.212461
0.210636
0.208806
0.206971
0.205137
0.203304
0.201477
0.199657
0.197848
0.196054
0.194276
0.192518
0.190784
0.189077
0.187399
0.185754
0.184147
0.182579
0.181054
0.179576
0.178148
0.176773
0.175455
0.174196
0.173
0.171869
0.170808
0.169817
0.1689
0.16806
0.167298
0.166617
0.166017
0.165502
0.165071
0.164727
0.16447
0.1643
0.164217
0.164222
0.164314
0.164493
0.164757
0.165105
0.165537
0.166049
0.166641
0.16731
0.168053
0.168869
0.169755
0.170707
0.171723
0.172799
0.173933
0.175122
0.176361
0.177647
0.178978
0.18035
0.181759
0.183202
0.184675
0.186176
0.187701
0.189246
0.190809
0.192386
0.193975
0.195572
0.197175
0.19878
0.200385
0.201987
0.203583
0.205171
0.206749
0.208315
0.209865
0.211398
0.212911
0.214403
0.215872
0.217316
0.218733
0.220121
0.221479
0.222806
0.224099
0.225357
0.22658
0.227766
0.228914
0.230022
0.231091
0.232118
0.233103
0.234046
0.234945
0.2358
0.23661
0.237376
0.238096
0.23877
0.239397
0.239978
0.240513
0.241001
0.241442
0.241837
0.242184
0.242486
0.24274
0.242949
0.243112
0.24323
0.243302
0.24333
0.243315
0.243255
0.243153
0.243009
0.242823
0.242597
0.242331
0.242026
0.241683
0.241303
0.240887
0.240436
0.239952
0.239434
0.238885
0.238305
0.237696
0.23706
0.236396
0.235708
0.234995
0.234259
0.233503
0.232726
0.231932
0.23112
0.230293
0.229452
0.228598
0.227733
0.226859
0.225977
0.225088
0.224194
0.223297
0.222397
0.221498
0.220599
0.219702
0.218809
0.217922
0.217041
0.216168
0.215305
0.214452
0.213611
0.212783
0.21197
0.211172
0.21039
0.209627
0.208882
0.208156
0.207451
0.206767
0.206106
0.205467
0.204852
0.20426
0.203694
0.203153
0.202637
0.202147
0.201683
0.201246
0.200835
0.200451
0.200093
0.199762
0.199458
0.19918
0.198928
0.198702
0.198502
0.198327
0.198177
0.198051
0.197949
0.19787
0.197814
0.197779
0.197767
0.197775
0.197803
0.19785
0.197916
0.198
0.1981
0.198217
0.19835
0.198496
0.198657
0.198831
0.199017
0.199214
0.199421
0.199639
0.199865
0.2001
0.200343
0.200592
0.200847
0.201107
0.201372
0.201641
0.201914
0.202189
0.202466
0.202745
0.203025
0.203306
0.203586
0.203866
0.204146
0.204423
0.2047
0.204974
0.205246
0.205515
0.20578
0.206043
0.206302
0.206557
0.206808
0.207055
0.207297
0.207535
0.207768
0.207996
0.208219
0.208436
0.208649
0.208856
0.209058
0.209254
0.209445
0.20963
0.209809
0.209983
0.210151
0.210313
0.21047
0.210621
0.210766
0.210905
0.211038
0.211165
0.211286
0.211401
0.21151
0.211613
0.211709
0.2118
0.211884
0.211962
0.212033
0.212098
0.212156
0.212207
0.212251
0.212289
0.212319
0.212342
0.212358
0.212366
0.212366
0.212359
0.212344
0.21232
0.212288
0.212248
0.212199
0.212141
0.212074
0.211997
0.211912
0.211817
0.211712
0.211597
0.211471
0.211336
0.21119
0.211034
0.210867
0.210689
0.2105
0.2103
0.210088
0.209866
0.209632
0.209386
0.209129
0.208861
0.208581
0.20829
0.207987
0.207673
0.207347
0.207011
0.206663
0.206305
0.205936
0.205556
0.205166
0.204766
0.204357
0.203938
0.203511
0.203074
0.20263
0.202178
0.201719
0.201253
0.200781
0.200303
0.199821
0.199334
0.198844
0.198351
0.197855
0.197358
0.196861
0.196364
0.195867
0.195373
0.194881
0.194393
0.19391
0.193432
0.19296
0.192496
0.19204
0.191594
0.191158
0.190733
0.19032
0.189921
0.189535
0.189165
0.188811
0.188474
0.188154
0.187854
0.187573
0.187312
0.187072
0.186855
0.186659
0.186487
0.186339
0.186216
0.186117
0.186043
0.185995
0.185973
0.185977
0.186008
0.186065
0.186149
0.18626
0.186397
0.186561
0.186751
0.186967
0.187208
0.187475
0.187766
0.188082
0.188421
0.188783
0.189168
0.189574
0.19
0.190446
0.190912
0.191395
0.191894
0.19241
0.19294
0.193484
0.194041
0.194609
0.195187
0.195773
0.196368
0.196969
0.197575
0.198186
0.198799
0.199413
0.200028
0.200642
0.201254
0.201862
0.202466
0.203064
0.203655
0.204238
0.204812
0.205375
0.205928
0.206468
0.206994
0.207507
0.208004
0.208485
0.208949
0.209396
0.209823
0.210232
0.210621
0.210989
0.211335
0.211661
0.211963
0.212243
0.2125
0.212733
0.212943
0.213128
0.213288
0.213424
0.213535
0.213622
0.213683
0.213719
0.213731
0.213717
0.213679
0.213616
0.213529
0.213418
0.213282
0.213124
0.212942
0.212737
0.212511
0.212262
0.211992
0.211702
0.211392
0.211062
0.210713
0.210347
0.209963
0.209562
0.209146
0.208715
0.20827
0.207812
0.207341
0.206859
0.206366
0.205863
0.205352
0.204833
0.204308
0.203776
0.20324
0.2027
0.202156
0.201611
0.201065
0.200519
0.199973
0.199429
0.198888
0.19835
0.197817
0.197289
0.196767
0.196252
0.195744
0.195245
0.194755
0.194274
0.193804
0.193344
0.192896
0.19246
0.192036
0.191624
0.191226
0.190841
0.19047
0.190113
0.18977
0.189441
0.189126
0.188826
0.18854
0.188268
0.188011
0.187767
0.187538
0.187322
0.187119
0.18693
0.186753
0.186589
0.186437
0.186297
0.186168
0.186049
0.185942
0.185843
0.185755
0.185675
0.185603
0.185539
0.185482
0.185432
0.185388
0.18535
0.185317
0.185289
0.185264
0.185243
0.185226
0.185211
0.185198
0.185188
0.185178
0.18517
0.185163
0.185156
0.18515
0.185143
0.185136
0.185129
0.185121
0.185113
0.185103
0.185094
0.185083
0.185071
0.185059
0.185047
0.185034
0.18502
0.185007
0.184994
0.184981
0.184969
0.184958
0.184949
0.184941
0.184936
0.184933
0.184934
0.184938
0.184945
0.184958
0.184975
0.184998
0.185028
0.185063
0.185106
0.185157
0.185216
0.185283
0.18536
0.185446
0.185543
0.18565
0.185769
0.185899
0.186041
0.186195
0.186362
0.186543
0.186736
0.186943
0.187163
0.187397
0.187646
0.187908
0.188185
0.188475
0.18878
0.189098
0.18943
0.189776
0.190135
0.190507
0.190891
0.191288
0.191696
0.192116
0.192546
0.192987
0.193437
0.193895
0.194362
0.194836
0.195317
0.195803
0.196295
0.19679
0.197288
0.197788
0.19829
0.198792
0.199293
0.199791
0.200287
0.200779
0.201266
0.201747
0.202221
0.202686
0.203142
0.203588
0.204022
0.204444
0.204852
0.205245
0.205622
0.205983
0.206326
0.206651
0.206955
0.207239
0.207502
0.207742
0.207959
0.208151
0.208319
0.208461
0.208577
0.208665
0.208726
0.208758
0.208761
0.208734
0.208677
0.20859
0.208471
0.208322
0.20814
0.207926
0.20768
0.207401
0.207089
0.206745
0.206367
0.205957
0.205513
0.205037
0.204528
0.203986
0.203412
0.202806
0.202168
0.201499
0.200798
0.200068
0.199307
0.198517
0.197699
0.196852
0.195978
0.195078
0.194153
0.193202
0.192228
0.191232
0.190214
0.189176
0.188119
0.187043
0.185952
0.184845
0.183724
0.182591
0.181447
0.180295
0.179134
0.177968
0.176797
0.175624
0.174451
0.173279
0.17211
0.170946
0.16979
0.168642
0.167506
0.166383
0.165275
0.164185
0.163114
0.162065
0.161039
0.160039
0.159068
0.158126
0.157216
0.15634
0.1555
0.154698
0.153936
0.153215
0.152537
0.151904
0.151318
0.150779
0.150289
0.14985
0.149461
0.149125
0.148842
0.148613
0.148438
0.148317
0.148251
0.14824
0.148283
0.148381
0.148533
0.148739
0.148997
0.149307
0.149668
0.150079
0.150539
0.151047
0.1516
0.152198
0.152839
0.153521
0.154242
0.155001
0.155796
0.156624
0.157485
0.158375
0.159294
0.160238
0.161206
0.162197
0.163207
0.164234
0.165278
0.166336
0.167405
0.168485
0.169573
0.170667
0.171766
0.172867
0.173969
0.175071
0.17617
0.177266
0.178356
0.179439
0.180513
0.181578
0.182631
0.183672
0.184699
0.185711
0.186707
0.187686
0.188647
0.189588
0.190509
0.191408
0.192286
0.193141
0.193972
0.194778
0.19556
0.196315
0.197045
0.197747
0.198422
0.199069
0.199688
0.200278
0.200838
0.201369
0.201871
0.202342
0.202783
0.203194
0.203574
0.203924
0.204242
0.20453
0.204787
0.205013
0.205208
0.205372
0.205506
0.205609
0.205682
0.205724
0.205736
0.205719
0.205672
0.205596
0.20549
0.205356
0.205194
0.205004
0.204786
0.204541
0.204269
0.203971
0.203647
0.203298
0.202924
0.202525
0.202103
0.201658
0.20119
0.2007
0.200189
0.199657
0.199104
0.198533
0.197942
0.197334
0.196708
0.196065
0.195407
0.194733
0.194045
0.193343
0.192628
0.191902
0.191164
0.190416
0.189658
0.188892
0.188118
0.187336
0.186549
0.185757
0.184961
0.184161
0.183359
0.182555
0.181751
0.180948
0.180146
0.179346
0.17855
0.177758
0.176971
0.176191
0.175418
0.174653
0.173898
0.173153
0.172419
0.171698
0.17099
0.170296
0.169617
0.168954
0.168309
0.167681
0.167072
0.166483
0.165915
0.165368
0.164844
0.164342
0.163865
0.163412
0.162984
0.162583
0.162208
0.16186
0.161541
0.161249
0.160986
0.160753
0.160549
0.160376
0.160232
0.160119
0.160036
0.159985
0.159964
0.159974
0.160015
0.160086
0.160188
0.160321
0.160483
0.160676
0.160898
0.161148
0.161428
0.161735
0.16207
0.162431
0.162819
0.163232
0.16367
0.164131
0.164616
0.165123
0.165651
0.1662
0.166768
0.167354
0.167958
0.168578
0.169213
0.169863
0.170526
0.1712
0.171886
0.172581
0.173284
0.173996
0.174713
0.175435
0.176162
0.176891
0.177621
0.178352
0.179082
0.179811
0.180536
0.181257
0.181972
0.182681
0.183383
0.184075
0.184758
0.18543
0.18609
0.186737
0.18737
0.187987
0.188589
0.189174
0.18974
0.190288
0.190815
0.191322
0.191807
0.19227
0.192709
0.193125
0.193515
0.193879
0.194217
0.194528
0.194811
0.195066
0.195291
0.195487
0.195652
0.195787
0.19589
0.195961
0.196
0.196007
0.19598
0.195921
0.195827
0.195699
0.195537
0.195341
0.19511
0.194845
0.194544
0.194209
0.193839
0.193433
0.192993
0.192519
0.192009
0.191466
0.190888
0.190276
0.189631
0.188952
0.188241
0.187497
0.186722
0.185915
0.185078
0.184211
0.183315
0.18239
0.181438
0.180458
0.179454
0.178424
0.177371
0.176295
0.175198
0.17408
0.172944
0.171791
0.170621
0.169437
0.16824
0.167032
0.165814
0.164589
0.163357
0.162122
0.160884
0.159647
0.158412
0.157181
0.155957
0.154741
0.153537
0.152347
0.151173
0.150017
0.148883
0.147773
0.146689
0.145634
0.144611
0.143623
0.142671
0.14176
0.14089
0.140066
0.139289
0.138562
0.137887
0.137267
0.136703
0.136199
0.135754
0.135373
0.135055
0.134802
0.134616
0.134497
0.134447
0.134465
0.134553
0.13471
0.134936
0.135231
0.135595
0.136026
0.136524
0.137087
0.137714
0.138404
0.139155
0.139965
0.140832
0.141754
0.142728
0.143752
0.144824
0.145942
0.147101
0.148301
0.149538
0.15081
0.152114
0.153446
0.154805
0.156188
0.157592
0.159014
0.160451
0.161902
0.163363
0.164831
0.166306
0.167783
0.169261
0.170737
0.172209
0.173675
0.175132
0.176579
0.178014
0.179434
0.180838
0.182223
0.183589
0.184933
0.186253
0.187549
0.188818
0.190058
0.19127
0.192451
0.193599
0.194715
0.195796
0.196841
0.197849
0.19882
0.199752
0.200644
0.201496
0.202307
0.203076
0.203802
0.204485
0.205124
0.205718
0.206268
0.206772
0.207231
0.207643
0.20801
0.20833
0.208603
0.20883
0.209009
0.209142
0.209228
0.209268
0.20926
0.209207
0.209107
0.208961
0.208769
0.208533
0.208251
0.207925
0.207555
0.207142
0.206687
0.206189
0.20565
0.20507
0.20445
0.203792
0.203095
0.202361
0.201591
0.200786
0.199946
0.199073
0.198169
0.197233
0.196269
0.195275
0.194255
0.19321
0.19214
0.191047
0.189933
0.188799
0.187646
0.186477
0.185293
0.184095
0.182885
0.181666
0.180437
0.179203
0.177963
0.17672
0.175477
0.174233
0.172993
0.171756
0.170526
0.169304
0.168092
0.166893
0.165707
0.164536
0.163384
0.162251
0.161139
0.160051
0.158987
0.15795
0.156942
0.155964
0.155017
0.154103
0.153224
0.152381
0.151576
0.150809
0.150081
0.149395
0.14875
0.148147
0.147588
0.147073
0.146602
0.146175
0.145794
0.145457
0.145165
0.144919
0.144717
0.144559
0.144445
0.144374
0.144345
0.144359
0.144412
0.144506
0.144638
0.144807
0.145012
0.145252
0.145526
0.145831
0.146166
0.14653
0.146921
0.147337
0.147778
0.14824
0.148722
0.149223
0.149741
0.150274
0.150821
0.15138
0.151948
0.152526
0.15311
0.153699
0.154292
0.154888
0.155484
0.156079
0.156672
0.157262
0.157847
0.158426
0.158998
0.159561
0.160115
0.160658
0.161189
0.161707
0.162212
0.162702
0.163177
0.163636
0.164078
0.164502
0.164908
0.165295
0.165662
0.16601
0.166337
0.166643
0.166928
0.167192
0.167434
0.167653
0.16785
0.168025
0.168177
0.168306
0.168413
0.168496
0.168557
0.168596
0.168611
0.168604
0.168575
0.168523
0.16845
0.168355
0.168238
0.168101
0.167942
0.167764
0.167565
0.167347
0.16711
0.166854
0.16658
0.166288
0.165979
0.165654
0.165313
0.164957
0.164586
0.164201
0.163803
0.163392
0.162969
0.162535
0.162091
0.161637
0.161174
0.160703
0.160224
0.159739
0.159248
0.158752
0.158252
0.157748
0.157242
0.156735
0.156226
0.155718
0.15521
0.154704
0.154201
0.153701
0.153205
0.152715
0.15223
0.151752
0.151281
0.150819
0.150366
0.149923
0.14949
0.149069
0.14866
0.148264
0.147882
0.147513
0.14716
0.146822
0.1465
0.146195
0.145907
0.145637
0.145385
0.145152
0.144938
0.144744
0.14457
0.144416
0.144283
0.14417
0.144079
0.144009
0.143961
0.143934
0.143929
0.143946
0.143985
0.144046
0.144128
0.144233
0.144358
0.144506
0.144674
0.144864
0.145074
0.145305
0.145557
0.145828
0.146118
0.146428
0.146756
0.147103
0.147468
0.14785
0.148248
0.148663
0.149094
0.149539
0.15
0.150474
0.150961
0.151462
0.151974
0.152498
0.153032
0.153577
0.15413
0.154693
0.155263
0.155841
0.156426
0.157016
0.157612
0.158212
0.158816
0.159423
0.160032
0.160643
0.161255
0.161867
0.162479
0.16309
0.163698
0.164305
0.164908
0.165508
0.166103
0.166693
0.167277
0.167855
0.168426
0.168989
0.169544
0.170091
0.170627
0.171154
0.171671
0.172176
0.17267
0.173151
0.17362
0.174076
0.174518
0.174946
0.17536
0.175758
0.176141
0.176508
0.176859
0.177194
0.177511
0.177811
0.178093
0.178358
0.178604
0.178831
0.179039
0.179229
0.179399
0.179549
0.17968
0.179791
0.179881
0.179952
0.180002
0.180032
0.180041
0.180029
0.179997
0.179944
0.17987
0.179776
0.179661
0.179526
0.17937
0.179193
0.178997
0.17878
0.178543
0.178286
0.17801
0.177715
0.1774
0.177067
0.176714
0.176344
0.175956
0.17555
0.175127
0.174687
0.17423
0.173758
0.17327
0.172767
0.172249
0.171718
0.171172
0.170614
0.170043
0.169461
0.168867
0.168262
0.167647
0.167023
0.16639
0.165748
0.1651
0.164444
0.163783
0.163116
0.162444
0.161769
0.16109
0.160409
0.159726
0.159042
0.158358
0.157674
0.156992
0.156311
0.155633
0.154959
0.154289
0.153624
0.152964
0.152311
0.151664
0.151026
0.150395
0.149774
0.149162
0.148561
0.14797
0.14739
0.146823
0.146268
0.145725
0.145196
0.144681
0.14418
0.143693
0.143221
0.142765
0.142323
0.141898
0.141488
0.141094
0.140716
0.140354
0.140009
0.13968
0.139366
0.139069
0.138788
0.138523
0.138274
0.13804
0.137822
0.137618
0.137429
0.137255
0.137095
0.136948
0.136815
0.136695
0.136588
0.136492
0.136408
0.136336
0.136274
0.136222
0.136179
0.136146
0.136122
0.136106
0.136098
0.136096
0.136101
0.136113
0.13613
0.136152
0.136179
0.136211
0.136246
0.136284
0.136326
0.13637
0.136416
0.136464
0.136514
0.136564
0.136616
0.136669
0.136722
0.136775
0.136828
0.136881
0.136934
0.136986
0.137038
0.13709
0.137141
0.137191
0.137241
0.137291
0.13734
0.137389
0.137438
0.137487
0.137536
0.137586
0.137637
0.137688
0.13774
0.137794
0.13785
0.137908
0.137969
0.138032
0.138099
0.138169
0.138244
0.138322
0.138406
0.138495
0.13859
0.138691
0.138798
0.138913
0.139035
0.139165
0.139304
0.139451
0.139607
0.139773
0.139949
0.140136
0.140333
0.140541
0.140761
0.140992
0.141236
0.141492
0.14176
0.142041
0.142334
0.142641
0.142961
0.143295
0.143641
0.144001
0.144375
0.144762
0.145162
0.145575
0.146002
0.146441
0.146893
0.147358
0.147835
0.148324
0.148825
0.149337
0.14986
0.150393
0.150937
0.151491
0.152054
0.152625
0.153205
0.153793
0.154387
0.154989
0.155596
0.156209
0.156826
0.157447
0.158072
0.1587
0.15933
0.159961
0.160593
0.161226
0.161857
0.162487
0.163116
0.163741
0.164363
0.164981
0.165595
0.166202
0.166804
0.167399
0.167986
0.168566
0.169136
0.169697
0.170248
0.170788
0.171317
0.171835
0.172339
0.172831
0.173309
0.173773
0.174223
0.174657
0.175076
0.175478
0.175865
0.176234
0.176586
0.17692
0.177236
0.177534
0.177812
0.178072
0.178312
0.178533
0.178733
0.178914
0.179074
0.179213
0.179332
0.179429
0.179506
0.179562
0.179596
0.179608
0.1796
0.17957
0.179519
0.179446
0.179351
0.179236
0.179099
0.178941
0.178762
0.178562
0.178341
0.1781
0.177838
0.177556
0.177254
0.176933
0.176592
0.176231
0.175852
0.175455
0.175039
0.174605
0.174154
0.173686
0.173201
0.1727
0.172183
0.171651
0.171104
0.170543
0.169968
0.16938
0.168779
0.168165
0.16754
0.166904
0.166258
0.165601
0.164936
0.164262
0.163579
0.16289
0.162194
0.161491
0.160784
0.160072
0.159356
0.158637
0.157915
0.157191
0.156467
0.155742
0.155017
0.154294
0.153573
0.152854
0.152138
0.151427
0.15072
0.150019
0.149324
0.148636
0.147956
0.147284
0.146621
0.145968
0.145326
0.144694
0.144075
0.143467
0.142873
0.142292
0.141726
0.141174
0.140637
0.140117
0.139612
0.139124
0.138654
0.1382
0.137765
0.137348
0.13695
0.13657
0.13621
0.135869
0.135547
0.135245
0.134963
0.1347
0.134458
0.134235
0.134032
0.133849
0.133686
0.133542
0.133417
0.133312
0.133225
0.133158
0.133108
0.133077
0.133063
0.133066
0.133086
0.133123
0.133176
0.133243
0.133326
0.133424
0.133535
0.133659
0.133797
0.133946
0.134107
0.134278
0.13446
0.134652
0.134853
0.135062
0.135279
0.135503
0.135733
0.135969
0.13621
0.136456
0.136706
0.136959
0.137215
0.137472
0.137732
0.137992
0.138252
0.138512
0.138771
0.139029
0.139285
0.139538
0.139789
0.140036
0.14028
0.140519
0.140753
0.140982
0.141206
0.141424
0.141636
0.141841
0.142039
0.14223
0.142413
0.142589
0.142757
0.142917
0.143068
0.143212
0.143346
0.143472
0.143588
0.143696
0.143795
0.143885
0.143965
0.144037
0.144099
0.144153
0.144197
0.144233
0.14426
0.144278
0.144288
0.144289
0.144283
0.144268
0.144245
0.144215
0.144178
0.144134
0.144083
0.144025
0.143962
0.143893
0.143818
0.143738
0.143654
0.143565
0.143473
0.143377
0.143278
0.143176
0.143073
0.142967
0.142861
0.142753
0.142646
0.142538
0.142431
0.142326
0.142222
0.14212
0.142021
0.141925
0.141832
0.141744
0.14166
0.141581
0.141508
0.141441
0.14138
0.141327
0.14128
0.141241
0.141211
0.141189
0.141175
0.141172
0.141177
0.141193
0.141219
0.141255
0.141302
0.141361
0.14143
0.141511
0.141603
0.141707
0.141823
0.141951
0.142091
0.142243
0.142407
0.142583
0.142771
0.142971
0.143182
0.143406
0.14364
0.143887
0.144144
0.144412
0.144691
0.14498
0.145279
0.145588
0.145907
0.146234
0.14657
0.146914
0.147267
0.147626
0.147992
0.148365
0.148743
0.149127
0.149516
0.149909
0.150306
0.150706
0.151109
0.151513
0.151919
0.152327
0.152734
0.153141
0.153547
0.153952
0.154354
0.154754
0.155151
0.155543
0.155931
0.156314
0.156691
0.157062
0.157425
0.157782
0.15813
0.158469
0.158799
0.15912
0.15943
0.159729
0.160017
0.160293
0.160557
0.160807
0.161045
0.161268
0.161477
0.161671
0.16185
0.162014
0.162161
0.162292
0.162406
0.162503
0.162583
0.162644
0.162688
0.162713
0.162719
0.162706
0.162675
0.162623
0.162552
0.162461
0.16235
0.162219
0.162067
0.161895
0.161703
0.161489
0.161255
0.161
0.160724
0.160428
0.16011
0.159772
0.159413
0.159034
0.158634
0.158213
0.157772
0.157311
0.15683
0.156329
0.155808
0.155269
0.15471
0.154132
0.153536
0.152921
0.152289
0.15164
0.150973
0.15029
0.14959
0.148875
0.148145
0.1474
0.146641
0.145869
0.145083
0.144286
0.143476
0.142656
0.141825
0.140985
0.140136
0.139278
0.138414
0.137543
0.136666
0.135785
0.1349
0.134013
0.133123
0.132232
0.131341
0.130452
0.129565
0.128681
0.127801
0.126926
0.126058
0.125198
0.124347
0.123506
0.122676
0.121859
0.121055
0.120266
0.119493
0.118738
0.118001
0.117284
0.116587
0.115913
0.115263
0.114636
0.114036
0.113462
0.112916
0.112399
0.111911
0.111455
0.111029
0.110637
0.110277
0.109952
0.109661
0.109405
0.109185
0.109001
0.108854
0.108742
0.108668
0.108631
0.10863
0.108667
0.108739
0.108849
0.108994
0.109175
0.10939
0.109641
0.109925
0.110242
0.110592
0.110973
0.111384
0.111825
0.112295
0.112792
0.113315
0.113864
0.114436
0.115032
0.115649
0.116286
0.116943
0.117618
0.118309
0.119015
0.119735
0.120468
0.121213
0.121967
0.122731
0.123502
0.12428
0.125063
0.12585
0.12664
0.127432
0.128224
0.129016
0.129806
0.130594
0.131378
0.132157
0.132931
0.133698
0.134457
0.135208
0.13595
0.136682
0.137403
0.138112
0.138809
0.139492
0.140162
0.140817
0.141457
0.142081
0.142689
0.14328
0.143853
0.144409
0.144947
0.145465
0.145965
0.146444
0.146904
0.147344
0.147763
0.148162
0.148539
0.148895
0.14923
0.149544
0.149835
0.150105
0.150353
0.150579
0.150783
0.150966
0.151126
0.151265
0.151381
0.151477
0.151551
0.151603
0.151635
0.151645
0.151635
0.151605
0.151554
0.151484
0.151394
0.151285
0.151157
0.151011
0.150847
0.150666
0.150468
0.150254
0.150023
0.149777
0.149517
0.149242
0.148953
0.148652
0.148338
0.148012
0.147676
0.147329
0.146972
0.146606
0.146232
0.145851
0.145463
0.145069
0.14467
0.144266
0.143859
0.143449
0.143037
0.142624
0.14221
0.141797
0.141385
0.140975
0.140567
0.140164
0.139764
0.13937
0.138982
0.138601
0.138227
0.137861
0.137504
0.137157
0.13682
0.136493
0.136178
0.135875
0.135585
0.135308
0.135045
0.134796
0.134561
0.134342
0.134137
0.133949
0.133776
0.13362
0.13348
0.133356
0.13325
0.13316
0.133087
0.133031
0.132992
0.13297
0.132964
0.132975
0.133002
0.133046
0.133105
0.13318
0.13327
0.133374
0.133494
0.133627
0.133774
0.133934
0.134107
0.134292
0.134488
0.134695
0.134913
0.13514
0.135377
0.135622
0.135875
0.136135
0.136402
0.136675
0.136953
0.137236
0.137523
0.137813
0.138106
0.138401
0.138697
0.138994
0.139291
0.139587
0.139883
0.140176
0.140468
0.140756
0.141042
0.141323
0.1416
0.141871
0.142138
0.142398
0.142652
0.142899
0.143139
0.143372
0.143596
0.143812
0.144019
0.144217
0.144406
0.144586
0.144755
0.144914
0.145063
0.145202
0.14533
0.145447
0.145553
0.145648
0.145732
0.145805
0.145866
0.145916
0.145955
0.145982
0.145998
0.146003
0.145996
0.145978
0.145949
0.145908
0.145857
0.145795
0.145722
0.145639
0.145546
0.145442
0.145328
0.145204
0.145071
0.144928
0.144776
0.144615
0.144446
0.144268
0.144081
0.143887
0.143686
0.143477
0.143261
0.143038
0.142809
0.142574
0.142332
0.142086
0.141834
0.141577
0.141316
0.141051
0.140781
0.140508
0.140232
0.139953
0.139671
0.139387
0.139101
0.138813
0.138524
0.138234
0.137943
0.137652
0.13736
0.137069
0.136779
0.136489
0.1362
0.135913
0.135627
0.135343
0.135062
0.134782
0.134506
0.134233
0.133962
0.133696
0.133433
0.133174
0.132919
0.132668
0.132422
0.132181
0.131945
0.131715
0.131489
0.13127
0.131056
0.130848
0.130646
0.130451
0.130262
0.130079
0.129904
0.129735
0.129574
0.129419
0.129272
0.129132
0.129
0.128876
0.128759
0.12865
0.128549
0.128456
0.128371
0.128295
0.128226
0.128166
0.128114
0.128071
0.128036
0.128009
0.127991
0.127981
0.12798
0.127987
0.128003
0.128027
0.128059
0.1281
0.12815
0.128207
0.128273
0.128347
0.128429
0.128518
0.128616
0.128722
0.128835
0.128955
0.129083
0.129218
0.129361
0.12951
0.129665
0.129828
0.129996
0.130171
0.130351
0.130537
0.130729
0.130925
0.131127
0.131333
0.131543
0.131758
0.131976
0.132197
0.132422
0.132649
0.132879
0.133111
0.133345
0.133581
0.133817
0.134054
0.134292
0.134529
0.134766
0.135003
0.135238
0.135472
0.135704
0.135933
0.13616
0.136384
0.136605
0.136822
0.137035
0.137243
0.137447
0.137645
0.137837
0.138024
0.138204
0.138378
0.138544
0.138703
0.138855
0.138999
0.139134
0.139261
0.139379
0.139487
0.139587
0.139676
0.139756
0.139825
0.139885
0.139933
0.139971
0.139998
0.140014
0.140018
0.140011
0.139993
0.139963
0.139922
0.139868
0.139803
0.139726
0.139637
0.139537
0.139424
0.1393
0.139164
0.139016
0.138857
0.138686
0.138504
0.138311
0.138107
0.137892
0.137666
0.13743
0.137184
0.136928
0.136662
0.136387
0.136104
0.135811
0.13551
0.135201
0.134885
0.134562
0.134231
0.133895
0.133553
0.133205
0.132852
0.132495
0.132134
0.13177
0.131403
0.131033
0.130662
0.130289
0.129916
0.129542
0.129169
0.128797
0.128427
0.128059
0.127693
0.127331
0.126973
0.126619
0.12627
0.125927
0.12559
0.12526
0.124937
0.124621
0.124314
0.124016
0.123727
0.123448
0.123179
0.12292
0.122673
0.122437
0.122212
0.122
0.1218
0.121613
0.121439
0.121278
0.12113
0.120996
0.120876
0.120769
0.120677
0.120598
0.120533
0.120483
0.120446
0.120423
0.120414
0.120419
0.120437
0.120468
0.120512
0.12057
0.12064
0.120722
0.120816
0.120922
0.12104
0.121168
0.121307
0.121456
0.121615
0.121783
0.12196
0.122146
0.122339
0.12254
0.122748
0.122963
0.123183
0.123409
0.12364
0.123876
0.124115
0.124358
0.124605
0.124853
0.125104
0.125357
0.12561
0.125865
0.126119
0.126374
0.126627
0.12688
0.127131
0.12738
0.127627
0.127872
0.128113
0.128352
0.128586
0.128817
0.129043
0.129265
0.129482
0.129694
0.129901
0.130102
0.130298
0.130488
0.130671
0.130848
0.131019
0.131184
0.131342
0.131493
0.131637
0.131775
0.131905
0.132028
0.132145
0.132254
0.132356
0.132451
0.132539
0.13262
0.132694
0.132761
0.132821
0.132874
0.13292
0.132959
0.132991
0.133017
0.133037
0.133049
0.133056
0.133056
0.13305
0.133038
0.13302
0.132996
0.132966
0.132931
0.13289
0.132844
0.132792
0.132735
0.132673
0.132606
0.132535
0.132458
0.132377
0.132291
0.132201
0.132106
0.132007
0.131903
0.131796
0.131684
0.131568
0.131449
0.131325
0.131198
0.131066
0.130931
0.130792
0.13065
0.130504
0.130354
0.1302
0.130043
0.129882
0.129718
0.12955
0.129378
0.129203
0.129024
0.128842
0.128656
0.128466
0.128272
0.128075
0.127874
0.127669
0.127461
0.127249
0.127033
0.126813
0.12659
0.126362
0.126131
0.125896
0.125657
0.125415
0.125168
0.124918
0.124665
0.124407
0.124146
0.123881
0.123612
0.12334
0.123065
0.122786
0.122504
0.122219
0.121931
0.12164
0.121346
0.12105
0.12075
0.120449
0.120146
0.11984
0.119533
0.119224
0.118914
0.118603
0.118291
0.117979
0.117666
0.117354
0.117041
0.11673
0.116419
0.116109
0.115802
0.115496
0.115192
0.114892
0.114594
0.1143
0.11401
0.113724
0.113443
0.113167
0.112896
0.112632
0.112374
0.112123
0.111879
0.111642
0.111414
0.111194
0.110983
0.110782
0.11059
0.110408
0.110237
0.110076
0.109927
0.109789
0.109663
0.10955
0.109449
0.10936
0.109285
0.109222
0.109174
0.109139
0.109117
0.10911
0.109117
0.109137
0.109173
0.109222
0.109285
0.109363
0.109455
0.109562
0.109682
0.109816
0.109964
0.110125
0.1103
0.110488
0.110689
0.110903
0.111129
0.111367
0.111616
0.111877
0.112148
0.11243
0.112722
0.113024
0.113334
0.113654
0.113981
0.114316
0.114658
0.115007
0.115362
0.115723
0.116088
0.116458
0.116831
0.117208
0.117588
0.11797
0.118354
0.118739
0.119124
0.11951
0.119894
0.120278
0.12066
0.12104
0.121418
0.121792
0.122163
0.122529
0.122891
0.123248
0.1236
0.123945
0.124284
0.124617
0.124942
0.12526
0.12557
0.125871
0.126164
0.126448
0.126723
0.126988
0.127244
0.12749
0.127725
0.12795
0.128164
0.128368
0.12856
0.128742
0.128912
0.129071
0.129218
0.129354
0.129478
0.129591
0.129692
0.129781
0.129859
0.129925
0.12998
0.130023
0.130055
0.130076
0.130085
0.130084
0.130072
0.130049
0.130015
0.129972
0.129918
0.129855
0.129781
0.129699
0.129608
0.129507
0.129399
0.129282
0.129158
0.129026
0.128887
0.128741
0.128589
0.128431
0.128267
0.128098
0.127925
0.127747
0.127565
0.127379
0.127191
0.126999
0.126806
0.126611
0.126415
0.126217
0.12602
0.125822
0.125625
0.125429
0.125234
0.125042
0.124851
0.124663
0.124479
0.124297
0.12412
0.123947
0.123779
0.123617
0.123459
0.123308
0.123163
0.123024
0.122893
0.122768
0.122652
0.122542
0.122441
0.122349
0.122265
0.122189
0.122123
0.122065
0.122017
0.121979
0.121949
0.12193
0.12192
0.121919
0.121929
0.121948
0.121977
0.122016
0.122064
0.122122
0.12219
0.122266
0.122353
0.122448
0.122552
0.122665
0.122787
0.122917
0.123055
0.123201
0.123355
0.123516
0.123685
0.12386
0.124042
0.124229
0.124423
0.124622
0.124827
0.125036
0.12525
0.125468
0.125689
0.125914
0.126142
0.126373
0.126605
0.12684
0.127076
0.127313
0.12755
0.127788
0.128026
0.128263
0.128499
0.128734
0.128967
0.129198
0.129426
0.129652
0.129874
0.130093
0.130307
0.130518
0.130724
0.130924
0.131119
0.131309
0.131492
0.131669
0.131839
0.132003
0.132159
0.132307
0.132447
0.13258
0.132703
0.132818
0.132924
0.133021
0.133108
0.133185
0.133253
0.13331
0.133357
0.133393
0.133418
0.133433
0.133436
0.133428
0.133408
0.133377
0.133333
0.133278
0.133211
0.133132
0.13304
0.132936
0.132819
0.13269
0.132549
0.132394
0.132227
0.132047
0.131854
0.131648
0.13143
0.131198
0.130954
0.130697
0.130427
0.130144
0.129849
0.129541
0.12922
0.128887
0.128542
0.128184
0.127814
0.127432
0.127038
0.126633
0.126216
0.125788
0.125348
0.124897
0.124436
0.123964
0.123482
0.122991
0.122489
0.121978
0.121458
0.120929
0.120392
0.119847
0.119294
0.118734
0.118167
0.117594
0.117015
0.11643
0.11584
0.115246
0.114647
0.114045
0.113441
0.112833
0.112224
0.111614
0.111003
0.110393
0.109782
0.109174
0.108567
0.107963
0.107363
0.106766
0.106175
0.105589
0.10501
0.104438
0.103874
0.103318
0.102772
0.102237
0.101713
0.101201
0.100702
0.100216
0.0997448
0.0992889
0.098849
0.0984259
0.0980205
0.0976335
0.0972655
0.0969174
0.0965899
0.0962835
0.095999
0.0957369
0.0954978
0.0952823
0.0950909
0.094924
0.0947821
0.0946654
0.0945744
0.0945093
0.0944703
0.0944576
0.0944713
0.0945114
0.0945781
0.0946711
0.0947904
0.0949359
0.0951074
0.0953045
0.0955269
0.0957744
0.0960463
0.0963424
0.0966621
0.0970049
0.09737
0.097757
0.0981651
0.0985937
0.0990419
0.0995091
0.0999945
0.100497
0.101016
0.101551
0.102101
0.102665
0.103242
0.103831
0.104431
0.105041
0.105661
0.10629
0.106926
0.107569
0.108218
0.108872
0.10953
0.110192
0.110855
0.111521
0.112187
0.112853
0.113518
0.114181
0.114842
0.1155
0.116153
0.116802
0.117446
0.118083
0.118714
0.119338
0.119953
0.12056
0.121157
0.121745
0.122323
0.122889
0.123444
0.123988
0.124519
0.125037
0.125542
0.126033
0.126511
0.126974
0.127422
0.127855
0.128273
0.128676
0.129062
0.129433
0.129787
0.130124
0.130445
0.130749
0.131036
0.131305
0.131558
0.131793
0.132011
0.132212
0.132395
0.13256
0.132708
0.132839
0.132953
0.133049
0.133128
0.13319
0.133236
0.133264
0.133276
0.133271
0.133251
0.133214
0.133161
0.133093
0.13301
0.132912
0.132799
0.132672
0.132531
0.132376
0.132208
0.132026
0.131833
0.131627
0.131409
0.13118
0.13094
0.130689
0.130428
0.130158
0.129879
0.129591
0.129294
0.12899
0.128679
0.128361
0.128037
0.127707
0.127372
0.127032
0.126688
0.12634
0.125989
0.125635
0.12528
0.124922
0.124563
0.124203
0.123844
0.123484
0.123125
0.122767
0.122411
0.122057
0.121705
0.121356
0.12101
0.120668
0.12033
0.119996
0.119667
0.119343
0.119024
0.11871
0.118403
0.118101
0.117806
0.117517
0.117234
0.116958
0.116689
0.116427
0.116172
0.115924
0.115683
0.115449
0.115223
0.115003
0.11479
0.114584
0.114385
0.114192
0.114006
0.113826
0.113652
0.113484
0.113322
0.113165
0.113014
0.112867
0.112724
0.112586
0.112452
0.112322
0.112195
0.11207
0.111949
0.111829
0.111711
0.111595
0.111479
0.111365
0.11125
0.111136
0.11102
0.110904
0.110787
0.110668
0.110547
0.110423
0.110297
0.110168
0.110034
0.109898
0.109756
0.109611
0.10946
0.109305
0.109144
0.108977
0.108804
0.108625
0.10844
0.108248
0.108049
0.107843
0.10763
0.107409
0.107181
0.106946
0.106702
0.106451
0.106192
0.105926
0.105651
0.105369
0.105078
0.10478
0.104474
0.104161
0.10384
0.103511
0.103176
0.102833
0.102483
0.102127
0.101765
0.101396
0.101021
0.100641
0.100255
0.0998649
0.0994699
0.0990708
0.098668
0.0982618
0.0978527
0.0974413
0.0970279
0.0966131
0.0961975
0.0957814
0.0953656
0.0949505
0.0945368
0.0941251
0.093716
0.09331
0.092908
0.0925104
0.092118
0.0917314
0.0913514
0.0909786
0.0906136
0.0902573
0.0899102
0.0895731
0.0892466
0.0889315
0.0886284
0.0883379
0.0880609
0.0877978
0.0875493
0.0873161
0.0870988
0.0868978
0.0867139
0.0865474
0.086399
0.086269
0.086158
0.0860663
0.0859943
0.0859424
0.0859108
0.0858999
0.0859098
0.0859408
0.085993
0.0860664
0.0861613
0.0862775
0.0864151
0.0865739
0.086754
0.0869551
0.0871772
0.0874198
0.0876829
0.0879661
0.0882691
0.0885915
0.0889329
0.0892929
0.0896711
0.090067
0.09048
0.0909097
0.0913556
0.091817
0.0922934
0.0927841
0.0932887
0.0938065
0.0943368
0.094879
0.0954326
0.0959967
0.0965709
0.0971545
0.0977467
0.098347
0.0989548
0.0995694
0.10019
0.100816
0.101447
0.102083
0.102722
0.103364
0.104009
0.104656
0.105304
0.105953
0.106602
0.10725
0.107898
0.108545
0.10919
0.109832
0.110471
0.111108
0.11174
0.112369
0.112992
0.113611
0.114225
0.114832
0.115433
0.116028
0.116616
0.117196
0.117769
0.118334
0.11889
0.119438
0.119977
0.120508
0.121028
0.121539
0.12204
0.122531
0.123012
0.123482
0.123941
0.12439
0.124827
0.125253
0.125667
0.12607
0.126461
0.12684
0.127207
0.127562
0.127904
0.128234
0.128552
0.128858
0.12915
0.12943
0.129697
0.129952
0.130194
0.130422
0.130638
0.130842
0.131032
0.131209
0.131374
0.131525
0.131664
0.13179
0.131903
0.132003
0.132091
0.132166
0.132229
0.132279
0.132317
0.132342
0.132355
0.132356
0.132345
0.132322
0.132288
0.132241
0.132183
0.132114
0.132033
0.131942
0.131839
0.131726
0.131602
0.131467
0.131322
0.131167
0.131002
0.130828
0.130644
0.13045
0.130247
0.130036
0.129815
0.129587
0.129349
0.129104
0.128851
0.12859
0.128322
0.128047
0.127765
0.127476
0.127181
0.126879
0.126572
0.126259
0.12594
0.125616
0.125287
0.124954
0.124616
0.124274
0.123927
0.123577
0.123224
0.122867
0.122508
0.122145
0.12178
0.121413
0.121043
0.120672
0.120299
0.119925
0.11955
0.119173
0.118796
0.118418
0.11804
0.117662
0.117284
0.116906
0.116528
0.116151
0.115774
0.115399
0.115024
0.114651
0.114278
0.113908
0.113538
0.11317
0.112804
0.11244
0.112078
0.111717
0.111359
0.111002
0.110648
0.110296
0.109946
0.109599
0.109254
0.108911
0.10857
0.108232
0.107895
0.107562
0.10723
0.106901
0.106574
0.106249
0.105926
0.105605
0.105287
0.10497
0.104655
0.104343
0.104032
0.103722
0.103415
0.103109
0.102805
0.102502
0.102201
0.101901
0.101603
0.101306
0.10101
0.100716
0.100422
0.10013
0.0998392
0.0995493
0.0992604
0.0989727
0.098686
0.0984004
0.0981159
0.0978325
0.0975503
0.0972693
0.0969896
0.0967112
0.0964341
0.0961586
0.0958847
0.0956124
0.095342
0.0950736
0.0948073
0.0945432
0.0942816
0.0940226
0.0937665
0.0935134
0.0932636
0.0930174
0.0927749
0.0925364
0.0923023
0.0920728
0.0918482
0.0916289
0.0914151
0.0912072
0.0910055
0.0908104
0.0906223
0.0904415
0.0902684
0.0901034
0.0899468
0.0897991
0.0896607
0.0895319
0.0894131
0.0893048
0.0892073
0.089121
0.0890463
0.0889836
0.0889333
0.0888956
0.088871
0.0888598
0.0888623
0.0888788
0.0889097
0.0889552
0.0890155
0.089091
0.0891818
0.0892881
0.0894101
0.0895479
0.0897017
0.0898716
0.0900576
0.0902599
0.0904783
0.0907129
0.0909637
0.0912306
0.0915135
0.0918122
0.0921267
0.0924568
0.0928022
0.0931627
0.0935381
0.0939281
0.0943324
0.0947506
0.0951823
0.0956273
0.0960851
0.0965553
0.0970374
0.097531
0.0980357
0.0985509
0.0990761
0.0996108
0.100154
0.100707
0.101267
0.101834
0.102408
0.102988
0.103574
0.104165
0.10476
0.105359
0.105961
0.106566
0.107173
0.107782
0.108391
0.109
0.109609
0.110217
0.110824
0.111429
0.11203
0.112629
0.113224
0.113814
0.1144
0.11498
0.115554
0.116122
0.116683
0.117236
0.117781
0.118318
0.118846
0.119365
0.119874
0.120372
0.12086
0.121337
0.121802
0.122256
0.122697
0.123126
0.123542
0.123944
0.124333
0.124708
0.125069
0.125415
0.125747
0.126063
0.126365
0.126651
0.126921
0.127175
0.127414
0.127636
0.127841
0.128031
0.128203
0.128359
0.128498
0.12862
0.128724
0.128812
0.128883
0.128936
0.128973
0.128992
0.128993
0.128978
0.128945
0.128896
0.128829
0.128745
0.128645
0.128527
0.128393
0.128243
0.128076
0.127892
0.127693
0.127477
0.127246
0.126999
0.126737
0.12646
0.126168
0.125861
0.12554
0.125204
0.124855
0.124492
0.124116
0.123726
0.123324
0.12291
0.122484
0.122045
0.121596
0.121136
0.120665
0.120183
0.119692
0.119191
0.118682
0.118163
0.117637
0.117102
0.11656
0.116011
0.115456
0.114895
0.114327
0.113755
0.113178
0.112597
0.112011
0.111423
0.110831
0.110238
0.109642
0.109045
0.108446
0.107848
0.107249
0.106651
0.106053
0.105457
0.104863
0.104271
0.103682
0.103096
0.102514
0.101936
0.101363
0.100794
0.100232
0.0996746
0.0991239
0.09858
0.0980432
0.0975139
0.0969925
0.0964793
0.0959748
0.0954792
0.0949928
0.0945161
0.0940493
0.0935927
0.0931465
0.092711
0.0922865
0.0918732
0.0914712
0.0910808
0.0907022
0.0903354
0.0899807
0.0896381
0.0893078
0.0889898
0.0886842
0.088391
0.0881103
0.087842
0.0875862
0.0873428
0.0871118
0.086893
0.0866865
0.0864921
0.0863097
0.0861392
0.0859804
0.0858331
0.0856973
0.0855726
0.085459
0.0853561
0.0852639
0.0851819
0.0851101
0.0850481
0.0849957
0.0849526
0.0849186
0.0848934
0.0848766
0.0848681
0.0848675
0.0848745
0.0848888
0.0849103
0.0849384
0.0849731
0.0850139
0.0850606
0.0851129
0.0851706
0.0852332
0.0853007
0.0853726
0.0854488
0.0855289
0.0856127
0.0857
0.0857905
0.0858841
0.0859803
0.0860791
0.0861803
0.0862835
0.0863887
0.0864956
0.0866041
0.086714
0.0868251
0.0869372
0.0870503
0.0871642
0.0872787
0.0873937
0.0875092
0.087625
0.087741
0.0878571
0.0879734
0.0880896
0.0882057
0.0883218
0.0884376
0.0885533
0.0886687
0.0887839
0.0888989
0.0890135
0.0891279
0.089242
0.0893559
0.0894696
0.089583
0.0896963
0.0898095
0.0899225
0.0900356
0.0901486
0.0902618
0.090375
0.0904885
0.0906023
0.0907164
0.090831
0.0909461
0.0910617
0.0911781
0.0912953
0.0914134
0.0915324
0.0916526
0.0917738
0.0918964
0.0920203
0.0921457
0.0922727
0.0924014
0.0925318
0.0926641
0.0927984
0.0929347
0.0930732
0.093214
0.0933571
0.0935026
0.0936506
0.0938013
0.0939546
0.0941107
0.0942696
0.0944314
0.0945962
0.094764
0.0949348
0.0951088
0.095286
0.0954663
0.0956499
0.0958368
0.0960269
0.0962204
0.0964171
0.0966172
0.0968206
0.0970273
0.0972373
0.0974506
0.097667
0.0978867
0.0981096
0.0983356
0.0985646
0.0987966
0.0990315
0.0992693
0.0995099
0.0997531
0.0999989
0.100247
0.100498
0.100751
0.101006
0.101263
0.101522
0.101782
0.102045
0.102308
0.102573
0.10284
0.103107
0.103375
0.103643
0.103912
0.104182
0.104451
0.10472
0.104989
0.105258
0.105526
0.105793
0.106059
0.106323
0.106586
0.106848
0.107107
0.107365
0.10762
0.107873
0.108123
0.10837
0.108614
0.108854
0.109091
0.109324
0.109553
0.109778
0.109999
0.110215
0.110426
0.110632
0.110834
0.111029
0.11122
0.111404
0.111583
0.111755
0.111921
0.112081
0.112234
0.112381
0.11252
0.112653
0.112778
0.112896
0.113006
0.113109
0.113205
0.113292
0.113371
0.113443
0.113506
0.113561
0.113607
0.113646
0.113675
0.113696
0.113709
0.113713
0.113708
0.113695
0.113673
0.113642
0.113602
0.113553
0.113496
0.11343
0.113355
0.113272
0.113179
0.113078
0.112969
0.112851
0.112724
0.112589
0.112446
0.112295
0.112135
0.111968
0.111792
0.111609
0.111418
0.11122
0.111014
0.110801
0.110582
0.110355
0.110122
0.109882
0.109636
0.109384
0.109125
0.108862
0.108593
0.108318
0.108039
0.107755
0.107467
0.107174
0.106878
0.106578
0.106274
0.105968
0.105658
0.105347
0.105032
0.104716
0.104399
0.10408
0.10376
0.103439
0.103118
0.102797
0.102477
0.102156
0.101837
0.101519
0.101203
0.100888
0.100576
0.100266
0.0999596
0.0996559
0.0993558
0.0990595
0.0987673
0.0984795
0.0981964
0.0979184
0.0976457
0.0973786
0.0971174
0.0968623
0.0966137
0.0963716
0.0961365
0.0959086
0.0956879
0.0954749
0.0952696
0.0950724
0.0948832
0.0947024
0.0945301
0.0943664
0.0942114
0.0940654
0.0939283
0.0938002
0.0936814
0.0935717
0.0934713
0.0933803
0.0932985
0.0932261
0.093163
0.0931092
0.0930647
0.0930294
0.0930033
0.0929864
0.0929784
0.0929793
0.0929891
0.0930076
0.0930346
0.09307
0.0931138
0.0931656
0.0932253
0.0932928
0.0933679
0.0934503
0.0935399
0.0936364
0.0937397
0.0938494
0.0939654
0.0940875
0.0942154
0.0943489
0.0944876
0.0946315
0.0947802
0.0949334
0.095091
0.0952526
0.0954181
0.0955872
0.0957595
0.095935
0.0961133
0.0962942
0.0964774
0.0966628
0.09685
0.0970388
0.0972291
0.0974206
0.0976131
0.0978063
0.0980001
0.0981942
0.0983885
0.0985828
0.0987768
0.0989705
0.0991635
0.0993559
0.0995473
0.0997376
0.0999268
0.100115
0.100301
0.100486
0.100669
0.10085
0.101029
0.101206
0.101381
0.101553
0.101723
0.101891
0.102057
0.102219
0.102379
0.102537
0.102692
0.102843
0.102992
0.103139
0.103282
0.103422
0.10356
0.103694
0.103826
0.103955
0.10408
0.104203
0.104323
0.10444
0.104554
0.104664
0.104773
0.104878
0.10498
0.10508
0.105176
0.10527
0.105361
0.10545
0.105535
0.105619
0.105699
0.105777
0.105852
0.105925
0.105996
0.106064
0.10613
0.106193
0.106254
0.106313
0.106369
0.106423
0.106476
0.106526
0.106574
0.106619
0.106663
0.106705
0.106745
0.106782
0.106818
0.106852
0.106884
0.106914
0.106943
0.106969
0.106993
0.107016
0.107037
0.107055
0.107072
0.107088
0.107101
0.107112
0.107122
0.10713
0.107135
0.107139
0.107141
0.107141
0.107139
0.107135
0.107129
0.107121
0.107111
0.107098
0.107084
0.107068
0.107049
0.107028
0.107005
0.10698
0.106952
0.106923
0.10689
0.106856
0.106819
0.10678
0.106738
0.106694
0.106647
0.106598
0.106546
0.106492
0.106436
0.106376
0.106315
0.10625
0.106183
0.106114
0.106042
0.105967
0.10589
0.10581
0.105728
0.105644
0.105556
0.105467
0.105375
0.10528
0.105184
0.105085
0.104983
0.10488
0.104774
0.104666
0.104557
0.104445
0.104331
0.104216
0.104099
0.10398
0.10386
0.103738
0.103615
0.103491
0.103365
0.103239
0.103111
0.102983
0.102854
0.102724
0.102594
0.102464
0.102334
0.102203
0.102072
0.101942
0.101812
0.101683
0.101554
0.101426
0.101299
0.101172
0.101048
0.100924
0.100802
0.100681
0.100562
0.100445
0.10033
0.100218
0.100107
0.0999988
0.0998931
0.09979
0.0996897
0.0995922
0.0994976
0.0994061
0.0993178
0.0992326
0.0991508
0.0990724
0.0989974
0.0989259
0.098858
0.0987937
0.098733
0.0986761
0.0986229
0.0985734
0.0985276
0.0984856
0.0984473
0.0984128
0.0983819
0.0983547
0.0983312
0.0983112
0.0982947
0.0982817
0.098272
0.0982657
0.0982626
0.0982625
0.0982655
0.0982714
0.09828
0.0982913
0.098305
0.0983212
0.0983395
0.0983599
0.0983822
0.0984062
0.0984318
0.0984588
0.098487
0.0985162
0.0985463
0.098577
0.0986081
0.0986395
0.0986709
0.0987022
0.0987331
0.0987635
0.0987931
0.0988217
0.0988492
0.0988753
0.0988997
0.0989224
0.0989431
0.0989616
0.0989778
0.0989913
0.0990021
0.0990099
0.0990145
0.0990159
0.0990137
0.0990079
0.0989982
0.0989845
0.0989666
0.0989445
0.0989179
0.0988867
0.0988509
0.0988101
0.0987645
0.0987138
0.0986579
0.0985968
0.0985303
0.0984584
0.0983811
0.0982983
0.0982098
0.0981157
0.098016
0.0979106
0.0977996
0.0976828
0.0975603
0.0974322
0.0972984
0.0971591
0.0970141
0.0968637
0.0967078
0.0965466
0.0963801
0.0962083
0.0960315
0.0958498
0.0956632
0.0954718
0.0952759
0.0950756
0.094871
0.0946624
0.0944498
0.0942336
0.0940138
0.0937907
0.0935645
0.0933354
0.0931037
0.0928696
0.0926334
0.0923952
0.0921554
0.0919143
0.091672
0.0914289
0.0911853
0.0909414
0.0906976
0.0904541
0.0902113
0.0899694
0.0897288
0.0894898
0.0892527
0.0890177
0.0887853
0.0885557
0.0883293
0.0881063
0.0878871
0.0876719
0.0874611
0.0872551
0.087054
0.0868582
0.0866679
0.0864835
0.0863052
0.0861333
0.085968
0.0858096
0.0856583
0.0855144
0.085378
0.0852494
0.0851288
0.0850164
0.0849122
0.0848165
0.0847295
0.0846512
0.0845817
0.0845212
0.0844697
0.0844273
0.084394
0.0843699
0.084355
0.0843493
0.0843528
0.0843654
0.0843871
0.0844178
0.0844575
0.084506
0.0845633
0.0846292
0.0847036
0.0847864
0.0848773
0.0849761
0.0850828
0.085197
0.0853186
0.0854473
0.085583
0.0857252
0.0858739
0.0860286
0.0861892
0.0863554
0.0865268
0.0867032
0.0868842
0.0870696
0.0872591
0.0874522
0.0876488
0.0878485
0.0880509
0.0882558
0.0884628
0.0886716
0.0888819
0.0890933
0.0893056
0.0895183
0.0897312
0.0899441
0.0901564
0.0903681
0.0905787
0.0907879
0.0909955
0.0912012
0.0914047
0.0916057
0.0918039
0.0919991
0.0921911
0.0923795
0.0925641
0.0927448
0.0929212
0.0930932
0.0932605
0.093423
0.0935804
0.0937325
0.0938792
0.0940204
0.0941558
0.0942853
0.0944088
0.0945261
0.0946371
0.0947417
0.0948399
0.0949314
0.0950162
0.0950943
0.0951656
0.09523
0.0952875
0.0953381
0.0953817
0.0954183
0.0954479
0.0954706
0.0954863
0.0954951
0.0954969
0.095492
0.0954802
0.0954618
0.0954367
0.095405
0.0953669
0.0953225
0.0952719
0.0952151
0.0951524
0.095084
0.0950098
0.0949302
0.0948453
0.0947553
0.0946604
0.0945607
0.0944566
0.0943482
0.0942358
0.0941196
0.0939998
0.0938768
0.0937507
0.0936219
0.0934906
0.0933572
0.0932218
0.0930849
0.0929468
0.0928076
0.0926679
0.0925278
0.0923877
0.092248
0.092109
0.091971
0.0918343
0.0916994
0.0915665
0.091436
0.0913083
0.0911836
0.0910624
0.090945
0.0908317
0.0907229
0.0906189
0.09052
0.0904266
0.0903389
0.0902574
0.0901822
0.0901137
0.0900522
0.0899979
0.0899512
0.0899122
0.0898813
0.0898586
0.0898444
0.0898388
0.0898422
0.0898545
0.089876
0.0899069
0.0899473
0.0899972
0.0900567
0.090126
0.0902051
0.090294
0.0903927
0.0905012
0.0906195
0.0907476
0.0908855
0.0910329
0.0911898
0.0913562
0.0915318
0.0917166
0.0919103
0.0921127
0.0923237
0.092543
0.0927704
0.0930056
0.0932484
0.0934985
0.0937555
0.0940192
0.0942892
0.0945652
0.0948469
0.0951338
0.0954257
0.0957222
0.0960228
0.0963271
0.0966348
0.0969455
0.0972587
0.0975741
0.0978911
0.0982094
0.0985286
0.0988482
0.0991678
0.099487
0.0998053
0.100122
0.100437
0.100751
0.101061
0.101368
0.101672
0.101973
0.102268
0.10256
0.102846
0.103126
0.103401
0.10367
0.103932
0.104186
0.104434
0.104674
0.104905
0.105129
0.105343
0.105548
0.105744
0.105931
0.106107
0.106273
0.106429
0.106574
0.106708
0.10683
0.106941
0.107041
0.107128
0.107203
0.107266
0.107317
0.107355
0.10738
0.107393
0.107392
0.107378
0.107352
0.107312
0.107258
0.107192
0.107112
0.107018
0.106912
0.106792
0.106658
0.106511
0.106351
0.106178
0.105992
0.105793
0.105581
0.105356
0.105119
0.104869
0.104607
0.104333
0.104047
0.10375
0.103441
0.103122
0.102791
0.10245
0.102099
0.101738
0.101367
0.100987
0.100598
0.100201
0.0997962
0.0993835
0.0989636
0.0985371
0.0981042
0.0976656
0.0972217
0.0967731
0.0963202
0.0958635
0.0954038
0.0949414
0.0944771
0.0940113
0.0935446
0.0930778
0.0926113
0.0921459
0.0916821
0.0912207
0.0907622
0.0903073
0.0898568
0.0894111
0.0889711
0.0885374
0.0881107
0.0876915
0.0872807
0.0868788
0.0864865
0.0861045
0.0857333
0.0853736
0.085026
0.0846912
0.0843696
0.0840618
0.0837684
0.0834899
0.0832267
0.0829794
0.0827483
0.0825339
0.0823365
0.0821564
0.081994
0.0818495
0.0817231
0.0816151
0.0815256
0.0814546
0.0814023
0.0813687
0.0813537
0.0813574
0.0813795
0.0814201
0.0814788
0.0815556
0.0816501
0.081762
0.081891
0.0820369
0.0821991
0.0823773
0.0825709
0.0827796
0.0830029
0.0832401
0.0834908
0.0837544
0.0840303
0.0843179
0.0846166
0.0849257
0.0852447
0.0855728
0.0859095
0.086254
0.0866058
0.0869642
0.0873284
0.0876979
0.088072
0.08845
0.0888313
0.0892153
0.0896013
0.0899888
0.090377
0.0907655
0.0911535
0.0915407
0.0919263
0.0923098
0.0926907
0.0930686
0.0934427
0.0938128
0.0941783
0.0945387
0.0948937
0.0952427
0.0955854
0.0959214
0.0962503
0.0965718
0.0968855
0.097191
0.0974882
0.0977767
0.0980561
0.0983264
0.0985872
0.0988384
0.0990796
0.0993109
0.0995318
0.0997425
0.0999426
0.100132
0.100311
0.100479
0.100636
0.100782
0.100918
0.101042
0.101156
0.101258
0.10135
0.101431
0.101501
0.10156
0.101609
0.101647
0.101675
0.101693
0.101701
0.101698
0.101686
0.101665
0.101634
0.101594
0.101546
0.101489
0.101423
0.101349
0.101268
0.101179
0.101083
0.10098
0.10087
0.100754
0.100633
0.100506
0.100373
0.100236
0.100094
0.0999488
0.0997995
0.0996469
0.0994914
0.0993334
0.0991733
0.0990115
0.0988484
0.0986844
0.09852
0.0983555
0.0981913
0.0980279
0.0978656
0.0977049
0.0975461
0.0973896
0.0972358
0.0970851
0.0969378
0.0967943
0.096655
0.0965202
0.0963902
0.0962654
0.096146
0.0960323
0.0959247
0.0958233
0.0957285
0.0956404
0.0955593
0.0954854
0.0954189
0.0953599
0.0953085
0.095265
0.0952293
0.0952016
0.095182
0.0951705
0.0951671
0.0951718
0.0951847
0.0952056
0.0952346
0.0952715
0.0953162
0.0953687
0.0954289
0.0954964
0.0955712
0.0956532
0.095742
0.0958374
0.0959393
0.0960473
0.0961612
0.0962807
0.0964055
0.0965353
0.0966698
0.0968085
0.0969512
0.0970975
0.0972471
0.0973995
0.0975544
0.0977114
0.09787
0.0980299
0.0981907
0.098352
0.0985132
0.0986741
0.0988342
0.0989931
0.0991503
0.0993054
0.099458
0.0996078
0.0997541
0.0998968
0.100035
0.100169
0.100298
0.100421
0.100539
0.100651
0.100756
0.100854
0.100944
0.101027
0.101102
0.101169
0.101227
0.101275
0.101315
0.101344
0.101364
0.101373
0.101372
0.101359
0.101336
0.101301
0.101254
0.101196
0.101125
0.101042
0.100946
0.100837
0.100716
0.100581
0.100433
0.100271
0.100096
0.0999066
0.0997035
0.0994865
0.0992554
0.09901
0.0987504
0.0984764
0.098188
0.0978852
0.097568
0.0972363
0.0968901
0.0965295
0.0961544
0.0957649
0.0953611
0.094943
0.0945107
0.0940643
0.0936039
0.0931296
0.0926415
0.0921398
0.0916247
0.0910963
0.0905548
0.0900004
0.0894333
0.0888538
0.0882622
0.0876586
0.0870434
0.0864169
0.0857794
0.0851312
0.0844726
0.0838042
0.0831261
0.0824389
0.081743
0.0810388
0.0803268
0.0796075
0.0788814
0.078149
0.0774109
0.0766676
0.0759198
0.0751681
0.0744132
0.0736557
0.0728963
0.0721358
0.0713749
0.0706145
0.0698553
0.0690982
0.068344
0.0675938
0.0668483
0.0661087
0.0653758
0.0646507
0.0639345
0.0632283
0.0625331
0.0618502
0.0611806
0.0605256
