
Primal Residual: 
154.669
42.2898
17.9745
23.6753
16.4103
11.5086
9.49868
7.94079
6.40839
5.32751
4.8417
4.63334
4.40045
4.07042
3.69643
3.35215
3.08427
2.90019
2.78209
2.71107
2.67476
2.65672
2.63004
2.56661
2.45185
2.2927
2.11591
1.95858
1.85293
1.81065
1.81849
1.8497
1.87963
1.89374
1.88798
1.86552
1.83286
1.79642
1.7603
1.72562
1.69136
1.65598
1.61897
1.58149
1.54607
1.51558
1.49206
1.47592
1.46601
1.46025
1.45651
1.45324
1.44963
1.44536
1.44018
1.43351
1.42437
1.41156
1.39409
1.37162
1.34472
1.31497
1.28462
1.25617
1.23169
1.21236
1.19823
1.1883
1.18099
1.17471
1.16827
1.16116
1.15354
1.14599
1.13922
1.13373
1.12962
1.12652
1.12377
1.12062
1.11649
1.11117
1.10486
1.09812
1.09164
1.08608
1.08177
1.07858
1.07596
1.07302
1.06874
1.06225
1.053
1.0409
1.02639
1.01032
0.993882
0.978397
0.965091
0.954924
0.948448
0.945758
0.946514
0.950044
0.955459
0.961786
0.968069
0.973453
0.977251
0.978992
0.978473
0.975791
0.971365
0.965929
0.96048
0.956177
0.954182
0.955464
0.9606
0.969623
0.981961
0.996483
1.01164
1.02566
1.03678
1.04341
1.04429
1.03863
1.02615
1.00713
0.982414
0.953368
0.921817
0.889927
0.860026
0.834349
0.814742
0.802361
0.797467
0.799394
0.806715
0.817536
0.829831
0.841719
0.85165
0.858514
0.861667
0.860922
0.856503
0.848978
0.839174
0.828077
0.816724
0.806081
0.796935
0.789804
0.784886
0.782055
0.780908
0.780849
0.781192
0.781265
0.780495
0.77848
0.775018
0.77012
0.763997
0.757025
0.749695
0.742543
0.736087
0.730759
0.726851
0.724481
0.723594
0.723979
0.725313
0.727222
0.729336
0.73134
0.733014
0.734249
0.735051
0.735526
0.735853
0.736245
0.736904
0.737986
0.73956
0.741595
0.743949
0.746384
0.74859
0.750217
0.750918
0.750385
0.748381
0.744768
0.739522
0.732739
0.724631
0.715511
0.705771
0.695846
0.686178
0.677174
0.669166
0.662381
0.656919
0.65275
0.649723
0.647594
0.646062
0.644809
0.643534
0.64199
0.640006
0.637498
0.634478
0.631046
0.627377
0.623706
0.620298
0.617426
0.615339
0.614243
0.614276
0.615494
0.617873
0.621305
0.625614
0.630569
0.635905
0.641337
0.646579
0.651358
0.655423
0.658551
0.660555
0.661287
0.660635
0.65853
0.65494
0.649876
0.643388
0.635567
0.626541
0.616477
0.605575
0.594065
0.582203
0.570259
0.558512
0.547234
0.536682
0.527083
0.518621
0.511431
0.505594
0.501134
0.498021
0.496183
0.495518
0.4959
0.4972
0.499292
0.502059
0.505404
0.509243
0.513511
0.518152
0.523118
0.528361
0.533829
0.539462
0.545192
0.550938
0.556612
0.562119
0.567364
0.572253
0.5767
0.580635
0.583999
0.586756
0.588891
0.590409
0.591339
0.591727
0.591637
0.591147
0.590342
0.589314
0.588156
0.586954
0.58579
0.584736
0.58385
0.583178
0.582751
0.582589
0.582698
0.583075
0.583709
0.58458
0.585666
0.586941
0.588377
0.589945
0.591616
0.593361
0.59515
0.596955
0.598745
0.600491
0.602162
0.603729
0.605159
0.606423
0.607489
0.60833
0.608919
0.609231
0.609246
0.608949
0.608329
0.607383
0.606113
0.60453
0.602654
0.60051
0.598136
0.595575
0.59288
0.59011
0.587332
0.584617
0.58204
0.579674
0.577596
0.575874
0.574571
0.573741
0.573425
0.573647
0.574417
0.575724
0.57754
0.579819
0.582494
0.585485
0.588697
0.592024
0.595352
0.598564
0.601539
0.604161
0.606315
0.607896
0.60881
0.608971
0.608312
0.606776
0.604327
0.600942
0.596619
0.591372
0.585233
0.578252
0.570497
0.56205
0.55301
0.543489
0.533613
0.523515
0.513339
0.503234
0.493351
0.48384
0.474846
0.466504
0.45894
0.452257
0.446543
0.441856
0.438232
0.43568
0.43418
0.43369
0.434144
0.435461
0.437544
0.44029
0.44359
0.447334
0.451417
0.455739
0.460206
0.464737
0.469257
0.473704
0.478027
0.482182
0.486139
0.489874
0.493374
0.49663
0.499644
0.502419
0.504967
0.507301
0.509439
0.511399
0.5132
0.514864
0.51641
0.517857
0.519223
0.520522
0.521768
0.52297
0.524136
0.525272
0.526378
0.527454
0.528497
0.529501
0.530458
0.531361
0.532198
0.532958
0.533629
0.534201
0.534662
0.535001
0.535208
0.535277
0.5352
0.534974
0.534597
0.534071
0.533401
0.532593
0.531661
0.530617
0.529481
0.528273
0.527017
0.525739
0.52447
0.523237
0.522074
0.52101
0.520075
0.519297
0.518702
0.518312
0.518144
0.518209
0.518514
0.519059
0.519837
0.520835
0.522032
0.523403
0.524915
0.52653
0.528208
0.529903
0.531568
0.533154
0.534611
0.535891
0.536947
0.537734
0.538213
0.538345
0.538102
0.537456
0.536389
0.534891
0.532955
0.530585
0.527791
0.524593
0.521016
0.517093
0.512865
0.508379
0.503686
0.498843
0.493912
0.488954
0.484034
0.479216
0.474561
0.470128
0.465971
0.462136
0.458665
0.455586
0.452923
0.450686
0.448876
0.447485
0.446495
0.445879
0.445605
0.445633
0.445918
0.446414
0.447073
0.447847
0.448688
0.449553
0.4504
0.451192
0.451896
0.452487
0.452942
0.453245
0.453386
0.45336
0.453166
0.452811
0.452303
0.451657
0.450889
0.450019
0.449072
0.44807
0.447042
0.446013
0.445011
0.444062
0.443193
0.442429
0.441792
0.441302
0.440979
0.440836
0.440886
0.441137
0.441594
0.442259
0.44313
0.444201
0.445463
0.446905
0.448512
0.450267
0.45215
0.45414
0.456215
0.45835
0.46052
0.462701
0.464868
0.466996
0.469061
0.47104
0.472911
0.474656
0.476257
0.477697
0.478964
0.480048
0.48094
0.481637
0.482134
0.482435
0.482542
0.482462
0.482204
0.481779
0.481202
0.480488
0.479654
0.478718
0.477701
0.476619
0.475494
0.474343
0.473183
0.472029
0.470896
0.469792
0.468727
0.467705
0.466726
0.46579
0.46489
0.464017
0.463161
0.462305
0.461435
0.46053
0.459571
0.458536
0.457406
0.456158
0.454772
0.453231
0.451518
0.449618
0.447519
0.445214
0.442698
0.439969
0.43703
0.433887
0.43055
0.427034
0.423357
0.419539
0.415605
0.411584
0.407505
0.403401
0.399305
0.395254
0.391284
0.387431
0.383731
0.380218
0.376926
0.373885
0.371123
0.368665
0.366531
0.364738
0.363297
0.362217
0.361501
0.361146
0.361147
0.361493
0.362172
0.363167
0.364457
0.366022
0.367837
0.369879
0.372121
0.374538
0.377103
0.379793
0.382581
0.385444
0.388359
0.391305
0.394261
0.397208
0.400129
0.403009
0.405832
0.408586
0.411259
0.413842
0.416326
0.418705
0.420972
0.423124
0.425159
0.427075
0.428872
0.430552
0.432118
0.433573
0.434924
0.436175
0.437334
0.43841
0.439412
0.440348
0.44123
0.442068
0.442873
0.443656
0.444428
0.4452
0.445983
0.446787
0.44762
0.448492
0.449411
0.450382
0.451413
0.452506
0.453665
0.454892
0.456186
0.457547
0.458972
0.460457
0.461996
0.463583
0.46521
0.466867
0.468543
0.470228
0.47191
0.473573
0.475206
0.476793
0.478318
0.479768
0.481126
0.482376
0.483503
0.484492
0.485327
0.485996
0.486483
0.486777
0.486866
0.486739
0.486388
0.485805
0.484984
0.483921
0.482615
0.481064
0.479271
0.47724
0.474977
0.472491
0.469792
0.466893
0.463809
0.460557
0.457155
0.453623
0.449984
0.446259
0.442472
0.438649
0.434812
0.430986
0.427196
0.423464
0.419812
0.41626
0.412826
0.409526
0.406373
0.403377
0.400546
0.397884
0.395392
0.393067
0.390905
0.388897
0.387032
0.385298
0.383679
0.38216
0.380721
0.379345
0.378013
0.376707
0.375408
0.3741
0.372768
0.371396
0.369974
0.368492
0.366942
0.36532
0.363623
0.361853
0.360012
0.358107
0.356147
0.354143
0.352109
0.35006
0.348016
0.345996
0.34402
0.342112
0.340294
0.33859
0.337022
0.335613
0.334384
0.333355
0.332546
0.33197
0.331642
0.331572
0.331767
0.332231
0.332966
0.333969
0.335234
0.336752
0.338514
0.340504
0.342708
0.345108
0.347685
0.350419
0.35329
0.356277
0.359359
0.362515
0.365726
0.368972
0.372233
0.375494
0.378736
0.381944
0.385105
0.388204
0.39123
0.394172
0.397021
0.399767
0.402403
0.404922
0.407318
0.409586
0.411723
0.413723
0.415585
0.417307
0.418885
0.42032
0.42161
0.422757
0.423759
0.424618
0.425336
0.425915
0.426358
0.426668
0.426849
0.426905
0.426842
0.426667
0.426384
0.426002
0.425529
0.424972
0.424342
0.423646
0.422895
0.422098
0.421267
0.42041
0.419539
0.418663
0.417793
0.416936
0.416102
0.415298
0.414532
0.413809
0.413134
0.412512
0.411944
0.411431
0.410975
0.410572
0.410222
0.40992
0.409662
0.409442
0.409253
0.409088
0.408941
0.408802
0.408663
0.408517
0.408354
0.408168
0.407951
0.407696
0.407397
0.40705
0.406648
0.406191
0.405674
0.405098
0.404462
0.403767
0.403015
0.40221
0.401355
0.400456
0.399519
0.398549
0.397555
0.396543
0.395521
0.394497
0.393479
0.392476
0.391493
0.390539
0.38962
0.388742
0.38791
0.387129
0.3864
0.385728
0.385113
0.384555
0.384055
0.383609
0.383216
0.382872
0.382571
0.38231
0.382082
0.381881
0.381701
0.381532
0.38137
0.381206
0.381032
0.380843
0.38063
0.380387
0.380108
0.379788
0.379422
0.379006
0.378536
0.37801
0.377426
0.376783
0.376081
0.375322
0.374506
0.373636
0.372716
0.371751
0.370744
0.369702
0.368631
0.367537
0.366428
0.365311
0.364194
0.363086
0.361993
0.360925
0.359889
0.358893
0.357944
0.35705
0.356217
0.355451
0.354757
0.354141
0.353607
0.353159
0.352799
0.352529
0.352352
0.352268
0.352277
0.35238
0.352576
0.352864
0.353243
0.353711
0.354266
0.354906
0.355629
0.356433
0.357316
0.358275
0.359309
0.360416
0.361593
0.362839
0.364153
0.365532
0.366976
0.368481
0.370048
0.371674
0.373357
0.375096
0.376888
0.378732
0.380624
0.382562
0.384542
0.386562
0.388617
0.390703
0.392816
0.394951
0.397102
0.399264
0.401431
0.403598
0.405757
0.407903
0.410029
0.412129
0.414196
0.416223
0.418204
0.420132
0.422003
0.423809
0.425545
0.427206
0.428787
0.430283
0.43169
0.433005
0.434223
0.435343
0.436361
0.437275
0.438084
0.438786
0.439381
0.439867
0.440245
0.440514
0.440675
0.440728
0.440675
0.440516
0.440252
0.439885
0.439415
0.438845
0.438176
0.43741
0.436547
0.43559
0.434539
0.433397
0.432165
0.430845
0.429436
0.427941
0.426362
0.424698
0.422951
0.421123
0.419214
0.417225
0.415158
0.413014
0.410792
0.408496
0.406126
0.403684
0.40117
0.398587
0.395937
0.393221
0.390442
0.387601
0.384702
0.381747
0.378739
0.375682
0.372579
0.369434
0.366251
0.363034
0.359789
0.35652
0.353233
0.349933
0.346627
0.343322
0.340023
0.336738
0.333475
0.330242
0.327047
0.323898
0.320805
0.317776
0.314821
0.311949
0.30917
0.306495
0.303932
0.301491
0.299182
0.297014
0.294996
0.293137
0.291445
0.289926
0.288588
0.287436
0.286475
0.285708
0.285139
0.284768
0.284596
0.284623
0.284846
0.285263
0.285868
0.286657
0.287623
0.28876
0.290059
0.291513
0.293111
0.294846
0.296706
0.298682
0.300765
0.302943
0.305208
0.307549
0.309958
0.312426
0.314943
0.317503
0.320097
0.322718
0.32536
0.328017
0.330684
0.333356
0.336027
0.338696
0.341356
0.344007
0.346645
0.349267
0.351872
0.354457
0.357021
0.359563
0.36208
0.364572
0.367036
0.369472
0.371878
0.374251
0.376591
0.378896
0.381162
0.383388
0.385572
0.38771
0.3898
0.391838
0.393822
0.395748
0.397613
0.399412
0.401142
0.4028
0.40438
0.405881
0.407298
0.408626
0.409863
0.411005
0.412049
0.412991
0.413829
0.414559
0.41518
0.41569
0.416086
0.416366
0.416531
0.416579
0.41651
0.416323
0.416019
0.4156
0.415065
0.414417
0.413657
0.412788
0.411813
0.410734
0.409556
0.408281
0.406914
0.40546
0.403924
0.40231
0.400623
0.39887
0.397055
0.395186
0.393267
0.391306
0.389308
0.38728
0.385229
0.383161
0.381081
0.378997
0.376915
0.374841
0.37278
0.370739
0.368722
0.366736
0.364784
0.362871
0.361001
0.359178
0.357406
0.355686
0.354021
0.352413
0.350864
0.349374
0.347944
0.346573
0.345262
0.344009
0.342813
0.341672
0.340585
0.33955
0.338563
0.337623
0.336727
0.335872
0.335055
0.334274
0.333526
0.332808
0.332118
0.331455
0.330817
0.330202
0.329609
0.329038
0.328488
0.327959
0.327453
0.326969
0.32651
0.326077
0.325673
0.325299
0.324959
0.324655
0.324391
0.324171
0.323997
0.323873
0.323803
0.323789
0.323836
0.323945
0.32412
0.324363
0.324676
0.32506
0.325516
0.326045
0.326646
0.327319
0.328062
0.328874
0.329752
0.330694
0.331695
0.332752
0.333861
0.335016
0.336213
0.337447
0.338711
0.34
0.341309
0.342631
0.343961
0.345293
0.346621
0.34794
0.349246
0.350532
0.351795
0.353031
0.354236
0.355406
0.356538
0.35763
0.35868
0.359687
0.360648
0.361563
0.362432
0.363254
0.36403
0.36476
0.365445
0.366086
0.366684
0.367241
0.367759
0.368238
0.368681
0.36909
0.369466
0.36981
0.370126
0.370413
0.370675
0.370911
0.371123
0.371312
0.371478
0.371623
0.371746
0.371848
0.371928
0.371987
0.372024
0.372038
0.372029
0.371995
0.371937
0.371852
0.37174
0.3716
0.37143
0.371229
0.370997
0.370732
0.370433
0.370099
0.36973
0.369324
0.368882
0.368403
0.367887
0.367334
0.366744
0.366117
0.365454
0.364756
0.364023
0.363256
0.362456
0.361626
0.360765
0.359875
0.358959
0.358017
0.357052
0.356065
0.355057
0.354031
0.352988
0.35193
0.350858
0.349774
0.348679
0.347575
0.346463
0.345343
0.344218
0.343088
0.341954
0.340816
0.339675
0.338531
0.337384
0.336235
0.335084
0.333931
0.332775
0.331617
0.330456
0.329293
0.328127
0.326957
0.325785
0.324609
0.32343
0.322248
0.321063
0.319876
0.318686
0.317495
0.316304
0.315112
0.313922
0.312735
0.311552
0.310374
0.309204
0.308044
0.306896
0.305761
0.304644
0.303545
0.302468
0.301417
0.300392
0.299398
0.298438
0.297513
0.296629
0.295786
0.294989
0.294239
0.293539
0.292893
0.292302
0.291767
0.291292
0.290878
0.290526
0.290238
0.290014
0.289855
0.289761
0.289733
0.28977
0.289872
0.290039
0.290268
0.290561
0.290914
0.291326
0.291796
0.292322
0.292902
0.293533
0.294214
0.294942
0.295715
0.296531
0.297386
0.298279
0.299208
0.300169
0.301162
0.302182
0.303229
0.3043
0.305393
0.306506
0.307638
0.308785
0.309947
0.311123
0.312309
0.313505
0.314709
0.31592
0.317136
0.318356
0.319578
0.320801
0.322024
0.323244
0.324462
0.325674
0.32688
0.328079
0.329268
0.330447
0.331613
0.332765
0.333901
0.335019
0.336119
0.337198
0.338254
0.339285
0.340291
0.341268
0.342216
0.343132
0.344015
0.344864
0.345676
0.34645
0.347185
0.34788
0.348532
0.349141
0.349706
0.350226
0.350699
0.351126
0.351506
0.351837
0.35212
0.352355
0.352541
0.352679
0.352768
0.35281
0.352804
0.35275
0.352651
0.352505
0.352315
0.352081
0.351805
0.351486
0.351128
0.35073
0.350295
0.349823
0.349316
0.348776
0.348204
0.347602
0.346971
0.346313
0.345629
0.344922
0.344192
0.343441
0.342671
0.341884
0.34108
0.340262
0.339432
0.33859
0.337738
0.336879
0.336012
0.335141
0.334265
0.333388
0.332511
0.331634
0.330759
0.329889
0.329024
0.328166
0.327317
0.326478
0.32565
0.324836
0.324036
0.323253
0.322487
0.32174
0.321015
0.320311
0.319631
0.318976
0.318347
0.317747
0.317175
0.316634
0.316124
0.315646
0.315203
0.314794
0.31442
0.314082
0.313782
0.313518
0.313293
0.313105
0.312956
0.312845
0.312772
0.312737
0.31274
0.31278
0.312857
0.31297
0.313117
0.313299
0.313514
0.31376
0.314037
0.314343
0.314677
0.315037
0.315421
0.315828
0.316256
0.316704
0.317168
0.317649
0.318143
0.318649
0.319165
0.31969
0.32022
0.320756
0.321294
0.321833
0.322372
0.322909
0.323441
0.323969
0.324489
0.325002
0.325504
0.325996
0.326476
0.326942
0.327394
0.327831
0.32825
0.328652
0.329036
0.3294
0.329743
0.330065
0.330366
0.330643
0.330897
0.331126
0.33133
0.331508
0.331659
0.331783
0.331879
0.331946
0.331983
0.331991
0.331967
0.331912
0.331825
0.331704
0.331551
0.331363
0.33114
0.330883
0.330589
0.330259
0.329893
0.329489
0.329049
0.32857
0.328054
0.3275
0.326907
0.326277
0.325609
0.324903
0.324159
0.323379
0.322562
0.321709
0.320821
0.319898
0.318941
0.317952
0.316932
0.315881
0.314801
0.313694
0.312561
0.311403
0.310223
0.309022
0.307803
0.306566
0.305316
0.304053
0.302781
0.301501
0.300216
0.298929
0.297643
0.296359
0.295082
0.293814
0.292558
0.291317
0.290095
0.288893
0.287716
0.286566
0.285448
0.284363
0.283315
0.282308
0.281344
0.280427
0.279559
0.278744
0.277985
0.277284
0.276643
0.276067
0.275556
0.275113
0.274741
0.274441
0.274214
0.274062
0.273987
0.273989
0.274069
0.274228
0.274465
0.27478
0.275173
0.275644
0.276191
0.276813
0.277508
0.278275
0.279112
0.280016
0.280985
0.282015
0.283105
0.284251
0.28545
0.286697
0.287991
0.289326
0.290699
0.292106
0.293543
0.295006
0.296491
0.297994
0.299511
0.301038
0.30257
0.304104
0.305636
0.307162
0.308679
0.310182
0.311667
0.313133
0.314574
0.315988
0.317372
0.318722
0.320036
0.321311
0.322544
0.323733
0.324875
0.325968
0.32701
0.327999
0.328933
0.329811
0.33063
0.33139
0.332088
0.332724
0.333297
0.333806
0.33425
0.334628
0.334939
0.335184
0.335362
0.335472
0.335516
0.335492
0.335401
0.335243
0.335019
0.33473
0.334376
0.333957
0.333476
0.332933
0.33233
0.331667
0.330946
0.33017
0.329339
0.328456
0.327523
0.326541
0.325515
0.324444
0.323334
0.322185
0.321001
0.319785
0.31854
0.317269
0.315975
0.314662
0.313333
0.311992
0.310642
0.309287
0.307932
0.306579
0.305232
0.303896
0.302575
0.301272
0.299991
0.298737
0.297513
0.296322
0.29517
0.294059
0.292993
0.291975
0.29101
0.2901
0.289247
0.288456
0.287728
0.287066
0.286473
0.285949
0.285498
0.285119
0.284815
0.284586
0.284433
0.284355
0.284353
0.284427
0.284575
0.284797
0.285091
0.285456
0.285889
0.28639
0.286955
0.287582
0.288267
0.289009
0.289803
0.290646
0.291535
0.292466
0.293436
0.294439
0.295473
0.296534
0.297616
0.298717
0.299833
0.300958
0.302089
0.303223
0.304355
0.305482
0.306599
0.307703
0.308791
0.309858
0.310903
0.311921
0.31291
0.313866
0.314787
0.31567
0.316513
0.317313
0.318068
0.318777
0.319437
0.320046
0.320603
0.321107
0.321556
0.32195
0.322287
0.322566
0.322787
0.322949
0.323052
0.323096
0.323081
0.323006
0.322872
0.322679
0.322428
0.322119
0.321753
0.321331
0.320853
0.320321
0.319736
0.319099
0.318412
0.317676
0.316893
0.316065
0.315193
0.31428
0.313327
0.312337
0.311312
0.310255
0.309168
0.308053
0.306913
0.305752
0.304571
0.303374
0.302163
0.300942
0.299714
0.298482
0.297249
0.296019
0.294793
0.293577
0.292372
0.291183
0.290012
0.288863
0.287738
0.286641
0.285575
0.284542
0.283546
0.282588
0.281672
0.2808
0.279974
0.279196
0.278468
0.277791
0.277167
0.276597
0.276082
0.275623
0.275219
0.274873
0.274582
0.274347
0.274168
0.274044
0.273973
0.273954
0.273986
0.274068
0.274196
0.274369
0.274585
0.27484
0.275133
0.275461
0.27582
0.276208
0.276621
0.277056
0.27751
0.277979
0.27846
0.278951
0.279446
0.279943
0.28044
0.280931
0.281415
0.281887
0.282345
0.282787
0.283208
0.283607
0.28398
0.284325
0.28464
0.284923
0.285171
0.285383
0.285556
0.285689
0.285782
0.285831
0.285837
0.285799
0.285715
0.285586
0.28541
0.285188
0.28492
0.284606
0.284246
0.283842
0.283393
0.2829
0.282366
0.281791
0.281176
0.280524
0.279837
0.279116
0.278363
0.277581
0.276773
0.275942
0.275089
0.274219
0.273333
0.272437
0.271533
0.270624
0.269714
0.268807
0.267906
0.267016
0.26614
0.265283
0.264447
0.263638
0.262859
0.262113
0.261406
0.260739
0.260118
0.259545
0.259025
0.25856
0.258153
0.257808
0.257527
0.257313
0.257168
0.257093
0.257091
0.257164
0.257311
0.257535
0.257836
0.258214
0.258669
0.259201
0.259809
0.260493
0.261251
0.262081
0.262983
0.263954
0.264991
0.266093
0.267257
0.26848
0.269758
0.271089
0.272469
0.273895
0.275363
0.276869
0.27841
0.27998
0.281578
0.283197
0.284835
0.286488
0.28815
0.289817
0.291487
0.293154
0.294814
0.296464
0.298098
0.299714
0.301307
0.302873
0.304409
0.305909
0.307372
0.308792
0.310167
0.311493
0.312766
0.313983
0.315141
0.316237
0.317267
0.318229
0.319119
0.319936
0.320676
0.321336
0.321916
0.322411
0.322822
0.323144
0.323377
0.323519
0.323569
0.323525
0.323386
0.323151
0.32282
0.322393
0.321868
0.321246
0.320528
0.319712
0.318801
0.317794
0.316694
0.315501
0.314216
0.312842
0.311381
0.309835
0.308206
0.306497
0.304711
0.302852
0.300923
0.298927
0.296868
0.294751
0.29258
0.290359
0.288094
0.285789
0.28345
0.281081
0.278689
0.276279
0.273857
0.271429
0.269002
0.266582
0.264175
0.261787
0.259427
0.257099
0.254811
0.25257
0.250382
0.248254
0.246193
0.244205
0.242296
0.240473
0.238741
0.237106
0.235574
0.234149
0.232836
0.23164
0.230563
0.229611
0.228784
0.228086
0.227519
0.227083
0.22678
0.226609
0.226571
0.226663
0.226885
0.227234
0.227708
0.228304
0.229019
0.229848
0.230788
0.231833
0.23298
0.234222
0.235555
0.236974
0.238472
0.240043
0.241683
0.243385
0.245144
0.246952
0.248806
0.250698
0.252623
0.254575
0.25655
0.25854
0.260542
0.262549
0.264557
0.266561
0.268556
0.270537
0.272499
0.274439
0.276352
0.278234
0.280081
0.281889
0.283655
0.285376
0.287047
0.288667
0.290231
0.291738
0.293184
0.294567
0.295885
0.297136
0.298318
0.299429
0.300467
0.301431
0.30232
0.303132
0.303867
0.304525
0.305103
0.305603
0.306024
0.306366
0.306629
0.306813
0.306919
0.306948
0.3069
0.306777
0.30658
0.306311
0.30597
0.30556
0.305082
0.304539
0.303932
0.303265
0.30254
0.301758
0.300924
0.30004
0.299108
0.298132
0.297116
0.296062
0.294973
0.293853
0.292706
0.291534
0.290342
0.289133
0.287909
0.286675
0.285435
0.28419
0.282946
0.281705
0.28047
0.279244
0.278031
0.276834
0.275655
0.274497
0.273363
0.272255
0.271176
0.270128
0.269112
0.268132
0.267189
0.266284
0.265418
0.264595
0.263813
0.263075
0.262382
0.261734
0.261132
0.260576
0.260066
0.259604
0.259188
0.25882
0.258498
0.258222
0.257993
0.25781
0.257671
0.257577
0.257526
0.257519
0.257553
0.257628
0.257743
0.257896
0.258088
0.258315
0.258578
0.258874
0.259202
0.259561
0.259949
0.260364
0.260806
0.261272
0.261761
0.26227
0.262799
0.263345
0.263907
0.264482
0.26507
0.265667
0.266272
0.266883
0.267499
0.268117
0.268736
0.269353
0.269967
0.270575
0.271177
0.27177
0.272353
0.272923
0.27348
0.274021
0.274546
0.275052
0.275539
0.276006
0.27645
0.276871
0.277268
0.277641
0.277988
0.278309
0.278603
0.27887
0.27911
0.279323
0.279509
0.279667
0.279798
0.279903
0.279981
0.280034
0.280063
0.280068
0.28005
0.28001
0.27995
0.27987
0.279772
0.279658
0.279529
0.279387
0.279233
0.279068
0.278895
0.278716
0.278531
0.278344
0.278154
0.277965
0.277778
0.277594
0.277415
0.277242
0.277078
0.276922
0.276777
0.276644
0.276523
0.276416
0.276324
0.276246
0.276185
0.276139
0.27611
0.276097
0.276101
0.276122
0.276159
0.276211
0.27628
0.276363
0.27646
0.276571
0.276694
0.276829
0.276974
0.277128
0.27729
0.277459
0.277633
0.277811
0.277992
0.278173
0.278354
0.278533
0.278708
0.278878
0.279042
0.279198
0.279344
0.27948
0.279603
0.279712
0.279807
0.279885
0.279947
0.279989
0.280012
0.280015
0.279996
0.279954
0.279889
0.2798
0.279687
0.279548
0.279384
0.279193
0.278975
0.278731
0.278459
0.27816
0.277833
0.277479
0.277098
0.276689
0.276253
0.27579
0.275301
0.274786
0.274245
0.273679
0.273089
0.272475
0.271839
0.27118
0.2705
0.2698
0.269081
0.268345
0.267592
0.266823
0.266041
0.265246
0.264441
0.263626
0.262804
0.261976
0.261145
0.260311
0.259478
0.258647
0.257819
0.256999
0.256187
0.255386
0.254599
0.253827
0.253074
0.252341
0.251631
0.250947
0.25029
0.249664
0.249071
0.248514
0.247994
0.247514
0.247076
0.246682
0.246335
0.246036
0.245787
0.245589
0.245445
0.245356
0.245322
0.245346
0.245427
0.245566
0.245764
0.246022
0.246338
0.246714
0.247148
0.24764
0.248189
0.248794
0.249455
0.250169
0.250936
0.251752
0.252617
0.253529
0.254484
0.255482
0.256519
0.257592
0.2587
0.259839
0.261006
0.262199
0.263415
0.26465
0.265902
0.267167
0.268444
0.269727
0.271015
0.272305
0.273594
0.274878
0.276155
0.277422
0.278676
0.279915
0.281137
0.282338
0.283516
0.284668
0.285794
0.286889
0.287953
0.288983
0.289977
0.290933
0.29185
0.292726
0.29356
0.294349
0.295093
0.295791
0.29644
0.29704
0.297591
0.29809
0.298537
0.298931
0.299272
0.299559
0.299792
0.299969
0.300091
0.300157
0.300168
0.300122
0.30002
0.299862
0.299648
0.299379
0.299054
0.298673
0.298238
0.297749
0.297205
0.296609
0.295961
0.295262
0.294512
0.293712
0.292865
0.29197
0.29103
0.290045
0.289018
0.287949
0.286841
0.285694
0.284512
0.283295
0.282047
0.280768
0.279462
0.27813
0.276775
0.275399
0.274005
0.272595
0.271172
0.269739
0.268299
0.266854
0.265407
0.263961
0.26252
0.261085
0.259661
0.258249
0.256854
0.255478
0.254124
0.252796
0.251495
0.250225
0.248989
0.247789
0.246629
0.24551
0.244435
0.243407
0.242427
0.241498
0.240622
0.2398
0.239034
0.238326
0.237676
0.237086
0.236557
0.236089
0.235682
0.235338
0.235055
0.234834
0.234675
0.234577
0.23454
0.234562
0.234642
0.23478
0.234973
0.235221
0.235522
0.235874
0.236274
0.236722
0.237216
0.237752
0.238328
0.238944
0.239595
0.24028
0.240997
0.241743
0.242515
0.243311
0.244129
0.244966
0.245821
0.246689
0.247571
0.248461
0.24936
0.250264
0.251171
0.25208
0.252987
0.253891
0.254791
0.255683
0.256566
0.257439
0.258299
0.259145
0.259975
0.260788
0.261581
0.262354
0.263105
0.263833
0.264536
0.265213
0.265862
0.266484
0.267075
0.267637
0.268167
0.268664
0.269128
0.269558
0.269953
0.270313
0.270637
0.270924
0.271173
0.271386
0.27156
0.271696
0.271794
0.271853
0.271874
0.271856
0.271799
0.271704
0.271572
0.271401
0.271193
0.270948
0.270667
0.270351
0.269999
0.269614
0.269195
0.268744
0.268262
0.267749
0.267208
0.26664
0.266045
0.265425
0.264782
0.264118
0.263433
0.26273
0.262011
0.261276
0.260529
0.25977
0.259003
0.258228
0.257448
0.256666
0.255882
0.255099
0.25432
0.253546
0.252779
0.252022
0.251276
0.250544
0.249828
0.249129
0.24845
0.247792
0.247157
0.246548
0.245966
0.245412
0.244888
0.244396
0.243936
0.243511
0.243122
0.242768
0.242453
0.242176
0.241938
0.24174
0.241582
0.241465
0.241389
0.241354
0.241361
0.241409
0.241498
0.241628
0.241798
0.242008
0.242258
0.242546
0.242871
0.243234
0.243632
0.244065
0.244532
0.245031
0.245562
0.246121
0.24671
0.247325
0.247965
0.248629
0.249315
0.250021
0.250747
0.251489
0.252247
0.253018
0.253802
0.254595
0.255398
0.256207
0.257021
0.257838
0.258657
0.259476
0.260294
0.261108
0.261917
0.26272
0.263516
0.264301
0.265076
0.265839
0.266588
0.267322
0.26804
0.26874
0.269422
0.270084
0.270726
0.271345
0.271942
0.272515
0.273064
0.273587
0.274084
0.274555
0.274998
0.275414
0.275801
0.27616
0.276489
0.27679
0.27706
0.277301
0.277512
0.277694
0.277845
0.277967
0.27806
0.278123
0.278157
0.278162
0.278139
0.278088
0.27801
0.277905
0.277774
0.277617
0.277435
0.277229
0.277
0.276748
0.276475
0.276181
0.275867
0.275534
0.275183
0.274816
0.274432
0.274034
0.273623
0.273198
0.272763
0.272316
0.271861
0.271397
0.270926
0.270449
0.269968
0.269482
0.268994
0.268504
0.268013
0.267523
0.267034
0.266547
0.266063
0.265583
0.265109
0.26464
0.264177
0.263722
0.263275
0.262836
0.262407
0.261988
0.261579
0.261181
0.260795
0.26042
0.260057
0.259706
0.259368
0.259043
0.258731
0.258432
0.258146
0.257873
0.257613
0.257367
0.257132
0.256911
0.256702
0.256505
0.25632
0.256146
0.255983
0.255831
0.255689
0.255557
0.255434
0.255319
0.255212
0.255113
0.25502
0.254934
0.254853
0.254776
0.254704
0.254634
0.254568
0.254503
0.254439
0.254376
0.254312
0.254247
0.254181
0.254112
0.25404
0.253965
0.253884
0.253799
0.253709
0.253612
0.253509
0.253398
0.25328
0.253154
0.25302
0.252877
0.252725
0.252563
0.252393
0.252212
0.252023
0.251823
0.251614
0.251395
0.251167
0.250929
0.250683
0.250427
0.250163
0.249891
0.249611
0.249324
0.24903
0.24873
0.248424
0.248114
0.247799
0.247481
0.24716
0.246837
0.246512
0.246188
0.245864
0.245541
0.245221
0.244904
0.244591
0.244283
0.243981
0.243686
0.243399
0.24312
0.242851
0.242592
0.242344
0.242108
0.241885
0.241675
0.241479
0.241298
0.241132
0.240982
0.240849
0.240732
0.240632
0.240551
0.240487
0.240441
0.240413
0.240404
0.240414
0.240442
0.240489
0.240553
0.240637
0.240738
0.240857
0.240994
0.241148
0.241318
0.241505
0.241708
0.241926
0.242159
0.242406
0.242667
0.242941
0.243227
0.243525
0.243833
0.244152
0.24448
0.244817
0.245162
0.245514
0.245872
0.246236
0.246605
0.246978
0.247355
0.247734
0.248114
0.248496
0.248878
0.24926
0.249641
0.250021
0.250398
0.250772
0.250958
0.251308
0.251649
0.251978
0.252298
0.252608
0.252909
0.253202
0.253486
0.253761
0.254028
0.254286
0.254534
0.254774
0.255004
0.255224
0.255434
0.255634
0.255824
0.256004
0.256173
0.256333
0.256483
0.256624
0.256755
0.256877
0.256991
0.257096
0.257192
0.25728
0.257361
0.257435
0.257501
0.257561
0.257615
0.257664
0.257708
0.257747
0.257783
0.257815
0.257844
0.257872
0.257897
0.257921
0.257945
0.257969
0.257993
0.258018
0.258045
0.258074
0.258106
0.25814
0.258178
0.25822
0.258266
0.258317
0.258372
0.258433
0.258499
0.25857
0.258647
0.258731
0.25882
0.258914
0.259015
0.259122
0.259234
0.259352
0.259475
0.259603
0.259736
0.259873
0.260014
0.260159
0.260307
0.260458
0.26061
0.260764
0.260919
0.261074
0.261229
0.261383
0.261535
0.261684
0.26183
0.261971
0.262108
0.262239
0.262363
0.26248
0.262589
0.262688
0.262778
0.262857
0.262924
0.262979
0.26302
0.263048
0.26306
0.263057
0.263037
0.263001
0.262946
0.262873
0.26278
0.262668
0.262535
0.262382
0.262206
0.262009
0.261789
0.261546
0.26128
0.26099
0.260676
0.260337
0.259974
0.259587
0.259174
0.258737
0.258274
0.257787
0.257274
0.256737
0.256175
0.255588
0.254977
0.254343
0.253684
0.253003
0.252299
0.251573
0.250825
0.250057
0.249268
0.24846
0.247633
0.246789
0.245928
0.245051
0.24416
0.243255
0.242338
0.24141
0.240472
0.239526
0.238573
0.237614
0.236652
0.235687
0.234721
0.233757
0.232795
0.231837
0.230886
0.229942
0.229009
0.228087
0.227179
0.226286
0.225411
0.224555
0.22372
0.222908
0.222121
0.221361
0.22063
0.219929
0.21926
0.218624
0.218024
0.217461
0.216936
0.216451
0.216006
0.215604
0.215244
0.214929
0.214658
0.214433
0.214254
0.214122
0.214036
0.213998
0.214006
0.214062
0.214164
0.214313
0.214507
0.214746
0.21503
0.215357
0.215727
0.216137
0.216588
0.217077
0.217604
0.218166
0.218762
0.219389
0.220048
0.220734
0.221447
0.222185
0.222945
0.223725
0.224523
0.225338
0.226167
0.227007
0.227857
0.228714
0.229577
0.230442
0.231309
0.232174
0.233037
0.233894
0.234743
0.235584
0.236413
0.237229
0.23803
0.238814
0.23958
0.240325
0.241049
0.241748
0.242423
0.243072
0.243692
0.244283
0.244843
0.245372
0.245867
0.246329
0.246755
0.247145
0.247498
0.247813
0.24809
0.248327
0.248524
0.248681
0.248797
0.248871
0.248904
0.248894
0.248843
0.248748
0.248612
0.248433
0.248212
0.247948
0.247643
0.247296
0.246908
0.246479
0.24601
0.245501
0.244953
0.244367
0.243744
0.243085
0.242389
0.24166
0.240898
0.240103
0.239278
0.238423
0.237541
0.236632
0.235699
0.234743
0.233765
0.232768
0.231754
0.230723
0.22968
0.228624
0.22756
0.226488
0.225412
0.224333
0.223253
0.222176
0.221104
0.220039
0.218983
0.21794
0.216911
0.2159
0.214909
0.21394
0.212996
0.212079
0.211193
0.210339
0.209519
0.208738
0.207995
0.207295
0.206638
0.206027
0.205464
0.204951
0.204489
0.20408
0.203725
0.203426
0.203184
0.203
0.202874
0.202807
0.2028
0.202853
0.202966
0.203138
0.203371
0.203663
0.204014
0.204423
0.20489
0.205412
0.20599
0.206621
0.207304
0.208038
0.208821
0.209651
0.210526
0.211445
0.212405
0.213403
0.214439
0.215509
0.216611
0.217743
0.218903
0.220088
0.221296
0.222525
0.223771
0.225033
0.226309
0.227595
0.22889
0.230192
0.231497
0.232805
0.234112
0.235417
0.236718
0.238012
0.239297
0.240572
0.241835
0.243083
0.244316
0.245531
0.246727
0.247902
0.249054
0.250182
0.251285
0.252362
0.25341
0.254429
0.255418
0.256375
0.2573
0.25819
0.259046
0.259867
0.260651
0.261399
0.262108
0.262778
0.26341
0.264001
0.264553
0.265063
0.265532
0.26596
0.266345
0.266688
0.266989
0.267247
0.267462
0.267634
0.267763
0.267848
0.267891
0.26789
0.267847
0.26776
0.267631
0.267459
0.267244
0.266988
0.266689
0.266349
0.265967
0.265545
0.265082
0.264579
0.264036
0.263454
0.262833
0.262175
0.261478
0.260745
0.259975
0.259169
0.258327
0.257452
0.256542
0.255599
0.254624
0.253617
0.25258
0.251512
0.250415
0.249289
0.248136
0.246957
0.245751
0.244521
0.243268
0.241991
0.240693
0.239374
0.238036
0.236679
0.235306
0.233916
0.232511
0.231093
0.229663
0.228222
0.226771
0.225312
0.223847
0.222377
0.220903
0.219427
0.21795
0.216475
0.215002
0.213535
0.212073
0.21062
0.209177
0.207746
0.206328
0.204926
0.203542
0.202178
0.200835
0.199516
0.198222
0.196957
0.195721
0.194517
0.193347
0.192213
0.191117
0.190061
0.189047
0.188077
0.187152
0.186276
0.185448
0.184672
0.183948
0.183279
0.182665
0.182108
0.18161
0.18117
0.180791
0.180473
0.180217
0.180023
0.179892
0.179824
0.179819
0.179878
0.179999
0.180183
0.180429
0.180737
0.181105
0.181533
0.18202
0.182564
0.183165
0.18382
0.184529
0.185289
0.186099
0.186957
0.187862
0.18881
0.189801
0.190832
0.1919
0.193004
0.194142
0.195311
0.196509
0.197734
0.198983
0.200255
0.201546
0.202855
0.204179
0.205516
0.206864
0.208221
0.209584
0.210951
0.212321
0.213691
0.215059
0.216422
0.217781
0.219131
0.220471
0.2218
0.223116
0.224416
0.2257
0.226965
0.228211
0.229434
0.230635
0.23181
0.23296
0.234083
0.235176
0.23624
0.237272
0.238272
0.239238
0.24017
0.241066
0.241926
0.242748
0.243531
0.244276
0.24498
0.245644
0.246266
0.246846
0.247384
0.247879
0.24833
0.248737
0.2491
0.249418
0.249691
0.24992
0.250103
0.250241
0.250333
0.250381
0.250383
0.25034
0.250252
0.250119
0.249942
0.249722
0.249457
0.24915
0.248799
0.248407
0.247974
0.247499
0.246985
0.246431
0.245839
0.24521
0.244544
0.243843
0.243108
0.242339
0.241538
0.240707
0.239846
0.238957
0.238041
0.2371
0.236135
0.235148
0.234141
0.233114
0.232071
0.231012
0.229939
0.228855
0.227761
0.22666
0.225552
0.224441
0.223328
0.222215
0.221104
0.219999
0.2189
0.21781
0.216731
0.215666
0.214616
0.213585
0.212573
0.211584
0.210619
0.209681
0.208772
0.207893
0.207048
0.206238
0.205464
0.20473
0.204036
0.203385
0.202777
0.202216
0.201701
0.201235
0.200818
0.200453
0.200139
0.199877
0.199669
0.199515
0.199416
0.199371
0.19938
0.199445
0.199564
0.199737
0.199964
0.200245
0.200578
0.200963
0.201398
0.201883
0.202416
0.202996
0.203622
0.204291
0.205002
0.205754
0.206545
0.207372
0.208233
0.209127
0.210052
0.211005
0.211984
0.212986
0.214011
0.215054
0.216115
0.217191
0.218279
0.219377
0.220483
0.221594
0.222709
0.223826
0.224941
0.226052
0.227159
0.228258
0.229347
0.230424
0.231488
0.232536
0.233567
0.234578
0.235568
0.236534
0.237476
0.238392
0.239279
0.240136
0.240962
0.241755
0.242514
0.243238
0.243924
0.244572
0.245181
0.245749
0.246275
0.246759
0.247198
0.247593
0.247942
0.248245
0.2485
0.248707
0.248865
0.248974
0.249033
0.249042
0.248999
0.248905
0.24876
0.248562
0.248312
0.248009
0.247654
0.247247
0.246786
0.246273
0.245707
0.245089
0.244419
0.243697
0.242923
0.242098
0.241223
0.240297
0.239322
0.238297
0.237224
0.236104
0.234937
0.233725
0.232467
0.231165
0.229821
0.228436
0.227009
0.225544
0.224042
0.222503
0.220929
0.219322
0.217684
0.216016
0.21432
0.212598
0.210853
0.209085
0.207298
0.205493
0.203673
0.201839
0.199996
0.198145
0.196289
0.19443
0.192571
0.190716
0.188867
0.187028
0.185201
0.18339
0.181597
0.179827
0.178083
0.176368
0.174685
0.173039
0.171432
0.169869
0.168353
0.166887
0.165475
0.16412
0.162826
0.161597
0.160435
0.159343
0.158325
0.157384
0.156521
0.15574
0.155043
0.154431
0.153907
0.153471
0.153125
0.152869
0.152705
0.152632
0.15265
0.152759
0.152958
0.153246
0.153622
0.154083
0.154629
0.155256
0.155963
0.156747
0.157605
0.158533
0.15953
0.160591
0.161713
0.162894
0.164128
0.165413
0.166745
0.168121
0.169536
0.170988
0.172472
0.173986
0.175525
0.177086
0.178666
0.180261
0.181869
0.183486
0.18511
0.186736
0.188363
0.189987
0.191606
0.193217
0.194818
0.196406
0.197979
0.199535
0.201071
0.202587
0.204078
0.205545
0.206985
0.208396
0.209777
0.211126
0.212442
0.213723
0.214969
0.216177
0.217348
0.21848
0.219571
0.220622
0.221631
0.222598
0.223522
0.224402
0.225238
0.226029
0.226775
0.227476
0.228131
0.228741
0.229305
0.229823
0.230295
0.230721
0.231102
0.231437
0.231727
0.231971
0.232171
0.232327
0.232439
0.232508
0.232533
0.232517
0.232459
0.232361
0.232222
0.232044
0.231828
0.231574
0.231283
0.230957
0.230596
0.230202
0.229775
0.229316
0.228828
0.22831
0.227764
0.227191
0.226593
0.225971
0.225326
0.22466
0.223973
0.223268
0.222545
0.221806
0.221052
0.220285
0.219506
0.218717
0.217919
0.217114
0.216302
0.215486
0.214666
0.213845
0.213023
0.212202
0.211383
0.210568
0.209758
0.208954
0.208157
0.207369
0.206591
0.205824
0.205069
0.204327
0.2036
0.202887
0.202191
0.201512
0.20085
0.200208
0.199584
0.198981
0.198398
0.197836
0.197297
0.196779
0.196283
0.195811
0.195361
0.194935
0.194532
0.194152
0.193795
0.193462
0.193153
0.192866
0.192602
0.19236
0.192141
0.191944
0.191768
0.191614
0.191479
0.191365
0.19127
0.191195
0.191137
0.191097
0.191074
0.191068
0.191077
0.191101
0.191139
0.191191
0.191255
0.191332
0.19142
0.191518
0.191627
0.191745
0.191871
0.192005
0.192147
0.192295
0.192448
0.192608
0.192772
0.19294
0.193112
0.193287
0.193465
0.193645
0.193827
0.19401
0.194194
0.194379
0.194564
0.19475
0.194935
0.195119
0.195303
0.195486
0.195668
0.195848
0.196027
0.196205
0.196382
0.196556
0.196729
0.196901
0.19707
0.197238
0.197405
0.197569
0.197733
0.197894
0.198055
0.198213
0.198371
0.198527
0.198682
0.198836
0.198989
0.199142
0.199293
0.199443
0.199593
0.199743
0.199891
0.200039
0.200187
0.200334
0.200481
0.200627
0.200772
0.200918
0.201062
0.201206
0.201349
0.201492
0.201633
0.201774
0.201913
0.202051
0.202188
0.202323
0.202455
0.202586
0.202714
0.20284
0.202963
0.203082
0.203198
0.203311
0.203419
0.203522
0.203621
0.203715
0.203803
0.203885
0.203961
0.20403
0.204093
0.204148
0.204195
0.204234
0.204265
0.204286
0.204299
0.204302
0.204295
0.204277
0.20425
0.204211
0.204161
0.2041
0.204027
0.203942
0.203845
0.203735
0.203614
0.203479
0.203332
0.203171
0.202998
0.202812
0.202613
0.202401
0.202176
0.201938
0.201687
0.201424
0.201148
0.20086
0.200561
0.200249
0.199926
0.199593
0.199248
0.198894
0.19853
0.198156
0.197775
0.197384
0.196987
0.196583
0.196172
0.195756
0.195335
0.19491
0.194482
0.194052
0.19362
0.193188
0.192755
0.192324
0.191894
0.191468
0.191045
0.190628
0.190216
0.189811
0.189413
0.189025
0.188646
0.188277
0.187921
0.187576
0.187246
0.186929
0.186628
0.186343
0.186075
0.185825
0.185593
0.18538
0.185187
0.185015
0.184864
0.184734
0.184627
0.184542
0.18448
0.184441
0.184426
0.184435
0.184467
0.184524
0.184604
0.184709
0.184837
0.184988
0.185163
0.185361
0.185582
0.185825
0.18609
0.186375
0.186682
0.187008
0.187354
0.187718
0.188099
0.188498
0.188912
0.189341
0.189785
0.190241
0.190709
0.191189
0.191678
0.192176
0.192682
0.193194
0.193712
0.194234
0.19476
0.195287
0.195816
0.196344
0.196871
0.197396
0.197917
0.198434
0.198945
0.19945
0.199946
0.200435
0.200913
0.201381
0.201838
0.202282
0.202713
0.203131
0.203533
0.20392
0.204291
0.204645
0.204982
0.2053
0.205601
0.205882
0.206143
0.206385
0.206607
0.206807
0.206988
0.207147
0.207284
0.207401
0.207496
0.207569
0.207621
0.207651
0.20766
0.207648
0.207614
0.207559
0.207484
0.207389
0.207273
0.207137
0.206983
0.206809
0.206617
0.206407
0.20618
0.205936
0.205676
0.2054
0.205109
0.204805
0.204487
0.204156
0.203813
0.203459
0.203095
0.202721
0.202338
0.201947
0.201549
0.201145
0.200736
0.200322
0.199904
0.199483
0.19906
0.198636
0.198212
0.197788
0.197365
0.196944
0.196526
0.196111
0.1957
0.195294
0.194894
0.194499
0.194111
0.193731
0.193357
0.192992
0.192636
0.192289
0.191951
0.191622
0.191303
0.190995
0.190696
0.190408
0.190131
0.189864
0.189608
0.189362
0.189126
0.188901
0.188685
0.18848
0.188284
0.188097
0.18792
0.187751
0.18759
0.187438
0.187292
0.187154
0.187022
0.186896
0.186776
0.186661
0.18655
0.186443
0.186339
0.186238
0.18614
0.186043
0.185947
0.185852
0.185757
0.185661
0.185565
0.185467
0.185368
0.185266
0.185162
0.185055
0.184944
0.18483
0.184711
0.184589
0.184462
0.184331
0.184195
0.184054
0.183908
0.183758
0.183603
0.183443
0.183278
0.183109
0.182936
0.182759
0.182578
0.182394
0.182207
0.182017
0.181826
0.181633
0.181438
0.181244
0.181049
0.180856
0.180664
0.180474
0.180287
0.180104
0.179926
0.179752
0.179585
0.179426
0.179274
0.17913
0.178997
0.178873
0.178762
0.178662
0.178575
0.178503
0.178445
0.178402
0.178376
0.178367
0.178375
0.178402
0.178448
0.178513
0.178599
0.178705
0.178832
0.178981
0.179151
0.179344
0.179558
0.179795
0.180054
0.180336
0.18064
0.180966
0.181314
0.181684
0.182075
0.182487
0.182919
0.183371
0.183843
0.184333
0.18484
0.185365
0.185906
0.186462
0.187033
0.187616
0.188212
0.188819
0.189436
0.190062
0.190695
0.191334
0.191979
0.192627
0.193277
0.193929
0.194581
0.19523
0.195877
0.19652
0.197156
0.197786
0.198407
0.199018
0.199619
0.200206
0.20078
0.201339
0.201881
0.202406
0.202912
0.203397
0.203862
0.204304
0.204722
0.205116
0.205484
0.205825
0.206139
0.206423
0.206679
0.206903
0.207097
0.207258
0.207387
0.207481
0.207542
0.207568
0.207559
0.207514
0.207432
0.207314
0.207159
0.206966
0.206735
0.206467
0.206161
0.205816
0.205433
0.205012
0.204553
0.204055
0.20352
0.202947
0.202337
0.201689
0.201005
0.200284
0.199527
0.198735
0.197909
0.197048
0.196154
0.195228
0.194269
0.193281
0.192262
0.191214
0.190139
0.189036
0.187909
0.186757
0.185583
0.184386
0.18317
0.181936
0.180684
0.179417
0.178136
0.176843
0.17554
0.174228
0.17291
0.171588
0.170263
0.168938
0.167615
0.166295
0.164982
0.163677
0.162383
0.161102
0.159836
0.158588
0.157361
0.156156
0.154977
0.153825
0.152703
0.151613
0.150559
0.149542
0.148564
0.147629
0.146737
0.145893
0.145096
0.14435
0.143657
0.143017
0.142434
0.141907
0.141439
0.141031
0.140684
0.140398
0.140175
0.140015
0.139918
0.139884
0.139913
0.140006
0.14016
0.140377
0.140655
0.140992
0.141389
0.141843
0.142354
0.142919
0.143537
0.144206
0.144924
0.14569
0.1465
0.147353
0.148247
0.149179
0.150148
0.15115
0.152184
0.153247
0.154336
0.15545
0.156587
0.157743
0.158916
0.160105
0.161308
0.162521
0.163743
0.164972
0.166206
0.167442
0.16868
0.169916
0.17115
0.17238
0.173603
0.174819
0.176025
0.177221
0.178404
0.179574
0.180728
0.181867
0.182988
0.18409
0.185172
0.186233
0.187273
0.18829
0.189283
0.190251
0.191194
0.192111
0.193001
0.193863
0.194697
0.195502
0.196278
0.197023
0.197739
0.198424
0.199077
0.199699
0.20029
0.200848
0.201374
0.201867
0.202328
0.202756
0.203151
0.203513
0.203842
0.204137
0.2044
0.20463
0.204827
0.204991
0.205122
0.205221
0.205287
0.205321
0.205323
0.205294
0.205233
0.205141
0.205018
0.204864
0.204681
0.204468
0.204225
0.203954
0.203654
0.203326
0.20297
0.202588
0.202179
0.201744
0.201284
0.200799
0.20029
0.199757
0.199201
0.198623
0.198023
0.197402
0.196761
0.196101
0.195421
0.194724
0.194009
0.193277
0.19253
0.191768
0.190992
0.190203
0.189402
0.188589
0.187765
0.186932
0.18609
0.185241
0.184384
0.183522
0.182655
0.181785
0.180911
0.180036
0.179161
0.178285
0.177412
0.176541
0.175673
0.174811
0.173954
0.173105
0.172263
0.171432
0.17061
0.169801
0.169004
0.168221
0.167454
0.166703
0.165969
0.165254
0.164559
0.163884
0.163231
0.162602
0.161996
0.161415
0.160861
0.160334
0.159834
0.159364
0.158923
0.158512
0.158133
0.157786
0.157472
0.157191
0.156944
0.156731
0.156553
0.15641
0.156303
0.156231
0.156196
0.156196
0.156232
0.156304
0.156412
0.156556
0.156735
0.156949
0.157198
0.157481
0.157798
0.158147
0.15853
0.158943
0.159388
0.159863
0.160367
0.1609
0.161459
0.162045
0.162656
0.163291
0.163949
0.164628
0.165328
0.166048
0.166785
0.167539
0.168308
0.169091
0.169886
0.170694
0.171511
0.172336
0.173169
0.174008
0.174851
0.175697
0.176545
0.177393
0.178241
0.179086
0.179927
0.180763
0.181593
0.182416
0.18323
0.184033
0.184825
0.185605
0.186371
0.187122
0.187857
0.188575
0.189274
0.189954
0.190614
0.191252
0.191867
0.192459
0.193026
0.193568
0.194084
0.194573
0.195033
0.195465
0.195868
0.196239
0.19658
0.196889
0.197166
0.19741
0.19762
0.197796
0.197938
0.198044
0.198114
0.198149
0.198148
0.198109
0.198034
0.197922
0.197772
0.197584
0.197359
0.197096
0.196795
0.196456
0.196079
0.195664
0.195212
0.194722
0.194195
0.193631
0.193031
0.192394
0.191721
0.191012
0.190269
0.189491
0.188679
0.187835
0.186958
0.186049
0.185109
0.18414
0.183142
0.182116
0.181063
0.179984
0.178881
0.177755
0.176607
0.175438
0.174251
0.173046
0.171825
0.17059
0.169343
0.168085
0.166818
0.165545
0.164267
0.162986
0.161705
0.160426
0.159151
0.157883
0.156623
0.155375
0.154141
0.152923
0.151725
0.150549
0.149398
0.148274
0.147181
0.14612
0.145096
0.14411
0.143166
0.142266
0.141413
0.14061
0.139859
0.139162
0.138522
0.137942
0.137423
0.136967
0.136576
0.136252
0.135996
0.13581
0.135693
0.135648
0.135674
0.135772
0.135943
0.136184
0.136498
0.136882
0.137336
0.137858
0.138449
0.139105
0.139825
0.140608
0.141451
0.142353
0.14331
0.144321
0.145383
0.146493
0.147649
0.148848
0.150087
0.151364
0.152675
0.154017
0.155389
0.156786
0.158207
0.159648
0.161107
0.162581
0.164066
0.165561
0.167064
0.16857
0.170079
0.171587
0.173092
0.174591
0.176084
0.177566
0.179037
0.180494
0.181935
0.183359
0.184763
0.186145
0.187504
0.188839
0.190147
0.191427
0.192677
0.193897
0.195085
0.196239
0.197358
0.198441
0.199487
0.200495
0.201464
0.202393
0.203281
0.204127
0.204931
0.205691
0.206408
0.20708
0.207707
0.208288
0.208823
0.209312
0.209753
0.210148
0.210496
0.210796
0.211048
0.211253
0.211409
0.211519
0.21158
0.211594
0.21156
0.211479
0.211352
0.211177
0.210957
0.21069
0.210378
0.210021
0.20962
0.209175
0.208687
0.208156
0.207584
0.20697
0.206317
0.205624
0.204893
0.204124
0.20332
0.202479
0.201605
0.200697
0.199757
0.198787
0.197787
0.196759
0.195704
0.194623
0.193519
0.192392
0.191243
0.190075
0.188889
0.187687
0.186469
0.185239
0.183997
0.182745
0.181485
0.180219
0.178949
0.177676
0.176402
0.175129
0.173859
0.172595
0.171336
0.170087
0.168848
0.167622
0.166409
0.165214
0.164036
0.162878
0.161742
0.160629
0.159542
0.158482
0.157451
0.15645
0.155481
0.154545
0.153644
0.15278
0.151953
0.151164
0.150416
0.149708
0.149042
0.148419
0.147838
0.147302
0.146809
0.146361
0.145958
0.1456
0.145286
0.145017
0.144793
0.144612
0.144475
0.14438
0.144328
0.144317
0.144346
0.144414
0.144521
0.144664
0.144843
0.145056
0.145302
0.14558
0.145887
0.146223
0.146585
0.146972
0.147383
0.147816
0.148268
0.148739
0.149227
0.149729
0.150245
0.150773
0.15131
0.151856
0.152409
0.152968
0.15353
0.154094
0.15466
0.155224
0.155787
0.156347
0.156902
0.157452
0.157995
0.15853
0.159055
0.159571
0.160075
0.160568
0.161047
0.161513
0.161964
0.162399
0.162819
0.163222
0.163608
0.163975
0.164325
0.164656
0.164967
0.165259
0.16553
0.165782
0.166013
0.166223
0.166412
0.16658
0.166727
0.166853
0.166957
0.16704
0.167102
0.167143
0.167163
0.167163
0.167141
0.167099
0.167037
0.166955
0.166853
0.166732
0.166593
0.166434
0.166257
0.166063
0.165851
0.165623
0.165378
0.165118
0.164842
0.164552
0.164247
0.163929
0.163598
0.163255
0.1629
0.162534
0.162158
0.161772
0.161378
0.160975
0.160565
0.160148
0.159724
0.159296
0.158863
0.158426
0.157986
0.157544
0.1571
0.156656
0.156211
0.155767
0.155325
0.154885
0.154448
0.154015
0.153586
0.153162
0.152745
0.152334
0.15193
0.151535
0.151148
0.150771
0.150403
0.150047
0.149702
0.149368
0.149048
0.14874
0.148446
0.148166
0.1479
0.14765
0.147416
0.147197
0.146995
0.146809
0.146641
0.14649
0.146357
0.146242
0.146145
0.146067
0.146007
0.145967
0.145945
0.145942
0.145958
0.145993
0.146047
0.146121
0.146213
0.146324
0.146455
0.146604
0.146771
0.146957
0.147161
0.147383
0.147622
0.147879
0.148152
0.148443
0.14875
0.149072
0.149411
0.149764
0.150132
0.150514
0.15091
0.15132
0.151742
0.152176
0.152622
0.15308
0.153548
0.154026
0.154514
0.155011
0.155516
0.156029
0.156549
0.157076
0.157608
0.158147
0.15869
0.159237
0.159787
0.160341
0.160897
0.161455
0.162013
0.162573
0.163132
0.16369
0.164247
0.164802
0.165354
0.165903
0.166449
0.16699
0.167526
0.168056
0.168581
0.169098
0.169609
0.170112
0.170606
0.171091
0.171567
0.172033
0.172489
0.172934
0.173367
0.173789
0.174198
0.174594
0.174977
0.175346
0.175702
0.176042
0.176368
0.176678
0.176973
0.177252
0.177515
0.17776
0.177989
0.178201
0.178395
0.178571
0.178729
0.178869
0.17899
0.179093
0.179177
0.179241
0.179287
0.179314
0.179321
0.179308
0.179276
0.179225
0.179154
0.179063
0.178953
0.178823
0.178674
0.178505
0.178317
0.17811
0.177884
0.177639
0.177375
0.177093
0.176793
0.176474
0.176138
0.175784
0.175413
0.175025
0.174621
0.1742
0.173764
0.173313
0.172846
0.172365
0.17187
0.171362
0.17084
0.170306
0.16976
0.169203
0.168635
0.168057
0.167469
0.166872
0.166266
0.165653
0.165033
0.164407
0.163774
0.163137
0.162496
0.16185
0.161202
0.160552
0.159901
0.159248
0.158596
0.157945
0.157294
0.156647
0.156002
0.155361
0.154724
0.154092
0.153466
0.152847
0.152235
0.15163
0.151034
0.150448
0.149871
0.149304
0.148748
0.148204
0.147671
0.147151
0.146644
0.14615
0.14567
0.145205
0.144754
0.144317
0.143896
0.14349
0.1431
0.142725
0.142367
0.142024
0.141698
0.141387
0.141093
0.140815
0.140553
0.140307
0.140077
0.139863
0.139664
0.13948
0.139312
0.139158
0.139018
0.138893
0.138781
0.138683
0.138597
0.138524
0.138464
0.138415
0.138377
0.13835
0.138334
0.138327
0.138329
0.138341
0.13836
0.138388
0.138423
0.138465
0.138514
0.138568
0.138628
0.138693
0.138763
0.138837
0.138915
0.138996
0.13908
0.139168
0.139257
0.139349
0.139442
0.139538
0.139634
0.139732
0.13983
0.13993
0.14003
0.14013
0.140231
0.140332
0.140433
0.140535
0.140637
0.14074
0.140842
0.140946
0.141049
0.141154
0.141259
0.141366
0.141473
0.141582
0.141693
0.141805
0.14192
0.142037
0.142157
0.14228
0.142406
0.142536
0.14267
0.142808
0.142952
0.1431
0.143254
0.143414
0.143579
0.143752
0.143932
0.144118
0.144313
0.144515
0.144726
0.144946
0.145175
0.145412
0.14566
0.145917
0.146185
0.146463
0.146751
0.147051
0.147361
0.147682
0.148015
0.148359
0.148714
0.149081
0.149459
0.149849
0.15025
0.150662
0.151086
0.15152
0.151966
0.152423
0.15289
0.153367
0.153855
0.154352
0.154859
0.155375
0.155899
0.156432
0.156973
0.157522
0.158077
0.15864
0.159208
0.159782
0.160361
0.160944
0.161532
0.162122
0.162716
0.163312
0.163909
0.164507
0.165105
0.165704
0.166301
0.166897
0.16749
0.168081
0.168668
0.169251
0.169829
0.170401
0.170968
0.171528
0.17208
0.172625
0.173161
0.173688
0.174205
0.174712
0.175208
0.175693
0.176165
0.176625
0.177072
0.177506
0.177925
0.17833
0.17872
0.179094
0.179453
0.179795
0.180121
0.18043
0.180721
0.180994
0.18125
0.181487
0.181706
0.181905
0.182086
0.182247
0.182389
0.182511
0.182613
0.182695
0.182757
0.182799
0.18282
0.182821
0.182802
0.182762
0.182701
0.18262
0.182519
0.182398
0.182256
0.182094
0.181912
0.181711
0.181489
0.181248
0.180988
0.180708
0.18041
0.180093
0.179758
0.179405
0.179033
0.178645
0.178239
0.177817
0.177378
0.176924
0.176454
0.175969
0.175469
0.174955
0.174427
0.173886
0.173332
0.172766
0.172188
0.171599
0.170999
0.17039
0.169771
0.169143
0.168506
0.167862
0.167211
0.166554
0.16589
0.165222
0.164548
0.163871
0.163191
0.162508
0.161823
0.161137
0.16045
0.159763
0.159077
0.158392
0.15771
0.15703
0.156353
0.155681
0.155013
0.154351
0.153694
0.153044
0.152402
0.151767
0.151141
0.150524
0.149916
0.149319
0.148732
0.148157
0.147593
0.147042
0.146503
0.145978
0.145467
0.144969
0.144486
0.144018
0.143565
0.143127
0.142706
0.1423
0.141911
0.141538
0.141182
0.140843
0.140521
0.140216
0.139928
0.139657
0.139404
0.139167
0.138948
0.138746
0.138561
0.138393
0.138242
0.138107
0.137988
0.137886
0.137799
0.137728
0.137672
0.137631
0.137605
0.137593
0.137594
0.137609
0.137637
0.137678
0.137731
0.137795
0.137871
0.137957
0.138053
0.138159
0.138275
0.138399
0.138531
0.138671
0.138818
0.138972
0.139132
0.139297
0.139468
0.139643
0.139822
0.140005
0.14019
0.140379
0.140569
0.140761
0.140954
0.141147
0.141341
0.141535
0.141728
0.14192
0.14211
0.142299
0.142485
0.142669
0.14285
0.143028
0.143202
0.143372
0.143538
0.143699
0.143856
0.144008
0.144155
0.144296
0.144432
0.144562
0.144686
0.144805
0.144917
0.145022
0.145122
0.145215
0.145301
0.145381
0.145455
0.145522
0.145583
0.145637
0.145684
0.145725
0.14576
0.145789
0.145812
0.145828
0.145839
0.145844
0.145844
0.145838
0.145827
0.145811
0.145791
0.145766
0.145736
0.145703
0.145666
0.145626
0.145582
0.145536
0.145487
0.145436
0.145383
0.145329
0.145273
0.145217
0.14516
0.145102
0.145045
0.144989
0.144934
0.144879
0.144827
0.144776
0.144728
0.144683
0.144641
0.144602
0.144568
0.144537
0.144511
0.14449
0.144474
0.144463
0.144459
0.14446
0.144468
0.144483
0.144505
0.144534
0.14457
0.144614
0.144667
0.144727
0.144795
0.144872
0.144958
0.145052
0.145155
0.145267
0.145388
0.145518
0.145657
0.145806
0.145963
0.146129
0.146305
0.146489
0.146682
0.146884
0.147094
0.147313
0.14754
0.147775
0.148018
0.148268
0.148526
0.148791
0.149063
0.149341
0.149626
0.149916
0.150212
0.150514
0.15082
0.15113
0.151445
0.151763
0.152084
0.152409
0.152735
0.153064
0.153394
0.153724
0.154056
0.154387
0.154718
0.155049
0.155377
0.155704
0.156029
0.15635
0.156668
0.156983
0.157293
0.157598
0.157898
0.158192
0.15848
0.158761
0.159035
0.159301
0.159559
0.159809
0.160049
0.16028
0.160501
0.160711
0.160911
0.161099
0.161276
0.161441
0.161594
0.161733
0.16186
0.161973
0.162072
0.162157
0.162228
0.162284
0.162325
0.16235
0.16236
0.162354
0.162332
0.162294
0.162239
0.162168
0.162079
0.161974
0.161851
0.16171
0.161553
0.161378
0.161185
0.160974
0.160745
0.160499
0.160235
0.159952
0.159652
0.159334
0.158999
0.158645
0.158274
0.157885
0.157479
0.157056
0.156615
0.156157
0.155683
0.155192
0.154684
0.154161
0.153621
0.153066
0.152496
0.151911
0.151311
0.150698
0.15007
0.149429
0.148775
0.148108
0.14743
0.14674
0.146039
0.145328
0.144606
0.143876
0.143136
0.142389
0.141634
0.140873
0.140105
0.139332
0.138555
0.137774
0.13699
0.136203
0.135415
0.134627
0.133839
0.133052
0.132268
0.131486
0.130709
0.129936
0.12917
0.12841
0.127658
0.126915
0.126182
0.12546
0.12475
0.124053
0.12337
0.122702
0.122051
0.121416
0.1208
0.120203
0.119626
0.11907
0.118536
0.118026
0.117539
0.117077
0.116641
0.116232
0.115849
0.115495
0.115169
0.114873
0.114606
0.11437
0.114164
0.11399
0.113847
0.113736
0.113657
0.113611
0.113596
0.113614
0.113664
0.113746
0.113859
0.114005
0.114181
0.114388
0.114626
0.114893
0.11519
0.115515
0.115868
0.116248
0.116654
0.117086
0.117543
0.118023
0.118526
0.119051
0.119597
0.120163
0.120747
0.121349
0.121968
0.122602
0.123251
0.123913
0.124587
0.125272
0.125968
0.126672
0.127384
0.128104
0.128829
0.129558
0.130291
0.131027
0.131765
0.132503
0.13324
0.133977
0.134711
0.135442
0.136169
0.136891
0.137607
0.138317
0.139019
0.139713
0.140399
0.141074
0.141739
0.142394
0.143036
0.143666
0.144284
0.144888
0.145477
0.146053
0.146613
0.147158
0.147686
0.148199
0.148694
0.149173
0.149634
0.150077
0.150502
0.150909
0.151297
0.151667
0.152017
0.152348
0.15266
0.152953
0.153226
0.153479
0.153713
0.153928
0.154123
0.154298
0.154454
0.15459
0.154707
0.154805
0.154884
0.154944
0.154986
0.155009
0.155014
0.155001
0.15497
0.154922
0.154857
0.154776
0.154678
0.154565
0.154436
0.154292
0.154134
0.153961
0.153776
0.153576
0.153365
0.153141
0.152906
0.15266
0.152404
0.152138
0.151863
0.15158
0.151288
0.15099
0.150685
0.150374
0.150058
0.149737
0.149412
0.149084
0.148754
0.148421
0.148088
0.147754
0.14742
0.147087
0.146756
0.146427
0.1461
0.145777
0.145459
0.145145
0.144836
0.144533
0.144237
0.143949
0.143667
0.143394
0.14313
0.142875
0.142629
0.142394
0.142169
0.141955
0.141752
0.141561
0.141381
0.141214
0.141059
0.140916
0.140787
0.14067
0.140566
0.140475
0.140398
0.140333
0.140282
0.140244
0.140218
0.140206
0.140206
0.140219
0.140244
0.140282
0.140331
0.140392
0.140464
0.140547
0.14064
0.140744
0.140858
0.140981
0.141114
0.141255
0.141404
0.14156
0.141724
0.141895
0.142072
0.142254
0.142442
0.142635
0.142831
0.143032
0.143235
0.143441
0.14365
0.14386
0.144071
0.144282
0.144494
0.144706
0.144916
0.145126
0.145333
0.145539
0.145742
0.145942
0.146139
0.146331
0.14652
0.146704
0.146884
0.147058
0.147226
0.147389
0.147546
0.147696
0.14784
0.147977
0.148108
0.14823
0.148346
0.148454
0.148554
0.148647
0.148732
0.148808
0.148877
0.148937
0.14899
0.149034
0.14907
0.149097
0.149117
0.149128
0.149132
0.149127
0.149114
0.149093
0.149065
0.149029
0.148985
0.148934
0.148875
0.14881
0.148737
0.148657
0.148571
0.148478
0.148379
0.148274
0.148163
0.148046
0.147923
0.147796
0.147663
0.147525
0.147382
0.147235
0.147084
0.146928
0.146769
0.146606
0.14644
0.14627
0.146098
0.145923
0.145745
0.145565
0.145382
0.145198
0.145012
0.144824
0.144635
0.144445
0.144254
0.144061
0.143869
0.143675
0.143481
0.143287
0.143093
0.142899
0.142705
0.142511
0.142318
0.142126
0.141934
0.141742
0.141552
0.141363
0.141174
0.140987
0.140801
0.140617
0.140434
0.140252
0.140072
0.139894
0.139717
0.139542
0.139369
0.139198
0.139029
0.138861
0.138696
0.138534
0.138373
0.138215
0.138059
0.137905
0.137754
0.137606
0.13746
0.137317
0.137177
0.13704
0.136905
0.136774
0.136645
0.13652
0.136398
0.13628
0.136165
0.136053
0.135946
0.135841
0.135741
0.135645
0.135552
0.135464
0.13538
0.135301
0.135225
0.135155
0.135089
0.135027
0.134971
0.134919
0.134873
0.134832
0.134795
0.134764
0.134739
0.134719
0.134704
0.134695
0.134691
0.134694
0.134702
0.134715
0.134735
0.13476
0.134791
0.134827
0.13487
0.134918
0.134972
0.135032
0.135097
0.135168
0.135244
0.135326
0.135412
0.135504
0.135602
0.135704
0.13581
0.135922
0.136037
0.136157
0.136281
0.136409
0.13654
0.136675
0.136812
0.136953
0.137096
0.137242
0.137389
0.137538
0.137689
0.137841
0.137993
0.138146
0.138299
0.138452
0.138605
0.138756
0.138907
0.139056
0.139203
0.139347
0.139489
0.139629
0.139764
0.139897
0.140025
0.140149
0.140268
0.140382
0.140491
0.140594
0.140691
0.140782
0.140866
0.140943
0.141014
0.141077
0.141132
0.141179
0.141218
0.141248
0.14127
0.141283
0.141287
0.141282
0.141267
0.141243
0.14121
0.141166
0.141113
0.14105
0.140976
0.140893
0.1408
0.140696
0.140583
0.140459
0.140326
0.140182
0.140028
0.139865
0.139692
0.139509
0.139317
0.139116
0.138906
0.138687
0.138459
0.138222
0.137978
0.137726
0.137466
0.137198
0.136924
0.136643
0.136355
0.136062
0.135763
0.135459
0.13515
0.134836
0.134519
0.134198
0.133874
0.133547
0.133218
0.132887
0.132555
0.132222
0.131889
0.131556
0.131224
0.130893
0.130563
0.130236
0.129911
0.129589
0.129271
0.128957
0.128647
0.128342
0.128043
0.12775
0.127463
0.127183
0.12691
0.126644
0.126386
0.126137
0.125896
0.125664
0.125442
0.125229
0.125026
0.124833
0.12465
0.124477
0.124316
0.124165
0.124025
0.123897
0.123779
0.123673
0.123578
0.123494
0.123422
0.123361
0.123311
0.123272
0.123244
0.123227
0.123221
0.123226
0.123241
0.123266
0.123301
0.123346
0.1234
0.123464
0.123537
0.123618
0.123707
0.123805
0.12391
0.124023
0.124142
0.124269
0.124401
0.12454
0.124684
0.124833
0.124987
0.125146
0.125308
0.125475
0.125644
0.125817
0.125992
0.12617
0.12635
0.126531
0.126713
0.126897
0.127081
0.127265
0.12745
0.127634
0.127818
0.128001
0.128183
0.128363
0.128543
0.12872
0.128895
0.129069
0.12924
0.129409
0.129575
0.129738
0.129898
0.130055
0.13021
0.13036
0.130508
0.130652
0.130793
0.13093
0.131063
0.131193
0.131319
0.131442
0.13156
0.131675
0.131786
0.131894
0.131998
0.132098
0.132194
0.132287
0.132376
0.132461
0.132543
0.132621
0.132696
0.132768
0.132835
0.1329
0.132961
0.133019
0.133073
0.133125
0.133173
0.133218
0.133259
0.133298
0.133333
0.133366
0.133395
0.133421
0.133444
0.133464
0.133481
0.133494
0.133505
0.133512
0.133516
0.133517
0.133514
0.133509
0.133499
0.133487
0.13347
0.13345
0.133427
0.133399
0.133368
0.133332
0.133293
0.133249
0.133201
0.133148
0.133091
0.13303
0.132963
0.132892
0.132815
0.132733
0.132646
0.132554
0.132456
0.132352
0.132243
0.132127
0.132006
0.131878
0.131744
0.131604
0.131457
0.131303
0.131143
0.130976
0.130802
0.130621
0.130434
0.130239
0.130037
0.129828
0.129612
0.129389
0.129158
0.128921
0.128676
0.128425
0.128166
0.1279
0.127628
0.127349
0.127063
0.126771
0.126473
0.126168
0.125857
0.125541
0.125219
0.124891
0.124559
0.124222
0.12388
0.123534
0.123184
0.12283
0.122473
0.122113
0.121751
0.121387
0.121021
0.120654
0.120286
0.119918
0.11955
0.119182
0.118816
0.118452
0.118089
0.11773
0.117374
0.117022
0.116674
0.116331
0.115994
0.115663
0.115339
0.115023
0.114714
0.114414
0.114123
0.113842
0.113571
0.113311
0.113062
0.112826
0.112602
0.112391
0.112193
0.11201
0.111841
0.111686
0.111548
0.111425
0.111318
0.111227
0.111153
0.111096
0.111057
0.111034
0.11103
0.111043
0.111074
0.111123
0.11119
0.111275
0.111378
0.111498
0.111637
0.111792
0.111966
0.112156
0.112364
0.112588
0.112828
0.113084
0.113356
0.113643
0.113945
0.11426
0.11459
0.114933
0.115288
0.115656
0.116035
0.116425
0.116825
0.117235
0.117654
0.118081
0.118517
0.118959
0.119408
0.119862
0.120322
0.120786
0.121254
0.121725
0.122198
0.122673
0.123149
0.123625
0.124102
0.124577
0.125051
0.125523
0.125992
0.126458
0.12692
0.127378
0.127831
0.128278
0.128719
0.129153
0.129581
0.130001
0.130413
0.130817
0.131212
0.131597
0.131973
0.13234
0.132695
0.133041
0.133375
0.133698
0.13401
0.134309
0.134597
0.134873
0.135136
0.135387
0.135626
0.135851
0.136063
0.136263
0.136449
0.136623
0.136783
0.13693
0.137063
0.137184
0.137291
0.137386
0.137467
0.137536
0.137592
0.137635
0.137665
0.137684
0.13769
0.137684
0.137666
0.137637
0.137597
0.137545
0.137483
0.13741
0.137328
0.137235
0.137132
0.137021
0.1369
0.136771
0.136634
0.136489
0.136337
0.136177
0.136011
0.135839
0.135661
0.135478
0.13529
0.135097
0.1349
0.1347
0.134496
0.13429
0.134082
0.133871
0.133659
0.133447
0.133234
0.133021
0.132808
0.132596
0.132386
0.132177
0.131971
0.131767
0.131566
0.131369
0.131176
0.130986
0.130802
0.130622
0.130448
0.130279
0.130116
0.12996
0.12981
0.129668
0.129532
0.129404
0.129284
0.129172
0.129067
0.128972
0.128884
0.128806
0.128736
0.128675
0.128623
0.128581
0.128547
0.128523
0.128508
0.128503
0.128506
0.128519
0.128542
0.128573
0.128613
0.128663
0.128721
0.128788
0.128864
0.128948
0.12904
0.12914
0.129249
0.129364
0.129487
0.129618
0.129755
0.129899
0.130049
0.130205
0.130367
0.130534
0.130707
0.130884
0.131066
0.131251
0.131441
0.131634
0.13183
0.132028
0.132229
0.132432
0.132636
0.132842
0.133048
0.133255
0.133462
0.133668
0.133874
0.134079
0.134282
0.134484
0.134683
0.13488
0.135073
0.135264
0.135451
0.135633
0.135812
0.135985
0.136154
0.136317
0.136474
0.136625
0.13677
0.136908
0.137039
0.137163
0.137278
0.137386
0.137486
0.137577
0.137659
0.137732
0.137795
0.137849
0.137893
0.137927
0.137951
0.137964
0.137966
0.137957
0.137937
0.137905
0.137861
0.137806
0.137739
0.13766
0.137568
0.137464
0.137348
0.137219
0.137077
0.136922
0.136754
0.136573
0.136378
0.136171
0.13595
0.135716
0.135469
0.135208
0.134934
0.134647
0.134346
0.134033
0.133705
0.133365
0.133012
0.132645
0.132266
0.131874
0.131469
0.131052
0.130623
0.130181
0.129727
0.129262
0.128785
0.128297
0.127797
0.127287
0.126767
0.126236
0.125696
0.125146
0.124587
0.124019
0.123443
0.122859
0.122268
0.121669
0.121065
0.120454
0.119837
0.119216
0.11859
0.117961
0.117328
0.116693
0.116056
0.115418
0.114779
0.11414
0.113502
0.112866
0.112232
0.111601
0.110974
0.110352
0.109735
0.109125
0.108522
0.107927
0.107341
0.106765
0.1062
0.105647
0.105106
0.104578
0.104065
0.103567
0.103086
0.102621
0.102174
0.101746
0.101338
0.100949
0.100583
0.100238
0.0999155
0.0996167
0.099342
0.099092
0.0988673
0.0986684
0.0984959
0.0983502
0.0982316
0.0981406
0.0980774
0.0980423
0.0980353
0.0980566
0.0981063
0.0981844
0.0982907
0.0984251
0.0985874
0.0987774
0.0989947
0.099239
0.0995099
0.0998067
0.100129
0.100476
0.100848
0.101243
0.101661
0.102101
0.102563
0.103045
0.103546
0.104067
0.104605
0.10516
0.105731
0.106318
0.106918
0.107531
0.108157
0.108794
0.109441
0.110097
0.110761
0.111432
0.11211
0.112792
0.113479
0.11417
0.114863
0.115557
0.116252
0.116946
0.117639
0.118331
0.119019
0.119703
0.120383
0.121058
0.121727
0.122388
0.123043
0.123688
0.124325
0.124953
0.12557
0.126176
0.126771
0.127353
0.127923
0.12848
0.129024
0.129553
0.130068
0.130567
0.131052
0.13152
0.131972
0.132408
0.132827
0.133229
0.133614
0.13398
0.134329
0.13466
0.134972
0.135266
0.135542
0.135798
0.136036
0.136255
0.136455
0.136636
0.136798
0.13694
0.137064
0.137169
0.137255
0.137322
0.13737
0.1374
0.137411
0.137404
0.137379
0.137336
0.137276
0.137197
0.137102
0.13699
0.136861
0.136716
0.136555
0.136378
0.136186
0.135978
0.135757
0.135521
0.135271
0.135008
0.134732
0.134444
0.134144
0.133832
0.133509
0.133176
0.132832
0.132479
0.132117
0.131747
0.131368
0.130983
0.13059
0.130191
0.129786
0.129376
0.128962
0.128543
0.128121
0.127695
0.127268
0.126838
0.126407
0.125976
0.125544
0.125112
0.124681
0.124252
0.123824
0.123399
0.122976
0.122557
0.122141
0.12173
0.121323
0.120921
0.120524
0.120133
0.119748
0.11937
0.118998
0.118634
0.118276
0.117926
0.117584
0.11725
0.116924
0.116606
0.116296
0.115995
0.115702
0.115418
0.115143
0.114876
0.114618
0.114368
0.114127
0.113894
0.113669
0.113453
0.113244
0.113043
0.11285
0.112664
0.112485
0.112312
0.112146
0.111987
0.111833
0.111685
0.111542
0.111404
0.111271
0.111142
0.111017
0.110895
0.110776
0.11066
0.110546
0.110434
0.110323
0.110214
0.110105
0.109997
0.109888
0.10978
0.10967
0.109559
0.109447
0.109333
0.109217
0.109098
0.108977
0.108852
0.108724
0.108592
0.108456
0.108316
0.108172
0.108023
0.107869
0.10771
0.107546
0.107377
0.107202
0.107022
0.106836
0.106644
0.106447
0.106244
0.106035
0.10582
0.1056
0.105373
0.105141
0.104904
0.104661
0.104413
0.10416
0.103901
0.103638
0.103371
0.103099
0.102823
0.102543
0.10226
0.101973
0.101684
0.101392
0.101098
0.100802
0.100505
0.100206
0.0999076
0.0996088
0.0993102
0.0990126
0.0987162
0.0984217
0.0981295
0.0978401
0.0975542
0.0972721
0.0969945
0.0967219
0.0964549
0.096194
0.0959398
0.0956928
0.0954536
0.0952228
0.0950009
0.0947884
0.094586
0.0943942
0.0942134
0.0940442
0.0938871
0.0937427
0.0936112
0.0934934
0.0933895
0.0933
0.0932253
0.0931657
0.0931217
0.0930936
0.0930816
0.093086
0.0931072
0.0931452
0.0932003
0.0932727
0.0933624
0.0934696
0.0935944
0.0937367
0.0938966
0.0940741
0.094269
0.0944814
0.094711
0.0949578
0.0952215
0.095502
0.095799
0.0961122
0.0964414
0.0967863
0.0971465
0.0975217
0.0979115
0.0983155
0.0987334
0.0991646
0.0996087
0.100065
0.100534
0.101014
0.101505
0.102007
0.102519
0.10304
0.10357
0.104109
0.104656
0.10521
0.105771
0.106339
0.106912
0.107491
0.108074
0.108662
0.109254
0.109848
0.110446
0.111046
0.111647
0.11225
0.112854
0.113458
0.114062
0.114665
0.115267
0.115868
0.116467
0.117063
0.117657
0.118247
0.118834
0.119417
0.119995
0.120569
0.121138
0.121701
0.122259
0.12281
0.123355
0.123893
0.124424
0.124948
0.125465
0.125973
0.126473
0.126965
0.127448
0.127923
0.128388
0.128844
0.12929
0.129726
0.130153
0.130569
0.130975
0.131371
0.131756
0.13213
0.132494
0.132846
0.133187
0.133517
0.133835
0.134142
0.134437
0.13472
0.134992
0.135252
0.1355
0.135736
0.13596
0.136172
0.136371
0.136559
0.136735
0.136898
0.137049
0.137188
0.137315
0.13743
0.137533
0.137623
0.137702
0.137768
0.137823
0.137865
0.137896
0.137915
0.137922
0.137918
0.137902
0.137875
0.137837
0.137787
0.137726
0.137654
0.137571
0.137478
0.137374
0.137259
0.137134
0.136999
0.136854
0.136699
0.136534
0.13636
0.136177
0.135984
0.135783
0.135573
0.135354
0.135127
0.134891
0.134648
0.134397
0.134138
0.133872
0.133599
0.133319
0.133032
0.132739
0.13244
0.132135
0.131824
0.131508
0.131186
0.130859
0.130528
0.130192
0.129851
0.129507
0.129159
0.128807
0.128452
0.128093
0.127732
0.127368
0.127002
0.126634
0.126263
0.125891
0.125517
0.125142
0.124766
0.124389
0.124011
0.123633
0.123254
0.122875
0.122497
0.122118
0.12174
0.121362
0.120986
0.12061
0.120235
0.119861
0.119489
0.119118
0.118748
0.11838
0.118014
0.11765
0.117287
0.116927
0.116569
0.116213
0.115859
0.115507
0.115158
0.114811
0.114466
0.114124
0.113784
0.113447
0.113112
0.11278
0.11245
0.112123
0.111798
0.111476
0.111155
0.110838
0.110523
0.11021
0.109899
0.109591
0.109285
0.108981
0.108679
0.10838
0.108083
0.107787
0.107494
0.107203
0.106914
0.106627
0.106342
0.106059
0.105778
0.105499
0.105222
0.104947
0.104674
0.104402
0.104133
0.103866
0.103602
0.103339
0.103078
0.10282
0.102565
0.102312
0.102061
0.101813
0.101568
0.101326
0.101087
0.100852
0.100619
0.100391
0.100166
0.0999453
0.0997288
0.0995166
0.0993092
0.0991066
0.0989092
0.0987171
0.0985308
0.0983504
0.0981762
0.0980085
0.0978477
0.0976939
0.0975476
0.097409
0.0972785
0.0971564
0.0970429
0.0969385
0.0968433
0.0967579
0.0966824
0.0966173
0.0965627
0.0965191
0.0964866
0.0964657
0.0964566
0.0964595
0.0964748
0.0965027
0.0965434
0.0965971
0.0966641
0.0967446
0.0968387
0.0969465
0.0970683
0.0972042
0.0973542
0.0975184
0.0976969
0.0978897
0.0980969
0.0983183
0.0985541
0.098804
0.0990681
0.0993461
0.0996381
0.0999438
0.100263
0.100596
0.100941
0.1013
0.101671
0.102055
0.10245
0.102857
0.103276
0.103705
0.104145
0.104596
0.105055
0.105525
0.106003
0.106489
0.106983
0.107485
0.107993
0.108508
0.109029
0.109555
0.110086
0.110621
0.11116
0.111702
0.112247
0.112794
0.113342
0.113891
0.114441
0.11499
0.115539
0.116086
0.116631
0.117175
0.117715
0.118251
0.118784
0.119312
0.119836
0.120353
0.120865
0.12137
0.121868
0.122358
0.122841
0.123314
0.12378
0.124235
0.124681
0.125117
0.125542
0.125956
0.126359
0.12675
0.127128
0.127495
0.127848
0.128189
0.128516
0.128829
0.129128
0.129413
0.129683
0.129939
0.130179
0.130405
0.130615
0.130809
0.130987
0.13115
0.131296
0.131427
0.131541
0.131638
0.131719
0.131783
0.131831
0.131862
0.131876
0.131873
0.131854
0.131818
0.131765
0.131696
0.13161
0.131507
0.131388
0.131253
0.131101
0.130933
0.130749
0.13055
0.130334
0.130103
0.129857
0.129595
0.129319
0.129028
0.128722
0.128402
0.128068
0.127721
0.12736
0.126986
0.126599
0.1262
0.125788
0.125365
0.12493
0.124484
0.124027
0.12356
0.123082
0.122596
0.122099
0.121595
0.121081
0.12056
0.120031
0.119495
0.118952
0.118403
0.117848
0.117288
0.116723
0.116154
0.115581
0.115004
0.114424
0.113842
0.113257
0.112671
0.112084
0.111496
0.110909
0.110321
0.109735
0.109149
0.108566
0.107984
0.107405
0.10683
0.106258
0.10569
0.105127
0.104568
0.104015
0.103467
0.102926
0.102391
0.101863
0.101343
0.10083
0.100325
0.0998287
0.0993409
0.098862
0.0983924
0.0979323
0.0974821
0.0970418
0.0966119
0.0961925
0.0957837
0.0953858
0.0949989
0.0946231
0.0942586
0.0939055
0.0935639
0.0932337
0.0929152
0.0926082
0.0923129
0.0920292
0.091757
0.0914964
0.0912473
0.0910096
0.0907832
0.090568
0.0903638
0.0901707
0.0899883
0.0898166
0.0896553
0.0895043
0.0893634
0.0892323
0.0891109
0.0889989
0.0888961
0.0888022
0.088717
0.0886403
0.0885718
0.0885112
0.0884582
0.0884127
0.0883743
0.0883427
0.0883178
0.0882992
0.0882866
0.0882799
0.0882787
0.0882828
0.088292
0.0883059
0.0883244
0.0883472
0.088374
0.0884048
0.0884392
0.088477
0.088518
0.0885621
0.088609
0.0886586
0.0887107
0.0887651
0.0888217
0.0888804
0.088941
0.0890034
0.0890674
0.089133
0.0892001
0.0892685
0.0893383
0.0894093
0.0894815
0.0895548
0.0896291
0.0897046
0.089781
0.0898585
0.0899369
0.0900163
0.0900968
0.0901782
0.0902607
0.0903443
0.0904289
0.0905147
0.0906017
0.0906899
0.0907795
0.0908704
0.0909627
0.0910565
0.0911519
0.091249
0.0913479
0.0914485
0.0915511
0.0916558
0.0917626
0.0918715
0.0919829
0.0920966
0.0922128
0.0923317
0.0924533
0.0925777
0.0927051
0.0928355
0.092969
0.0931057
0.0932458
0.0933892
0.0935362
0.0936867
0.0938409
0.0939989
0.0941606
0.0943263
0.0944959
0.0946696
0.0948473
0.0950291
0.0952151
0.0954054
0.0955999
0.0957987
0.0960017
0.0962092
0.0964209
0.096637
0.0968574
0.0970821
0.0973111
0.0975444
0.097782
0.0980238
0.0982698
0.0985198
0.098774
0.0990321
0.0992942
0.0995601
0.0998298
0.100103
0.10038
0.10066
0.100944
0.101231
0.101521
0.101814
0.10211
0.102409
0.10271
0.103013
0.103319
0.103627
0.103937
0.104248
0.104562
0.104876
0.105192
0.105509
0.105826
0.106144
0.106463
0.106782
0.107101
0.107419
0.107738
0.108055
0.108372
0.108688
0.109003
0.109316
0.109628
0.109937
0.110245
0.11055
0.110853
0.111153
0.111451
0.111745
0.112035
0.112322
0.112606
0.112885
0.11316
0.113431
0.113697
0.113958
0.114215
0.114466
0.114712
0.114952
0.115187
0.115415
0.115638
0.115854
0.116064
0.116268
0.116464
0.116654
0.116837
0.117013
0.117181
0.117342
0.117495
0.117641
0.117779
0.117909
0.118031
0.118145
0.11825
0.118348
0.118437
0.118518
0.11859
0.118654
0.118709
0.118756
0.118794
0.118823
0.118844
0.118856
0.118859
0.118854
0.11884
0.118817
0.118786
0.118746
0.118697
0.11864
0.118574
0.1185
0.118418
0.118328
0.118229
0.118122
0.118008
0.117885
0.117755
0.117617
0.117472
0.117319
0.117159
0.116992
0.116819
0.116638
0.116451
0.116258
0.116059
0.115854
0.115643
0.115427
0.115205
0.114978
0.114747
0.114511
0.11427
0.114026
0.113778
0.113526
0.113271
0.113013
0.112752
0.112489
0.112223
0.111956
0.111687
0.111417
0.111145
0.110873
0.110601
0.110328
0.110056
0.109784
0.109513
0.109243
0.108975
0.108708
0.108443
0.10818
0.10792
0.107663
0.107409
0.107158
0.106912
0.106669
0.10643
0.106196
0.105967
0.105743
0.105524
0.105311
0.105103
0.104901
0.104706
0.104516
0.104334
0.104158
0.103989
0.103827
0.103672
0.103524
0.103384
0.103252
0.103127
0.10301
0.102901
0.102799
0.102706
0.10262
0.102543
0.102473
0.102411
0.102358
0.102312
0.102274
0.102244
0.102222
0.102207
0.1022
0.102201
0.102209
0.102224
0.102246
0.102275
0.102311
0.102353
0.102403
0.102458
0.102519
0.102587
0.10266
0.102739
0.102823
0.102912
0.103005
0.103104
0.103207
0.103314
0.103425
0.10354
0.103658
0.103779
0.103903
0.104031
0.10416
0.104292
0.104426
0.104562
0.104699
0.104837
0.104977
0.105118
0.105259
0.1054
0.105542
0.105684
0.105826
0.105968
0.106108
0.106249
0.106388
0.106526
0.106663
0.106799
0.106933
0.107065
0.107196
0.107324
0.107451
0.107575
0.107697
0.107817
0.107934
0.108049
0.108161
0.108271
0.108378
0.108482
0.108583
0.108681
0.108777
0.108869
0.108959
0.109046
0.10913
0.109211
0.109289
0.109364
0.109436
0.109506
0.109573
0.109637
0.109698
0.109757
0.109813
0.109867
0.109919
0.109968
0.110015
0.11006
0.110102
0.110143
0.110182
0.110219
0.110255
0.110289
0.110321
0.110352
0.110382
0.110411
0.110439
0.110466
0.110492
0.110517
0.110542
0.110566
0.11059
0.110614
0.110637
0.110661
0.110684
0.110708
0.110731
0.110755
0.11078
0.110805
0.11083
0.110856
0.110882
0.11091
0.110938
0.110967
0.110996
0.111027
0.111059
0.111091
0.111125
0.111159
0.111195
0.111231
0.111268
0.111307
0.111346
0.111386
0.111427
0.111469
0.111512
0.111555
0.111599
0.111644
0.111689
0.111735
0.111781
0.111828
0.111874
0.111921
0.111968
0.112014
0.112061
0.112107
0.112152
0.112197
0.112242
0.112285
0.112327
0.112369
0.112409
0.112447
0.112484
0.11252
0.112553
0.112585
0.112614
0.112641
0.112666
0.112688
0.112707
0.112724
0.112737
0.112748
0.112755
0.112758
0.112758
0.112755
0.112747
0.112736
0.112721
0.112701
0.112677
0.112649
0.112616
0.112579
0.112537
0.112491
0.112439
0.112383
0.112322
0.112256
0.112185
0.112108
0.112027
0.11194
0.111849
0.111752
0.11165
0.111543
0.111431
0.111314
0.111191
0.111064
0.110932
0.110795
0.110653
0.110506
0.110354
0.110198
0.110038
0.109873
0.109703
0.10953
0.109353
0.109172
0.108987
0.108798
0.108607
0.108412
0.108213
0.108013
0.107809
0.107603
0.107395
0.107185
0.106973
0.106759
0.106545
0.106329
0.106112
0.105894
0.105676
0.105458
0.105241
0.105023
0.104806
0.10459
0.104375
0.104162
0.10395
0.10374
0.103532
0.103327
0.103124
0.102924
0.102728
0.102534
0.102345
0.102159
0.101977
0.1018
0.101626
0.101458
0.101295
0.101136
0.100983
0.100835
0.100692
0.100556
0.100425
0.1003
0.100181
0.100068
0.0999609
0.0998604
0.0997663
0.0996785
0.099597
0.099522
0.0994534
0.0993911
0.0993352
0.0992857
0.0992424
0.0992052
0.0991743
0.0991493
0.0991302
0.099117
0.0991094
0.0991073
0.0991106
0.099119
0.0991325
0.0991508
0.0991737
0.099201
0.0992326
0.099268
0.0993073
0.0993499
0.0993959
0.0994448
0.0994964
0.0995504
0.0996066
0.0996647
0.0997244
0.0997855
0.0998475
0.0999104
0.0999736
0.100037
0.1001
0.100163
0.100226
0.100287
0.100347
0.100405
0.100462
0.100517
0.100569
0.100618
0.100665
0.100709
0.100749
0.100785
0.100818
0.100846
0.100871
0.100891
0.100906
0.100916
0.100921
0.100921
0.100915
0.100904
0.100887
0.100864
0.100835
0.1008
0.100759
0.100711
0.100658
0.100597
0.100531
0.100457
0.100377
0.10029
0.100197
0.100097
0.0999908
0.0998777
0.099758
0.0996317
0.099499
0.0993599
0.0992145
0.0990629
0.0989051
0.0987413
0.0985717
0.0983963
0.0982153
0.0980289
0.0978373
0.0976405
0.0974389
0.0972326
0.0970218
0.0968068
0.0965878
0.0963651
0.0961388
0.0959092
0.0956767
0.0954415
0.0952038
0.094964
0.0947224
0.0944792
0.0942349
0.0939896
0.0937438
0.0934977
0.0932518
0.0930062
0.0927615
0.0925178
0.0922756
0.0920352
0.0917969
0.0915612
0.0913282
0.0910985
0.0908723
0.09065
0.0904319
0.0902184
0.0900098
0.0898063
0.0896084
0.0894163
0.0892304
0.0890509
0.0888782
0.0887125
0.088554
0.0884032
0.08826
0.088125
0.0879981
0.0878797
0.08777
0.087669
0.0875771
0.0874943
0.0874208
0.0873566
0.087302
0.0872569
0.0872214
0.0871957
0.0871796
0.0871733
0.0871767
0.0871898
0.0872126
0.087245
0.087287
0.0873384
0.0873991
0.0874691
0.0875481
0.0876361
0.0877329
0.0878382
0.087952
0.0880739
0.0882037
0.0883413
0.0884864
0.0886387
0.0887979
0.0889638
0.0891361
0.0893145
0.0894987
0.0896884
0.0898833
0.090083
0.0902872
0.0904957
0.090708
0.0909239
0.0911429
0.0913648
0.0915893
0.0918159
0.0920444
0.0922743
0.0925055
0.0927375
0.09297
0.0932027
0.0934352
0.0936673
0.0938986
0.0941288
0.0943576
0.0945848
0.0948099
0.0950327
0.095253
0.0954705
0.0956848
0.0958958
0.0961032
0.0963067
0.0965061
0.0967011
0.0968917
0.0970774
0.0972582
0.0974339
0.0976042
0.097769
0.0979282
0.0980815
0.0982288
0.09837
0.098505
0.0986337
0.0987559
0.0988715
0.0989805
0.0990828
0.0991783
0.099267
0.0993489
0.0994238
0.0994919
0.0995529
0.0996071
0.0996544
0.0996947
0.0997282
0.0997549
0.0997748
0.099788
0.0997946
0.0997946
0.0997882
0.0997754
0.0997565
0.0997314
0.0997004
0.0996636
0.0996211
0.0995732
0.0995199
0.0994616
0.0993983
0.0993304
0.0992579
0.0991812
0.0991005
0.099016
0.0989279
0.0988366
0.0987424
0.0986453
0.0985459
0.0984443
0.0983409
0.0982359
0.0981297
0.0980227
0.097915
0.097807
0.0976992
0.0975917
0.097485
0.0973794
0.0972752
0.0971728
0.0970725
0.0969747
0.0968796
0.0967878
0.0966995
0.096615
0.0965346
0.0964588
0.0963879
0.0963221
0.0962618
0.0962074
0.096159
0.096117
0.0960818
0.0960535
0.0960324
0.0960188
0.096013
0.0960151
0.0960254
0.0960441
0.0960713
0.0961073
0.0961522
0.0962062
0.0962693
0.0963417
0.0964234
0.0965146
0.0966152
0.0967254
0.0968451
0.0969743
0.097113
0.0972612
0.0974188
0.0975857
0.0977617
0.0979469
0.0981411
0.098344
0.0985556
0.0987755
0.0990037
0.0992399
0.0994839
0.0997353
0.099994
0.10026
0.100532
0.10081
0.101095
0.101385
0.10168
0.101981
0.102285
0.102594
0.102907
0.103223
0.103543
0.103864
0.104188
0.104513
0.10484
0.105168
0.105496
0.105824
0.106151
0.106478
0.106803
0.107126
0.107448
0.107766
0.108081
0.108393
0.108701
0.109004
0.109303
0.109596
0.109884
0.110166
0.110441
0.110709
0.110971
0.111224
0.11147
0.111707
0.111935
0.112155
0.112365
0.112565
0.112756
0.112936
0.113105
0.113264
0.113411
0.113547
0.113671
0.113784
0.113884
0.113972
0.114047
0.11411
0.114159
0.114196
0.11422
0.11423
0.114227
0.11421
0.114179
0.114135
0.114077
0.114005
0.11392
0.11382
0.113707
0.11358
0.113439
0.113284
0.113116
0.112934
0.112738
0.112529
0.112307
0.112071
0.111823
0.111562
0.111288
0.111001
0.110703
0.110393
0.11007
0.109737
0.109392
0.109037
0.108671
0.108295
0.107909
0.107514
0.107109
0.106697
0.106275
0.105847
0.10541
0.104967
0.104518
0.104063
0.103603
0.103137
0.102668
0.102195
0.101718
0.10124
0.100759
0.100277
0.0997941
0.0993113
0.098829
0.098348
0.0978689
0.0973924
0.0969191
0.0964496
0.0959848
0.0955252
0.0950716
0.0946246
0.0941849
0.0937533
0.0933303
0.0929166
0.092513
0.09212
0.0917384
0.0913686
0.0910115
0.0906674
0.0903371
0.0900211
0.0897199
0.089434
0.089164
0.0889102
0.0886731
0.0884531
0.0882506
0.0880658
0.0878992
0.0877509
0.0876211
0.0875101
0.0874179
0.0873447
0.0872906
0.0872555
0.0872394
0.0872423
0.0872641
0.0873045
0.0873635
0.0874407
0.087536
0.0876491
0.0877795
0.087927
0.0880911
0.0882714
0.0884674
0.0886787
0.0889047
0.0891449
0.0893987
0.0896656
0.089945
0.0902362
0.0905386
0.0908516
0.0911745
0.0915067
0.0918475
0.0921962
0.0925522
0.0929148
0.0932833
0.093657
0.0940354
0.0944176
0.0948031
0.0951912
0.0955812
0.0959726
0.0963646
0.0967568
0.0971484
0.0975389
0.0979276
0.0983142
0.0986979
0.0990782
0.0994547
0.0998267
0.100194
0.100556
0.100912
0.101262
0.101605
0.101941
0.102269
0.10259
0.102902
0.103206
0.103501
0.103787
0.104064
0.104331
0.104587
0.104834
0.10507
0.105295
0.10551
0.105714
0.105906
0.106088
0.106258
0.106416
0.106563
0.106699
0.106823
0.106935
0.107035
0.107124
0.107202
0.107267
0.107321
0.107364
0.107395
0.107415
0.107424
0.107421
0.107408
0.107384
0.10735
0.107305
0.10725
0.107184
0.10711
0.107025
0.106931
0.106829
0.106717
0.106597
0.106469
0.106333
0.10619
0.106039
0.105881
0.105717
0.105547
0.105371
0.105189
0.105003
0.104811
0.104616
0.104416
0.104213
0.104007
0.103798
0.103587
0.103373
0.103159
0.102943
0.102727
0.10251
0.102294
0.102078
0.101864
0.10165
0.101439
0.101229
0.101023
0.100819
0.100618
0.100422
0.100229
0.100041
0.0998575
0.0996792
0.0995063
0.0993391
0.0991779
0.099023
0.0988746
0.098733
0.0985984
0.098471
0.098351
0.0982386
0.098134
0.0980372
0.0979484
0.0978677
0.0977951
0.0977308
0.0976747
0.097627
0.0975875
0.0975562
0.0975332
0.0975182
0.0975114
0.0975125
0.0975214
0.0975381
0.0975622
0.0975937
0.0976324
0.0976779
0.0977302
0.0977889
0.0978538
0.0979246
0.098001
0.0980827
0.0981694
0.0982607
0.0983563
0.0984559
0.098559
0.0986654
0.0987745
0.0988861
0.0989997
0.099115
0.0992315
0.0993487
0.0994664
0.099584
0.0997012
0.0998175
0.0999325
0.100046
0.100157
0.100265
0.100371
0.100473
0.100571
0.100665
0.100755
0.100839
0.100918
0.100991
0.101058
0.101118
0.101171
0.101216
0.101254
0.101284
0.101306
0.101318
0.101322
0.101316
0.1013
0.101274
0.101238
0.101192
0.101134
0.101065
0.100985
0.100893
0.100789
0.100673
0.100545
0.100404
0.10025
0.100084
0.0999043
0.0997116
0.0995055
0.0992859
0.0990527
0.0988058
0.0985451
0.0982706
0.097982
0.0976795
0.097363
0.0970323
0.0966876
0.0963288
0.0959559
0.095569
0.0951681
0.0947532
0.0943245
0.0938819
0.0934256
0.0929558
0.0924724
0.0919757
0.0914659
0.0909431
0.0904074
0.0898591
0.0892985
0.0887257
0.088141
0.0875447
0.086937
0.0863183
0.0856889
0.0850492
0.0843994
0.0837401
0.0830715
0.0823942
0.0817085
0.081015
0.080314
0.0796062
0.0788921
0.0781723
0.0774472
0.0767176
0.075984
0.0752472
0.0745078
0.0737665
0.0730241
0.0722814
0.0715392
0.0707983
0.0700595
0.0693239
0.0685922
0.0678655
0.0671448
0.066431
0.0657253
0.0650287
0.0643424
0.0636674
0.063005
0.0623563
0.0617225
0.061105
0.0605049
