
Primal Residual: 
154.747
42.5207
19.0242
24.0334
16.385
11.4846
9.59729
8.12457
6.57541
5.41645
4.86648
4.63997
4.41807
4.10657
3.74476
3.40038
3.12282
2.9276
2.80331
2.73182
2.69788
2.68246
2.65802
2.59687
2.48443
2.32667
2.14893
1.98743
1.87506
1.8258
1.82885
1.85838
1.88912
1.90527
1.90155
1.88033
1.84784
1.81069
1.77355
1.73814
1.70379
1.66891
1.63256
1.59529
1.55914
1.52682
1.50066
1.48175
1.46979
1.46338
1.46074
1.46023
1.46053
1.46057
1.4593
1.4555
1.44784
1.43513
1.41669
1.39265
1.36409
1.33296
1.30172
1.27281
1.24809
1.22845
1.21367
1.20268
1.19402
1.18635
1.1788
1.17115
1.16371
1.15707
1.15175
1.14798
1.14553
1.14375
1.14181
1.13893
1.13461
1.12879
1.12185
1.11449
1.10753
1.10163
1.09709
1.09374
1.09095
1.08774
1.08308
1.07605
1.06612
1.0532
1.0377
1.02053
1.00286
0.98605
0.971397
0.959956
0.952407
0.948973
0.949432
0.953181
0.95935
0.966916
0.974825
0.98208
0.987831
0.991437
0.992529
0.991057
0.987316
0.981947
0.975898
0.97033
0.966472
0.965432
0.96799
0.974434
0.984453
0.997156
1.01118
1.02485
1.03645
1.04435
1.04721
1.0441
1.03459
1.01878
0.997313
0.971365
0.942576
0.912939
0.884638
0.859826
0.840338
0.827417
0.8215
0.822153
0.82818
0.837879
0.84934
0.860723
0.870453
0.877346
0.880653
0.880066
0.875681
0.867946
0.857586
0.845511
0.832723
0.820199
0.808795
0.799142
0.791593
0.786188
0.782687
0.780625
0.779406
0.778406
0.777056
0.774922
0.77175
0.767485
0.762268
0.756407
0.75033
0.744525
0.739472
0.735573
0.733102
0.732164
0.732692
0.734461
0.737134
0.740314
0.743607
0.746671
0.749256
0.75123
0.752582
0.753415
0.753912
0.754311
0.75485
0.755733
0.757085
0.758928
0.761169
0.763605
0.76594
0.767822
0.768879
0.76876
0.76717
0.763904
0.758867
0.752085
0.74371
0.734007
0.72334
0.712146
0.700895
0.690056
0.68005
0.671217
0.663782
0.657839
0.653349
0.650154
0.648005
0.646601
0.645627
0.64479
0.643851
0.642643
0.641086
0.639186
0.637028
0.634765
0.632596
0.630746
0.629439
0.628875
0.62921
0.630541
0.632893
0.636221
0.64041
0.645286
0.650631
0.656193
0.661706
0.666897
0.671503
0.675279
0.678003
0.679484
0.679564
0.678123
0.675082
0.670405
0.664099
0.65622
0.646868
0.636191
0.624383
0.611682
0.598362
0.58473
0.571114
0.55785
0.545272
0.53369
0.523378
0.514556
0.507378
0.501924
0.498203
0.496151
0.495651
0.496544
0.498646
0.501766
0.505719
0.510335
0.515465
0.520985
0.526789
0.532793
0.538921
0.545108
0.551289
0.557399
0.563371
0.569131
0.574605
0.579716
0.584392
0.588565
0.592179
0.595189
0.59757
0.599313
0.60043
0.600951
0.600926
0.600421
0.599512
0.59829
0.596846
0.595277
0.593674
0.592123
0.590701
0.589474
0.588491
0.587792
0.587401
0.58733
0.587578
0.588139
0.588995
0.590124
0.591501
0.593096
0.594879
0.596818
0.598881
0.601034
0.603244
0.605475
0.607692
0.609857
0.611933
0.613879
0.615658
0.617229
0.618556
0.619601
0.620332
0.62072
0.620741
0.620377
0.619619
0.618464
0.61692
0.615003
0.612741
0.610172
0.607344
0.604314
0.601151
0.59793
0.594734
0.591648
0.58876
0.586159
0.583928
0.582142
0.580865
0.580149
0.580028
0.580516
0.581606
0.583272
0.585466
0.58812
0.591149
0.594452
0.597917
0.601424
0.604849
0.608066
0.610951
0.613387
0.615265
0.616484
0.616959
0.616618
0.615405
0.613279
0.610218
0.606216
0.601287
0.595459
0.588781
0.581316
0.573143
0.564355
0.55506
0.545376
0.535432
0.525364
0.515312
0.505422
0.495837
0.486696
0.478132
0.470267
0.463208
0.457042
0.451837
0.447638
0.444465
0.442313
0.441155
0.440942
0.441606
0.443067
0.445232
0.448004
0.451283
0.454966
0.458959
0.46317
0.467516
0.471921
0.476318
0.480652
0.484875
0.488948
0.492843
0.496538
0.500018
0.503276
0.506312
0.509127
0.511731
0.514134
0.516349
0.518392
0.52028
0.52203
0.523657
0.525178
0.526606
0.527956
0.529238
0.530461
0.53163
0.532752
0.533827
0.534855
0.535834
0.53676
0.537628
0.538429
0.539157
0.539801
0.540354
0.540805
0.541146
0.541367
0.541464
0.541429
0.541258
0.540951
0.540508
0.539932
0.53923
0.538412
0.537491
0.536483
0.535406
0.534283
0.533138
0.531998
0.530889
0.52984
0.52888
0.528037
0.527337
0.526803
0.526455
0.52631
0.526378
0.526666
0.527174
0.527896
0.528819
0.529925
0.531191
0.532587
0.534079
0.535629
0.537196
0.538735
0.540203
0.541553
0.542741
0.543722
0.544456
0.544905
0.545035
0.544815
0.544223
0.543239
0.541852
0.540056
0.537853
0.535252
0.532268
0.528924
0.52525
0.521282
0.517061
0.512635
0.508054
0.503374
0.498652
0.493947
0.489316
0.484816
0.480503
0.476424
0.472626
0.469145
0.466013
0.463252
0.460874
0.458885
0.45728
0.456047
0.455166
0.45461
0.454348
0.454342
0.454554
0.454941
0.455463
0.456077
0.456746
0.457431
0.4581
0.458723
0.459273
0.45973
0.460078
0.460305
0.460403
0.460371
0.46021
0.459925
0.459526
0.459025
0.458436
0.457778
0.457069
0.45633
0.455583
0.45485
0.454153
0.453514
0.452954
0.452492
0.452148
0.451938
0.451876
0.451975
0.452243
0.452687
0.453311
0.454116
0.4551
0.456257
0.457579
0.459055
0.460673
0.462415
0.464265
0.466202
0.468205
0.470252
0.47232
0.474385
0.476423
0.478412
0.480328
0.482151
0.483861
0.485438
0.486868
0.488137
0.489232
0.490145
0.490871
0.491406
0.49175
0.491906
0.49188
0.491679
0.491314
0.490799
0.490148
0.489376
0.488503
0.487544
0.48652
0.485447
0.484343
0.483224
0.482104
0.480995
0.479907
0.478847
0.477818
0.47682
0.475852
0.474907
0.473977
0.473049
0.47211
0.471143
0.47013
0.469053
0.467892
0.466627
0.46524
0.463712
0.462027
0.46017
0.458131
0.455899
0.45347
0.450839
0.44801
0.444986
0.441776
0.438392
0.434851
0.431171
0.427375
0.423488
0.419539
0.415557
0.411574
0.407623
0.403738
0.399952
0.396298
0.392809
0.389514
0.386442
0.383618
0.381065
0.3788
0.376839
0.375192
0.373866
0.372864
0.372183
0.37182
0.371765
0.372006
0.37253
0.373319
0.374355
0.375619
0.377091
0.378748
0.380571
0.382538
0.384629
0.386825
0.389106
0.391456
0.393857
0.396295
0.398754
0.401222
0.403686
0.406137
0.408563
0.410958
0.413312
0.415619
0.417873
0.42007
0.422206
0.424277
0.426281
0.428218
0.430085
0.431884
0.433616
0.435281
0.436883
0.438424
0.439909
0.441341
0.442725
0.444066
0.445371
0.446644
0.447892
0.449122
0.450338
0.451549
0.452758
0.453973
0.455199
0.456439
0.457699
0.458983
0.460292
0.461631
0.462998
0.464397
0.465825
0.467282
0.468766
0.470274
0.471801
0.473342
0.474893
0.476445
0.477992
0.479526
0.481036
0.482515
0.483951
0.485333
0.486651
0.487893
0.489047
0.490101
0.491043
0.491861
0.492544
0.49308
0.493458
0.493669
0.493703
0.49355
0.493205
0.492659
0.491909
0.49095
0.489781
0.4884
0.486808
0.485009
0.483007
0.480807
0.478419
0.475853
0.473118
0.470229
0.467201
0.464048
0.460788
0.457439
0.454019
0.450547
0.447043
0.443526
0.440015
0.436527
0.43308
0.42969
0.426372
0.423139
0.42
0.416967
0.414044
0.411236
0.408546
0.405973
0.403515
0.401168
0.398925
0.396778
0.394717
0.392733
0.390813
0.388945
0.387118
0.385319
0.383536
0.381759
0.379978
0.378185
0.376372
0.374535
0.372669
0.370775
0.368851
0.366902
0.364933
0.362951
0.360966
0.358988
0.357031
0.35511
0.353241
0.351442
0.349729
0.348123
0.346642
0.345304
0.344127
0.343128
0.342323
0.341725
0.341345
0.341194
0.341279
0.341602
0.342167
0.342971
0.344011
0.345279
0.346766
0.348461
0.350351
0.35242
0.354652
0.357028
0.359532
0.362144
0.364846
0.367619
0.370444
0.373306
0.376186
0.379069
0.381941
0.384789
0.3876
0.390363
0.393069
0.39571
0.398277
0.400766
0.40317
0.405486
0.407711
0.409841
0.411875
0.41381
0.415647
0.417384
0.419021
0.420558
0.421994
0.423329
0.424563
0.425697
0.42673
0.427662
0.428494
0.429225
0.429857
0.430389
0.430823
0.431159
0.431399
0.431546
0.4316
0.431566
0.431445
0.431243
0.430964
0.430613
0.430194
0.429715
0.429182
0.428602
0.427981
0.427328
0.42665
0.425954
0.425248
0.424539
0.423834
0.42314
0.422461
0.421804
0.421173
0.42057
0.419999
0.419462
0.418957
0.418487
0.418048
0.417639
0.417256
0.416896
0.416554
0.416225
0.415903
0.415583
0.415258
0.414923
0.414571
0.414198
0.413796
0.413363
0.412893
0.412383
0.411831
0.411234
0.410591
0.409903
0.40917
0.408393
0.407575
0.40672
0.405831
0.404912
0.40397
0.40301
0.402038
0.401061
0.400085
0.399116
0.398161
0.397227
0.396318
0.395442
0.394603
0.393804
0.393051
0.392345
0.391689
0.391084
0.390531
0.390028
0.389575
0.38917
0.388809
0.388488
0.388204
0.387951
0.387724
0.387517
0.387324
0.387139
0.386954
0.386763
0.386561
0.386339
0.386094
0.385818
0.385507
0.385155
0.384759
0.384316
0.383822
0.383275
0.382674
0.382018
0.381308
0.380545
0.37973
0.378866
0.377956
0.377005
0.376018
0.374999
0.373954
0.372892
0.371817
0.370738
0.369661
0.368596
0.36755
0.36653
0.365544
0.364601
0.363707
0.362869
0.362095
0.361389
0.360759
0.360209
0.359743
0.359366
0.359079
0.358887
0.35879
0.358791
0.358889
0.359085
0.359378
0.359767
0.360252
0.360831
0.361501
0.362261
0.363109
0.364041
0.365057
0.366152
0.367325
0.368573
0.369894
0.371285
0.372743
0.374267
0.375854
0.377501
0.379206
0.380966
0.382778
0.384641
0.38655
0.388502
0.390495
0.392524
0.394585
0.396675
0.398788
0.400921
0.403067
0.405223
0.407381
0.409538
0.411686
0.413819
0.415933
0.41802
0.420074
0.42209
0.424061
0.425981
0.427845
0.429648
0.431383
0.433047
0.434634
0.43614
0.437562
0.438896
0.440139
0.441289
0.442343
0.4433
0.444157
0.444915
0.445571
0.446127
0.446582
0.446936
0.44719
0.447344
0.447399
0.447356
0.447216
0.44698
0.446649
0.446224
0.445706
0.445096
0.444395
0.443603
0.442722
0.44175
0.44069
0.439541
0.438303
0.436976
0.435559
0.434053
0.432458
0.430772
0.428996
0.427129
0.425172
0.423123
0.420983
0.418753
0.416432
0.414022
0.411522
0.408935
0.406263
0.403506
0.400667
0.39775
0.394756
0.391691
0.388558
0.385361
0.382105
0.378797
0.375442
0.372046
0.368616
0.36516
0.361686
0.358201
0.354714
0.351234
0.347771
0.344334
0.340933
0.337577
0.334278
0.331045
0.327888
0.324819
0.321847
0.318982
0.316234
0.313613
0.311127
0.308786
0.306597
0.304567
0.302704
0.301012
0.299498
0.298164
0.297015
0.296051
0.295274
0.294684
0.29428
0.29406
0.29402
0.294157
0.294467
0.294943
0.29558
0.29637
0.297308
0.298385
0.299593
0.300925
0.302373
0.303928
0.305584
0.307332
0.309164
0.311075
0.313057
0.315104
0.31721
0.31937
0.321578
0.32383
0.326122
0.32845
0.330812
0.333203
0.335621
0.338064
0.340531
0.343017
0.345523
0.348046
0.350584
0.353136
0.3557
0.358273
0.360855
0.363441
0.366031
0.368621
0.371208
0.373788
0.376359
0.378916
0.381455
0.383971
0.386461
0.388918
0.391338
0.393716
0.396045
0.39832
0.400536
0.402687
0.404767
0.40677
0.40869
0.410523
0.412263
0.413905
0.415444
0.416876
0.418195
0.419399
0.420484
0.421447
0.422285
0.422995
0.423577
0.424029
0.424349
0.424538
0.424596
0.424523
0.424321
0.42399
0.423535
0.422955
0.422256
0.42144
0.420511
0.419474
0.418333
0.417093
0.41576
0.414338
0.412835
0.411256
0.409608
0.407896
0.406129
0.404311
0.402452
0.400556
0.39863
0.396683
0.39472
0.392747
0.390771
0.388798
0.386834
0.384885
0.382956
0.381051
0.379175
0.377332
0.375527
0.373762
0.37204
0.370363
0.368734
0.367154
0.365623
0.364143
0.362714
0.361334
0.360003
0.358721
0.357485
0.356294
0.355145
0.354037
0.352966
0.35193
0.350927
0.349953
0.349006
0.348083
0.347181
0.346299
0.345433
0.344582
0.343744
0.342919
0.342104
0.341299
0.340505
0.339721
0.338949
0.33819
0.337445
0.336716
0.336007
0.335321
0.33466
0.334029
0.333431
0.332871
0.332354
0.331885
0.331467
0.331107
0.330808
0.330575
0.330412
0.330324
0.330314
0.330386
0.330541
0.330783
0.331113
0.331531
0.332038
0.332633
0.333315
0.334083
0.334932
0.335861
0.336865
0.33794
0.339079
0.340278
0.341531
0.342831
0.344171
0.345544
0.346943
0.348361
0.349791
0.351226
0.352658
0.354082
0.35549
0.356876
0.358236
0.359564
0.360854
0.362104
0.363308
0.364465
0.365571
0.366625
0.367626
0.368571
0.369462
0.370298
0.371079
0.371808
0.372486
0.373114
0.373695
0.374231
0.374726
0.375182
0.375602
0.375989
0.376347
0.376678
0.376986
0.377274
0.377543
0.377798
0.378039
0.378268
0.378488
0.378699
0.378903
0.379099
0.379288
0.379469
0.379642
0.379807
0.37996
0.380102
0.380229
0.380341
0.380434
0.380506
0.380554
0.380576
0.380568
0.380529
0.380455
0.380343
0.380191
0.379997
0.379759
0.379473
0.379139
0.378755
0.37832
0.377833
0.377293
0.3767
0.376054
0.375356
0.374605
0.373804
0.372953
0.372054
0.37111
0.370121
0.369091
0.368022
0.366918
0.36578
0.364612
0.363418
0.3622
0.360962
0.359708
0.35844
0.357161
0.355876
0.354586
0.353295
0.352006
0.35072
0.349441
0.34817
0.346908
0.345659
0.344423
0.3432
0.341992
0.3408
0.339623
0.338462
0.337317
0.336187
0.335071
0.33397
0.332882
0.331806
0.330741
0.329686
0.328641
0.327604
0.326573
0.325548
0.324529
0.323514
0.322502
0.321494
0.320488
0.319485
0.318484
0.317486
0.316492
0.315502
0.314518
0.313539
0.312569
0.311607
0.310658
0.309722
0.308801
0.307899
0.307018
0.30616
0.305329
0.304528
0.30376
0.303027
0.302333
0.30168
0.301073
0.300514
0.300005
0.29955
0.299152
0.298811
0.298531
0.298314
0.298161
0.298074
0.298054
0.298101
0.298217
0.298401
0.298654
0.298975
0.299364
0.299819
0.30034
0.300925
0.301573
0.30228
0.303046
0.303867
0.304741
0.305666
0.306638
0.307655
0.308713
0.309809
0.31094
0.312103
0.313294
0.314509
0.315747
0.317002
0.318273
0.319556
0.320847
0.322145
0.323445
0.324745
0.326043
0.327335
0.328619
0.329894
0.331156
0.332403
0.333634
0.334846
0.336039
0.337209
0.338356
0.339479
0.340575
0.341645
0.342686
0.343698
0.34468
0.345631
0.346551
0.347439
0.348295
0.349117
0.349906
0.350661
0.351383
0.35207
0.352722
0.35334
0.353924
0.354472
0.354986
0.355464
0.355907
0.356316
0.356688
0.357026
0.357328
0.357594
0.357824
0.358019
0.358177
0.358299
0.358385
0.358434
0.358446
0.358421
0.358359
0.35826
0.358122
0.357947
0.357733
0.357481
0.357191
0.356862
0.356494
0.356088
0.355644
0.355161
0.35464
0.354082
0.353486
0.352854
0.352186
0.351482
0.350745
0.349975
0.349173
0.348341
0.347481
0.346593
0.345681
0.344745
0.343789
0.342815
0.341825
0.340822
0.339809
0.338788
0.337764
0.336738
0.335714
0.334695
0.333685
0.332687
0.331704
0.33074
0.329797
0.32888
0.32799
0.327131
0.326306
0.325518
0.324768
0.324059
0.323394
0.322774
0.3222
0.321674
0.321198
0.32077
0.320393
0.320067
0.31979
0.319564
0.319386
0.319257
0.319175
0.319138
0.319146
0.319196
0.319286
0.319415
0.319579
0.319777
0.320006
0.320264
0.320548
0.320856
0.321184
0.321532
0.321895
0.322272
0.322661
0.323059
0.323464
0.323875
0.32429
0.324707
0.325124
0.325541
0.325957
0.32637
0.32678
0.327186
0.327587
0.327985
0.328377
0.328765
0.329147
0.329526
0.3299
0.33027
0.330637
0.331
0.331361
0.33172
0.332076
0.332431
0.332785
0.333137
0.333489
0.33384
0.334189
0.334538
0.334885
0.33523
0.335573
0.335912
0.336246
0.336575
0.336898
0.337212
0.337516
0.337809
0.338089
0.338353
0.3386
0.338828
0.339034
0.339215
0.339371
0.339498
0.339593
0.339656
0.339682
0.33967
0.339618
0.339524
0.339385
0.3392
0.338967
0.338685
0.338351
0.337966
0.337526
0.337033
0.336486
0.335883
0.335225
0.334513
0.333745
0.332924
0.33205
0.331124
0.330147
0.329121
0.328047
0.326929
0.325767
0.324565
0.323325
0.32205
0.320742
0.319406
0.318043
0.316658
0.315254
0.313834
0.312402
0.310961
0.309516
0.308069
0.306625
0.305186
0.303758
0.302342
0.300943
0.299563
0.298207
0.296878
0.295578
0.29431
0.293077
0.291883
0.29073
0.28962
0.288555
0.287538
0.286572
0.285657
0.284797
0.283992
0.283245
0.282558
0.28193
0.281365
0.280863
0.280426
0.280055
0.27975
0.279513
0.279344
0.279245
0.279215
0.279256
0.279368
0.279551
0.279805
0.28013
0.280527
0.280995
0.281534
0.282143
0.282821
0.283568
0.284382
0.285261
0.286206
0.287213
0.288281
0.289408
0.290592
0.291829
0.293117
0.294454
0.295836
0.297259
0.298721
0.300217
0.301744
0.303298
0.304875
0.306471
0.30808
0.3097
0.311326
0.312953
0.314577
0.316194
0.317798
0.319386
0.320954
0.322496
0.32401
0.32549
0.326933
0.328336
0.329693
0.331002
0.33226
0.333463
0.334608
0.335692
0.336713
0.337668
0.338555
0.339372
0.340117
0.340789
0.341387
0.341908
0.342354
0.342722
0.343012
0.343225
0.34336
0.343418
0.343399
0.343304
0.343134
0.342891
0.342575
0.342188
0.341732
0.341209
0.340621
0.339971
0.33926
0.338492
0.33767
0.336796
0.335872
0.334903
0.333892
0.332841
0.331755
0.330636
0.329487
0.328313
0.327117
0.325902
0.324671
0.323429
0.322179
0.320923
0.319666
0.31841
0.31716
0.315917
0.314687
0.31347
0.312271
0.311092
0.309937
0.308807
0.307706
0.306636
0.3056
0.3046
0.303639
0.302718
0.301839
0.301006
0.300219
0.29948
0.298791
0.298154
0.29757
0.297041
0.296566
0.296149
0.295789
0.295487
0.295245
0.295062
0.294939
0.294876
0.294873
0.294931
0.295048
0.295225
0.295461
0.295755
0.296106
0.296513
0.296975
0.29749
0.298057
0.298673
0.299338
0.300048
0.300801
0.301595
0.302427
0.303295
0.304195
0.305124
0.30608
0.307059
0.308058
0.309073
0.310101
0.311138
0.312181
0.313226
0.31427
0.315309
0.316339
0.317357
0.318359
0.319342
0.320302
0.321236
0.322141
0.323014
0.323851
0.32465
0.325408
0.326122
0.326789
0.327408
0.327976
0.328491
0.328951
0.329355
0.329701
0.329987
0.330213
0.330379
0.330482
0.330523
0.330501
0.330416
0.330269
0.330059
0.329788
0.329456
0.329063
0.328612
0.328103
0.327539
0.32692
0.326248
0.325526
0.324756
0.32394
0.323081
0.322181
0.321244
0.320271
0.319267
0.318234
0.317176
0.316095
0.314996
0.313881
0.312754
0.311619
0.310478
0.309336
0.308196
0.307061
0.305935
0.30482
0.303721
0.30264
0.30158
0.300545
0.299536
0.298558
0.297611
0.2967
0.295825
0.294988
0.294193
0.293439
0.292729
0.292064
0.291445
0.290873
0.290347
0.28987
0.28944
0.289059
0.288725
0.288438
0.288198
0.288004
0.287855
0.287749
0.287687
0.287665
0.287683
0.287739
0.287831
0.287957
0.288115
0.288303
0.288519
0.28876
0.289024
0.289309
0.289613
0.289932
0.290264
0.290608
0.290959
0.291316
0.291677
0.292038
0.292397
0.292751
0.293099
0.293438
0.293765
0.294078
0.294375
0.294653
0.294911
0.295146
0.295356
0.295539
0.295693
0.295817
0.295909
0.295967
0.295989
0.295975
0.295922
0.29583
0.295698
0.295525
0.29531
0.295052
0.294751
0.294407
0.294019
0.293587
0.293112
0.292594
0.292033
0.29143
0.290786
0.290103
0.289381
0.288622
0.287827
0.286999
0.28614
0.285252
0.284337
0.283399
0.282439
0.281462
0.280471
0.279468
0.278459
0.277446
0.276433
0.275425
0.274425
0.273439
0.27247
0.271523
0.270602
0.269713
0.268859
0.268044
0.267274
0.266553
0.265885
0.265273
0.264723
0.264237
0.26382
0.263474
0.263203
0.263009
0.262895
0.262863
0.262914
0.26305
0.263272
0.263581
0.263977
0.264459
0.265028
0.265681
0.266419
0.26724
0.268141
0.26912
0.270176
0.271304
0.272502
0.273766
0.275094
0.27648
0.277922
0.279415
0.280956
0.282539
0.28416
0.285816
0.287501
0.289211
0.290942
0.29269
0.294449
0.296216
0.297986
0.299754
0.301518
0.303272
0.305012
0.306735
0.308436
0.310112
0.31176
0.313375
0.314954
0.316493
0.31799
0.319441
0.320843
0.322193
0.323487
0.324724
0.3259
0.327012
0.328059
0.329037
0.329943
0.330777
0.331535
0.332215
0.332815
0.333333
0.333767
0.334116
0.334377
0.33455
0.334632
0.334623
0.334521
0.334325
0.334035
0.333649
0.333168
0.33259
0.331916
0.331146
0.33028
0.329318
0.328262
0.327112
0.325869
0.324534
0.32311
0.321599
0.320001
0.31832
0.316558
0.314718
0.312803
0.310816
0.308761
0.306643
0.304464
0.302229
0.299943
0.29761
0.295237
0.292827
0.290387
0.287923
0.28544
0.282945
0.280443
0.277943
0.275451
0.272972
0.270516
0.268089
0.265698
0.26335
0.261054
0.258816
0.256644
0.254545
0.252527
0.250596
0.248758
0.247022
0.245392
0.243874
0.242475
0.241199
0.24005
0.239032
0.238149
0.237404
0.236798
0.236333
0.236009
0.235828
0.235787
0.235887
0.236125
0.236499
0.237005
0.23764
0.2384
0.239281
0.240276
0.241382
0.242592
0.2439
0.245301
0.246787
0.248353
0.249991
0.251696
0.253461
0.255279
0.257144
0.259049
0.260988
0.262956
0.264945
0.266951
0.268968
0.270989
0.27301
0.275026
0.277032
0.279024
0.280996
0.282944
0.284865
0.286754
0.288608
0.290423
0.292196
0.293924
0.295604
0.297233
0.298808
0.300328
0.301789
0.303189
0.304527
0.305801
0.307009
0.30815
0.309222
0.310224
0.311155
0.312014
0.3128
0.313513
0.314151
0.314716
0.315206
0.315621
0.315961
0.316228
0.31642
0.316539
0.316584
0.316558
0.316461
0.316293
0.316057
0.315753
0.315384
0.31495
0.314454
0.313897
0.313282
0.31261
0.311885
0.311109
0.310284
0.309412
0.308498
0.307543
0.306551
0.305525
0.304468
0.303383
0.302273
0.301143
0.299994
0.29883
0.297655
0.296473
0.295286
0.294097
0.29291
0.291729
0.290555
0.289393
0.288246
0.287115
0.286004
0.284916
0.283853
0.282817
0.28181
0.280836
0.279895
0.278989
0.27812
0.27729
0.276499
0.275749
0.27504
0.274374
0.273751
0.273172
0.272636
0.272145
0.271697
0.271293
0.270933
0.270615
0.27034
0.270108
0.269916
0.269765
0.269653
0.26958
0.269545
0.269546
0.269582
0.269653
0.269756
0.269891
0.270056
0.270251
0.270473
0.270721
0.270994
0.271291
0.271611
0.271951
0.27231
0.272688
0.273083
0.273493
0.273917
0.274354
0.274802
0.27526
0.275727
0.276201
0.276682
0.277166
0.277655
0.278145
0.278636
0.279126
0.279615
0.2801
0.280581
0.281057
0.281526
0.281987
0.282439
0.28288
0.283311
0.283729
0.284134
0.284525
0.284901
0.285262
0.285606
0.285932
0.286241
0.286532
0.286805
0.287058
0.287292
0.287507
0.287702
0.287878
0.288035
0.288173
0.288292
0.288393
0.288476
0.288542
0.288592
0.288626
0.288645
0.28865
0.288643
0.288624
0.288594
0.288554
0.288507
0.288453
0.288393
0.288329
0.288263
0.288195
0.288127
0.28806
0.287996
0.287936
0.287882
0.287833
0.287793
0.287761
0.287739
0.287727
0.287727
0.287739
0.287764
0.287802
0.287854
0.28792
0.288001
0.288095
0.288204
0.288327
0.288463
0.288613
0.288775
0.28895
0.289135
0.289331
0.289537
0.289751
0.289971
0.290198
0.29043
0.290665
0.290901
0.291138
0.291374
0.291607
0.291837
0.29206
0.292276
0.292483
0.29268
0.292865
0.293036
0.293193
0.293333
0.293455
0.293559
0.293642
0.293704
0.293743
0.293758
0.293749
0.293714
0.293652
0.293563
0.293447
0.293302
0.293128
0.292925
0.292692
0.292429
0.292136
0.291813
0.29146
0.291077
0.290665
0.290224
0.289753
0.289254
0.288727
0.288173
0.287593
0.286987
0.286356
0.285702
0.285025
0.284327
0.283608
0.28287
0.282115
0.281343
0.280557
0.279757
0.278946
0.278125
0.277296
0.27646
0.27562
0.274777
0.273934
0.273092
0.272254
0.271421
0.270595
0.26978
0.268976
0.268187
0.267414
0.26666
0.265927
0.265216
0.264532
0.263875
0.263248
0.262653
0.262092
0.261568
0.261082
0.260636
0.260233
0.259874
0.259561
0.259295
0.259079
0.258913
0.258799
0.258737
0.25873
0.258778
0.258881
0.25904
0.259255
0.259528
0.259856
0.260242
0.260683
0.26118
0.261733
0.262339
0.262998
0.263709
0.264471
0.265281
0.266139
0.267043
0.267989
0.268978
0.270005
0.271069
0.272168
0.273299
0.274458
0.275645
0.276856
0.278087
0.279337
0.280603
0.281881
0.283169
0.284464
0.285762
0.287062
0.28836
0.289654
0.29094
0.292216
0.29348
0.294727
0.295957
0.297167
0.298353
0.299514
0.300647
0.301751
0.302822
0.303859
0.30486
0.305823
0.306746
0.307628
0.308466
0.30926
0.310007
0.310707
0.311358
0.311959
0.31251
0.313008
0.313453
0.313844
0.314181
0.314463
0.31469
0.314861
0.314975
0.315033
0.315034
0.314979
0.314867
0.314698
0.314474
0.314193
0.313857
0.313466
0.313021
0.312522
0.311971
0.311367
0.310713
0.310009
0.309257
0.308457
0.307611
0.30672
0.305786
0.304811
0.303797
0.302744
0.301655
0.300532
0.299377
0.298191
0.296978
0.295739
0.294476
0.293193
0.291891
0.290572
0.28924
0.287896
0.286544
0.285186
0.283824
0.282462
0.281103
0.279748
0.2784
0.277063
0.275739
0.274431
0.273141
0.271873
0.270628
0.26941
0.268221
0.267064
0.26594
0.264853
0.263804
0.262797
0.261832
0.260912
0.260038
0.259213
0.258438
0.257715
0.257044
0.256427
0.255865
0.255359
0.254909
0.254516
0.254181
0.253903
0.253682
0.253519
0.253412
0.253363
0.253369
0.25343
0.253545
0.253713
0.253934
0.254204
0.254524
0.254891
0.255304
0.255761
0.25626
0.256799
0.257376
0.257989
0.258637
0.259315
0.260024
0.26076
0.26152
0.262303
0.263107
0.263929
0.264767
0.265618
0.266481
0.267352
0.268231
0.269114
0.269999
0.270886
0.27177
0.272651
0.273526
0.274394
0.275252
0.276099
0.276933
0.277753
0.278556
0.279341
0.280106
0.280851
0.281573
0.282272
0.282945
0.283593
0.284213
0.284804
0.285366
0.285897
0.286397
0.286865
0.287299
0.2877
0.288067
0.288398
0.288694
0.288954
0.289178
0.289365
0.289515
0.289628
0.289704
0.289743
0.289745
0.28971
0.289637
0.289529
0.289384
0.289203
0.288987
0.288736
0.288452
0.288133
0.287782
0.2874
0.286986
0.286543
0.286071
0.285571
0.285045
0.284494
0.283919
0.283321
0.282703
0.282065
0.281409
0.280737
0.280051
0.279352
0.278641
0.277921
0.277194
0.276461
0.275725
0.274987
0.274248
0.273512
0.27278
0.272053
0.271335
0.270626
0.269928
0.269244
0.268576
0.267924
0.267292
0.26668
0.26609
0.265524
0.264984
0.26447
0.263985
0.263529
0.263104
0.262712
0.262352
0.262027
0.261736
0.261482
0.261264
0.261083
0.260939
0.260833
0.260766
0.260737
0.260746
0.260793
0.260879
0.261003
0.261164
0.261362
0.261597
0.261868
0.262174
0.262514
0.262888
0.263294
0.263732
0.2642
0.264698
0.265223
0.265776
0.266353
0.266955
0.267579
0.268224
0.268889
0.269572
0.270271
0.270986
0.271714
0.272454
0.273204
0.273963
0.27473
0.275502
0.276278
0.277056
0.277836
0.278615
0.279392
0.280165
0.280934
0.281696
0.282451
0.283197
0.283932
0.284656
0.285367
0.286064
0.286746
0.287412
0.288061
0.288692
0.289303
0.289894
0.290465
0.291014
0.29154
0.292044
0.292523
0.292979
0.29341
0.293816
0.294196
0.29455
0.294878
0.29518
0.295455
0.295704
0.295926
0.296121
0.29629
0.296433
0.296549
0.296639
0.296704
0.296743
0.296757
0.296747
0.296712
0.296655
0.296574
0.296471
0.296347
0.296201
0.296036
0.295851
0.295648
0.295427
0.295189
0.294935
0.294666
0.294383
0.294087
0.293778
0.293459
0.293129
0.29279
0.292442
0.292087
0.291726
0.291359
0.290988
0.290614
0.290237
0.289858
0.289478
0.289099
0.28872
0.288344
0.28797
0.287599
0.287232
0.28687
0.286514
0.286163
0.285819
0.285482
0.285153
0.284832
0.28452
0.284216
0.283921
0.283636
0.283361
0.283096
0.28284
0.282595
0.28236
0.282135
0.281921
0.281716
0.281521
0.281336
0.281161
0.280994
0.280837
0.280689
0.280548
0.280416
0.280291
0.280173
0.280061
0.279956
0.279856
0.279761
0.27967
0.279583
0.279499
0.279417
0.279337
0.279259
0.27918
0.279102
0.279023
0.278943
0.278861
0.278776
0.278687
0.278595
0.278499
0.278397
0.27829
0.278177
0.278057
0.277931
0.277797
0.277656
0.277506
0.277348
0.277182
0.277007
0.276823
0.276629
0.276427
0.276216
0.275995
0.275765
0.275527
0.275279
0.275024
0.274759
0.274488
0.274208
0.273922
0.273629
0.27333
0.273025
0.272715
0.272402
0.272085
0.271765
0.271443
0.271119
0.270796
0.270473
0.270151
0.269831
0.269514
0.269202
0.268894
0.268593
0.268298
0.26801
0.267732
0.267463
0.267204
0.266957
0.266721
0.266499
0.26629
0.266096
0.265917
0.265754
0.265607
0.265478
0.265366
0.265272
0.265197
0.265141
0.265104
0.265086
0.265089
0.265111
0.265153
0.265216
0.265299
0.265401
0.265524
0.265666
0.265828
0.26601
0.26621
0.266428
0.266665
0.26692
0.267192
0.26748
0.267784
0.268104
0.268439
0.268787
0.269149
0.269524
0.26991
0.270308
0.270715
0.271133
0.271558
0.271992
0.272433
0.272879
0.273332
0.273788
0.274248
0.274711
0.275176
0.275642
0.276108
0.276574
0.277038
0.277501
0.277961
0.278417
0.27887
0.278614
0.278998
0.279359
0.279694
0.280007
0.280303
0.280584
0.280851
0.281106
0.281351
0.281584
0.281807
0.28202
0.282222
0.282411
0.282589
0.282753
0.282904
0.283041
0.283166
0.283278
0.283377
0.283465
0.283541
0.283607
0.283661
0.283704
0.283736
0.283759
0.283771
0.283773
0.283766
0.28375
0.283726
0.283695
0.283656
0.283611
0.28356
0.283504
0.283443
0.283378
0.283311
0.283241
0.283168
0.283095
0.283021
0.282947
0.282873
0.282801
0.282731
0.282664
0.282599
0.282538
0.282481
0.282428
0.28238
0.282338
0.282301
0.28227
0.282246
0.282228
0.282216
0.282212
0.282214
0.282223
0.282239
0.282262
0.282291
0.282327
0.282369
0.282417
0.282471
0.28253
0.282595
0.282664
0.282738
0.282815
0.282896
0.28298
0.283065
0.283153
0.283241
0.28333
0.283418
0.283506
0.283592
0.283675
0.283755
0.283832
0.283903
0.283969
0.284029
0.284082
0.284127
0.284164
0.284191
0.284208
0.284214
0.284209
0.284191
0.28416
0.284116
0.284057
0.283983
0.283893
0.283788
0.283665
0.283526
0.283369
0.283193
0.283
0.282787
0.282555
0.282303
0.282032
0.281741
0.281429
0.281098
0.280745
0.280373
0.279979
0.279565
0.279131
0.278676
0.278202
0.277707
0.277192
0.276658
0.276105
0.275533
0.274942
0.274334
0.273709
0.273066
0.272408
0.271734
0.271045
0.270342
0.269627
0.268899
0.268159
0.267409
0.26665
0.265882
0.265108
0.264327
0.263541
0.262752
0.26196
0.261167
0.260374
0.259583
0.258796
0.258012
0.257235
0.256465
0.255703
0.254953
0.254214
0.253488
0.252778
0.252084
0.251408
0.250751
0.250115
0.249501
0.248912
0.248347
0.247808
0.247297
0.246815
0.246363
0.245942
0.245553
0.245196
0.244874
0.244586
0.244334
0.244117
0.243936
0.243792
0.243685
0.243616
0.243583
0.243587
0.243629
0.243707
0.243822
0.243973
0.244159
0.244379
0.244634
0.244922
0.245242
0.245594
0.245975
0.246385
0.246823
0.247286
0.247775
0.248287
0.24882
0.249374
0.249946
0.250535
0.25114
0.251757
0.252387
0.253026
0.253673
0.254326
0.254984
0.255644
0.256305
0.256966
0.257623
0.258276
0.258922
0.25956
0.260189
0.260806
0.26141
0.261999
0.262572
0.263127
0.263663
0.264178
0.264671
0.265141
0.265586
0.266005
0.266397
0.26676
0.267094
0.267398
0.267671
0.267911
0.268119
0.268292
0.268432
0.268536
0.268605
0.268637
0.268633
0.268592
0.268514
0.268398
0.268245
0.268055
0.267826
0.26756
0.267257
0.266917
0.266539
0.266125
0.265675
0.265189
0.264668
0.264113
0.263524
0.262902
0.262249
0.261564
0.260849
0.260105
0.259334
0.258536
0.257713
0.256866
0.255997
0.255107
0.254197
0.253271
0.252328
0.251371
0.250402
0.249423
0.248435
0.247441
0.246442
0.245442
0.244441
0.243442
0.242448
0.24146
0.240481
0.239513
0.238559
0.23762
0.236699
0.235799
0.234921
0.234067
0.233241
0.232444
0.231678
0.230946
0.230249
0.22959
0.22897
0.228391
0.227855
0.227364
0.226918
0.22652
0.226171
0.225872
0.225624
0.225427
0.225283
0.225193
0.225156
0.225173
0.225244
0.22537
0.22555
0.225784
0.226071
0.226411
0.226804
0.227248
0.227742
0.228286
0.228878
0.229517
0.230202
0.230931
0.231702
0.232514
0.233365
0.234253
0.235177
0.236133
0.237122
0.238139
0.239183
0.240253
0.241345
0.242459
0.243591
0.244739
0.245902
0.247077
0.248262
0.249455
0.250654
0.251857
0.253062
0.254266
0.255468
0.256666
0.257858
0.259042
0.260216
0.261378
0.262528
0.263662
0.26478
0.265879
0.266959
0.268018
0.269054
0.270066
0.271053
0.272013
0.272946
0.273849
0.274723
0.275565
0.276375
0.277152
0.277895
0.278604
0.279276
0.279912
0.280512
0.281073
0.281596
0.28208
0.282525
0.28293
0.283295
0.283619
0.283903
0.284145
0.284346
0.284506
0.284624
0.2847
0.284735
0.284727
0.284678
0.284588
0.284455
0.284282
0.284067
0.283812
0.283515
0.283178
0.282802
0.282385
0.281929
0.281435
0.280902
0.280331
0.279722
0.279077
0.278396
0.277678
0.276926
0.276139
0.275319
0.274465
0.27358
0.272662
0.271714
0.270736
0.269729
0.268693
0.26763
0.26654
0.265425
0.264285
0.263122
0.261935
0.260727
0.259499
0.258251
0.256984
0.2557
0.2544
0.253084
0.251755
0.250413
0.24906
0.247696
0.246324
0.244945
0.243559
0.242168
0.240775
0.239379
0.237983
0.236588
0.235196
0.233808
0.232426
0.231051
0.229685
0.22833
0.226988
0.225659
0.224346
0.223051
0.221775
0.22052
0.219287
0.218079
0.216898
0.215744
0.21462
0.213528
0.212468
0.211444
0.210456
0.209506
0.208596
0.207727
0.206901
0.206119
0.205382
0.204693
0.204051
0.203458
0.202916
0.202425
0.201986
0.2016
0.201268
0.200989
0.200766
0.200597
0.200483
0.200424
0.200421
0.200472
0.200579
0.20074
0.200955
0.201223
0.201544
0.201916
0.20234
0.202814
0.203336
0.203906
0.204522
0.205183
0.205887
0.206633
0.20742
0.208245
0.209107
0.210004
0.210934
0.211896
0.212887
0.213906
0.214951
0.21602
0.21711
0.218221
0.219349
0.220494
0.221652
0.222823
0.224003
0.225192
0.226387
0.227586
0.228788
0.229991
0.231192
0.23239
0.233584
0.234771
0.23595
0.237119
0.238276
0.23942
0.24055
0.241663
0.242759
0.243835
0.24489
0.245924
0.246934
0.24792
0.248879
0.249812
0.250716
0.25159
0.252435
0.253247
0.254027
0.254774
0.255486
0.256163
0.256804
0.257407
0.257974
0.258502
0.258991
0.259442
0.259852
0.260221
0.26055
0.260838
0.261085
0.261289
0.261452
0.261573
0.261652
0.261688
0.261682
0.261635
0.261545
0.261413
0.26124
0.261025
0.26077
0.260474
0.260138
0.259762
0.259347
0.258894
0.258403
0.257875
0.257311
0.256712
0.256078
0.255411
0.254712
0.253981
0.25322
0.252429
0.251611
0.250767
0.249897
0.249004
0.248088
0.247152
0.246196
0.245223
0.244234
0.24323
0.242214
0.241188
0.240152
0.239109
0.238061
0.23701
0.235957
0.234905
0.233856
0.232812
0.231774
0.230746
0.229728
0.228724
0.227734
0.226762
0.225809
0.224878
0.22397
0.223088
0.222233
0.221407
0.220613
0.219852
0.219127
0.218438
0.217787
0.217177
0.216608
0.216083
0.215601
0.215166
0.214778
0.214437
0.214146
0.213904
0.213712
0.213571
0.213482
0.213445
0.213459
0.213525
0.213644
0.213813
0.214034
0.214306
0.214628
0.215
0.21542
0.215887
0.216401
0.216961
0.217564
0.21821
0.218898
0.219624
0.220389
0.221189
0.222024
0.222892
0.223789
0.224716
0.225669
0.226646
0.227645
0.228665
0.229703
0.230756
0.231823
0.232902
0.23399
0.235086
0.236186
0.23729
0.238394
0.239496
0.240595
0.241689
0.242775
0.243851
0.244916
0.245967
0.247003
0.248021
0.249021
0.249999
0.250954
0.251885
0.25279
0.253668
0.254516
0.255333
0.256118
0.256869
0.257585
0.258265
0.258907
0.259511
0.260074
0.260596
0.261076
0.261513
0.261905
0.262253
0.262555
0.262809
0.263017
0.263176
0.263287
0.263348
0.263359
0.26332
0.26323
0.263089
0.262897
0.262653
0.262357
0.262009
0.26161
0.261158
0.260654
0.260098
0.259491
0.258832
0.258121
0.25736
0.256548
0.255686
0.254775
0.253814
0.252805
0.251748
0.250645
0.249495
0.2483
0.24706
0.245778
0.244453
0.243087
0.241681
0.240237
0.238756
0.237238
0.235687
0.234102
0.232487
0.230842
0.229169
0.227471
0.225749
0.224005
0.222241
0.220459
0.218663
0.216853
0.215032
0.213203
0.211369
0.209531
0.207693
0.205857
0.204027
0.202205
0.200394
0.198597
0.196817
0.195058
0.193322
0.191613
0.189935
0.188289
0.186681
0.185113
0.183588
0.18211
0.180682
0.179307
0.177989
0.176731
0.175536
0.174406
0.173345
0.172355
0.171439
0.170599
0.169838
0.169157
0.168558
0.168043
0.167613
0.167269
0.167011
0.166841
0.166758
0.166762
0.166853
0.167031
0.167293
0.16764
0.16807
0.168581
0.16917
0.169837
0.170579
0.171392
0.172275
0.173225
0.174238
0.175312
0.176443
0.177629
0.178865
0.180149
0.181478
0.182847
0.184253
0.185694
0.187165
0.188664
0.190187
0.19173
0.193291
0.194867
0.196454
0.19805
0.199651
0.201254
0.202858
0.204459
0.206054
0.207642
0.209219
0.210783
0.212332
0.213864
0.215377
0.216869
0.218337
0.21978
0.221196
0.222584
0.223941
0.225266
0.226559
0.227817
0.229039
0.230224
0.23137
0.232478
0.233545
0.234571
0.235555
0.236496
0.237394
0.238247
0.239056
0.239819
0.240537
0.241209
0.241834
0.242413
0.242946
0.243431
0.24387
0.244261
0.244606
0.244904
0.245156
0.245362
0.245521
0.245635
0.245704
0.245729
0.245709
0.245646
0.24554
0.245392
0.245202
0.244972
0.244701
0.244392
0.244045
0.243661
0.243241
0.242785
0.242296
0.241774
0.24122
0.240636
0.240023
0.239382
0.238714
0.238021
0.237304
0.236565
0.235804
0.235023
0.234225
0.233409
0.232578
0.231733
0.230876
0.230007
0.22913
0.228244
0.227353
0.226456
0.225556
0.224654
0.223752
0.22285
0.221952
0.221057
0.220168
0.219285
0.218411
0.217547
0.216693
0.215851
0.215022
0.214208
0.21341
0.212628
0.211865
0.21112
0.210394
0.20969
0.209007
0.208346
0.207708
0.207094
0.206504
0.205938
0.205398
0.204884
0.204396
0.203934
0.203498
0.203089
0.202706
0.202351
0.202022
0.201719
0.201443
0.201193
0.200969
0.200771
0.200598
0.200449
0.200325
0.200224
0.200147
0.200093
0.20006
0.200049
0.200058
0.200088
0.200136
0.200203
0.200288
0.200389
0.200507
0.20064
0.200787
0.200948
0.201122
0.201308
0.201505
0.201713
0.20193
0.202157
0.202391
0.202633
0.202881
0.203135
0.203395
0.203659
0.203927
0.204199
0.204473
0.204749
0.205026
0.205305
0.205584
0.205863
0.206142
0.20642
0.206696
0.206971
0.207243
0.207514
0.207781
0.208045
0.208307
0.208564
0.208818
0.209068
0.209313
0.209554
0.209791
0.210023
0.21025
0.210472
0.210689
0.210901
0.211108
0.21131
0.211506
0.211697
0.211882
0.212062
0.212237
0.212406
0.212569
0.212727
0.21288
0.213026
0.213167
0.213303
0.213433
0.213557
0.213675
0.213787
0.213894
0.213994
0.214089
0.214177
0.21426
0.214336
0.214406
0.21447
0.214527
0.214577
0.214621
0.214658
0.214688
0.214711
0.214726
0.214734
0.214735
0.214727
0.214712
0.214689
0.214657
0.214617
0.214568
0.21451
0.214443
0.214367
0.214282
0.214187
0.214082
0.213967
0.213842
0.213706
0.21356
0.213404
0.213236
0.213058
0.212868
0.212668
0.212456
0.212232
0.211998
0.211751
0.211494
0.211224
0.210943
0.210651
0.210347
0.210032
0.209706
0.209368
0.209019
0.20866
0.20829
0.207909
0.207519
0.207118
0.206708
0.206289
0.205861
0.205425
0.204981
0.204529
0.204071
0.203606
0.203135
0.202659
0.202178
0.201694
0.201206
0.200716
0.200224
0.199731
0.199238
0.198745
0.198254
0.197766
0.197281
0.196799
0.196323
0.195853
0.195391
0.194936
0.194489
0.194053
0.193628
0.193214
0.192814
0.192427
0.192055
0.191698
0.191358
0.191036
0.190732
0.190447
0.190182
0.189938
0.189715
0.189515
0.189337
0.189183
0.189053
0.188948
0.188867
0.188812
0.188783
0.18878
0.188803
0.188852
0.188928
0.18903
0.189159
0.189314
0.189495
0.189702
0.189935
0.190192
0.190475
0.190781
0.191111
0.191464
0.19184
0.192237
0.192654
0.193091
0.193548
0.194022
0.194513
0.19502
0.195542
0.196078
0.196627
0.197187
0.197757
0.198336
0.198923
0.199517
0.200117
0.20072
0.201327
0.201935
0.202544
0.203152
0.203759
0.204362
0.20496
0.205553
0.20614
0.206718
0.207288
0.207848
0.208396
0.208933
0.209456
0.209965
0.21046
0.210938
0.2114
0.211844
0.21227
0.212676
0.213063
0.21343
0.213775
0.214099
0.2144
0.21468
0.214936
0.215168
0.215377
0.215562
0.215722
0.215858
0.215969
0.216056
0.216117
0.216154
0.216166
0.216153
0.216116
0.216054
0.215968
0.215857
0.215723
0.215566
0.215386
0.215183
0.214957
0.214711
0.214443
0.214154
0.213846
0.213518
0.213171
0.212807
0.212426
0.212028
0.211614
0.211185
0.210743
0.210287
0.209819
0.20934
0.20885
0.20835
0.207842
0.207326
0.206804
0.206275
0.205742
0.205205
0.204665
0.204123
0.20358
0.203037
0.202495
0.201954
0.201416
0.200882
0.200352
0.199827
0.199308
0.198796
0.198292
0.197795
0.197308
0.19683
0.196362
0.195905
0.19546
0.195026
0.194604
0.194195
0.193799
0.193415
0.193046
0.19269
0.192348
0.19202
0.191706
0.191407
0.191121
0.190849
0.190592
0.190348
0.190118
0.189901
0.189698
0.189507
0.189329
0.189163
0.189009
0.188866
0.188734
0.188613
0.188501
0.1884
0.188307
0.188223
0.188147
0.188079
0.188017
0.187962
0.187912
0.187869
0.18783
0.187795
0.187764
0.187737
0.187712
0.18769
0.187671
0.187652
0.187636
0.18762
0.187604
0.187589
0.187574
0.187559
0.187544
0.187528
0.187511
0.187494
0.187476
0.187457
0.187437
0.187416
0.187395
0.187373
0.187351
0.187328
0.187306
0.187283
0.187262
0.187241
0.187221
0.187202
0.187186
0.187172
0.18716
0.187152
0.187148
0.187148
0.187152
0.187162
0.187177
0.187199
0.187228
0.187264
0.187308
0.18736
0.187421
0.187492
0.187573
0.187665
0.187767
0.187881
0.188007
0.188145
0.188296
0.18846
0.188637
0.188828
0.189033
0.189252
0.189485
0.189732
0.189994
0.19027
0.19056
0.190865
0.191185
0.191518
0.191865
0.192226
0.1926
0.192987
0.193386
0.193798
0.194221
0.194655
0.1951
0.195554
0.196017
0.196489
0.196968
0.197454
0.197946
0.198443
0.198944
0.199448
0.199955
0.200463
0.200971
0.201478
0.201984
0.202487
0.202986
0.203479
0.203967
0.204448
0.20492
0.205383
0.205835
0.206276
0.206705
0.207119
0.207519
0.207903
0.20827
0.208619
0.20895
0.20926
0.20955
0.209818
0.210064
0.210286
0.210484
0.210656
0.210803
0.210922
0.211015
0.211079
0.211115
0.211121
0.211097
0.211043
0.210958
0.210841
0.210693
0.210513
0.2103
0.210055
0.209776
0.209465
0.20912
0.208742
0.20833
0.207886
0.207408
0.206896
0.206352
0.205776
0.205167
0.204525
0.203852
0.203148
0.202413
0.201648
0.200853
0.200029
0.199176
0.198297
0.19739
0.196458
0.195501
0.194519
0.193516
0.19249
0.191443
0.190378
0.189294
0.188193
0.187077
0.185947
0.184804
0.183651
0.182488
0.181317
0.18014
0.178959
0.177775
0.176591
0.175408
0.174227
0.173052
0.171884
0.170725
0.169577
0.168442
0.167322
0.16622
0.165137
0.164076
0.163038
0.162026
0.161042
0.160088
0.159166
0.158278
0.157427
0.156613
0.155839
0.155106
0.154417
0.153773
0.153175
0.152625
0.152125
0.151675
0.151276
0.15093
0.150637
0.150398
0.150214
0.150084
0.15001
0.14999
0.150026
0.150117
0.150261
0.15046
0.150712
0.151017
0.151373
0.151779
0.152235
0.152738
0.153288
0.153883
0.154522
0.155202
0.155922
0.15668
0.157474
0.158302
0.159163
0.160055
0.160974
0.16192
0.162891
0.163884
0.164896
0.165928
0.166975
0.168037
0.169111
0.170195
0.171288
0.172388
0.173492
0.174599
0.175708
0.176816
0.177922
0.179024
0.180121
0.181212
0.182293
0.183366
0.184427
0.185475
0.18651
0.187531
0.188535
0.189522
0.19049
0.19144
0.192369
0.193277
0.194162
0.195025
0.195865
0.196679
0.197469
0.198233
0.19897
0.199681
0.200363
0.201018
0.201645
0.202242
0.20281
0.203349
0.203858
0.204336
0.204784
0.205202
0.205589
0.205945
0.20627
0.206564
0.206827
0.207059
0.20726
0.20743
0.207569
0.207678
0.207756
0.207803
0.20782
0.207808
0.207765
0.207693
0.207592
0.207462
0.207303
0.207117
0.206902
0.20666
0.206391
0.206096
0.205775
0.205428
0.205056
0.20466
0.20424
0.203796
0.20333
0.202841
0.202331
0.2018
0.201249
0.200678
0.200088
0.199479
0.198854
0.198211
0.197552
0.196878
0.19619
0.195487
0.194772
0.194045
0.193306
0.192557
0.191798
0.19103
0.190254
0.189471
0.188683
0.187888
0.18709
0.186288
0.185484
0.184678
0.183872
0.183066
0.182262
0.181459
0.180661
0.179866
0.179077
0.178294
0.177518
0.176751
0.175993
0.175245
0.174509
0.173785
0.173074
0.172377
0.171695
0.17103
0.170382
0.169751
0.16914
0.168549
0.167978
0.167429
0.166902
0.166398
0.165919
0.165464
0.165034
0.164631
0.164255
0.163905
0.163584
0.163292
0.163028
0.162794
0.162589
0.162415
0.162271
0.162158
0.162075
0.162024
0.162003
0.162014
0.162055
0.162128
0.162231
0.162365
0.162529
0.162724
0.162947
0.163201
0.163482
0.163793
0.16413
0.164495
0.164886
0.165303
0.165745
0.166211
0.1667
0.167212
0.167745
0.168298
0.168871
0.169463
0.170073
0.170699
0.17134
0.171996
0.172665
0.173346
0.174038
0.17474
0.175451
0.176169
0.176894
0.177624
0.178358
0.179094
0.179833
0.180572
0.18131
0.182046
0.182779
0.183508
0.184232
0.184949
0.185658
0.186359
0.18705
0.18773
0.188398
0.189053
0.189694
0.190319
0.190929
0.191521
0.192096
0.192651
0.193186
0.1937
0.194193
0.194663
0.195109
0.195532
0.195929
0.1963
0.196644
0.196962
0.197251
0.197512
0.197743
0.197944
0.198115
0.198255
0.198364
0.19844
0.198484
0.198496
0.198474
0.198418
0.198328
0.198205
0.198046
0.197853
0.197626
0.197363
0.197066
0.196733
0.196365
0.195962
0.195524
0.195051
0.194543
0.194001
0.193424
0.192813
0.192169
0.191491
0.19078
0.190037
0.189262
0.188455
0.187618
0.18675
0.185853
0.184928
0.183975
0.182995
0.181989
0.180958
0.179904
0.178827
0.177728
0.176609
0.175471
0.174316
0.173145
0.171959
0.17076
0.16955
0.16833
0.167102
0.165869
0.164631
0.163392
0.162152
0.160915
0.159681
0.158455
0.157237
0.156031
0.154838
0.153661
0.152503
0.151367
0.150254
0.149167
0.14811
0.147084
0.146093
0.145138
0.144224
0.143351
0.142523
0.141743
0.141012
0.140334
0.13971
0.139142
0.138633
0.138184
0.137797
0.137474
0.137216
0.137025
0.136901
0.136845
0.136857
0.136939
0.137089
0.137309
0.137598
0.137955
0.13838
0.138871
0.139427
0.140048
0.140732
0.141476
0.142279
0.14314
0.144055
0.145024
0.146042
0.147109
0.148221
0.149376
0.150571
0.151804
0.153072
0.154371
0.155701
0.157057
0.158436
0.159838
0.161257
0.162693
0.164142
0.165602
0.16707
0.168543
0.17002
0.171498
0.172974
0.174447
0.175914
0.177372
0.17882
0.180256
0.181678
0.183083
0.184471
0.185838
0.187184
0.188507
0.189804
0.191075
0.192319
0.193533
0.194716
0.195867
0.196984
0.198067
0.199115
0.200126
0.201098
0.202032
0.202927
0.203781
0.204593
0.205363
0.206091
0.206775
0.207415
0.208011
0.208561
0.209066
0.209525
0.209938
0.210304
0.210624
0.210897
0.211123
0.211301
0.211433
0.211518
0.211556
0.211546
0.211491
0.211388
0.21124
0.211046
0.210806
0.210521
0.210191
0.209818
0.209401
0.208941
0.208438
0.207894
0.20731
0.206685
0.206021
0.205318
0.204579
0.203802
0.202991
0.202145
0.201266
0.200354
0.199412
0.19844
0.197439
0.196412
0.195359
0.194281
0.19318
0.192058
0.190916
0.189756
0.188578
0.187386
0.18618
0.184962
0.183734
0.182498
0.181255
0.180007
0.178756
0.177504
0.176252
0.175003
0.173759
0.172521
0.171291
0.170072
0.168864
0.167671
0.166493
0.165333
0.164193
0.163075
0.161979
0.160909
0.159866
0.158851
0.157867
0.156915
0.155996
0.155111
0.154263
0.153453
0.152681
0.151949
0.151259
0.15061
0.150004
0.149441
0.148922
0.148448
0.148019
0.147635
0.147296
0.147002
0.146753
0.14655
0.146391
0.146275
0.146203
0.146174
0.146187
0.14624
0.146333
0.146465
0.146634
0.14684
0.147081
0.147354
0.14766
0.147996
0.148361
0.148754
0.149171
0.149613
0.150076
0.15056
0.151063
0.151583
0.152118
0.152666
0.153227
0.153798
0.154377
0.154963
0.155554
0.156149
0.156747
0.157345
0.157943
0.158538
0.15913
0.159717
0.160298
0.160871
0.161436
0.161991
0.162536
0.163069
0.163589
0.164095
0.164587
0.165063
0.165522
0.165965
0.16639
0.166797
0.167185
0.167553
0.167901
0.168228
0.168534
0.168819
0.169083
0.169324
0.169543
0.16974
0.169914
0.170065
0.170194
0.170299
0.170382
0.170441
0.170478
0.170492
0.170483
0.170452
0.170399
0.170323
0.170226
0.170107
0.169967
0.169806
0.169625
0.169424
0.169203
0.168963
0.168704
0.168427
0.168132
0.16782
0.167492
0.167148
0.166788
0.166414
0.166026
0.165624
0.16521
0.164784
0.164346
0.163898
0.16344
0.162974
0.162499
0.162017
0.161528
0.161033
0.160534
0.16003
0.159523
0.159013
0.158502
0.157989
0.157477
0.156966
0.156457
0.15595
0.155446
0.154947
0.154453
0.153964
0.153483
0.153009
0.152543
0.152086
0.15164
0.151203
0.150779
0.150366
0.149966
0.14958
0.149208
0.148851
0.14851
0.148184
0.147875
0.147584
0.14731
0.147054
0.146818
0.1466
0.146402
0.146224
0.146066
0.145929
0.145812
0.145717
0.145643
0.145591
0.14556
0.145551
0.145564
0.145598
0.145654
0.145732
0.145832
0.145954
0.146096
0.14626
0.146445
0.146651
0.146878
0.147124
0.147391
0.147677
0.147982
0.148306
0.148648
0.149008
0.149385
0.149779
0.150189
0.150616
0.151057
0.151513
0.151983
0.152466
0.152962
0.15347
0.15399
0.15452
0.15506
0.155611
0.156169
0.156736
0.157311
0.157892
0.158479
0.159071
0.159668
0.160269
0.160873
0.16148
0.162088
0.162697
0.163307
0.163917
0.164526
0.165133
0.165737
0.166339
0.166937
0.167531
0.16812
0.168703
0.16928
0.16985
0.170412
0.170967
0.171513
0.172049
0.172576
0.173093
0.173598
0.174092
0.174574
0.175043
0.1755
0.175943
0.176371
0.176786
0.177185
0.17757
0.177938
0.17829
0.178626
0.178945
0.179246
0.17953
0.179796
0.180044
0.180273
0.180484
0.180675
0.180847
0.181
0.181133
0.181246
0.181339
0.181411
0.181464
0.181496
0.181507
0.181498
0.181468
0.181418
0.181347
0.181255
0.181142
0.181009
0.180856
0.180682
0.180488
0.180274
0.18004
0.179786
0.179512
0.179219
0.178907
0.178576
0.178226
0.177858
0.177472
0.177069
0.176648
0.176211
0.175757
0.175287
0.174802
0.174301
0.173786
0.173257
0.172714
0.172158
0.17159
0.171009
0.170418
0.169816
0.169203
0.168582
0.167951
0.167313
0.166667
0.166014
0.165355
0.164691
0.164022
0.163349
0.162673
0.161995
0.161315
0.160634
0.159953
0.159273
0.158593
0.157916
0.157242
0.156571
0.155904
0.155243
0.154587
0.153938
0.153295
0.15266
0.152034
0.151417
0.15081
0.150213
0.149626
0.149052
0.148489
0.147939
0.147401
0.146877
0.146367
0.145871
0.14539
0.144924
0.144473
0.144037
0.143618
0.143214
0.142826
0.142454
0.142098
0.141759
0.141436
0.14113
0.140839
0.140565
0.140306
0.140064
0.139837
0.139625
0.139428
0.139246
0.139079
0.138926
0.138786
0.13866
0.138547
0.138447
0.138358
0.138281
0.138216
0.138161
0.138116
0.138081
0.138055
0.138037
0.138028
0.138026
0.138032
0.138044
0.138062
0.138086
0.138115
0.138148
0.138186
0.138228
0.138272
0.13832
0.13837
0.138422
0.138477
0.138532
0.138589
0.138646
0.138704
0.138763
0.138821
0.13888
0.138938
0.138996
0.139053
0.13911
0.139166
0.139221
0.139276
0.139331
0.139384
0.139438
0.139491
0.139543
0.139596
0.139649
0.139702
0.139756
0.13981
0.139865
0.139922
0.139981
0.140042
0.140104
0.14017
0.140239
0.140311
0.140388
0.140468
0.140553
0.140644
0.14074
0.140842
0.140951
0.141067
0.14119
0.14132
0.141459
0.141607
0.141764
0.14193
0.142106
0.142293
0.14249
0.142698
0.142917
0.143148
0.143391
0.143646
0.143914
0.144194
0.144487
0.144793
0.145112
0.145444
0.145789
0.146148
0.14652
0.146906
0.147304
0.147716
0.148141
0.148579
0.149029
0.149492
0.149968
0.150455
0.150954
0.151464
0.151985
0.152517
0.153059
0.15361
0.154171
0.15474
0.155318
0.155904
0.156496
0.157095
0.157701
0.158311
0.158926
0.159545
0.160168
0.160794
0.161421
0.16205
0.16268
0.16331
0.163939
0.164567
0.165192
0.165815
0.166435
0.167051
0.167661
0.168267
0.168866
0.169458
0.170042
0.170619
0.171186
0.171745
0.172293
0.17283
0.173356
0.17387
0.174371
0.17486
0.175335
0.175796
0.176242
0.176672
0.177088
0.177487
0.177869
0.178235
0.178583
0.178913
0.179225
0.179519
0.179794
0.180049
0.180285
0.180501
0.180698
0.180873
0.181029
0.181164
0.181278
0.181371
0.181443
0.181493
0.181523
0.18153
0.181517
0.181482
0.181425
0.181348
0.181248
0.181128
0.180986
0.180822
0.180638
0.180433
0.180207
0.179961
0.179694
0.179406
0.179099
0.178773
0.178426
0.178061
0.177677
0.177274
0.176853
0.176415
0.175959
0.175486
0.174997
0.174491
0.17397
0.173433
0.172882
0.172317
0.171737
0.171145
0.17054
0.169923
0.169294
0.168655
0.168005
0.167346
0.166677
0.166
0.165315
0.164623
0.163925
0.16322
0.162511
0.161797
0.16108
0.160359
0.159636
0.158912
0.158186
0.157461
0.156736
0.156013
0.155291
0.154573
0.153858
0.153147
0.152441
0.151741
0.151048
0.150362
0.149683
0.149013
0.148353
0.147702
0.147062
0.146433
0.145816
0.145212
0.144621
0.144044
0.143481
0.142932
0.1424
0.141883
0.141382
0.140898
0.140431
0.139982
0.139551
0.139139
0.138745
0.138369
0.138013
0.137676
0.137359
0.137061
0.136783
0.136525
0.136287
0.136068
0.135869
0.13569
0.13553
0.13539
0.135269
0.135167
0.135084
0.13502
0.134973
0.134945
0.134933
0.134939
0.134962
0.135001
0.135056
0.135126
0.13521
0.135309
0.135422
0.135547
0.135686
0.135836
0.135997
0.13617
0.136352
0.136544
0.136744
0.136953
0.137169
0.137393
0.137622
0.137857
0.138098
0.138342
0.138591
0.138842
0.139096
0.139352
0.139609
0.139867
0.140125
0.140382
0.140639
0.140894
0.141147
0.141397
0.141645
0.141889
0.142129
0.142364
0.142595
0.142821
0.143041
0.143255
0.143462
0.143663
0.143857
0.144044
0.144223
0.144395
0.144558
0.144713
0.14486
0.144998
0.145128
0.145249
0.145361
0.145463
0.145557
0.145642
0.145717
0.145783
0.145841
0.145889
0.145928
0.145958
0.14598
0.145992
0.145997
0.145992
0.14598
0.14596
0.145931
0.145896
0.145853
0.145803
0.145746
0.145683
0.145613
0.145538
0.145458
0.145372
0.145282
0.145187
0.145089
0.144987
0.144882
0.144774
0.144665
0.144553
0.144441
0.144327
0.144214
0.1441
0.143987
0.143876
0.143766
0.143658
0.143553
0.143451
0.143353
0.143259
0.143169
0.143085
0.143006
0.142933
0.142867
0.142808
0.142755
0.142711
0.142675
0.142648
0.142629
0.14262
0.14262
0.142631
0.142652
0.142683
0.142725
0.142778
0.142843
0.142919
0.143007
0.143106
0.143217
0.143341
0.143476
0.143624
0.143784
0.143955
0.144139
0.144335
0.144543
0.144762
0.144994
0.145236
0.14549
0.145755
0.14603
0.146316
0.146612
0.146918
0.147234
0.147558
0.147892
0.148233
0.148583
0.14894
0.149303
0.149674
0.15005
0.150432
0.150819
0.15121
0.151605
0.152003
0.152404
0.152807
0.153212
0.153617
0.154023
0.154429
0.154834
0.155237
0.155639
0.156037
0.156433
0.156824
0.157211
0.157593
0.157969
0.158339
0.158702
0.159057
0.159405
0.159744
0.160073
0.160393
0.160702
0.161001
0.161288
0.161563
0.161826
0.162076
0.162313
0.162535
0.162744
0.162937
0.163116
0.163278
0.163425
0.163555
0.163669
0.163765
0.163844
0.163905
0.163947
0.163971
0.163977
0.163963
0.16393
0.163878
0.163806
0.163714
0.163602
0.16347
0.163317
0.163144
0.16295
0.162735
0.1625
0.162244
0.161967
0.161669
0.16135
0.16101
0.16065
0.160269
0.159868
0.159445
0.159003
0.15854
0.158058
0.157555
0.157033
0.156492
0.155931
0.155352
0.154754
0.154139
0.153505
0.152854
0.152186
0.151501
0.1508
0.150084
0.149352
0.148606
0.147846
0.147072
0.146286
0.145487
0.144677
0.143855
0.143024
0.142182
0.141333
0.140475
0.13961
0.138738
0.137862
0.13698
0.136095
0.135207
0.134318
0.133428
0.132538
0.131649
0.130762
0.129879
0.129
0.128127
0.127261
0.126402
0.125553
0.124714
0.123886
0.123071
0.122269
0.121483
0.120713
0.119961
0.119227
0.118514
0.117821
0.117151
0.116504
0.115882
0.115286
0.114717
0.114175
0.113663
0.113181
0.112729
0.112309
0.111922
0.111568
0.111248
0.110963
0.110713
0.110499
0.110321
0.11018
0.110075
0.110007
0.109975
0.109981
0.110024
0.110103
0.110219
0.11037
0.110557
0.11078
0.111036
0.111327
0.111651
0.112007
0.112394
0.112812
0.113259
0.113735
0.114239
0.114768
0.115323
0.115902
0.116504
0.117127
0.117771
0.118434
0.119115
0.119812
0.120525
0.121251
0.12199
0.122741
0.123502
0.124272
0.125049
0.125833
0.126622
0.127415
0.128211
0.129009
0.129808
0.130606
0.131402
0.132195
0.132985
0.13377
0.13455
0.135323
0.136088
0.136845
0.137593
0.13833
0.139056
0.139771
0.140473
0.141162
0.141837
0.142498
0.143143
0.143772
0.144385
0.144981
0.14556
0.14612
0.146662
0.147186
0.14769
0.148174
0.148638
0.149082
0.149506
0.149908
0.15029
0.15065
0.150988
0.151305
0.1516
0.151873
0.152125
0.152354
0.152561
0.152746
0.152909
0.153051
0.15317
0.153268
0.153344
0.153399
0.153432
0.153444
0.153436
0.153407
0.153358
0.153289
0.153201
0.153093
0.152966
0.152821
0.152658
0.152478
0.15228
0.152066
0.151836
0.15159
0.15133
0.151055
0.150766
0.150464
0.15015
0.149824
0.149487
0.149139
0.148782
0.148415
0.148041
0.147658
0.147269
0.146874
0.146474
0.146069
0.14566
0.145249
0.144835
0.144421
0.144006
0.143591
0.143177
0.142765
0.142356
0.141951
0.14155
0.141154
0.140764
0.140381
0.140005
0.139637
0.139279
0.138929
0.13859
0.138262
0.137945
0.13764
0.137348
0.137069
0.136804
0.136553
0.136317
0.136095
0.135889
0.135699
0.135524
0.135366
0.135224
0.135099
0.134991
0.1349
0.134825
0.134768
0.134727
0.134703
0.134696
0.134706
0.134732
0.134774
0.134832
0.134906
0.134995
0.135098
0.135217
0.135349
0.135496
0.135655
0.135827
0.136011
0.136207
0.136414
0.136631
0.136858
0.137095
0.13734
0.137593
0.137853
0.13812
0.138393
0.138671
0.138954
0.139241
0.139532
0.139825
0.14012
0.140417
0.140715
0.141012
0.14131
0.141606
0.1419
0.142192
0.142482
0.142768
0.14305
0.143328
0.143601
0.143868
0.144129
0.144385
0.144633
0.144874
0.145107
0.145333
0.14555
0.145758
0.145958
0.146148
0.146328
0.146499
0.14666
0.14681
0.14695
0.147079
0.147197
0.147304
0.147401
0.147486
0.147559
0.147622
0.147673
0.147713
0.147741
0.147758
0.147764
0.147758
0.147741
0.147713
0.147674
0.147623
0.147562
0.147491
0.147408
0.147316
0.147213
0.1471
0.146977
0.146844
0.146702
0.146551
0.146391
0.146222
0.146045
0.14586
0.145666
0.145465
0.145257
0.145042
0.144819
0.144591
0.144356
0.144115
0.143869
0.143618
0.143362
0.143101
0.142836
0.142567
0.142294
0.142018
0.141739
0.141458
0.141174
0.140888
0.1406
0.140311
0.140021
0.13973
0.139439
0.139148
0.138857
0.138566
0.138276
0.137987
0.137699
0.137413
0.137129
0.136846
0.136567
0.13629
0.136015
0.135745
0.135477
0.135213
0.134953
0.134697
0.134445
0.134198
0.133956
0.133718
0.133486
0.133259
0.133038
0.132822
0.132613
0.132409
0.132211
0.13202
0.131836
0.131658
0.131487
0.131322
0.131165
0.131016
0.130873
0.130738
0.13061
0.130491
0.130378
0.130274
0.130178
0.130089
0.130009
0.129937
0.129873
0.129817
0.12977
0.129731
0.1297
0.129678
0.129664
0.129658
0.129661
0.129672
0.129692
0.12972
0.129756
0.129801
0.129853
0.129914
0.129983
0.13006
0.130145
0.130238
0.130339
0.130447
0.130563
0.130686
0.130816
0.130953
0.131097
0.131248
0.131405
0.131569
0.131739
0.131914
0.132095
0.132282
0.132474
0.13267
0.132872
0.133077
0.133287
0.133501
0.133718
0.133938
0.134161
0.134386
0.134614
0.134843
0.135074
0.135306
0.135539
0.135773
0.136006
0.136239
0.136472
0.136703
0.136933
0.137161
0.137387
0.13761
0.13783
0.138047
0.138261
0.13847
0.138674
0.138874
0.139069
0.139258
0.139441
0.139618
0.139788
0.139951
0.140107
0.140255
0.140395
0.140527
0.14065
0.140765
0.14087
0.140966
0.141052
0.141128
0.141194
0.14125
0.141295
0.141329
0.141352
0.141364
0.141365
0.141354
0.141332
0.141298
0.141252
0.141195
0.141126
0.141045
0.140951
0.140846
0.140729
0.140601
0.14046
0.140307
0.140143
0.139968
0.139781
0.139583
0.139373
0.139153
0.138922
0.138681
0.138429
0.138167
0.137896
0.137615
0.137325
0.137027
0.13672
0.136405
0.136082
0.135752
0.135416
0.135073
0.134724
0.134369
0.13401
0.133646
0.133278
0.132907
0.132533
0.132156
0.131777
0.131397
0.131017
0.130636
0.130255
0.129876
0.129498
0.129122
0.128749
0.12838
0.128014
0.127652
0.127296
0.126945
0.126601
0.126263
0.125933
0.12561
0.125295
0.12499
0.124694
0.124407
0.124131
0.123866
0.123611
0.123368
0.123137
0.122918
0.122712
0.122519
0.122338
0.122171
0.122018
0.121878
0.121752
0.12164
0.121542
0.121458
0.121389
0.121333
0.121292
0.121265
0.121252
0.121252
0.121267
0.121294
0.121336
0.12139
0.121457
0.121537
0.121628
0.121732
0.121848
0.121974
0.122111
0.122259
0.122417
0.122584
0.12276
0.122945
0.123138
0.123339
0.123547
0.123762
0.123983
0.124209
0.124441
0.124677
0.124918
0.125163
0.12541
0.125661
0.125913
0.126167
0.126423
0.12668
0.126936
0.127193
0.127449
0.127705
0.127959
0.128211
0.128461
0.128708
0.128953
0.129194
0.129432
0.129666
0.129896
0.130122
0.130342
0.130558
0.130769
0.130974
0.131173
0.131367
0.131554
0.131735
0.13191
0.132079
0.132241
0.132396
0.132544
0.132686
0.132821
0.132948
0.133069
0.133182
0.133288
0.133388
0.13348
0.133565
0.133643
0.133714
0.133778
0.133835
0.133885
0.133929
0.133965
0.133995
0.134019
0.134035
0.134046
0.13405
0.134048
0.13404
0.134026
0.134006
0.13398
0.133948
0.133911
0.133869
0.133821
0.133768
0.133709
0.133646
0.133578
0.133505
0.133427
0.133344
0.133257
0.133166
0.13307
0.13297
0.132865
0.132757
0.132644
0.132527
0.132407
0.132282
0.132154
0.132021
0.131885
0.131745
0.131601
0.131454
0.131303
0.131148
0.130989
0.130827
0.130661
0.130491
0.130318
0.130141
0.12996
0.129775
0.129587
0.129395
0.129199
0.129
0.128796
0.128589
0.128378
0.128163
0.127944
0.127722
0.127495
0.127265
0.12703
0.126792
0.12655
0.126304
0.126055
0.125801
0.125544
0.125283
0.125018
0.12475
0.124478
0.124202
0.123924
0.123642
0.123356
0.123068
0.122777
0.122482
0.122186
0.121886
0.121584
0.121281
0.120975
0.120667
0.120358
0.120048
0.119736
0.119424
0.119111
0.118798
0.118485
0.118172
0.11786
0.117549
0.11724
0.116932
0.116626
0.116322
0.116021
0.115724
0.11543
0.11514
0.114854
0.114573
0.114298
0.114028
0.113764
0.113506
0.113255
0.113012
0.112777
0.112549
0.112331
0.112121
0.111921
0.11173
0.11155
0.11138
0.111222
0.111074
0.110939
0.110815
0.110703
0.110605
0.110519
0.110446
0.110386
0.11034
0.110308
0.11029
0.110286
0.110296
0.11032
0.110359
0.110412
0.110479
0.110561
0.110657
0.110767
0.110892
0.11103
0.111182
0.111348
0.111528
0.11172
0.111926
0.112144
0.112375
0.112618
0.112872
0.113138
0.113414
0.113701
0.113998
0.114305
0.114621
0.114946
0.115278
0.115619
0.115966
0.11632
0.116681
0.117046
0.117417
0.117792
0.118172
0.118554
0.118939
0.119327
0.119716
0.120106
0.120496
0.120887
0.121277
0.121666
0.122054
0.122439
0.122822
0.123201
0.123577
0.123948
0.124315
0.124677
0.125034
0.125384
0.125728
0.126065
0.126395
0.126717
0.127032
0.127338
0.127635
0.127924
0.128203
0.128473
0.128733
0.128982
0.129222
0.129451
0.129669
0.129877
0.130073
0.130258
0.130432
0.130595
0.130746
0.130885
0.131013
0.131129
0.131233
0.131326
0.131407
0.131477
0.131535
0.131581
0.131616
0.13164
0.131652
0.131654
0.131644
0.131624
0.131594
0.131553
0.131502
0.131441
0.13137
0.13129
0.131201
0.131104
0.130998
0.130883
0.130761
0.130631
0.130495
0.130351
0.130201
0.130045
0.129884
0.129717
0.129545
0.129369
0.129189
0.129006
0.128819
0.12863
0.128439
0.128245
0.128051
0.127855
0.12766
0.127464
0.127268
0.127074
0.126881
0.12669
0.126501
0.126314
0.126131
0.125951
0.125776
0.125604
0.125438
0.125276
0.12512
0.12497
0.124826
0.124689
0.124558
0.124435
0.124319
0.124211
0.124111
0.124019
0.123936
0.123861
0.123795
0.123738
0.123691
0.123652
0.123624
0.123604
0.123595
0.123595
0.123604
0.123624
0.123653
0.123692
0.12374
0.123798
0.123865
0.123942
0.124028
0.124123
0.124226
0.124339
0.12446
0.12459
0.124727
0.124873
0.125026
0.125186
0.125354
0.125528
0.125709
0.125896
0.126089
0.126287
0.12649
0.126698
0.126911
0.127128
0.127348
0.127572
0.127798
0.128027
0.128259
0.128492
0.128726
0.128962
0.129198
0.129434
0.12967
0.129906
0.13014
0.130373
0.130605
0.130834
0.131061
0.131284
0.131505
0.131722
0.131935
0.132143
0.132347
0.132546
0.132739
0.132927
0.133108
0.133284
0.133452
0.133613
0.133767
0.133913
0.134052
0.134182
0.134304
0.134416
0.13452
0.134615
0.1347
0.134775
0.13484
0.134895
0.13494
0.134974
0.134997
0.135009
0.13501
0.134999
0.134977
0.134943
0.134898
0.13484
0.134771
0.134689
0.134595
0.134488
0.134369
0.134237
0.134093
0.133936
0.133766
0.133583
0.133388
0.133179
0.132958
0.132724
0.132477
0.132217
0.131944
0.131659
0.13136
0.13105
0.130726
0.13039
0.130042
0.129681
0.129308
0.128923
0.128526
0.128118
0.127698
0.127266
0.126824
0.12637
0.125906
0.125431
0.124946
0.124451
0.123947
0.123433
0.122909
0.122378
0.121837
0.121289
0.120733
0.12017
0.1196
0.119024
0.118442
0.117854
0.117261
0.116664
0.116062
0.115457
0.114849
0.114239
0.113627
0.113014
0.1124
0.111787
0.111174
0.110562
0.109953
0.109346
0.108742
0.108143
0.107549
0.10696
0.106378
0.105803
0.105237
0.104678
0.10413
0.103592
0.103065
0.10255
0.102048
0.101559
0.101085
0.100627
0.100184
0.099758
0.0993497
0.0989597
0.0985888
0.0982377
0.0979071
0.0975976
0.09731
0.0970447
0.0968024
0.0965837
0.0963889
0.0962187
0.0960733
0.0959532
0.0958586
0.0957899
0.0957473
0.0957309
0.0957408
0.0957772
0.09584
0.0959291
0.0960445
0.096186
0.0963535
0.0965466
0.096765
0.0970083
0.0972762
0.0975682
0.0978838
0.0982224
0.0985835
0.0989663
0.0993703
0.0997948
0.100239
0.100702
0.101184
0.101682
0.102198
0.102729
0.103275
0.103834
0.104407
0.104993
0.105589
0.106196
0.106813
0.107438
0.10807
0.10871
0.109356
0.110006
0.110661
0.111319
0.111979
0.112642
0.113304
0.113967
0.114629
0.115289
0.115947
0.116602
0.117252
0.117898
0.118539
0.119174
0.119801
0.120422
0.121034
0.121638
0.122233
0.122817
0.123392
0.123955
0.124507
0.125048
0.125575
0.12609
0.126592
0.12708
0.127555
0.128014
0.128459
0.128889
0.129304
0.129703
0.130085
0.130452
0.130803
0.131136
0.131453
0.131753
0.132036
0.132302
0.132551
0.132782
0.132995
0.133192
0.13337
0.133532
0.133675
0.133802
0.133911
0.134002
0.134077
0.134134
0.134175
0.134198
0.134205
0.134196
0.13417
0.134128
0.134071
0.133998
0.133909
0.133806
0.133688
0.133555
0.133409
0.133249
0.133075
0.132889
0.13269
0.132478
0.132255
0.132021
0.131776
0.13152
0.131254
0.130978
0.130694
0.130401
0.130099
0.12979
0.129474
0.129151
0.128822
0.128487
0.128148
0.127803
0.127454
0.127102
0.126747
0.126389
0.126029
0.125667
0.125305
0.124941
0.124578
0.124215
0.123853
0.123492
0.123133
0.122776
0.122421
0.12207
0.121722
0.121378
0.121038
0.120702
0.120371
0.120046
0.119726
0.119411
0.119103
0.118801
0.118505
0.118216
0.117934
0.117658
0.11739
0.117128
0.116874
0.116627
0.116388
0.116156
0.11593
0.115713
0.115502
0.115298
0.115101
0.114911
0.114728
0.114551
0.11438
0.114216
0.114057
0.113904
0.113756
0.113613
0.113475
0.113341
0.113211
0.113085
0.112962
0.112842
0.112725
0.112611
0.112498
0.112386
0.112276
0.112166
0.112057
0.111947
0.111837
0.111727
0.111614
0.111501
0.111385
0.111267
0.111146
0.111021
0.110894
0.110762
0.110626
0.110486
0.110341
0.11019
0.110034
0.109873
0.109705
0.109531
0.109351
0.109164
0.10897
0.108769
0.108561
0.108345
0.108121
0.107891
0.107652
0.107405
0.107151
0.106889
0.106618
0.10634
0.106054
0.10576
0.105458
0.105149
0.104832
0.104507
0.104176
0.103837
0.103491
0.103139
0.10278
0.102414
0.102043
0.101666
0.101284
0.100897
0.100506
0.10011
0.0997107
0.0993078
0.0989021
0.0984939
0.0980837
0.0976721
0.0972596
0.0968468
0.0964341
0.0960222
0.0956116
0.095203
0.094797
0.0943942
0.0939952
0.0936008
0.0932115
0.0928281
0.0924512
0.0920815
0.0917197
0.0913664
0.0910225
0.0906885
0.0903652
0.0900532
0.0897533
0.089466
0.0891921
0.0889322
0.0886869
0.0884569
0.0882427
0.0880449
0.0878641
0.0877008
0.0875555
0.0874286
0.0873207
0.087232
0.0871631
0.0871142
0.0870857
0.0870777
0.0870906
0.0871245
0.0871796
0.0872559
0.0873536
0.0874726
0.0876129
0.0877745
0.0879573
0.0881611
0.0883857
0.088631
0.0888966
0.0891823
0.0894878
0.0898126
0.0901565
0.0905189
0.0908994
0.0912977
0.0917131
0.0921451
0.0925932
0.0930569
0.0935355
0.0940286
0.0945354
0.0950554
0.0955879
0.0961323
0.0966881
0.0972544
0.0978308
0.0984165
0.099011
0.0996135
0.100223
0.10084
0.101463
0.102091
0.102725
0.103362
0.104004
0.104648
0.105295
0.105944
0.106594
0.107245
0.107896
0.108547
0.109197
0.109846
0.110493
0.111137
0.111779
0.112417
0.113052
0.113682
0.114308
0.114929
0.115544
0.116153
0.116757
0.117353
0.117943
0.118525
0.1191
0.119667
0.120225
0.120775
0.121316
0.121848
0.12237
0.122883
0.123385
0.123878
0.12436
0.124832
0.125293
0.125742
0.126181
0.126608
0.127024
0.127428
0.12782
0.128201
0.128569
0.128925
0.129269
0.1296
0.129919
0.130225
0.130519
0.1308
0.131068
0.131323
0.131566
0.131795
0.132012
0.132216
0.132407
0.132585
0.13275
0.132902
0.133041
0.133167
0.133281
0.133382
0.13347
0.133546
0.133609
0.133659
0.133697
0.133723
0.133736
0.133737
0.133726
0.133704
0.133669
0.133623
0.133565
0.133496
0.133415
0.133323
0.133221
0.133107
0.132983
0.132849
0.132704
0.132549
0.132384
0.132209
0.132025
0.131832
0.131629
0.131417
0.131197
0.130968
0.130731
0.130486
0.130233
0.129972
0.129704
0.129429
0.129147
0.128858
0.128563
0.128262
0.127955
0.127642
0.127323
0.127
0.126672
0.126338
0.126001
0.125659
0.125314
0.124964
0.124611
0.124255
0.123896
0.123535
0.123171
0.122804
0.122436
0.122066
0.121694
0.121321
0.120947
0.120572
0.120196
0.11982
0.119443
0.119066
0.11869
0.118314
0.117938
0.117563
0.117188
0.116814
0.116442
0.116071
0.115701
0.115332
0.114965
0.1146
0.114236
0.113875
0.113515
0.113158
0.112802
0.112449
0.112097
0.111748
0.111402
0.111057
0.110715
0.110376
0.110038
0.109704
0.109371
0.109041
0.108713
0.108387
0.108063
0.107742
0.107423
0.107106
0.106791
0.106479
0.106168
0.105859
0.105552
0.105247
0.104943
0.104641
0.104341
0.104042
0.103745
0.103449
0.103154
0.102861
0.102569
0.102279
0.101989
0.1017
0.101413
0.101127
0.100841
0.100557
0.100274
0.0999917
0.0997106
0.0994304
0.0991514
0.0988734
0.0985967
0.0983211
0.0980469
0.097774
0.0975026
0.0972328
0.0969647
0.0966985
0.0964342
0.0961721
0.0959122
0.0956549
0.0954002
0.0951485
0.0948998
0.0946545
0.0944129
0.0941751
0.0939414
0.0937121
0.0934876
0.0932681
0.093054
0.0928455
0.0926431
0.092447
0.0922577
0.0920755
0.0919007
0.0917338
0.0915752
0.0914251
0.091284
0.0911524
0.0910305
0.0909189
0.0908178
0.0907276
0.0906489
0.0905818
0.0905269
0.0904844
0.0904547
0.0904382
0.0904351
0.0904458
0.0904707
0.0905099
0.0905638
0.0906325
0.0907164
0.0908156
0.0909303
0.0910606
0.0912067
0.0913687
0.0915467
0.0917408
0.0919509
0.0921771
0.0924193
0.0926775
0.0929516
0.0932415
0.093547
0.0938681
0.0942044
0.0945558
0.094922
0.0953028
0.0956979
0.0961069
0.0965295
0.0969653
0.0974139
0.097875
0.098348
0.0988326
0.0993283
0.0998346
0.100351
0.100877
0.101412
0.101956
0.102507
0.103066
0.103632
0.104204
0.104782
0.105365
0.105952
0.106543
0.107138
0.107735
0.108335
0.108936
0.109538
0.11014
0.110742
0.111344
0.111944
0.112541
0.113137
0.113729
0.114317
0.114902
0.115481
0.116055
0.116623
0.117185
0.11774
0.118287
0.118827
0.119358
0.119881
0.120394
0.120897
0.12139
0.121872
0.122344
0.122804
0.123252
0.123688
0.124111
0.124521
0.124918
0.125302
0.125672
0.126027
0.126368
0.126694
0.127006
0.127302
0.127582
0.127847
0.128096
0.128329
0.128545
0.128745
0.128929
0.129096
0.129246
0.129379
0.129495
0.129594
0.129676
0.129741
0.129788
0.129819
0.129832
0.129827
0.129806
0.129767
0.129711
0.129638
0.129549
0.129442
0.129318
0.129177
0.12902
0.128847
0.128657
0.128451
0.128229
0.127991
0.127737
0.127469
0.127185
0.126886
0.126572
0.126244
0.125902
0.125545
0.125176
0.124793
0.124396
0.123988
0.123566
0.123133
0.122688
0.122232
0.121765
0.121287
0.120799
0.120301
0.119794
0.119277
0.118752
0.118219
0.117678
0.11713
0.116575
0.116013
0.115445
0.114872
0.114293
0.11371
0.113123
0.112532
0.111938
0.111341
0.110742
0.11014
0.109538
0.108935
0.108331
0.107727
0.107124
0.106522
0.105921
0.105323
0.104727
0.104134
0.103544
0.102958
0.102377
0.1018
0.101229
0.100663
0.100103
0.0995495
0.099003
0.0984639
0.0979324
0.0974091
0.0968941
0.096388
0.095891
0.0954035
0.0949257
0.094458
0.0940007
0.0935541
0.0931183
0.0926937
0.0922804
0.0918787
0.0914888
0.0911107
0.0907448
0.090391
0.0900496
0.0897205
0.089404
0.0890999
0.0888085
0.0885297
0.0882635
0.0880098
0.0877687
0.0875401
0.087324
0.0871201
0.0869285
0.086749
0.0865815
0.0864259
0.0862818
0.0861493
0.0860281
0.0859179
0.0858187
0.08573
0.0856518
0.0855837
0.0855256
0.0854771
0.0854379
0.0854079
0.0853867
0.085374
0.0853696
0.0853732
0.0853844
0.085403
0.0854287
0.0854611
0.0855001
0.0855452
0.0855963
0.0856529
0.0857149
0.085782
0.0858539
0.0859302
0.0860108
0.0860954
0.0861836
0.0862754
0.0863704
0.0864684
0.0865692
0.0866725
0.0867782
0.0868859
0.0869957
0.0871071
0.0872202
0.0873346
0.0874503
0.087567
0.0876847
0.0878032
0.0879224
0.0880421
0.0881622
0.0882827
0.0884034
0.0885243
0.0886453
0.0887663
0.0888872
0.089008
0.0891287
0.0892492
0.0893695
0.0894896
0.0896095
0.089729
0.0898484
0.0899675
0.0900864
0.090205
0.0903235
0.0904418
0.0905601
0.0906782
0.0907964
0.0909145
0.0910328
0.0911512
0.0912699
0.0913888
0.0915081
0.0916279
0.0917481
0.091869
0.0919906
0.092113
0.0922363
0.0923605
0.0924859
0.0926123
0.0927401
0.0928692
0.0929997
0.0931318
0.0932656
0.0934011
0.0935385
0.0936778
0.0938191
0.0939626
0.0941083
0.0942562
0.0944066
0.0945595
0.0947149
0.0948729
0.0950336
0.0951971
0.0953634
0.0955327
0.0957049
0.09588
0.0960583
0.0962396
0.0964241
0.0966117
0.0968025
0.0969965
0.0971937
0.0973941
0.0975978
0.0978047
0.0980148
0.0982281
0.0984446
0.0986642
0.0988869
0.0991127
0.0993415
0.0995732
0.0998078
0.100045
0.100285
0.100528
0.100774
0.101022
0.101272
0.101524
0.101779
0.102036
0.102295
0.102555
0.102817
0.103081
0.103346
0.103612
0.103879
0.104147
0.104416
0.104685
0.104955
0.105224
0.105494
0.105764
0.106033
0.106302
0.10657
0.106837
0.107103
0.107368
0.107631
0.107892
0.108152
0.108409
0.108664
0.108916
0.109166
0.109412
0.109656
0.109895
0.110132
0.110364
0.110593
0.110817
0.111037
0.111253
0.111463
0.111669
0.111869
0.112064
0.112254
0.112438
0.112615
0.112787
0.112953
0.113112
0.113264
0.11341
0.113549
0.113681
0.113806
0.113923
0.114033
0.114136
0.114231
0.114318
0.114397
0.114468
0.114531
0.114586
0.114632
0.11467
0.1147
0.114721
0.114734
0.114738
0.114734
0.114721
0.114699
0.114669
0.11463
0.114582
0.114526
0.114461
0.114387
0.114304
0.114213
0.114114
0.114006
0.113889
0.113765
0.113632
0.11349
0.113341
0.113184
0.113019
0.112846
0.112665
0.112477
0.112282
0.112079
0.111869
0.111653
0.111429
0.1112
0.110964
0.110721
0.110473
0.110219
0.10996
0.109695
0.109426
0.109151
0.108872
0.108589
0.108302
0.108011
0.107716
0.107419
0.107118
0.106814
0.106509
0.106201
0.105891
0.10558
0.105268
0.104955
0.104642
0.104328
0.104014
0.103701
0.103388
0.103077
0.102767
0.102458
0.102152
0.101848
0.101547
0.101248
0.100953
0.100662
0.100374
0.100091
0.0998117
0.0995376
0.0992686
0.099005
0.098747
0.0984949
0.098249
0.0980095
0.0977767
0.0975508
0.0973321
0.0971207
0.0969168
0.0967207
0.0965326
0.0963525
0.0961808
0.0960174
0.0958626
0.0957165
0.0955792
0.0954508
0.0953313
0.0952209
0.0951196
0.0950274
0.0949444
0.0948706
0.094806
0.0947505
0.0947042
0.094667
0.0946389
0.0946198
0.0946096
0.0946082
0.0946156
0.0946316
0.0946561
0.0946889
0.09473
0.0947791
0.0948361
0.0949009
0.0949731
0.0950528
0.0951395
0.0952333
0.0953337
0.0954407
0.095554
0.0956733
0.0957984
0.0959292
0.0960653
0.0962065
0.0963526
0.0965033
0.0966584
0.0968177
0.0969808
0.0971475
0.0973176
0.0974909
0.0976671
0.0978459
0.0980271
0.0982105
0.0983959
0.098583
0.0987715
0.0989613
0.0991522
0.0993439
0.0995362
0.0997289
0.0999218
0.100115
0.100308
0.1005
0.100692
0.100883
0.101074
0.101263
0.101451
0.101638
0.101823
0.102007
0.102189
0.102369
0.102548
0.102724
0.102898
0.10307
0.103239
0.103406
0.103571
0.103733
0.103892
0.104049
0.104203
0.104354
0.104502
0.104647
0.10479
0.104929
0.105066
0.105199
0.10533
0.105457
0.105582
0.105703
0.105822
0.105937
0.10605
0.106159
0.106266
0.106369
0.10647
0.106568
0.106663
0.106755
0.106844
0.106931
0.107014
0.107095
0.107174
0.10725
0.107323
0.107393
0.107461
0.107527
0.10759
0.10765
0.107709
0.107765
0.107818
0.10787
0.107919
0.107966
0.10801
0.108053
0.108093
0.108132
0.108168
0.108202
0.108234
0.108265
0.108293
0.108319
0.108344
0.108366
0.108387
0.108405
0.108422
0.108437
0.10845
0.108461
0.10847
0.108477
0.108482
0.108485
0.108487
0.108486
0.108483
0.108479
0.108472
0.108464
0.108453
0.10844
0.108425
0.108408
0.108389
0.108368
0.108345
0.108319
0.108291
0.108261
0.108228
0.108193
0.108156
0.108117
0.108075
0.10803
0.107983
0.107934
0.107882
0.107828
0.107771
0.107711
0.107649
0.107585
0.107517
0.107447
0.107375
0.1073
0.107222
0.107142
0.107059
0.106973
0.106885
0.106795
0.106702
0.106606
0.106508
0.106407
0.106304
0.106199
0.106091
0.105981
0.105869
0.105755
0.105639
0.10552
0.1054
0.105278
0.105154
0.105028
0.1049
0.104772
0.104641
0.10451
0.104377
0.104243
0.104108
0.103972
0.103835
0.103698
0.10356
0.103422
0.103284
0.103145
0.103007
0.102868
0.10273
0.102592
0.102455
0.102319
0.102183
0.102049
0.101916
0.101784
0.101653
0.101524
0.101397
0.101272
0.101148
0.101027
0.100908
0.100791
0.100678
0.100566
0.100458
0.100352
0.100249
0.10015
0.100054
0.0999608
0.0998713
0.0997852
0.0997027
0.0996239
0.0995488
0.0994774
0.0994099
0.0993462
0.0992864
0.0992305
0.0991785
0.0991305
0.0990864
0.0990462
0.0990099
0.0989776
0.0989491
0.0989243
0.0989034
0.0988862
0.0988726
0.0988625
0.0988559
0.0988527
0.0988528
0.098856
0.0988623
0.0988715
0.0988834
0.0988981
0.0989152
0.0989347
0.0989563
0.09898
0.0990055
0.0990328
0.0990615
0.0990915
0.0991226
0.0991546
0.0991874
0.0992207
0.0992543
0.099288
0.0993217
0.099355
0.0993878
0.0994199
0.099451
0.099481
0.0995096
0.0995366
0.0995619
0.0995851
0.0996062
0.0996249
0.0996409
0.0996542
0.0996645
0.0996716
0.0996753
0.0996755
0.099672
0.0996645
0.099653
0.0996373
0.0996172
0.0995926
0.0995633
0.0995292
0.0994903
0.0994462
0.0993971
0.0993426
0.0992828
0.0992176
0.0991469
0.0990706
0.0989887
0.098901
0.0988076
0.0987085
0.0986035
0.0984928
0.0983762
0.0982539
0.0981257
0.0979918
0.0978521
0.0977068
0.0975558
0.0973992
0.0972372
0.0970697
0.096897
0.096719
0.096536
0.0963479
0.0961551
0.0959575
0.0957554
0.095549
0.0953383
0.0951237
0.0949052
0.0946831
0.0944576
0.0942289
0.0939972
0.0937628
0.0935259
0.0932867
0.0930456
0.0928028
0.0925585
0.0923131
0.0920668
0.0918198
0.0915726
0.0913254
0.0910785
0.0908322
0.0905868
0.0903427
0.0901001
0.0898594
0.0896209
0.0893849
0.0891517
0.0889217
0.0886952
0.0884724
0.0882538
0.0880396
0.0878301
0.0876256
0.0874264
0.0872329
0.0870453
0.0868639
0.0866889
0.0865207
0.0863594
0.0862053
0.0860587
0.0859198
0.0857888
0.0856659
0.0855512
0.085445
0.0853474
0.0852585
0.0851785
0.0851075
0.0850456
0.0849929
0.0849494
0.0849153
0.0848904
0.084875
0.0848688
0.084872
0.0848846
0.0849064
0.0849374
0.0849775
0.0850266
0.0850847
0.0851516
0.0852271
0.0853111
0.0854034
0.0855039
0.0856123
0.0857285
0.0858522
0.0859831
0.0861212
0.086266
0.0864173
0.0865749
0.0867384
0.0869077
0.0870823
0.0872621
0.0874466
0.0876356
0.0878287
0.0880257
0.0882262
0.0884299
0.0886365
0.0888455
0.0890568
0.08927
0.0894847
0.0897006
0.0899174
0.0901348
0.0903524
0.0905699
0.0907871
0.0910035
0.091219
0.0914331
0.0916456
0.0918563
0.0920647
0.0922707
0.0924739
0.0926741
0.092871
0.0930645
0.0932541
0.0934397
0.0936211
0.0937981
0.0939703
0.0941377
0.0943
0.094457
0.0946086
0.0947546
0.0948948
0.095029
0.0951572
0.0952792
0.0953948
0.095504
0.0956067
0.0957027
0.095792
0.0958744
0.09595
0.0960187
0.0960805
0.0961352
0.0961829
0.0962235
0.0962572
0.0962838
0.0963033
0.0963159
0.0963216
0.0963203
0.0963122
0.0962973
0.0962757
0.0962475
0.0962128
0.0961717
0.0961244
0.0960708
0.0960113
0.0959459
0.0958748
0.0957982
0.0957163
0.0956291
0.095537
0.0954402
0.0953388
0.0952331
0.0951233
0.0950097
0.0948925
0.094772
0.0946484
0.094522
0.0943931
0.0942621
0.0941291
0.0939945
0.0938586
0.0937217
0.0935842
0.0934463
0.0933084
0.0931709
0.093034
0.0928981
0.0927636
0.0926308
0.0925001
0.0923717
0.0922461
0.0921236
0.0920045
0.0918893
0.0917781
0.0916715
0.0915696
0.0914729
0.0913817
0.0912963
0.091217
0.0911441
0.0910779
0.0910187
0.0909668
0.0909225
0.090886
0.0908575
0.0908373
0.0908257
0.0908227
0.0908287
0.0908437
0.090868
0.0909017
0.0909449
0.0909977
0.0910602
0.0911325
0.0912146
0.0913066
0.0914085
0.0915202
0.0916418
0.0917733
0.0919145
0.0920654
0.0922259
0.0923958
0.0925751
0.0927635
0.092961
0.0931672
0.0933821
0.0936054
0.0938368
0.094076
0.0943229
0.0945771
0.0948384
0.0951063
0.0953807
0.0956611
0.0959472
0.0962386
0.096535
0.096836
0.0971412
0.0974502
0.0977626
0.098078
0.098396
0.0987161
0.0990379
0.0993611
0.0996852
0.10001
0.100334
0.100658
0.100981
0.101303
0.101624
0.101942
0.102257
0.102569
0.102878
0.103184
0.103484
0.103781
0.104072
0.104357
0.104637
0.10491
0.105177
0.105437
0.105689
0.105934
0.10617
0.106398
0.106617
0.106827
0.107028
0.107219
0.1074
0.10757
0.10773
0.10788
0.108018
0.108145
0.10826
0.108363
0.108455
0.108534
0.108601
0.108655
0.108697
0.108726
0.108742
0.108745
0.108735
0.108712
0.108675
0.108625
0.108562
0.108485
0.108395
0.108291
0.108174
0.108043
0.107899
0.107742
0.107572
0.107388
0.107191
0.106982
0.106759
0.106524
0.106276
0.106017
0.105745
0.105461
0.105165
0.104858
0.10454
0.104212
0.103872
0.103522
0.103163
0.102793
0.102415
0.102027
0.101631
0.101227
0.100816
0.100397
0.0999712
0.0995392
0.0991014
0.0986583
0.0982103
0.0977581
0.0973021
0.0968429
0.096381
0.0959171
0.0954516
0.0949853
0.0945188
0.0940525
0.0935873
0.0931236
0.0926622
0.0922037
0.0917488
0.0912981
0.0908523
0.0904121
0.089978
0.0895509
0.0891313
0.08872
0.0883175
0.0879245
0.0875417
0.0871697
0.0868091
0.0864606
0.0861246
0.0858019
0.0854928
0.0851981
0.0849181
0.0846534
0.0844044
0.0841715
0.0839552
0.0837558
0.0835737
0.0834091
0.0832623
0.0831336
0.083023
0.0829309
0.0828572
0.0828021
0.0827655
0.0827476
0.0827481
0.0827671
0.0828044
0.0828598
0.0829331
0.083024
0.0831324
0.0832578
0.0833999
0.0835584
0.0837327
0.0839226
0.0841274
0.0843467
0.08458
0.0848267
0.0850863
0.0853582
0.0856418
0.0859365
0.0862416
0.0865565
0.0868807
0.0872133
0.0875539
0.0879017
0.0882561
0.0886164
0.0889819
0.0893521
0.0897262
0.0901037
0.0904838
0.090866
0.0912496
0.0916341
0.0920187
0.092403
0.0927864
0.0931683
0.0935481
0.0939253
0.0942994
0.0946699
0.0950363
0.0953981
0.0957548
0.096106
0.0964513
0.0967903
0.0971226
0.0974477
0.0977654
0.0980753
0.098377
0.0986703
0.0989549
0.0992304
0.0994967
0.0997535
0.100001
0.100238
0.100465
0.100682
0.100888
0.101084
0.101269
0.101443
0.101607
0.101759
0.101901
0.102032
0.102151
0.10226
0.102357
0.102444
0.10252
0.102585
0.102639
0.102682
0.102715
0.102738
0.10275
0.102752
0.102744
0.102726
0.102699
0.102662
0.102616
0.102561
0.102498
0.102426
0.102346
0.102258
0.102162
0.102059
0.10195
0.101833
0.10171
0.101582
0.101448
0.101308
0.101164
0.101015
0.100862
0.100705
0.100545
0.100382
0.100217
0.100049
0.0998794
0.0997087
0.099537
0.0993648
0.0991926
0.0990206
0.0988494
0.0986793
0.0985107
0.098344
0.0981797
0.098018
0.0978595
0.0977044
0.0975531
0.097406
0.0972635
0.0971257
0.0969932
0.0968662
0.0967449
0.0966298
0.0965209
0.0964187
0.0963233
0.096235
0.0961539
0.0960802
0.0960142
0.095956
0.0959056
0.0958633
0.095829
0.0958029
0.095785
0.0957754
0.095774
0.0957809
0.095796
0.0958192
0.0958506
0.0958899
0.0959371
0.095992
0.0960546
0.0961246
0.0962018
0.096286
0.096377
0.0964746
0.0965785
0.0966885
0.0968042
0.0969253
0.0970515
0.0971826
0.0973181
0.0974577
0.097601
0.0977478
0.0978975
0.0980498
0.0982043
0.0983607
0.0985184
0.0986771
0.0988364
0.0989958
0.099155
0.0993135
0.0994708
0.0996266
0.0997804
0.0999317
0.10008
0.100226
0.100367
0.100505
0.100638
0.100766
0.100889
0.101006
0.101116
0.101221
0.101318
0.101408
0.101491
0.101565
0.101631
0.101689
0.101737
0.101776
0.101805
0.101825
0.101833
0.101832
0.101819
0.101795
0.10176
0.101713
0.101654
0.101582
0.101499
0.101402
0.101293
0.101171
0.101036
0.100887
0.100724
0.100548
0.100358
0.100155
0.0999368
0.0997047
0.0994584
0.0991978
0.0989228
0.0986334
0.0983294
0.098011
0.097678
0.0973305
0.0969685
0.096592
0.0962011
0.0957957
0.095376
0.0949421
0.0944939
0.0940317
0.0935556
0.0930656
0.092562
0.0920449
0.0915144
0.0909708
0.0904142
0.089845
0.0892632
0.0886693
0.0880634
0.0874458
0.0868168
0.0861768
0.0855261
0.084865
0.0841939
0.0835132
0.0828234
0.0821248
0.0814179
0.0807032
0.0799812
0.0792523
0.0785171
0.0777763
0.0770303
0.0762797
0.0755253
0.0747677
0.0740075
0.0732454
0.0724823
0.0717188
0.0709558
0.0701941
0.0694345
0.068678
0.0679254
0.0671777
0.0664359
0.0657009
0.0649739
0.0642558
0.0635478
0.062851
0.0621666
0.0614956
0.0608394
0.0601991
