
Primal Residual: 
154.754
42.5014
19.0213
24.0191
16.3827
11.4871
9.59612
8.12162
6.57503
5.4186
4.86795
4.63914
4.41591
4.10467
3.74398
3.40057
3.12335
2.92806
2.80369
2.73237
2.69878
2.68369
2.65938
2.59819
2.48561
2.32775
2.15003
1.98863
1.87636
1.82713
1.83007
1.85943
1.88997
1.90595
1.90211
1.88084
1.84832
1.81117
1.77401
1.73857
1.70418
1.66927
1.63291
1.59567
1.5596
1.52739
1.50136
1.48259
1.47074
1.46442
1.46184
1.46134
1.46161
1.46158
1.46019
1.45624
1.44839
1.43548
1.41683
1.39258
1.36382
1.33251
1.30112
1.27209
1.24729
1.2276
1.21281
1.20185
1.19324
1.18566
1.17823
1.17072
1.16344
1.15697
1.15183
1.14824
1.14594
1.1443
1.14247
1.13967
1.1354
1.1296
1.12265
1.11526
1.10824
1.10226
1.09763
1.09418
1.09128
1.08796
1.08319
1.07606
1.06602
1.05301
1.03743
1.02018
1.00245
0.985598
0.970913
0.959454
0.951899
0.948472
0.948947
0.952719
0.958915
0.96651
0.974446
0.981728
0.987501
0.991126
0.992235
0.990777
0.987051
0.9817
0.975674
0.970139
0.966325
0.965342
0.967973
0.974501
0.984613
0.997413
1.01153
1.0253
1.03698
1.04494
1.04785
1.04477
1.03528
1.01945
0.997962
0.971973
0.943128
0.913425
0.885053
0.860168
0.840614
0.827639
0.821683
0.822312
0.828331
0.838035
0.849508
0.860903
0.870643
0.877536
0.88083
0.880213
0.87578
0.867978
0.857531
0.845352
0.832447
0.819798
0.808268
0.798496
0.790842
0.785355
0.781797
0.779708
0.778494
0.777526
0.776234
0.774182
0.771109
0.766955
0.761856
0.756114
0.750152
0.744451
0.739488
0.735661
0.733241
0.732332
0.732868
0.734627
0.737275
0.740421
0.743675
0.746699
0.749251
0.7512
0.752541
0.753377
0.753893
0.754327
0.754915
0.755858
0.757279
0.759194
0.761505
0.764005
0.766395
0.768319
0.769402
0.769293
0.767696
0.764408
0.759335
0.752507
0.744077
0.734316
0.723593
0.712347
0.701052
0.690182
0.68016
0.671328
0.663912
0.658003
0.653559
0.65042
0.648331
0.646988
0.646071
0.645282
0.644378
0.643192
0.64164
0.639728
0.637542
0.635236
0.633012
0.631095
0.629715
0.629075
0.629335
0.630596
0.632886
0.636162
0.640311
0.64516
0.65049
0.656049
0.661568
0.666773
0.671401
0.675201
0.677952
0.679458
0.679562
0.678142
0.675118
0.670452
0.664152
0.656273
0.646916
0.63623
0.624409
0.61169
0.598351
0.584698
0.571059
0.557774
0.545175
0.533574
0.523244
0.514406
0.507213
0.501746
0.498011
0.495946
0.495433
0.496312
0.498399
0.501504
0.505441
0.510042
0.515159
0.520668
0.526465
0.532466
0.538596
0.544791
0.550987
0.557119
0.563119
0.568913
0.574428
0.579585
0.584311
0.588537
0.592207
0.595275
0.597715
0.599517
0.600691
0.601269
0.601298
0.600844
0.599984
0.598807
0.597405
0.595874
0.594306
0.592785
0.59139
0.590184
0.58922
0.588535
0.588153
0.588087
0.588338
0.588895
0.589745
0.590864
0.592227
0.593806
0.59557
0.59749
0.599532
0.601665
0.603855
0.606068
0.608269
0.610422
0.612489
0.614433
0.616214
0.617794
0.619135
0.620202
0.620961
0.621384
0.621446
0.621129
0.620422
0.619322
0.617837
0.61598
0.61378
0.611272
0.608504
0.605532
0.602422
0.599248
0.596093
0.59304
0.590177
0.587591
0.585365
0.583572
0.582279
0.581536
0.581377
0.581816
0.58285
0.584452
0.586575
0.589153
0.592101
0.595321
0.598703
0.602127
0.605471
0.608609
0.61142
0.613786
0.6156
0.616762
0.617187
0.616804
0.615556
0.613404
0.610326
0.606317
0.601389
0.595572
0.588914
0.581478
0.573343
0.564603
0.555363
0.545741
0.535866
0.525872
0.515899
0.50609
0.496586
0.487527
0.479042
0.471251
0.464258
0.45815
0.452993
0.44883
0.445679
0.443536
0.442372
0.44214
0.442772
0.44419
0.446301
0.449011
0.45222
0.455829
0.459743
0.463874
0.46814
0.472465
0.476787
0.481048
0.485203
0.489214
0.493053
0.496699
0.500138
0.503363
0.506374
0.509173
0.511769
0.514173
0.516398
0.518459
0.520373
0.522157
0.523825
0.525395
0.526878
0.528289
0.529637
0.53093
0.532173
0.533371
0.534525
0.535633
0.536691
0.537696
0.538641
0.539517
0.540315
0.541027
0.541641
0.542149
0.54254
0.542806
0.54294
0.542936
0.542789
0.542498
0.542063
0.541489
0.540783
0.539953
0.539014
0.537982
0.536876
0.535719
0.534535
0.533352
0.532197
0.5311
0.530091
0.529196
0.528444
0.527858
0.52746
0.527265
0.527286
0.527529
0.527995
0.528679
0.529568
0.530645
0.531885
0.533261
0.534738
0.536278
0.53784
0.53938
0.540853
0.542214
0.543416
0.544417
0.545175
0.545652
0.545813
0.545628
0.545073
0.544129
0.542784
0.541031
0.538873
0.536317
0.533378
0.530079
0.526448
0.522521
0.518339
0.513948
0.5094
0.504747
0.500048
0.49536
0.49074
0.486245
0.481929
0.477842
0.474027
0.470524
0.467362
0.464564
0.462144
0.460107
0.45845
0.457162
0.456222
0.455607
0.455283
0.455217
0.455369
0.455699
0.456166
0.45673
0.457352
0.457996
0.458628
0.45922
0.459745
0.460184
0.460519
0.460739
0.460837
0.46081
0.46066
0.460391
0.460013
0.459537
0.458978
0.458352
0.45768
0.45698
0.456273
0.455583
0.454929
0.454334
0.453817
0.453399
0.453098
0.452929
0.452906
0.453041
0.453344
0.45382
0.454473
0.455304
0.456311
0.457487
0.458825
0.460315
0.461942
0.463691
0.465544
0.467482
0.469483
0.471526
0.473588
0.475644
0.477672
0.47965
0.481553
0.483363
0.485057
0.48662
0.488034
0.489287
0.490366
0.491264
0.491974
0.492493
0.492822
0.492964
0.492924
0.49271
0.492333
0.491805
0.491143
0.49036
0.489476
0.488508
0.487475
0.486393
0.485281
0.484154
0.483026
0.48191
0.480815
0.479748
0.478712
0.477708
0.476733
0.475782
0.474845
0.473911
0.472966
0.471993
0.470975
0.469892
0.468726
0.467456
0.466064
0.464531
0.462842
0.460982
0.45894
0.456706
0.454274
0.451642
0.448811
0.445786
0.442576
0.439193
0.435652
0.431973
0.428178
0.424292
0.420344
0.416364
0.412382
0.408432
0.404546
0.40076
0.397105
0.393613
0.390315
0.387239
0.384409
0.381849
0.379576
0.377605
0.375948
0.37461
0.373595
0.372901
0.372524
0.372455
0.372682
0.373192
0.373969
0.374993
0.376247
0.377709
0.37936
0.381178
0.383143
0.385235
0.387435
0.389723
0.392082
0.394497
0.39695
0.399429
0.401919
0.404409
0.406888
0.409346
0.411773
0.414163
0.416508
0.418802
0.42104
0.423218
0.425332
0.427379
0.429359
0.43127
0.433111
0.434884
0.43659
0.438231
0.439809
0.441329
0.442793
0.444207
0.445576
0.446904
0.448199
0.449465
0.450709
0.451937
0.453155
0.454369
0.455585
0.456808
0.458043
0.459296
0.460568
0.461865
0.463187
0.464538
0.465917
0.467325
0.46876
0.470222
0.471706
0.47321
0.474728
0.476256
0.477787
0.479313
0.480827
0.48232
0.483781
0.485202
0.486572
0.487879
0.489112
0.490259
0.491309
0.492248
0.493067
0.493751
0.494292
0.494676
0.494895
0.494938
0.494796
0.494463
0.493931
0.493195
0.492251
0.491097
0.489732
0.488156
0.486373
0.484386
0.482202
0.479827
0.477273
0.47455
0.471671
0.46865
0.465503
0.462247
0.458899
0.455477
0.452002
0.448491
0.444964
0.44144
0.437936
0.43447
0.431059
0.427716
0.424455
0.421286
0.41822
0.415262
0.412417
0.409689
0.407076
0.404578
0.402189
0.399904
0.397715
0.395613
0.393588
0.391628
0.389723
0.38786
0.386027
0.384213
0.382408
0.380601
0.378786
0.376954
0.3751
0.373223
0.371319
0.369391
0.367441
0.365474
0.363498
0.361522
0.359557
0.357616
0.355714
0.353867
0.352092
0.350406
0.348829
0.347378
0.346072
0.344928
0.343963
0.343191
0.342627
0.342281
0.342164
0.34228
0.342635
0.343229
0.344061
0.345127
0.346419
0.347929
0.349644
0.351552
0.353638
0.355884
0.358273
0.360788
0.363409
0.366119
0.368898
0.37173
0.374596
0.37748
0.380367
0.383242
0.386093
0.388907
0.391673
0.394382
0.397026
0.399597
0.40209
0.4045
0.406822
0.409052
0.411189
0.413231
0.415175
0.417021
0.418768
0.420415
0.421963
0.423411
0.424758
0.426005
0.427152
0.428199
0.429145
0.42999
0.430736
0.431381
0.431927
0.432374
0.432722
0.432975
0.433132
0.433196
0.433171
0.433058
0.432863
0.432588
0.432239
0.431822
0.431343
0.430807
0.430222
0.429594
0.428932
0.428242
0.427533
0.426811
0.426084
0.425359
0.424643
0.42394
0.423258
0.422599
0.421968
0.421367
0.420799
0.420263
0.419761
0.41929
0.418849
0.418435
0.418044
0.417672
0.417314
0.416965
0.416619
0.41627
0.415913
0.415542
0.41515
0.414734
0.414288
0.413808
0.413291
0.412733
0.412134
0.411492
0.410807
0.410078
0.409309
0.408501
0.407657
0.406782
0.405878
0.404953
0.404011
0.403058
0.4021
0.401144
0.400195
0.399261
0.398348
0.39746
0.396604
0.395784
0.395004
0.394268
0.393579
0.392938
0.392347
0.391807
0.391315
0.390872
0.390475
0.390121
0.389806
0.389526
0.389276
0.389051
0.388845
0.388652
0.388466
0.388279
0.388087
0.387882
0.387658
0.387409
0.387131
0.386817
0.386462
0.386064
0.385619
0.385123
0.384575
0.383974
0.383318
0.382609
0.381847
0.381034
0.380172
0.379266
0.378319
0.377336
0.376321
0.375282
0.374225
0.373156
0.372083
0.371013
0.369954
0.368913
0.367899
0.366919
0.365981
0.365092
0.364259
0.363489
0.362787
0.362159
0.361611
0.361147
0.36077
0.360484
0.360291
0.360194
0.360192
0.360288
0.360481
0.360771
0.361157
0.361638
0.362212
0.362878
0.363633
0.364476
0.365404
0.366414
0.367505
0.368674
0.369917
0.371234
0.372622
0.374077
0.375598
0.377182
0.378827
0.38053
0.382289
0.384101
0.385963
0.387873
0.389826
0.39182
0.39385
0.395914
0.398006
0.400122
0.402258
0.404408
0.406568
0.408731
0.410892
0.413045
0.415184
0.417303
0.419395
0.421456
0.423478
0.425455
0.427382
0.429253
0.431062
0.432805
0.434475
0.436069
0.437583
0.439012
0.440353
0.441603
0.44276
0.44382
0.444783
0.445646
0.44641
0.447072
0.447632
0.448092
0.44845
0.448706
0.448863
0.44892
0.448878
0.448738
0.448502
0.44817
0.447743
0.447222
0.446609
0.445903
0.445106
0.444218
0.443239
0.442171
0.441013
0.439765
0.438427
0.436999
0.435481
0.433872
0.432173
0.430383
0.428501
0.426528
0.424464
0.422309
0.420062
0.417725
0.415298
0.412782
0.410179
0.40749
0.404717
0.401862
0.398929
0.395921
0.39284
0.389692
0.386482
0.383213
0.379892
0.376524
0.373117
0.369677
0.366211
0.362727
0.359234
0.35574
0.352254
0.348784
0.345342
0.341936
0.338577
0.335274
0.332038
0.32888
0.325809
0.322835
0.31997
0.317221
0.3146
0.312115
0.309774
0.307585
0.305556
0.303693
0.302002
0.300488
0.299155
0.298005
0.297041
0.296265
0.295674
0.29527
0.295049
0.295009
0.295146
0.295455
0.295932
0.296569
0.29736
0.298298
0.299377
0.300587
0.301922
0.303374
0.304934
0.306595
0.308349
0.310189
0.312108
0.314099
0.316157
0.318275
0.320447
0.322669
0.324936
0.327244
0.32959
0.331969
0.334379
0.336817
0.339281
0.341768
0.344276
0.346804
0.349349
0.35191
0.354484
0.35707
0.359666
0.362269
0.364877
0.367488
0.370098
0.372704
0.375303
0.377892
0.380466
0.38302
0.385551
0.388054
0.390523
0.392954
0.395341
0.397678
0.399961
0.402182
0.404337
0.40642
0.408424
0.410345
0.412178
0.413916
0.415555
0.41709
0.418517
0.419831
0.421029
0.422106
0.423061
0.423891
0.424593
0.425165
0.425607
0.425917
0.426096
0.426144
0.42606
0.425847
0.425507
0.42504
0.42445
0.42374
0.422914
0.421975
0.420927
0.419776
0.418526
0.417182
0.415751
0.414238
0.412649
0.41099
0.409269
0.407491
0.405664
0.403793
0.401887
0.399951
0.397992
0.396018
0.394033
0.392046
0.39006
0.388084
0.386122
0.384178
0.38226
0.380369
0.378512
0.376692
0.374912
0.373174
0.371482
0.369837
0.368241
0.366695
0.365199
0.363753
0.362358
0.361013
0.359716
0.358466
0.357261
0.3561
0.35498
0.353899
0.352853
0.351841
0.35086
0.349907
0.348979
0.348074
0.34719
0.346324
0.345474
0.344639
0.343817
0.343008
0.34221
0.341424
0.340651
0.33989
0.339143
0.338412
0.337698
0.337005
0.336335
0.335692
0.335079
0.3345
0.33396
0.333462
0.333012
0.332615
0.332274
0.331994
0.33178
0.331636
0.331566
0.331574
0.331662
0.331833
0.332089
0.332433
0.332864
0.333382
0.333988
0.33468
0.335456
0.336313
0.337249
0.338258
0.339337
0.340481
0.341683
0.342938
0.34424
0.345581
0.346955
0.348355
0.349774
0.351204
0.352639
0.354071
0.355495
0.356904
0.358291
0.359652
0.36098
0.362272
0.363523
0.36473
0.365889
0.366998
0.368055
0.369059
0.370008
0.370902
0.371741
0.372527
0.37326
0.373942
0.374574
0.375158
0.375699
0.376197
0.376655
0.377078
0.377468
0.377828
0.37816
0.378469
0.378757
0.379026
0.379279
0.379518
0.379745
0.379962
0.380169
0.380368
0.380559
0.380741
0.380916
0.381082
0.381239
0.381384
0.381517
0.381635
0.381737
0.38182
0.381882
0.381919
0.381931
0.381913
0.381863
0.381778
0.381656
0.381494
0.381289
0.38104
0.380745
0.380402
0.380008
0.379564
0.379068
0.37852
0.377919
0.377265
0.376559
0.375802
0.374993
0.374136
0.373231
0.37228
0.371286
0.37025
0.369176
0.368066
0.366923
0.36575
0.364551
0.363328
0.362086
0.360826
0.359553
0.35827
0.35698
0.355685
0.35439
0.353095
0.351805
0.35052
0.349244
0.347978
0.346724
0.345482
0.344255
0.343043
0.341846
0.340665
0.3395
0.33835
0.337216
0.336098
0.334993
0.333902
0.332823
0.331756
0.3307
0.329653
0.328615
0.327584
0.32656
0.325541
0.324527
0.323517
0.32251
0.321507
0.320507
0.31951
0.318516
0.317527
0.316542
0.315563
0.31459
0.313626
0.312671
0.311729
0.3108
0.309887
0.308993
0.30812
0.307271
0.306449
0.305657
0.304898
0.304174
0.303489
0.302846
0.302249
0.301699
0.3012
0.300755
0.300365
0.300034
0.299764
0.299556
0.299412
0.299333
0.299322
0.299377
0.299501
0.299694
0.299954
0.300283
0.300678
0.301141
0.301668
0.302259
0.302911
0.303624
0.304394
0.30522
0.306098
0.307026
0.308001
0.30902
0.31008
0.311178
0.312309
0.313472
0.314663
0.315878
0.317115
0.318369
0.319637
0.320918
0.322206
0.3235
0.324797
0.326093
0.327386
0.328674
0.329953
0.331222
0.332478
0.333719
0.334944
0.33615
0.337336
0.3385
0.33964
0.340756
0.341846
0.342908
0.343942
0.344948
0.345923
0.346868
0.347781
0.348663
0.349512
0.350328
0.351111
0.35186
0.352576
0.353257
0.353905
0.354518
0.355096
0.35564
0.356149
0.356623
0.357062
0.357466
0.357835
0.358168
0.358466
0.358729
0.358956
0.359147
0.359302
0.359421
0.359504
0.35955
0.359559
0.359531
0.359466
0.359363
0.359223
0.359044
0.358828
0.358573
0.358279
0.357948
0.357577
0.357168
0.356721
0.356235
0.355712
0.35515
0.354552
0.353917
0.353247
0.352541
0.351802
0.35103
0.350226
0.349392
0.34853
0.347642
0.346728
0.345792
0.344836
0.343861
0.342871
0.341869
0.340856
0.339836
0.338813
0.337788
0.336766
0.33575
0.334742
0.333746
0.332766
0.331805
0.330866
0.329951
0.329065
0.32821
0.327389
0.326604
0.325858
0.325154
0.324493
0.323876
0.323307
0.322785
0.322312
0.321888
0.321515
0.321191
0.320918
0.320694
0.32052
0.320393
0.320314
0.32028
0.320289
0.320341
0.320434
0.320564
0.32073
0.32093
0.32116
0.321419
0.321705
0.322013
0.322343
0.322692
0.323056
0.323435
0.323825
0.324225
0.324632
0.325045
0.325461
0.32588
0.3263
0.32672
0.327138
0.327554
0.327967
0.328377
0.328782
0.329183
0.329579
0.329971
0.330358
0.330741
0.331119
0.331494
0.331865
0.332234
0.332599
0.332962
0.333323
0.333682
0.33404
0.334397
0.334753
0.335107
0.335461
0.335813
0.336163
0.33651
0.336855
0.337196
0.337532
0.337863
0.338186
0.3385
0.338805
0.339097
0.339376
0.339639
0.339885
0.34011
0.340314
0.340493
0.340645
0.340769
0.340861
0.340919
0.340941
0.340925
0.340868
0.340768
0.340624
0.340434
0.340195
0.339907
0.339567
0.339175
0.33873
0.33823
0.337676
0.337067
0.336403
0.335683
0.334909
0.334081
0.3332
0.332267
0.331283
0.33025
0.329169
0.328043
0.326874
0.325664
0.324417
0.323133
0.321818
0.320473
0.319102
0.317708
0.316295
0.314867
0.313425
0.311976
0.310521
0.309064
0.30761
0.306162
0.304723
0.303297
0.301888
0.300498
0.299132
0.297792
0.296481
0.295203
0.29396
0.292756
0.291592
0.290472
0.289398
0.288372
0.287397
0.286474
0.285606
0.284794
0.28404
0.283345
0.282713
0.282142
0.281636
0.281195
0.280821
0.280514
0.280275
0.280106
0.280007
0.279978
0.280021
0.280136
0.280322
0.28058
0.280911
0.281314
0.281788
0.282334
0.282951
0.283637
0.284392
0.285216
0.286106
0.28706
0.288078
0.289158
0.290296
0.291491
0.29274
0.29404
0.295389
0.296782
0.298218
0.299692
0.3012
0.302739
0.304305
0.305894
0.307501
0.309123
0.310754
0.312391
0.31403
0.315664
0.317292
0.318907
0.320505
0.322083
0.323635
0.325158
0.326648
0.3281
0.329511
0.330877
0.332195
0.333461
0.334671
0.335824
0.336916
0.337944
0.338906
0.339799
0.340623
0.341374
0.342052
0.342655
0.343182
0.343632
0.344004
0.344299
0.344515
0.344654
0.344715
0.344699
0.344606
0.344438
0.344195
0.34388
0.343494
0.343038
0.342514
0.341925
0.341273
0.340561
0.33979
0.338964
0.338086
0.337159
0.336185
0.335168
0.334111
0.333018
0.331892
0.330736
0.329554
0.328349
0.327125
0.325885
0.324633
0.323372
0.322106
0.320838
0.319571
0.318309
0.317055
0.315812
0.314584
0.313372
0.312181
0.311013
0.309871
0.308758
0.307676
0.306628
0.305616
0.304643
0.30371
0.302821
0.301976
0.301178
0.300429
0.299731
0.299084
0.298491
0.297953
0.297471
0.297046
0.296679
0.296372
0.296123
0.295935
0.295808
0.295741
0.295735
0.29579
0.295905
0.296081
0.296316
0.296609
0.296961
0.297368
0.297832
0.298349
0.298918
0.299537
0.300205
0.300918
0.301676
0.302474
0.303311
0.304184
0.30509
0.306025
0.306987
0.307972
0.308977
0.309999
0.311034
0.312078
0.313128
0.314181
0.315232
0.316278
0.317315
0.31834
0.31935
0.32034
0.321307
0.322248
0.32316
0.32404
0.324883
0.325689
0.326453
0.327172
0.327846
0.32847
0.329043
0.329563
0.330028
0.330437
0.330787
0.331077
0.331307
0.331475
0.331582
0.331625
0.331606
0.331523
0.331378
0.331169
0.330899
0.330568
0.330176
0.329725
0.329216
0.32865
0.32803
0.327358
0.326634
0.325862
0.325045
0.324183
0.323281
0.32234
0.321365
0.320358
0.319321
0.318259
0.317175
0.316071
0.314953
0.313821
0.312682
0.311537
0.31039
0.309245
0.308106
0.306975
0.305856
0.304752
0.303666
0.302602
0.301563
0.30055
0.299567
0.298617
0.297701
0.296823
0.295983
0.295184
0.294428
0.293715
0.293048
0.292427
0.291853
0.291326
0.290847
0.290417
0.290035
0.289701
0.289414
0.289174
0.288981
0.288833
0.288729
0.288668
0.288649
0.288669
0.288728
0.288823
0.288952
0.289113
0.289305
0.289525
0.28977
0.290038
0.290328
0.290636
0.290959
0.291296
0.291644
0.292
0.292362
0.292727
0.293093
0.293456
0.293815
0.294168
0.29451
0.294841
0.295158
0.295458
0.295739
0.296
0.296237
0.296449
0.296634
0.29679
0.296915
0.297007
0.297065
0.297088
0.297073
0.29702
0.296927
0.296793
0.296617
0.2964
0.296139
0.295834
0.295486
0.295093
0.294657
0.294177
0.293653
0.293086
0.292477
0.291827
0.291136
0.290407
0.28964
0.288837
0.288001
0.287134
0.286237
0.285313
0.284365
0.283397
0.282411
0.28141
0.280398
0.279378
0.278356
0.277333
0.276315
0.275306
0.27431
0.273332
0.272376
0.271446
0.270547
0.269684
0.268862
0.268083
0.267354
0.266678
0.26606
0.265503
0.265011
0.264587
0.264236
0.26396
0.263762
0.263644
0.263608
0.263657
0.263791
0.264011
0.264319
0.264714
0.265197
0.265766
0.266422
0.267162
0.267985
0.26889
0.269873
0.270933
0.272067
0.273271
0.274542
0.275876
0.277271
0.278721
0.280223
0.281772
0.283365
0.284997
0.286663
0.288359
0.29008
0.291823
0.293582
0.295353
0.297132
0.298915
0.300696
0.302472
0.304238
0.305991
0.307727
0.309441
0.31113
0.31279
0.314418
0.316009
0.31756
0.319069
0.320532
0.321945
0.323305
0.324611
0.325858
0.327043
0.328165
0.329221
0.330207
0.331122
0.331963
0.332728
0.333415
0.334021
0.334544
0.334984
0.335337
0.335602
0.335778
0.335862
0.335855
0.335754
0.335559
0.335269
0.334883
0.3344
0.333821
0.333145
0.332372
0.331502
0.330537
0.329476
0.32832
0.327072
0.325731
0.3243
0.322781
0.321176
0.319486
0.317716
0.315866
0.313942
0.311945
0.30988
0.30775
0.30556
0.303313
0.301016
0.298671
0.296285
0.293862
0.291409
0.288931
0.286435
0.283926
0.28141
0.278896
0.276389
0.273896
0.271426
0.268984
0.266578
0.264216
0.261905
0.259652
0.257466
0.255353
0.25332
0.251374
0.249523
0.247773
0.24613
0.2446
0.243188
0.241899
0.240739
0.23971
0.238817
0.238062
0.237447
0.236973
0.236642
0.236454
0.236407
0.236502
0.236735
0.237105
0.237609
0.238242
0.239001
0.239881
0.240877
0.241984
0.243196
0.244507
0.245911
0.247402
0.248972
0.250617
0.252328
0.2541
0.255925
0.257798
0.259711
0.26166
0.263636
0.265635
0.267651
0.269677
0.271709
0.273741
0.275768
0.277784
0.279786
0.281769
0.283728
0.28566
0.28756
0.289424
0.29125
0.293034
0.294772
0.296462
0.2981
0.299685
0.301214
0.302684
0.304093
0.30544
0.306722
0.307938
0.309086
0.310165
0.311174
0.312111
0.312976
0.313768
0.314486
0.315129
0.315698
0.316192
0.316612
0.316956
0.317225
0.31742
0.317541
0.317589
0.317565
0.317469
0.317303
0.317067
0.316764
0.316395
0.315961
0.315464
0.314907
0.314291
0.313618
0.312892
0.312114
0.311287
0.310414
0.309497
0.30854
0.307546
0.306517
0.305457
0.304369
0.303256
0.302122
0.30097
0.299803
0.298625
0.297439
0.296248
0.295055
0.293865
0.29268
0.291503
0.290337
0.289185
0.288051
0.286936
0.285844
0.284777
0.283738
0.282728
0.281749
0.280805
0.279896
0.279024
0.27819
0.277396
0.276643
0.275932
0.275263
0.274638
0.274056
0.273518
0.273024
0.272575
0.272169
0.271807
0.271488
0.271211
0.270977
0.270785
0.270633
0.27052
0.270446
0.27041
0.270411
0.270447
0.270517
0.27062
0.270755
0.27092
0.271114
0.271336
0.271585
0.271858
0.272155
0.272475
0.272815
0.273175
0.273553
0.273947
0.274358
0.274782
0.275218
0.275666
0.276124
0.276591
0.277065
0.277545
0.278029
0.278516
0.279006
0.279496
0.279985
0.280472
0.280956
0.281436
0.28191
0.282377
0.282836
0.283286
0.283726
0.284154
0.28457
0.284972
0.285361
0.285734
0.286092
0.286433
0.286757
0.287063
0.287351
0.28762
0.28787
0.288102
0.288313
0.288506
0.288679
0.288833
0.288967
0.289084
0.289182
0.289262
0.289325
0.289372
0.289403
0.28942
0.289423
0.289413
0.289392
0.289361
0.28932
0.289271
0.289215
0.289155
0.28909
0.289023
0.288954
0.288886
0.28882
0.288756
0.288697
0.288643
0.288596
0.288556
0.288526
0.288506
0.288496
0.288499
0.288513
0.288541
0.288583
0.288638
0.288708
0.288792
0.28889
0.289003
0.289131
0.289272
0.289426
0.289593
0.289773
0.289964
0.290165
0.290376
0.290595
0.290822
0.291054
0.291291
0.291532
0.291774
0.292017
0.292258
0.292497
0.292732
0.292961
0.293182
0.293395
0.293596
0.293786
0.293963
0.294124
0.294268
0.294395
0.294503
0.29459
0.294655
0.294697
0.294715
0.294709
0.294676
0.294617
0.29453
0.294415
0.294271
0.294098
0.293895
0.293662
0.293399
0.293105
0.292781
0.292427
0.292043
0.291628
0.291184
0.290711
0.290208
0.289678
0.28912
0.288535
0.287924
0.287289
0.286629
0.285946
0.285241
0.284516
0.283771
0.283009
0.28223
0.281436
0.280628
0.279809
0.278979
0.278141
0.277297
0.276448
0.275596
0.274744
0.273892
0.273045
0.272202
0.271367
0.270542
0.269729
0.26893
0.268148
0.267385
0.266642
0.265923
0.26523
0.264564
0.263929
0.263326
0.262757
0.262226
0.261733
0.26128
0.260871
0.260506
0.260187
0.259916
0.259695
0.259525
0.259407
0.259343
0.259333
0.259378
0.259479
0.259637
0.259852
0.260124
0.260454
0.26084
0.261283
0.261782
0.262337
0.262946
0.263608
0.264323
0.265089
0.265904
0.266767
0.267676
0.268629
0.269623
0.270657
0.271728
0.272834
0.273971
0.275139
0.276333
0.277552
0.278791
0.280049
0.281323
0.28261
0.283906
0.285209
0.286516
0.287824
0.289131
0.290433
0.291727
0.293011
0.294283
0.295538
0.296776
0.297993
0.299187
0.300355
0.301496
0.302606
0.303684
0.304727
0.305735
0.306704
0.307632
0.308519
0.309363
0.310162
0.310914
0.311618
0.312273
0.312878
0.313431
0.313932
0.31438
0.314774
0.315113
0.315397
0.315625
0.315797
0.315912
0.31597
0.315972
0.315916
0.315803
0.315634
0.315408
0.315126
0.314788
0.314395
0.313948
0.313446
0.312891
0.312285
0.311627
0.310919
0.310162
0.309357
0.308507
0.307611
0.306672
0.305692
0.304671
0.303613
0.302518
0.301389
0.300227
0.299035
0.297815
0.296569
0.2953
0.294009
0.2927
0.291374
0.290034
0.288683
0.287324
0.285959
0.28459
0.283221
0.281853
0.280491
0.279137
0.277793
0.276462
0.275147
0.27385
0.272575
0.271324
0.2701
0.268905
0.267741
0.266612
0.26552
0.264466
0.263453
0.262484
0.261559
0.260682
0.259853
0.259074
0.258347
0.257674
0.257054
0.25649
0.255981
0.25553
0.255135
0.254798
0.254519
0.254298
0.254134
0.254028
0.253978
0.253985
0.254047
0.254163
0.254332
0.254554
0.254826
0.255148
0.255517
0.255932
0.256392
0.256893
0.257435
0.258015
0.258632
0.259282
0.259964
0.260676
0.261415
0.262179
0.262966
0.263774
0.264599
0.265441
0.266296
0.267162
0.268037
0.268919
0.269806
0.270695
0.271585
0.272472
0.273356
0.274235
0.275106
0.275967
0.276817
0.277653
0.278475
0.27928
0.280068
0.280835
0.281581
0.282305
0.283005
0.28368
0.284328
0.284949
0.285541
0.286104
0.286635
0.287135
0.287603
0.288037
0.288437
0.288803
0.289133
0.289428
0.289686
0.289909
0.290094
0.290242
0.290353
0.290426
0.290463
0.290462
0.290424
0.290348
0.290237
0.290088
0.289904
0.289685
0.28943
0.289142
0.28882
0.288465
0.288078
0.287661
0.287214
0.286737
0.286234
0.285703
0.285148
0.284569
0.283967
0.283345
0.282703
0.282043
0.281367
0.280677
0.279973
0.279259
0.278536
0.277805
0.277069
0.276329
0.275588
0.274846
0.274107
0.273372
0.272643
0.271922
0.271211
0.270512
0.269826
0.269156
0.268503
0.267869
0.267256
0.266665
0.266099
0.265558
0.265045
0.26456
0.264104
0.26368
0.263288
0.26293
0.262606
0.262317
0.262064
0.261848
0.261669
0.261527
0.261424
0.261359
0.261333
0.261345
0.261396
0.261485
0.261612
0.261776
0.261978
0.262217
0.262492
0.262802
0.263146
0.263524
0.263934
0.264376
0.264849
0.26535
0.26588
0.266436
0.267017
0.267623
0.268251
0.2689
0.269568
0.270255
0.270958
0.271676
0.272407
0.27315
0.273903
0.274665
0.275434
0.276208
0.276986
0.277767
0.278548
0.279329
0.280107
0.280882
0.281651
0.282415
0.28317
0.283916
0.284651
0.285375
0.286086
0.286782
0.287464
0.288129
0.288776
0.289405
0.290015
0.290605
0.291173
0.29172
0.292244
0.292745
0.293222
0.293675
0.294103
0.294505
0.294882
0.295233
0.295558
0.295856
0.296127
0.296372
0.29659
0.296781
0.296946
0.297084
0.297196
0.297281
0.297341
0.297376
0.297385
0.29737
0.297331
0.297269
0.297183
0.297076
0.296946
0.296796
0.296626
0.296436
0.296228
0.296002
0.295759
0.295501
0.295227
0.294939
0.294638
0.294325
0.294001
0.293667
0.293323
0.292971
0.292612
0.292247
0.291876
0.291501
0.291122
0.290741
0.290359
0.289976
0.289593
0.289211
0.288831
0.288454
0.28808
0.28771
0.287345
0.286986
0.286633
0.286287
0.285948
0.285617
0.285294
0.284979
0.284674
0.284378
0.284092
0.283815
0.283549
0.283292
0.283046
0.282811
0.282585
0.28237
0.282165
0.28197
0.281785
0.28161
0.281444
0.281287
0.281138
0.280999
0.280867
0.280742
0.280625
0.280514
0.280409
0.28031
0.280216
0.280126
0.28004
0.279956
0.279875
0.279796
0.279719
0.279641
0.279564
0.279486
0.279406
0.279324
0.279239
0.279152
0.27906
0.278963
0.278862
0.278755
0.278642
0.278522
0.278395
0.278261
0.278119
0.277969
0.27781
0.277642
0.277466
0.27728
0.277086
0.276882
0.276668
0.276446
0.276214
0.275973
0.275723
0.275465
0.275198
0.274923
0.274641
0.274351
0.274055
0.273752
0.273444
0.273131
0.272814
0.272493
0.272169
0.271843
0.271516
0.271188
0.270861
0.270534
0.270211
0.26989
0.269573
0.269261
0.268955
0.268656
0.268364
0.268081
0.267808
0.267545
0.267294
0.267055
0.266828
0.266616
0.266418
0.266235
0.266069
0.265919
0.265786
0.265671
0.265574
0.265496
0.265437
0.265398
0.265378
0.265379
0.265399
0.26544
0.265501
0.265582
0.265684
0.265806
0.265947
0.266109
0.26629
0.26649
0.266709
0.266946
0.267201
0.267473
0.267763
0.268068
0.268389
0.268725
0.269075
0.269439
0.269815
0.270204
0.270604
0.271014
0.271433
0.271862
0.272298
0.272742
0.273191
0.273646
0.274105
0.274569
0.275034
0.275502
0.275971
0.276441
0.276909
0.277377
0.277843
0.278305
0.278765
0.27922
0.278978
0.279366
0.27973
0.280069
0.280387
0.280686
0.28097
0.281241
0.2815
0.281748
0.281985
0.282211
0.282426
0.28263
0.282823
0.283002
0.283168
0.283321
0.28346
0.283586
0.283699
0.2838
0.283888
0.283965
0.284031
0.284085
0.284128
0.284161
0.284183
0.284194
0.284196
0.284188
0.284171
0.284146
0.284113
0.284072
0.284026
0.283973
0.283915
0.283853
0.283786
0.283716
0.283644
0.283569
0.283494
0.283417
0.283341
0.283265
0.283191
0.283118
0.283048
0.282981
0.282917
0.282858
0.282803
0.282753
0.282709
0.28267
0.282637
0.282611
0.282591
0.282578
0.282572
0.282572
0.28258
0.282595
0.282616
0.282645
0.28268
0.282721
0.282769
0.282823
0.282882
0.282947
0.283016
0.28309
0.283168
0.283249
0.283333
0.28342
0.283508
0.283598
0.283688
0.283778
0.283867
0.283954
0.284039
0.284121
0.284199
0.284273
0.284341
0.284403
0.284459
0.284506
0.284545
0.284574
0.284594
0.284602
0.284599
0.284584
0.284555
0.284513
0.284456
0.284385
0.284298
0.284194
0.284074
0.283937
0.283781
0.283608
0.283416
0.283205
0.282975
0.282724
0.282455
0.282164
0.281854
0.281523
0.281172
0.280799
0.280407
0.279993
0.279559
0.279104
0.278629
0.278134
0.277618
0.277083
0.276529
0.275956
0.275364
0.274754
0.274127
0.273483
0.272822
0.272146
0.271455
0.270749
0.270031
0.269299
0.268557
0.267804
0.267041
0.26627
0.265491
0.264706
0.263916
0.263123
0.262327
0.26153
0.260733
0.259937
0.259145
0.258357
0.257575
0.2568
0.256034
0.255279
0.254535
0.253805
0.25309
0.252391
0.251711
0.25105
0.25041
0.249792
0.249198
0.24863
0.248088
0.247573
0.247088
0.246632
0.246208
0.245817
0.245458
0.245134
0.244844
0.24459
0.244371
0.24419
0.244045
0.243938
0.243868
0.243835
0.24384
0.243882
0.243961
0.244077
0.24423
0.244418
0.244641
0.244898
0.245188
0.245512
0.245866
0.246251
0.246665
0.247106
0.247574
0.248067
0.248584
0.249122
0.249681
0.250259
0.250853
0.251463
0.252086
0.252721
0.253366
0.254019
0.254678
0.255342
0.256008
0.256675
0.257341
0.258005
0.258663
0.259316
0.25996
0.260594
0.261217
0.261827
0.262421
0.263
0.26356
0.264101
0.264621
0.265119
0.265593
0.266043
0.266466
0.266862
0.267229
0.267567
0.267874
0.26815
0.268393
0.268603
0.268779
0.268921
0.269027
0.269097
0.269131
0.269128
0.269087
0.26901
0.268894
0.268741
0.26855
0.268321
0.268054
0.267749
0.267407
0.267027
0.266611
0.266158
0.26567
0.265146
0.264587
0.263995
0.263369
0.262711
0.262022
0.261302
0.260553
0.259777
0.258973
0.258144
0.257291
0.256416
0.25552
0.254604
0.25367
0.252721
0.251757
0.250781
0.249794
0.248799
0.247797
0.246791
0.245783
0.244775
0.243768
0.242766
0.241771
0.240784
0.239809
0.238847
0.237901
0.236973
0.236065
0.23518
0.23432
0.233487
0.232683
0.231912
0.231173
0.230471
0.229806
0.229181
0.228598
0.228058
0.227562
0.227113
0.226712
0.22636
0.226058
0.225808
0.22561
0.225465
0.225373
0.225336
0.225353
0.225425
0.225552
0.225733
0.225969
0.226258
0.226601
0.226997
0.227444
0.227943
0.228491
0.229088
0.229732
0.230422
0.231157
0.231934
0.232752
0.23361
0.234505
0.235435
0.236399
0.237395
0.23842
0.239472
0.240549
0.24165
0.242772
0.243912
0.245069
0.24624
0.247423
0.248617
0.249819
0.251026
0.252237
0.25345
0.254663
0.255874
0.25708
0.25828
0.259472
0.260654
0.261824
0.262981
0.264123
0.265248
0.266355
0.267442
0.268507
0.26955
0.270569
0.271562
0.272528
0.273467
0.274376
0.275255
0.276102
0.276918
0.2777
0.278447
0.27916
0.279837
0.280477
0.28108
0.281644
0.282171
0.282658
0.283106
0.283513
0.28388
0.284207
0.284492
0.284736
0.284939
0.285099
0.285218
0.285295
0.28533
0.285323
0.285274
0.285184
0.285051
0.284877
0.284662
0.284405
0.284108
0.28377
0.283391
0.282973
0.282516
0.282019
0.281484
0.280911
0.2803
0.279652
0.278967
0.278247
0.277492
0.276702
0.275878
0.275021
0.274131
0.27321
0.272257
0.271275
0.270264
0.269224
0.268156
0.267062
0.265942
0.264797
0.263628
0.262437
0.261224
0.25999
0.258736
0.257464
0.256174
0.254868
0.253546
0.252211
0.250863
0.249504
0.248134
0.246756
0.245369
0.243977
0.24258
0.24118
0.239777
0.238374
0.236973
0.235573
0.234178
0.232789
0.231407
0.230034
0.228672
0.227322
0.225986
0.224666
0.223364
0.22208
0.220818
0.219578
0.218363
0.217174
0.216014
0.214883
0.213783
0.212717
0.211686
0.210691
0.209734
0.208818
0.207943
0.20711
0.206322
0.20558
0.204885
0.204238
0.20364
0.203093
0.202597
0.202154
0.201764
0.201428
0.201146
0.200919
0.200747
0.20063
0.20057
0.200564
0.200614
0.20072
0.20088
0.201094
0.201363
0.201684
0.202057
0.202482
0.202957
0.203481
0.204053
0.204671
0.205335
0.206043
0.206792
0.207583
0.208412
0.209278
0.21018
0.211115
0.212082
0.213079
0.214104
0.215155
0.21623
0.217327
0.218444
0.219579
0.220731
0.221896
0.223074
0.224262
0.225459
0.226661
0.227868
0.229078
0.230289
0.231498
0.232704
0.233906
0.235101
0.236288
0.237465
0.23863
0.239782
0.24092
0.242041
0.243144
0.244228
0.245291
0.246332
0.24735
0.248343
0.24931
0.250249
0.25116
0.252042
0.252892
0.253712
0.254498
0.25525
0.255969
0.256651
0.257297
0.257907
0.258478
0.259011
0.259506
0.25996
0.260374
0.260748
0.261081
0.261372
0.261622
0.26183
0.261996
0.262119
0.2622
0.262238
0.262235
0.262188
0.2621
0.261969
0.261797
0.261583
0.261327
0.261031
0.260695
0.260319
0.259903
0.259449
0.258957
0.258428
0.257862
0.257261
0.256625
0.255955
0.255253
0.254519
0.253754
0.252961
0.252139
0.251291
0.250417
0.24952
0.2486
0.247658
0.246698
0.24572
0.244725
0.243716
0.242695
0.241662
0.24062
0.239572
0.238518
0.23746
0.236401
0.235343
0.234287
0.233236
0.232192
0.231157
0.230132
0.229121
0.228125
0.227146
0.226186
0.225248
0.224334
0.223445
0.222583
0.221751
0.220951
0.220184
0.219452
0.218757
0.218101
0.217485
0.216911
0.21638
0.215894
0.215454
0.215061
0.214716
0.214421
0.214175
0.213981
0.213837
0.213745
0.213705
0.213718
0.213783
0.2139
0.214069
0.214289
0.214561
0.214883
0.215255
0.215676
0.216145
0.216661
0.217223
0.217829
0.218477
0.219168
0.219898
0.220666
0.221471
0.22231
0.223182
0.224085
0.225016
0.225974
0.226957
0.227963
0.228988
0.230032
0.231093
0.232167
0.233252
0.234347
0.23545
0.236557
0.237668
0.238779
0.23989
0.240996
0.242097
0.243191
0.244275
0.245347
0.246406
0.247449
0.248475
0.249482
0.250467
0.25143
0.252369
0.253281
0.254165
0.25502
0.255844
0.256636
0.257394
0.258116
0.258802
0.25945
0.26006
0.260629
0.261156
0.261641
0.262083
0.26248
0.262833
0.263138
0.263397
0.263609
0.263771
0.263885
0.263949
0.263963
0.263927
0.263839
0.2637
0.26351
0.263267
0.262972
0.262625
0.262226
0.261774
0.26127
0.260713
0.260105
0.259445
0.258733
0.25797
0.257155
0.256291
0.255376
0.254413
0.2534
0.252339
0.251231
0.250077
0.248877
0.247633
0.246344
0.245014
0.243642
0.242229
0.240778
0.239289
0.237765
0.236205
0.234613
0.232989
0.231335
0.229653
0.227946
0.226214
0.22446
0.222686
0.220895
0.219087
0.217267
0.215435
0.213595
0.211749
0.2099
0.20805
0.206203
0.204361
0.202527
0.200704
0.198895
0.197103
0.195331
0.193584
0.191863
0.190172
0.188515
0.186895
0.185315
0.183779
0.182289
0.18085
0.179465
0.178137
0.176869
0.175664
0.174525
0.173455
0.172457
0.171534
0.170687
0.169919
0.169232
0.168628
0.168108
0.167674
0.167327
0.167067
0.166895
0.166811
0.166815
0.166906
0.167085
0.167349
0.167699
0.168132
0.168647
0.169241
0.169913
0.17066
0.17148
0.17237
0.173328
0.174349
0.175431
0.176572
0.177767
0.179013
0.180307
0.181646
0.183026
0.184443
0.185895
0.187377
0.188887
0.190422
0.191977
0.19355
0.195137
0.196736
0.198343
0.199956
0.201572
0.203187
0.204799
0.206406
0.208005
0.209594
0.211169
0.212729
0.214272
0.215796
0.217298
0.218776
0.220229
0.221655
0.223052
0.224419
0.225753
0.227055
0.228321
0.229551
0.230744
0.231899
0.233014
0.234088
0.235121
0.236111
0.237059
0.237962
0.238821
0.239636
0.240404
0.241127
0.241803
0.242433
0.243016
0.243551
0.24404
0.244482
0.244876
0.245223
0.245524
0.245777
0.245984
0.246145
0.24626
0.24633
0.246354
0.246335
0.246271
0.246165
0.246016
0.245825
0.245594
0.245322
0.245011
0.244662
0.244275
0.243853
0.243395
0.242903
0.242378
0.241821
0.241233
0.240616
0.239971
0.239299
0.238602
0.237881
0.237137
0.236371
0.235586
0.234782
0.233962
0.233125
0.232275
0.231413
0.230539
0.229656
0.228765
0.227867
0.226965
0.226059
0.225152
0.224244
0.223337
0.222432
0.221532
0.220637
0.219749
0.218869
0.217999
0.217139
0.216292
0.215458
0.214639
0.213835
0.213048
0.212279
0.211529
0.210799
0.21009
0.209402
0.208737
0.208095
0.207476
0.206882
0.206313
0.205769
0.205251
0.204759
0.204294
0.203855
0.203443
0.203058
0.2027
0.202368
0.202064
0.201785
0.201533
0.201308
0.201108
0.200933
0.200783
0.200658
0.200556
0.200478
0.200423
0.20039
0.200378
0.200387
0.200417
0.200465
0.200532
0.200617
0.200719
0.200837
0.200971
0.201119
0.20128
0.201455
0.201642
0.20184
0.202049
0.202268
0.202495
0.202731
0.202974
0.203224
0.20348
0.203741
0.204007
0.204277
0.20455
0.204826
0.205104
0.205383
0.205664
0.205945
0.206226
0.206507
0.206787
0.207065
0.207342
0.207617
0.207889
0.208159
0.208426
0.208689
0.208949
0.209205
0.209457
0.209705
0.209949
0.210188
0.210423
0.210652
0.210877
0.211097
0.211312
0.211521
0.211726
0.211925
0.212119
0.212307
0.21249
0.212667
0.21284
0.213006
0.213167
0.213322
0.213472
0.213616
0.213755
0.213888
0.214015
0.214136
0.214252
0.214361
0.214465
0.214563
0.214654
0.21474
0.214819
0.214892
0.214959
0.215019
0.215072
0.215119
0.215159
0.215192
0.215217
0.215235
0.215246
0.215249
0.215244
0.215231
0.21521
0.215181
0.215143
0.215096
0.21504
0.214975
0.214901
0.214817
0.214723
0.21462
0.214506
0.214382
0.214247
0.214102
0.213946
0.213779
0.213601
0.213411
0.21321
0.212998
0.212774
0.212539
0.212292
0.212033
0.211762
0.21148
0.211186
0.21088
0.210563
0.210234
0.209894
0.209543
0.209181
0.208807
0.208424
0.20803
0.207626
0.207212
0.206789
0.206357
0.205916
0.205467
0.205011
0.204547
0.204077
0.203601
0.20312
0.202634
0.202144
0.201651
0.201155
0.200657
0.200158
0.199659
0.19916
0.198663
0.198168
0.197677
0.197189
0.196707
0.196231
0.195761
0.1953
0.194848
0.194406
0.193974
0.193555
0.193148
0.192756
0.192378
0.192016
0.191671
0.191343
0.191034
0.190744
0.190475
0.190226
0.189999
0.189795
0.189614
0.189457
0.189324
0.189215
0.189133
0.189075
0.189044
0.18904
0.189061
0.18911
0.189185
0.189287
0.189416
0.189571
0.189753
0.189961
0.190195
0.190455
0.190739
0.191048
0.191381
0.191737
0.192116
0.192516
0.192938
0.193379
0.19384
0.194318
0.194815
0.195327
0.195854
0.196395
0.196949
0.197515
0.198091
0.198677
0.19927
0.199871
0.200477
0.201087
0.2017
0.202315
0.202931
0.203545
0.204158
0.204768
0.205374
0.205973
0.206566
0.207152
0.207728
0.208294
0.208849
0.209392
0.209922
0.210437
0.210937
0.211422
0.211889
0.212339
0.21277
0.213182
0.213574
0.213945
0.214295
0.214624
0.21493
0.215213
0.215473
0.215709
0.215921
0.216109
0.216273
0.216411
0.216525
0.216614
0.216678
0.216716
0.21673
0.216718
0.216682
0.216621
0.216535
0.216425
0.216292
0.216134
0.215953
0.21575
0.215524
0.215276
0.215007
0.214717
0.214407
0.214077
0.213728
0.213362
0.212977
0.212577
0.21216
0.211728
0.211282
0.210823
0.210351
0.209868
0.209374
0.20887
0.208358
0.207837
0.20731
0.206777
0.206239
0.205697
0.205151
0.204604
0.204056
0.203507
0.20296
0.202414
0.20187
0.20133
0.200795
0.200264
0.19974
0.199222
0.198712
0.19821
0.197717
0.197233
0.19676
0.196297
0.195846
0.195407
0.19498
0.194565
0.194164
0.193776
0.193401
0.19304
0.192694
0.192361
0.192043
0.191739
0.191449
0.191173
0.190911
0.190664
0.19043
0.19021
0.190003
0.189809
0.189628
0.189459
0.189302
0.189157
0.189023
0.1889
0.188786
0.188683
0.188589
0.188503
0.188426
0.188356
0.188294
0.188238
0.188188
0.188144
0.188104
0.18807
0.188039
0.188012
0.187987
0.187966
0.187947
0.187929
0.187913
0.187898
0.187884
0.18787
0.187857
0.187843
0.18783
0.187815
0.187801
0.187785
0.187769
0.187753
0.187735
0.187717
0.187698
0.187679
0.187659
0.18764
0.18762
0.187601
0.187582
0.187564
0.187547
0.187532
0.187519
0.187509
0.187501
0.187496
0.187496
0.187499
0.187508
0.187521
0.187541
0.187567
0.1876
0.18764
0.187688
0.187745
0.187811
0.187886
0.187972
0.188068
0.188175
0.188294
0.188424
0.188567
0.188723
0.188891
0.189073
0.189269
0.189479
0.189702
0.18994
0.190192
0.190459
0.19074
0.191036
0.191345
0.19167
0.192008
0.19236
0.192725
0.193104
0.193496
0.1939
0.194316
0.194744
0.195182
0.195631
0.19609
0.196557
0.197033
0.197516
0.198006
0.198502
0.199003
0.199507
0.200015
0.200525
0.201036
0.201548
0.202058
0.202567
0.203072
0.203573
0.20407
0.20456
0.205042
0.205517
0.205981
0.206435
0.206878
0.207307
0.207723
0.208123
0.208508
0.208876
0.209225
0.209556
0.209866
0.210156
0.210424
0.210668
0.210889
0.211086
0.211257
0.211402
0.21152
0.211611
0.211673
0.211706
0.21171
0.211684
0.211626
0.211538
0.211418
0.211267
0.211083
0.210866
0.210616
0.210334
0.210018
0.209668
0.209285
0.208869
0.208419
0.207935
0.207419
0.206869
0.206287
0.205671
0.205024
0.204345
0.203634
0.202892
0.20212
0.201319
0.200488
0.199629
0.198742
0.197828
0.196889
0.195924
0.194936
0.193924
0.192891
0.191837
0.190764
0.189673
0.188565
0.187441
0.186304
0.185154
0.183993
0.182823
0.181645
0.180461
0.179273
0.178083
0.176892
0.175702
0.174516
0.173334
0.17216
0.170995
0.169842
0.168702
0.167577
0.16647
0.165383
0.164318
0.163277
0.162261
0.161275
0.160318
0.159394
0.158504
0.157651
0.156836
0.156062
0.155329
0.15464
0.153997
0.1534
0.152852
0.152354
0.151906
0.151511
0.151168
0.150879
0.150644
0.150465
0.15034
0.150271
0.150257
0.150299
0.150396
0.150548
0.150754
0.151013
0.151325
0.151689
0.152103
0.152567
0.153078
0.153637
0.15424
0.154887
0.155576
0.156304
0.157071
0.157874
0.158711
0.15958
0.16048
0.161408
0.162363
0.163341
0.164342
0.165363
0.166402
0.167457
0.168526
0.169608
0.170699
0.171799
0.172905
0.174016
0.175129
0.176244
0.177358
0.178469
0.179577
0.180679
0.181773
0.18286
0.183936
0.185001
0.186054
0.187092
0.188116
0.189123
0.190112
0.191083
0.192035
0.192966
0.193876
0.194763
0.195627
0.196468
0.197283
0.198073
0.198838
0.199575
0.200286
0.200968
0.201622
0.202248
0.202845
0.203412
0.203949
0.204457
0.204934
0.20538
0.205796
0.20618
0.206534
0.206857
0.207149
0.207409
0.207638
0.207836
0.208003
0.208139
0.208245
0.208319
0.208363
0.208377
0.208361
0.208315
0.208239
0.208134
0.208
0.207838
0.207647
0.207429
0.207183
0.20691
0.206611
0.206286
0.205935
0.20556
0.20516
0.204735
0.204288
0.203818
0.203325
0.202812
0.202277
0.201722
0.201147
0.200554
0.199942
0.199313
0.198667
0.198005
0.197328
0.196636
0.195931
0.195213
0.194482
0.193741
0.192989
0.192228
0.191458
0.19068
0.189895
0.189104
0.188308
0.187508
0.186704
0.185899
0.185092
0.184284
0.183477
0.182671
0.181868
0.181069
0.180274
0.179484
0.178701
0.177925
0.177157
0.176399
0.175652
0.174916
0.174192
0.173481
0.172785
0.172104
0.17144
0.170792
0.170163
0.169553
0.168962
0.168393
0.167845
0.16732
0.166818
0.16634
0.165887
0.165459
0.165057
0.164683
0.164336
0.164016
0.163726
0.163464
0.163232
0.16303
0.162857
0.162716
0.162604
0.162524
0.162475
0.162457
0.162469
0.162513
0.162588
0.162693
0.162829
0.162996
0.163192
0.163418
0.163673
0.163957
0.16427
0.164609
0.164976
0.165369
0.165788
0.166232
0.166699
0.16719
0.167704
0.168238
0.168794
0.169369
0.169962
0.170573
0.171201
0.171844
0.172501
0.173171
0.173854
0.174548
0.175251
0.175963
0.176683
0.177408
0.178139
0.178874
0.179612
0.180352
0.181091
0.18183
0.182567
0.183302
0.184031
0.184756
0.185474
0.186184
0.186885
0.187577
0.188257
0.188926
0.189581
0.190223
0.190849
0.191459
0.192051
0.192626
0.193181
0.193716
0.194231
0.194723
0.195193
0.19564
0.196061
0.196458
0.196829
0.197173
0.19749
0.197779
0.198039
0.198269
0.19847
0.19864
0.198779
0.198886
0.198962
0.199004
0.199014
0.198991
0.198933
0.198842
0.198717
0.198557
0.198362
0.198132
0.197867
0.197567
0.197232
0.196862
0.196456
0.196016
0.19554
0.195029
0.194484
0.193904
0.19329
0.192643
0.191961
0.191247
0.1905
0.189721
0.188911
0.18807
0.187198
0.186298
0.185368
0.184411
0.183427
0.182416
0.181381
0.180322
0.17924
0.178137
0.177014
0.175871
0.174711
0.173535
0.172344
0.171141
0.169926
0.168701
0.167469
0.16623
0.164988
0.163744
0.162499
0.161257
0.160019
0.158788
0.157566
0.156355
0.155158
0.153978
0.152816
0.151675
0.150558
0.149468
0.148407
0.147378
0.146384
0.145427
0.144509
0.143635
0.142805
0.142023
0.141291
0.140611
0.139986
0.139417
0.138908
0.138459
0.138073
0.137751
0.137494
0.137304
0.137181
0.137127
0.137142
0.137226
0.13738
0.137603
0.137895
0.138256
0.138685
0.139181
0.139742
0.140368
0.141056
0.141806
0.142615
0.143482
0.144403
0.145377
0.146402
0.147475
0.148594
0.149755
0.150957
0.152197
0.153471
0.154778
0.156114
0.157477
0.158863
0.160271
0.161698
0.16314
0.164596
0.166062
0.167537
0.169017
0.1705
0.171984
0.173466
0.174945
0.176418
0.177882
0.179336
0.180777
0.182204
0.183614
0.185007
0.186379
0.18773
0.189057
0.190359
0.191634
0.192881
0.194099
0.195285
0.19644
0.19756
0.198646
0.199696
0.20071
0.201685
0.202621
0.203517
0.204372
0.205186
0.205958
0.206686
0.207371
0.208012
0.208607
0.209158
0.209663
0.210122
0.210534
0.210899
0.211218
0.21149
0.211714
0.211892
0.212021
0.212104
0.21214
0.212128
0.21207
0.211964
0.211813
0.211615
0.211372
0.211084
0.210751
0.210373
0.209952
0.209488
0.208981
0.208433
0.207843
0.207214
0.206545
0.205837
0.205093
0.204311
0.203494
0.202643
0.201758
0.200841
0.199893
0.198915
0.197909
0.196875
0.195816
0.194732
0.193626
0.192498
0.19135
0.190183
0.189
0.187802
0.18659
0.185366
0.184132
0.18289
0.181642
0.180388
0.179132
0.177874
0.176618
0.175364
0.174115
0.172872
0.171638
0.170414
0.169202
0.168004
0.166823
0.16566
0.164516
0.163395
0.162297
0.161224
0.160179
0.159162
0.158176
0.157222
0.156302
0.155417
0.154568
0.153757
0.152986
0.152254
0.151564
0.150916
0.150311
0.14975
0.149233
0.148761
0.148335
0.147953
0.147617
0.147327
0.147082
0.146882
0.146726
0.146615
0.146548
0.146523
0.14654
0.146598
0.146696
0.146833
0.147008
0.147219
0.147465
0.147744
0.148055
0.148397
0.148767
0.149165
0.149588
0.150035
0.150504
0.150993
0.151501
0.152026
0.152566
0.153119
0.153685
0.15426
0.154844
0.155435
0.15603
0.15663
0.157231
0.157833
0.158434
0.159033
0.159629
0.160219
0.160803
0.161379
0.161947
0.162505
0.163051
0.163586
0.164108
0.164616
0.165109
0.165587
0.166048
0.166491
0.166917
0.167325
0.167713
0.168081
0.168429
0.168756
0.169062
0.169347
0.16961
0.16985
0.170068
0.170264
0.170436
0.170586
0.170713
0.170816
0.170897
0.170955
0.170989
0.171001
0.17099
0.170956
0.1709
0.170822
0.170722
0.1706
0.170457
0.170293
0.170108
0.169904
0.169679
0.169436
0.169173
0.168893
0.168595
0.168279
0.167947
0.167599
0.167236
0.166858
0.166466
0.166061
0.165643
0.165213
0.164771
0.16432
0.163859
0.163388
0.16291
0.162424
0.161932
0.161434
0.160931
0.160424
0.159913
0.159401
0.158886
0.158371
0.157856
0.157342
0.15683
0.156321
0.155815
0.155313
0.154817
0.154327
0.153843
0.153367
0.1529
0.152442
0.151994
0.151556
0.151131
0.150717
0.150317
0.14993
0.149557
0.1492
0.148858
0.148533
0.148224
0.147932
0.147659
0.147404
0.147168
0.146951
0.146753
0.146576
0.146419
0.146283
0.146168
0.146074
0.146002
0.145951
0.145922
0.145915
0.145929
0.145966
0.146024
0.146104
0.146206
0.14633
0.146475
0.146641
0.146829
0.147037
0.147266
0.147515
0.147784
0.148073
0.14838
0.148707
0.149051
0.149414
0.149794
0.150191
0.150604
0.151032
0.151476
0.151935
0.152407
0.152893
0.153392
0.153902
0.154425
0.154958
0.155501
0.156053
0.156615
0.157184
0.157761
0.158344
0.158934
0.159528
0.160128
0.160731
0.161337
0.161946
0.162557
0.163168
0.16378
0.164392
0.165003
0.165612
0.166219
0.166822
0.167422
0.168018
0.168609
0.169194
0.169772
0.170344
0.170908
0.171465
0.172012
0.17255
0.173079
0.173597
0.174104
0.174599
0.175083
0.175553
0.176011
0.176455
0.176885
0.177301
0.177702
0.178087
0.178457
0.17881
0.179147
0.179466
0.179769
0.180054
0.180321
0.180569
0.180799
0.18101
0.181202
0.181375
0.181528
0.181661
0.181774
0.181868
0.181941
0.181993
0.182025
0.182037
0.182028
0.181998
0.181947
0.181876
0.181784
0.181671
0.181538
0.181384
0.181209
0.181015
0.1808
0.180565
0.18031
0.180036
0.179742
0.179428
0.179096
0.178746
0.178377
0.17799
0.177585
0.177163
0.176724
0.176269
0.175797
0.17531
0.174808
0.174291
0.17376
0.173215
0.172658
0.172087
0.171505
0.170912
0.170307
0.169693
0.169069
0.168437
0.167796
0.167148
0.166493
0.165832
0.165165
0.164494
0.163819
0.163141
0.16246
0.161778
0.161095
0.160411
0.159729
0.159047
0.158368
0.157691
0.157018
0.156349
0.155685
0.155027
0.154376
0.153731
0.153094
0.152466
0.151847
0.151238
0.150639
0.150051
0.149474
0.14891
0.148358
0.147819
0.147293
0.146782
0.146285
0.145802
0.145335
0.144883
0.144446
0.144025
0.14362
0.143231
0.142859
0.142502
0.142162
0.141839
0.141531
0.14124
0.140966
0.140707
0.140464
0.140236
0.140024
0.139828
0.139646
0.139478
0.139325
0.139185
0.139059
0.138946
0.138846
0.138758
0.138681
0.138615
0.138561
0.138516
0.138481
0.138455
0.138438
0.138429
0.138427
0.138433
0.138445
0.138464
0.138488
0.138517
0.13855
0.138588
0.13863
0.138674
0.138722
0.138772
0.138824
0.138878
0.138934
0.13899
0.139047
0.139105
0.139163
0.139221
0.139279
0.139337
0.139394
0.139451
0.139507
0.139563
0.139618
0.139672
0.139726
0.139779
0.139831
0.139883
0.139935
0.139987
0.140038
0.14009
0.140143
0.140196
0.140251
0.140307
0.140364
0.140424
0.140485
0.14055
0.140618
0.140689
0.140764
0.140844
0.140928
0.141017
0.141112
0.141214
0.141321
0.141436
0.141558
0.141688
0.141826
0.141973
0.14213
0.142295
0.142471
0.142657
0.142854
0.143062
0.143281
0.143512
0.143755
0.14401
0.144278
0.144558
0.144851
0.145158
0.145477
0.14581
0.146156
0.146516
0.146889
0.147276
0.147676
0.148089
0.148515
0.148955
0.149407
0.149871
0.150349
0.150838
0.151339
0.151851
0.152374
0.152908
0.153453
0.154007
0.15457
0.155142
0.155723
0.156311
0.156906
0.157508
0.158117
0.15873
0.159348
0.159971
0.160596
0.161225
0.161856
0.162488
0.163121
0.163754
0.164386
0.165017
0.165646
0.166273
0.166895
0.167514
0.168128
0.168736
0.169338
0.169934
0.170521
0.171101
0.171671
0.172232
0.172783
0.173323
0.173852
0.174368
0.174873
0.175364
0.175841
0.176304
0.176752
0.177185
0.177602
0.178003
0.178388
0.178755
0.179105
0.179437
0.17975
0.180045
0.180321
0.180578
0.180815
0.181032
0.181229
0.181406
0.181562
0.181697
0.181811
0.181904
0.181976
0.182027
0.182056
0.182064
0.18205
0.182015
0.181958
0.181879
0.181779
0.181658
0.181515
0.18135
0.181165
0.180959
0.180731
0.180483
0.180215
0.179926
0.179617
0.179288
0.17894
0.178573
0.178187
0.177782
0.177359
0.176918
0.176459
0.175984
0.175492
0.174984
0.17446
0.173921
0.173367
0.172798
0.172216
0.171621
0.171013
0.170393
0.169761
0.169119
0.168466
0.167803
0.167131
0.166451
0.165763
0.165068
0.164366
0.163658
0.162946
0.162229
0.161508
0.160784
0.160058
0.159331
0.158602
0.157874
0.157146
0.15642
0.155695
0.154974
0.154256
0.153542
0.152834
0.152131
0.151435
0.150746
0.150065
0.149393
0.14873
0.148077
0.147434
0.146804
0.146185
0.145578
0.144985
0.144406
0.143841
0.143291
0.142757
0.142239
0.141737
0.141251
0.140784
0.140334
0.139902
0.139488
0.139093
0.138717
0.13836
0.138023
0.137705
0.137407
0.137129
0.136871
0.136632
0.136414
0.136215
0.136036
0.135877
0.135737
0.135616
0.135515
0.135432
0.135369
0.135323
0.135295
0.135285
0.135292
0.135315
0.135355
0.135411
0.135482
0.135568
0.135668
0.135782
0.135909
0.136049
0.1362
0.136363
0.136537
0.13672
0.136914
0.137116
0.137326
0.137544
0.137769
0.138
0.138236
0.138478
0.138724
0.138974
0.139227
0.139482
0.13974
0.139998
0.140258
0.140517
0.140776
0.141034
0.14129
0.141545
0.141797
0.142045
0.142291
0.142532
0.142769
0.143001
0.143228
0.143449
0.143664
0.143872
0.144074
0.144269
0.144457
0.144637
0.14481
0.144974
0.14513
0.145278
0.145417
0.145547
0.145669
0.145781
0.145884
0.145979
0.146064
0.14614
0.146207
0.146265
0.146313
0.146353
0.146383
0.146405
0.146418
0.146423
0.146419
0.146407
0.146387
0.146359
0.146323
0.14628
0.14623
0.146173
0.14611
0.146041
0.145966
0.145886
0.1458
0.14571
0.145615
0.145517
0.145415
0.14531
0.145202
0.145093
0.144981
0.144869
0.144755
0.144642
0.144528
0.144416
0.144304
0.144194
0.144086
0.143981
0.14388
0.143781
0.143687
0.143598
0.143514
0.143435
0.143362
0.143296
0.143237
0.143185
0.143141
0.143105
0.143078
0.14306
0.143051
0.143052
0.143063
0.143084
0.143116
0.143159
0.143212
0.143278
0.143354
0.143443
0.143543
0.143655
0.143779
0.143915
0.144064
0.144224
0.144397
0.144581
0.144778
0.144987
0.145207
0.145439
0.145683
0.145937
0.146203
0.14648
0.146767
0.147064
0.147371
0.147688
0.148013
0.148348
0.14869
0.149041
0.149399
0.149764
0.150136
0.150513
0.150896
0.151284
0.151676
0.152072
0.152471
0.152873
0.153278
0.153683
0.15409
0.154497
0.154904
0.15531
0.155714
0.156117
0.156516
0.156912
0.157305
0.157693
0.158075
0.158452
0.158823
0.159187
0.159543
0.159891
0.160231
0.160561
0.160881
0.161191
0.16149
0.161778
0.162054
0.162317
0.162568
0.162804
0.163027
0.163236
0.16343
0.163608
0.163771
0.163918
0.164048
0.164162
0.164258
0.164336
0.164397
0.16444
0.164464
0.164469
0.164455
0.164422
0.164369
0.164296
0.164204
0.164091
0.163958
0.163805
0.163631
0.163436
0.163221
0.162984
0.162727
0.162449
0.16215
0.16183
0.16149
0.161128
0.160746
0.160343
0.15992
0.159476
0.159012
0.158528
0.158024
0.1575
0.156957
0.156395
0.155814
0.155214
0.154597
0.153961
0.153308
0.152638
0.151952
0.151249
0.15053
0.149797
0.149048
0.148286
0.14751
0.146721
0.14592
0.145107
0.144284
0.14345
0.142606
0.141754
0.140893
0.140026
0.139152
0.138273
0.137389
0.136501
0.135611
0.134719
0.133826
0.132933
0.132042
0.131153
0.130267
0.129386
0.12851
0.127641
0.12678
0.125928
0.125086
0.124256
0.123439
0.122635
0.121846
0.121074
0.120319
0.119583
0.118868
0.118173
0.117501
0.116852
0.116228
0.11563
0.115059
0.114516
0.114002
0.113518
0.113065
0.112643
0.112255
0.1119
0.111579
0.111293
0.111042
0.110827
0.110648
0.110506
0.110401
0.110333
0.110301
0.110307
0.11035
0.110429
0.110545
0.110697
0.110885
0.111108
0.111366
0.111657
0.111982
0.112339
0.112728
0.113147
0.113596
0.114074
0.114579
0.115111
0.115668
0.116249
0.116853
0.117478
0.118125
0.11879
0.119473
0.120173
0.120888
0.121617
0.122359
0.123113
0.123877
0.124649
0.12543
0.126217
0.127009
0.127805
0.128604
0.129405
0.130207
0.131008
0.131807
0.132604
0.133397
0.134185
0.134968
0.135744
0.136512
0.137272
0.138023
0.138763
0.139493
0.14021
0.140915
0.141607
0.142285
0.142948
0.143596
0.144228
0.144843
0.145441
0.146022
0.146585
0.14713
0.147655
0.148161
0.148647
0.149114
0.149559
0.149985
0.150389
0.150772
0.151133
0.151473
0.151791
0.152088
0.152362
0.152614
0.152844
0.153052
0.153238
0.153402
0.153544
0.153663
0.153761
0.153838
0.153892
0.153926
0.153938
0.153929
0.1539
0.153851
0.153781
0.153692
0.153583
0.153456
0.15331
0.153146
0.152964
0.152766
0.15255
0.152319
0.152072
0.15181
0.151533
0.151243
0.150939
0.150623
0.150295
0.149956
0.149606
0.149247
0.148878
0.148501
0.148117
0.147726
0.147328
0.146925
0.146518
0.146107
0.145693
0.145277
0.14486
0.144442
0.144025
0.143609
0.143194
0.142783
0.142375
0.141972
0.141573
0.141181
0.140795
0.140417
0.140047
0.139685
0.139334
0.138992
0.138662
0.138343
0.138036
0.137742
0.137461
0.137194
0.136941
0.136702
0.136479
0.136271
0.136079
0.135904
0.135744
0.135601
0.135475
0.135365
0.135273
0.135198
0.135139
0.135098
0.135073
0.135066
0.135075
0.1351
0.135142
0.1352
0.135274
0.135363
0.135467
0.135585
0.135718
0.135864
0.136024
0.136197
0.136381
0.136578
0.136785
0.137003
0.137231
0.137468
0.137714
0.137968
0.138229
0.138497
0.138772
0.139051
0.139335
0.139623
0.139915
0.14021
0.140506
0.140804
0.141103
0.141402
0.1417
0.141998
0.142293
0.142587
0.142878
0.143165
0.143448
0.143727
0.144001
0.14427
0.144532
0.144788
0.145038
0.14528
0.145514
0.145741
0.145959
0.146168
0.146368
0.146559
0.14674
0.146912
0.147073
0.147224
0.147364
0.147494
0.147613
0.147721
0.147817
0.147903
0.147977
0.14804
0.148091
0.148131
0.148159
0.148176
0.148182
0.148176
0.148159
0.148131
0.148092
0.148041
0.14798
0.147908
0.147826
0.147732
0.147629
0.147516
0.147393
0.14726
0.147117
0.146966
0.146805
0.146636
0.146458
0.146272
0.146078
0.145876
0.145667
0.145451
0.145229
0.144999
0.144764
0.144523
0.144276
0.144024
0.143767
0.143505
0.143239
0.14297
0.142696
0.14242
0.14214
0.141858
0.141573
0.141286
0.140998
0.140708
0.140417
0.140126
0.139834
0.139542
0.13925
0.138959
0.138668
0.138378
0.13809
0.137803
0.137518
0.137235
0.136955
0.136677
0.136403
0.136131
0.135863
0.135598
0.135338
0.135081
0.134829
0.134582
0.134339
0.134101
0.133868
0.133641
0.133419
0.133203
0.132993
0.132789
0.132591
0.132399
0.132214
0.132036
0.131864
0.1317
0.131543
0.131392
0.13125
0.131114
0.130986
0.130866
0.130754
0.130649
0.130553
0.130464
0.130384
0.130311
0.130247
0.130191
0.130144
0.130104
0.130073
0.130051
0.130037
0.130031
0.130034
0.130045
0.130065
0.130093
0.130129
0.130174
0.130226
0.130287
0.130357
0.130434
0.130519
0.130612
0.130713
0.130821
0.130937
0.13106
0.131191
0.131328
0.131473
0.131624
0.131782
0.131946
0.132116
0.132292
0.132474
0.132661
0.132854
0.133051
0.133253
0.13346
0.13367
0.133885
0.134102
0.134323
0.134547
0.134774
0.135002
0.135233
0.135465
0.135698
0.135932
0.136166
0.136401
0.136635
0.136869
0.137101
0.137332
0.137561
0.137789
0.138013
0.138235
0.138453
0.138667
0.138878
0.139084
0.139285
0.13948
0.139671
0.139855
0.140033
0.140204
0.140369
0.140526
0.140675
0.140816
0.140949
0.141073
0.141189
0.141295
0.141392
0.141479
0.141556
0.141623
0.141679
0.141725
0.14176
0.141784
0.141797
0.141798
0.141788
0.141766
0.141733
0.141688
0.141631
0.141562
0.141481
0.141388
0.141283
0.141166
0.141037
0.140897
0.140744
0.14058
0.140404
0.140217
0.140018
0.139809
0.139588
0.139356
0.139114
0.138862
0.1386
0.138328
0.138046
0.137755
0.137456
0.137148
0.136832
0.136508
0.136177
0.135839
0.135495
0.135145
0.134789
0.134428
0.134063
0.133693
0.133321
0.132945
0.132566
0.132186
0.131805
0.131422
0.13104
0.130658
0.130276
0.129897
0.129519
0.129144
0.128773
0.128405
0.128042
0.127684
0.127331
0.126985
0.126646
0.126313
0.125989
0.125673
0.125366
0.125068
0.12478
0.124502
0.124235
0.123979
0.123735
0.123502
0.123282
0.123074
0.12288
0.122698
0.12253
0.122375
0.122234
0.122108
0.121995
0.121896
0.121812
0.121741
0.121685
0.121644
0.121616
0.121602
0.121603
0.121617
0.121645
0.121686
0.12174
0.121807
0.121887
0.121979
0.122083
0.122199
0.122326
0.122464
0.122612
0.122771
0.122939
0.123116
0.123302
0.123496
0.123697
0.123906
0.124122
0.124344
0.124572
0.124805
0.125043
0.125285
0.125531
0.12578
0.126032
0.126286
0.126542
0.126799
0.127057
0.127315
0.127573
0.127831
0.128088
0.128344
0.128598
0.128849
0.129099
0.129345
0.129588
0.129828
0.130063
0.130295
0.130522
0.130744
0.130962
0.131174
0.131381
0.131582
0.131777
0.131966
0.132149
0.132325
0.132495
0.132659
0.132815
0.132965
0.133108
0.133244
0.133373
0.133495
0.13361
0.133717
0.133818
0.133911
0.133997
0.134077
0.134149
0.134214
0.134272
0.134323
0.134368
0.134405
0.134436
0.13446
0.134478
0.134489
0.134494
0.134493
0.134486
0.134472
0.134453
0.134427
0.134397
0.13436
0.134318
0.13427
0.134218
0.13416
0.134097
0.134029
0.133956
0.133878
0.133796
0.133709
0.133618
0.133522
0.133422
0.133317
0.133208
0.133096
0.132979
0.132858
0.132733
0.132604
0.132471
0.132335
0.132194
0.13205
0.131902
0.13175
0.131595
0.131436
0.131273
0.131106
0.130935
0.130761
0.130583
0.130402
0.130216
0.130027
0.129834
0.129637
0.129436
0.129231
0.129023
0.128811
0.128594
0.128374
0.12815
0.127922
0.12769
0.127454
0.127215
0.126971
0.126723
0.126472
0.126217
0.125957
0.125695
0.125428
0.125158
0.124884
0.124606
0.124326
0.124041
0.123754
0.123464
0.12317
0.122874
0.122575
0.122273
0.121969
0.121663
0.121355
0.121045
0.120734
0.120421
0.120107
0.119793
0.119477
0.119162
0.118847
0.118532
0.118217
0.117904
0.117592
0.117282
0.116973
0.116668
0.116365
0.116065
0.115769
0.115477
0.115189
0.114906
0.114628
0.114356
0.11409
0.113831
0.113579
0.113334
0.113097
0.112868
0.112648
0.112436
0.112235
0.112043
0.111862
0.111691
0.111531
0.111383
0.111246
0.111122
0.11101
0.110911
0.110824
0.110751
0.110691
0.110645
0.110613
0.110595
0.110591
0.110601
0.110626
0.110665
0.110719
0.110787
0.11087
0.110966
0.111078
0.111203
0.111343
0.111497
0.111664
0.111845
0.112039
0.112246
0.112466
0.112699
0.112943
0.1132
0.113467
0.113746
0.114035
0.114335
0.114644
0.114962
0.115289
0.115624
0.115966
0.116316
0.116673
0.117036
0.117404
0.117777
0.118155
0.118536
0.118921
0.119309
0.119699
0.12009
0.120483
0.120876
0.121269
0.121661
0.122052
0.122442
0.122829
0.123214
0.123596
0.123974
0.124347
0.124716
0.12508
0.125438
0.12579
0.126136
0.126474
0.126806
0.12713
0.127446
0.127753
0.128052
0.128341
0.128622
0.128892
0.129153
0.129404
0.129644
0.129874
0.130093
0.130301
0.130497
0.130683
0.130857
0.13102
0.131171
0.13131
0.131438
0.131554
0.131658
0.13175
0.131831
0.1319
0.131957
0.132003
0.132037
0.13206
0.132072
0.132072
0.132062
0.13204
0.132009
0.131966
0.131914
0.131852
0.13178
0.131698
0.131608
0.131509
0.131401
0.131285
0.131161
0.131029
0.130891
0.130745
0.130593
0.130435
0.130272
0.130103
0.129929
0.129751
0.129569
0.129384
0.129195
0.129004
0.12881
0.128615
0.128418
0.128221
0.128023
0.127825
0.127627
0.127431
0.127236
0.127042
0.126851
0.126663
0.126478
0.126297
0.126119
0.125946
0.125777
0.125614
0.125457
0.125305
0.125159
0.125021
0.124889
0.124764
0.124647
0.124537
0.124436
0.124343
0.124259
0.124183
0.124117
0.124059
0.124011
0.123972
0.123943
0.123923
0.123913
0.123913
0.123922
0.123942
0.123971
0.124009
0.124058
0.124116
0.124184
0.124261
0.124347
0.124442
0.124547
0.12466
0.124782
0.124912
0.125051
0.125197
0.125351
0.125513
0.125681
0.125857
0.126039
0.126227
0.126421
0.12662
0.126825
0.127035
0.127249
0.127467
0.127689
0.127914
0.128142
0.128373
0.128606
0.128841
0.129077
0.129314
0.129552
0.12979
0.130028
0.130265
0.130501
0.130736
0.130969
0.1312
0.131429
0.131654
0.131877
0.132095
0.13231
0.13252
0.132726
0.132926
0.133121
0.13331
0.133493
0.13367
0.13384
0.134002
0.134158
0.134305
0.134445
0.134576
0.134699
0.134813
0.134918
0.135014
0.1351
0.135176
0.135242
0.135298
0.135344
0.135379
0.135402
0.135415
0.135417
0.135407
0.135385
0.135352
0.135307
0.13525
0.13518
0.135099
0.135005
0.134898
0.134779
0.134647
0.134503
0.134346
0.134175
0.133992
0.133797
0.133588
0.133366
0.133131
0.132884
0.132623
0.132349
0.132063
0.131764
0.131452
0.131127
0.13079
0.130441
0.130079
0.129705
0.129318
0.12892
0.12851
0.128088
0.127655
0.127211
0.126755
0.126289
0.125813
0.125326
0.124829
0.124322
0.123806
0.12328
0.122746
0.122204
0.121653
0.121095
0.120529
0.119957
0.119378
0.118793
0.118202
0.117607
0.117006
0.116402
0.115795
0.115184
0.114571
0.113956
0.11334
0.112723
0.112107
0.111491
0.110876
0.110264
0.109654
0.109047
0.108445
0.107848
0.107257
0.106672
0.106094
0.105524
0.104963
0.104412
0.103871
0.103342
0.102824
0.10232
0.101829
0.101352
0.100891
0.100446
0.100018
0.099608
0.0992161
0.0988434
0.0984906
0.0981584
0.0978474
0.0975584
0.0972919
0.0970486
0.0968289
0.0966333
0.0964623
0.0963164
0.0961959
0.0961011
0.0960324
0.0959898
0.0959736
0.0959839
0.0960208
0.0960843
0.0961743
0.0962907
0.0964333
0.0966021
0.0967966
0.0970165
0.0972616
0.0975314
0.0978253
0.098143
0.0984839
0.0988473
0.0992326
0.0996392
0.100066
0.100513
0.100979
0.101464
0.101966
0.102484
0.103018
0.103567
0.104131
0.104707
0.105296
0.105895
0.106506
0.107126
0.107755
0.108391
0.109034
0.109683
0.110337
0.110996
0.111657
0.112321
0.112987
0.113653
0.11432
0.114985
0.115649
0.11631
0.116968
0.117622
0.118271
0.118915
0.119553
0.120184
0.120807
0.121423
0.122029
0.122627
0.123214
0.123791
0.124357
0.124912
0.125455
0.125985
0.126502
0.127006
0.127496
0.127972
0.128434
0.128881
0.129312
0.129729
0.130129
0.130513
0.130881
0.131233
0.131568
0.131886
0.132187
0.132471
0.132737
0.132986
0.133218
0.133432
0.133629
0.133808
0.133969
0.134113
0.134239
0.134348
0.134439
0.134513
0.13457
0.13461
0.134633
0.13464
0.134629
0.134603
0.13456
0.134502
0.134427
0.134338
0.134233
0.134114
0.13398
0.133832
0.133671
0.133496
0.133308
0.133107
0.132894
0.132669
0.132433
0.132186
0.131928
0.131661
0.131383
0.131097
0.130802
0.130498
0.130187
0.129869
0.129545
0.129214
0.128877
0.128535
0.128189
0.127838
0.127484
0.127127
0.126767
0.126405
0.126042
0.125677
0.125312
0.124947
0.124583
0.124219
0.123856
0.123496
0.123137
0.122782
0.122429
0.12208
0.121735
0.121394
0.121057
0.120726
0.120399
0.120078
0.119763
0.119454
0.119152
0.118856
0.118566
0.118284
0.118008
0.117739
0.117478
0.117224
0.116977
0.116738
0.116506
0.116282
0.116064
0.115854
0.115651
0.115455
0.115266
0.115083
0.114907
0.114738
0.114574
0.114417
0.114265
0.114118
0.113976
0.113839
0.113707
0.113578
0.113454
0.113333
0.113214
0.113099
0.112985
0.112874
0.112764
0.112655
0.112547
0.112439
0.112331
0.112223
0.112114
0.112003
0.111891
0.111777
0.11166
0.11154
0.111417
0.111291
0.111161
0.111026
0.110887
0.110743
0.110593
0.110438
0.110278
0.110111
0.109938
0.109758
0.109572
0.109379
0.109178
0.10897
0.108755
0.108532
0.108301
0.108062
0.107816
0.107561
0.107299
0.107028
0.10675
0.106463
0.106169
0.105866
0.105556
0.105238
0.104913
0.10458
0.10424
0.103893
0.103539
0.103179
0.102812
0.102439
0.102061
0.101677
0.101288
0.100895
0.100497
0.100095
0.0996899
0.0992818
0.0988711
0.0984585
0.0980443
0.0976291
0.0972135
0.096798
0.0963832
0.0959697
0.0955581
0.0951489
0.094743
0.0943408
0.0939431
0.0935506
0.0931638
0.0927835
0.0924104
0.0920452
0.0916885
0.0913411
0.0910036
0.0906769
0.0903614
0.090058
0.0897672
0.0894899
0.0892265
0.0889779
0.0887445
0.0885269
0.0883259
0.0881418
0.0879753
0.0878269
0.0876971
0.0875862
0.0874947
0.087423
0.0873715
0.0873404
0.08733
0.0873405
0.0873722
0.0874252
0.0874995
0.0875954
0.0877127
0.0878515
0.0880117
0.0881932
0.0883959
0.0886196
0.088864
0.089129
0.0894142
0.0897194
0.090044
0.0903879
0.0907504
0.0911313
0.0915299
0.0919459
0.0923787
0.0928277
0.0932924
0.0937722
0.0942665
0.0947748
0.0952963
0.0958305
0.0963768
0.0969345
0.0975029
0.0980814
0.0986694
0.0992662
0.0998712
0.100484
0.101103
0.101729
0.10236
0.102996
0.103637
0.104281
0.104929
0.105579
0.106231
0.106884
0.107538
0.108193
0.108847
0.109501
0.110153
0.110803
0.111451
0.112096
0.112738
0.113376
0.11401
0.114639
0.115264
0.115883
0.116495
0.117102
0.117702
0.118295
0.118881
0.119459
0.120029
0.120591
0.121144
0.121688
0.122223
0.122749
0.123265
0.12377
0.124266
0.124751
0.125226
0.125689
0.126142
0.126583
0.127013
0.127432
0.127838
0.128233
0.128616
0.128986
0.129345
0.129691
0.130024
0.130345
0.130653
0.130949
0.131232
0.131501
0.131758
0.132002
0.132233
0.132452
0.132657
0.132849
0.133028
0.133194
0.133347
0.133487
0.133614
0.133728
0.13383
0.133918
0.133994
0.134057
0.134108
0.134146
0.134172
0.134185
0.134186
0.134175
0.134152
0.134117
0.13407
0.134011
0.133941
0.13386
0.133767
0.133664
0.133549
0.133424
0.133288
0.133142
0.132985
0.132819
0.132642
0.132457
0.132261
0.132057
0.131843
0.131621
0.13139
0.131151
0.130903
0.130648
0.130385
0.130115
0.129837
0.129552
0.129261
0.128963
0.12866
0.12835
0.128034
0.127713
0.127387
0.127055
0.126719
0.126379
0.126034
0.125686
0.125333
0.124978
0.124619
0.124257
0.123892
0.123525
0.123156
0.122784
0.122411
0.122037
0.121661
0.121283
0.120906
0.120527
0.120148
0.119768
0.119389
0.11901
0.118631
0.118252
0.117874
0.117497
0.117121
0.116746
0.116373
0.116
0.115629
0.11526
0.114893
0.114527
0.114164
0.113802
0.113443
0.113085
0.11273
0.112377
0.112027
0.111679
0.111333
0.110989
0.110648
0.11031
0.109974
0.10964
0.109309
0.10898
0.108654
0.108329
0.108008
0.107688
0.107371
0.107055
0.106742
0.106431
0.106122
0.105815
0.105509
0.105206
0.104904
0.104603
0.104305
0.104008
0.103712
0.103418
0.103125
0.102833
0.102543
0.102254
0.101966
0.101679
0.101393
0.101108
0.100824
0.100542
0.10026
0.0999794
0.0996998
0.0994213
0.099144
0.0988678
0.0985928
0.0983191
0.0980468
0.097776
0.0975067
0.0972392
0.0969734
0.0967096
0.0964479
0.0961885
0.0959315
0.0956772
0.0954258
0.0951774
0.0949324
0.0946909
0.0944533
0.0942198
0.0939906
0.0937662
0.0935467
0.0933326
0.093124
0.0929215
0.0927253
0.0925358
0.0923533
0.0921783
0.0920111
0.0918521
0.0917016
0.0915602
0.0914281
0.0913057
0.0911935
0.0910919
0.0910012
0.0909218
0.0908542
0.0907986
0.0907554
0.0907251
0.0907079
0.0907041
0.0907142
0.0907383
0.0907769
0.0908301
0.0908981
0.0909814
0.0910799
0.091194
0.0913237
0.0914693
0.0916308
0.0918083
0.0920019
0.0922116
0.0924374
0.0926793
0.0929372
0.0932111
0.0935009
0.0938063
0.0941273
0.0944637
0.0948152
0.0951816
0.0955627
0.0959581
0.0963675
0.0967905
0.0972269
0.0976762
0.0981379
0.0986118
0.0990973
0.0995939
0.100101
0.100619
0.101146
0.101682
0.102227
0.10278
0.10334
0.103908
0.104481
0.105061
0.105645
0.106235
0.106828
0.107424
0.108024
0.108625
0.109229
0.109833
0.110437
0.111042
0.111645
0.112247
0.112848
0.113445
0.11404
0.114631
0.115217
0.115799
0.116376
0.116946
0.117511
0.118068
0.118618
0.11916
0.119694
0.120219
0.120734
0.12124
0.121736
0.12222
0.122694
0.123157
0.123607
0.124045
0.124471
0.124884
0.125283
0.125669
0.126041
0.126398
0.126741
0.12707
0.127383
0.127681
0.127963
0.12823
0.128481
0.128715
0.128934
0.129136
0.129321
0.129489
0.129641
0.129775
0.129893
0.129993
0.130076
0.130142
0.130191
0.130222
0.130236
0.130232
0.130211
0.130173
0.130118
0.130046
0.129956
0.12985
0.129726
0.129586
0.129429
0.129256
0.129066
0.12886
0.128637
0.128399
0.128146
0.127876
0.127592
0.127292
0.126978
0.126649
0.126306
0.125949
0.125578
0.125194
0.124797
0.124387
0.123965
0.12353
0.123084
0.122626
0.122158
0.121678
0.121189
0.120689
0.12018
0.119662
0.119135
0.1186
0.118057
0.117507
0.11695
0.116386
0.115816
0.11524
0.11466
0.114074
0.113485
0.112891
0.112295
0.111695
0.111094
0.11049
0.109885
0.109279
0.108673
0.108066
0.107461
0.106856
0.106253
0.105652
0.105053
0.104457
0.103865
0.103277
0.102692
0.102113
0.101539
0.10097
0.100408
0.0998519
0.0993028
0.0987611
0.0982272
0.0977013
0.0971838
0.0966752
0.0961758
0.0956859
0.0952058
0.0947358
0.0942763
0.0938274
0.0933895
0.0929628
0.0925475
0.0921438
0.0917519
0.0913721
0.0910043
0.0906488
0.0903057
0.0899751
0.089657
0.0893516
0.0890588
0.0887787
0.0885113
0.0882565
0.0880144
0.0877849
0.0875678
0.0873632
0.087171
0.0869909
0.0868229
0.0866668
0.0865225
0.0863897
0.0862683
0.0861581
0.0860588
0.0859703
0.0858923
0.0858245
0.0857667
0.0857187
0.0856801
0.0856507
0.0856302
0.0856183
0.0856148
0.0856193
0.0856315
0.0856512
0.085678
0.0857117
0.0857519
0.0857984
0.0858509
0.0859091
0.0859726
0.0860413
0.0861148
0.0861929
0.0862752
0.0863616
0.0864517
0.0865454
0.0866423
0.0867423
0.0868451
0.0869505
0.0870582
0.0871681
0.0872799
0.0873936
0.0875088
0.0876254
0.0877433
0.0878623
0.0879822
0.0881029
0.0882243
0.0883462
0.0884686
0.0885913
0.0887143
0.0888374
0.0889606
0.0890838
0.0892069
0.08933
0.0894528
0.0895755
0.0896979
0.0898201
0.089942
0.0900636
0.0901849
0.090306
0.0904268
0.0905473
0.0906677
0.0907878
0.0909078
0.0910277
0.0911475
0.0912673
0.0913871
0.091507
0.0916272
0.0917475
0.0918682
0.0919892
0.0921107
0.0922328
0.0923555
0.0924789
0.0926032
0.0927284
0.0928545
0.0929818
0.0931103
0.09324
0.0933711
0.0935038
0.093638
0.0937739
0.0939116
0.0940511
0.0941926
0.0943362
0.0944819
0.0946299
0.0947802
0.0949329
0.0950881
0.0952458
0.0954062
0.0955693
0.0957352
0.0959039
0.0960755
0.09625
0.0964276
0.0966082
0.0967918
0.0969786
0.0971685
0.0973616
0.0975578
0.0977572
0.0979599
0.0981657
0.0983746
0.0985868
0.0988021
0.0990204
0.0992419
0.0994664
0.0996939
0.0999243
0.100158
0.100394
0.100633
0.100874
0.101118
0.101365
0.101614
0.101865
0.102118
0.102374
0.102631
0.10289
0.103151
0.103413
0.103676
0.103941
0.104207
0.104474
0.104742
0.10501
0.105278
0.105547
0.105816
0.106084
0.106353
0.10662
0.106888
0.107154
0.107419
0.107683
0.107945
0.108205
0.108464
0.108721
0.108975
0.109226
0.109475
0.109721
0.109964
0.110204
0.11044
0.110672
0.1109
0.111124
0.111344
0.111559
0.11177
0.111975
0.112176
0.112371
0.11256
0.112744
0.112922
0.113094
0.113259
0.113419
0.113572
0.113718
0.113857
0.113989
0.114114
0.114232
0.114343
0.114445
0.114541
0.114628
0.114708
0.114779
0.114843
0.114898
0.114945
0.114984
0.115015
0.115036
0.11505
0.115055
0.115051
0.115039
0.115018
0.114988
0.114949
0.114902
0.114846
0.114782
0.114709
0.114627
0.114537
0.114438
0.11433
0.114214
0.11409
0.113958
0.113817
0.113668
0.113511
0.113347
0.113174
0.112994
0.112806
0.112611
0.112409
0.1122
0.111983
0.11176
0.111531
0.111295
0.111053
0.110805
0.110551
0.110292
0.110027
0.109758
0.109483
0.109204
0.108921
0.108633
0.108342
0.108047
0.107749
0.107448
0.107144
0.106838
0.10653
0.10622
0.105908
0.105595
0.105282
0.104967
0.104653
0.104338
0.104024
0.103711
0.103399
0.103088
0.102778
0.102471
0.102166
0.101863
0.101564
0.101268
0.100975
0.100686
0.100401
0.100121
0.0998458
0.0995755
0.0993105
0.0990511
0.0987977
0.0985504
0.0983095
0.0980753
0.0978479
0.0976277
0.0974149
0.0972096
0.097012
0.0968224
0.0966409
0.0964677
0.0963029
0.0961467
0.0959992
0.0958604
0.0957306
0.0956098
0.095498
0.0953953
0.0953019
0.0952176
0.0951425
0.0950767
0.09502
0.0949726
0.0949343
0.0949051
0.0948849
0.0948737
0.0948714
0.0948779
0.094893
0.0949167
0.0949488
0.0949891
0.0950376
0.095094
0.0951582
0.09523
0.0953092
0.0953956
0.095489
0.0955892
0.0956959
0.095809
0.0959283
0.0960534
0.0961841
0.0963203
0.0964617
0.0966079
0.0967589
0.0969143
0.0970738
0.0972373
0.0974045
0.0975751
0.0977489
0.0979257
0.0981051
0.098287
0.0984712
0.0986573
0.0988451
0.0990345
0.0992252
0.099417
0.0996096
0.0998029
0.0999966
0.100191
0.100385
0.100578
0.100772
0.100965
0.101157
0.101349
0.10154
0.101729
0.101917
0.102104
0.102289
0.102472
0.102653
0.102833
0.10301
0.103186
0.103359
0.103529
0.103698
0.103864
0.104027
0.104187
0.104345
0.1045
0.104652
0.104802
0.104948
0.105092
0.105232
0.10537
0.105504
0.105636
0.105764
0.10589
0.106012
0.106132
0.106248
0.106362
0.106472
0.106579
0.106684
0.106785
0.106883
0.106979
0.107072
0.107162
0.107249
0.107333
0.107414
0.107493
0.107569
0.107643
0.107714
0.107782
0.107848
0.107911
0.107972
0.10803
0.108086
0.10814
0.108191
0.10824
0.108287
0.108331
0.108374
0.108414
0.108452
0.108488
0.108522
0.108554
0.108584
0.108612
0.108638
0.108662
0.108684
0.108704
0.108722
0.108738
0.108752
0.108764
0.108775
0.108783
0.108789
0.108794
0.108796
0.108797
0.108796
0.108792
0.108787
0.108779
0.10877
0.108758
0.108745
0.108729
0.108711
0.108691
0.108669
0.108645
0.108618
0.108589
0.108558
0.108525
0.108489
0.108451
0.10841
0.108367
0.108322
0.108274
0.108224
0.108171
0.108116
0.108058
0.107997
0.107934
0.107869
0.107801
0.10773
0.107657
0.107581
0.107502
0.107421
0.107338
0.107251
0.107163
0.107071
0.106977
0.106881
0.106782
0.106681
0.106578
0.106472
0.106364
0.106253
0.106141
0.106026
0.105909
0.10579
0.10567
0.105547
0.105423
0.105297
0.105169
0.10504
0.10491
0.104778
0.104645
0.104511
0.104376
0.10424
0.104103
0.103966
0.103829
0.103691
0.103552
0.103414
0.103276
0.103138
0.103
0.102863
0.102726
0.10259
0.102455
0.102321
0.102189
0.102057
0.101927
0.101799
0.101672
0.101548
0.101425
0.101305
0.101187
0.101071
0.100958
0.100847
0.10074
0.100635
0.100534
0.100435
0.10034
0.100248
0.10016
0.100075
0.0999934
0.0999157
0.0998417
0.0997715
0.0997052
0.0996427
0.0995841
0.0995294
0.0994786
0.0994318
0.099389
0.09935
0.099315
0.0992839
0.0992566
0.0992331
0.0992134
0.0991974
0.099185
0.0991762
0.0991708
0.0991688
0.09917
0.0991744
0.0991818
0.0991921
0.0992051
0.0992208
0.099239
0.0992595
0.0992822
0.0993068
0.0993333
0.0993614
0.099391
0.0994219
0.0994538
0.0994867
0.0995202
0.0995542
0.0995885
0.0996228
0.099657
0.0996909
0.0997242
0.0997568
0.0997884
0.0998187
0.0998477
0.0998751
0.0999006
0.0999241
0.0999453
0.0999641
0.0999803
0.0999936
0.100004
0.100011
0.100015
0.100015
0.100011
0.100003
0.0999915
0.0999755
0.0999551
0.0999301
0.0999004
0.0998658
0.0998263
0.0997818
0.099732
0.0996769
0.0996165
0.0995506
0.0994791
0.099402
0.0993193
0.0992308
0.0991366
0.0990365
0.0989306
0.0988189
0.0987014
0.098578
0.0984488
0.0983138
0.0981731
0.0980266
0.0978745
0.0977168
0.0975536
0.097385
0.0972111
0.0970319
0.0968477
0.0966584
0.0964643
0.0962656
0.0960623
0.0958546
0.0956427
0.0954269
0.0952072
0.0949839
0.0947571
0.0945273
0.0942944
0.0940588
0.0938208
0.0935805
0.0933383
0.0930944
0.0928491
0.0926026
0.0923553
0.0921074
0.0918592
0.0916111
0.0913633
0.0911161
0.0908699
0.090625
0.0903817
0.0901403
0.0899011
0.0896645
0.0894308
0.0892003
0.0889732
0.0887501
0.0885311
0.0883165
0.0881067
0.087902
0.0877027
0.0875091
0.0873214
0.08714
0.086965
0.0867969
0.0866357
0.0864819
0.0863355
0.0861969
0.0860662
0.0859437
0.0858295
0.0857237
0.0856267
0.0855384
0.085459
0.0853887
0.0853275
0.0852756
0.0852329
0.0851996
0.0851756
0.085161
0.0851559
0.08516
0.0851736
0.0851964
0.0852284
0.0852696
0.0853198
0.085379
0.085447
0.0855236
0.0856088
0.0857023
0.0858039
0.0859135
0.0860308
0.0861557
0.0862878
0.086427
0.0865729
0.0867254
0.0868841
0.0870488
0.0872191
0.0873949
0.0875757
0.0877612
0.0879513
0.0881454
0.0883434
0.0885448
0.0887495
0.0889569
0.0891669
0.089379
0.089593
0.0898084
0.0900251
0.0902426
0.0904607
0.0906789
0.0908971
0.0911148
0.0913318
0.0915477
0.0917623
0.0919752
0.0921862
0.092395
0.0926012
0.0928047
0.0930051
0.0932022
0.0933957
0.0935854
0.0937711
0.0939525
0.0941294
0.0943015
0.0944688
0.0946309
0.0947877
0.094939
0.0950847
0.0952246
0.0953584
0.0954862
0.0956077
0.0957229
0.0958315
0.0959336
0.096029
0.0961176
0.0961994
0.0962743
0.0963423
0.0964032
0.0964571
0.096504
0.0965437
0.0965765
0.0966021
0.0966207
0.0966323
0.0966369
0.0966346
0.0966254
0.0966095
0.0965868
0.0965574
0.0965216
0.0964793
0.0964308
0.096376
0.0963153
0.0962486
0.0961763
0.0960984
0.0960152
0.0959268
0.0958334
0.0957352
0.0956325
0.0955255
0.0954144
0.0952995
0.095181
0.0950591
0.0949343
0.0948066
0.0946764
0.0945441
0.0944098
0.0942739
0.0941368
0.0939987
0.0938599
0.0937208
0.0935817
0.093443
0.093305
0.093168
0.0930324
0.0928985
0.0927667
0.0926374
0.0925108
0.0923873
0.0922673
0.0921512
0.0920392
0.0919318
0.0918291
0.0917317
0.0916398
0.0915538
0.0914738
0.0914004
0.0913337
0.0912741
0.0912218
0.0911771
0.0911402
0.0911115
0.0910911
0.0910793
0.0910763
0.0910822
0.0910972
0.0911216
0.0911553
0.0911987
0.0912517
0.0913144
0.091387
0.0914695
0.091562
0.0916643
0.0917766
0.0918988
0.0920309
0.0921728
0.0923244
0.0924856
0.0926564
0.0928365
0.0930258
0.0932242
0.0934315
0.0936474
0.0938717
0.0941042
0.0943446
0.0945926
0.094848
0.0951105
0.0953797
0.0956553
0.095937
0.0962244
0.0965172
0.096815
0.0971173
0.0974239
0.0977343
0.0980481
0.0983649
0.0986843
0.0990059
0.0993292
0.0996537
0.0999792
0.100305
0.100631
0.100957
0.101281
0.101604
0.101926
0.102245
0.102562
0.102876
0.103186
0.103493
0.103795
0.104092
0.104384
0.104671
0.104952
0.105226
0.105494
0.105755
0.106008
0.106254
0.106491
0.10672
0.10694
0.107151
0.107352
0.107544
0.107725
0.107897
0.108057
0.108207
0.108345
0.108473
0.108588
0.108692
0.108784
0.108863
0.10893
0.108985
0.109027
0.109056
0.109072
0.109074
0.109064
0.10904
0.109004
0.108953
0.108889
0.108812
0.108721
0.108617
0.108499
0.108367
0.108223
0.108065
0.107893
0.107708
0.107511
0.1073
0.107076
0.10684
0.106591
0.10633
0.106057
0.105772
0.105475
0.105166
0.104847
0.104516
0.104175
0.103824
0.103462
0.103091
0.102711
0.102321
0.101924
0.101518
0.101104
0.100683
0.100256
0.0998217
0.0993819
0.0989367
0.0984866
0.0980323
0.0975742
0.0971129
0.0966489
0.0961828
0.0957153
0.0952468
0.0947781
0.0943098
0.0938424
0.0933767
0.0929132
0.0924526
0.0919957
0.091543
0.0910952
0.090653
0.090217
0.089788
0.0893666
0.0889535
0.0885492
0.0881546
0.0877702
0.0873966
0.0870345
0.0866845
0.0863471
0.086023
0.0857128
0.0854168
0.0851358
0.08487
0.0846201
0.0843864
0.0841693
0.0839692
0.0837865
0.0836214
0.0834742
0.0833451
0.0832344
0.083142
0.0830683
0.0830132
0.0829768
0.082959
0.0829599
0.0829792
0.083017
0.0830729
0.0831468
0.0832385
0.0833476
0.0834739
0.0836169
0.0837764
0.0839518
0.0841428
0.0843488
0.0845693
0.0848039
0.085052
0.0853129
0.0855863
0.0858713
0.0861675
0.0864741
0.0867906
0.0871163
0.0874506
0.0877928
0.0881422
0.0884982
0.0888602
0.0892274
0.0895992
0.089975
0.0903541
0.0907359
0.0911197
0.091505
0.091891
0.0922773
0.0926632
0.0930481
0.0934315
0.0938128
0.0941914
0.094567
0.0949388
0.0953066
0.0956696
0.0960276
0.0963801
0.0967266
0.0970667
0.0974001
0.0977263
0.0980449
0.0983558
0.0986584
0.0989525
0.0992379
0.0995142
0.0997812
0.100039
0.100286
0.100524
0.100752
0.100969
0.101175
0.101372
0.101557
0.101732
0.101895
0.102048
0.10219
0.10232
0.10244
0.102548
0.102646
0.102732
0.102808
0.102872
0.102926
0.102969
0.103001
0.103023
0.103035
0.103036
0.103028
0.103009
0.102981
0.102944
0.102897
0.102842
0.102777
0.102704
0.102623
0.102535
0.102438
0.102334
0.102224
0.102106
0.101983
0.101853
0.101718
0.101577
0.101432
0.101282
0.101128
0.10097
0.100809
0.100645
0.100479
0.10031
0.10014
0.099968
0.0997954
0.0996224
0.0994492
0.0992764
0.0991044
0.0989335
0.0987642
0.0985968
0.0984318
0.0982695
0.0981104
0.0979547
0.097803
0.0976554
0.0975125
0.0973744
0.0972416
0.0971143
0.0969929
0.0968776
0.0967687
0.0966664
0.0965711
0.0964829
0.096402
0.0963286
0.0962628
0.096205
0.096155
0.0961132
0.0960794
0.096054
0.0960368
0.0960279
0.0960273
0.096035
0.096051
0.0960752
0.0961076
0.096148
0.0961963
0.0962524
0.0963162
0.0963874
0.096466
0.0965516
0.096644
0.0967431
0.0968485
0.0969599
0.0970772
0.0971999
0.0973277
0.0974604
0.0975976
0.0977389
0.0978839
0.0980324
0.0981838
0.0983379
0.0984942
0.0986523
0.0988117
0.0989722
0.0991333
0.0992945
0.0994554
0.0996156
0.0997746
0.0999321
0.100088
0.100241
0.100391
0.100538
0.100681
0.10082
0.100955
0.101084
0.101209
0.101327
0.101439
0.101545
0.101644
0.101735
0.101819
0.101895
0.101962
0.102021
0.10207
0.10211
0.10214
0.10216
0.10217
0.102169
0.102157
0.102134
0.102099
0.102053
0.101994
0.101923
0.10184
0.101744
0.101635
0.101513
0.101378
0.101229
0.101067
0.100891
0.100701
0.100497
0.100279
0.100047
0.0998001
0.099539
0.0992636
0.0989736
0.098669
0.0983499
0.0980162
0.0976679
0.097305
0.0969275
0.0965356
0.0961292
0.0957083
0.0952732
0.0948238
0.0943603
0.0938827
0.0933913
0.0928862
0.0923675
0.0918354
0.0912901
0.0907318
0.0901608
0.0895772
0.0889813
0.0883734
0.0877538
0.0871227
0.0864806
0.0858277
0.0851644
0.0844911
0.0838081
0.0831159
0.0824149
0.0817056
0.0809884
0.0802638
0.0795324
0.0787946
0.0780511
0.0773025
0.0765492
0.0757921
0.0750317
0.0742687
0.0735039
0.072738
0.0719717
0.0712059
0.0704413
0.0696789
0.0689195
0.0681641
0.0674135
0.0666689
0.0659311
0.0652012
0.0644803
0.0637695
0.06307
0.0623828
0.0617091
0.0610502
0.0604073
