
Dual Residual: 
1
4802.29
1137.45
759.243
397.33
242.718
235.134
257.6
256.911
210.367
131.371
64.5828
73.2724
97.9699
97.9911
79.2952
58.2834
50.2867
52.6819
52.957
47.52
39.6204
34.0375
32.2715
31.8089
30.6105
28.9716
28.0902
28.2692
28.6781
28.4655
27.467
26.106
24.9648
24.3996
24.4206
24.8354
25.4247
26.0063
26.4298
26.5797
26.3963
25.8936
25.1555
24.3119
23.5028
22.8415
22.387
22.1373
22.0453
22.0468
22.0878
22.139
22.1965
22.2718
22.3767
22.5116
22.6585
22.7829
22.8417
22.7934
22.6081
22.2739
21.8001
21.2164
20.5697
19.9179
19.3226
18.8405
18.5154
18.3723
18.4157
18.6318
18.9937
19.4674
20.0159
20.6014
21.1869
21.7359
22.2131
22.5854
22.8238
22.9054
22.8144
22.544
22.0964
21.4822
20.7197
19.833
18.8512
17.8067
16.7356
15.6785
14.6824
13.802
13.0999
12.6413
12.4818
12.6518
13.1442
13.9159
14.9005
16.0233
17.2125
18.4046
19.5464
20.5948
21.516
22.285
22.8842
23.3029
23.5357
23.5824
23.4467
23.1356
22.6591
22.0296
21.262
20.3732
19.3826
18.3119
17.1855
16.031
14.8793
13.7655
12.7286
11.8116
11.0586
10.5102
10.1957
10.1255
10.287
10.648
11.166
11.7967
12.5001
13.2434
14.0006
14.7519
15.4825
16.1812
16.8392
17.4495
18.0062
18.5037
18.9365
19.2993
19.5864
19.7919
19.9101
19.9351
19.8613
19.6838
19.3982
19.0013
18.4908
17.8661
17.1278
16.2788
15.3238
14.2701
13.1278
11.9109
10.6386
9.33761
8.04768
6.83068
5.78698
5.07045
4.856
5.21093
6.02019
7.10068
8.3138
9.57388
10.8241
12.0252
13.1491
14.1754
15.0889
15.8782
16.5345
17.0519
17.4267
17.6574
17.7447
17.6911
17.5013
17.1817
16.7407
16.188
15.5352
14.7954
13.9833
13.1155
12.2109
11.2905
10.3789
9.50404
8.69853
7.99911
7.44459
7.07029
6.89888
6.93169
7.1467
7.50548
7.96426
8.48249
9.02668
9.57092
10.0959
10.5874
11.0355
11.4332
11.7759
12.0608
12.2866
12.453
12.5608
12.6114
12.6069
12.55
12.444
12.2923
12.0992
11.8691
11.607
11.3184
11.0091
10.6856
10.3549
10.0243
9.70143
9.39434
9.11083
8.85828
8.64316
8.47053
8.34347
8.26277
8.2267
8.23109
8.26971
8.33472
8.41733
8.50839
8.59894
8.68061
8.746
8.78886
8.80427
8.78875
8.74031
8.65852
8.54452
8.40104
8.23242
8.04457
7.84491
7.64222
7.44637
7.26785
7.11717
7.00395
6.93595
6.91808
6.95176
7.03458
7.16071
7.32153
7.50663
7.70476
7.90463
8.09548
8.2675
8.41198
8.52151
8.58993
8.61239
8.5853
8.50629
8.3742
8.189
7.95179
7.66479
7.33135
6.95605
6.54476
6.10486
5.64552
5.17817
4.71721
4.28085
3.8919
3.57758
3.36636
3.28049
3.32625
3.49024
3.74607
4.06536
4.42377
4.80146
5.1823
5.55345
5.90496
6.22934
6.52105
6.77615
6.99195
7.16687
7.30017
7.39186
7.44253
7.45322
7.42534
7.36052
7.26053
7.12733
6.96299
6.76976
6.54999
6.3062
6.04103
5.75731
5.45818
5.14715
4.82836
4.50681
4.18869
3.88178
3.59589
3.34313
3.13767
2.99445
2.92639
2.94057
3.03552
3.20141
3.42316
3.68396
3.96795
4.26153
4.55371
4.83594
5.10165
5.34575
5.56429
5.75422
5.91324
6.03968
6.13253
6.19133
6.2162
6.20784
6.16751
6.09701
5.99868
5.87532
5.73022
5.56708
5.38998
5.20337
5.012
4.8208
4.6348
4.45888
4.29763
4.15496
4.03394
3.93644
3.86304
3.81302
3.78447
3.77456
3.77999
3.79723
3.82293
3.85412
3.88835
3.9238
3.95927
3.99415
4.02839
4.0624
4.09691
4.1329
4.17147
4.21366
4.26039
4.31233
4.36979
4.43271
4.50061
4.57257
4.64732
4.72325
4.79848
4.87098
4.93858
4.99912
5.05043
5.09048
5.11734
5.12929
5.12481
5.10261
5.06168
5.00126
4.92088
4.82039
4.69995
4.56008
4.4017
4.22615
4.0353
3.83163
3.61836
3.39967
3.1809
2.96884
2.77202
2.60076
2.46674
2.38167
2.3548
2.39025
2.48566
2.6332
2.82218
3.04138
3.2803
3.52972
3.7818
4.03003
4.26894
4.49396
4.70114
4.88709
5.04881
5.18369
5.28949
5.36432
5.40663
5.41525
5.38935
5.32849
5.23256
5.10181
4.93682
4.73852
4.5082
4.24748
3.95831
3.64303
3.30431
2.94534
2.5699
2.18286
1.7913
1.4076
1.05941
0.81936
0.827194
1.12363
1.53481
1.73444
1.9627
2.29866
2.6551
3.00342
3.33829
3.652
3.93908
4.19642
4.4215
4.61217
4.76694
4.88498
4.96594
5.0098
5.01686
4.98787
4.92398
4.82673
4.69783
4.53921
4.35291
4.14116
3.90635
3.65116
3.37863
3.09229
2.7963
2.49573
2.19698
1.90868
1.64311
1.41836
1.25978
1.19473
1.23494
1.36111
1.53655
1.73989
1.96634
2.20569
2.44483
2.67432
2.88855
3.08444
3.26035
3.41536
3.54893
3.66066
3.75032
3.81782
3.86329
3.887
3.88944
3.87125
3.83326
3.77644
3.70191
3.61092
3.5049
3.38542
3.25427
3.11342
2.96504
2.81156
2.65573
2.50062
2.34974
2.20703
2.07679
1.96355
1.8717
1.80492
1.76551
1.75379
1.76801
1.80464
1.85927
1.92724
2.00421
2.08634
2.17032
2.25344
2.3335
2.40877
2.47794
2.54006
2.59443
2.64063
2.67844
2.70782
2.72889
2.74193
2.74732
2.74556
2.73721
2.72288
2.70322
2.67884
2.65034
2.61823
2.58298
2.54491
2.50428
2.46123
2.41579
2.36794
2.31758
2.2646
2.20887
2.15035
2.08904
2.02509
1.95881
1.8907
1.82152
1.75226
1.68423
1.61903
1.55855
1.50495
1.46052
1.4275
1.40786
1.40302
1.41358
1.43924
1.47879
1.53033
1.59144
1.65946
1.73174
1.80573
1.87918
1.95011
2.01686
2.07802
2.13238
2.17892
2.21676
2.24516
2.26346
2.27116
2.26783
2.25321
2.22716
2.18967
2.1409
2.08111
2.01066
1.93
1.83966
1.7403
1.63271
1.51789
1.3971
1.27192
1.14452
1.01791
0.896567
0.787359
0.700649
0.649606
0.643145
0.671756
0.703703
0.717542
0.739032
0.79885
0.890832
0.993377
1.1
1.21196
1.32429
1.43176
1.53084
1.61929
1.69569
1.75915
1.80914
1.84547
1.86822
1.87777
1.87474
1.85991
1.83415
1.7984
1.75356
1.70056
1.64027
1.57354
1.50116
1.42389
1.34248
1.25767
1.17024
1.08114
0.991528
0.902993
0.817856
0.739606
0.673428
0.626314
0.605476
0.613781
0.645084
0.688027
0.739032
0.803374
0.881087
0.965852
1.05202
1.13566
1.21396
1.28561
1.35023
1.40789
1.45876
1.50291
1.54033
1.57097
1.59477
1.61172
1.6219
1.62544
1.62252
1.61336
1.59821
1.57733
1.55105
1.51974
1.48386
1.44394
1.40063
1.35462
1.30665
1.25749
1.20788
1.15851
1.10998
1.06282
1.01747
0.974365
0.933953
0.896744
0.863348
0.834487
0.810972
0.79365
0.783334
0.780727
0.786381
0.800665
0.823745
0.855514
0.895501
0.942793
0.996034
1.05352
1.11335
1.1736
1.2325
1.28848
1.34023
1.3867
1.42708
1.46076
1.48732
1.50647
1.51803
1.5219
1.51808
1.50657
1.48744
1.46077
1.42667
1.38531
1.33686
1.28155
1.21968
1.15162
1.07784
0.998956
0.91581
0.829598
0.742137
0.656394
