
Dual Residual: 
1
4266.93
1041.41
682.493
346.738
245.406
235.228
224.309
213.407
182.925
129.191
75.2298
59.0673
73.27
80.1929
74.6749
63.5394
54.3812
49.9574
47.3391
43.0263
36.1397
28.0164
21.2946
18.8298
20.6152
23.7613
26.288
27.5291
27.3652
25.8713
23.276
20.0589
17.0992
15.654
16.5389
19.158
22.279
25.0104
26.89
27.7336
27.5283
26.3755
24.4611
22.0393
19.42
16.9485
14.9555
13.6546
13.0241
12.8061
12.6596
12.3163
11.6435
10.6477
9.47019
8.39019
7.79547
7.99488
8.94746
10.3268
11.8006
13.1496
14.2577
15.0839
15.6393
15.968
16.1283
16.1736
16.1364
16.0198
15.7988
15.4294
14.8624
14.0569
12.99
11.6619
10.0972
8.3449
6.4807
4.6246
3.03343
2.40328
3.23766
4.69227
6.15271
7.45065
8.67107
9.77025
10.7253
11.5279
12.1773
12.6744
13.0196
13.2113
13.2465
13.1226
12.839
12.3985
11.8074
11.0761
10.2186
9.25279
8.19905
7.08032
5.92274
4.75983
3.64546
2.69355
2.1668
2.37469
3.16831
4.20071
5.27697
6.33447
7.31728
8.19855
8.95889
9.5875
10.0782
10.4275
10.6344
10.7001
10.6279
10.4235
10.0953
9.65367
9.1104
8.4783
7.77126
7.00457
6.19565
5.36571
4.54302
3.76974
3.11417
2.68283
2.59008
2.85026
3.34804
3.95367
4.5976
5.24445
5.86397
6.43244
6.93316
7.35469
7.68903
7.93043
8.07493
8.12016
8.06543
7.91173
7.66174
7.31981
6.89208
6.38656
5.81316
5.18396
4.51369
3.82111
3.13246
2.49003
1.97171
1.71139
1.82172
2.235
2.78887
3.37244
3.94175
4.46695
4.93239
5.32844
5.64983
5.89346
6.05719
6.13969
6.1404
6.05992
5.90033
5.66546
5.36058
4.99201
4.56713
4.09468
3.58513
3.05162
2.51229
1.99594
1.55619
1.29428
1.3231
1.61247
2.00603
2.3883
2.78372
3.18859
3.57307
3.91558
4.20415
4.43213
4.59589
4.69364
4.72484
4.69022
4.59192
4.43318
4.21801
3.95108
3.6379
3.2846
2.89808
2.48625
2.05863
1.6282
1.21734
0.878386
0.740728
0.924853
1.33372
1.74318
2.06195
2.40688
2.72732
3.0102
3.24569
3.43266
3.57321
3.66883
3.71988
3.72556
3.68512
3.59897
3.46904
3.29868
3.09229
2.85511
2.59333
2.31469
2.0294
1.75172
1.50275
1.31325
1.22031
1.24653
1.37559
1.56357
1.77799
2.00965
2.24944
2.48351
2.69958
2.88879
3.04519
3.16481
3.24503
3.28424
3.28187
3.23832
3.15495
3.03386
2.87779
2.69011
2.47496
2.23746
1.98408
1.72336
1.46737
1.23461
1.05432
0.966382
1.00028
1.14288
1.34698
1.57373
1.80807
2.03597
2.24512
2.4276
2.5791
2.69774
2.78268
2.83337
2.84935
2.83038
2.77672
2.68939
2.57019
2.42178
2.24753
2.05162
1.83922
1.61701
1.39416
1.18427
1.00841
0.896966
0.879456
0.957256
1.09438
1.2513
1.42072
1.604
1.79098
1.96996
2.13243
2.27303
2.3885
2.47683
2.53672
2.56741
2.56875
2.54121
2.48574
2.40368
2.29656
2.16622
2.01476
1.84469
1.65888
1.46076
1.25451
1.04579
0.843553
0.664989
