
Dual Residual: 
1
5575.95
1391.36
923.441
477.246
327.13
319.161
312.708
290.295
236.485
160.351
104.014
104.383
119.24
115.56
95.5971
72.1115
56.7414
51.5624
50.2081
48.9678
48.1162
47.6286
45.9445
41.601
34.4182
25.4695
16.8903
12.6433
15.4983
20.9456
25.6143
28.5456
29.6736
29.2755
27.8705
26.1023
24.5635
23.5963
23.1867
23.0517
22.8466
22.3281
21.4177
20.193
18.8341
17.5371
16.4104
15.4097
14.3626
13.0703
11.4194
9.47028
7.57046
6.52656
7.21641
9.33714
11.9849
14.5704
16.7784
18.461
19.5708
20.1246
20.1867
19.8505
19.2211
18.3977
17.4589
16.4544
15.4044
14.3059
13.1434
11.9004
10.5688
9.15482
7.6845
6.2149
4.8648
3.88638
3.68101
4.38092
5.61649
7.00486
8.40249
9.76122
11.009
12.0895
12.9669
13.6212
14.0432
14.2331
14.1983
13.952
13.5118
12.8967
12.1259
11.2183
10.1912
9.06087
7.843
6.55497
5.2197
3.87586
2.61585
1.7573
1.99445
3.11604
4.5275
5.80585
7.05723
8.17309
9.14608
9.94937
10.5746
11.0179
11.2774
11.3542
11.2526
10.9799
10.5466
9.96759
9.25956
8.43968
7.52686
6.54205
5.50946
4.45999
3.44145
2.54906
1.99933
2.08687
2.73066
3.56633
4.32981
5.10156
5.87727
6.6011
7.23575
7.76274
8.17136
8.45501
8.61027
8.63653
8.53612
8.31417
7.9777
7.53503
6.99651
6.37395
5.68033
4.92989
4.13884
3.32755
2.52721
1.80275
1.32886
1.41147
2.00601
2.80205
3.50583
4.21185
4.85615
5.42413
5.90029
6.27946
6.56148
6.74533
6.83048
6.81701
6.70603
6.50041
6.20529
5.82786
5.37644
4.86063
4.29206
3.68521
3.05948
2.44439
1.89352
1.51434
1.46314
1.76231
2.2313
2.67673
3.11601
3.58279
4.0374
4.44758
4.79626
5.07416
5.27558
5.39734
5.43819
5.39878
5.28152
5.09013
4.82908
4.50386
4.12114
3.68837
3.21376
2.70651
2.17753
1.6421
1.13064
0.741732
0.759647
1.24606
1.99699
2.35168
2.76437
3.15943
3.5204
3.82743
4.06892
4.24827
4.36521
4.41994
4.41232
4.34252
4.21213
4.02431
3.78359
3.49538
3.16581
2.80232
2.41452
2.01594
1.62822
1.29118
1.07975
1.08515
1.30221
1.60367
1.86866
2.1438
2.45014
2.75451
3.03186
3.26964
3.46096
3.60176
3.68981
3.72433
3.70595
3.63661
3.51919
3.3571
3.15421
2.91498
2.64444
2.34827
2.03296
1.70643
1.37976
1.07195
0.82358
0.719373
0.838899
1.13087
1.42598
1.65616
1.91503
2.1578
2.36971
2.54204
2.6718
2.76068
2.80976
2.81985
2.79159
2.72599
2.62486
2.4909
2.32752
2.13868
1.92901
1.70429
1.47229
1.24449
1.03934
0.887066
0.827455
0.880257
1.0091
1.14443
1.27229
1.42721
1.60258
1.77733
1.93796
2.07621
2.18678
2.26664
2.31423
2.32927
2.31258
2.26585
2.19138
2.0918
1.96999
1.82915
1.67286
1.50521
1.33113
1.157
0.991897
0.84969
0.751264
0.721021
0.769042
0.872951
0.992975
1.11539
1.24319
1.36639
1.47481
1.56206
1.62504
1.66324
1.67715
1.6675
1.63516
1.58124
1.50733
1.41556
1.30865
1.18994
1.06361
0.935341
0.81339
0.710255
0.643403
0.629442
0.667388
0.727894
0.779366
0.83358
0.914256
1.0153
1.12191
1.22574
1.32058
1.40114
1.46412
1.50766
1.5312
1.53526
1.52114
1.49059
1.44562
1.3883
1.3208
1.24542
1.16464
1.08127
0.998549
0.920293
0.850923
0.795288
0.757965
0.741916
0.747028
0.769802
0.804908
0.847198
0.892203
0.935641
0.973455
1.00227
1.01972
1.02443
1.01589
0.99421
0.959969
0.914132
0.858081
0.793694
0.723532
0.651173
