
Dual Residual: 
1
420292
101483
70864.9
39121.1
20166.9
22029.3
25895.9
22847.4
15673.4
9054.77
7646.02
9071.83
9041.7
7438.59
5545.48
4557.9
4362.79
4088.74
3511.75
2986.23
2847.15
2928.93
2891.71
2629.53
2249.32
1937.38
1812.04
1831.65
1883.91
1899.6
1857.28
1753.39
1588.54
1369.9
1117.85
872.516
701.393
676.354
781.865
931.78
1065.51
1156.76
1198.23
1192.75
1148.2
1074.89
984.488
890.23
807.527
752.458
735.806
755.579
797.125
841.15
872.673
882.245
866.776
828.804
775.51
717.353
665.898
630.359
613.773
611.682
615.004
614.597
604.3
581.894
548.892
509.891
471.644
441.555
425.281
424.169
434.627
450.23
464.549
472.809
472.335
462.415
444.018
419.513
392.397
366.905
347.319
336.852
336.949
345.433
358.637
372.72
384.518
391.906
393.794
389.975
380.942
367.692
351.527
333.837
315.893
298.678
282.784
268.414
255.489
243.821
233.291
223.963
216.084
209.971
205.832
203.574
202.729
202.503
201.945
200.153
196.445
190.477
182.316
172.476
161.936
152.109
144.699
141.348
143.077
149.864
160.722
174.208
188.893
203.601
217.465
229.895
240.52
249.129
255.621
259.968
262.195
262.363
260.57
256.945
251.663
244.938
237.035
228.253
218.922
209.38
199.95
190.907
182.46
174.724
167.719
161.383
155.589
150.19
145.05
140.076
135.239
130.579
126.199
122.246
118.883
116.255
114.458
113.514
113.363
113.875
114.872
116.153
117.524
118.813
119.887
120.655
121.072
121.138
120.9
120.441
119.88
119.362
119.043
119.074
119.584
120.663
122.35
124.625
127.414
130.602
134.048
137.601
141.116
144.464
147.541
150.273
152.613
154.546
156.076
157.231
158.05
158.578
158.858
158.928
158.814
158.524
158.048
157.359
156.414
155.157
153.525
151.449
148.866
145.717
141.957
137.554
132.494
126.785
120.453
113.55
106.147
98.3428
90.2613
82.0583
73.9288
66.1201
58.9491
52.8188
48.2077
45.5896
45.2564
47.1495
50.8731
55.8818
61.6663
67.8413
74.1482
80.4223
86.5584
92.4878
98.1641
103.554
108.632
113.377
117.767
121.785
125.411
128.627
131.418
133.771
135.677
137.132
138.139
138.706
138.848
138.586
137.948
136.965
135.674
134.112
132.317
130.327
128.177
125.899
123.52
121.061
118.538
115.962
113.338
110.669
107.952
105.186
102.367
99.4942
96.5667
93.5876
90.5631
87.5029
84.4212
81.3361
78.2698
75.2496
72.3071
69.4797
66.8104
64.349
62.152
60.2819
58.8058
57.7918
57.3034
57.3928
58.0942
59.418
61.3491
63.8482
66.8563
70.3008
74.1013
78.1751
82.4403
86.818
91.2341
95.6192
99.9093
104.046
107.975
111.649
115.026
118.068
120.743
123.024
124.889
126.32
127.305
127.836
127.908
127.52
126.677
125.385
123.653
121.493
118.92
115.951
112.602
108.896
104.855
100.504
95.8713
90.9867
85.884
80.6011
75.1805
69.6714
64.1315
58.6311
53.2573
48.1218
43.3697
39.1891
35.8128
33.4958
32.4521
32.7628
34.3262
36.9052
40.2292
44.0646
48.2285
52.5794
57.0081
61.431
65.7842
70.0189
74.0969
77.9888
81.6721
85.1301
88.3509
91.3266
94.0527
96.5273
98.7506
100.725
102.452
103.938
105.185
106.201
106.989
107.554
107.903
108.038
107.965
107.685
107.202
106.516
105.627
104.536
103.239
101.735
100.021
98.0944
95.9514
93.5898
91.0078
88.2046
85.181
81.9396
78.4852
74.8254
70.9709
66.9362
62.7405
58.4088
53.974
49.4792
44.9828
40.5648
36.3377
32.4614
29.1592
26.7201
25.452
25.5608
27.0246
29.6048
32.9942
36.9401
41.2593
45.8099
50.4789
55.1778
59.8367
64.3992
68.8187
73.0558
77.0773
80.8557
84.3683
87.5964
90.5253
93.1433
95.4418
97.4144
99.0569
100.367
101.344
101.988
102.3
102.285
101.945
101.287
100.315
99.038
97.4637
95.6014
93.4615
91.0558
88.3971
85.4993
82.3775
79.0482
75.5287
71.8378
67.996
64.0255
59.951
55.8004
51.6061
47.4066
43.2492
39.1942
35.3206
31.7343
28.5768
26.0296
24.2995
23.5673
23.9066
25.2352
27.3534
30.0374
33.1037
36.4182
39.8829
43.4255
46.9918
50.541
54.0409
57.4653
60.7922
64.0024
67.0794
70.0088
72.7776
75.3747
77.7896
80.0133
82.0376
83.855
85.4592
86.8443
88.0055
88.9384
89.6393
90.1053
90.3338
90.3225
90.07
89.5749
88.8362
87.8537
86.6273
85.1574
83.4452
81.4927
79.3026
76.8785
74.2251
71.3482
68.2548
64.9529
61.4521
57.7632
53.8986
49.8722
45.7002
41.4009
36.9962
32.5129
27.9865
23.4693
19.0496
14.9034
11.4375
9.56985
10.4206
13.7217
17.8872
21.5124
25.449
29.6669
33.9209
38.1412
42.2817
46.3234
50.2441
54.0159
57.6142
61.0209
64.2238
67.214
69.984
72.5268
74.836
76.9054
78.7292
80.302
81.6185
82.6746
83.467
83.9943
84.2564
84.2549
83.993
83.4753
82.7079
81.6978
80.453
78.9822
77.2952
75.4023
73.3147
71.0437
68.6009
65.998
63.2468
60.3592
57.3474
54.2244
51.0042
47.7023
44.3365
40.9283
37.5036
34.0958
30.749
27.5242
24.5072
21.8211
19.6356
18.1607
17.5946
18.0244
19.3602
21.3892
23.8968
26.7278
29.7716
32.9434
36.179
39.4304
42.6606
45.8397
48.9421
51.9462
54.8336
57.5891
60.2001
62.6556
64.9461
67.0624
68.9962
70.7391
72.283
73.6205
74.7442
75.6477
76.3255
76.7731
76.9869
76.9647
76.7054
76.2089
75.4767
74.511
73.3147
71.8912
70.2452
68.3826
66.3101
64.0355
61.5673
58.915
56.0889
53.1002
49.9608
46.6836
43.2827
39.7734
36.1727
32.5002
28.7794
25.0408
21.328
17.7118
14.3236
11.4357
9.60371
9.58822
11.516
14.4434
17.1645
19.886
23.0034
26.3097
29.6642
33.0055
36.3051
39.5358
42.6677
45.673
48.5305
51.2263
53.752
56.103
58.2769
60.2725
62.0893
63.7268
65.1842
66.4598
67.5511
68.4552
69.1688
69.6886
70.0115
70.1352
70.0576
69.7779
69.2957
68.6121
67.7284
66.6472
65.3717
63.9059
62.2548
60.4238
58.4189
56.2467
53.9142
51.4288
48.7988
46.0328
43.1406
40.1328
37.0215
33.8202
30.5449
27.2151
23.8562
20.5051
17.221
14.1123
11.3996
9.53353
9.19708
10.6799
13.2755
15.7637
17.9969
20.5609
23.4121
26.3835
29.3799
32.3722
35.3367
38.2439
41.0634
43.7693
46.3424
48.7692
51.0404
53.1491
55.0902
56.8595
58.4532
59.8678
61.0998
62.146
63.0037
63.6708
64.1458
64.428
64.5176
64.4153
64.1225
63.6412
62.974
62.1234
61.0924
59.8844
58.5033
56.954
55.2414
53.3711
51.3491
49.1815
46.8752
44.4372
41.8756
39.1988
36.4163
33.5388
30.5782
27.5482
24.4656
21.3517
18.2368
15.17
12.2439
9.66018
7.87874
7.67911
9.39975
12.19
14.461
16.3444
18.7002
21.3169
24.0249
26.7447
29.4627
32.159
34.805
37.3721
39.8376
42.1855
44.4049
46.4882
48.4294
50.224
51.8682
53.3584
54.6911
55.8623
56.8683
57.705
58.3691
58.8575
59.1681
59.2991
59.2499
59.0207
58.6126
58.0275
57.2682
56.3376
55.2395
53.9784
52.5593
50.9878
49.2695
47.4104
45.4163
43.2935
41.0481
38.6869
36.217
33.646
30.9825
28.2357
25.4165
22.5374
19.6142
16.6695
13.7401
10.8994
8.32631
6.50977
6.45335
8.63606
11.9803
13.9683
15.306
17.4024
19.7932
22.3027
24.8144
27.3297
29.8308
32.2843
34.6577
36.9279
39.0808
41.1092
43.0092
44.7782
46.4138
47.9133
49.2732
50.489
51.5555
52.4677
53.2208
53.8109
54.2357
54.4936
54.5846
54.5091
54.2689
53.8662
53.304
52.5854
51.7134
50.6915
49.5238
48.2149
46.7697
45.1932
43.4905
41.6667
39.7272
37.6775
35.5236
33.2722
30.9305
28.5067
26.0099
23.4507
20.8417
18.1989
15.5451
12.9173
10.3871
8.11884
6.51982
6.35997
8.04096
10.7239
12.5296
13.7766
15.664
17.8405
20.1293
22.4412
24.7699
27.0916
29.3722
31.5803
33.6928
35.6954
37.58
39.3424
40.9809
42.4946
43.883
45.1453
46.2797
47.2831
48.1516
48.8807
49.4661
49.9033
50.189
50.3202
50.2951
50.1127
49.7736
49.279
48.631
47.8324
46.8868
45.7984
44.5724
43.2145
41.7303
40.1259
38.4072
36.5801
34.6508
32.6256
30.5112
28.3149
26.0448
23.7099
21.3208
18.8903
16.4357
13.9828
11.5763
9.30736
7.38728
6.29413
6.69272
8.59316
10.8746
12.1468
13.3612
15.0739
17.0451
19.0937
21.1597
23.2437
25.3239
27.3693
29.3513
31.2489
33.0485
34.7428
36.3276
37.801
39.1616
40.4083
41.5392
42.552
43.4435
44.21
44.8483
45.355
45.728
45.9653
46.066
46.0296
45.8564
45.5472
45.1031
44.5258
43.8168
42.978
42.0122
40.9225
39.7122
38.3852
36.9453
35.3966
33.7432
31.9898
30.1413
28.2031
26.1813
24.0825
21.914
19.684
17.4019
15.0795
12.7333
10.392
8.11932
6.09353
4.86268
5.46553
8.06615
11.0859
11.4414
12.0178
13.4396
15.1957
17.0668
18.9655
20.9174
22.8819
24.8155
26.6868
28.4755
30.1692
31.7607
33.2462
34.6244
35.8956
37.0601
38.118
39.0683
39.9086
40.6358
41.2463
41.7365
42.1029
42.3428
42.454
42.435
42.2855
42.006
41.5976
41.0622
40.402
39.6201
38.7201
37.7059
36.5818
35.3521
34.021
32.5927
31.0711
29.4604
27.7649
25.9893
24.139
22.2197
20.2383
18.2024
16.1216
14.0084
11.8818
9.77608
7.7663
6.04627
5.11541
5.72193
7.85038
10.1067
10.7011
11.4081
12.7165
14.3317
16.0242
17.7333
19.4792
21.2384
22.9766
24.665
26.2839
27.8209
29.2692
30.6254
31.8878
33.0555
34.1274
35.1017
35.9758
36.7462
37.4093
37.9615
38.3999
38.7222
38.927
39.0136
38.9819
38.8325
38.5667
38.1862
37.6927
37.0879
36.3739
35.5533
34.629
33.6043
32.4825
31.2668
29.9604
28.5667
27.0893
25.5318
23.8985
22.1942
20.4242
18.5944
16.7115
14.7836
12.8206
10.8374
8.86074
6.95188
5.28486
4.3749
5.09173
7.46511
9.87385
9.89305
10.381
11.5368
12.985
14.5233
16.0988
17.7311
19.379
21.0023
22.5736
24.0752
25.4962
26.8309
28.0768
29.2339
30.3034
31.2866
32.1837
32.9938
33.7142
34.3417
34.8723
35.302
35.6272
35.8448
35.9525
35.9486
35.8329
35.6055
35.2678
34.8213
34.2682
33.6111
32.8534
31.9986
31.0507
30.0134
28.8904
27.6853
26.4013
25.0419
23.6105
22.1112
20.5483
18.9267
17.2522
15.5316
13.7735
11.9897
10.1985
8.43403
6.77156
5.39878
4.75558
5.39917
7.19743
8.86816
9.24666
9.82644
10.9007
12.244
13.6449
15.0692
16.534
18.0159
19.4832
20.9098
22.2776
23.575
24.796
25.9376
26.9993
27.981
28.8826
29.7033
30.4411
31.0934
31.6568
32.1282
32.5045
32.7834
32.9631
33.0428
33.0219
32.9007
32.6803
32.3618
31.9466
31.4362
30.8324
30.1375
29.3542
28.4856
27.5344
26.5038
25.3965
24.2154
22.9637
21.6447
20.262
18.8199
17.323
15.777
14.1884
12.5651
10.9182
9.26493
7.63783
6.1106
4.87275
4.37082
5.12967
6.93314
8.35996
8.44485
8.93761
9.9056
11.1251
12.3831
13.6792
15.0253
16.3895
17.7397
19.0526
20.3115
21.5053
22.6279
23.6766
24.6514
25.5534
26.384
27.1436
27.8316
28.4461
28.9841
29.4422
29.8167
30.1044
30.3021
30.4075
30.4189
30.3357
30.1577
29.8857
29.5204
29.0634
28.5168
27.883
27.1652
26.3663
25.4896
24.5383
23.5151
22.4231
21.265
20.0439
18.763
17.4261
16.0373
14.6017
13.1251
11.615
10.0825
8.54545
7.0397
5.64856
4.58465
4.3057
5.22428
6.95487
8.03518
8.06158
8.53968
9.43255
10.5657
11.7086
12.8814
14.097
15.3316
16.5553
17.7458
18.8875
19.9702
20.9887
21.9409
22.8263
23.6457
24.3991
25.0861
25.7051
26.2537
26.7292
27.1286
27.4492
27.6889
27.846
27.9196
27.9092
27.8149
27.6375
27.3779
27.0371
26.616
26.1162
25.5393
24.8875
24.1631
23.3684
22.5055
21.5766
20.584
19.5299
18.417
17.2482
16.0269
14.757
13.4433
12.0913
10.7081
9.30379
7.89486
6.514
5.23776
4.26261
4.01482
4.88395
6.5022
7.43682
7.3352
7.72859
8.51801
9.54035
10.5682
11.6372
12.7562
13.8954
15.0257
16.1268
17.1835
18.1855
19.127
20.006
20.823
21.5795
22.2772
22.9169
23.4983
24.0194
24.4778
24.8701
25.1928
25.4428
25.6171
25.7135
25.7305
25.6673
25.5241
25.3013
24.9997
24.6204
24.1651
23.636
23.0355
22.3664
21.6312
20.8324
19.9724
19.0534
18.0776
17.0473
15.9651
14.8341
13.6577
12.4401
11.1865
9.90372
8.60207
7.29932
6.03187
4.88566
4.07327
4.00297
4.9415
6.39713
7.05219
6.99577
7.38642
8.12951
9.07307
10.0075
10.974
11.9831
13.0131
14.0371
15.0353
15.9935
16.9023
17.7567
18.5549
19.2969
19.9837
20.6159
21.1933
21.7148
22.1783
22.5813
22.9211
23.1952
23.4015
23.5383
23.6045
23.5998
23.5242
23.3783
23.163
22.8791
22.5274
22.1092
21.6259
21.0794
20.4717
19.8045
19.0798
18.2993
17.4646
16.5777
15.6406
14.6557
13.6257
12.5541
11.445
10.3034
9.1362
7.95341
6.77234
5.62792
4.60068
3.8828
3.82746
4.65365
5.90739
6.43781
6.3549
6.68685
7.3457
8.1877
9.02054
9.89307
10.8132
11.7563
12.6973
13.618
14.5043
15.3463
16.1382
16.8782
17.5666
18.2052
18.7956
19.3387
19.8341
20.2803
20.6749
21.0147
21.2964
21.5169
21.6733
21.7634
21.7857
21.7396
21.6251
21.4424
21.1923
20.8754
20.4934
20.0482
19.5419
18.9769
18.3554
17.6797
16.9518
16.1737
15.3471
14.4743
13.5573
12.5988
11.602
10.5707
9.51003
8.42694
7.33253
6.24672
5.21055
4.31717
3.7719
3.88572
4.74058
5.78367
6.10974
6.1188
6.475
7.11549
7.88383
8.63829
9.42217
10.2454
11.0896
11.9322
12.7564
13.5495
14.303
15.0125
15.6763
16.2945
16.8681
17.3977
17.8832
18.3239
18.7178
19.0626
19.3558
19.595
19.7778
19.9025
19.9679
19.9733
19.9187
19.8044
19.6309
19.3987
19.1085
18.7609
18.3573
17.8991
17.3879
16.8253
16.2129
15.5522
14.8446
14.0917
13.2953
12.4574
11.5806
10.6677
9.72267
8.75025
7.75718
6.75402
5.75977
4.81378
4.00545
3.52997
3.67308
4.48715
5.41251
5.60863
5.55557
5.85986
6.43731
7.13023
7.80244
8.51147
9.26407
10.0385
10.8135
11.5735
12.3059
13.0017
13.6561
14.2676
14.837
15.3663
15.8572
16.3107
16.7267
17.1037
17.4395
17.7312
17.9756
18.1695
18.3103
18.3957
18.4244
18.3955
18.3089
18.1648
17.9634
17.7053
17.3912
17.0229
16.6019
16.1301
15.6093
15.0413
14.4278
13.7702
13.0701
12.3292
11.5493
10.7328
9.88225
9.00132
8.0947
7.16927
6.23634
5.31713
4.45641
3.75475
3.41633
3.68587
4.50996
5.26686
5.34702
5.34775
5.65891
6.21892
6.85134
7.46221
8.09984
8.77596
9.47256
10.1698
10.8528
11.5103
12.1348
12.7222
13.2713
13.7825
14.257
14.6957
15.0989
15.466
15.7955
16.0855
16.3335
16.5372
16.6946
16.8038
16.8636
16.8735
16.8331
16.7429
16.6033
16.4145
16.1768
15.8907
15.557
15.177
14.7517
14.2824
13.7703
13.2164
12.6219
11.988
11.316
10.6076
9.86484
9.09044
8.28769
7.46114
6.61735
5.76713
4.93063
4.15022
3.52002
3.22704
3.48708
4.23426
4.8792
4.88785
4.84762
5.10868
5.60861
6.17191
6.70986
7.27985
7.89272
8.52854
9.16872
9.79932
10.4087
10.9884
11.534
12.0441
12.5197
12.9626
13.3745
13.7564
14.1083
14.4289
14.7162
14.9673
15.1792
15.3491
15.4742
15.5526
15.5829
15.5646
15.4974
15.3815
15.2172
15.0048
14.7448
14.4385
14.0873
13.6927
13.2562
12.7792
12.2631
11.7091
11.1184
10.4924
9.83272
9.1412
8.42037
7.67352
6.90525
6.12259
5.33754
4.57307
3.87725
3.35236
3.17948
3.51507
4.20774
4.68962
4.67716
4.70598
4.9852
5.46332
5.96942
6.45599
6.96628
7.51342
8.08079
8.65144
9.2125
9.75417
10.2697
10.7556
11.2107
11.6356
12.0311
12.3984
12.7376
13.0482
13.329
13.5778
13.7925
13.9708
14.1103
14.2095
14.2669
14.2819
14.2543
14.1843
14.0722
13.9183
13.7225
13.4853
13.2071
12.8889
12.5317
12.1364
11.7041
11.2357
10.7322
10.1945
9.62381
9.02171
8.39002
7.7312
7.04846
6.34636
5.63185
4.9168
4.2239
3.60032
3.14423
3.02094
3.35454
3.97141
4.33999
4.27477
4.28657
4.5372
4.97139
5.41626
5.84159
6.29588
6.7897
7.3045
7.82473
8.33847
8.83578
9.30949
9.7559
10.1742
10.5654
10.9313
11.2736
11.5933
11.8902
12.1632
12.4101
12.6283
12.8147
12.9665
13.0811
13.1565
13.1914
13.1852
13.1376
13.0488
12.9187
12.7473
12.5349
12.2822
11.9904
11.6605
11.2939
10.8917
10.4549
9.9847
9.48209
8.9483
8.38476
7.7933
7.17626
6.53689
5.87988
5.21271
4.54859
3.91329
3.36018
2.99517
2.97429
3.36536
3.92622
4.17411
4.11046
4.16679
4.43495
4.84891
5.25212
5.63785
6.0471
6.49067
6.95206
7.41659
7.87336
8.31422
8.73359
9.12867
9.49884
9.8448
10.1678
10.4689
10.7485
11.0063
11.2411
11.4511
11.634
11.7877
11.91
11.999
12.0535
12.0729
12.0569
12.0055
11.9191
11.7975
11.6406
11.4482
11.2206
10.9583
10.662
10.3324
9.97009
9.5759
9.15052
8.69479
8.20974
7.69668
7.15732
6.59394
6.00969
5.40915
4.79963
4.19411
3.61793
3.12324
2.81132
2.82311
3.20102
3.69042
3.8502
3.74732
3.78226
4.02347
4.39974
4.75029
5.08192
5.44218
5.84038
6.25828
6.68199
7.10125
7.50749
7.89457
8.25946
8.60171
8.92247
9.22353
9.50654
9.77246
10.0212
10.2518
10.4622
10.6497
10.8115
10.9449
11.0474
11.1172
11.1533
11.1549
11.1221
11.0547
10.9528
10.8161
10.6444
10.4382
10.1982
9.92508
9.61984
9.2833
8.91628
8.51962
8.09419
7.641
7.16132
6.65679
6.12963
5.58298
5.02161
4.45337
3.89258
3.3675
2.9354
2.70086
2.78709
3.18537
3.60525
3.69322
3.61909
3.68859
3.94183
4.29129
4.60843
4.90798
5.23243
5.58934
5.96287
6.33972
6.71084
7.06948
7.41101
7.73317
8.03559
8.31907
8.58485
8.83396
9.06688
9.28328
9.48204
9.6614
9.81917
9.95307
10.061
10.1412
10.1925
10.2143
10.2064
10.1688
10.1019
10.0055
9.87926
9.72283
9.5361
9.31931
9.07288
8.79728
8.49303
8.16066
7.80077
7.41407
7.00148
6.56418
6.10379
5.62252
5.12351
4.61155
4.0946
3.58711
3.11745
2.74188
2.55811
2.66818
3.03553
3.37194
3.39558
3.3119
3.37507
3.61038
3.92027
4.18843
4.44202
4.7264
5.04439
5.37944
5.71944
6.05629
6.38309
6.69491
6.98953
7.2669
7.52826
7.77535
8.0097
8.23213
8.44251
8.63967
8.82156
8.98552
9.12871
9.24843
9.34241
9.40899
9.44712
9.45632
9.43649
9.38761
9.30952
9.20177
9.06393
8.89596
8.69824
8.47131
8.21581
7.93238
7.62169
7.28445
6.92147
6.53368
6.12232
5.68899
5.23593
4.7664
4.28547
3.80184
3.33163
2.90657
2.58804
2.47385
2.64229
3.0095
3.2762
3.26284
3.21344
3.30737
3.55218
3.83736
4.08111
4.31231
4.57141
4.85837
5.15847
5.46016
5.75662
6.04266
6.31479
6.57152
6.81298
7.04023
7.25462
7.45728
7.6487
7.82857
7.99577
8.14846
8.28446
8.40146
8.49738
8.57056
8.61988
8.64476
8.64505
8.62087
8.57233
8.4992
8.4009
8.27667
8.12602
7.94884
7.74527
7.51555
7.26002
6.97908
6.67322
6.34311
5.98961
5.61389
5.21754
4.80283
4.37303
3.93331
3.49257
3.06731
2.68977
2.42063
2.35001
2.53379
2.86292
3.05147
2.9925
2.93761
3.02727
3.2582
3.50741
3.70776
3.89968
4.12591
4.38121
4.64994
4.92154
5.1901
5.45016
5.698
5.93223
6.15328
6.36262
6.56203
6.75305
6.93648
7.11215
7.27882
7.43438
7.5762
7.70149
7.8077
7.89273
7.95515
7.99408
8.00919
8.00041
7.96773
7.91084
7.82905
7.72154
7.58781
7.42781
7.24175
7.02997
6.79289
6.531
6.24486
5.93519
5.60288
5.2491
4.87544
4.48417
4.07866
3.66436
3.25085
2.8563
2.51615
2.29515
2.28012
2.50182
2.81523
2.9482
2.87989
2.85303
2.96549
3.1981
3.42715
3.60919
3.78446
3.99079
4.22188
4.46298
4.70393
4.93995
5.16711
5.38286
5.58633
5.77804
5.95928
6.13153
6.29596
6.45311
6.60266
6.74339
6.87345
6.99056
7.09244
7.17709
7.24297
7.28914
7.31518
7.32109
7.30706
7.27317
7.21916
7.14421
7.04726
6.92742
6.78419
6.61741
6.4271
6.21339
5.97655
5.71698
5.43528
5.13227
4.8091
4.46738
4.1094
3.73864
3.36073
2.98562
2.63214
2.33637
2.16122
2.18164
2.40308
2.66382
2.72968
2.64248
2.61999
2.73324
2.94826
3.13958
3.28205
3.42629
3.60602
3.81031
4.02382
4.23821
4.44965
4.65398
4.84852
5.03268
5.2073
5.37403
5.53469
5.6908
5.84306
5.99113
6.13361
6.26826
6.39236
6.50317
6.59825
6.67575
6.73443
6.77369
6.79332
6.79339
6.77386
6.73436
6.67399
6.59161
6.4863
6.35761
6.20544
6.0299
5.83121
5.60974
5.36597
5.10057
4.81442
4.5087
4.18505
3.84582
3.49462
3.13743
2.78504
2.45806
2.19581
2.06373
2.12894
2.37019
2.60256
2.62971
2.55251
2.55638
2.68972
2.89995
3.07522
3.20521
3.34009
3.50593
3.69204
3.88354
4.07294
4.25727
4.43377
4.60076
4.7581
4.90679
5.04842
5.18466
5.31678
5.44529
5.56974
5.68874
5.80026
5.90192
5.9914
6.0668
6.12676
6.17053
6.19789
6.209
6.20411
6.18327
6.14608
6.09152
6.01816
5.92469
5.81026
5.67438
5.51688
5.33773
5.13712
4.91541
4.67319
4.41132
4.13098
3.83387
3.52243
3.20046
2.87427
2.55534
2.2654
2.04481
1.95589
2.04961
2.27734
2.44831
2.42365
2.34296
2.35549
2.49299
2.6821
2.82051
2.91606
3.02807
3.17356
3.33818
3.50649
3.67366
3.83731
3.99435
4.14314
4.28387
4.41789
4.54715
4.6737
4.7991
4.92397
5.0478
5.16894
5.28496
5.39305
5.49054
5.57518
5.64539
5.70027
5.73947
5.76301
5.77102
5.76343
5.7397
5.69869
5.63887
5.55885
5.45774
5.33508
5.19076
5.02482
4.83751
4.62927
4.40075
4.15285
3.88681
3.60433
3.30792
3.00146
2.69164
2.39073
2.1223
1.92974
1.87655
2.00339
2.23748
2.37826
2.33265
2.26585
2.29864
2.45099
2.63427
2.76179
2.84866
2.95381
3.08895
3.24014
3.39176
3.53953
3.68185
3.81682
3.94348
4.06234
4.17486
4.283
4.38874
4.49347
4.59769
4.70078
4.80111
4.89638
4.9841
5.06197
5.12823
5.1818
5.22226
5.2497
5.2645
5.26701
5.2573
5.23479
5.19823
5.14582
5.07581
4.98688
4.87823
4.74939
4.60022
4.43079
4.24143
4.03273
3.80557
3.56121
3.30142
3.02882
2.74757
2.46481
2.19372
1.95935
1.80595
1.79129
1.93568
2.14109
2.21964
2.14382
2.08385
2.12892
2.2834
2.44007
2.53072
2.58987
2.67849
2.79798
2.93092
3.06235
3.1912
3.31602
3.43446
3.54574
3.65072
3.75119
3.8495
3.94794
4.0482
4.15079
4.2549
4.35856
4.45903
4.55339
4.63903
4.71397
4.77701
4.82763
4.86587
4.89198
4.90623
4.9085
4.89811
4.87366
4.83329
4.77515
4.69788
4.60068
4.48316
4.34521
4.18699
4.00888
3.81154
3.59591
3.36327
3.11542
2.85501
2.58629
2.31667
2.06013
1.84342
1.7133
1.72694
1.89296
2.0942
2.14719
2.06609
2.02084
2.08361
2.24751
2.3987
2.48155
2.53655
2.62082
2.73321
2.85605
2.97468
3.08814
3.19579
3.29621
3.38911
3.47557
3.55759
3.63763
3.71802
3.80035
3.88502
3.9711
4.05653
4.13865
4.21475
4.28256
4.34055
4.38801
4.42494
4.45182
4.4693
4.47789
4.47761
4.46774
4.44675
4.41248
4.36274
4.29578
4.21042
4.10597
3.98211
3.83884
3.67648
3.49564
3.29727
3.0827
2.85384
2.61351
2.36632
2.12037
1.89092
1.70664
1.61455
1.66236
1.83375
1.99177
1.98847
1.89678
1.86476
1.94461
2.10493
2.22476
2.27126
2.30793
2.38159
2.48305
2.58999
2.6914
2.78916
2.88217
2.96845
3.04805
3.12243
3.19392
3.26544
3.33975
3.41869
3.50263
3.59033
3.67929
3.76636
3.84847
3.92313
3.98871
4.04452
4.09056
4.1273
4.15531
4.17492
4.18598
4.18754
4.17792
4.15485
4.11607
4.05976
3.98473
3.89033
3.77628
3.64268
3.48989
3.31862
3.12985
2.92496
2.70586
2.4754
2.23819
2.00252
1.78426
1.61355
1.53929
1.60746
1.79105
1.94033
1.92018
1.83043
1.80952
1.9043
2.07143
2.18925
2.22977
2.2637
2.33379
2.43074
2.53079
2.62301
2.70914
2.78897
2.86118
2.92603
2.98513
3.04106
3.09698
3.1558
3.2194
3.28802
3.36022
3.43333
3.50415
3.56971
3.62781
3.67727
3.71791
3.7503
3.77545
3.79439
3.8078
3.81565
3.81701
3.81002
3.79213
3.76071
3.71353
3.649
3.56613
3.46443
3.34382
3.20459
3.04741
2.87328
2.68364
2.48054
2.26703
2.04818
1.83315
1.63942
1.49935
1.46101
1.55697
1.733
1.83
1.76726
1.68021
1.67603
1.79051
1.94636
2.02863
2.03525
2.05871
2.12248
2.2119
2.29744
2.37515
2.44869
2.51661
2.57714
2.63092
2.67983
2.72681
2.77559
2.82964
2.89112
2.96018
3.03489
3.11196
3.18766
3.2587
3.32278
3.37877
3.42664
3.46708
3.50114
3.52977
3.55344
3.57186
3.58384
3.58734
3.57973
3.55831
3.52081
3.46563
3.39177
3.29879
3.18667
3.05579
2.90687
2.74098
2.55959
2.36473
2.15939
1.94856
1.74134
1.55547
1.42417
1.39691
1.50515
1.68779
1.77862
1.70836
1.6243
1.62729
1.75385
1.91738
2.00097
2.00284
2.02343
2.0842
2.17104
2.25242
2.32367
2.38851
2.44646
2.49604
2.53786
2.57393
2.60754
2.64281
2.68358
2.73219
2.78866
2.85073
2.91473
2.97663
3.03311
3.08208
3.12282
3.15586
3.18255
3.20458
3.22349
3.24016
3.25453
3.26543
3.27064
3.26723
3.25216
3.22271
3.17687
3.11327
3.0312
2.93045
2.81129
2.67442
2.52092
2.35235
2.17087
1.97976
1.78451
1.59528
1.43175
1.32955
1.33575
1.4646
1.62745
1.66266
1.5658
1.4921
1.51653
1.66288
1.80758
1.84969
1.82455
1.84094
1.90007
1.98159
2.04949
2.1089
2.16432
2.2128
2.2529
2.28552
2.31268
2.33811
2.36675
2.40329
2.45051
2.50821
2.57339
2.64148
2.70784
2.76891
2.82265
2.86861
2.9076
2.94124
2.97132
2.99927
3.02571
3.0502
3.07123
3.08633
3.09251
3.0867
3.06618
3.0289
2.97349
2.89924
2.80604
2.69423
2.5646
2.41832
2.25695
2.08265
1.89857
1.70997
1.52664
1.36787
1.26923
1.27881
1.41227
1.58005
1.61623
1.51782
1.44416
1.47099
1.62722
1.78454
1.83147
1.80071
1.81252
1.86849
1.94953
2.016
2.07125
2.12063
2.16221
2.1943
2.21755
2.23399
2.24773
2.26433
2.28918
2.32555
2.37321
2.42865
2.48652
2.54158
2.59002
2.62992
2.66121
2.68531
2.70458
2.72166
2.73872
2.75695
2.77624
2.79512
2.81099
2.82056
2.82038
2.80728
2.77874
2.73297
2.6689
2.58615
2.48493
2.36595
2.23039
2.07991
1.91682
1.74457
1.56898
1.40101
1.26208
1.19017
1.22963
1.37669
1.51615
1.49982
1.38797
1.32705
1.37997
1.55362
1.68741
1.68567
1.63695
1.64726
1.70603
1.78281
1.83685
1.88278
1.92598
1.96057
1.98576
2.00207
2.01105
2.0172
2.02724
2.04795
2.08346
2.13332
2.19279
2.25512
2.31426
2.36631
2.40966
2.44468
2.47325
2.49814
2.52219
2.54748
2.57485
2.6037
2.63211
2.65724
2.67572
2.68412
2.67934
2.65881
2.62067
2.56386
2.48802
2.39348
2.28105
2.15202
2.00809
1.85151
1.68557
1.51565
1.35191
1.2145
1.14017
1.17461
1.32026
1.46837
1.463
1.35123
1.28567
1.33396
1.51699
1.67154
1.67991
1.62163
1.62505
1.67884
1.75777
1.8127
1.85605
1.89536
1.92582
1.94572
1.95513
1.95536
1.95115
1.94997
1.95982
1.98596
2.02832
2.08139
2.13698
2.18785
2.22962
2.26076
2.28193
2.29561
2.3054
2.31515
2.32795
2.34542
2.3674
2.39214
2.41668
2.43742
2.45058
2.45261
2.44045
2.41171
2.36483
2.29908
2.07589
1.90869
1.78343
1.66295
1.54902
1.44014
1.3315
1.22091
1.11002
1.00227
0.90101
0.808994
0.728815
0.663624
0.61731
