
Dual Residual: 
1
3767.48
871.722
595.13
337.791
197.715
179.242
210.84
214.081
173.434
108.094
55.9332
60.7282
78.7106
79.7116
68.4278
56.765
52.1794
50.8412
46.2544
37.122
26.6025
20.2725
21.0544
24.3931
26.5913
27.1343
26.4913
25.034
22.9736
20.7198
19.0637
18.7914
19.9239
21.6877
23.2449
24.1162
24.1754
23.5311
22.4214
21.1326
19.9247
18.9556
18.2269
17.5943
16.8436
15.7831
14.3073
12.4254
10.2772
8.16755
6.63871
6.34906
7.32924
8.89899
10.4907
11.8406
12.8687
13.5957
14.0981
14.4726
14.803
15.1327
15.453
15.7107
15.8286
15.7294
15.3537
14.6704
13.68
12.4139
10.9314
9.31825
7.69099
6.21384
5.12624
4.70841
5.04471
5.89003
6.939
8.00745
9.009
9.89955
10.6572
11.2739
11.7502
12.0904
12.3002
12.3849
12.3487
12.1944
11.9235
11.5374
11.0384
10.4315
9.72681
8.94126
8.10148
7.24658
6.43164
5.73031
5.2304
5.01077
5.09958
5.45219
5.97881
6.58821
7.21003
7.7971
8.32034
8.76281
9.11499
9.37161
9.5297
9.58762
9.54483
9.40211
9.16222
8.83059
8.41602
7.93136
7.39414
6.82724
6.25958
5.72648
5.26877
4.92882
4.74144
4.72153
4.85676
5.11253
5.44519
5.81317
6.18178
6.5236
6.81744
7.04719
7.20082
7.26985
7.24895
7.13591
6.93166
6.64034
6.26963
5.83105
5.34065
4.82002
4.29805
3.81328
3.4156
3.16186
3.09734
3.22862
3.51724
3.90355
4.33183
4.7595
5.15656
5.50262
5.78411
5.9923
6.12201
6.17091
6.13901
6.02848
5.84345
5.59006
5.27653
4.91342
4.51406
4.09534
3.67899
3.29325
2.97379
2.76076
2.68713
2.76126
2.96036
3.24405
3.57268
3.91514
4.24805
4.55375
4.81895
5.03373
5.19083
5.28512
5.31328
5.27373
5.16648
4.99314
4.75686
4.46235
4.11598
3.72609
3.30362
2.86355
2.42777
2.03079
1.72837
1.5955
1.68065
1.95147
2.32965
2.75235
3.18288
3.59561
3.97316
4.30424
4.58148
4.7998
4.95565
5.04688
5.07256
5.03303
4.92983
4.76582
4.54521
4.27366
3.95841
3.60854
3.23559
2.85466
2.48636
2.15956
1.91332
1.79075
1.81647
1.97465
2.22057
2.51057
2.8149
3.11289
3.389
3.63183
3.83336
3.98798
4.09191
4.14279
4.13964
4.08269
3.97341
3.81437
3.60919
3.36255
3.08018
2.76909
2.43804
2.09856
1.76721
1.46998
1.24867
1.15818
1.22961
1.43198
1.7029
1.99876
2.2985
2.58495
2.84587
3.07375
3.26409
3.41392
3.52122
3.58486
3.60462
3.58111
3.51586
3.41132
3.27081
3.09857
2.89972
2.68047
2.4484
2.21292
1.98573
1.78143
1.61732
1.51095
1.47433
1.50713
1.59606
1.72183
1.86648
2.01559
2.1578
2.28434
2.38876
2.46655
2.51475
2.53169
2.51677
2.47043
2.3941
2.29021
2.1622
2.01459
1.85321
1.68551
1.52117
1.37271
1.2557
1.18688
1.17851
1.23162
1.33501
1.47191
1.62672
1.78698
1.94293
2.08724
2.21472
2.32176
2.40584
2.46528
2.49908
2.50682
2.48868
2.44537
2.37816
2.28884
2.17968
2.05338
1.91314
1.76273
1.60665
1.45031
1.30031
1.1647
1.05288
0.974489
0.936503
0.939589
0.977072
1.03851
1.11433
1.19708
1.28035
1.3586
1.42764
1.48461
1.52781
1.55647
1.57053
1.57065
1.55815
1.535
1.50376
1.46747
1.42953
1.3935
1.36287
1.34074
1.32946
1.33035
1.34349
1.36779
1.40122
1.44116
1.48473
1.52914
1.57178
1.61043
1.64322
1.66869
1.68577
1.69378
1.69239
1.68162
1.66181
1.63362
1.59798
1.55606
1.50927
1.45916
1.40743
1.35583
1.30611
1.25991
1.21864
1.1834
1.15484
1.1331
1.11784
1.10828
1.10333
1.10172
1.10214
1.10338
1.10442
1.10448
1.10312
1.10018
1.09587
1.09068
1.08539
1.08096
1.07851
1.07916
1.08393
1.09362
1.1087
1.12926
1.15498
1.18516
1.2188
1.25469
1.2915
1.32788
1.36251
1.39414
1.42169
1.44417
1.46078
1.47088
1.474
1.4698
1.45815
1.43904
1.41262
1.37918
1.33913
1.293
1.24144
1.18518
1.12505
1.06196
0.996896
0.930924
0.865182
0.800893
0.739372
0.682039
0.630412
