
Dual Residual: 
1
3903.25
992.077
651.194
337.809
225.976
216.188
218.904
211.744
174.498
112.681
59.2158
60.7253
79.0608
80.0165
67.0383
52.1865
44.989
43.2985
39.8168
32.6999
25.2478
22.1733
23.398
24.6759
23.9981
21.9539
20.071
19.2958
19.3132
19.328
18.9816
18.4425
18.0649
18.0629
18.4161
18.9793
19.6062
20.1822
20.6026
20.7572
20.5377
19.8561
18.6641
16.9683
14.8429
12.4432
10.029
8.00758
6.92068
7.06223
8.03318
9.20304
10.1815
10.8165
11.1073
11.1471
11.0815
11.0638
11.2008
11.5124
11.9324
12.3475
12.6441
12.7386
12.5884
12.1904
11.5741
10.7908
9.90104
8.96295
8.02392
7.11544
6.25477
5.45531
4.74591
4.19566
3.92507
4.05392
4.59273
5.43078
6.43045
7.48142
8.49861
9.41512
10.18
10.7566
11.121
11.2608
11.174
10.8682
10.3592
9.66873
8.8235
7.85361
6.79129
5.67006
4.52584
3.40345
2.38205
1.66906
1.67759
2.36865
3.31606
4.23337
5.10304
5.89669
6.60086
7.20014
7.68525
8.04848
8.28291
8.38438
8.35239
8.1902
7.90469
7.50603
7.00715
6.4222
5.76645
5.05727
4.31588
3.57147
2.87101
2.30024
2.00414
2.10728
2.54277
3.13088
3.75302
4.37787
4.97746
5.52274
5.99224
6.37192
6.65292
6.8303
6.90237
6.8703
6.7378
6.51078
6.19693
5.80544
5.34713
4.83445
4.28182
3.70652
3.13104
2.58801
2.12979
1.83811
1.79874
2.01704
2.40391
2.86253
3.3361
3.79152
4.20704
4.56913
4.86908
5.10118
5.26145
5.34735
5.35769
5.29268
5.15391
4.94438
4.66844
4.33153
3.94016
3.50222
3.02769
2.52989
2.02871
1.55954
1.19661
1.07573
1.26967
1.65238
2.05046
2.42902
2.82429
3.20586
3.54875
3.83925
4.0706
4.23879
4.34139
4.37732
4.34685
4.25166
4.09483
3.88067
3.61483
3.30438
2.95777
2.5852
2.19952
1.81852
1.47023
1.20289
1.08824
1.17192
1.40929
1.71127
2.02207
2.32421
2.59991
2.8375
3.02989
3.1734
3.2662
3.3075
3.29753
3.23746
3.12944
2.97656
2.7828
2.55273
2.29135
2.00437
1.69873
1.38377
1.07432
0.800379
0.631942
0.67095
0.901987
1.17178
1.31204
1.491
1.71229
1.93164
2.12758
2.29351
2.42566
2.52159
2.57964
2.59884
2.57933
2.52261
2.43135
2.30914
2.16044
1.99076
1.80688
1.61731
1.43288
1.26765
1.13938
1.06724
1.06408
1.12712
1.23856
1.37677
1.52487
1.67056
1.80438
1.91955
2.01158
2.07767
2.11618
2.12629
2.10783
2.06119
1.98734
1.88782
1.76475
1.62074
1.45892
1.28303
1.09794
0.910665
0.732942
