
Dual Residual: 
1
22505.8
5078.11
3458.12
1831.54
1110.12
1137.9
1219.93
1129.36
870.493
552.399
357.02
372.031
405.612
371.236
302.889
258.245
249.959
240.627
205.705
149.729
97.1601
86.0378
111.055
134.335
144.229
141.96
131.851
117.986
104.162
94.3107
91.7141
96.6819
106.131
116.129
123.785
127.504
126.716
121.637
113.097
102.399
91.1427
80.9591
73.0978
67.9357
64.8034
62.4272
59.6416
55.8574
51.2114
46.5451
43.2215
42.5493
44.8711
49.3084
54.5281
59.4625
63.5035
66.4284
68.2691
69.1877
69.3677
68.9328
67.9032
66.1986
63.6762
60.1867
55.6317
50.008
43.4402
36.216
28.8628
22.3601
18.5032
19.1705
23.6474
29.6156
35.5791
41.1017
45.9618
49.9427
52.9141
54.8146
55.6279
55.3692
54.0782
51.8159
48.6629
44.7165
40.1036
34.9837
29.5561
24.0876
18.9813
14.9306
13.0265
13.9767
17.0239
21.0012
25.1883
29.1149
32.5231
35.3122
37.434
38.8742
39.6417
39.7633
39.2803
38.2464
36.7272
34.8002
32.5561
30.0975
27.5406
25.0172
22.676
20.6779
19.1783
18.2915
18.0464
18.3681
19.1085
20.1037
21.2161
22.3441
23.4162
24.3829
25.2117
25.8828
26.3848
26.7119
26.8609
26.8294
26.6149
26.2144
25.6257
24.8486
23.8869
22.7502
21.456
20.0317
18.5182
16.9726
15.4734
14.1227
13.0445
12.3669
12.1821
12.5011
13.2412
14.2595
15.4019
16.535
17.5569
18.3952
18.9997
19.3375
19.39
19.1509
18.6253
17.8291
16.7882
15.5387
14.1285
12.6198
11.0943
9.66078
8.46214
7.66569
7.40279
7.67107
8.31898
9.15782
10.0617
10.9562
11.7776
12.4709
12.9964
13.3302
13.462
13.3927
13.1329
12.7023
12.1296
11.4526
10.7178
9.97874
9.29445
8.72464
8.32141
8.11732
8.11487
8.28451
8.57349
8.92014
9.26639
9.56508
9.78236
9.89684
9.89756
9.78182
9.55355
9.22209
8.80162
8.31086
7.77243
7.21157
6.655
6.13019
5.66417
5.28096
4.99741
4.81839
4.73456
4.72583
4.77018
4.8519
4.96357
5.10208
5.26419
5.44451
5.63544
5.82759
6.01041
6.17308
6.30544
6.39884
6.44674
6.44502
6.39222
6.28966
6.14162
5.95546
5.74182
5.51468
5.29126
5.09143
4.93631
4.84549
4.83325
4.90489
5.05506
5.2691
5.52663
5.80535
6.08394
6.34366
6.56907
6.74815
6.87214
6.93527
6.93447
6.86923
6.7414
6.5555
6.31904
6.0419
5.73495
5.40981
5.07888
4.75516
4.45174
4.18084
3.95241
3.77237
3.64136
3.55456
3.50312
3.47666
3.46565
3.46244
3.46149
3.45915
3.45371
3.44549
3.43693
3.43234
3.43742
3.45839
3.50083
3.56856
3.66268
3.78126
3.91955
4.07072
4.22687
4.38001
4.52287
4.64954
4.75577
4.83906
4.89864
4.93538
4.95151
4.9505
4.93673
4.91518
4.89104
4.86925
4.85403
4.8484
4.85386
4.87024
4.89577
4.92731
4.96073
4.99139
5.01451
5.02555
5.02041
4.99561
4.94839
4.8767
4.7792
4.6552
4.50465
4.32807
4.12651
3.90154
3.65526
3.39029
3.10996
2.81852
2.52178
2.22827
1.95163
1.71476
1.55424
1.51411
1.609
1.77578
1.9069
2.00368
2.15823
2.38212
2.63553
2.89054
3.13813
3.36685
3.56867
3.73914
3.87602
3.97963
4.05232
4.098
4.12161
4.12866
4.12466
4.11485
4.10388
4.09565
4.09316
4.09849
4.11276
4.13625
4.16844
4.20807
4.25321
4.30127
4.34911
4.39316
4.4296
4.45462
4.46459
4.45637
4.42738
4.37578
4.30052
4.20131
4.07856
3.93327
3.76693
3.58132
3.37851
3.1608
2.93081
2.69165
2.44733
2.20341
1.9682
1.75472
1.58312
1.48049
1.46968
1.54205
1.64086
1.70552
1.74859
1.82329
1.94471
2.0909
2.24079
2.39135
2.542
2.68967
2.8313
2.96487
3.08935
3.20456
3.31089
3.409
3.49957
3.58318
3.66024
3.73098
3.7954
3.85334
3.90446
3.94829
3.98429
4.01189
4.03054
4.03969
4.03884
4.02744
4.00499
3.971
3.92507
3.86697
3.79669
3.71447
3.62085
3.51659
3.4027
3.28033
3.15072
3.01514
2.8749
2.73126
2.58555
2.43916
2.29369
2.15107
2.01373
1.88474
1.76798
1.66799
1.58948
1.53607
1.50844
1.50317
1.51388
1.53519
1.5662
1.6097
1.66814
1.7412
1.82694
1.92373
2.03045
2.14558
2.26698
2.39224
2.519
2.64512
2.76875
2.88838
3.00274
3.11083
3.21176
3.30479
3.38922
3.46438
3.52964
3.58437
3.62799
3.65996
3.67979
3.68704
3.68131
3.66225
3.6296
3.58332
3.52368
3.45123
3.36671
3.27098
3.16499
3.04974
2.9263
2.79579
2.65938
2.5183
2.37386
2.22749
2.08085
1.93592
1.79532
1.66247
1.542
1.43973
1.36214
1.31416
1.29544
1.29744
1.30641
1.31351
1.3227
1.34533
1.38766
1.44569
1.51207
1.58524
1.66832
1.76256
1.86588
1.97547
2.08906
2.20453
2.31991
2.43349
2.54387
2.64993
2.75076
2.84559
2.93373
3.01453
3.08735
3.15157
3.20657
3.25177
3.28665
3.31073
3.32355
3.32469
3.31366
3.28994
3.25306
3.20282
3.13954
3.06393
2.97688
2.87938
2.77247
2.65724
2.53486
2.40653
2.27351
2.13715
1.99897
1.86076
1.72478
1.59405
1.47265
1.36602
1.28073
1.22299
1.19503
1.19057
1.1948
1.19384
1.18773
1.19022
1.21388
1.25737
1.30793
1.35761
1.41159
1.47756
1.55597
1.64282
1.73523
1.83201
1.93202
2.03388
2.13626
2.23796
2.33792
2.43519
2.52886
2.61805
2.70189
2.77946
2.84987
2.91225
2.96579
3.00974
3.04344
3.06628
3.07772
3.07723
3.06422
3.03806
2.99815
2.94422
2.87662
2.79623
2.70423
2.60187
2.49048
2.37141
2.24608
2.11594
1.98261
1.84786
1.71383
1.58324
1.45973
1.34823
1.25509
1.18737
1.15004
1.14107
1.14802
1.15339
1.14902
1.14366
1.15227
1.1804
1.2198
1.25918
1.29754
1.34199
1.39674
1.46025
1.52974
1.60409
1.68297
1.76577
1.85167
1.93979
2.02923
2.11903
2.2082
2.29572
2.3805
2.46143
2.5374
2.60733
2.67019
2.72502
2.77097
2.80728
2.83331
2.84845
2.85217
2.84394
2.82326
2.78963
2.7428
2.68298
2.61087
2.52759
2.4344
2.33266
2.22377
2.10917
1.99033
1.86882
1.74642
1.62519
1.50772
1.39736
1.29848
1.21643
1.15671
1.12264
1.11183
1.11437
1.11742
1.11498
1.11258
1.12013
1.14146
1.17147
1.20285
1.2344
1.27044
1.31426
1.36546
1.42231
1.48396
1.55026
1.62095
1.69551
1.77327
1.85342
1.93508
2.01727
2.09894
2.17899
2.25625
2.32955
2.39777
2.4598
2.51465
2.56141
2.59926
2.6275
2.64552
2.65275
2.64871
2.63289
2.6049
2.56452
2.51188
2.44756
2.3725
2.28785
2.19485
2.09477
1.98893
1.87866
1.76537
1.65066
1.53637
1.42488
1.31929
1.22376
1.1436
1.08464
1.05103
1.04141
1.04609
1.05088
1.04812
1.04331
1.04797
1.0674
1.0962
1.12529
1.15259
1.18323
1.22143
1.26676
1.31695
1.37098
1.42886
1.49046
1.55534
1.62292
1.69259
1.76366
1.83537
1.90689
1.97731
2.04568
2.11099
2.17225
2.22848
2.27877
2.32225
2.35817
2.38583
2.40461
2.41395
2.41332
2.40225
2.3803
2.34722
2.30307
2.24827
2.18363
2.11019
2.02911
1.94158
1.84884
1.75213
1.65274
1.5521
1.45185
1.35399
1.26108
1.17643
1.10416
1.04866
1.01314
0.997012
0.993876
0.993486
0.988759
0.981685
0.980588
0.991413
1.01192
1.0344
1.0546
1.07605
1.10441
1.14115
1.18404
1.23111
1.28231
1.33807
1.39819
1.46203
1.5288
1.59763
1.66764
1.73785
1.80727
1.87485
1.93957
2.00039
2.05635
2.10653
2.15011
2.18634
2.21457
2.23423
2.24479
2.24581
2.23684
2.21751
2.18756
2.14698
2.09609
2.0356
1.96648
1.88987
1.807
1.71915
1.62765
1.53391
1.43948
1.34616
1.25616
1.17222
1.09776
1.03671
0.992705
0.967343
0.957918
0.956877
0.955472
0.950031
0.944244
0.944436
0.953153
0.967143
0.981354
0.994584
1.01007
1.03117
1.0584
1.09038
1.12627
1.1664
1.21132
1.26101
1.31511
1.37308
1.43427
1.49789
1.563
1.62856
1.69346
1.75652
1.81659
1.87255
1.92336
1.96808
2.00586
2.03597
2.05779
2.07079
2.07452
2.06858
2.05264
2.02647
1.99004
1.94362
1.88785
1.8237
1.75232
1.67498
1.59304
1.50789
1.42105
1.33422
1.24939
1.16893
1.09578
1.03333
0.985024
0.953231
0.937475
0.933172
0.932937
0.930941
0.926709
0.924009
0.92622
0.933104
0.941571
0.949169
0.95641
0.965708
0.978926
0.996378
1.01764
1.04265
1.07196
1.10619
1.14561
1.19016
1.2396
1.29352
1.35132
1.41221
1.47517
1.53901
1.60241
1.66402
1.7225
1.77657
1.82507
1.86697
1.9014
1.92761
1.945
1.95309
1.95149
1.9399
1.91808
1.88599
1.84381
1.79207
1.7316
1.66347
1.58888
1.50912
1.42554
1.33964
1.25311
1.16803
1.08705
1.0136
0.951941
0.906659
0.88102
0.874113
0.87881
0.884422
0.884445
0.881381
0.882059
0.889773
0.90158
0.912205
0.919677
0.926128
0.9343
0.94512
0.95817
0.973204
0.990733
1.01161
1.03645
1.06556
1.09896
1.13663
1.17846
1.22425
1.27361
1.32597
1.38052
1.43627
1.49204
1.54652
1.59838
1.64631
1.68907
1.72554
1.75477
1.77596
1.78848
1.79184
1.78568
1.76975
1.74397
1.70844
1.66361
1.61019
1.54917
1.4817
1.409
1.33236
1.25317
1.17304
1.09395
1.01845
0.949908
0.892615
0.851239
0.829073
0.824925
0.830956
0.83589
0.833792
0.828884
0.829447
0.838797
0.852374
0.862921
0.868132
0.871478
0.876849
0.885181
0.895339
0.906514
0.919213
0.934657
0.953847
0.977198
1.00471
1.03629
1.07187
1.11143
1.15479
1.2016
1.25129
1.30304
1.35582
1.40841
1.45949
1.50768
1.55164
1.59015
1.6221
1.64659
1.66289
1.67044
1.66885
1.65784
1.6373
1.60727
1.56803
1.52012
1.46435
1.4017
1.33329
1.26031
1.18406
1.10607
1.02825
0.953162
0.884417
0.82693
0.786572
0.768048
0.770383
0.783049
0.790299
0.785174
0.776479
0.777367
0.791721
0.810618
0.82222
0.825064
0.82646
0.831602
0.840026
0.848836
0.856954
0.865535
0.876412
0.890728
0.908791
0.930406
0.955325
0.983441
1.01479
1.04944
1.08735
1.12833
1.17196
1.21763
1.26444
1.31126
1.3568
1.39965
1.43842
1.47179
1.49862
1.51796
1.5291
1.53153
1.52496
1.50927
1.48449
1.45088
1.40888
1.35919
1.30269
1.2404
1.17347
1.10317
1.03099
0.958814
0.889259
0.826023
0.774206
0.739834
0.727345
0.734515
0.748874
0.754156
0.746087
0.736772
0.740107
0.75826
0.778971
0.788611
0.787583
0.785761
0.788676
0.794961
0.800712
0.804629
0.808189
0.813875
0.823363
0.837176
0.854864
0.875757
0.899495
0.926217
0.956219
0.98966
1.02648
1.06644
1.1091
1.15377
1.19943
1.24482
1.28849
1.32891
1.36462
1.39432
1.41692
1.43161
1.43784
1.43529
1.42386
1.40362
1.37479
1.33775
1.29304
1.24135
1.1835
1.12043
1.05323
0.983178
0.91199
0.842108
0.777249
0.723017
0.686935
0.675965
0.689557
0.712319
0.720557
0.707399
0.692019
0.695741
0.722676
0.753084
0.764483
0.760042
0.757161
0.762017
0.770581
0.776185
0.778025
0.778335
0.78014
0.785126
0.794158
0.806995
0.822908
0.841004
0.861018
0.883206
0.908044
0.935811
0.966616
1.00042
1.03701
1.07582
1.11596
1.1562
1.19506
1.23093
1.26224
1.28759
1.30586
1.31621
1.31817
1.31154
1.29638
1.27291
1.24156
1.20283
1.15737
1.10589
1.04921
0.98825
0.924159
0.85846
0.793403
0.732521
0.681335
0.647556
0.638712
0.654698
0.679175
0.686032
0.668071
0.648076
0.651731
0.686243
0.726389
0.737969
0.724694
0.715502
0.719601
0.732014
0.739984
0.741239
0.738294
0.736336
0.737647
0.743718
0.753972
0.767426
0.782424
0.798591
0.816273
0.836367
0.859158
0.884706
0.913001
0.944091
0.977791
1.01356
1.05046
1.08724
1.12238
1.15429
1.18144
1.20249
1.21642
1.22253
1.22047
1.21019
1.19187
1.16586
1.13265
1.09278
1.04687
0.995572
0.939615
0.879904
0.817689
0.754913
0.694835
0.642982
0.60793
