
Dual Residual: 
1
4900.35
1208.62
803.147
414.832
273.768
270.739
277.511
263.646
211.552
132.865
72.6039
81.9375
102.893
101.021
83.0977
65.4004
59.0861
58.5409
53.8603
43.1387
30.8818
24.9241
27.5851
31.6217
32.7873
31.0331
27.9269
25.1961
23.8574
23.897
24.7084
25.6894
26.442
26.7457
26.5292
25.8602
24.9119
23.8996
23.0034
22.3032
21.7502
21.1885
20.4175
19.2645
17.6463
15.6139
13.388
11.3943
10.2309
10.3336
11.5022
13.1158
14.6498
15.8202
16.5355
16.8357
16.8454
16.7271
16.6273
16.6249
16.7057
16.7761
16.7059
16.3734
15.6952
14.6379
13.2173
11.4933
9.56421
7.57291
5.74142
4.46555
4.28038
5.18445
6.5918
8.07444
9.48093
10.7505
11.8365
12.714
13.3725
13.8085
14.021
14.0094
13.7735
13.3147
12.6367
11.7469
10.6577
9.38838
7.96737
6.43695
4.86648
3.40008
2.43282
2.65315
3.8318
5.30077
6.7228
8.02726
9.13911
10.036
10.7026
11.1387
11.3517
11.3535
11.159
10.785
10.2492
9.57089
8.77122
7.87418
6.9086
5.91214
4.93841
4.07044
3.43835
3.20132
3.42223
3.97784
4.6841
5.42303
6.14123
6.80292
7.38188
7.8617
8.23359
8.49362
8.64085
8.6764
8.60305
8.42513
8.1484
7.77999
7.32874
6.80572
6.22495
5.60455
4.96872
4.35089
3.79828
3.37509
3.1538
3.18098
3.43969
3.86021
4.36384
4.88831
5.39006
5.84005
6.21901
6.51406
6.71666
6.82142
6.82549
6.72833
6.53163
6.23939
5.85778
5.39488
4.86085
4.26863
3.63504
2.98335
2.35015
1.80335
1.47523
1.51735
1.88266
2.36599
2.82445
3.28713
3.73991
4.14643
4.48382
4.74109
4.91274
4.99591
4.9899
4.89618
4.71868
4.46404
4.14172
3.76372
3.34465
2.9026
2.46157
2.05635
1.73959
1.58041
1.62557
1.84664
2.16363
2.50844
2.84422
3.14658
3.39992
3.59521
3.72812
3.79749
3.80425
3.75078
3.64071
3.47884
3.27156
3.02668
2.75295
2.46052
2.16215
1.87476
1.62159
1.43329
1.34182
1.36108
1.47032
1.62856
1.80756
1.99818
2.19076
2.3718
2.52953
2.65555
2.74422
2.79196
2.79684
2.75844
2.67777
2.55731
2.40093
2.21398
2.00339
1.77818
1.55052
1.33791
1.16622
1.06974
1.07764
1.18825
1.366
1.57184
1.7862
1.99578
2.18771
2.35279
2.48553
2.58328
2.64503
2.67073
2.66092
2.6168
2.54037
2.43475
2.30439
2.15516
1.99447
1.83161
1.67811
1.54767
1.45484
1.41143
1.42176
1.48022
1.57438
1.69066
1.81722
1.94375
2.06103
2.1613
2.23845
2.28805
2.30713
2.29403
2.2482
2.17011
2.06116
1.92364
1.76062
1.57596
1.37431
1.16148
0.945649
0.740813
