
Dual Residual: 
1
3837.05
908.797
620.181
349.892
202.999
186.114
218.757
220.924
178.042
109.878
55.5553
61.7756
80.7458
81.3663
68.9556
56.302
51.6812
50.8578
46.5876
37.408
26.6061
20.0479
20.9171
24.3725
26.5544
26.9963
26.2483
24.7326
22.664
20.4243
18.7664
18.4441
19.4747
21.1067
22.529
23.2842
23.2624
22.5815
21.4821
20.2475
19.1298
18.2723
17.6578
17.1252
16.4518
15.4457
14.0067
12.1506
10.0235
7.93535
6.43458
6.17862
7.17002
8.71303
10.2491
11.5246
12.4667
13.1025
13.5156
13.8111
14.0805
14.3725
14.6793
14.9445
15.0862
15.0223
14.6898
14.0555
13.1186
11.91
10.4884
8.93903
7.37781
5.96722
4.94153
4.56605
4.90634
5.71913
6.71448
7.71998
8.65527
9.47976
10.1743
10.7336
11.16
11.46
11.6406
11.7082
11.6669
11.5193
11.2658
10.9065
10.4421
9.87614
9.21713
8.48077
7.69244
6.88994
6.12654
5.47298
5.01217
4.81635
4.90849
5.24421
5.73895
6.30786
6.88583
7.42954
7.91263
8.3201
8.64381
8.87935
9.02417
9.07667
9.036
8.90243
8.67801
8.3674
7.97853
7.52335
7.01841
6.48546
5.95203
5.45165
5.02283
4.70507
4.53036
4.51185
4.63753
4.87504
5.18384
5.52544
5.86761
6.18485
6.45737
6.67004
6.81148
6.87358
6.85115
6.74193
6.54659
6.2689
5.91601
5.49881
5.03257
4.53799
4.04285
3.5844
3.21089
2.97706
2.92555
3.06062
3.34356
3.71672
4.12725
4.53515
4.91239
5.24003
5.50559
5.7011
5.82195
5.86617
5.83398
5.72762
5.55118
5.31061
5.01386
4.67108
4.29506
3.90193
3.51233
3.15286
2.85672
2.66051
2.59357
2.66266
2.84669
3.10887
3.41294
3.73013
4.03865
4.32197
4.56755
4.76604
4.91059
4.99631
5.02007
4.98035
4.87714
4.71193
4.48769
4.20883
3.88139
3.51325
3.11485
2.70048
2.2911
1.91984
1.63985
1.52143
1.60806
1.86766
2.22674
2.62717
3.03501
3.42612
3.78401
4.09801
4.36122
4.56886
4.71762
4.80544
4.83145
4.79595
4.70038
4.54743
4.34108
4.08671
3.79117
3.46304
3.11319
2.75572
2.4097
2.10145
1.86611
1.74244
1.75392
1.88897
2.10865
2.37264
2.65243
2.92817
3.18486
3.41141
3.59999
3.74512
3.84311
3.89169
3.88988
3.83789
3.73708
3.58991
3.39984
3.17137
2.91004
2.62266
2.3178
2.00676
1.70566
1.43919
1.24491
1.16849
1.23339
1.41366
1.65803
1.92844
2.20402
2.46856
2.71046
2.92244
3.09998
3.2401
3.34078
3.4009
3.42015
3.39907
3.33906
3.24236
3.1121
2.95223
2.76756
2.56388
2.34821
2.1292
1.91754
1.72639
1.57113
1.46735
1.426
1.44769
1.52159
1.63092
1.75931
1.89335
2.02231
2.13782
2.23364
2.30539
2.35018
2.36633
2.35326
2.31136
2.24201
2.14754
2.03127
1.89764
1.75232
1.60259
1.45779
1.32966
1.2322
1.17935
1.18025
1.23439
1.33178
1.45831
1.60066
1.7478
1.89099
2.02361
2.14087
2.23937
2.31671
2.37128
2.40207
2.40866
2.39117
2.35023
2.287
2.20314
2.10073
1.98226
1.85064
1.70931
1.56232
1.41451
1.27171
1.14097
1.03053
0.949048
0.903386
0.895478
0.920712
0.970212
1.03506
1.1082
1.18372
1.25638
1.32201
1.3777
1.42168
1.45308
1.47177
1.47827
1.47375
1.45992
1.43907
1.41388
1.3873
1.36236
1.34197
1.32858
1.324
1.32914
1.34395
1.36746
1.39799
1.43339
1.47135
1.50953
1.54579
1.57824
1.60531
1.62573
1.63857
1.64322
1.63938
1.62705
1.60651
1.57833
1.54331
1.50244
1.45695
1.40819
1.35761
1.30676
1.25718
1.21034
1.16755
1.12988
1.09806
1.07242
1.05289
1.039
1.02998
1.0249
1.02272
1.02247
1.02332
1.02462
1.02595
1.02719
1.02844
1.03005
1.03256
1.03662
1.04297
1.05228
1.06512
1.08184
1.10256
1.12711
1.15504
1.18568
1.21814
1.25145
1.28454
1.31635
1.34586
1.3721
1.39422
1.41146
1.42321
1.42896
1.42835
1.42115
1.40727
1.38672
1.35965
1.32632
1.28708
1.24239
1.19279
1.1389
1.0814
1.02105
0.958663
0.89513
0.831402
0.768518
0.707629
0.650031
