
Dual Residual: 
1
6281.47
1496.98
981.99
516.232
343.723
328.184
333.738
321.957
265.335
174.406
98.3435
98.0993
122.465
123.67
105.404
84.2643
72.7625
68.2065
61.4765
50.4059
39.9463
36.3959
38.5416
40.2441
38.8417
35.3014
31.9754
30.4737
30.5335
30.9947
31.2232
31.332
31.6922
32.4864
33.6174
34.8661
36.0402
37.0032
37.6374
37.8128
37.3861
36.2247
34.2389
31.4143
27.8373
23.7161
19.4057
15.4583
12.6734
11.834
12.845
14.733
16.6527
18.1995
19.2789
19.9791
20.4771
20.9598
21.5537
22.2812
23.064
23.7646
24.2386
24.3723
24.1013
23.4121
22.3351
20.9314
19.276
17.4442
15.5031
13.5083
11.5087
9.56469
7.78608
6.40273
5.81077
6.31447
7.71735
9.5817
11.6052
13.6315
15.5417
17.2402
18.6554
19.7368
20.4505
20.778
20.7147
20.2692
19.4617
18.3224
16.8884
15.2038
13.3167
11.2784
9.14244
6.9692
4.84547
2.98437
2.19794
3.29019
5.16851
7.13534
8.86343
10.4511
11.8632
13.0698
14.0547
14.8094
15.3237
15.5911
15.6106
15.3872
14.9317
14.2607
13.3961
12.3618
11.1835
9.89044
8.51735
7.11004
5.73786
4.52393
3.69977
3.5734
4.18592
5.21758
6.3637
7.51668
8.63788
9.67368
10.5808
11.3304
11.9041
12.2911
12.487
12.4924
12.3125
11.9568
11.4378
10.7713
9.97562
9.07245
8.08679
7.04829
5.99434
4.97709
4.078
3.42859
3.19623
3.45264
4.07666
4.88395
5.74575
6.58732
7.36256
8.0446
8.61648
9.06713
9.3889
9.57673
9.628
9.54254
9.32262
8.97305
8.50129
7.91687
7.23082
6.45631
5.6095
4.71117
3.79072
2.89771
2.13723
1.74604
1.97229
2.64774
3.41136
4.0727
4.76925
5.46119
6.09491
6.63896
7.07911
7.40692
7.61721
7.7073
7.67687
7.52809
7.2656
6.89599
6.42819
5.87372
5.2462
4.56162
3.8393
3.10487
2.39882
1.80154
1.48236
1.62402
2.1372
2.78118
3.39429
3.99036
4.52905
4.99318
5.37079
5.65705
5.85021
5.94934
5.95499
5.86921
5.69565
5.43969
5.10858
4.71062
4.25432
3.74907
3.20596
2.63918
2.06963
1.5361
1.13147
1.04956
1.37254
1.89238
2.23631
2.50675
2.88195
3.27628
3.63668
3.94538
4.19495
4.38006
4.49742
4.54497
4.5223
4.43116
4.2753
4.06003
3.7921
3.47986
3.13349
2.76552
2.39207
2.03519
1.72725
1.51475
1.44859
1.54684
1.77022
2.05462
2.35771
2.65731
2.93444
3.1758
3.37325
3.52248
3.62133
3.66876
3.66461
3.60951
3.50493
3.35331
3.15823
2.92433
2.65687
2.3618
2.04654
1.72122
1.40155
1.11579
0.918441
0.888292
1.04612
1.28674
1.45455
1.60587
1.81884
2.05255
2.27302
2.46625
2.62419
2.74176
2.81598
2.84506
2.82857
2.76758
2.66465
2.52352
2.34905
2.14727
1.92577
1.69439
1.46647
1.26113
1.10578
1.03355
1.06568
1.189
1.36305
1.55539
1.7538
1.94619
2.12087
2.27003
2.38925
2.47643
2.53061
2.55147
2.53929
2.49497
2.4201
2.3171
2.18927
2.04076
1.87642
1.70186
1.52394
1.35142
1.19575
1.07137
0.993756
0.972732
1.00381
1.06872
1.1501
1.24293
1.34593
1.45275
1.55485
1.6449
1.71742
1.76859
1.79605
1.79848
1.77557
1.72783
1.65664
1.56416
1.45334
1.32796
1.19288
1.05452
0.921801
0.807659
0.730145
0.708677
0.750444
0.837916
0.941532
1.0515
1.17057
1.29138
1.40486
1.50488
1.58785
1.65231
1.69781
1.72429
1.73207
1.72185
1.69482
1.65268
1.5976
1.53216
1.45933
1.3824
1.30495
1.23081
1.16392
1.108
1.06606
1.03983
1.02937
1.03316
1.04864
1.07278
1.10244
1.13429
1.16491
1.19089
1.2091
1.21682
1.21195
1.19297
1.15903
1.10986
1.04576
0.967592
0.876734
0.775239
0.666241
