
Dual Residual: 
1
6295.09
1394.44
887.192
469.04
357.479
318.855
280.884
276.175
256.826
195.902
117.433
76.9905
97.6665
117.35
117.132
103.346
86.3158
72.6877
62.6936
53.6371
45.276
40.6352
41.5112
44.8888
46.7641
45.364
40.936
34.8972
29.344
26.6937
28.2662
32.861
38.2772
42.9083
45.8799
46.8657
45.9643
43.5895
40.3433
36.877
33.7507
31.3034
29.5729
28.3257
27.193
25.8314
24.0293
21.7503
19.1441
16.5487
14.4831
13.5308
13.9826
15.5735
17.7742
20.1575
22.4716
24.5842
26.4236
27.9402
29.0879
29.8185
30.0856
29.8533
29.1053
27.8528
26.1381
24.0334
21.6372
19.0707
16.4748
14.0134
11.8831
10.322
9.56842
9.72499
10.6541
12.0842
13.7723
15.5482
17.2884
18.895
20.2899
21.4125
22.2185
22.6792
22.7809
22.5245
21.9236
21.0042
19.8027
18.3654
16.7493
15.0243
13.2782
11.6242
10.2099
9.2136
8.79937
9.02262
9.78074
10.8821
12.1413
13.4183
14.6187
15.6821
16.5709
17.2616
17.7399
17.9978
18.0321
17.8441
17.4392
16.8275
16.0247
15.0524
13.9393
12.7229
11.4521
10.1923
9.03108
8.0825
7.47736
7.31977
7.62348
8.29773
9.20547
10.2233
11.2592
12.246
13.1337
13.8852
14.4735
14.8789
15.0886
15.0956
14.8981
14.4999
13.9097
13.1412
12.2133
11.1513
9.98806
8.76747
7.5508
6.42819
5.53412
5.04326
5.08922
5.64151
6.53172
7.58376
8.67087
9.70962
10.6465
11.4467
12.087
12.5518
12.831
12.9197
12.8178
12.529
12.0614
11.4267
10.6406
9.72237
8.69573
7.59035
6.44599
5.32114
4.31201
3.58332
3.35382
3.70583
4.45774
5.37005
6.315
7.2436
8.1117
8.88367
9.53559
10.0517
10.4212
10.6368
10.6951
10.5959
10.3428
9.94244
9.40458
8.74164
7.96887
7.10441
6.1698
5.19189
4.20794
3.27942
2.52754
2.17963
2.41985
3.0988
3.94702
4.8129
5.65688
6.43137
7.11081
7.68111
8.13465
8.46517
8.66788
8.74075
8.68441
8.50168
8.19721
7.77754
7.25123
6.62818
5.91953
5.13819
4.29965
3.42381
2.54104
1.71697
1.16566
1.33871
2.10998
3.05156
3.54383
4.16506
4.81859
5.42186
5.94282
6.37895
6.72192
6.96188
7.09226
7.10985
7.01475
6.81043
6.50298
6.10041
5.6127
5.0508
4.42601
3.75002
3.03506
2.29496
1.5494
0.853526
