
Dual Residual: 
1
4848.97
1201.89
792.301
408.493
278.749
272.348
269.549
253.254
207.107
138.591
85.0821
84.6121
99.6347
98.4438
83.7633
67.8563
59.4485
55.896
50.3822
41.3896
32.7418
29.5104
31.158
32.7726
31.8343
28.6602
24.8398
22.0116
20.9859
21.534
22.9911
24.7484
26.2917
27.1958
27.2157
26.3671
24.9252
23.3369
22.0568
21.3429
21.13
21.0972
20.8612
20.1334
18.7826
16.8397
14.4865
12.055
10.0393
9.01983
9.26427
10.3994
11.8356
13.1885
14.3004
15.1553
15.8082
16.3321
16.7803
17.1661
17.462
17.6155
17.569
17.2758
16.7094
15.8652
14.7575
13.4156
11.8811
10.2086
8.47436
6.79884
5.39847
4.64404
4.86569
5.89605
7.29185
8.74872
10.1265
11.3424
12.3448
13.1092
13.6308
13.9174
13.9829
13.8432
13.513
13.0046
12.328
11.4928
10.5115
9.40347
8.20089
6.95663
5.75984
4.76302
4.19885
4.26964
4.91866
5.89264
6.96864
8.00922
8.93502
9.70361
10.2942
10.6996
10.9215
10.967
10.8472
10.5758
10.1686
9.64306
9.01854
8.31628
7.56057
6.78052
6.01312
5.30704
4.72582
4.34349
4.22122
4.36999
4.73889
5.24781
5.82474
6.41711
6.98702
7.50646
7.95492
8.31776
8.58497
8.75005
8.80933
8.76149
8.60727
8.34924
7.99179
7.5413
7.00673
6.40036
5.73898
5.04611
4.356
3.72084
3.21981
2.95569
3.00514
3.34748
3.88276
4.50762
5.14788
5.75415
6.29421
6.74677
7.09761
7.33733
7.46012
7.46323
7.34665
7.11305
6.76777
6.31872
5.77589
5.15113
4.45863
3.71593
2.94661
2.18892
1.52759
1.1886
1.43334
2.05974
2.72904
3.25208
3.81159
4.35521
4.84167
5.24826
5.56675
5.79276
5.92419
5.96055
5.903
5.75501
5.52247
5.21336
4.83758
4.40703
3.93579
3.44097
2.94467
2.47785
2.08672
1.83672
1.791
1.95469
2.26295
2.63764
3.02722
3.40058
3.73701
4.02355
4.25239
4.41919
4.52171
4.55914
4.53181
4.44119
4.28986
4.08155
3.82101
3.51375
3.16608
2.78565
2.38219
1.96911
1.56754
1.21661
0.993333
0.996835
1.22064
1.53071
1.80092
2.08297
2.38889
2.68396
2.94537
3.16199
3.32833
3.44149
3.4999
3.50308
3.45194
3.3491
3.19883
3.0069
2.78042
2.52801
2.26036
1.99123
1.73919
1.5296
1.39399
1.36023
1.43345
1.58934
1.79188
2.0126
2.23214
2.43604
2.61409
2.75976
2.86929
2.94068
2.97313
2.96677
2.92266
2.84283
2.73037
2.58939
2.42493
2.24296
2.05066
1.85685
1.67242
1.51046
1.38558
1.31093
1.29299
1.32745
1.40132
1.49982
1.611
1.72515
1.83362
1.9291
2.00607
2.0609
2.09156
2.09738
2.07876
2.03711
1.97472
1.89477
1.80129
1.69919
1.5943
1.49343
1.40425
1.33483
1.29247
1.28195
1.30396
1.35475
1.42754
1.51431
1.60734
1.69981
1.78616
1.86212
1.92462
1.97157
2.00172
2.01453
2.01006
1.98898
1.95253
1.90252
1.84125
1.77147
1.69639
1.61956
1.5448
1.47603
1.41692
1.37049
1.33866
1.32187
1.31905
1.3278
1.34486
1.36653
1.38907
1.40898
1.42314
1.42899
1.42459
1.40866
1.38057
1.34034
1.28859
1.22659
1.15622
1.08006
1.00142
0.92455
0.854669
0.797856
0.760299
0.746622
0.757805
0.790455
0.838622
0.896478
0.959142
1.02218
1.08165
1.13453
1.17891
1.21394
1.2395
1.256
1.26418
1.26513
1.26015
1.25078
1.23866
1.22547
1.21281
1.2021
1.19447
1.19069
1.19113
1.19568
1.20384
1.21473
1.22717
1.23975
1.25095
1.2592
1.263
1.26099
1.25197
1.23504
1.20953
1.17508
1.13167
1.07958
1.01943
0.95218
0.879145
0.802042
0.723145
0.645568
