
Dual Residual: 
1
6598.33
1479.16
991.011
516.03
328.77
331.152
348.157
333.267
269.299
173.398
99.628
105.185
128.297
125.888
104.768
84.472
77.77
77.155
70.6824
55.8809
37.7537
26.4158
29.1253
36.1068
40.1618
40.8714
39.776
38.1476
36.4962
35.028
34.1582
34.4462
36.0884
38.6564
41.3759
43.5154
44.5627
44.2414
42.4902
39.4456
35.4295
30.9317
26.5816
23.0761
20.9827
20.4115
20.9061
21.7915
22.5533
22.9515
22.9806
22.7911
22.6032
22.6158
22.9307
23.523
24.271
25.0183
25.627
26.0059
26.1139
25.9509
25.5419
24.9209
24.1174
23.1488
22.0198
20.729
19.2792
17.6922
16.025
14.3875
12.958
11.9784
11.6876
12.184
13.3503
14.9392
16.7022
18.4432
20.0203
21.3354
22.3251
22.9535
23.2058
23.0829
22.5972
21.7689
20.6239
19.1927
17.5104
15.619
13.5717
11.4427
9.34852
7.49536
6.25432
6.09013
7.06786
8.74227
10.6737
12.6091
14.4095
15.9922
17.3023
18.3022
18.9673
19.2834
19.2452
18.8555
18.1249
17.0713
15.7192
14.0981
12.2433
10.1981
8.01626
5.77408
3.63042
2.20645
2.94411
4.94807
7.19083
8.81951
10.5144
12.087
13.4446
14.5317
15.329
15.8254
16.0171
15.9074
15.5057
14.8286
13.899
12.7456
11.4023
9.90852
8.31086
6.66937
5.0766
3.71657
2.99258
3.32774
4.43459
5.80148
7.15798
8.43447
9.56293
10.5124
11.2635
11.8086
12.1454
12.2755
12.2047
11.9421
11.5012
10.899
10.1574
9.30223
8.36408
7.38025
6.39825
5.48172
4.71775
4.2155
4.06833
4.28039
4.75132
5.35293
5.99411
6.62078
7.19557
7.69118
8.08915
8.37831
8.55318
8.6128
8.55996
8.40074
8.14417
7.80184
7.38782
6.91858
6.41315
5.89334
5.3842
4.91437
4.51561
4.22004
4.05366
4.02738
4.13133
4.33788
4.61106
4.91555
5.22141
5.50533
5.75009
5.94346
6.07702
6.14533
6.14527
6.07578
5.93774
5.73402
5.4696
5.1515
4.78864
4.39235
3.97731
3.56289
3.17494
2.8469
2.61759
2.52027
2.5643
2.72657
2.96689
3.24994
3.55025
3.84583
4.1165
4.34556
4.52049
4.63258
4.67627
4.64868
4.54921
4.37938
4.14285
3.84571
3.49674
3.10774
2.69462
2.28018
1.90007
1.61233
1.49626
1.60149
1.88594
2.25262
2.63725
3.01692
3.3658
3.66546
3.90493
4.07889
4.18528
4.22372
4.19511
4.10163
3.94692
3.73653
3.47843
3.18287
2.86226
2.53249
2.21509
1.93971
1.74446
1.66627
1.71721
1.87008
2.07931
2.31436
2.56151
2.80651
3.03333
3.22868
3.38304
3.48999
3.54538
3.54682
3.49352
3.38619
3.227
3.01953
2.76875
2.48087
2.16324
1.82458
1.47623
1.13624
0.843514
0.694738
0.817894
1.17985
1.55026
1.72863
1.97426
2.21523
2.43036
2.61038
2.74942
2.84856
2.90883
2.93158
2.91811
2.87016
2.79062
2.68356
2.55397
2.40747
2.25041
2.0903
1.93612
1.79821
1.68754
1.61388
1.5831
1.59515
1.64425
1.72159
1.81796
1.9246
2.0331
2.13554
2.22496
2.29566
2.34327
2.36476
2.35828
2.32318
2.25992
2.16999
2.05586
1.92084
1.76894
1.60494
1.43451
1.26477
1.10524
0.969266
0.87467
0.839584
0.869497
0.945896
1.038
1.13208
1.22962
1.32555
1.4114
1.48091
1.5305
1.55899
1.56668
1.55474
1.52497
1.4798
1.42246
1.35698
1.28827
1.22203
1.16459
1.12229
1.10041
1.10181
1.12616
1.1707
1.23163
1.30494
1.38615
1.47005
1.55119
1.62449
1.68568
1.73155
1.75985
1.76932
1.75955
1.73096
1.68482
1.62318
1.54891
1.46568
1.37784
1.29029
1.20838
1.13751
1.08256
1.04703
1.032
1.03565
1.05372
1.0808
1.11152
1.14112
1.16559
1.18162
1.18665
1.17896
1.15759
1.12235
1.0738
1.01333
0.943257
0.867129
0.7901
0.719454
0.664789
0.636393
0.639865
0.669185
0.708292
0.74728
0.792525
0.851436
0.921614
0.997024
1.07333
1.14699
1.21474
1.27407
1.32324
1.36123
1.38778
1.40323
1.40837
1.40435
1.39255
1.37449
1.35179
1.32609
1.29897
1.27191
1.2462
1.22288
1.20267
1.18597
1.17281
1.1629
1.15562
1.1501
1.14529
1.14003
1.13314
1.12351
1.11014
1.0922
1.06908
1.04037
1.00593
0.965842
0.920467
0.870413
0.816584
0.76022
0.702989
0.64712
