
Objective value: 
6.5245e-05
7328.66
8241.52
8190.29
7987.04
7619.59
7282.53
7121.06
7164.65
7359.93
7613.77
7839.06
7983.08
8035.96
8006.56
7934.92
7858.77
7798.8
7763.48
7751.66
7758.18
7777.46
7803.87
7833.1
7861.65
7888.15
7915.31
7945.26
7977.86
8011.42
8043.94
8073.96
8100.18
8121.27
8136.06
8144.01
8145.34
8140.95
8131.93
8119.25
8103.71
8085.97
8066.77
8046.83
8026.42
8005.74
7985.14
7964.99
7945.53
7926.75
7908.61
7891.4
7875.62
7861.68
7849.65
7839.06
7829.01
7818.92
7809.08
7800.19
7792.73
7786.84
7782.52
7779.73
7778.53
7779.2
7782.38
7787.99
7795.65
7805.2
7816.62
7829.88
7845.02
7862.06
7881.13
7902.49
7926.52
7953.14
7978.89
7996.51
8006.7
8014.56
8021.34
8026.64
8030.06
8031.44
8030.72
8027.93
8023.19
8016.74
8009
8000.47
7991.36
7981.77
7971.88
7961.93
7952.23
7943.14
7935.09
7928.62
7924.28
7921.94
7919.23
7912.02
7900.32
7887.35
7874.92
7863.48
7853.14
7843.97
7836.05
7829.48
7824.34
7820.72
7818.8
7818.83
7820.98
7825.09
7830.92
7838.32
7847.18
7857.46
7869.15
7882.38
7897.46
7914.94
7935.43
7957.38
7973.42
7980.08
7983.3
7986.1
7988.37
7989.73
7990.02
7989.17
7987.15
7983.94
7979.55
7974.12
7968.02
7961.9
7955.68
7949.18
7942.48
7935.77
7929.32
7923.5
7918.88
7916.43
7918.13
7928.88
7960.71
7978.03
7946.92
7926.7
7915.55
7906.71
7898.98
7892.17
7886.37
7881.56
7877.69
7874.72
7872.7
7871.97
7873.02
7875.55
7879.22
7883.94
7889.7
7896.54
7904.6
7914.17
7925.86
7940.85
7961.2
7986.84
8001.8
7999.89
7996.81
7996.16
7995.62
7994.41
7992.57
7990.1
7986.96
7983.13
7978.63
7973.56
7968.14
7962.76
7957.59
7952.55
7947.64
7942.94
7938.61
7934.87
7931.99
7930.39
7930.62
7933.41
7939.04
7944.91
7944.87
7938.85
7931.76
7925.48
7919.94
7915.02
7910.64
7906.78
7903.46
7900.7
7898.59
7897.32
7897.08
7897.89
7899.61
7902.16
7905.49
7909.61
7914.57
7920.49
7927.53
7935.92
7945.76
7956.46
7965.8
7970.99
7972.29
7971.86
7970.78
7969.17
7967.09
7964.57
7961.66
7958.38
7954.81
7951.04
7947.2
7943.42
7939.75
7936.23
7932.9
7929.82
7927.06
7924.71
7922.87
7921.62
7920.96
7920.75
7920.63
7920.01
7918.43
7915.83
7912.53
7908.91
7905.24
7901.67
7898.32
7895.25
7892.56
7890.33
7888.71
7887.82
7887.71
7888.38
7889.79
7891.93
7894.8
7898.44
7902.9
7908.22
7914.4
7921.25
7928.17
7934.07
7937.97
7939.83
7940.27
7939.81
7938.7
7937.09
7935.09
7932.77
7930.19
7927.41
7924.5
7921.58
7918.73
7916.05
7913.6
7911.43
7909.6
7908.22
7907.39
7907.22
7907.81
7909.14
7910.9
7912.35
7912.57
7911.22
7908.69
7905.56
7902.18
7898.73
7895.3
7891.95
7888.72
7885.65
7882.83
7880.36
7878.45
7877.27
7876.85
7877.18
7878.22
7880.02
7882.65
7886.25
7891.06
7897.43
7905.75
7916.02
7926.34
7932.26
7932.77
7932.01
7932.26
7931.99
7930.47
7928.41
7926.19
7923.85
7921.4
7918.89
7916.35
7913.84
7911.44
7909.21
7907.22
7905.55
7904.24
7903.38
7903.05
7903.35
7904.34
7906.04
7908.29
7910.63
7912.33
7912.79
7912
7910.35
7908.18
7905.7
7903.04
7900.3
7897.56
7894.87
7892.3
7889.91
7887.82
7886.12
7884.91
7884.23
7884.05
7884.38
7885.18
7886.46
7888.2
7890.4
7893.02
7896.01
7899.23
7902.48
7905.5
7908.03
7909.93
7911.19
7911.88
7912.08
7911.88
7911.37
7910.63
7909.77
7908.83
7907.9
7907
7906.2
7905.52
7904.99
7904.63
7904.44
7904.4
7904.45
7904.52
7904.51
7904.34
7903.93
7903.27
7902.34
7901.18
7899.84
7898.37
7896.8
7895.19
7893.57
7892
7890.51
7889.15
7887.96
7886.96
7886.18
7885.64
7885.32
7885.22
7885.32
7885.57
7885.93
7886.35
7886.78
7887.19
7887.52
7887.76
7887.9
7887.93
7887.86
7887.7
7887.5
7887.27
7887.05
7886.9
7886.87
7887
7887.38
7888.09
7889.25
