
Objective value: 
75.7815
8244.62
9866.7
9528.73
8730
7739.92
6983.88
6696.11
6854.54
7322.9
7927.97
8498.77
8908.89
9107.84
9115.27
9006.54
8861.34
8737.32
8663.74
8646.78
8679.01
8745.34
8829.98
8922.08
9006.65
9078.67
9152.04
9232.64
9322.47
9420.73
9523.65
9625.03
9717.22
9792.58
9845.36
9872.78
9874.42
9851.5
9806.57
9743.19
9665.44
9577.53
9483.63
9387.85
9293.94
9205.1
9123.82
9051.89
8990.4
8939.67
8899.28
8868.12
8844.5
8826.03
8810
8794.68
8779.91
8766.17
8753.99
8743.95
8736.85
8733.62
8735.29
8742.75
8756.54
8776.81
8803.43
8836
8873.9
8916.33
8962.35
9011.05
9061.68
9113.79
9166.88
9217.35
9256.33
9283.57
9304.45
9320.28
9330.62
9335.31
9334.6
9328.91
9318.73
9304.65
9287.55
9268.86
9248.88
9227.62
9205.43
9182.77
9160.17
9138.28
9117.97
9100.3
9085.66
9070.2
9047.5
9020.03
8992.79
8967.4
8944.13
8923.16
8904.78
8889.31
8877.04
8868.25
8863.17
8862.06
8865.02
8871.87
8882.34
8896.1
8912.82
8932.16
8953.71
8976.99
9001.42
9026.24
9050.56
9073.58
9094.75
9113.8
9130.6
9145.06
9157.07
9166.51
9173.32
9177.46
9178.95
9177.85
9174.28
9168.42
9160.45
9150.54
9138.89
9125.69
9111.21
9095.72
9079.53
9062.97
9046.38
9030.12
9014.5
8999.8
8986.18
8973.65
8962.04
8951.12
8940.88
8931.6
8923.67
8917.39
8912.96
8910.48
8910
8911.55
8915.13
8920.68
8928.08
8937.15
8947.69
8959.5
8972.41
8986.24
9000.84
9016.08
9031.71
9047.27
9061.74
9073.79
9082.67
9088.72
9092.54
9094.45
9094.59
9093.05
9089.96
9085.51
9079.88
9073.29
9065.94
9057.99
9049.61
9040.97
9032.25
9023.62
9015.23
9007.16
8999.42
8991.94
8984.61
8977.37
8970.3
8963.54
8957.26
8951.61
8946.72
8942.67
8939.54
8937.42
8936.43
8936.69
8938.26
8941.13
8945.23
8950.48
8956.78
8964.04
8972.1
8980.76
8989.72
8998.61
9007.06
9014.77
9021.57
9027.37
9032.15
9035.86
9038.51
9040.12
9040.73
9040.42
9039.25
9037.35
9034.81
9031.74
9028.29
9024.56
9020.68
9016.76
9012.9
9009.19
9005.7
9002.5
8999.6
8997.03
8994.73
8992.62
8990.56
8988.42
8986.1
8983.58
8980.89
8978.11
8975.29
8972.5
8969.81
8967.24
8964.86
8962.73
8960.99
8959.82
8959.37
8959.65
8960.56
8962.02
8964
8966.45
8969.32
8972.57
8976.12
8979.88
8983.75
8987.58
8991.23
8994.55
8997.45
8999.89
9001.87
9003.42
9004.58
9005.41
9005.94
9006.23
9006.3
9006.17
9005.86
9005.34
9004.59
9003.59
9002.32
9000.77
8998.95
8996.91
8994.7
8992.35
8989.94
8987.49
8985.07
8982.72
8980.47
8978.36
8976.42
8974.67
8973.14
8971.82
8970.72
8969.83
8969.12
8968.57
8968.14
8967.8
8967.52
8967.27
8967.03
8966.79
8966.53
8966.25
8965.96
8965.67
8965.39
8965.13
8964.92
8964.77
8964.71
8964.76
8964.94
8965.28
8965.84
8966.67
8967.84
8969.47
8971.67
8974.63
8978.54
8983.57
8989.66
8996.03
9000.94
9003.16
9003.75
9004.42
9005.15
9004.9
9003.69
9002.02
9000.2
8998.29
8996.38
8994.52
8992.79
8991.22
8989.86
8988.74
8987.85
8987.21
8986.78
8986.54
8986.44
8986.42
8986.43
8986.42
8986.34
8986.14
8985.78
8985.25
8984.53
8983.61
8982.49
8981.18
8979.69
8978.05
8976.3
8974.47
8972.59
8970.72
8968.89
8967.14
8965.51
8964.05
8962.79
8961.79
8961.1
8960.76
8960.86
8961.45
8962.65
8964.54
8967.27
8970.93
8975.56
8980.9
8986.19
8990.33
8992.92
8994.79
8996.83
8998.91
9000.35
9001.01
9001.2
9001.19
9001.02
9000.71
9000.31
8999.86
8999.36
8998.84
8998.29
8997.7
8997.06
8996.36
8995.58
8994.7
8993.71
8992.61
8991.37
8990
8988.49
8986.87
8985.14
8983.32
8981.44
8979.52
8977.6
8975.68
8973.79
8971.95
8970.18
8968.5
8966.91
8965.45
8964.14
8962.99
8962.04
8961.31
8960.83
8960.62
8960.72
8961.15
8961.95
8963.15
8964.76
8966.81
8969.31
8972.21
8975.45
8978.88
8982.34
8985.65
8988.72
8991.54
8994.12
8996.44
8998.43
9000.04
9001.27
9002.16
9002.73
9003.01
9003.04
9002.84
9002.43
9001.84
9001.08
9000.17
8999.1
8997.9
8996.54
8995.05
8993.42
8991.66
8989.76
8987.75
8985.63
8983.42
8981.16
8978.88
8976.63
8974.44
8972.35
8970.37
8968.5
8966.76
8965.16
8963.69
8962.38
8961.25
8960.31
8959.57
8959.08
8958.85
8958.92
8959.32
8960.1
8961.29
8962.93
8965.08
8967.74
8970.91
8974.48
8978.27
8982.03
8985.52
8988.7
8991.73
8994.7
8997.54
9000.02
9002.02
9003.57
9004.78
9005.69
9006.27
9006.53
9006.52
9006.29
9005.86
9005.25
9004.49
9003.58
9002.54
9001.35
9000.03
8998.57
8996.97
8995.24
8993.37
8991.36
8989.23
8986.99
8984.66
8982.28
8979.9
8977.57
8975.34
8973.24
8971.3
8969.5
8967.85
8966.37
8965.06
8963.93
8963.02
8962.34
8961.91
8961.76
8961.94
8962.46
8963.38
8964.74
8966.57
8968.93
8971.8
8975.13
8978.77
8982.45
8985.9
8989.01
8991.94
8994.91
8997.93
9000.74
9003.04
9004.81
9006.24
9007.48
9008.48
9009.14
9009.49
9009.59
9009.48
9009.2
9008.76
9008.16
9007.43
9006.56
9005.55
9004.41
9003.12
9001.69
9000.12
8998.39
8996.53
8994.51
8992.37
8990.11
8987.74
8985.32
8982.88
8980.49
8978.21
8976.07
8974.08
8972.25
8970.6
8969.12
8967.83
8966.77
8965.94
8965.38
8965.11
8965.18
8965.62
8966.48
8967.81
8969.64
8972
8974.88
8978.15
8981.58
8984.88
8987.83
8990.47
8993.08
8995.79
8998.49
9000.85
9002.72
9004.23
9005.57
9006.76
9007.71
9008.38
9008.81
9009.04
9009.11
9009.01
9008.75
9008.34
9007.78
9007.07
9006.22
9005.21
9004.05
9002.73
9001.25
8999.62
8997.84
8995.91
8993.85
8991.66
8989.36
8987
8984.6
8982.22
8979.91
8977.72
8975.66
8973.77
8972.04
8970.49
8969.14
8968
8967.1
8966.47
8966.13
8966.12
8966.47
8967.21
8968.4
8970.05
8972.18
8974.76
8977.68
8980.74
8983.71
8986.42
8988.9
8991.33
8993.81
8996.25
8998.43
9000.26
9001.78
9003.12
9004.3
9005.29
9006.04
9006.56
9006.88
9007.03
9007.01
9006.82
9006.47
9005.96
9005.29
9004.47
9003.48
9002.35
9001.05
8999.6
8998.01
8996.26
8994.38
8992.37
8990.24
8988.02
8985.73
8983.4
8981.09
8978.84
8976.68
8974.65
8972.76
8971.03
8969.48
8968.11
8966.95
8966.01
8965.33
8964.92
8964.83
8965.08
8965.71
8966.77
8968.28
8970.28
8972.73
8975.55
8978.53
8981.44
8984.07
8986.45
8988.77
8991.19
8993.61
8995.79
8997.59
8999.08
9000.41
9001.62
9002.65
9003.45
9004.02
9004.4
9004.62
9004.68
9004.57
9004.31
9003.89
9003.32
9002.59
9001.7
9000.66
8999.46
8998.1
8996.59
8994.94
8993.15
8991.22
8989.19
8987.06
8984.86
8982.62
8980.38
8978.19
8976.08
8974.09
8972.24
8970.54
8969
8967.65
8966.5
8965.56
8964.87
8964.45
8964.32
8964.51
8965.06
8965.99
8967.34
8969.12
8971.3
8973.82
8976.54
8979.25
8981.81
8984.19
8986.51
8988.89
8991.31
8993.59
8995.56
8997.22
8998.71
9000.09
9001.34
9002.35
9003.11
9003.65
9004
9004.18
9004.17
9003.99
9003.63
9003.11
9002.42
9001.58
9000.58
8999.43
8998.13
8996.68
8995.09
8993.36
8991.52
8989.56
8987.5
8985.38
8983.21
8981.03
8978.88
8976.81
8974.84
8973
8971.31
8969.79
8968.44
8967.29
8966.36
8965.66
8965.23
8965.09
8965.27
8965.8
8966.71
8968.02
8969.73
8971.8
8974.13
8976.58
8978.97
8981.2
8983.3
8985.4
8987.56
8989.71
8991.72
8993.5
8995.08
8996.57
8997.99
8999.27
9000.38
9001.29
9002.03
9002.6
9003
9003.21
9003.24
9003.08
9002.73
9002.2
9001.49
9000.6
8999.55
8998.33
8996.95
8995.43
8993.77
8991.97
8990.07
8988.06
8985.98
8983.84
8981.69
8979.55
8977.48
8975.5
8973.65
8971.95
8970.42
8969.07
8967.92
8967
8966.32
8965.9
8965.78
8965.99
8966.54
8967.46
8968.75
8970.4
8972.34
8974.45
8976.6
8978.65
8980.56
8982.41
8984.27
8986.16
8988
8989.72
8991.28
8992.75
8994.17
8995.54
8996.82
8997.99
8999.03
8999.94
9000.71
9001.31
9001.74
9001.97
9001.99
9001.8
9001.41
9000.81
9000.02
8999.03
8997.87
8996.54
8995.05
8993.42
8991.66
8989.79
8987.82
8985.76
8983.65
8981.52
8979.39
8977.31
8975.32
8973.45
8971.73
8970.16
8968.78
8967.61
8966.65
8965.94
8965.5
8965.36
8965.55
8966.1
8967.05
8968.4
8970.13
8972.18
8974.37
8976.51
8978.44
8980.17
8981.83
8983.55
8985.28
8986.91
8988.33
8989.59
8990.79
8991.99
8993.16
8994.28
8995.33
8996.31
8997.24
8998.08
8998.81
8999.41
8999.83
9000.08
9000.12
8999.95
8999.57
8998.97
8998.16
8997.15
8995.95
8994.58
8993.05
8991.38
8989.58
8987.67
8985.66
8983.6
8981.49
8979.39
8977.31
8975.31
8973.42
8971.66
8970.06
8968.65
8967.43
8966.44
8965.7
8965.23
8965.06
8965.22
8965.75
8966.67
8968
8969.71
8971.73
8973.89
8975.97
8977.83
8979.49
8981.13
8982.86
8984.62
8986.23
8987.59
8988.77
8989.9
8991.06
8992.22
8993.33
8994.38
8995.38
8996.35
8997.27
8998.11
8998.83
8999.41
8999.8
9000.01
9000
8999.78
8999.34
8998.67
8997.8
8996.72
8995.47
8994.04
8992.46
8990.75
8988.92
8986.99
8985
8982.95
8980.89
8978.84
8976.85
8974.94
8973.15
8971.51
8970.05
8968.78
8967.72
8966.91
8966.37
8966.13
8966.23
8966.7
8967.59
8968.92
8970.68
8972.78
8975.03
8977.14
8978.92
8980.45
8982.01
8983.76
8985.57
8987.14
8988.32
8989.28
8990.27
8991.35
8992.43
8993.42
8994.36
8995.3
8996.27
8997.24
8998.17
8999.02
8999.75
9000.33
9000.73
9000.95
9000.95
9000.73
9000.28
8999.6
8998.72
8997.63
8996.35
8994.9
8993.31
8991.59
8989.76
8987.85
8985.88
8983.87
8981.86
8979.89
8977.98
8976.18
8974.5
8972.99
8971.67
8970.56
8969.69
8969.1
8968.8
8968.85
8969.28
8970.14
8971.43
8973.16
8975.22
8977.38
8979.35
8980.98
8982.39
8983.92
8985.69
8987.5
8988.98
8990.02
8990.84
8991.76
8992.81
8993.86
8994.82
8995.73
8996.68
8997.68
8998.73
8999.77
9000.75
9001.62
9002.35
9002.91
9003.29
9003.46
9003.41
9003.12
9002.61
9001.86
9000.91
8999.76
8998.42
8996.93
8995.31
8993.57
8991.74
8989.85
8987.91
8985.96
8984.02
8982.14
8980.33
8978.64
8977.08
8975.7
8974.51
8973.56
8972.86
8972.46
8972.4
8972.72
8973.48
8974.73
8976.45
8978.58
8980.85
8982.88
8984.4
8985.62
8987.04
8988.91
8990.85
8992.32
8993.1
8993.64
8994.41
8995.39
8996.31
8997.08
8997.8
8998.6
8999.53
9000.55
9001.62
9002.67
9003.66
9004.54
9005.27
9005.84
9006.23
9006.41
9006.37
9006.1
9005.6
9004.87
9003.93
9002.79
9001.47
9000
8998.4
8996.7
8994.91
8993.07
8991.19
8989.32
8987.49
8985.71
8984.02
8982.46
8981.05
8979.83
8978.82
8978.06
8977.59
8977.45
8977.7
8978.38
8979.54
8981.21
8983.29
8985.53
8987.5
8988.92
8990.06
8991.49
8993.5
8995.67
8997.25
8997.9
8998.2
8998.9
9000.03
9001.09
9001.88
9002.51
9003.23
9004.11
9005.14
9006.25
9007.39
9008.47
9009.46
9010.32
9011.04
9011.62
9012.01
9012.2
9012.16
9011.9
9011.42
9010.72
9009.8
9008.7
9007.43
9006.01
9004.47
9002.84
9001.14
8999.4
8997.64
8995.9
8994.2
8992.58
8991.05
8989.65
8988.42
8987.38
8986.58
8986.04
8985.83
8985.99
8986.59
8987.7
8989.35
