
Objective value: 
4.05157e-06
7526.24
8320.71
8279.03
8141.26
7834.28
7514.09
7319.26
7294.9
7412.15
7599.23
7781.45
7908.19
7964.12
7944.43
7885.23
7818.58
7763.11
7727.65
7711.07
7709.3
7718.82
7733.94
7749.47
7762.48
7772.56
7782.37
7795.07
7812.27
7833.97
7859.53
7888.18
7918.81
7949.97
7980.2
8008.31
8033.55
8055.64
8074.69
8090.88
8104.38
8115.34
8123.89
8130.22
8134.58
8137.3
8138.76
8139.34
8139.39
8139.21
8139.03
8138.99
8139.14
8139.37
8139.5
8139.25
8138.32
8136.44
8133.39
8129.05
8123.38
8116.46
8108.42
8099.49
8089.91
8079.95
8069.86
8059.88
8050.2
8040.95
8032.22
8024.04
8016.38
8009.21
8002.43
7995.97
7989.7
7983.52
7977.29
7970.91
7964.26
7957.28
7949.94
7942.23
7934.2
7925.94
7917.54
7909.16
7900.96
7893.09
7885.74
7879.06
7873.18
7868.24
7864.31
7861.4
7859.47
7858.37
7857.87
7857.7
7857.62
7857.55
7857.49
7857.54
7857.78
7858.29
7859.11
7860.26
7861.78
7863.69
7866.03
7868.83
7872.13
7875.96
7880.34
7885.26
7890.7
7896.62
7902.97
7909.68
7916.72
7924.01
7931.5
7939.15
7946.89
7954.7
7962.51
7970.25
7977.8
7985
7991.6
7997.34
8002
8005.48
8007.8
8009.07
8009.42
8008.99
8007.88
8006.18
8003.95
8001.27
7998.18
7994.73
7990.96
7986.93
7982.68
7978.25
7973.7
7969.06
7964.42
7959.83
7955.36
7951.1
7947.1
7943.4
7940.04
7937.02
7934.38
7932.14
7930.31
7928.96
7928.11
7927.86
7928.32
7929.64
7932.06
7935.87
7941.4
7948.63
7956.29
7961.2
7961.11
7957.45
7952.46
7947.12
7941.64
7936.02
7930.27
7924.37
7918.3
7912.08
7905.72
7899.23
7892.66
7886.05
7879.46
7872.98
7866.74
7860.87
7855.51
7850.7
7846.47
7842.84
7839.86
7837.58
7836.07
7835.39
7835.62
7836.81
7839.01
7842.22
7846.35
7851.23
7856.55
7861.95
7867.16
7872.09
7876.84
7881.52
7886.27
7891.14
7896.18
7901.39
7906.74
7912.22
7917.78
7923.39
7928.99
7934.55
7940.01
7945.33
7950.46
7955.38
7960.03
7964.38
7968.4
7972.06
7975.33
7978.18
7980.59
7982.54
7984.02
7985.02
7985.52
7985.51
7984.99
7983.94
7982.37
7980.25
7977.59
7974.4
7970.66
7966.41
7961.67
7956.47
7950.87
7944.91
7938.65
7932.15
7925.47
7918.67
7911.81
7904.96
7898.15
7891.45
7884.9
7878.54
7872.42
7866.57
7861
7855.75
7850.81
7846.18
7841.84
7837.76
7833.9
7830.23
7826.73
7823.37
7820.17
7817.13
7814.3
7811.71
7809.41
7807.42
7805.81
7804.61
7803.88
7803.67
7804.03
7804.99
7806.57
7808.78
7811.6
7815.04
7819.09
7823.75
7829.03
7834.94
7841.53
7848.81
7856.84
7865.65
7875.28
7885.71
7896.8
7908.18
7919.23
7929.18
7937.52
7944.2
7949.55
7953.93
7957.61
7960.72
7963.33
7965.47
7967.15
7968.35
7969.06
7969.28
7969
7968.24
7967.02
7965.4
7963.48
7961.35
7959.08
7956.64
7954.01
7951.18
7948.13
7944.9
7941.49
7937.93
7934.28
7930.57
7926.86
7923.21
7919.68
7916.34
7913.26
7910.47
7907.99
7905.75
7903.58
7901.2
7898.27
7894.52
7889.91
7884.59
7878.81
7872.83
7866.84
7861
7855.38
7850.07
7845.1
7840.52
7836.36
7832.64
7829.4
7826.66
7824.45
7822.8
7821.75
7821.32
7821.51
7822.33
7823.75
7825.76
7828.33
7831.42
7835.01
7839.06
7843.55
7848.41
7853.62
7859.11
7864.82
7870.68
7876.61
7882.54
7888.37
7894.06
7899.52
7904.72
7909.61
7914.16
7918.37
7922.2
7925.64
7928.7
7931.35
7933.58
7935.4
7936.78
7937.73
7938.24
7938.32
7937.95
7937.15
7935.94
7934.32
7932.31
7929.94
7927.25
7924.26
7921.01
7917.55
7913.91
7910.15
7906.29
7902.4
7898.5
7894.63
7890.83
7887.12
7883.52
7880.07
7876.78
7873.68
7870.79
7868.14
7865.76
7863.68
7861.92
7860.53
7859.54
7858.99
7858.91
7859.33
7860.24
7861.6
7863.29
7865.1
7866.74
7867.9
7868.35
7868.08
7867.19
7865.88
7864.29
7862.56
7860.76
7858.95
7857.15
7855.38
7853.66
7852
7850.41
7848.91
7847.52
7846.3
7845.3
7844.58
7844.19
7844.13
7844.41
7845
7845.9
7847.12
7848.67
7850.58
7852.89
7855.67
7859
7863.04
7867.98
7874.17
7882.14
7892.84
7907.89
7929.68
7956.72
7968.8
7961.09
7954.15
7954.19
7953.63
7951.57
7949.45
7947.52
7945.63
7943.73
7941.75
7939.67
7937.48
7935.18
7932.75
7930.21
7927.57
7924.88
7922.25
7919.82
7917.68
7915.82
7914.2
7912.81
7911.65
7910.77
7910.18
7909.94
7910.13
7910.83
7912.17
7914.32
7917.5
7921.97
7927.96
7935.39
7943.32
7949.58
7952.27
7951.82
7949.85
7947.21
7944.17
7940.92
7937.61
7934.28
7930.94
7927.6
7924.24
7920.88
7917.51
7914.14
7910.81
7907.5
7904.27
7901.12
7898.1
7895.27
7892.66
7890.33
7888.32
7886.67
7885.39
7884.51
7884.03
7883.99
7884.38
7885.23
7886.56
7888.38
7890.69
7893.49
7896.72
7900.31
7904.15
7908.07
7911.9
7915.48
7918.72
7921.6
7924.11
7926.31
7928.25
7929.95
7931.45
7932.79
7933.96
7934.99
7935.87
7936.61
7937.2
7937.64
7937.93
7938.07
7938.07
7937.91
7937.6
7937.16
7936.59
7935.9
7935.11
7934.24
7933.29
7932.3
7931.26
7930.2
7929.12
7928.03
7926.94
7925.85
7924.77
7923.72
7922.7
7921.73
7920.82
7919.99
7919.26
7918.64
7918.15
7917.8
7917.58
7917.5
7917.53
7917.62
7917.7
7917.69
7917.5
7917.03
7916.22
7915.05
7913.53
7911.7
7909.62
7907.34
7904.92
7902.41
7899.85
7897.27
7894.71
7892.19
7889.74
7887.39
7885.16
7883.11
7881.28
7879.73
7878.5
7877.66
7877.22
7877.2
7877.59
7878.41
7879.66
7881.35
7883.52
7886.2
7889.44
7893.32
7897.94
7903.44
7909.98
7917.78
7927.03
7937.74
7949.38
7960.34
7968.58
7973.92
7978.38
7983.25
7987.14
7988.64
7988.49
7987.84
7986.92
7985.71
7984.29
7982.73
7981.03
7979.21
7977.26
7975.19
7973.03
7970.79
7968.53
7966.29
7964.13
7962.08
7960.2
7958.51
7957.01
7955.75
7954.72
7953.97
7953.53
7953.42
7953.71
7954.45
7955.72
7957.6
7960.21
7963.67
7968.08
7973.46
7979.6
7985.83
7991.06
7994.38
7995.91
7996.35
7996.01
7994.78
7992.89
7990.67
7988.31
7985.91
7983.52
7981.14
7978.8
7976.49
7974.23
7972.05
7969.97
7968.01
7966.21
7964.6
7963.2
7962.06
7961.17
7960.56
7960.23
7960.18
7960.42
7960.94
7961.75
7962.84
7964.22
7965.88
7967.83
7970.05
7972.54
7975.3
7978.32
7981.58
7985.06
7988.75
7992.61
7996.6
8000.65
8004.7
8008.65
8012.38
8015.78
8018.75
8021.18
8023.03
8024.28
8024.94
8025.06
8024.71
8023.96
8022.88
8021.55
8020.01
8018.31
8016.47
8014.54
8012.54
8010.49
8008.42
8006.37
8004.35
8002.4
8000.53
7998.78
7997.17
7995.71
7994.42
7993.34
7992.49
7991.89
7991.6
7991.65
7992.1
7993.05
7994.58
7996.84
8000.01
