
Objective value: 
2.1445e-05
8063.28
8174.27
7891.28
8020.67
8067.88
7930.4
7721.91
7580.9
7579.89
7712.18
7926.24
8152.25
8327.33
8415.64
8413.82
8344.77
8244.29
8146.42
8076.29
8047.55
8062.29
8114.21
8194.35
8293.64
8403.53
8517.42
8631.15
8742.79
8851.94
8958.91
9063.92
9166.3
9263.69
9352.98
9433.16
9505.06
9569.2
9625.75
9674.93
9717.11
9752.69
9781.94
9804.98
9821.78
9832.16
9835.86
9832.6
9822.1
9804.19
9778.77
9745.8
9705.47
9658.3
9605.13
9547.01
9485.17
9420.86
9355.25
9289.38
9224.06
9159.95
9097.71
9037.99
8981.46
8928.6
8879.78
8835.18
8794.84
8758.72
8726.68
8698.59
8674.34
8653.89
8637.26
8624.54
8615.85
8611.31
8611.06
8615.25
8624.02
8637.43
8655.42
8677.79
8704.24
8734.45
8768.04
8804.6
8843.7
8884.85
8927.54
8971.29
9015.56
9059.85
9103.66
9146.48
9187.78
9226.91
9263.16
9295.75
9324.11
9347.98
9367.41
9382.57
9393.59
9400.57
9403.59
9402.79
9398.33
9390.42
9379.33
9365.37
9348.88
9330.23
9309.76
9287.8
9264.68
9240.69
9216.16
9191.39
9166.71
9142.41
9118.83
9096.29
9075.12
9055.65
9038.2
9022.9
9009.47
8996.86
8983.53
8968.89
8953.85
8939.59
8926.7
8915.38
8905.66
8897.53
8891
8886.1
8882.86
8881.35
8881.7
8884.11
8888.77
8895.66
8904.54
8915.22
8927.58
8941.49
8956.84
8973.58
8991.68
9011.23
9032.44
9055.77
9081.96
9111.45
9141.4
9162.92
9174.55
9183.54
9192.59
9200.98
9208.06
9213.63
9217.58
9219.84
9220.42
9219.39
9216.85
9212.93
9207.82
9201.77
9195.18
9188.33
9181.1
9173.44
9165.37
9157
9148.46
9139.93
9131.66
9123.96
9117.27
9112.13
9109.19
9108.65
9108.58
9104.15
9093.81
9081.24
9068.98
9057.51
9046.76
9036.64
9027.1
9018.16
9009.87
9002.35
8995.72
8990.16
8985.81
8982.84
8981.37
8981.4
8982.87
8985.69
8989.77
8995.02
9001.37
9008.73
9017
9026.07
9035.74
9045.75
9055.76
9065.42
9074.48
9082.81
9090.41
9097.31
9103.54
9109.12
9114.04
9118.3
9121.88
9124.79
9127.06
9128.71
9129.77
9130.3
9130.34
9129.92
9129.09
9127.88
9126.3
9124.35
9122.04
9119.34
9116.19
9112.53
9108.3
9103.45
9097.95
9091.85
9085.21
9078.12
9070.68
9062.99
9055.16
9047.28
9039.45
9031.79
9024.38
9017.35
9010.78
9004.79
8999.47
8994.9
8991.18
8988.38
8986.57
8985.82
8986.14
8987.52
8989.84
8992.85
8996.16
8999.43
9002.46
9005.31
9008.1
9010.95
9013.91
9016.99
9020.16
9023.41
9026.71
9030.06
9033.43
9036.81
9040.2
9043.58
9046.95
9050.28
9053.55
9056.76
9059.88
9062.9
9065.82
9068.65
9071.39
9074.04
9076.57
9078.9
9080.85
9082.17
9082.59
9081.97
9080.32
9077.76
9074.46
9070.55
9066.14
9061.31
9056.16
9050.75
9045.17
9039.5
9033.83
9028.23
9022.79
9017.57
9012.65
9008.07
9003.87
9000.1
8996.77
8993.9
8991.48
8989.52
8987.99
8986.85
8986.07
8985.6
8985.43
8985.53
8985.91
8986.56
8987.51
8988.76
8990.31
8992.18
8994.35
8996.83
8999.6
9002.64
9005.93
9009.45
9013.16
9017.01
9020.94
9024.88
9028.73
9032.37
9035.66
9038.49
9040.76
9042.41
9043.42
9043.81
9043.6
9042.85
9041.58
9039.86
9037.72
9035.24
9032.47
9029.5
9026.44
9023.39
9020.42
9017.58
9014.92
9012.49
9010.34
9008.57
9007.27
9006.6
9006.78
9008.15
9011.25
9017.05
9027.35
9044.69
9063.48
9058.61
9044.88
9038.72
9039.16
9038.27
9036.09
9033.09
9029.63
9025.98
9022.31
9018.76
9015.44
9012.51
9010.12
9008.4
9007.42
9007.16
9007.52
9008.44
9009.82
9011.61
9013.76
9016.25
9019.03
9022.07
9025.34
9028.77
9032.25
9035.67
9038.85
9041.64
9043.94
9045.7
9046.93
9047.65
9047.91
9047.74
9047.19
9046.3
9045.1
9043.64
9041.97
9040.13
9038.16
9036.09
9033.95
9031.77
9029.55
9027.32
9025.08
9022.82
9020.57
9018.32
9016.09
9013.88
9011.71
9009.6
9007.57
9005.66
9003.89
9002.3
9000.92
8999.79
8998.94
8998.42
8998.25
8998.48
8999.14
9000.28
9001.91
9004.04
9006.61
9009.49
9012.41
9015.03
9017.05
9018.37
9019.04
9019.2
9018.93
9018.29
9017.32
9016.08
9014.59
9012.89
9011.03
9009.03
9006.94
9004.79
9002.64
9000.55
8998.6
8996.89
8995.46
8994.32
8993.46
8992.88
8992.58
8992.6
8992.98
8993.81
8995.2
8997.3
9000.38
9004.8
9011.13
9019.96
9030.57
9037.53
9036.13
9032.55
9032.26
9034.22
9034.96
9033.94
9031.88
9029.4
9026.68
9023.83
9020.92
9018.03
9015.24
9012.6
9010.16
9007.97
9006.06
9004.44
9003.15
9002.15
9001.44
9000.99
9000.77
9000.78
9000.99
9001.4
9001.99
9002.74
9003.65
9004.67
9005.79
9006.96
9008.14
9009.28
9010.32
9011.24
9011.98
9012.52
9012.84
9012.92
9012.77
9012.39
9011.77
9010.95
9009.94
9008.74
9007.39
9005.91
9004.31
9002.62
9000.85
8999.03
8997.19
8995.35
8993.53
8991.78
8990.12
8988.59
8987.23
8986.07
8985.14
8984.47
8984.1
8984.06
8984.38
8985.11
8986.32
8988.05
8990.39
8993.37
8996.99
9001.05
9005.07
9008.35
9010.49
9011.69
9012.45
9012.9
9012.88
9012.27
9011.14
9009.6
9007.77
9005.72
9003.5
9001.18
8998.8
8996.39
8994.01
8991.69
8989.51
8987.53
8985.82
8984.42
8983.33
8982.53
8982
8981.77
8981.85
8982.26
8983.08
8984.36
8986.21
8988.77
8992.21
8996.7
9002.25
9008.25
9013.01
9015.05
9015.5
9016.62
9019.03
9021.39
9022.32
9021.79
9020.6
9019.16
9017.44
9015.47
9013.34
9011.16
9008.97
9006.81
9004.71
9002.71
9000.85
8999.14
8997.62
8996.29
8995.16
8994.23
8993.5
8992.96
8992.6
8992.42
8992.41
8992.56
8992.89
8993.37
8994.01
8994.79
8995.69
8996.71
8997.81
8998.96
9000.12
9001.22
9002.23
9003.09
9003.75
9004.18
9004.37
9004.29
9003.96
9003.38
9002.57
9001.55
9000.36
8999.02
8997.55
8996
8994.4
8992.77
8991.16
8989.6
8988.13
8986.78
8985.6
8984.62
8983.87
8983.37
8983.18
8983.31
8983.81
8984.74
8986.17
8988.15
8990.75
8993.96
8997.59
9001.19
9004.07
9005.91
9007.09
9008.17
9009.25
9009.91
9009.83
9009.05
9007.77
9006.12
9004.17
9002.01
8999.71
8997.32
8994.88
8992.45
8990.05
8987.76
8985.62
8983.72
8982.1
8980.78
8979.75
8979.01
8978.54
8978.34
8978.42
8978.8
8979.52
8980.63
8982.17
8984.23
8986.89
8990.24
