
Objective value: 
9.43642e-05
5506.52
6347.86
6377.15
6169.73
5769.73
5403.11
5226.28
5267.98
5469.3
5732.7
5967.55
6117.5
6167.93
6133.55
6051.18
5957.23
5876.44
5821.32
5794.43
5791.73
5807.55
5836.2
5872.51
5912.83
5954.98
5997.7
6040.26
6082.46
6124.58
6162.22
6183.72
6195.79
6202.05
6202.63
6198.33
6190.67
6181.26
6171.29
6161.44
6151.95
6142.85
6134.05
6125.37
6116.53
6107.12
6096.7
6084.82
6071.18
6055.62
6038.24
6019.5
6000.14
5981.21
5963.9
5949.01
5934.38
5915.85
5896.79
5880.79
5868.26
5858.91
5852.47
5848.71
5847.4
5848.26
5851.05
5855.61
5861.92
5869.96
5879.54
5890.46
5902.58
5915.85
5930.27
5945.92
5962.99
5981.9
6003.37
6028.18
6054.54
6073.19
6081.3
6086.5
6091.41
6095.46
6098.14
6099.26
6098.73
6096.51
6092.6
6087.07
6080.17
6072.58
6064.54
6055.81
6046.43
6036.58
6026.49
6016.42
6006.7
5997.75
5990.23
5985.26
5985.05
5994.31
6013.1
6001.82
5979.13
5963.09
5951.48
5941.65
5933.25
5926.18
5920.46
5916.06
5912.93
5911.05
5910.51
5911.98
5915.43
5920.28
5926.39
5933.67
5942.09
5951.67
5962.51
5974.88
5989.36
6007.21
6030.4
6057
6069.45
6069.34
6069.6
6071.51
6072.84
6073.21
6072.65
6071.16
6068.7
6065.25
6060.84
6055.59
6049.85
6044.11
6038.28
6032.24
6026.03
6019.8
6013.72
6008.05
6003.11
5999.38
5997.66
5999.33
6006.52
6018.34
6018.18
6004.94
5992.76
5983.71
5975.95
5969.14
5963.15
5957.98
5953.61
5950.02
5947.25
5945.42
5944.9
5945.81
5947.9
5950.98
5955.01
5959.96
5965.87
5972.83
5981.08
5991.05
6003.57
6019.87
6039.39
6052.18
6052.84
6051.31
6051.42
6051.49
6050.72
6049.32
6047.35
6044.8
6041.64
6037.9
6033.64
6029.06
6024.49
6020.07
6015.73
6011.48
6007.37
6003.57
6000.24
5997.7
5996.38
5997.08
6001.3
6012.04
6031.45
6036.34
6020.94
6008.43
6002.04
5996.11
5990.55
5985.46
5980.88
5976.81
5973.22
5970.14
5967.65
5966.01
5965.43
5965.88
5967.2
5969.32
5972.26
5976.07
5980.9
5987.01
5994.91
6005.49
6019.92
6036.34
6043.61
6041.17
6038.77
6038.67
6038.03
6036.5
6034.54
6032.28
6029.69
6026.75
6023.47
6019.91
6016.17
6012.41
6008.79
6005.35
6002.12
5999.13
5996.46
5994.24
5992.64
5991.94
5992.55
5995.07
6000.3
6008.05
6013.45
6010.7
6004.34
5999.05
5994.54
5990.12
5985.98
5982.13
5978.58
5975.35
5972.44
5969.96
5968.01
5966.74
5966.21
5966.39
5967.26
5968.81
5971.09
5974.21
5978.34
5983.8
5991.09
6000.8
6012.49
6021.44
6022.61
6020.46
6019.77
6019.71
6018.3
6016.16
6013.81
6011.3
6008.62
6005.77
6002.78
5999.7
5996.62
5993.63
5990.79
5988.17
5985.81
5983.75
5982.07
5980.84
5980.19
5980.27
5981.27
5983.34
5986.46
5989.91
5992.05
5991.62
5989.35
5986.53
5983.57
5980.5
5977.46
5974.55
5971.82
5969.3
5967.05
5965.16
5963.72
5962.8
5962.45
5962.7
5963.58
5965.13
5967.43
5970.65
5974.99
5980.76
