
Objective value: 
8.07783e-06
4933.04
5448.23
5445.93
5347.42
5129.01
4913.6
4791.62
4787.35
4874.51
5001.74
5121.32
5203.52
5241.9
5237.67
5209
5178.44
5156.5
5147.24
5148.24
5156.13
5167.94
5179.47
5187.68
5191.87
5193.21
5193.98
5197.04
5203.36
5208.3
5212.31
5219.4
5229.14
5239.85
5250.11
5259.06
5266.39
5272.22
5276.82
5280.3
5282.46
5282.91
5281.36
5277.76
5272.23
5264.89
5255.94
5245.64
5234.39
5222.66
5211.03
5200.19
5191.13
5185.48
5184.77
5179.97
5167.27
5156.72
5148.95
5143.2
5139.09
5136.42
5135.07
5134.88
5135.68
5137.27
5139.44
5142
5144.81
5147.85
5151.19
5154.98
5159.32
5164.26
5169.85
5176.2
5183.54
5192.18
5202.49
5214.28
5225.22
5231.97
5235.32
5237.72
5240.01
5242.18
5244.09
5245.63
5246.7
5247.25
5247.26
5246.71
5245.63
5244.02
5241.87
5239.14
5235.85
5232.03
5227.77
5223.19
5218.42
5213.64
5209.05
5204.84
5201.13
5197.87
5194.65
5190.88
5186.42
5181.66
5177.09
5173.02
5169.55
5166.72
5164.53
5162.95
5161.96
5161.52
5161.63
5162.25
5163.41
5165.1
5167.34
5170.11
5173.39
5177.15
5181.33
5185.89
5190.73
5195.71
5200.65
5205.33
5209.56
5213.22
5216.3
5218.83
5220.85
5222.4
5223.52
5224.21
5224.5
5224.4
5223.93
5223.14
5222.04
5220.67
5219.06
5217.23
5215.19
5212.97
5210.61
5208.13
5205.56
5202.92
5200.24
5197.5
5194.71
5191.87
5188.99
5186.1
5183.28
5180.57
5178.04
5175.74
5173.72
5172.02
5170.65
5169.64
5169.01
5168.78
5168.95
5169.53
5170.51
5171.89
5173.62
5175.66
5177.94
5180.36
5182.84
5185.28
5187.61
5189.8
5191.82
5193.65
5195.29
5196.75
5198.01
5199.08
5199.96
5200.66
5201.18
5201.54
5201.74
5201.81
5201.77
5201.64
5201.42
5201.12
5200.74
5200.25
5199.63
5198.81
5197.75
5196.41
5194.78
5192.89
5190.78
5188.52
5186.17
5183.77
5181.39
5179.08
5176.88
5174.83
5172.98
5171.36
5170
5168.95
5168.22
5167.85
5167.87
5168.29
5169.12
5170.37
5172
5173.93
5176
5177.99
5179.69
5181.01
5181.96
5182.6
5183.05
5183.36
5183.57
5183.7
5183.78
5183.8
5183.79
5183.76
5183.72
5183.69
5183.69
5183.75
5183.87
5184.09
5184.42
5184.9
5185.54
5186.34
5187.27
5188.21
5188.95
5189.27
5188.99
5188.12
5186.76
5185.07
5183.17
5181.15
5179.07
5176.97
5174.9
5172.89
5170.98
5169.23
5167.68
5166.37
5165.34
5164.62
5164.24
5164.21
5164.58
5165.39
5166.68
5168.48
5170.77
5173.42
5176.08
5178.23
5179.51
5179.94
5179.81
5179.36
5178.75
5178.05
5177.29
5176.5
5175.7
5174.9
5174.15
5173.47
5172.9
5172.47
5172.21
5172.13
5172.27
5172.66
5173.35
5174.43
5175.97
5178.06
5180.68
5183.61
5186.19
5187.57
5187.49
5186.4
5184.81
5183.01
5181.11
5179.18
5177.22
5175.26
5173.31
5171.4
5169.55
5167.85
5166.36
5165.16
5164.28
5163.72
5163.49
5163.62
5164.13
5165.11
5166.64
5168.82
5171.75
5175.35
5179.14
5182.1
5183.4
5183.28
5182.47
5181.42
5180.25
5179.02
5177.77
5176.51
5175.25
5174.03
5172.87
5171.82
5170.94
5170.25
5169.8
5169.6
5169.69
5170.12
5170.99
5172.44
5174.69
