
Objective value: 
4.29814e-06
9744.4
10564.1
10414.1
10265.7
10003.5
9757.34
9628.9
9642.73
9766.41
9935.22
10088.8
10190.8
10234.5
10224
10184.9
10146.4
10122
10115.7
10124.2
10143.2
10167.6
10191.3
10210.2
10223.8
10233.8
10244.2
10259.8
10281.2
10296.4
10307.4
10323
10342.5
10363.1
10382.6
10399.5
10413
10423.1
10430
10434
10435.1
10433.2
10428
10419.3
10407.2
10392
10374
10353.7
10331.9
10309.4
10287.2
10266.5
10248.8
10236.2
10230
10220.2
10199.3
10178.7
10162.1
10149
10138.8
10131.1
10125.9
10122.8
10121.7
10122.4
10124.6
10128.3
10133.2
10139.5
10147.1
10156.2
10166.6
10178.3
10191.4
10205.9
10222.2
10240.4
10260.8
10282.9
10303.4
10318.6
10328.7
10336.4
10343
10348.9
10353.8
10357.6
10360.2
10361.4
10361.3
10359.8
10357
10353
10347.9
10341.7
10334.5
10326.3
10317.3
10307.6
10297.5
10287.3
10277.3
10267.9
10259.2
10251.2
10243.4
10234.9
10225.5
10215.6
10206
10197.2
10189.6
10183.2
10178.1
10174.2
10171.7
10170.3
10170.2
10171.3
10173.5
10177
10181.6
10187.4
10194.1
10201.7
10210.2
10219.3
10229
10238.9
10248.9
10258.6
10267.7
10275.9
10283.1
10289.2
10294.3
10298.3
10301.3
10303.4
10304.5
10304.7
10304
10302.5
10300.2
10297.2
10293.6
10289.5
10284.8
10279.7
10274.2
10268.4
10262.4
10256.3
10250
10243.6
10237.2
10230.8
10224.4
10218.1
10212
10206.2
10200.8
10195.9
10191.6
10187.9
10184.9
10182.7
10181.3
10180.6
10180.8
10181.8
10183.7
10186.2
10189.5
10193.4
10197.8
10202.5
10207.4
10212.4
10217.3
10222
10226.5
10230.6
10234.5
10238
10241.2
10243.9
10246.3
10248.2
10249.7
10250.8
10251.6
10251.9
10251.9
10251.7
10251.1
10250.4
10249.3
10248.1
10246.4
10244.4
10241.9
10238.8
10235.1
10231
10226.5
10221.7
10216.7
10211.7
10206.8
10202
10197.5
10193.2
10189.4
10186
10183.2
10180.9
10179.3
10178.4
10178.2
10178.7
10180.1
10182.2
10185.1
10188.5
10192.1
10195.6
10198.6
10201
10202.8
10204.2
10205.3
10206.3
10207.1
10207.8
10208.4
10208.8
10209.2
10209.6
10209.8
10210.1
10210.3
10210.5
10210.8
10211.2
10211.7
10212.4
10213.3
10214.5
10215.9
10217.4
10218.6
10219.1
10218.6
10216.8
10214.1
10210.7
10207
10203
10199
10194.9
10190.9
10187.1
10183.4
10180
10177
10174.5
10172.4
10170.9
10170
10169.7
10170.1
10171.3
10173.3
10176.3
10180.2
10184.7
10189.3
10193.1
10195.4
10196.2
10196
10195.3
10194.4
10193.3
10192.1
10190.9
10189.6
10188.3
10187
10185.8
10184.7
10183.8
10183.2
10182.8
10182.7
10183
10183.6
10184.7
10186.3
10188.6
10191.5
10194.7
10197.6
10199.3
10199.2
10197.7
10195.2
10192.2
10188.9
10185.6
10182.1
10178.7
10175.3
10172
10168.8
10165.9
10163.4
10161.4
10160
10159.1
10158.8
10159.2
10160.4
10162.5
10165.9
10170.9
10178
10187.4
10197.9
10204.7
10205.3
10202.8
10200.1
10197.6
10195.1
10192.7
10190.3
10187.9
10185.4
10183
10180.7
10178.5
10176.6
10175.1
10174
10173.3
10173
10173.2
10174
10175.6
10178.2
10182.2
10188.1
10196.5
10206.3
10213.4
10214
10210.8
10207
10203.5
10200.1
10196.6
10193.3
10190
10186.7
10183.5
10180.3
10177.3
10174.6
10172.5
10171
10170
10169.5
10169.6
10170.4
10172
10174.6
10178.7
10184.8
