
Objective value: 
0.000177727
8534.21
9920.94
9281.56
8246.6
7258.94
6735.76
6798.09
7324.24
8098.99
8895.29
9540.65
9953.45
10138.3
10156.6
10088.4
9997.47
9920.4
9868.8
9839.51
9823.22
9810.15
9793.66
9771.75
9747.12
9726.23
9716.41
9723.18
9749.45
9795.94
9861.39
9942.8
10035.7
10135
10235.3
10332.2
10422
10502.7
10573.5
10634.8
10688.4
10735.7
10774.7
10803
10825.9
10847.7
10868.8
10888
10904.2
10916.2
10923.1
10923.8
10917.9
10904.9
10884.7
10857.9
10825.1
10787.4
10745.9
10701.9
10656.5
10610.7
10565.1
10520.2
10476.1
10432.5
10389
10345.2
10300.4
10254.2
10206
10155.5
10102.6
10047.5
9990.46
9932.17
9873.45
9815.24
9758.63
9704.85
9655.27
9611.37
9574.49
9545.72
9525.86
9515.39
9514.54
9523.31
9541.39
9568.08
9602.43
9643.35
9689.68
9740.24
9793.83
9849.31
9905.56
9961.54
10016.2
10068.8
10118.5
10164.8
10207.6
10246.8
10282.4
10314.4
10342.9
10368.1
10390
10408.8
10424.5
10437.2
10446.9
10453.8
10457.8
10459
10457.3
10452.9
10445.8
10436.1
10423.8
10409.3
10392.8
10374.3
10354.1
10332.4
10309.4
10285.4
10260.7
10235.6
10210.6
10186
10162.2
10139.1
10116.2
10092.2
10066.6
10039.9
10013
9986.76
9961.27
9936.67
9913.04
9890.51
9869.24
9849.42
9831.22
9814.8
9800.31
9787.89
9777.7
9769.89
9764.62
9762.06
9762.33
9765.49
9771.57
9780.57
9792.46
9807.18
9824.65
9844.75
9867.32
9892.16
9919.01
9947.51
9977.13
10007.2
10036.9
10065.6
10092.8
10118.4
10142.3
10164.3
10184.2
10201.9
10217.1
10229.8
10239.9
10247.4
10252.3
10254.7
10254.5
10252.1
10247.5
10240.9
10232.7
10222.9
10211.7
10199.4
10186.1
10172.1
10157.6
10142.8
10127.8
10113
10098.3
10083.9
10069.8
10055.8
10041.7
10027.3
10012.5
9997.52
9982.5
9967.68
9953.21
9939.24
9925.87
9913.2
9901.32
9890.35
9880.36
9871.45
9863.67
9857.1
9851.82
9847.91
9845.46
9844.56
9845.25
9847.53
9851.37
9856.75
9863.65
9872.05
9881.91
9893.21
9905.88
9919.82
9934.89
9950.81
9967.22
9983.62
9999.58
10014.8
10029.2
10042.7
10055.4
10067
10077.7
10087.2
10095.6
10102.7
10108.5
10113
10116.2
10118
10118.4
10117.5
10115.3
10111.9
10107.4
10102.1
10095.8
10088.8
10081
10072.7
10063.9
10054.7
10045.4
10036.1
10027
10018.5
10010.8
10004.2
9999.37
9996.49
9995.27
9993.62
9988.49
9979.83
9970.23
9961.24
9953.04
9945.4
9938.14
9931.27
9924.86
9919.04
9913.91
9909.55
9906.01
9903.32
9901.51
9900.64
9900.82
9902.09
9904.37
9907.58
9911.68
9916.63
9922.39
9928.95
9936.28
9944.35
9953.16
9962.71
9973
9984.02
9995.65
10007.6
10019.1
10029.4
10037.9
10044.7
10050.3
10055
10058.7
10061.4
10063.1
10063.9
10063.9
10062.9
10061.2
10058.8
10055.8
10052.1
10047.9
10043.3
10038.3
10033
10027.4
10021.5
10015.5
10009.4
10003.3
9997.15
9991.16
9985.38
9979.89
9974.78
9970.16
9966.13
9962.76
9960.08
9958.01
9956.3
9954.56
9952.35
9949.51
9946.21
9942.75
9939.37
9936.17
9933.22
9930.53
9928.16
9926.15
9924.54
9923.39
9922.71
9922.53
9922.88
9923.74
9925.1
9926.96
9929.27
9932
9935.12
9938.58
9942.34
9946.38
9950.65
9955.12
9959.77
9964.57
9969.51
9974.57
9979.77
9985.08
9990.49
9995.95
10001.3
10006.4
10010.8
10014.3
10016.7
10018.1
10018.5
10018.2
10017.2
10015.5
10013.3
10010.6
10007.5
10004
10000.1
9996.04
9991.73
9987.25
9982.66
9977.99
9973.29
9968.59
9963.94
9959.38
9954.95
9950.68
9946.62
9942.8
9939.27
9936.04
9933.16
9930.65
9928.53
9926.82
9925.5
9924.57
9923.98
9923.67
9923.57
9923.6
9923.71
9923.89
9924.13
9924.46
9924.88
9925.43
9926.11
9926.94
9927.91
9929.04
9930.31
9931.73
9933.28
9934.95
9936.73
9938.6
9940.53
9942.52
9944.54
9946.58
9948.61
9950.63
9952.62
9954.57
9956.47
9958.33
9960.13
9961.88
9963.58
9965.22
9966.8
9968.3
9969.71
9970.98
9972.05
9972.87
9973.35
9973.44
9973.12
9972.38
9971.22
9969.69
9967.82
9965.63
9963.17
9960.46
9957.55
9954.47
9951.26
9947.93
9944.53
9941.08
9937.62
9934.17
9930.77
9927.45
9924.24
9921.18
9918.32
9915.69
9913.34
9911.3
9909.63
9908.36
9907.54
9907.21
9907.43
9908.27
9909.79
9912.11
9915.29
9919.39
9924.33
9929.77
9934.98
9939.24
9942.44
9945.03
9947.43
9949.68
9951.66
9953.27
9954.56
9955.56
9956.33
9956.91
9957.31
9957.56
9957.67
9957.64
9957.49
9957.22
9956.84
9956.36
9955.81
9955.21
9954.57
9953.91
9953.26
9952.63
9952.04
9951.5
9951.03
9950.64
9950.34
9950.14
9950.03
9950.01
9950.04
9950.1
9950.12
9950.05
9949.81
9949.36
9948.67
9947.74
9946.58
9945.21
9943.66
9941.95
9940.11
9938.18
9936.17
9934.11
9932.04
9929.97
9927.94
9925.97
9924.1
9922.34
9920.74
9919.32
9918.11
9917.16
9916.48
9916.1
9916.05
9916.35
9917.01
9918.05
9919.45
9921.22
9923.31
9925.65
9928.14
9930.67
9933.1
9935.35
9937.35
9939.08
9940.53
9941.73
9942.66
9943.34
9943.78
9944
9944
9943.81
9943.43
9942.89
9942.2
9941.36
9940.4
9939.33
9938.19
9936.99
9935.78
9934.59
9933.44
9932.37
9931.39
9930.53
9929.82
9929.28
9928.96
9928.9
9929.15
9929.81
9930.96
9932.74
9935.29
9938.8
9943.35
9948.67
9953.71
9956.85
9957.8
9958.08
9958.86
9959.87
9960.33
9959.92
9958.87
9957.5
9955.9
9954.13
9952.21
9950.2
9948.1
9945.96
9943.79
9941.64
9939.53
9937.52
9935.64
9933.93
9932.44
9931.18
9930.18
9929.43
9928.95
9928.73
9928.76
9929.06
9929.59
9930.37
9931.36
9932.56
9933.94
9935.46
9937.1
9938.8
9940.51
9942.16
9943.71
9945.11
9946.33
9947.35
9948.16
9948.77
9949.18
9949.4
9949.44
9949.31
9949.03
9948.62
9948.08
9947.44
9946.7
9945.9
9945.03
9944.12
9943.18
9942.23
9941.29
9940.37
9939.48
9938.65
9937.89
9937.21
9936.61
9936.11
9935.7
9935.38
9935.12
9934.92
9934.73
9934.51
9934.23
9933.86
9933.36
9932.72
9931.95
9931.04
9930.01
9928.87
9927.65
9926.35
9925.01
9923.63
9922.25
9920.87
9919.53
9918.24
9917.05
9915.96
9915.01
9914.2
9913.56
9913.09
9912.8
9912.7
9912.8
9913.12
9913.67
9914.47
9915.57
9916.98
9918.76
9920.98
9923.68
9926.92
9930.7
9934.88
9939.09
9942.75
9945.48
9947.5
9949.32
9951.16
9952.73
9953.67
9953.91
9953.64
9953.05
9952.17
9951.04
9949.7
9948.17
9946.47
9944.65
9942.71
9940.69
9938.6
9936.47
9934.32
9932.18
9930.07
9928.04
9926.12
9924.35
9922.74
9921.32
9920.1
9919.09
9918.3
9917.75
9917.44
9917.39
9917.61
9918.11
9918.88
9919.92
9921.2
9922.66
9924.21
9925.74
9927.15
9928.38
9929.41
9930.27
9930.96
9931.49
9931.86
9932.08
9932.16
9932.09
9931.92
9931.63
9931.26
9930.82
9930.32
9929.77
9929.19
9928.6
9928
9927.4
9926.84
9926.31
9925.83
9925.41
9925.06
9924.78
9924.58
9924.45
9924.38
9924.35
9924.33
9924.31
9924.24
9924.11
9923.88
9923.54
9923.08
9922.51
9921.82
9921.02
9920.12
9919.15
9918.1
9917.01
9915.9
9914.77
9913.66
9912.59
9911.59
9910.66
9909.83
9909.12
9908.55
9908.12
9907.85
9907.77
9907.9
9908.27
9908.92
9909.89
9911.24
9913.06
9915.42
9918.41
9922.04
9926.09
9929.98
9932.89
9934.68
9936.2
9938.3
9941.01
9943.49
9944.78
9944.95
9944.73
9944.4
9943.84
9942.98
9941.83
9940.44
9938.87
9937.15
9935.31
9933.39
9931.43
9929.44
9927.47
9925.53
9923.67
9921.93
9920.32
9918.89
9917.64
9916.58
9915.73
9915.07
9914.63
9914.4
9914.4
9914.63
9915.1
9915.82
9916.81
9918.05
9919.56
9921.29
9923.2
9925.19
9927.15
9928.98
9930.63
9932.09
9933.41
9934.61
9935.67
9936.57
9937.29
9937.83
9938.21
9938.43
9938.51
9938.45
9938.26
9937.94
9937.51
9936.97
9936.33
9935.6
9934.8
9933.94
9933.03
9932.1
9931.16
9930.22
9929.3
9928.41
9927.55
9926.74
9925.98
9925.25
9924.55
9923.86
9923.18
9922.49
9921.78
9921.02
9920.23
9919.4
9918.53
9917.63
9916.72
9915.79
9914.88
9914
9913.17
9912.4
9911.71
9911.12
9910.64
9910.28
9910.06
9909.97
9910.04
9910.28
9910.7
9911.32
9912.16
9913.25
9914.62
9916.29
9918.29
9920.61
9923.19
9925.89
9928.5
9930.82
9932.83
9934.67
9936.51
9938.32
9939.83
9940.81
9941.25
9941.32
9941.09
9940.58
9939.78
9938.72
9937.45
9936
9934.41
9932.71
9930.94
9929.11
9927.27
9925.44
9923.64
9921.91
9920.28
9918.77
9917.4
9916.17
9915.11
9914.21
9913.48
9912.93
9912.56
9912.39
9912.41
9912.64
9913.09
9913.76
9914.67
9915.82
9917.18
9918.72
9920.38
9922.08
9923.73
9925.28
9926.72
9928.09
9929.41
9930.7
9931.93
9933.07
9934.12
9935.07
9935.92
9936.67
9937.31
9937.83
9938.2
9938.42
9938.47
9938.35
9938.05
9937.58
9936.96
9936.18
9935.26
9934.24
9933.11
9931.91
9930.66
9929.37
9928.08
9926.79
9925.54
9924.33
9923.19
9922.13
9921.15
9920.25
9919.44
9918.72
9918.07
9917.51
9917.02
9916.6
9916.25
9915.97
9915.75
9915.61
9915.55
9915.57
9915.67
9915.87
9916.18
9916.6
9917.15
9917.84
9918.69
9919.7
9920.9
9922.27
9923.84
9925.57
9927.43
9929.36
9931.32
9933.25
9935.14
9937.01
9938.88
9940.72
9942.46
9944
9945.29
9946.35
9947.19
9947.8
9948.15
9948.21
9947.98
9947.47
9946.7
9945.69
9944.47
9943.07
9941.5
9939.81
9938.01
9936.15
9934.25
9932.34
9930.48
9928.69
9927.04
9925.53
9924.21
9923.08
9922.13
9921.38
9920.82
9920.46
9920.3
9920.33
9920.57
9921.02
9921.68
9922.58
9923.7
9925.07
9926.66
9928.44
9930.36
9932.34
9934.29
9936.15
9937.96
9939.77
9941.63
9943.53
9945.36
9947
9948.41
9949.64
9950.77
9951.81
9952.69
9953.35
9953.76
9953.93
9953.88
9953.61
9953.11
9952.41
9951.5
9950.42
9949.19
9947.82
9946.34
9944.78
9943.16
9941.52
9939.87
9938.25
9936.69
9935.2
9933.82
9932.56
9931.43
9930.43
9929.58
9928.86
9928.27
9927.8
9927.43
9927.15
9926.96
9926.83
9926.76
9926.76
9926.82
9926.94
9927.14
9927.42
9927.8
9928.28
9928.88
9929.61
9930.48
9931.5
9932.68
9933.99
9935.43
9936.96
9938.53
9940.11
9941.67
9943.22
9944.76
9946.29
9947.78
9949.17
9950.41
9951.47
9952.34
9953.02
9953.5
9953.75
9953.74
9953.47
9952.93
9952.15
9951.14
9949.93
9948.53
9946.99
9945.34
9943.6
9941.82
9940.03
9938.27
9936.59
9935.01
9933.58
9932.3
9931.19
9930.26
9929.5
9928.92
9928.52
9928.29
9928.24
9928.36
9928.65
9929.14
9929.82
9930.7
9931.79
9933.1
9934.59
9936.23
9937.95
