
Objective value: 
2.36925e-05
9389.07
10541.1
10412.4
10145.2
9714.38
9337.04
9173.47
9249.41
9496.79
9803.32
10067.6
10231.2
10286
10249.1
10167.6
10085
10025.5
9998.45
10001.6
10027.8
10069.3
10118.7
10169.6
10218
10262.1
10303
10342.4
10379.9
10413.5
10442.8
10467.8
10487.8
10502.1
10510.2
10512.2
10508.7
10500.2
10487.3
10470.7
10450.8
10428
10402.4
10374.5
10344.6
10313.2
10280.8
10248.3
10216.7
10186.7
10158.1
10130.6
10104.4
10080.7
10060.7
10044.9
10033.4
10026.1
10022.6
10022.5
10025.3
10030.4
10037.4
10046
10055.9
10067.6
10081
10095.8
10111.8
10129.1
10148
10169.1
10192.8
10219.9
10250.5
10280.8
10303.1
10317.4
10328.8
10339.1
10347.8
10354.5
10358.8
10360.4
10359.2
10355.1
10348.1
10338.9
10328.2
10316.3
10303.2
10289.1
10274.5
10260.1
10246.8
10235.7
10228.9
10230.1
10240.6
10237.3
10213.5
10191.2
10173.4
10158.3
10145.1
10133.7
10124.1
10116.1
10110
10105.6
10103.2
10103.1
10105.6
10110.4
10117.5
10126.6
10137.7
10150.7
10165.7
10182.7
10201.8
10222.6
10243.6
10262.1
10276
10286.2
10294.1
10300.6
10305.5
10308.9
10310.6
10310.5
10308.8
10305.3
10300.2
10293.9
10286.6
10278.4
10269.5
10260
10250
10239.8
10229.9
10220.6
10212.4
10206.1
10202.4
10201.4
10200.3
10194
10182.8
10170.8
10160
10150.6
10142.6
10136
10130.7
10126.8
10124.2
10123.2
10124.1
10126.9
10131.6
10137.8
10145.4
10154.3
10164.5
10176.1
10189.4
10204.9
10223.5
10246
10268.8
10280.5
10281.9
10281.5
10281.2
10280.3
10278.4
10275.5
10271.6
10266.6
10260.8
10254.4
10247.6
10240.7
10233.7
10226.6
10219.7
10213
10206.8
10201.5
10197.2
10194.4
10193.1
10192.7
10191.7
10188.3
10182.6
10176
10169.5
10163.6
10158.3
10153.8
10150
10147.1
10145.2
10144.4
10144.9
10146.8
10150
10154.3
10159.6
10165.9
10173.3
10181.8
10191.5
10202.5
10214.4
10226.2
10236
10242.1
10244.7
10245.3
10244.7
10243
10240.6
10237.5
10233.7
10229.3
10224.6
10219.6
10214.8
10210.3
10206.2
10202.4
10199.1
10196.5
10194.8
10194.4
10195.8
10199.7
10206.2
10213.5
10216.4
10212.7
10206.3
10200
10194.1
10188.5
10183.2
10178.4
10173.8
10169.7
10165.9
10162.8
10161
10160.9
10162
10164.3
10167.6
10172.2
10178.2
10186.1
10196.3
10209.5
10225.7
10240.7
10247.5
10247.4
10246.3
10245.9
10244.6
10242.5
10240
10237.1
10234
10230.6
10227
10223.4
10219.9
10216.6
10213.6
10211
10208.9
10207.2
10206.3
10206.1
10206.7
10208
10209.7
10210.8
10210.6
10208.8
10205.9
10202.3
10198.5
10194.6
10190.7
10186.9
10183.4
10180.1
10177.1
10174.6
10172.6
10171.4
10170.9
10171.2
10172.2
10173.9
10176.2
10179.1
10182.4
10186
10189.5
10192.7
10195.3
10197.1
10198.1
10198.5
10198.2
10197.5
10196.3
10194.9
10193.2
10191.3
10189.3
10187.3
10185.3
10183.5
10182
10180.7
10179.8
10179.4
10179.5
10180.1
10181.2
10182.3
10182.9
10182.7
10181.3
10179.1
10176.3
10173.2
10169.9
10166.6
10163.4
10160.3
10157.4
10154.8
10152.5
10150.6
10149.3
10148.6
10148.5
10149.1
10150.2
10152
10154.3
10157
10160
10162.8
10165.2
10166.7
10167.4
10167.3
10166.5
10165.3
10163.7
10161.8
10159.6
10157.3
10154.9
10152.5
10150.2
10147.9
10145.9
10144.2
10142.9
10142
10141.7
10142.1
10143.7
10146.9
