
Objective value: 
2.7035e-05
8721.91
9659.28
9469.85
9210.97
8805.83
8421.14
8200.03
8181.78
8329.1
8560.74
8789.56
8953.21
9029.43
9011.75
8941.87
8859.43
8788.86
8742.47
8720.3
8718.04
8731.12
8752.35
8775.04
8795.36
8812.85
8830.59
8852.28
8879.84
8913.34
8951.95
8994.61
9039.75
9085.43
9129.73
9171.11
9208.62
9241.9
9270.97
9296.03
9317.23
9334.75
9348.75
9359.48
9367.3
9372.68
9376.14
9378.23
9379.44
9380.21
9380.83
9381.52
9382.34
9383.18
9383.8
9383.84
9382.93
9380.71
9376.91
9371.35
9364
9354.92
9344.31
9332.44
9319.64
9306.27
9292.67
9279.17
9266.03
9253.46
9241.6
9230.5
9220.15
9210.47
9201.34
9192.61
9184.11
9175.65
9167.05
9158.14
9148.8
9138.91
9128.42
9117.35
9105.75
9093.73
9081.46
9069.14
9056.99
9045.25
9034.16
9023.95
9014.81
9006.92
9000.37
8995.2
8991.34
8988.59
8986.7
8985.36
8984.38
8983.69
8983.32
8983.38
8983.94
8985.06
8986.77
8989.12
8992.12
8995.8
9000.22
9005.41
9011.42
9018.28
9025.99
9034.54
9043.87
9053.93
9064.62
9075.86
9087.56
9099.64
9112
9124.55
9137.21
9149.9
9162.5
9174.89
9186.86
9198.15
9208.44
9217.4
9224.84
9230.67
9234.98
9237.9
9239.59
9240.2
9239.83
9238.59
9236.57
9233.85
9230.5
9226.58
9222.16
9217.32
9212.11
9206.59
9200.85
9194.96
9188.98
9183.03
9177.19
9171.56
9166.21
9161.21
9156.6
9152.39
9148.64
9145.35
9142.56
9140.33
9138.72
9137.81
9137.72
9138.66
9140.87
9144.7
9150.48
9158.15
9166.27
9171.34
9170.73
9165.81
9159.08
9151.77
9144.18
9136.38
9128.37
9120.16
9111.76
9103.18
9094.44
9085.6
9076.7
9067.8
9059
9050.41
9042.18
9034.49
9027.52
9021.35
9016
9011.52
9007.98
9005.43
9003.97
9003.66
9004.59
9006.84
9010.43
9015.37
9021.55
9028.77
9036.67
9044.87
9053.04
9061.07
9069.01
9076.97
9085.06
9093.35
9101.87
9110.61
9119.53
9128.58
9137.72
9146.87
9155.96
9164.93
9173.7
9182.2
9190.37
9198.15
9205.46
9212.27
9218.51
9224.15
9229.15
9233.46
9237.07
9239.94
9242.07
9243.44
9244.04
9243.87
9242.92
9241.19
9238.7
9235.44
9231.43
9226.67
9221.18
9215
9208.17
9200.72
9192.74
9184.28
9175.42
9166.25
9156.85
9147.3
9137.68
9128.06
9118.54
9109.16
9100.01
9091.14
9082.59
9074.43
9066.67
9059.35
9052.47
9046.02
9039.99
9034.36
9029.09
9024.14
9019.49
9015.14
9011.09
9007.37
9004
9001.04
8998.52
8996.5
8995.03
8994.17
8993.97
8994.5
8995.82
8997.94
9000.9
9004.68
9009.28
9014.68
9020.89
9027.9
9035.71
9044.34
9053.81
9064.15
9075.39
9087.53
9100.57
9114.4
9128.77
9143.2
9157.02
9169.57
9180.45
9189.7
9197.56
9204.32
9210.21
9215.33
9219.77
9223.54
9226.65
9229.1
9230.87
9231.95
9232.34
9232.06
9231.16
9229.7
9227.79
9225.53
9222.97
9220.09
9216.87
9213.29
9209.35
9205.06
9200.44
9195.55
9190.42
9185.1
9179.67
9174.18
9168.71
9163.35
9158.16
9153.22
9148.55
9144.14
9139.88
9135.57
9130.89
9125.55
9119.37
9112.39
9104.81
9096.92
9088.97
9081.18
9073.7
9066.62
9060.03
9053.99
9048.54
9043.73
9039.58
9036.14
9033.44
9031.52
9030.42
9030.16
9030.75
9032.2
9034.47
9037.54
9041.37
9045.91
9051.12
9056.95
9063.37
9070.31
9077.72
9085.54
9093.69
9102.09
9110.64
9119.26
9127.82
9136.23
9144.38
9152.19
9159.58
9166.5
9172.91
9178.77
9184.05
9188.75
9192.83
9196.3
9199.14
9201.35
9202.93
9203.87
9204.19
9203.89
9203
9201.53
9199.51
9196.97
9193.94
9190.48
9186.63
9182.44
9177.96
9173.25
9168.38
9163.39
9158.35
9153.31
9148.32
9143.4
9138.61
9133.96
9129.5
9125.25
9121.24
9117.5
9114.08
9111
9108.31
9106.04
9104.25
9102.98
9102.28
9102.17
9102.7
9103.82
9105.47
9107.46
9109.49
9111.18
9112.18
9112.33
9111.64
9110.29
9108.5
9106.45
9104.27
9102.04
9099.83
9097.67
9095.58
9093.57
9091.67
9089.89
9088.25
9086.79
9085.57
9084.65
9084.12
9084.03
9084.39
9085.18
9086.39
9088
9090.03
9092.48
9095.39
9098.82
9102.84
9107.56
9113.15
9119.88
9128.14
9138.62
9152.4
9171.31
9197.34
9226.01
9236.29
9229.16
9224.1
9225.76
9225.63
9223.59
9221.37
9219.29
9217.22
9215.09
9212.84
9210.45
9207.91
9205.22
9202.38
9199.38
9196.27
9193.1
9190
9187.12
9184.55
9182.31
9180.35
9178.66
9177.27
9176.18
9175.46
9175.16
9175.36
9176.16
9177.7
9180.15
9183.74
9188.67
9195.08
9202.71
9210.5
9216.51
9219.24
9218.97
9216.95
9213.96
9210.35
9206.39
9202.27
9198.07
9193.83
9189.56
9185.28
9180.98
9176.7
9172.44
9168.22
9164.07
9160.02
9156.1
9152.36
9148.86
9145.65
9142.8
9140.37
9138.39
9136.9
9135.9
9135.43
9135.51
9136.13
9137.34
9139.13
9141.52
9144.51
9148.09
9152.19
9156.75
9161.62
9166.63
9171.59
9176.32
9180.7
9184.67
9188.23
9191.4
9194.24
9196.77
9199.04
9201.08
9202.9
9204.51
9205.92
9207.13
9208.15
9208.96
9209.58
9209.99
9210.19
9210.2
9210.01
9209.64
9209.09
9208.39
9207.55
9206.59
9205.53
9204.4
9203.2
9201.95
9200.67
9199.36
9198.03
9196.69
9195.35
9194.02
9192.72
9191.45
9190.25
9189.12
9188.09
9187.18
9186.41
9185.79
9185.32
9185
9184.79
9184.66
9184.5
9184.25
9183.77
9182.99
9181.82
9180.24
9178.26
9175.91
9173.28
9170.42
9167.41
9164.3
9161.15
9158
9154.89
9151.86
9148.93
9146.15
9143.55
9141.19
9139.13
9137.43
9136.15
9135.34
9135.04
9135.25
9135.99
9137.25
9139.06
9141.41
9144.34
9147.89
9152.11
9157.07
9162.87
9169.64
9177.51
9186.65
9197.12
9208.76
9220.92
9232.29
9241.6
9248.82
9255.17
9261.27
9266.13
9268.68
9269.41
9269.3
9268.67
9267.53
9266.03
9264.28
9262.33
9260.21
9257.93
9255.51
9252.98
9250.37
9247.74
9245.13
9242.61
9240.23
9238.03
9236.04
9234.29
9232.81
9231.61
9230.74
9230.23
9230.12
9230.46
9231.33
9232.8
9234.95
9237.91
9241.77
9246.64
9252.49
9259.08
9265.78
9271.54
9275.51
9277.67
9278.62
9278.61
9277.49
9275.41
9272.79
9269.89
9266.88
9263.84
9260.82
9257.85
9254.94
9252.11
9249.39
9246.81
9244.41
9242.22
9240.29
9238.64
9237.32
9236.34
9235.71
9235.44
9235.53
9235.99
9236.8
9237.97
9239.51
9241.4
9243.64
9246.24
9249.18
9252.46
9256.05
9259.95
9264.13
9268.58
9273.25
9278.12
9283.12
9288.2
9293.27
9298.21
9302.91
9307.23
9311.05
9314.26
9316.78
9318.57
9319.64
9320.02
9319.78
9319.02
9317.83
9316.3
9314.5
9312.48
9310.31
9308.02
9305.65
9303.23
9300.8
9298.38
9296.01
9293.72
9291.54
9289.49
9287.6
9285.9
9284.42
9283.18
9282.22
9281.58
9281.3
9281.45
9282.1
9283.34
9285.31
9288.17
9292.13
9297.42
9304.27
9312.61
9321.56
9328.96
9332.79
9334.16
9336.02
9338.73
9339.59
9338.14
9335.77
9333.26
9330.54
9327.72
9324.9
9322.12
9319.4
9316.74
9314.17
9311.7
9309.37
9307.21
9305.25
9303.52
9302.06
9300.89
9300.02
9299.49
9299.3
9299.51
9300.13
9301.21
9302.81
9304.99
9307.86
9311.52
9316.12
9321.85
9328.89
9337.38
9347.17
9357.43
9366.5
9373.05
9378.15
9384.54
9393.19
9400.37
9401.96
9399.95
9399.07
9399.24
9398.08
9396.15
9394.12
9392.03
9389.9
9387.76
9385.64
9383.55
9381.53
9379.61
9377.8
9376.15
9374.68
9373.42
9372.39
9371.64
9371.19
9371.1
9371.4
9372.17
9373.46
9375.35
9377.92
9381.26
9385.45
9390.51
9396.4
9402.9
9409.61
9416.04
9421.87
9427.21
9432.41
9437.4
9441.46
9443.95
9445.11
9445.64
9445.68
9445
9443.71
9442.11
9440.31
9438.41
9436.46
9434.52
9432.61
9430.77
9429.02
9427.4
9425.93
9424.65
9423.58
9422.75
9422.18
9421.91
9421.96
9422.35
9423.11
9424.29
9425.92
9428.03
9430.67
9433.88
9437.67
9442.06
9447.03
9452.51
9458.38
9464.48
9470.65
9476.78
9482.81
9488.74
9494.51
9499.98
9504.98
9509.46
9513.47
9517.05
9520.21
9522.88
9525.08
9526.89
9528.4
9529.66
9530.74
9531.7
9532.59
9533.48
9534.43
9535.48
9536.69
9538.09
9539.74
9541.67
9543.93
9546.56
9549.57
9553
9556.86
9561.16
9565.88
9571.03
9576.58
9582.52
