
Objective value: 
6.20325e-06
4900.57
5466.73
5462.17
5322.54
5048.88
4793.5
4664.65
4681.58
4805.3
4972.85
5125.58
5228.99
5277.04
5270.06
5236.44
5198.93
5168.57
5148.88
5138.17
5133.95
5134.01
5136.41
5140.81
5146.61
5150.71
5157.5
5170.44
5189.32
5212.63
5238.27
5263.99
5287.7
5307.56
5322.14
5330.91
5334.28
5333.04
5328.02
5320.03
5309.76
5297.84
5284.79
5271.11
5257.27
5243.83
5231.29
5220.06
5210.39
5202.44
5196.39
5192.52
5191.15
5191.29
5188.4
5180.59
5171.4
5162.58
5154.35
5146.75
5139.91
5134.03
5129.26
5125.74
5123.59
5122.89
5123.7
5126.07
5130
5135.44
5142.26
5150.29
5159.38
5169.48
5180.64
5193.06
5206.88
5221.43
5233.92
5241.91
5246.9
5250.77
5254.11
5256.94
5259.22
5260.9
5261.93
5262.28
5261.9
5260.8
5259.02
5256.64
5253.73
5250.3
5246.34
5241.85
5236.9
5231.6
5226.1
5220.59
5215.26
5210.27
5205.64
5201.1
5196.16
5190.49
5184.31
5178.12
5172.34
5167.19
5162.77
5159.11
5156.21
5154.08
5152.69
5152.06
5152.2
5153.14
5154.92
5157.52
5160.91
5165.02
5169.84
5175.3
5181.36
5187.96
5194.98
5202.2
5209.32
5215.92
5221.65
5226.37
5230.11
5232.99
5235.1
5236.48
5237.17
5237.17
5236.53
5235.3
5233.55
5231.39
5228.91
5226.2
5223.31
5220.34
5217.4
5214.61
5212.14
5210.13
5208.65
5207.57
5206.38
5204.33
5201.1
5196.99
5192.54
5188.15
5183.99
5180.16
5176.7
5173.65
5171.01
5168.83
5167.13
5166.01
5165.54
5165.81
5166.85
5168.65
5171.18
5174.46
5178.48
5183.24
5188.68
5194.57
5200.47
5205.75
5209.94
5213.05
5215.34
5217.06
5218.33
5219.2
5219.7
5219.82
5219.57
5218.96
5218.01
5216.79
5215.34
5213.77
5212.14
5210.53
5209.03
5207.73
5206.76
5206.29
5206.56
5207.86
5210.41
5213.82
5216.23
5215.56
5212.4
5208.49
5204.63
5200.98
5197.55
5194.36
5191.39
5188.63
5186.09
5183.78
5181.75
5180.06
5178.84
5178.2
5178.13
5178.61
5179.63
5181.17
5183.28
5186
5189.4
5193.54
5198.35
5203.47
5208.06
5211.2
5212.75
5213.27
5213.26
5212.95
5212.4
5211.65
5210.7
5209.54
5208.22
5206.75
5205.2
5203.64
5202.14
5200.74
5199.48
5198.38
5197.51
5196.95
5196.81
5197.25
5198.46
5200.66
5203.93
5207.74
5210.38
5210.3
5208.14
5205.34
5202.53
5199.85
5197.32
5194.95
5192.73
5190.64
5188.7
5186.93
5185.39
5184.2
5183.45
5183.17
5183.31
5183.81
5184.67
5185.88
5187.45
5189.39
5191.72
5194.42
5197.43
5200.56
5203.44
5205.66
5206.98
5207.44
5207.28
5206.68
5205.81
5204.72
5203.49
5202.14
5200.73
5199.28
5197.86
5196.49
5195.24
5194.13
5193.21
5192.54
5192.15
5192.12
5192.49
5193.26
5194.36
5195.57
5196.49
5196.72
5196.14
5194.9
5193.28
5191.49
5189.63
5187.78
5185.96
5184.18
5182.48
5180.87
5179.4
5178.15
5177.21
5176.63
5176.41
5176.5
5176.88
5177.54
5178.47
5179.69
5181.22
5183.08
5185.31
5187.91
5190.85
5193.99
5197.05
5199.63
5201.39
5202.29
5202.49
5202.2
5201.61
5200.81
5199.9
5198.92
5197.91
5196.9
5195.9
5194.95
5194.05
5193.22
5192.48
5191.81
5191.23
5190.72
5190.25
5189.8
5189.33
5188.8
5188.19
5187.49
5186.68
5185.79
5184.82
5183.81
5182.77
5181.73
5180.72
5179.75
5178.86
5178.06
5177.39
5176.85
5176.46
5176.23
5176.16
5176.23
5176.44
5176.79
5177.26
5177.83
5178.5
5179.23
5180.01
5180.81
5181.6
5182.35
5183.02
5183.61
5184.09
5184.46
5184.73
5184.89
5184.97
5184.97
5184.9
5184.78
5184.62
5184.41
5184.15
5183.85
5183.5
5183.09
5182.6
5182.04
5181.39
5180.66
5179.85
5178.96
5178.01
5177.01
5175.98
5174.92
5173.86
5172.82
5171.79
5170.81
5169.89
5169.03
5168.26
5167.58
5167.01
5166.54
5166.19
5165.96
5165.84
5165.85
5165.99
5166.27
5166.68
5167.25
5168
5168.93
5170.08
5171.48
5173.15
