
Objective value: 
5.57012e-06
5618.23
6282.33
6267.37
6113.87
5821.02
5552.61
5424.35
5457.89
5609.75
5805.72
5978.03
6086.58
6125.09
6096.42
6036.99
5976.18
5930.35
5905.61
5900.04
5909.08
5927.63
5950.78
5976.65
5999.11
6007.42
6015.85
6027.41
6042.31
6060.31
6080.51
6101.38
6120.68
6135.39
6143.39
6144.93
6140.82
6131.81
6118.78
6102.86
6085.18
6066.58
6047.77
6029.47
6012.24
5996.32
5981.73
5968.77
5957.95
5949.59
5943.7
5940.05
5938.15
5937.11
5935.7
5933.02
5929.21
5924.92
5920.63
5916.66
5913.37
5911.17
5910.51
5911.65
5914.62
5919.35
5925.74
5933.71
5943.13
5953.89
5965.93
5979.28
5994.22
6011.33
6030.59
6046.7
6052.87
6054.53
6055.49
6055.76
6054.95
6052.93
6049.71
6045.37
6040.01
6033.82
6027.26
6021.19
6015.5
6010.01
6004.83
6000.18
5996.4
5994.09
5994.32
5999.28
6012.51
6026.04
6015.44
6000.36
5989.16
5980.29
5972.51
5965.62
5959.58
5954.43
5950.2
5946.93
5944.76
5943.99
5944.85
5947.17
5950.73
5955.44
5961.29
5968.32
5976.67
5986.6
5998.43
6012.11
6025.61
6034.63
6038.58
6040.5
6041.87
6042.8
6043.15
6042.87
6041.9
6040.22
6037.85
6034.84
6031.35
6027.61
6023.79
6019.89
6015.88
6011.82
6007.82
6004.02
6000.6
5997.81
5995.91
5995.08
5995.22
5995.3
5993.54
5989.3
5983.8
5978.24
5973.1
5968.53
5964.54
5961.15
5958.38
5956.27
5954.95
5954.59
5955.28
5956.94
5959.43
5962.69
5966.7
5971.5
5977.18
5983.95
5992.17
6002.44
6015.26
6028.78
6036.09
6035.94
6034.06
6032.49
6030.79
6028.73
6026.29
6023.46
6020.27
6016.81
6013.23
6009.71
6006.33
6003.09
6000.03
5997.24
5994.84
5992.99
5991.93
5991.87
5992.95
5994.87
5996.39
5995.82
5992.97
5989.03
5984.96
5981.09
5977.51
5974.22
5971.25
5968.61
5966.39
5964.77
5964.06
5964.37
5965.57
5967.54
5970.28
5973.81
5978.25
5983.75
5990.51
5998.72
6008.07
6017
6022.84
6024.88
6024.95
6024.36
6023.25
6021.65
6019.69
6017.45
6014.97
6012.3
6009.51
6006.73
6004.09
6001.72
5999.67
5998.02
5996.85
5996.27
5996.45
5997.54
5999.63
6002.46
6005.12
6006.27
6005.35
6003.07
6000.25
5997.28
5994.32
5991.43
5988.65
5986
5983.51
5981.25
5979.31
5977.87
5977.07
5976.97
5977.53
5978.72
5980.53
5983
5986.13
5989.91
5994.16
5998.46
6002.14
6004.6
6005.75
6005.92
6005.43
6004.49
6003.21
6001.68
5999.95
5998.06
5996.08
5994.07
5992.11
5990.28
5988.66
5987.32
5986.33
5985.78
5985.81
5986.59
5988.35
5991.34
5995.63
6000.5
6003.89
6004.1
6002.1
5999.58
5996.99
5994.31
5991.65
5989.08
5986.65
5984.37
5982.28
5980.45
5978.93
5977.8
5977.09
5976.78
5976.87
5977.32
5978.08
5979.11
5980.35
5981.71
5983.07
5984.3
5985.27
5985.89
5986.11
5985.95
5985.44
5984.64
5983.62
5982.44
5981.16
5979.84
5978.54
5977.33
5976.26
5975.38
5974.75
5974.46
5974.57
5975.2
5976.48
5978.55
