
Objective value: 
5.15582e-06
5738.99
6614.3
6479.16
6132.84
5680.16
5346.81
5225
5293.44
5476.89
5694.48
5888.45
6027.7
6105.6
6131.67
6113.53
6068.46
6015.97
5966.56
5927.16
5901.17
5888.7
5887.58
5895.22
5909.27
5927.13
5946.74
5967.99
5991.53
6017.4
6045.04
6073.34
6100.77
6125.42
6144.99
6157.44
6162.13
6159.35
6149.81
6134.62
6115.27
6093.32
6070.24
6047.24
6025.19
6004.74
5986.49
5970.9
5958.15
5948.13
5940.66
5935.48
5932.16
5929.6
5925.97
5920.38
5913.61
5906.63
5899.88
5893.57
5887.89
5883.05
5879.26
5876.72
5875.64
5876.22
5878.66
5883.09
5889.57
5897.98
5908.17
5920
5933.44
5948.76
5966.78
5988.79
6012.08
6023.78
6027.48
6030.87
6034.38
6037.28
6039.27
6040.33
6040.44
6039.63
6037.92
6035.36
6032.06
6028.26
6024.15
6019.71
6014.88
6009.64
6004.08
5998.34
5992.59
5987.04
5981.79
5976.68
5971.07
5964.16
5955.82
5946.75
5937.74
5929.3
5921.69
5915.05
5909.46
5904.95
5901.53
5899.2
5897.98
5897.88
5898.95
5901.2
5904.6
5909.06
5914.55
5921.02
5928.45
5936.87
5946.23
5956.37
5966.8
5976.58
5984.71
5990.85
5995.41
5998.88
6001.46
6003.24
6004.2
6004.31
6003.57
6001.97
5999.57
5996.48
5992.91
5989.01
5984.84
5980.41
5975.84
5971.28
5966.98
5963.27
5960.6
5959.59
5960.86
5963.74
5963.82
5958.22
5950.56
5943.42
5937.13
5931.57
5926.68
5922.43
5918.8
5915.79
5913.4
5911.72
5910.89
5911.12
5912.4
5914.61
5917.7
5921.65
5926.56
5932.56
5939.9
5948.95
5959.98
5972
5981.14
5984.83
5985.71
5986.06
5986.19
5985.95
5985.29
5984.18
5982.61
5980.57
5978.06
5975.15
5971.96
5968.66
5965.42
5962.29
5959.28
5956.46
5953.93
5951.87
5950.51
5950.2
5951.43
5954.83
5960.54
5965.94
5965.75
5960.9
5955.49
5950.72
5946.42
5942.5
5938.91
5935.65
5932.71
5930.07
5927.77
5925.95
5924.96
5924.94
5925.7
5927.13
5929.21
5932.04
5935.74
5940.62
5947.23
5956.8
