
Objective value: 
2.35653e-05
8706.4
9519.04
9279.72
9002.64
8634.18
8331.15
8202.7
8257.45
8442.83
8681.81
8899.85
9051.59
9127.45
9126.03
9083.71
9033.27
8990.72
8961.94
8946.16
8940.96
8943.49
8951.31
8964.17
8980.08
8993.77
9012.21
9040.34
9077.71
9121.94
9169.81
9217.79
9262.33
9300.03
9328.15
9345.72
9353.4
9352.38
9343.94
9329.43
9310.16
9287.36
9262.19
9235.76
9209.12
9183.29
9159.13
9137.33
9118.33
9102.41
9089.84
9080.97
9075.91
9072.75
9065.3
9050.81
9033.69
9016.88
9001.04
8986.4
8973.26
8961.98
8952.93
8946.42
8942.71
8941.99
8944.39
8949.99
8958.75
8970.45
8984.76
9001.34
9019.9
9040.31
9062.61
9087.08
9114.05
9142.45
9167.22
9183.56
9194.17
9202.69
9210.13
9216.48
9221.63
9225.49
9227.98
9229.04
9228.61
9226.69
9223.36
9218.8
9213.16
9206.44
9198.62
9189.72
9179.86
9169.27
9158.21
9147.02
9136.08
9125.69
9115.99
9106.71
9097.11
9086.54
9075.13
9063.65
9052.91
9043.37
9035.25
9028.66
9023.62
9020.13
9018.17
9017.74
9018.86
9021.56
9025.83
9031.63
9038.85
9047.37
9057.1
9067.91
9079.68
9092.27
9105.47
9118.94
9132.25
9144.84
9156.16
9165.88
9173.9
9180.28
9185.13
9188.53
9190.53
9191.16
9190.5
9188.63
9185.71
9181.9
9177.36
9172.23
9166.65
9160.78
9154.8
9148.95
9143.46
9138.53
9134.24
9130.36
9126.24
9121.04
9114.42
9106.72
9098.64
9090.71
9083.25
9076.43
9070.37
9065.11
9060.72
9057.25
9054.78
9053.44
9053.37
9054.69
9057.45
9061.6
9067.13
9074.01
9082.23
9091.75
9102.4
9113.72
9124.81
9134.65
9142.66
9148.94
9153.93
9157.95
9161.18
9163.65
9165.39
9166.39
9166.65
9166.18
9165.03
9163.28
9161.05
9158.48
9155.72
9152.89
9150.16
9147.67
9145.63
9144.33
9144.08
9145.2
9147.68
9150.54
9151.46
9148.78
9143.42
9137.08
9130.68
9124.52
9118.72
9113.3
9108.28
9103.7
9099.58
9095.96
9092.92
9090.59
9089.1
9088.54
9088.94
9090.29
9092.59
9095.87
9100.16
9105.53
9112.03
9119.58
9127.79
9135.69
9142
9146.08
9148.34
9149.48
9149.97
9149.97
9149.55
9148.72
9147.47
9145.82
9143.82
9141.53
9139.09
9136.63
9134.28
9132.08
9130.07
9128.32
9126.94
9126.1
9126.01
9127.04
9129.67
9134.63
9142.73
9153.59
9162.13
9161.8
9155.96
9149.86
9144.53
9139.72
9135.37
9131.4
9127.78
9124.48
9121.46
9118.75
9116.43
9114.65
9113.55
9113.21
9113.57
9114.55
9116.1
9118.2
9120.84
9124.01
9127.71
9131.89
9136.43
9141.08
9145.42
9148.97
9151.38
9152.59
9152.78
9152.21
9151.08
9149.53
9147.64
9145.51
9143.2
9140.79
9138.35
9135.96
9133.69
9131.63
9129.83
9128.37
9127.35
9126.83
9126.9
9127.57
9128.76
9130.21
9131.41
9131.81
9131.09
9129.34
9126.91
9124.14
9121.25
9118.38
9115.59
9112.94
9110.45
9108.2
9106.25
9104.71
9103.69
9103.24
9103.35
9103.97
9105.07
9106.62
9108.61
9111.06
9113.97
9117.37
9121.24
9125.54
9130.16
9134.81
9139.07
9142.45
9144.65
9145.66
9145.7
9145.03
9143.87
9142.38
9140.68
9138.83
9136.91
9134.98
9133.09
9131.27
9129.58
9128.04
9126.7
9125.56
9124.64
9123.95
9123.46
9123.13
9122.91
9122.7
9122.43
9122.02
9121.42
9120.61
9119.61
9118.45
9117.19
9115.85
9114.5
9113.18
9111.91
9110.74
9109.7
9108.83
9108.13
9107.62
9107.31
9107.19
9107.24
9107.45
9107.79
9108.23
9108.74
9109.29
9109.86
9110.42
9110.95
9111.42
9111.83
9112.17
9112.43
9112.63
9112.78
9112.89
9112.98
9113.07
9113.19
9113.34
9113.55
9113.82
9114.14
9114.48
9114.8
9115.05
9115.16
9115.06
9114.7
9114.05
9113.11
9111.91
9110.5
9108.91
9107.21
9105.42
9103.58
9101.74
9099.91
9098.13
9096.42
9094.81
9093.33
9092.01
9090.86
9089.92
9089.18
9088.66
9088.36
9088.28
9088.41
9088.76
9089.33
9090.13
9091.18
9092.48
9094.04
9095.89
9098.02
9100.44
9103.11
9105.98
9108.97
9111.96
9114.81
9117.41
9119.66
9121.5
9122.92
9123.92
9124.52
9124.75
9124.66
9124.27
9123.62
9122.73
9121.64
9120.37
9118.94
9117.38
9115.72
9113.99
9112.21
9110.42
9108.66
9106.96
9105.37
9103.93
9102.66
9101.6
9100.75
9100.13
9099.72
9099.52
9099.5
9099.64
9099.93
9100.33
9100.83
9101.4
9102.04
9102.72
9103.44
9104.19
9104.96
9105.77
9106.61
9107.51
9108.49
9109.56
9110.77
9112.14
9113.72
9115.53
9117.6
9119.94
9122.52
9125.27
9128.04
9130.66
9132.91
9134.63
9135.73
9136.23
9136.18
9135.68
9134.82
9133.69
9132.35
9130.85
9129.24
9127.53
9125.77
9123.96
9122.14
9120.33
9118.55
9116.83
9115.18
9113.65
9112.24
9110.97
9109.86
9108.91
9108.11
9107.47
9106.99
9106.64
9106.43
9106.35
9106.39
9106.54
9106.81
9107.18
9107.67
9108.29
9109.03
9109.93
9111
9112.27
9113.76
9115.52
9117.57
9119.93
9122.64
9125.68
9129.01
9132.49
9135.96
9139.16
9141.85
9143.85
9145.12
9145.68
9145.63
9145.06
9144.08
9142.81
9141.32
9139.67
9137.89
9136.03
9134.11
9132.15
9130.18
9128.22
9126.3
9124.45
9122.69
9121.06
9119.57
9118.25
9117.1
9116.14
9115.36
9114.78
9114.39
9114.2
9114.23
9114.47
9114.95
9115.68
9116.68
9117.97
9119.6
9121.57
9123.93
9126.69
9129.84
9133.35
9137.13
