
Objective value: 
6.10115e-06
5529.42
6043.7
6048.3
6160.04
6149.21
6021.53
5850.02
5712.86
5646.19
5656.81
5727.9
5828.14
5929.37
6013.24
6069.68
6096.08
6100.09
6088.17
6065.34
6036.52
6006.91
5982.05
5966.81
5963.87
5972.64
5990.87
6017.3
6049.94
6085.45
6120.04
6149.99
6171.81
6183.66
6186.67
6182.8
6173.68
6160.86
6146.01
6130.7
6116.09
6102.8
6091
6080.7
6071.85
6064.16
6057.22
6050.58
6043.99
6037.42
6031.15
6025.57
6020.36
6013.2
6002.22
5989.7
5978.01
5967.93
5959.69
5953.34
5948.92
5946.41
5945.73
5946.77
5949.41
5953.54
5959.02
5965.71
5973.4
5981.91
5991.09
6000.89
6011.36
6022.72
6035.42
6049.88
6065.33
6077.39
6082.78
6084.86
6086.4
6087.82
6088.95
6089.62
6089.67
6089.01
6087.56
6085.33
6082.48
6079.19
6075.44
6071.16
6066.35
6061.1
6055.58
6049.97
6044.51
6039.42
6034.9
6030.91
6027
6022.31
6016.31
6009.34
6002.18
5995.39
5989.22
5983.81
5979.19
5975.41
5972.49
5970.48
5969.44
5969.45
5970.54
5972.69
5975.86
5979.98
5985.02
5990.93
5997.69
6005.24
6013.5
6022.22
6030.91
6038.84
6045.3
6050.12
6053.54
6055.9
6057.41
6058.15
6058.14
6057.37
6055.87
6053.67
6050.87
6047.64
6044.21
6040.72
6037.17
6033.59
6030.06
6026.72
6023.75
6021.37
6019.82
6019.26
6019.45
6019.31
6017.25
6012.94
6007.5
6001.96
5996.75
5992.02
5987.8
5984.12
5980.99
5978.42
5976.49
5975.29
5974.97
5975.6
5977.17
5979.65
5983.05
5987.43
5992.97
5999.94
6008.8
6020.02
6032.87
6042.95
6046.48
6046.64
6046.43
6046.24
6045.87
6045.24
6044.27
6042.92
6041.14
6038.92
6036.27
6033.3
6030.17
6027.09
6024.18
6021.43
6018.87
6016.56
6014.59
6013.09
6012.19
6012.02
6012.59
6013.59
6014.19
6013.45
6011.18
6007.95
6004.41
6000.89
5997.54
5994.4
5991.52
5988.9
5986.57
5984.6
5983.08
5982.12
5981.83
5982.21
5983.25
5984.95
5987.37
5990.63
5994.98
6000.86
6009.17
6021.79
6041.93
6064.23
6062.34
6053.19
6048.76
6047.44
6045.44
6043.34
6041.25
6039.09
6036.75
6034.18
6031.4
6028.47
6025.55
6022.79
6020.25
6017.95
6015.89
6014.11
6012.63
6011.48
6010.7
6010.29
6010.19
6010.23
6010.14
6009.6
6008.46
6006.73
6004.62
6002.3
5999.94
5997.62
5995.42
5993.39
5991.6
5990.1
5988.97
5988.27
5988.02
5988.23
5988.9
5990.04
5991.69
5993.92
5996.84
6000.63
6005.58
6012.15
6020.82
6031.35
6040.39
6043.02
6041.14
6039.02
6037.29
6035.27
6033.15
6031.05
6028.97
6026.84
6024.67
6022.44
6020.2
6017.97
6015.8
6013.72
6011.76
6009.95
6008.29
6006.78
6005.43
6004.19
6003.05
6001.95
6000.84
5999.67
5998.42
5997.05
5995.59
5994.07
5992.51
5990.98
5989.52
5988.19
5987.04
5986.11
5985.44
5985.06
5984.97
5985.17
5985.67
5986.47
5987.57
5988.98
5990.72
5992.79
5995.2
5997.94
6000.95
6004.12
6007.25
6010.09
6012.41
6014.07
6015.06
6015.48
6015.45
6015.06
6014.4
6013.56
6012.57
6011.46
6010.26
6008.97
6007.62
6006.2
6004.72
6003.18
6001.6
5999.97
5998.3
5996.6
5994.88
5993.14
5991.4
5989.67
5987.96
5986.29
5984.67
5983.13
5981.69
5980.37
5979.18
5978.16
5977.3
5976.62
5976.11
5975.76
5975.59
5975.56
5975.68
5975.93
5976.31
5976.8
5977.38
5978.06
5978.81
5979.62
5980.49
5981.42
5982.41
5983.46
5984.59
5985.81
5987.15
5988.6
5990.2
5991.93
5993.77
5995.68
5997.55
5999.26
6000.67
6001.68
6002.21
6002.26
6001.88
6001.13
6000.1
5998.85
5997.44
5995.91
5994.29
5992.62
5990.91
5989.19
5987.47
5985.79
5984.16
5982.61
5981.16
5979.83
5978.63
5977.56
5976.62
5975.81
5975.11
5974.51
5973.99
5973.54
5973.16
5972.82
5972.52
5972.25
5972.01
5971.8
5971.63
5971.49
5971.42
5971.42
5971.53
5971.78
5972.21
5972.87
5973.82
5975.15
