
Objective value: 
1.68554e-05
9283.81
10478.3
10343.4
10051.1
9598.02
9211.32
9052.57
9143.6
9409.21
9730.27
10001
10162.1
10207.3
10162.5
10076.9
9994.31
9938.29
9915.83
9922.76
9950.49
9990.35
10035.6
10081.5
10123.6
10162.7
10204.1
10250.3
10300.8
10353.1
10403.1
10446.3
10480
10502.9
10514.7
10515.8
10507
10490.1
10466.8
10438.9
10407.9
10375
10341.3
10307.7
10275
10243.8
10214.6
10187.6
10162.9
10140.8
10121.2
10103.6
10085.7
10065.3
10042.8
10020.6
10000.2
9982.52
9968.04
9957.21
9950.39
9947.75
9949.36
9955.12
9964.91
9978.55
9995.71
10015.8
10038.2
10062.4
10088
10114.8
10142.8
10172.6
10204.8
10239.3
10270.5
10289.9
10300.7
10308.9
10315.9
10321.4
10325.1
10326.8
10326.4
10323.8
10319.1
10312.4
10304.2
10294.9
10284.3
10272.1
10258.8
10244.7
10230.2
10216
10203
10191.9
10182.8
10172.9
10158.4
10139.8
10120.9
10103.5
10087.9
10074.4
10062.8
10053.4
10046
10040.8
10037.8
10037.2
10039.2
10043.7
10050.5
10059.7
10070.9
10084.2
10099.4
10116.6
10135.4
10155.5
10175.8
10194.4
10210.3
10223.3
10234.1
10243.1
10250.5
10256.2
10260.1
10262.3
10262.6
10261.1
10257.9
10253.1
10247.2
10240.3
10232.5
10224
10214.9
10205.4
10195.9
10186.6
10178.2
10170.9
10165.2
10160.6
10155.1
10146.5
10135
10122.8
10111.2
10100.7
10091.4
10083.4
10076.8
10071.6
10067.9
10065.6
10065.2
10067
10070.8
10076.4
10083.6
10092.3
10102.6
10114.7
10129.2
10146.9
10170.2
10202.4
10234.2
10238.9
10235.2
10234.9
10236.2
10236.6
10236
10234.3
10231.6
10227.9
10223.2
10217.5
10211.3
10205
10198.8
10192.5
10186.2
10180.1
10174.5
10169.6
10166.1
10164.6
10166.1
10171.3
10178.1
10178.4
10170.3
10160.5
10151.9
10144.3
10137.6
10131.7
10126.6
10122.2
10118.5
10115.6
10113.6
10113
10114
10116.3
10119.8
10124.3
10129.8
10136.4
10144.3
10153.8
10165.6
10180.6
10200
10220.6
10230.8
10229.8
10227
10225.3
10223.2
10220.3
10217
10213.1
10208.7
10203.8
10198.6
10193.3
10188.1
10183.1
10178.5
10174.3
10170.4
10167.1
10164.7
10163.2
10163.2
10165
10168.9
10174
10177.2
10175.7
10170.9
10165.4
10160
10155.1
10150.4
10146.2
10142.3
10138.9
10136
10133.8
10132.5
10132.2
10132.9
10134.4
10136.7
10139.6
10143.4
10147.8
10153
10158.9
10165.3
10171.9
10177.8
10182.3
10184.9
10185.8
10185.4
10184.2
10182.3
10180
10177.2
10174.2
10171
10167.6
10164.3
10161
10157.8
10154.8
10152.1
10149.6
10147.5
10145.7
10144.5
10143.6
10143.2
10143
10142.7
10141.9
10140.6
10138.5
10136
10133.2
10130.2
10127.4
10124.7
10122.3
10120.2
10118.6
10117.4
10116.8
10116.7
10117.1
10118
10119.3
10120.9
10122.8
10124.9
10127.2
10129.4
10131.5
10133.4
10134.9
10135.9
10136.4
10136.3
10135.8
10134.8
10133.5
10131.9
10130
10128.1
10126.1
10124.2
10122.4
10120.8
10119.3
10118.1
10117.3
10116.8
10116.7
10117.1
10117.7
10118.5
10119.2
10119.5
10119.1
10118.1
10116.6
10114.7
10112.6
10110.5
10108.3
10106.4
10104.7
10103.3
10102.4
10101.9
10101.8
10102.3
10103.1
10104.3
10105.8
10107.5
10109.2
10110.9
10112.3
10113.5
10114.3
10114.7
10114.6
10114.2
10113.3
10112.1
10110.5
10108.6
10106.6
10104.3
10102
10099.8
10097.7
10095.8
10094.1
10092.8
10091.9
10091.4
10091.4
10092
10093.2
10095.2
10097.8
10100.8
10103.7
10106
10107.2
10107.5
10106.9
10105.9
10104.5
10103
10101.3
10099.8
10098.3
10097.2
10096.4
10096
10096.1
10096.8
10098.1
10100
10102.4
10105.2
10108.3
10111.3
10114.1
10116.2
10117.7
10118.5
10118.7
10118.3
10117.4
10116.1
10114.5
10112.5
10110.3
10107.9
10105.4
10102.7
10099.9
10097.1
10094.4
10091.9
10089.6
10087.5
10085.7
10084.1
10082.9
10081.9
10081.3
10080.9
10080.9
10081.2
10081.8
10082.5
10083.4
10084.1
10084.8
10085.2
10085.4
10085.4
10085.2
10085
10084.9
10084.8
10084.9
10085.3
10086
10087.1
10088.6
10090.6
10092.9
10095.7
10098.8
10102
10105.2
10108.1
10110.6
10112.5
10113.8
10114.6
10114.8
10114.5
10113.8
10112.6
10111.2
10109.5
10107.7
10105.7
10103.5
10101.3
10099
10096.6
10094.2
10091.8
10089.5
10087.2
10085.1
10083
10081.1
10079.4
10077.8
10076.3
10075
10073.9
10073
10072.2
10071.6
10071.1
10070.8
10070.7
10070.8
10071
10071.4
10072
10072.8
10073.9
10075.1
10076.6
10078.4
10080.5
10083
