
Objective value: 
7.58808e-06
5027.94
5580
5580.36
5471.15
5236.16
5012.55
4899.57
4918.34
5034.48
5187.28
5321.95
5406.7
5437.6
5416.66
5371.07
5324.71
5288.93
5267.78
5259.41
5260.44
5268.35
5280.29
5294.16
5307.47
5318.16
5328.81
5341.42
5355.87
5371.04
5385.74
5399.27
5411.2
5420.92
5427.74
5431.1
5430.91
5427.67
5422.12
5414.89
5406.41
5397.06
5387.34
5377.7
5368.24
5359.02
5350.24
5341.99
5334.05
5325.99
5317.85
5310.16
5303.48
5298.1
5294.08
5291.19
5288.73
5285.72
5281.84
5277.63
5273.67
5270.23
5267.35
5265.06
5263.48
5262.97
5263.94
5266.2
5269.5
5273.74
5278.91
5285.03
5292.12
5300.25
5309.55
5320.27
5332.73
5346.97
5360.88
5369.4
5372.55
5374.2
5375.54
5376.39
5376.5
5375.73
5374.06
5371.5
5368.12
5364.11
5359.73
5355.26
5350.79
5346.35
5342.05
5338.03
5334.48
5331.64
5329.82
5329.39
5330.56
5332.67
5333.18
5329.78
5323.68
5317
5310.58
5304.61
5299.11
5294.13
5289.7
5285.87
5282.69
5280.25
5278.69
5278.21
5278.89
5280.62
5283.3
5286.85
5291.26
5296.57
5302.85
5310.31
5319.32
5330.43
5343.84
5356.94
5363.61
5364.6
5364.46
5364.4
5364.17
5363.58
5362.53
5360.98
5358.9
5356.28
5353.14
5349.61
5346
5342.63
5339.39
5336.2
5333.09
5330.19
5327.67
5325.78
5324.93
5325.8
5329.64
5338.53
5351.41
5351.8
5341.67
5333.22
5327.2
5322.15
5317.75
5313.85
5310.42
5307.43
5304.85
5302.7
5301.11
5300.34
5300.54
5301.55
5303.24
5305.57
5308.59
5312.38
5317.11
5323.13
5331.11
5342.37
5359.06
5379
5383.64
5377.92
5374.19
5372.91
5371.43
5369.7
5367.76
5365.6
5363.16
5360.43
5357.41
5354.2
5350.96
5347.89
5345.05
5342.43
5340.02
5337.88
5336.1
5334.82
5334.2
5334.49
5335.95
5338.73
5342.3
5344.77
5344.21
5341.28
5337.68
5334.17
5330.89
5327.86
5325.06
5322.49
5320.19
5318.18
5316.58
5315.54
5315.15
5315.39
5316.21
5317.57
5319.47
5321.96
5325.14
5329.16
5334.26
5340.78
5348.99
5358.26
5365.53
5367.7
5366.62
5365.03
5363.41
5361.57
5359.57
5357.45
5355.23
5352.91
5350.53
5348.15
5345.85
5343.69
5341.7
5339.91
5338.35
5337.04
5336.05
5335.41
5335.18
5335.34
5335.83
5336.43
5336.77
5336.49
5335.46
5333.77
5331.67
5329.37
5327
5324.64
5322.37
5320.24
5318.32
5316.69
5315.45
5314.7
5314.46
5314.74
5315.52
5316.81
5318.64
5321.04
5324.08
5327.81
5332.23
5337.14
5341.98
5345.89
5348.21
5349.08
5349.02
5348.4
5347.38
5346.1
5344.63
5343.05
5341.39
5339.69
5338
5336.37
5334.85
5333.49
5332.36
5331.5
5330.97
5330.84
5331.16
5331.97
5333.2
5334.63
5335.82
5336.26
5335.73
5334.41
5332.6
5330.52
5328.32
5326.08
5323.84
5321.64
5319.51
5317.5
5315.66
5314.08
5312.85
5312.01
5311.61
5311.63
5312.09
5312.99
5314.37
5316.29
5318.79
5321.93
5325.68
