
Objective value: 
7.11262e-06
5032.61
5617.51
5625.06
5505.42
5249.74
5007.25
4885.2
4905.91
5031.34
5196.3
5342.25
5435.21
5470.17
5451.37
5405.83
5358.14
5320.55
5297.64
5288.1
5289.08
5297.82
5310.85
5325.31
5337.66
5346.65
5355.69
5366.8
5380.25
5395.08
5409.84
5423.65
5436.09
5446.6
5454.6
5459.7
5461.79
5461.05
5457.77
5452.17
5444.47
5434.89
5423.77
5411.54
5398.8
5386.19
5374.21
5363.29
5353.89
5346.48
5341.18
5336.39
5329.36
5320.67
5312.34
5305.06
5298.9
5293.83
5289.77
5286.58
5284.1
5282.16
5280.7
5279.77
5279.44
5279.8
5281.14
5283.88
5288.04
5293.28
5299.42
5306.39
5314.15
5322.67
5331.92
5341.89
5352.56
5363.83
5375.12
5384.96
5391.6
5395.1
5396.88
5397.82
5398.09
5397.62
5396.29
5394.03
5390.82
5386.65
5381.71
5376.48
5371.21
5365.74
5360.11
5354.52
5349.22
5344.58
5341.11
5339.63
5341.65
5349.94
5365.56
5368.38
5355.71
5344.9
5337.32
5331.13
5325.74
5320.95
5316.72
5313
5309.79
5307.08
5304.95
5303.74
5303.94
5305.36
5307.74
5311.04
5315.26
5320.48
5326.82
5334.5
5343.87
5355.41
5369.05
5381.79
5388.3
5389.75
5390.11
5390.46
5390.58
5390.28
5389.5
5388.17
5386.27
5383.79
5380.79
5377.39
5373.83
5370.31
5366.84
5363.39
5360.01
5356.82
5353.95
5351.62
5350.08
5349.7
5350.86
5353.68
5356.87
5357.21
5353.52
5348.09
5342.68
5337.69
5333.13
5328.99
5325.25
5321.92
5319.01
5316.58
5314.71
5313.59
5313.38
5314.04
5315.46
5317.59
5320.42
5324
5328.42
5333.89
5340.76
5349.68
5361.61
5376.54
5387.91
5388.74
5386.06
5384.37
5383.14
5381.66
5379.92
5377.9
5375.57
5372.89
5369.89
5366.62
5363.28
5360.08
5357.11
5354.32
5351.69
5349.29
5347.23
5345.67
5344.83
5345.04
5346.72
5350.31
5355.5
5359.34
5358.2
5353.8
5349.13
5344.92
5341.09
5337.59
5334.38
5331.47
5328.85
5326.58
5324.76
5323.57
5323.15
5323.46
5324.45
5326.09
5328.42
5331.52
5335.58
5340.94
5348.19
5358.39
5372.91
5389.2
5394.03
5389.18
5385.6
5384.92
5383.52
5381.52
5379.37
5377.14
5374.77
5372.26
5369.62
5366.91
5364.24
5361.7
5359.36
5357.26
5355.42
5353.89
5352.76
5352.11
5352.05
5352.67
5353.96
5355.63
5356.99
5357.23
5356.11
5354.04
5351.53
5348.87
5346.2
5343.59
5341.07
5338.67
5336.44
5334.44
5332.76
5331.53
5330.84
5330.72
5331.18
5332.23
5333.91
5336.34
5339.69
5344.27
