
Objective value: 
4.44274e-05
7265.13
8245.79
8196.32
7952.12
7536.83
7171.18
7007.66
7068.52
7288.08
7562.43
7799.32
7946.59
7997.65
7971.6
7907.86
7842.7
7794.97
7770.56
7766.91
7777.99
7797.68
7821.61
7847.49
7873.61
7900.04
7929.76
7964.41
8003.29
8044.22
8084.2
8119.74
8147.31
8164.76
8172.08
8170.3
8160.81
8145.24
8125.2
8102.04
8076.87
8050.56
8023.84
7997.37
7971.77
7947.67
7925.59
7905.84
7888.57
7873.86
7861.73
7852
7843.6
7834.01
7821.55
7807.62
7794.09
7781.91
7771.53
7763.35
7757.68
7754.83
7754.96
7758.15
7764.42
7773.67
7785.67
7800.03
7816.29
7834.03
7852.9
7872.7
7893.49
7915.72
7940.46
7969.19
7998.84
8014.47
8017.72
8019.39
8021.14
8022.16
8022.04
8020.68
8018.05
8014.09
8008.8
8002.31
7995.63
7989
7981.68
7973.59
7964.91
7955.89
7946.91
7938.52
7931.52
7926.93
7925.28
7923.34
7913.9
7898.51
7882.96
7869.06
7856.83
7846.18
7837.09
7829.58
7823.68
7819.4
7816.84
7816.18
7817.61
7821.05
7826.31
7833.23
7841.75
7851.81
7863.4
7876.5
7891
7906.55
7922.24
7936.63
7948.51
7957.85
7965.27
7971.22
7975.89
7979.27
7981.34
7982.05
7981.4
7979.4
7976.14
7971.77
7966.56
7960.73
7954.38
7947.53
7940.29
7932.83
7925.36
7918.16
7911.55
7905.95
7901.78
7899.26
7897.69
7894.6
7887.85
7878.73
7869.44
7860.94
7853.47
7847.03
7841.64
7837.31
7834.05
7831.92
7831.16
7832.19
7834.97
7839.14
7844.54
7851.11
7858.86
7867.9
7878.51
7891.35
7907.86
7931.37
7966.44
7988.47
7980.2
7973.85
7973.4
7973.28
7971.84
7969.54
7966.53
7962.82
7958.4
7953.37
7947.97
7942.51
7937.14
7931.82
7926.59
7921.57
7916.92
7912.9
7909.76
7907.86
7907.48
7908.63
7910.27
7910.1
7906.71
7901.3
7895.5
7890
7884.97
7880.45
7876.44
7872.97
7870.06
7867.81
7866.41
7866.13
7867.05
7869.04
7871.95
7875.74
7880.39
7885.93
7892.46
7900.08
7908.93
7918.94
7929.42
7938.52
7944.25
7946.58
7946.97
7946.3
7944.84
7942.7
7940.02
7936.87
7933.32
7929.47
7925.46
7921.5
7917.78
7914.4
7911.41
7908.88
7906.96
7905.84
7905.84
7907.35
7910.82
7916.32
7922.16
7924.34
7921.48
7916.56
7911.65
7906.94
7902.42
7898.13
7894.08
7890.29
7886.78
7883.61
7880.94
7879.1
7878.34
7878.6
7879.73
7881.67
7884.44
7888.08
7892.66
7898.18
7904.48
7911.01
7916.74
7920.69
7922.74
7923.42
7923.24
7922.43
7921.11
7919.4
7917.36
7915.04
7912.53
7909.92
7907.31
7904.81
7902.54
7900.56
7898.95
7897.82
7897.32
7897.67
7899.21
7902.39
7907.73
7915.3
7922.74
7925.01
7921.73
7917.33
7913.58
7909.68
7905.68
7901.82
7898.15
7894.7
7891.5
7888.6
7886.09
7884.1
7882.73
7882.02
7881.96
7882.48
7883.55
7885.14
7887.2
7889.65
7892.41
7895.28
7898.02
7900.36
7902.04
7902.97
7903.15
7902.69
7901.69
7900.28
7898.52
7896.51
7894.31
7892.01
7889.67
7887.39
7885.24
7883.28
7881.57
7880.17
7879.15
7878.62
7878.7
7879.55
7881.42
7884.54
7889.09
7894.79
7900.08
7902.47
7901.62
7899.66
7897.81
7895.73
7893.39
7891.07
7888.92
7887.02
7885.42
7884.19
7883.37
7883
7883.08
7883.6
7884.51
7885.74
7887.18
7888.73
7890.25
7891.6
7892.66
7893.36
7893.66
7893.53
7893.01
7892.12
7890.9
7889.4
7887.66
7885.72
7883.65
7881.49
7879.32
7877.2
7875.2
7873.39
7871.79
7870.47
7869.45
7868.79
7868.53
7868.71
7869.36
7870.47
7871.96
7873.7
7875.42
7876.85
7877.77
7878.15
7878.08
7877.68
7877.06
7876.35
7875.65
7875.05
7874.64
7874.5
7874.7
7875.31
7876.38
7877.94
7879.98
7882.46
7885.23
7888.07
7890.73
7892.95
7894.62
7895.7
7896.24
7896.28
7895.87
7895.07
7893.97
7892.62
7891.07
7889.37
7887.55
7885.63
7883.64
7881.61
7879.58
7877.57
7875.61
7873.74
7871.98
7870.34
7868.85
7867.5
7866.31
7865.26
7864.37
7863.6
7862.94
7862.38
7861.88
7861.42
7860.98
7860.57
7860.17
7859.82
7859.53
7859.33
7859.28
7859.41
7859.78
7860.44
7861.45
7862.88
7864.77
7867.2
