
Objective value: 
6.93039e-05
7377.57
8350
8357.56
8165.66
7753.46
7337.18
7089.54
7064.75
7221.07
7466.75
7709.21
7884.7
7969.67
7970.07
7911.58
7833.93
7764.41
7718.41
7700.75
7708.45
7734.52
7770.81
7810.17
7848.02
7882.08
7909.81
7930.76
7950.15
7972.44
7999.35
8030.89
8065.99
8102.9
8139.48
8173.14
8200.86
8220.49
8231.99
8236.11
8233.52
8224.86
8210.91
8192.64
8171
8146.72
8120.46
8092.98
8065.06
8037.42
8010.69
7985.4
7961.98
7940.82
7922.23
7906.38
7893.31
7882.65
7873.08
7862.15
7848.52
7833.39
7818.27
7803.91
7790.62
7778.65
7768.29
7759.88
7753.76
7750.33
7749.94
7752.77
7758.76
7767.74
7779.54
7793.95
7810.75
7829.71
7850.64
7873.46
7898.39
7926.31
7959.82
8005.34
8053.47
8059.11
8061.62
8068.56
8076.09
8081.92
8085.83
8087.84
8087.98
8086.31
8082.87
8077.74
8070.99
8062.81
8053.85
8044.74
8035.06
8024.68
8013.72
8002.35
7990.81
7979.39
7968.52
7958.82
7951.27
7947.48
7949.54
7954.76
7946.44
7926.47
7907.68
7891.93
7878.37
7866.61
7856.55
7848.2
7841.59
7836.74
7833.63
7832.28
7832.78
7835.28
7839.74
7845.9
7853.55
7862.53
7872.72
7884.04
7896.42
7909.86
7924.4
7940.17
7957.36
7976.04
7995.4
8012.55
8024.27
8031.25
8035.94
8039.43
8041.81
8043.02
8043.01
8041.75
8039.24
8035.5
8030.64
8024.77
8018.09
8010.74
8002.79
7994.31
7985.38
7976.16
7966.84
7957.62
7948.79
7940.67
7933.67
7928.3
7925.08
7924.07
7923.43
7919.18
7910.53
7900.58
7891.32
7883.15
7876.07
7870.03
7865.04
7861.1
7858.23
7856.5
7856.04
7857.06
7859.58
7863.47
7868.56
7874.74
7881.98
7890.26
7899.62
7910.19
7922.23
7936.21
7952.87
7972.84
7993.89
8007.43
8011.11
8012.03
8013.15
8013.85
8013.74
8012.84
8011.15
8008.63
8005.3
8001.17
7996.31
7990.94
7985.44
7980.03
7974.6
7969.12
7963.69
7958.46
7953.66
7949.61
7946.75
7945.79
7947.97
7955.48
7971.22
7988.55
7983.08
7967.45
7956
7948.17
7940.86
7934.23
7928.28
7923
7918.39
7914.44
7911.16
7908.61
7906.92
7906.3
7906.91
7908.66
7911.42
7915.12
7919.76
7925.36
7931.98
7939.71
7948.58
7958.48
7968.84
7978.38
7985.67
7990.39
7993.26
7995.01
7995.95
7996.22
7995.89
7995.01
7993.58
7991.65
7989.22
7986.37
7983.15
7979.68
7976.07
7972.44
7968.88
7965.47
7962.29
7959.47
7957.16
7955.55
7954.85
7955.17
7956.32
7957.44
7957.08
7954.46
7950.16
7945.15
7939.97
7934.86
7929.93
7925.23
7920.8
7916.69
7912.92
7909.56
7906.67
7904.35
7902.73
7901.88
7901.82
7902.53
7904.01
7906.31
7909.52
7913.76
7919.29
7926.44
7935.6
7946.73
7957.82
7964.53
7966.03
7965.65
7965.18
7964.42
7963.23
7961.74
7959.98
7957.97
7955.69
7953.14
7950.34
7947.32
7944.16
7940.96
7937.84
7934.85
7932.02
7929.36
7926.92
7924.76
7922.99
7921.77
7921.31
7921.96
7924.26
7929.18
7938.25
7952.59
7964.24
7959.63
7950.01
7944.29
7940.49
7936.17
7932
7928.11
7924.53
7921.26
7918.31
7915.71
7913.51
7911.79
7910.59
7909.93
7909.78
7910.11
7910.89
7912.13
7913.82
7915.99
7918.69
7921.95
7925.82
7930.32
7935.33
7940.46
7944.95
7947.99
7949.35
7949.4
7948.61
7947.25
7945.48
7943.42
7941.15
7938.73
7936.18
7933.54
7930.85
7928.15
7925.47
7922.84
7920.31
7917.91
7915.66
7913.61
7911.78
7910.2
7908.87
7907.81
7906.98
7906.35
7905.83
7905.31
7904.68
7903.86
7902.81
7901.56
7900.18
7898.75
7897.37
7896.13
7895.12
7894.41
7894.05
7894.09
7894.57
7895.49
7896.86
7898.68
7900.95
7903.63
7906.68
7910.02
7913.53
7917.04
7920.34
7923.22
7925.51
7927.15
7928.13
7928.47
7928.25
7927.55
7926.46
7925.07
7923.44
7921.64
7919.73
7917.77
7915.81
7913.91
7912.14
7910.57
7909.23
7908.21
7907.56
7907.37
7907.76
7908.89
7910.96
