
Primal Residual: 
15.7091
4.27309
1.56262
1.67474
1.99063
1.84225
1.47613
0.982397
0.542762
0.549174
0.712586
0.703753
0.546791
0.370679
0.309009
0.331718
0.324458
0.264543
0.187639
0.156151
0.183386
0.213882
0.223629
0.218127
0.210115
0.205626
0.201389
0.19278
0.180304
0.169153
0.164269
0.165635
0.168966
0.170029
0.16707
0.160618
0.152441
0.144708
0.139493
0.138297
0.141491
0.148064
0.156075
0.163438
0.168534
0.170479
0.169133
0.164984
0.158953
0.152163
0.14567
0.140206
0.136015
0.132838
0.130095
0.127141
0.123503
0.119022
0.1139
0.108675
0.104111
0.10102
0.100005
0.10125
0.104468
0.109043
0.114264
0.119501
0.124285
0.128324
0.131467
0.13367
0.134955
0.135377
0.135006
0.133912
0.13217
0.129864
0.127101
0.124014
0.120768
0.117556
0.114585
0.112054
0.110133
0.108939
0.108522
0.108859
0.10987
0.111428
0.113376
0.115545
0.117761
0.119849
0.121637
0.12296
0.123666
0.123616
0.122702
0.120847
0.118013
0.114212
0.109501
0.103992
0.0978467
0.0912788
0.0845554
0.0779966
0.0719726
0.0668868
0.0631342
0.0610257
0.0606983
0.0620664
0.0648562
0.0687001
0.0732297
0.0781284
0.0831463
0.0880953
0.0928367
0.0972691
0.101318
0.104929
0.108063
0.110691
0.112794
0.114357
0.115376
0.11585
0.115782
0.115184
0.114067
0.11245
0.110354
0.107802
0.10482
0.101437
0.0976802
0.0935799
0.089166
0.0844722
0.0795378
0.0744134
0.0691661
0.0638887
0.0587105
0.0538106
0.0494309
0.0458798
0.0435067
0.0426261
0.0434043
0.0457843
0.0495155
0.0542585
0.0596764
0.065479
0.0714302
0.0773403
0.0830554
0.0884485
0.0934132
0.0978597
0.101712
0.104905
0.107387
0.109115
0.11006
0.1102
0.109527
0.108041
0.105752
0.102679
0.0988647
0.0943553
0.0891973
0.0834458
0.0771698
0.0704549
0.0634053
0.0561487
0.0488478
0.0417236
0.0351032
0.0294973
0.025667
0.0244397
0.0260666
0.0299104
0.0350456
0.0407714
0.0466545
0.0524328
0.057941
0.0630692
0.0677417
0.0719058
0.0755251
0.0785767
0.0810486
0.0829378
0.0842499
0.0849978
0.085201
0.0848856
0.0840836
0.0828326
0.0811756
0.0791605
0.0768399
0.0742701
0.071511
0.0686248
0.0656754
0.0627277
0.0598472
0.057099
0.0545462
0.0522479
0.0502561
0.0486122
0.0473435
0.0464602
0.0459537
0.0457982
0.0459531
0.046368
0.0469871
0.0477545
0.0486167
0.0495257
0.0504399
0.0513247
0.0521525
0.0529024
0.0535602
0.0541173
0.054571
0.0549238
0.0551827
0.0553591
0.0554679
0.0555267
0.0555551
0.0555734
0.0556019
0.0556587
0.0557594
0.0559151
0.0561315
0.0564081
0.056738
0.0571075
0.0574971
0.0578819
0.058233
0.0585186
0.0587059
0.0587619
0.0586551
0.0583565
0.0578407
0.0570867
0.056079
0.054808
0.0532708
0.0514724
0.049426
0.047155
0.0446941
0.0420918
0.0394131
0.0367434
0.0341917
0.0318935
0.0300074
0.0287004
0.0281171
0.0283381
0.029352
0.0310603
0.0333117
0.0359411
0.0387946
0.0417405
0.0446698
0.0474935
0.0501393
0.0525483
0.0546726
0.0564733
0.0579199
0.0589885
0.059662
0.059929
0.0597841
0.059228
0.0582675
0.0569168
0.0551968
0.053134
0.0507574
0.048097
0.0451843
0.0420543
0.0387462
0.0353052
0.0317838
0.0282461
0.0247745
0.0214809
0.0185256
0.0161377
0.0146086
0.0141933
0.0149309
0.0165958
0.0188632
0.0214588
0.0241937
0.0269445
0.02963
0.0321946
0.0345992
0.036815
0.0388204
0.0405993
0.0421394
0.0434322
0.044472
0.0452561
0.0457843
0.0460589
0.0460839
0.045865
0.0454087
0.0447212
0.043808
0.0426748
0.0413294
0.0397847
0.0380585
0.0361724
0.0341511
0.0320227
0.0298195
0.0275802
0.0253514
0.0231894
0.0211625
0.0193517
0.0178497
0.0167521
0.0161377
0.016043
0.0164452
0.0172685
0.0184097
0.0197648
0.0212435
0.0227746
0.024304
0.0257919
0.0272091
0.0285353
0.0297563
0.0308627
0.0318492
0.0327132
0.0334544
0.0340743
0.0345758
0.0349625
0.0352388
0.0354095
0.0354791
0.0354524
0.0353336
0.0351269
0.034836
0.0344644
0.0340154
0.0334921
0.0328976
0.0322354
0.0315091
0.0307231
0.0298824
0.0289934
0.0280634
0.0271018
0.0261196
0.02513
0.0241489
0.0231948
0.0222889
0.0214551
0.0207191
0.0201075
0.0196457
0.0193558
0.0192535
0.0193462
0.0196317
0.0200984
0.0207271
0.0214932
0.0223691
0.0233267
0.0243384
0.0253786
0.0264236
0.027452
0.0284447
0.0293843
0.0302557
0.0310452
0.0317408
0.0323316
0.0328082
0.0331624
0.033387
0.0334758
0.033424
0.0332272
0.0328824
0.0323874
0.0317412
0.0309443
0.0299993
0.0289114
0.0276873
0.0263361
0.0248687
0.0232988
0.0216445
0.0199297
0.0181863
0.0164573
0.0148015
0.0132995
0.0120579
0.0112044
0.0108588
0.0110816
0.011838
0.0130201
0.0144992
0.0161618
0.01792
0.0197082
0.0214771
0.0231889
0.0248136
0.026327
0.0277089
0.0289425
0.0300137
0.0309109
0.0316242
0.0321462
0.0324714
0.0325967
