
Primal Residual: 
18.091
4.52116
1.72764
1.78941
2.0985
1.95358
1.5707
1.08295
0.698344
0.686867
0.80571
0.787305
0.633756
0.449314
0.345538
0.330531
0.322026
0.298688
0.296524
0.33405
0.382394
0.411503
0.412616
0.392151
0.361198
0.327448
0.293138
0.258389
0.225687
0.200447
0.186709
0.182248
0.180023
0.173927
0.161738
0.144815
0.126852
0.112648
0.106393
0.109204
0.118554
0.130779
0.143194
0.154412
0.163961
0.171862
0.178311
0.183448
0.187237
0.18945
0.189722
0.187628
0.182793
0.174988
0.164214
0.150759
0.135257
0.118741
0.102745
0.0893744
0.081094
0.0796649
0.0847081
0.0939619
0.104939
0.115862
0.125696
0.133931
0.140387
0.145077
0.148103
0.149584
0.149613
0.148231
0.145427
0.141159
0.135376
0.128057
0.119232
0.109
0.0975478
0.0851748
0.0723462
0.0598107
0.048847
0.0415899
0.040506
0.0459545
0.0556504
0.0671947
0.0790918
0.0904689
0.100772
0.109615
0.11671
0.121844
0.124866
0.125688
0.124286
0.120694
0.114993
0.107268
0.0976651
0.0864325
0.0738908
0.0604441
0.0466379
0.033389
0.0229093
0.0204605
0.0278085
0.039164
0.051172
0.0626622
0.0731159
0.0822325
0.0898094
0.0957014
0.0998061
0.102056
0.102417
0.100873
0.0974095
0.0919899
0.0850173
0.0771211
0.0681375
0.0582068
0.0475807
0.036476
0.0252868
0.0150503
0.0103274
0.0164866
0.0263079
0.0363323
0.0457842
0.0543431
0.0618131
0.0680546
0.0729671
0.076486
0.0785834
0.0792701
0.0785973
0.0766501
0.0734754
0.069043
0.0634684
0.0569296
0.0496408
0.0418751
0.0339861
0.0265109
0.0204413
0.0175465
0.0191761
0.0240881
0.0303008
0.0366933
0.0427227
0.0480997
0.0526533
0.0562776
0.0589099
0.0605196
0.0611027
0.0606793
0.0592952
0.0570284
0.0539927
0.0503226
0.0461535
0.0416275
0.0369113
0.0322135
0.0278109
0.0240806
0.0215019
0.0205226
0.0212625
0.0233813
0.0263313
0.0296338
0.0329532
0.0360677
0.0388302
0.0411413
0.042934
0.0441644
0.0448071
0.0448505
0.0442946
0.0431484
0.0414306
0.0391727
0.0364237
0.0332541
0.0297602
0.0260718
0.0223698
0.0189205
0.0161249
0.0145191
0.0145332
0.0160817
0.0186328
0.0216392
0.0247207
0.0276382
0.0302401
0.0324272
0.0341337
0.0353174
0.0359541
0.0360355
0.0355684
0.0345755
0.0330984
0.0311983
0.0289524
0.0264443
0.0237633
0.0210142
0.0183331
0.0159074
0.013993
0.0128899
0.0128129
0.0137218
0.0153425
0.0173519
0.0194921
0.0215828
0.0235003
0.0251581
0.0264961
0.0274733
0.028066
0.0282653
0.0280732
0.0274866
0.0264682
0.0249776
0.0230467
0.0207345
0.0181041
0.0152392
0.0122589
0.00935654
0.00692555
0.00578588
0.00662515
0.00877341
0.0113441
0.0139128
0.0162863
0.0183641
0.0200881
0.0214235
0.0223507
0.0228627
0.0229634
0.0226677
0.0220036
0.0210146
0.0197602
0.0183091
0.0167277
0.0150821
0.0134478
0.0119176
0.0106087
0.00966093
0.0092083
0.00931435
0.00992559
0.0109024
0.0120892
0.0133561
0.0146061
0.0157696
0.0167973
0.0176554
0.0183236
0.0187949
0.0190778
0.0191988
0.0191788
0.0188896
0.018167
0.0171573
0.0159134
0.0145106
0.0130092
0.0115001
0.010109
0.00900174
0.00836016
0.00829841
0.00877742
0.00963175
0.0106725
0.0117491
0.0127573
0.0136285
0.0143203
0.0148085
0.0150828
0.0151437
0.0149999
0.0146667
0.0141648
0.0135191
0.0127577
0.0119116
0.0110146
0.0101051
0.00922826
0.00843881
0.00780085
0.00738151
0.00723394
0.00737536
0.00777752
0.00837931
0.00910911
0.00990075
0.0106996
0.011463
0.0121582
0.0127612
0.0132552
0.0136305
0.013884
0.014019
0.0140419
0.0139473
0.0136974
0.0132637
0.0126917
0.0120326
0.0113247
0.0106081
0.00994479
0.00940832
0.00906412
0.00895212
0.00907192
0.00938269
0.00981962
0.0103135
0.0108033
0.0112409
0.0115909
0.0118291
0.0119404
0.0119183
0.0117628
0.0114802
0.0110816
0.0105819
0.00999862
0.00935105
0.0086609
0.00795341
0.00725937
0.00661717
0.00607363
0.00568065
0.00548418
0.0055069
0.00573625
0.00612967
0.00663181
0.00718961
0.0077592
0.00830698
0.00880834
0.0092459
0.00960803
0.00988762
0.0100812
0.0101879
0.0102092
0.0101483
0.0100116
0.00980991
0.00955982
0.00928359
0.00900757
0.00876002
0.00856822
0.0084546
0.00843288
0.00850514
0.00866146
0.00888205
0.00914123
0.00941152
0.00966703
0.00988546
0.0100492
0.0101453
0.0101653
0.0101063
0.0099729
0.00977879
0.00953852
0.00926091
0.00894997
0.00860987
0.0082483
0.00787569
0.0075037
0.00714465
0.00681103
0.00651483
0.00626683
0.00607563
0.00594635
0.00587954
0.00587081
0.00591151
0.00599024
0.00609475
0.00621343
0.00633627
0.00645518
0.00656397
0.00665823
0.00673517
0.00679369
0.00683441
0.00685975
0.00687389
0.00688253
0.00689244
0.00691079
0.00694437
0.00699876
0.00707757
0.00718201
0.00731071
0.00745995
0.00762414
0.00779654
0.00796996
