
Primal Residual: 
17.8124
4.49838
1.74566
1.74402
2.07698
1.954
1.52242
1.01277
0.694533
0.694298
0.743556
0.683173
0.545845
0.418134
0.349726
0.316635
0.289953
0.278867
0.29229
0.312595
0.320028
0.310553
0.291752
0.272826
0.257721
0.2454
0.234131
0.223462
0.212883
0.200586
0.184375
0.163621
0.140541
0.12018
0.108496
0.1077
0.113573
0.119725
0.121916
0.118662
0.110555
0.099658
0.0891014
0.082424
0.0820076
0.0874033
0.0959623
0.104897
0.112306
0.117183
0.119181
0.118405
0.11524
0.110216
0.103886
0.0967206
0.0890584
0.0810946
0.0729219
0.0646025
0.0562586
0.0481712
0.0408962
0.0353755
0.0328273
0.0339945
0.0383524
0.0446055
0.0515824
0.0584767
0.0647506
0.0700283
0.0740345
0.0765675
0.0774893
0.0767254
0.074268
0.0701817
0.0646161
0.0578085
0.0500601
0.0417333
0.0332977
0.0254569
0.0194533
0.0172338
0.0195543
0.0244905
0.0301188
0.0355057
0.0402403
0.0441317
0.0470899
0.0490787
0.0500955
0.0501623
0.0493225
0.0476417
0.0452128
0.0421618
0.0386555
0.03491
0.0312006
0.0278674
0.0252964
0.0238352
0.0236348
0.0245401
0.0261679
0.0280898
0.0299524
0.0315069
0.0325987
0.0331482
0.0331365
0.0325944
0.0315954
0.03025
0.028698
0.0270972
0.0256085
0.0243756
0.0235006
0.0230213
0.0229028
0.0230508
0.0233397
0.0236419
0.0238477
0.0238745
0.0236684
0.0232023
0.0224732
0.0214985
0.0203139
0.0189707
0.0175359
0.0160933
0.0147457
0.0136113
0.0128086
0.0124247
0.0124788
0.0129092
0.0135978
0.0144102
0.0152251
0.0159461
0.0165026
0.0168473
0.0169532
0.0168111
0.0164275
0.0158241
0.0150371
0.0141195
0.0131436
0.0121996
0.0113899
0.0108158
0.0105541
0.0106291
0.0110015
0.0115844
0.012274
0.0129735
0.0136043
0.0141085
0.0144469
0.0145975
0.0145532
0.0143211
0.0139215
0.013387
0.0127604
0.0120917
0.0114355
0.0108486
0.0103825
0.0100731
0.00993119
0.00993945
0.0100577
0.010233
0.0104102
0.010539
0.0105785
0.0104983
0.0102781
0.00990761
0.00938555
0.00871921
0.00792432
0.00702528
0.00605641
0.00506586
0.00412572
0.00335233
0.00291962
0.00296928
0.00343532
0.00411838
0.00486208
0.00557873
0.00622191
0.0067676
0.00720529
0.00753401
0.0077604
0.00789753
0.00796375
0.00798136
0.0079748
0.00796837
0.00798356
0.00803648
0.00813591
0.00828253
0.00846965
0.0086851
0.00891366
0.00913937
0.00934742
0.00952541
0.00966408
0.0097576
0.00980365
0.00980311
0.00975979
0.00967989
0.0095716
0.00944435
0.00930776
0.00917026
0.00903823
0.00891543
0.00880271
0.0086978
0.0085954
0.00848762
0.00836476
0.00821629
0.00803195
0.00780272
0.00752157
0.00718399
0.00678831
0.00633589
0.00583125
0.00528224
0.00470037
0.00410171
0.00350872
0.00295415
0.00248748
0.00217867
0.0020967
0.00225217
0.00258153
0.00300458
0.00346362
0.00392425
0.00436709
0.00478169
0.00516315
0.00551022
0.00582407
0.00610753
0.00636438
0.00659882
0.00681499
0.00701651
0.0072062
0.00738584
0.00755612
0.00771669
0.00786631
0.00800314
0.00812499
0.00822961
0.00831499
0.00837955
0.0084223
0.00844288
0.00844158
0.00841924
0.00837715
0.00831694
0.00824043
0.00814952
0.008046
0.00793132
0.00780648
0.00767194
0.00752759
0.00737284
0.00720668
0.00702778
0.0068346
0.00662554
0.00639907
0.00615389
0.00588912
0.00560447
0.00530042
0.00497838
0.00464095
0.00429211
0.0039375
0.00358493
0.00324491
0.00293146
0.00266268
0.0024602
0.00234568
0.00233358
0.00242415
0.00260323
0.0028492
0.0031406
0.0034598
0.00379355
0.00413227
0.00446905
0.00479885
0.00511797
0.00542361
0.00571367
0.00598652
0.00624089
0.00647583
0.00669061
0.00688475
0.00705796
0.00721017
0.00734147
0.00745213
0.00754256
0.00761327
0.00766481
0.00769771
0.00771237
0.00770901
0.0076878
0.00764909
0.00759338
0.00752109
0.00743231
0.00732716
0.00720604
0.00706968
0.00691893
0.00675455
0.00657703
0.00638652
0.00618279
0.00596534
0.00573346
0.0054864
0.00522362
0.00494498
0.00465102
0.00434323
0.00402431
0.0036985
0.00337187
0.00305282
0.00275272
0.00248655
0.00227298
0.00213249
0.00208197
0.0021273
0.00226009
0.00246214
0.00271304
0.00299509
0.00329468
0.00360181
0.00390926
0.00421178
0.00450548
0.00478748
0.00505562
0.00530827
0.00554422
0.00576256
0.00596268
0.0061442
0.00630693
0.00645089
0.00657625
0.00668333
0.00677259
0.00684454
0.00689977
0.00693878
0.00696204
0.00696982
0.00696229
0.00693965
0.00690223
0.00685058
0.0067853
0.00670698
0.00661609
0.00651301
0.00639803
0.00627146
0.00613355
0.00598446
0.00582415
0.00565239
0.00546873
0.0052726
0.00506333
0.00484036
0.00460333
0.00435229
0.00408785
0.0038114
0.00352527
0.00323301
0.0029397
0.00265245
0.00238123
0.00213966
0.00194561
0.00181966
0.00177962
0.0018322
0.00196906
0.00217188
0.00242059
0.0026983
0.00299225
0.00329316
0.00359428
0.00389055
0.00417814
0.00445408
0.00471607
0.00496232
0.00519145
0.00540246
0.00559466
0.00576764
0.00592124
0.00605554
0.00617082
0.00626754
0.00634633
0.00640793
0.00645303
0.00648195
0.00649421
0.00648891
0.00646629
0.00642772
0.00637341
0.00630281
0.00621597
0.00611402
0.00599911
0.0058736
0.00573946
0.00559826
0.00545116
0.00529876
0.00514105
0.00497733
0.00480638
0.00462665
0.00443658
0.00423498
0.00402135
0.00379614
0.00356093
0.00331857
0.00307327
0.00283075
0.00259846
0.00238581
0.0022042
0.00206639
0.00198464
0.00196741
0.0020163
0.00212536
0.00228363
0.00247866
0.00269896
0.00293502
0.00317937
0.00342622
0.00367112
0.00391059
0.00414195
0.00436307
0.0045723
0.00476834
0.00495021
0.00511719
0.00526883
0.00540487
0.00552526
0.00563012
0.00571973
0.0057945
0.00585491
0.00590145
0.0059343
0.00595287
0.00595556
0.005941
0.0059097
0.00586318
0.00580304
0.00573064
0.00564615
0.00554943
0.00544139
0.00532377
0.00519854
0.00506716
0.00493045
0.00478857
0.00464116
0.00448731
0.0043257
0.0041548
0.00397322
0.00377998
0.00357486
0.00335863
0.00313324
0.00290203
0.00266983
0.0024433
0.00223117
0.00204452
0.00189645
0.00180059
0.00176776
0.00180189
0.00189828
0.00204593
0.00223163
0.00244316
0.0026705
0.00290591
0.00314349
0.00337876
0.00360827
0.00382934
0.00403988
0.00423828
0.0044233
0.00459403
0.00474984
0.00489037
0.00501546
0.00512519
0.00521982
0.0052998
0.00536573
0.00541828
0.00545802
0.00548497
0.0054981
0.00549615
0.00547977
0.00545061
0.00540861
0.00535321
0.0052843
0.00520281
0.0051112
0.00501193
0.00490656
0.00479629
0.00468216
0.00456485
0.00444443
0.00432023
0.00419095
0.00405492
0.00391035
0.00375573
0.00359007
0.00341321
0.00322598
0.0030303
0.00282932
0.00262748
0.00243066
0.00224627
0.00208333
0.00195204
0.00186278
0.0018239
0.00183933
0.00190715
0.00202042
0.00216959
0.00234483
0.00253742
0.00274016
0.00294734
0.0031545
0.00335818
0.00355566
0.00374483
0.00392406
0.00409208
0.00424795
0.00439101
0.00452084
0.00463721
0.00474011
0.00482969
0.00490627
0.00497027
0.00502213
0.00506211
0.00508979
0.00510369
0.00510211
0.00508503
0.00505404
0.00501089
0.00495723
0.00489361
0.00481977
0.00473645
0.00464539
0.00454865
0.00444788
0.00434405
0.00423752
0.0041281
0.0040151
0.00389734
0.0037733
0.0036414
0.00350032
0.00334924
0.00318809
0.00301773
0.00284004
0.00265802
0.00247586
0.00229904
0.00213437
0.00198996
0.00187475
0.00179754
0.00176514
0.0017805
0.00184176
0.00194296
0.00207598
0.00223235
0.00240446
0.00258594
0.00277168
0.00295763
0.00314059
0.00331806
0.00348806
0.00364906
0.00379988
0.00393967
0.00406783
0.00418399
0.00428801
0.00437993
0.00445998
0.00452853
0.00458604
0.00463298
0.00466948
0.00469493
0.00470798
0.00470801
0.00469613
0.00467316
0.00463889
0.00459315
0.00453618
0.00446942
0.00439521
0.00431545
0.00423139
0.00414397
0.00405396
0.00396171
0.00386698
0.00376887
0.00366604
0.00355692
0.00343996
0.00331397
0.00317829
0.00303302
0.0028791
0.00271839
0.00255375
0.00238904
0.00222919
0.00208024
0.0019492
0.00184373
0.00177126
0.0017377
0.00174589
0.00179483
0.00188001
0.00199484
0.00213207
0.00228491
0.00244747
0.0026149
0.0027833
0.00294957
0.00311124
0.0032664
0.00341355
0.00355154
0.00367954
0.00379697
0.0039035
0.00399899
0.00408352
0.00415732
0.0042208
0.00427444
0.00431867
0.00435337
0.00437722
0.00438785
0.00438417
0.00436756
0.00433997
0.00430354
0.0042594
0.00420675
0.00414548
0.00407734
0.0040047
0.00392963
0.00385332
0.00377614
0.003698
0.00361833
0.00353607
0.00344972
0.00335753
0.00325782
0.00314928
0.0030312
0.00290362
0.00276746
0.00262452
0.00247751
0.00233007
0.00218671
0.00205283
0.0019345
0.00183819
0.00177008
0.00173509
0.00173578
0.00177178
0.00183989
0.00193502
0.00205126
0.00218281
0.00232446
0.00247177
0.00262108
0.0027694
0.00291435
0.00305399
0.00318681
0.00331164
0.0034276
0.0035341
0.00363076
0.00371747
0.00379429
0.00386148
0.00391948
0.00396884
0.00400996
0.00404263
0.00406542
0.00407643
0.00407594
0.00406567
0.00404598
0.0040169
0.0039781
0.00392948
0.00387339
0.00381284
0.00374943
0.00368401
0.00361733
0.00355017
0.00348286
0.00341493
0.00334519
0.00327202
0.0031936
0.00310824
0.00301459
0.00291187
0.00280003
0.00267982
0.00255285
0.00242154
0.00228916
0.00215976
0.00203813
0.00192961
0.00183987
0.0017743
0.00173732
0.0017315
0.00175701
0.00181167
0.00189147
0.00199145
0.00210652
0.00223189
0.00236341
0.00249755
0.00263141
0.00276263
0.00288934
0.00301006
0.00312363
0.00322923
0.00332626
0.0034144
0.00349353
0.00356372
0.00362526
0.00367855
0.003724
0.00376172
0.00379093
0.00380956
0.00381569
0.00380975
0.00379362
0.00376942
0.00373894
0.00370194
0.00365745
0.00360655
0.00355166
0.00349511
0.00343841
0.00338202
0.00332594
0.00326987
0.0032131
0.00315444
0.00309231
0.00302502
0.00295102
0.00286918
0.00277891
0.00268032
0.00257421
0.00246214
0.00234635
0.00222977
0.00211595
0.002009
0.0019134
0.00183377
0.0017745
0.00173914
0.00172986
0.00174706
0.0017893
0.00185366
0.00193634
0.00203319
0.00214019
0.00225369
0.00237052
0.00248798
0.00260384
0.00271629
0.00282385
0.00292541
0.00302012
0.0031074
0.00318691
0.00325854
0.00332239
0.00337873
0.00342798
0.0034705
0.00350625
0.00353418
0.0035524
0.00356009
0.00355852
0.00354868
0.00353085
0.00350504
0.00347093
0.00342966
0.00338409
0.00333646
0.00328789
0.00323901
0.00319037
0.00314236
0.0030948
0.00304676
0.0029968
0.00294324
0.00288443
0.00281896
0.00274587
0.00266474
0.00257578
0.00247986
0.00237852
0.00227388
0.00216864
0.00206603
0.00196969
0.00188354
0.00181159
0.00175756
0.00172448
0.00171425
0.00172729
0.00176252
0.00181762
0.00188941
0.00197437
0.00206896
0.00216992
0.00227433
0.00237971
0.00248396
0.00258537
0.00268256
0.00277445
0.00286026
0.00293946
0.00301174
0.00307704
0.00313548
0.00318737
0.0032331
0.00327288
0.00330616
0.00333106
0.00334511
0.00334777
0.00334072
0.00332607
0.00330592
0.00328065
0.00324887
0.00321093
0.00316927
0.00312652
0.00308454
0.00304393
0.00300461
0.00296637
0.00292866
0.00289044
0.00285022
0.00280631
0.00275708
0.00270126
0.00263801
0.00256711
0.0024889
0.00240433
0.00231489
0.00222259
0.00212985
0.00203946
0.00195453
0.00187829
0.00181398
0.00176461
0.0017326
0.00171956
0.00172601
0.00175134
0.00179395
0.0018515
0.00192123
0.00200028
0.00208585
0.00217541
0.00226669
0.00235773
0.00244692
0.0025329
0.00261462
0.00269129
0.00276239
0.0028276
0.00288686
0.00294032
0.00298831
0.00303124
0.00306929
0.00310176
0.00312661
0.00314176
0.00314768
0.00314603
0.00313754
0.00312265
0.00310062
0.00307087
0.00303591
0.00299918
0.00296244
0.00292637
0.00289118
0.00285736
0.0028253
0.00279454
0.00276379
0.00273137
0.00269551
0.0026546
0.00260736
0.00255297
0.00249116
0.00242225
0.00234711
0.00226712
0.00218414
0.00210039
0.00201842
0.00194102
0.00187108
0.00181148
0.00176487
0.00173343
0.00171863
0.00172104
0.00174031
0.0017752
0.00182381
0.00188381
0.00195271
0.00202804
0.00210747
0.00218893
0.00227057
0.00235087
0.00242855
0.0025026
0.00257228
0.00263709
0.00269676
0.00275127
0.00280081
0.00284571
0.00288628
0.00292223
0.00295195
0.00297243
0.00298193
0.00298172
0.00297412
0.00296167
0.00294552
0.00292376
0.00289523
0.00286238
0.00282862
0.00279659
0.0027672
0.00274001
0.00271472
0.00269122
0.00266886
0.0026463
0.00262182
0.00259368
0.00256035
0.00252077
0.00247432
0.00242096
0.00236114
0.00229575
0.00222609
0.00215381
0.00208081
0.00200921
0.00194127
0.00187932
0.00182567
0.00178242
0.00175137
0.0017338
0.00173037
0.00174106
0.00176515
0.00180138
0.00184806
0.00190327
0.00196499
0.00203124
0.0021002
0.00217019
0.00223977
0.00230772
0.00237306
0.00243507
0.00249325
0.00254734
0.00259735
0.00264347
0.00268609
0.0027255
0.00276127
0.00279141
0.00281279
0.00282456
0.00282875
0.00282674
0.00281944
0.00280636
0.00278538
0.00275757
0.00272747
0.00269804
0.00267047
0.0026447
0.00262074
0.00259927
0.00258056
0.00256362
0.00254673
0.00252796
0.00250557
0.0024781
0.00244451
0.00240427
0.00235733
0.00230419
0.00224575
0.00218326
0.00211828
0.00205258
0.0019881
0.00192686
0.00187092
0.00182228
0.00178277
0.00175389
0.00173676
0.00173194
0.00173945
0.00175874
0.00178879
0.00182821
0.00187541
0.00192867
0.00198629
0.00204664
0.00210826
0.00216984
0.00223028
0.00228871
0.00234447
0.00239714
0.00244654
0.00249276
0.00253606
0.0025768
0.00261497
0.0026492
0.00267611
0.00269238
0.00269848
0.00269711
0.00269121
0.00268288
0.00266995
0.00264917
0.00262244
0.00259426
0.00256832
0.00254628
0.00252729
0.00251057
0.00249639
0.0024847
0.00247442
0.00246378
0.0024508
0.00243378
0.00241144
0.00238301
0.00234822
0.00230729
0.00226083
0.00220977
0.0021553
0.00209875
0.00204161
0.00198542
0.00193181
0.00188237
0.00183866
0.00180213
0.00177401
0.00175524
0.00174642
0.00174772
0.00175894
0.00177947
0.00180837
0.0018445
0.00188653
0.0019331
0.00198282
0.00203441
0.0020867
0.00213869
0.00218954
0.00223865
0.00228563
0.00233035
0.00237292
0.00241369
0.00245311
0.00249118
0.00252629
0.00255445
0.00257247
0.00258209
0.002586
0.00258587
0.00258223
0.00257116
0.00254986
0.00252369
0.00249824
0.00247589
0.00245668
0.00243915
0.00242368
0.00241198
0.00240414
0.00239851
0.00239284
0.00238504
0.0023734
0.00235665
0.00233397
0.00230505
0.00227007
0.00222962
0.00218461
0.00213618
0.00208561
0.00203428
0.00198361
0.00193507
0.00189008
0.00185001
0.0018161
0.00178943
0.0017708
0.00176073
0.00175943
0.00176675
0.00178225
0.00180521
0.0018347
0.00186966
0.00190894
0.0019514
0.00199594
0.00204153
0.00208731
0.00213256
0.00217678
0.00221968
0.00226123
0.00230167
0.00234144
0.00238085
0.00241911
0.00245279
0.00247645
0.00248865
0.0024928
0.00249268
0.00249226
0.00248976
0.00247764
0.0024548
0.00242856
0.00240463
0.002387
0.00237377
0.00236202
0.00235216
0.00234618
0.00234399
0.00234386
0.00234324
0.00233998
0.00233249
0.00231977
0.00230129
0.00227702
0.00224733
0.00221286
0.00217449
0.00213318
0.00208997
0.00204595
0.00200223
0.0019599
0.00192006
0.00188376
0.00185198
0.0018256
0.00180532
0.00179168
0.001785
0.00178537
0.00179262
0.0018064
0.00182612
0.00185105
0.00188036
0.00191314
0.0019485
0.00198557
0.00202359
0.00206194
0.00210017
0.00213807
0.00217569
0.00221334
0.00225161
0.00229099
0.00233069
0.00236652
0.00239197
0.00240661
0.00241532
0.00242116
0.00242717
0.00242899
0.00241624
0.00239088
0.00236547
0.00234408
0.00232929
0.00231649
0.00230348
0.00229297
0.00228879
0.00228982
0.00229353
0.00229686
0.00229772
0.00229456
0.00228636
0.00227254
0.00225301
0.00222814
0.00219859
0.0021652
0.00212892
0.00209074
0.00205164
0.00201264
0.00197471
0.0019388
0.00190583
0.00187663
0.00185191
0.00183229
0.00181822
0.00180998
0.00180768
0.00181124
0.00182043
0.00183482
0.00185391
0.00187705
0.00190355
0.00193271
0.00196386
0.00199642
0.0020299
0.00206403
0.00209877
0.00213433
0.00217128
0.00221032
0.00225154
0.00229228
0.00232511
0.00234409
0.0023531
0.00235786
0.00236506
0.00237639
0.00237882
0.00235987
0.00233216
0.00230544
0.00228869
0.00228069
0.00227312
0.00226293
0.00225684
0.00225696
0.00226291
0.00227095
0.00227805
0.0022819
0.0022814
0.0022758
0.00226494
0.00224897
0.00222839
0.00220387
0.00217615
0.00214598
0.00211412
0.00208129
0.00204823
0.00201565
0.00198425
0.00195472
0.00192767
0.00190369
0.00188328
0.00186689
0.00185483
0.00184734
0.00184451
0.00184631
0.0018526
0.0018631
0.00187743
0.00189514
0.00191574
0.00193874
0.00196371
0.00199033
0.00201841
0.00204803
0.00207952
0.0021136
0.00215121
0.00219282
0.00223581
0.00227141
0.00229228
0.00230459
0.00231492
0.00232989
0.0023507
0.00235968
0.0023358
0.00230603
0.00228012
0.00226627
0.00225911
0.00224977
0.0022354
0.00222818
0.0022286
0.00223652
0.0022469
0.00225695
0.00226406
0.00226716
0.00226528
0.00225833
0.00224643
0.00223014
0.00221009
0.002187
0.00216154
0.00213436
0.00210612
0.00207743
0.00204894
0.00202125
0.00199494
0.00197054
0.0019485
0.00192924
0.00191313
0.00190043
0.00189138
0.0018861
0.00188464
0.00188697
0.00189294
0.00190235
0.00191491
0.00193034
0.00194834
0.00196867
0.00199123
0.00201607
0.00204354
0.00207431
0.00210945
0.00214997
0.002195
0.00223736
0.00226472
0.00227735
0.00228539
0.00229806
0.00232614
0.00235599
0.00235182
0.00231653
0.00228386
0.00225835
0.00225602
0.0022545
0.00224943
0.00223666
0.00223384
0.002237
0.00224906
0.00226268
0.00227557
0.0022839
0.00228812
0.00228736
0.00228279
0.00227424
0.00226251
0.00224769
0.00223043
0.00221101
0.00218997
0.00216765
0.00214454
0.00212107
0.00209767
0.00207475
0.00205269
0.00203184
0.00201252
0.00199506
0.00197977
0.00196693
0.00195678
0.00194949
0.00194518
0.00194388
0.00194558
0.00195018
0.00195758
0.00196771
0.0019805
0.00199605
0.00201459
0.00203664
0.00206308
0.00209524
0.00213455
0.00218067
0.00222596
0.00225504
0.00226844
0.00228022
0.00229988
0.00234074
0.00238588
0.00238596
0.00233753
0.00230705
0.00227783
0.0022717
0.00226274
0.00225878
0.00224645
0.00224516
0.00224381
0.00225442
0.00226696
0.00228337
0.00229528
0.00230243
0.00230226
0.00229869
0.00229181
0.00228362
0.00227302
0.00226058
0.00224589
0.00222964
0.00221202
0.00219356
0.00217461
0.00215557
0.00213675
0.00211839
0.00210071
0.00208391
0.00206825
0.00205398
0.00204139
0.00203074
0.00202226
0.00201613
0.00201246
0.00201135
0.00201285
0.00201703
0.00202401
0.002034
0.0020474
0.00206483
0.00208731
0.00211627
0.00215334
0.00219858
0.00224512
0.00227648
0.00228888
0.0022979
0.00231735
0.0023667
0.00242937
0.00245342
0.00239581
0.00235935
0.00231796
0.00231128
0.00230718
0.00230813
0.0023047
0.00231252
0.00230972
0.00231349
0.00231616
0.00233393
0.00235198
0.00236859
0.00237175
0.00236963
0.00236272
0.00236031
0.00235756
0.00235511
0.00234804
0.00233861
0.00232644
0.00231435
0.0023015
0.00228832
0.00227439
0.00226002
0.00224531
0.00223036
0.00221541
0.00220075
0.0021867
0.00217356
0.0021616
0.00215105
0.00214211
0.00213496
0.00212978
0.00212678
0.0021262
0.00212839
0.00213387
0.00214333
0.00215777
0.0021786
0.00220748
0.0022456
0.00229031
0.00232952
0.00234971
0.00236042
0.00237863
0.00242439
0.00250091
0.00258099
0.00252381
0.00248263
0.00244225
0.00242992
0.00240131
0.00237228
0.00238054
0.00238816
0.00237919
0.00238911
0.002399
0.0024176
0.00242434
0.00243661
0.00243736
0.00244587
0.00244456
0.00244839
0.0024445
0.00244504
0.00243957
0.00243758
0.00243
0.00242476
0.00241551
0.002408
0.00239846
0.00238974
0.0023802
0.00237031
0.00235991
0.00234907
0.00233829
0.00232797
0.00231845
0.00231012
0.00230323
0.002298
0.00229476
0.00229387
0.00229576
0.00230108
0.00231065
0.00232548
0.00234668
0.00237482
0.00240853
0.00244228
0.00246819
0.00248588
0.00250603
0.00254321
0.00260652
0.00267711
0.00268431
0.00263814
0.0026047
0.0026022
0.00261412
0.00259963
0.00265375
0.00270757
0.00272848
0.00263018
0.00260166
0.00258915
0.00260418
0.00264628
0.00265717
0.00266411
0.00269957
0.00274798
0.00273484
0.00265269
0.00262196
0.00260788
0.0026218
0.00261618
0.00261734
0.00259956
0.00256956
0.002548
0.00252383
0.0025007
0.00248279
0.00247238
0.00246333
0.002452
0.00243923
0.00242445
0.00240858
0.00239388
0.00238026
0.00236768
0.00235685
0.00234725
0.0023391
0.00233384
0.00233199
0.00233462
0.00234407
0.00236194
0.00239069
0.00243198
0.00247678
0.00249908
0.00249223
0.00248953
0.00251246
0.00257516
0.00261975
0.00269707
0.00261913
0.00260412
0.00256196
0.00257346
0.00268911
0.00254724
0.00258294
0.00252703
0.00250683
0.00262489
0.00257759
0.00257322
0.00254271
0.00273554
0.0028435
0.00266161
0.00263844
0.00258747
0.00258642
0.002561
0.00256311
0.00254662
0.00247757
0.00245971
0.00243727
0.00238103
0.00235264
0.00232787
0.00230249
0.00229126
0.00227737
0.00225848
0.00224424
0.00223055
0.00221837
0.00221262
0.00220835
0.00220339
0.00219988
0.00219542
0.00219047
0.00218907
0.00219061
0.00219617
0.00221007
0.00223278
0.00226643
0.00231017
0.00234542
0.00234719
0.00233172
0.00232583
0.00234765
0.00236723
0.0023849
0.00239116
0.00240257
0.00239143
0.00238795
0.00237896
0.00240391
0.00243489
0.00247041
0.00247288
0.00247892
0.00247752
0.00251635
0.00256138
0.00261451
0.00260136
0.00258923
0.00257202
0.00260442
0.00266706
0.00266143
0.00268296
0.0026346
0.00267305
0.00263789
0.00267379
0.0026452
0.00269904
0.00267363
0.00270555
0.00265023
0.002698
0.00266714
0.0026585
0.00265477
0.00269184
0.00270492
0.00269808
0.00268449
0.00270162
0.00272181
0.00274149
0.00275905
0.00277747
0.00279608
0.00281833
0.00284196
0.00286884
0.00289161
0.00291315
0.00292715
0.00294948
0.00297266
0.00301307
0.00303197
0.00304843
0.0030217
0.00304432
0.00307031
0.00312572
0.00320627
0.00323817
0.00315726
0.00311581
0.00310469
0.00314268
0.00310569
0.00313682
0.00319614
0.00309603
0.00319201
0.003172
0.00311598
0.00306156
0.00318373
0.00326134
0.00313321
0.00306805
0.00303916
0.00305906
0.00298592
0.00298367
0.00298108
0.00286302
0.00284731
0.00283071
0.00271861
0.00270597
0.00269171
0.00259305
0.0025809
0.00256174
0.00246668
0.00244429
0.0024183
0.00233786
0.00231564
0.00229135
0.00222917
0.0022086
0.00218641
0.00213897
0.00212338
0.00210791
0.00207507
0.00206871
0.00206397
0.00204498
0.00205373
0.00206838
0.0020679
0.00211592
0.0021933
0.0022714
0.0023065
0.00226482
0.00225503
0.00223751
0.0022345
0.00223164
0.00224463
0.00225522
0.00228918
0.00223657
0.0021918
0.00215414
0.00214848
0.00217247
0.00215183
0.00218404
0.00221356
0.00220112
0.00222287
0.00222499
0.00225573
0.00224553
0.00226825
0.00225842
0.00229188
0.00229293
0.00232499
0.00230892
0.0023493
0.00231753
0.00235949
0.00232128
0.00236702
0.00233765
0.0023651
0.00234927
0.002406
0.00240511
0.00244512
0.00238309
0.00241901
0.00239663
0.0023994
0.00246147
0.0024763
0.00252035
0.00247751
0.0025468
0.00249795
0.00256243
0.00251707
0.0025624
0.00256783
0.00257695
0.00268087
0.00296995
0.00298709
0.00281279
0.00279529
0.00267364
0.00263461
0.0026168
0.00258415
0.00253167
0.0025072
0.00250197
0.00249441
0.00249034
0.00248144
0.00246288
0.00244956
0.00243667
0.0024119
0.00236853
0.00230743
0.00227839
0.00227626
0.00229272
0.00230829
0.00232065
0.00232913
0.00233095
0.00233022
0.00232584
0.00231886
0.00231406
0.00231735
0.00232901
0.00234463
0.00236153
0.00237668
0.00238539
0.00238183
0.00236929
0.00235682
0.00234928
0.00234091
0.0023296
0.00231925
0.00231067
0.00230547
0.00230594
0.00231191
0.0023233
0.00233998
0.00236192
0.0023885
0.00241828
0.00244856
0.00247567
0.00249642
0.00251209
0.00252897
0.00255513
0.00259541
0.00264174
0.00265452
0.00262858
0.00261243
0.00262799
0.0027481
0.00283207
0.00305728
0.00279119
0.00273519
0.00267073
0.00261893
0.00265916
0.00257836
0.00251841
0.00250168
0.00246042
0.0024308
0.00242018
0.00238228
0.00234806
0.00233101
0.00228936
0.00225434
0.00223274
0.0022033
0.0021871
0.00218477
0.00219143
0.00220433
0.00221886
0.00223071
0.00224037
0.00224917
0.00225853
0.00227204
0.00229096
0.00231354
0.00233243
0.00233923
0.0023346
0.00233024
0.00233337
0.0023338
0.00232117
0.00230174
0.00228528
0.00227508
0.0022688
0.00226937
0.00227847
0.00229471
0.00231963
0.00235157
0.00238421
0.00240346
0.00240498
0.00240687
0.00242504
0.00247116
0.00253306
0.00258041
0.0025207
0.00250312
0.00249604
0.0025374
0.0025671
0.00258624
0.00260563
0.00283007
0.0026931
0.00263132
0.00262922
0.00256177
0.00259151
0.00251
0.00249705
0.00248984
0.00237908
0.00237505
0.00238299
0.002298
0.0023103
0.00233252
0.00224484
0.00228811
0.00232272
0.00222611
0.002255
0.00227306
0.00222102
0.00228077
0.0023404
0.00226681
0.00228447
0.00231269
0.00226698
0.0024153
0.00247162
0.00235747
0.00230849
0.00226849
0.00226135
0.00220041
0.00223048
0.00223955
0.00214265
0.00217318
0.00227223
0.00214995
0.00224936
0.00217875
0.00216272
0.00216954
0.00223374
0.00225105
0.0023464
0.00230196
0.00247861
0.00232424
0.00229184
0.00228268
0.00225903
0.00242668
0.00226183
0.00222327
0.00218136
0.00217716
0.00227952
0.00218959
0.00219523
0.00214118
0.00219148
0.00227245
0.00220004
0.00218386
0.00216383
0.00220131
0.00227171
0.00222312
0.00225236
0.00224456
0.00229809
0.00236985
0.00248918
0.00236777
0.00233964
0.00229546
0.00226283
0.00226775
0.00219649
0.00217269
0.00217608
0.00212427
0.00214243
0.00217688
0.00213997
0.00221163
0.00226679
0.00224886
0.00219134
0.00218421
0.00219518
0.00221343
0.00224582
0.00231102
0.00238723
0.00239476
0.00231374
0.00229705
0.00226709
0.00226351
0.00227738
0.00229529
0.00227368
0.00230355
0.00234451
0.00242441
0.00231403
0.00229387
0.00227246
0.00227845
0.00232714
0.00226495
0.00227788
0.00233921
0.00227472
0.00245259
0.00229474
0.00239013
0.00230562
0.00226775
0.00226118
0.00222515
0.00227887
0.00224269
0.00215676
0.00216076
0.00224755
0.00214024
0.00218827
0.00213385
0.0021213
0.00216033
0.00219786
0.00225797
0.00223351
0.00222781
0.00220434
0.00222393
0.00227915
0.0022403
0.00233835
0.0023389
0.00233749
0.00227012
0.00231795
0.00234632
0.00227049
0.00227106
0.00244026
0.00227268
0.00240422
0.0022689
0.0022366
0.00222145
0.00220568
0.00225151
0.00225544
0.00221385
0.00226204
0.0023933
0.00229945
0.00226965
0.00222945
0.00221836
0.00225906
0.00221263
0.00228069
0.00236264
0.00222401
0.00221266
0.00219423
0.0021791
0.00269447
0.00244425
0.00238578
0.00240202
0.0022687
0.00227182
0.00220141
0.00218745
0.00217555
0.00208182
0.00207833
0.00209386
0.00203481
0.00205406
0.00209015
0.00202308
0.00210076
0.00211805
0.00206752
0.00204045
0.00204964
0.00208255
0.00208407
0.0021532
0.00217595
0.00225901
0.00218533
0.0022005
0.00216916
0.002157
0.00236378
0.0021837
0.00223918
0.00214057
0.00210345
0.00213171
0.00206134
0.00213924
0.00220241
0.00207347
0.00208514
0.00213806
0.00207307
0.00248414
0.00230175
0.00218752
0.0022149
0.00214363
0.00214357
0.00213108
0.00214616
0.00213213
0.00210156
0.00212547
0.00215914
0.00215862
0.0021014
0.00208494
0.00209094
0.00213792
0.00217521
0.00223556
0.00223065
0.00225958
0.00220971
0.00221471
0.00221031
0.00219117
0.00240315
0.00238325
0.00228626
0.00224048
0.00217494
0.0021947
0.00211984
0.00214653
0.00219587
0.00208835
0.00211728
0.00217019
0.00208784
0.00218299
0.00222197
0.00211274
0.00210124
0.00212834
0.00210014
0.00224992
0.0022474
0.00218249
0.0021556
0.00213063
0.00217589
0.00212431
0.00223856
0.00226887
0.00216095
0.00212584
0.00214161
0.0021377
0.00215844
0.00226546
0.00270939
0.00272112
0.00251965
0.00252638
0.00235242
0.00229707
0.00227182
0.00222273
0.00215604
0.00211619
0.00210078
0.00209183
0.00208643
0.00207955
0.00207301
0.00207511
0.00208155
0.00208651
0.00207813
0.00202251
0.0019889
0.00198542
0.00200141
0.00202688
0.00205087
0.00208342
0.00212014
0.00217408
0.00217593
0.00213755
0.00210773
0.00209173
0.00213622
0.00210149
0.00216233
0.00211414
0.00216211
0.00208247
0.00213111
0.00208265
0.0020684
0.00208135
0.00208477
0.00210527
0.00214822
0.00218595
0.00222673
0.00216319
0.0021521
0.00214715
0.00217221
0.00222211
0.00221185
0.00225499
0.00226909
0.00244995
0.00227651
0.00227313
0.0022742
0.0022515
0.00241366
0.00225654
0.00224615
0.00219772
0.00217705
0.00251378
0.00222921
0.00221342
0.00216955
0.002131
0.0023779
0.00213172
0.00213211
0.00208132
0.00204702
0.00229006
0.00206099
0.00202986
0.00199256
0.00197707
0.00207118
0.00197036
0.00197006
0.00195691
0.00194682
0.00208885
0.00209455
0.00210664
0.00205193
0.00203415
0.00204189
0.00200754
0.00209937
0.0021528
0.00201336
0.00197622
0.00198353
0.00193143
0.00202727
0.0020827
0.00196806
0.00194401
0.00194496
0.00194942
0.00201644
0.00214914
0.00218428
0.00206644
0.00207122
0.00203235
0.00203123
0.00203558
0.00205743
0.00207423
0.00207124
0.00213521
0.00216062
0.00214854
0.0020943
0.0020719
0.00206878
0.00206861
0.00213064
0.00214415
0.00209383
0.00207522
0.00212497
0.00223464
0.00232224
0.00220454
0.00220298
0.0021599
0.00214343
0.00213896
0.00211002
0.00207338
0.00206005
0.00205596
0.00205486
0.00206679
0.00209076
0.00214221
0.00216765
0.00213413
0.00211818
0.00211462
0.00213698
0.00212041
0.00214199
0.0021871
0.00219528
0.00225074
0.00218032
0.00217918
0.00214729
0.00217005
0.00237666
0.00220404
0.00226093
0.00218533
0.00215379
0.00219364
0.00212666
0.00219426
0.00223788
0.00213011
0.00215091
0.00223607
0.00212997
0.00241403
0.0021858
0.00217146
0.00216416
0.00214206
0.00226684
0.00212486
0.00212057
0.00208528
0.00206255
0.00230867
0.00217472
0.00214423
0.00210469
0.00208594
0.00215939
0.00206811
0.00209246
0.00215833
0.00203319
0.00209125
0.00209051
0.00201483
0.00201734
0.00250663
0.00208327
0.00214852
0.00209547
0.00203635
0.00202441
0.00197505
0.00196039
0.00195997
0.0019126
0.00192069
0.00194497
0.00191409
0.00195896
0.00199794
0.00205915
0.00196996
0.00196798
0.00196795
0.00197046
0.00200403
0.00198076
0.00201105
0.00206047
0.00219063
0.00209788
0.00206508
0.00204429
0.00201319
0.00203766
0.00199879
0.00202239
0.00209669
0.00200727
0.00205725
0.00199641
0.0020445
0.00201919
0.0020201
0.00204661
0.00223676
0.00243878
0.00234829
0.00234296
0.00227011
0.00217778
0.00215557
0.00215544
0.0021297
0.00208764
0.00207919
0.00207899
0.00206757
0.00206906
0.00207347
0.00208037
0.00211253
0.00212289
0.0020835
0.00204506
0.00203819
0.00204818
0.00205589
0.00208209
0.00211826
0.00214507
0.00219218
0.00216793
0.00214694
0.00211801
0.00213765
0.00223155
0.00216562
0.00221577
0.00214663
0.00219635
0.00216897
0.00214638
0.00214708
0.00234052
0.00231217
0.00235951
0.00228535
0.00221374
0.00219652
0.00217946
0.00222501
0.00220097
0.00215824
0.00217882
0.00222341
0.00218486
0.00222265
0.00222616
0.00224139
0.00220987
0.00221675
0.00218042
0.00219551
0.00219631
0.00221186
0.00227288
0.0023457
0.00241393
0.00231872
0.00229715
0.00225561
0.00223273
0.00224791
0.00219934
0.00216871
0.00216694
0.00214568
0.00215434
0.00218219
0.0022293
0.00233583
0.00237389
0.00229206
0.00228001
0.00224214
0.00223533
0.0022024
0.00218785
0.00217678
0.00212429
0.0021264
0.00213966
0.00209775
0.00211283
0.00212584
0.00214261
0.00217993
0.00220896
0.00220775
0.00218031
0.00217679
0.00219695
0.00222536
0.00228392
0.00236342
0.00244918
0.00233693
0.00231012
0.00226154
0.00223707
0.00222771
0.00219346
0.00218089
0.00216879
0.00214513
0.00216381
0.00219136
0.00220364
0.00231092
0.00241983
0.00247462
0.00235174
0.00232587
0.00226949
0.00224772
0.00223962
0.0022003
0.00214458
0.0021184
0.00209415
0.0020593
0.00203723
0.00201974
0.00200761
0.00201527
0.00202617
0.00203238
0.00205521
0.00207751
0.00207923
0.00205343
0.00205957
0.00207627
0.00210255
0.00212657
0.00216954
0.00222734
0.00231099
0.00221268
0.00217906
0.0021321
0.00210272
0.00208335
0.00204161
0.00203583
0.00202678
0.00199907
0.00203311
0.00208206
0.0020753
0.00215214
0.00208472
0.00210874
0.00208078
0.00208051
0.00209278
0.00207788
0.00213833
0.00219848
0.00210421
0.00208471
0.00207258
0.00211362
0.00233658
0.00238631
0.00223648
0.00226054
0.00218649
0.00216835
0.00213938
0.00213068
0.00211036
0.00205705
0.00205826
0.00206878
0.00203496
0.00205466
0.00208047
0.00211789
0.00210682
0.00208813
0.0020831
0.00209858
0.00213556
0.00212914
0.00221694
0.00225218
0.00247229
0.0022869
0.00225115
0.0022112
0.00214674
0.00226651
0.00209754
0.00204066
0.00200058
0.00197709
0.00199678
0.00199474
0.00198948
0.00201784
0.00203429
0.00204108
0.00214332
0.00218177
0.00208257
0.00209554
0.00206811
0.00205657
0.00205108
0.00205109
0.00204005
0.00199909
0.0020022
0.00201001
0.00199218
0.0019718
0.00196854
0.00201263
0.00210448
0.0022335
0.00214601
0.00212705
0.00210258
0.00207478
0.00205684
0.00203469
0.00204177
0.00202646
0.00200832
0.00204094
0.0020854
0.00210317
0.00202968
0.00201672
0.00201094
0.00202985
0.00204653
0.00205573
0.00209019
0.00217669
0.00219527
0.00211454
0.002111
0.0020742
0.00207641
0.00207891
0.00209156
0.00208985
0.0020817
0.00212606
0.00214863
0.0021297
0.00208005
0.00206681
0.00208884
0.00208301
0.00215766
0.00220289
0.00219466
0.00212923
0.0021196
0.00212236
0.00213918
0.00232314
0.00250968
0.0026742
0.00248473
0.00241382
0.0022932
0.00223967
0.00222548
0.00217132
0.00211007
0.0020866
0.00207585
0.00206772
0.00206666
0.00205877
0.00204711
0.00204627
0.00204356
0.00203809
0.00203303
0.00199319
0.00196792
0.00197081
0.00199133
0.00202223
0.00204616
0.00209042
0.00214565
0.00222911
0.0021721
0.00214377
0.00211006
0.00210203
0.00210461
0.00204634
0.00204778
0.00211472
0.00201845
0.00205179
0.00199725
0.0020019
0.00203923
0.00200855
0.00213482
0.00210025
0.0020943
0.00206271
0.00205734
0.00207724
0.00204739
0.00203283
0.00202645
0.00202825
0.00203047
0.00203281
0.00203444
0.00203271
0.00202486
0.00200923
0.0019853
0.00195324
0.00191387
0.00186906
0.00182198
0.00177663
0.00173688
0.00170544
0.00168331
0.00166996
0.00166406
0.00166409
0.00166875
0.00167696
0.00168773
0.00170001
0.00171263
0.00172438
0.00173415
0.00174099
0.00174423
0.00174347
0.00173863
0.00172989
0.00171765
0.00170255
0.00168531
0.00166677
0.00164779
0.00162925
0.00161196
0.00159671
0.00158413
0.00157471
0.00156874
0.00156624
0.00156697
0.00157045
0.00157602
0.00158288
0.00159021
0.00159721
0.00160321
0.00160769
