
Primal Residual: 
26.1699
5.0464
2.49005
1.5016
1.94553
2.37733
2.33641
1.93253
1.38026
0.975806
0.946124
1.05666
1.05404
0.919709
0.744303
0.631389
0.603843
0.598363
0.571258
0.532086
0.510098
0.513686
0.523128
0.517382
0.491406
0.453893
0.417041
0.386595
0.359067
0.327742
0.289908
0.249251
0.213768
0.19078
0.181137
0.178856
0.1772
0.172899
0.166114
0.158945
0.15416
0.154258
0.160638
0.173056
0.189805
0.208463
0.226594
0.242157
0.253664
0.260206
0.261428
0.25746
0.248827
0.236306
0.22077
0.203078
0.184007
0.16419
0.144126
0.124308
0.105441
0.0887531
0.0763421
0.0710109
0.0744853
0.0855175
0.101184
0.118952
0.137118
0.154529
0.170335
0.183859
0.194545
0.201949
0.205739
0.205711
0.2018
0.194099
0.182886
0.168597
0.151744
0.132924
0.112854
0.0924438
0.0729849
0.0566268
0.0470448
0.0478197
0.0574295
0.0712093
0.0860253
0.100359
0.113454
0.124894
0.134428
0.141898
0.147212
0.150325
0.151242
0.150009
0.14671
0.14147
0.134443
0.125835
0.11591
0.105003
0.0935301
0.0820216
0.0711837
0.0619752
0.0556095
0.0532303
0.0551872
0.0606885
0.0683869
0.0770673
0.0858558
0.0941611
0.101579
0.107827
0.112699
0.116053
0.11779
0.117856
0.116237
0.112963
0.108112
0.101803
0.0941977
0.0854954
0.0759465
0.0658751
0.0557281
0.0461745
0.0382824
0.0336269
0.033613
0.0379855
0.0450622
0.0532689
0.0616167
0.0695215
0.0766206
0.0826749
0.0875222
0.0910549
0.0932093
0.0939597
0.0933133
0.0913022
0.0879691
0.0833706
0.0776097
0.0708462
0.0632845
0.055183
0.0468895
0.0389173
0.0320877
0.0276703
0.0269908
0.0301376
0.0357841
0.0425262
0.0494602
0.0560591
0.0620029
0.0670853
0.0711677
0.0741576
0.0759961
0.0766507
0.0761119
0.074402
0.0716099
0.0678845
0.0633356
0.0580546
0.0521698
0.0458356
0.0392378
0.0326327
0.0264233
0.021308
0.0184211
0.0187962
0.0220849
0.0269805
0.032461
0.0379539
0.0431362
0.0478074
0.0518321
0.0551152
0.0575904
0.059216
0.0599719
0.0598565
0.0588807
0.0570589
0.0544151
0.0510063
0.0469259
0.0422944
0.0372659
0.032047
0.0269382
0.0224108
0.0191981
0.0181669
0.0196326
0.0229609
0.0272417
0.0318178
0.0362919
0.0404212
0.044049
0.0470689
0.0494072
0.051014
0.051857
0.051918
0.0511876
0.0496634
0.0473777
0.0445002
0.0412789
0.0376646
0.0337076
0.0295073
0.0251541
0.0208135
0.0167724
0.0135244
0.0118313
0.0122866
0.0145346
0.0177153
0.0212077
0.0246708
0.0279117
0.0308097
0.0332839
0.035278
0.0367551
0.0376942
0.0380889
0.0379453
0.0372805
0.0361203
0.0344992
0.0324656
0.0300893
0.0274655
0.0247171
0.0220028
0.0195279
0.0175514
0.0163555
0.0161433
0.0169115
0.0184449
0.0204458
0.0226481
0.0248525
0.0269196
0.028754
0.0302908
0.0314873
0.0323171
0.0327672
0.0328357
0.0325307
0.0318706
0.0308856
0.0296212
0.0281405
0.0265221
0.0248371
0.0231466
0.0215192
0.0200245
0.0187323
0.0177131
0.0170271
0.0167076
0.016747
0.0170968
0.0176799
0.0184079
0.0191954
0.0199667
0.0206591
0.0212224
0.0216184
0.02182
0.021811
0.0215849
0.0211453
0.0205051
0.0196877
0.0187274
0.0176708
0.0165784
0.0155248
0.0145967
0.0138854
0.0134725
0.013408
0.0136944
0.0142853
0.0151027
0.0160586
0.0170708
0.018071
0.0190056
0.0198354
0.020533
0.0210813
0.0214717
0.021703
0.0217802
0.0217142
0.0215204
0.0212187
0.0208323
0.0203864
0.0199066
0.0194171
0.0189385
0.018487
0.0180727
0.0177002
0.017369
0.0170742
0.0168079
0.0165603
0.0163203
0.0160765
0.0158182
0.0155356
0.0152208
0.0148681
0.0144746
0.0140406
0.0135702
0.0130715
0.0125571
0.0120442
0.0115542
0.0111123
0.0107453
0.0104788
0.0103335
0.0103211
0.0104415
0.0106824
0.0110221
0.011433
0.0118855
0.0123515
0.0128062
0.0132294
0.0136053
0.0139235
0.014178
0.0143673
0.0144939
0.0145641
0.0145871
0.0145746
0.01454
0.0144974
0.0144607
0.0144422
0.014452
0.0144969
0.0145798
0.0146993
0.0148504
0.0150243
0.01521
0.0153944
0.0155639
0.0157044
0.0158023
0.0158447
0.0158197
0.0157163
0.0155251
0.0152391
0.0148542
0.0143699
0.0137901
0.0131226
0.0123799
0.0115787
0.0107406
0.00989247
0.00906674
0.00830163
0.00764008
0.00712602
0.00679652
0.00667074
0.00674164
0.00697731
0.00733154
0.00775631
0.00820981
0.00865953
0.00908215
0.00946228
0.00979104
0.0100649
0.0102845
0.0104544
0.010582
0.0106772
0.0107515
0.0108174
0.0108875
0.0109734
0.0110849
0.0112292
0.0114099
0.0116275
0.0118787
0.0121574
0.0124551
0.0127619
0.0130672
0.0133603
0.0136317
0.0138727
0.0140764
0.0142368
0.0143472
0.014396
0.014365
0.0142386
0.0140153
0.0136992
0.0132897
0.0127862
0.0121975
0.0115423
0.0108452
0.0101361
0.00944786
0.00881299
0.00826101
0.00781492
0.00748823
0.00728284
0.00718906
0.00718808
0.00725627
0.00736955
0.00750655
0.00765016
0.0077877
0.00791055
0.00801356
0.00809468
0.00815463
0.00819676
0.00822673
0.00825215
0.00828196
0.00832564
0.00839238
0.00849011
0.0086248
0.00879984
0.00901577
0.00927033
0.00955876
0.00987428
0.0102087
0.010553
0.010898
0.0112348
0.0115553
0.0118523
0.0121201
0.0123541
0.012551
0.012708
0.0128213
0.0128835
0.0128834
0.0128122
0.0126713
0.012469
0.0122127
0.0119072
0.0115595
0.0111808
0.0107855
0.0103884
0.0100033
0.00964105
0.00930819
0.00900676
0.0087348
0.00848741
0.00825809
0.00804012
0.00782766
0.00761661
0.00740512
0.00719372
0.0069852
0.00678431
0.00659739
0.00643198
0.00629641
0.00619932
0.00614901
0.00615256
0.00621488
0.00633791
0.00652022
0.0067572
0.00704161
0.00736445
0.00771589
0.00808591
0.00846485
0.00884376
0.00921455
0.00957012
0.00990444
0.0102126
0.0104908
0.0107364
0.0109479
0.0111248
0.0112673
0.0113762
0.0114516
0.0114927
0.0114968
0.011461
0.0113848
0.0112717
0.0111268
0.0109539
0.0107568
0.0105404
0.0103112
0.0100761
0.00984109
0.00961053
0.00938621
0.00916732
0.00895087
0.00873246
0.00850728
0.00827103
0.00802066
0.00775488
0.00747449
0.00718251
0.00688412
0.0065865
0.00629857
0.00603057
0.00579366
0.00559913
0.00545756
0.00537757
0.00536466
0.00542028
0.00554158
0.00572198
0.00595227
0.00622184
0.00651988
0.0068361
0.00716126
0.0074873
0.00780745
0.00811617
0.00840907
0.00868286
0.00893524
0.0091648
0.00937096
0.00955382
0.00971405
0.00985268
0.00997095
0.0100701
0.0101511
