
Primal Residual: 
17.2836
4.43372
1.65589
1.76054
2.07408
1.90535
1.51395
1.03627
0.668234
0.667276
0.786005
0.767315
0.615555
0.432181
0.326964
0.311893
0.30594
0.286136
0.285911
0.322453
0.368803
0.396847
0.398315
0.379129
0.349546
0.316717
0.282959
0.24893
0.217599
0.194369
0.182627
0.179374
0.177449
0.171116
0.158502
0.141094
0.122526
0.107517
0.100378
0.10254
0.111596
0.12377
0.136237
0.147524
0.157118
0.165046
0.171534
0.176764
0.180735
0.183233
0.183877
0.182218
0.177846
0.170499
0.160147
0.147051
0.13181
0.115425
0.099389
0.0857914
0.0771652
0.0754389
0.0803395
0.0895508
0.100503
0.111384
0.121158
0.129326
0.135721
0.140366
0.143371
0.144863
0.144937
0.143637
0.140953
0.136842
0.131253
0.124163
0.115597
0.105654
0.0945127
0.0824628
0.069953
0.0577031
0.0469465
0.0397694
0.0386356
0.0439362
0.0534005
0.064658
0.0762496
0.0873315
0.0973701
0.105992
0.11292
0.117947
0.120925
0.12177
0.120456
0.117015
0.111525
0.104077
0.0948286
0.08403
0.0720006
0.0591405
0.0459941
0.0334804
0.0237166
0.0212834
0.0277809
0.0383215
0.0496836
0.0606526
0.0706838
0.0794662
0.0867927
0.0925162
0.0965329
0.098775
0.0992063
0.0978149
0.0945988
0.0895762
0.0830887
0.0755198
0.0668869
0.0573455
0.0471104
0.0364323
0.0257407
0.0161146
0.0115454
0.0166398
0.0257622
0.0353589
0.0445106
0.0528492
0.0601605
0.0662971
0.0711543
0.0746646
0.0767963
0.0775544
0.0769838
0.0751665
0.0721628
0.0679322
0.0625722
0.056265
0.049215
0.0416796
0.0339895
0.0266367
0.0205155
0.0172622
0.0183613
0.022876
0.02884
0.0350737
0.0410066
0.0463385
0.0508938
0.054564
0.0572836
0.0590191
0.0597631
0.0595312
0.0583619
0.0563203
0.0535029
0.0500333
0.0460454
0.0416801
0.0370978
0.0324978
0.0281421
0.0243872
0.0216927
0.0205142
0.0210279
0.0229586
0.0257816
0.0290093
0.0322906
0.0353907
0.0381535
0.0404734
0.0422792
0.0435243
0.0441814
0.0442389
0.0436977
0.0425696
0.0408761
0.0386508
0.0359436
0.0328253
0.029392
0.0257734
0.0221505
0.018788
0.0160812
0.0145483
0.0145928
0.0161235
0.0186292
0.0215836
0.0246173
0.0274955
0.0300681
0.0322362
0.0339337
0.0351177
0.0357634
0.0358615
0.0354177
0.0344531
0.033007
0.0311376
0.0289185
0.0264307
0.0237613
0.0210131
0.0183199
0.0158659
0.0139046
0.0127403
0.0126025
0.0134669
0.0150622
0.017059
0.0191938
0.021283
0.0232017
0.0248636
0.0262089
0.0271977
0.0278064
0.0280256
0.0278551
0.027288
0.0262944
0.024857
0.0230161
0.0208338
0.018381
0.015753
0.013087
0.0106003
0.0086639
0.00781923
0.00839162
0.010042
0.0121945
0.0144574
0.0166127
0.0185367
0.0201557
0.0214243
0.022316
0.0228183
0.022931
0.0226657
0.0220478
0.0211177
0.0199305
0.0185467
0.017026
0.0154308
0.0138343
0.0123274
0.0110256
0.0100676
0.00958788
0.00965613
0.0102301
0.0111788
0.0123486
0.0136071
0.0148539
0.016016
0.0170416
0.0178948
0.0185535
0.0190082
