
Primal Residual: 
15.3193
4.08039
1.57662
1.59094
1.85881
1.79057
1.46561
0.981399
0.601647
0.652788
0.79466
0.764313
0.592455
0.407046
0.336634
0.3532
0.349328
0.308702
0.272068
0.275125
0.301832
0.320212
0.320547
0.31056
0.300444
0.292312
0.280916
0.261446
0.234279
0.20445
0.178263
0.159448
0.147467
0.139507
0.133492
0.12888
0.125577
0.122933
0.119782
0.11512
0.108703
0.101304
0.0947087
0.0913687
0.093389
0.101172
0.113186
0.12705
0.140535
0.151939
0.160127
0.164488
0.164881
0.161566
0.155104
0.146225
0.135734
0.124443
0.113036
0.101976
0.091467
0.0815262
0.0721379
0.0634876
0.0562217
0.0516046
0.0511605
0.0555484
0.0638965
0.0745635
0.0860276
0.0971408
0.107085
0.115298
0.121417
0.125251
0.126744
0.12595
0.123018
0.118182
0.111726
0.103934
0.0950805
0.0854477
0.0753491
0.0651715
0.055442
0.0469314
0.040743
0.0381084
0.0395598
0.0443217
0.0509893
0.0583771
0.0657019
0.0724743
0.0783886
0.0832585
0.086981
0.0895166
0.0908747
0.0911025
0.0902734
0.088476
0.0858024
0.0823416
0.0781818
0.0734189
0.0681603
0.062533
0.0566992
0.050883
0.0454064
0.0407257
0.0374273
0.0360928
0.0370042
0.0399331
0.0442814
0.0493821
0.0546731
0.059728
0.0642345
0.067968
0.0707731
0.0725516
0.0732543
0.0728756
0.0714494
0.0690452
0.0657653
0.0617403
0.0571264
0.0521058
0.0468939
0.0417545
0.0370198
0.0331051
0.0304781
0.0295236
0.0303319
0.0326213
0.0359051
0.0397027
0.0436336
0.0474204
0.0508643
0.0538229
0.0561944
0.0579087
0.0589209
0.0592071
0.0587598
0.0575832
0.0556926
0.0531228
0.0499349
0.0462159
0.042079
0.0376697
0.03318
0.0288719
0.0251113
0.0223813
0.0211829
0.0217467
0.0238241
0.0268774
0.0303882
0.0339757
0.0373824
0.0404361
0.04302
0.0450563
0.0464956
0.0473118
0.0475002
0.0470762
0.0460753
0.044549
0.0425597
0.0401794
0.0374932
0.0346035
0.0316359
0.0287471
0.0261309
0.024017
0.0226429
0.0221871
0.0226879
0.0240182
0.0259457
0.0282183
0.0306153
0.0329614
0.0351224
0.0369972
0.038511
0.0396109
0.0402622
0.0404459
0.0401489
0.0393487
0.0380246
0.036195
0.0339033
0.0312045
0.0281705
0.0248957
0.0215075
0.0181895
0.015224
0.0130447
0.0121798
0.0128837
0.0148398
0.0174888
0.020391
0.0232708
0.0259587
0.0283458
0.0303599
0.0319522
0.0330916
0.0337605
0.0339534
0.0336764
0.0329483
0.0318032
0.03029
0.0284662
0.0263938
0.0241431
0.0218015
0.0194809
0.017328
0.0155326
0.0143155
0.013868
0.0142505
0.015347
0.0169367
0.0187948
0.0207406
0.0226412
0.0244007
0.0259495
0.0272369
0.0282272
0.0288962
0.0292305
0.0292258
0.0288847
0.028209
0.02719
0.0258232
0.0241334
0.0221637
0.0199669
0.0176074
0.0151656
0.0127524
0.0105395
0.00880504
0.00793661
0.00820232
0.00943584
0.0112183
0.0132081
0.0151978
0.017066
0.0187391
0.0201709
0.0213325
0.0222076
0.0227893
0.0230789
0.0230853
0.0228244
0.0223199
0.0216036
0.0207147
0.0196991
0.0186075
0.017495
0.0164221
0.0154551
0.0146626
0.0141085
0.0138389
0.0138699
0.0141812
0.0147218
0.0154231
0.0162128
0.0170234
0.0177966
0.0184846
0.0190488
0.0194595
0.0196945
0.0197381
0.0195797
0.0192125
0.0186325
0.0178407
0.0168465
0.0156678
0.014331
0.012871
0.0113344
0.00978582
0.00831911
0.00707565
0.00625415
0.00605127
0.00650531
0.00744846
0.008657
0.00996152
0.0112546
0.0124698
0.0135658
0.0145165
0.0153062
0.015927
0.0163766
0.0166579
0.0167781
0.0167483
0.0165838
0.0163035
0.0159295
0.0154864
0.0150002
0.0144967
0.0140015
0.0135386
0.0131298
0.012793
0.0125406
0.0123785
0.0123056
0.0123139
0.0123891
0.0125129
0.0126641
0.0128215
0.0129644
0.0130744
0.0131355
0.0131349
0.013063
0.0129136
0.0126844
0.0123765
0.0119954
0.0115504
0.0110557
0.0105297
0.00999574
0.0094813
0.00901715
0.00863508
0.00836402
0.00822499
0.00822628
0.00836133
0.00861045
0.00894566
0.00933623
0.009753
0.0101709
0.0105697
0.0109346
0.0112551
0.0115251
0.0117417
0.0119051
0.0120179
0.0120845
0.0121109
0.0121039
0.0120706
0.0120183
0.0119537
0.0118826
0.0118096
0.0117381
0.01167
0.0116057
0.0115442
0.0114834
0.01142
0.0113501
0.0112692
0.0111726
0.0110558
0.0109147
0.0107458
0.0105467
0.0103161
0.0100542
0.00976276
0.00944536
0.00910744
0.00875638
0.00840142
0.00805353
0.0077251
0.0074293
0.00717925
0.00698674
0.00686078
0.00680633
0.00682342
0.00690724
0.00704901
0.00723748
0.00746043
0.007706
0.0079636
0.00822435
0.00848124
0.0087291
0.00896438
0.00918497
0.00938989
0.00957902
0.00975292
0.0099125
0.0100589
