
Primal Residual: 
19.0117
4.72064
1.94127
1.88235
2.16194
2.0083
1.58563
1.082
0.727809
0.724417
0.815443
0.778716
0.628563
0.470072
0.394236
0.378129
0.35113
0.308347
0.294403
0.328559
0.374783
0.400606
0.400366
0.385209
0.369044
0.357558
0.346858
0.330772
0.307071
0.277993
0.247491
0.218495
0.192094
0.168715
0.149535
0.136274
0.129296
0.126366
0.124023
0.119994
0.114501
0.110242
0.11107
0.119321
0.133969
0.151808
0.169577
0.184933
0.196556
0.203991
0.207429
0.207489
0.20496
0.200542
0.194661
0.187418
0.178589
0.167735
0.154394
0.138264
0.119352
0.0980986
0.075584
0.0542119
0.040033
0.0426877
0.0592919
0.080152
0.100844
0.119672
0.135887
0.149164
0.159415
0.166695
0.171128
0.172863
0.172041
0.168777
0.163162
0.155286
0.145309
0.133474
0.119979
0.105011
0.0888066
0.0716699
0.0539953
0.0364225
0.0207454
0.0155229
0.0269612
0.0426104
0.0583241
0.0731858
0.0867947
0.0989
0.109319
0.11791
0.124567
0.129212
0.131802
0.132332
0.130859
0.127575
0.122617
0.11507
0.105668
0.0945271
0.0819221
0.0681933
0.0537354
0.0390868
0.0253157
0.0160616
0.0192629
0.0305889
0.0433214
0.0556415
0.0669408
0.0769153
0.0853814
0.0922254
0.0973847
0.100837
0.102592
0.102685
0.101174
0.0981354
0.09368
0.0879931
0.0812996
0.0737668
0.0655479
0.0568309
0.0478475
0.0389154
0.0305542
0.0237555
0.0203054
0.0217085
0.0269046
0.0338123
0.0411711
0.0483629
0.0550547
0.0610406
0.0661797
0.0703709
0.0735427
0.0756488
0.0766664
0.0765962
0.0754588
0.0732818
0.0700761
0.0658549
0.0606955
0.0547216
0.0480834
0.0409673
0.0336206
0.0264193
0.0200588
0.0159626
0.0160145
0.0199661
0.0257641
0.0320449
0.0381755
0.0438376
0.0488453
0.053078
0.0564537
0.0589177
0.0604357
0.0609905
0.0605781
0.0592049
0.05689
0.0537063
0.0498475
0.0454757
0.040629
0.0353845
0.0298624
0.0241954
0.0185842
0.0134358
0.0097816
0.00954258
0.0127352
0.0173301
0.0222133
0.0269569
0.0313541
0.0352812
0.0386537
0.041411
0.0435113
0.0449301
0.045661
0.0457182
0.0451427
0.0440038
0.042299
0.0397923
0.0365859
0.0328233
0.0285899
0.0240029
0.0192163
0.0144641
0.0102268
0.00772109
0.00859803
0.0119531
0.0160695
0.020221
0.0241216
0.0276293
0.030659
0.0331551
0.0350814
0.0364161
0.037149
0.0372784
0.0368076
0.0357444
0.0341132
0.0320144
0.0296716
0.0271597
0.0244526
0.021631
0.018763
0.0159318
0.013286
0.0110802
0.00969894
0.00951145
0.0105176
0.0123292
0.0145318
0.0168463
0.0191011
0.0211871
0.0230313
0.0245833
0.0258088
0.0266858
0.0272035
0.0273609
0.0271637
0.0266105
0.0256735
0.0243257
0.0225921
0.0205213
0.0181694
0.0156115
0.012951
0.0103454
0.00807482
0.00665909
0.0067044
0.00812259
0.0102464
0.0125836
0.0148818
0.0170075
0.0188825
0.0204576
0.0217011
0.0225932
0.0231234
0.0232879
0.0230896
0.0225383
0.021656
0.0204893
0.0191487
0.0177211
0.0162127
0.0146696
0.0131386
0.0116714
0.0103517
0.00929776
0.00864495
0.00849344
0.00884488
0.00959773
0.0106068
0.0117376
0.0128854
0.0139732
0.0149461
0.0157661
0.0164082
0.0168577
0.0171091
0.0171629
0.0170185
0.0166582
0.0160469
0.015179
0.0140847
0.0127983
0.0113598
0.00982347
0.00826584
0.00680489
0.00563469
0.00503659
0.00521905
0.00606884
0.00728461
0.00862521
0.00994542
0.0111603
0.0122193
0.0130915
0.0137591
0.0142133
0.0144522
0.0144804
0.0143088
0.0139548
0.0134444
0.0128137
0.0121075
0.0113682
0.0106296
0.00992116
0.00927261
0.00871525
0.00828104
0.00799791
0.00788287
0.0079361
0.00813987
0.00846305
0.00886824
0.00931787
0.00977782
0.0102191
0.0106184
0.0109582
0.0112262
0.011415
0.0115207
0.0115392
0.0114586
0.011255
0.0109088
0.0104266
0.00982629
0.00912519
0.00834624
0.00752551
0.00671374
0.00597892
0.00540622
0.00508367
0.00506576
0.00533774
0.00582369
0.00642879
0.0070706
0.00768806
0.00823944
0.00869801
0.00904819
0.0092827
0.00940076
0.00940684
0.00930996
0.00912315
0.00886286
0.00854833
0.00820059
0.00784142
0.00749227
0.00717347
0.00690344
0.0066978
0.00656815
0.00652079
0.00655588
0.00666741
0.00684428
0.00707197
0.00733446
0.00761587
0.00790175
0.0081801
0.00844229
