
Primal Residual: 
18.7535
4.43382
1.92111
1.7237
2.01812
2.00721
1.6595
1.12484
0.716402
0.75555
0.898119
0.867154
0.688054
0.488522
0.389831
0.378095
0.361774
0.330083
0.3279
0.369733
0.419767
0.448916
0.453486
0.443984
0.43096
0.416896
0.398242
0.37231
0.340912
0.308979
0.280688
0.256674
0.234701
0.212625
0.190524
0.170592
0.155408
0.145965
0.14102
0.138344
0.136472
0.135513
0.136925
0.142588
0.153621
0.169657
0.189053
0.209587
0.229049
0.245562
0.257721
0.264646
0.265977
0.261834
0.252716
0.239361
0.222654
0.203576
0.183078
0.162002
0.14106
0.12091
0.102356
0.0866928
0.0760515
0.0730192
0.0786689
0.0912608
0.107879
0.126097
0.144228
0.161106
0.175901
0.18803
0.197101
0.202883
0.205284
0.204321
0.200118
0.192897
0.182972
0.17068
0.156376
0.140464
0.123436
0.105922
0.088807
0.073424
0.0618326
0.0566303
0.0591678
0.0678611
0.079832
0.0928718
0.105658
0.117425
0.127716
0.13626
0.142907
0.14759
0.150311
0.151118
0.150096
0.147358
0.143032
0.137254
0.130174
0.12197
0.112857
0.103101
0.0930401
0.0831225
0.0739587
0.0663628
0.0613035
0.0596243
0.0615725
0.0665931
0.0736621
0.0817424
0.0899962
0.0978015
0.104708
0.110394
0.114638
0.117297
0.1183
0.117636
0.115349
0.111536
0.106343
0.099959
0.0926192
0.084605
0.0762583
0.0680043
0.0603843
0.0540772
0.0498478
0.0483242
0.0496536
0.0533785
0.0587069
0.0648556
0.0712036
0.0772986
0.0828179
0.0875311
0.0912756
0.0939395
0.0954528
0.0957795
0.0949122
0.092867
0.0896832
0.0854308
0.0802174
0.0741904
0.0675412
0.060516
0.0534389
0.0467476
0.0410371
0.0370541
0.0355043
0.0366335
0.0400054
0.0448114
0.0502848
0.0558549
0.0611287
0.0658388
0.0698023
0.0728959
0.0750405
0.0761938
0.0763465
0.0755217
0.0737728
0.0711766
0.0678275
0.0638373
0.0593415
0.0545057
0.0495357
0.0446917
0.0403025
0.0367665
0.0345048
0.0338327
0.0348009
0.0371555
0.0404692
0.044303
0.0482898
0.0521481
0.055668
0.0586944
0.0611146
0.0628498
0.06385
0.0640881
0.0635495
0.0622166
0.0600841
0.0571931
0.0536188
0.0494596
0.0448439
0.0399408
0.0349787
0.0302783
0.0262957
0.0236285
0.0228423
0.0240815
0.0269198
0.0307002
0.0348625
0.0390162
0.0429004
0.0463392
0.0492113
0.0514336
0.0529508
0.0537304
0.0537596
0.0530449
0.0516144
0.0495198
0.0468307
0.0436252
0.0399897
0.0360287
0.0318762
0.0277128
0.0237959
0.0205021
0.0183397
0.0177942
0.0189699
0.0214751
0.024753
0.0283553
0.0319806
0.0354307
0.0385708
0.0413059
0.0435683
0.0453104
0.0465018
0.047128
0.0471904
0.0467066
0.0457005
0.0441542
0.0420147
0.0393337
0.0361925
0.032682
0.0289099
0.0250011
0.0211206
0.0175178
0.0145944
0.0129298
0.0130031
0.0146757
0.0173226
0.0203719
0.0234633
0.026385
0.029009
0.0312557
0.0330757
0.0344409
0.0353391
0.035771
0.0357492
0.0352974
0.0344505
0.0332557
0.0317715
0.0300671
0.0282213
0.0263232
0.0244754
0.0227951
0.0214102
0.0204456
0.0199962
0.0200975
0.0207101
0.021733
0.0230347
0.0244813
0.0259537
0.0273527
0.0285993
0.0296316
0.0304032
0.0308806
0.0310416
0.0308735
0.0303712
0.0295337
0.0283638
0.0268737
0.0250915
0.0230594
0.0208323
0.0184824
0.0161077
0.0138462
0.0118983
0.0105375
0.0100445
0.0105181
0.0117712
0.0134894
0.0154048
0.017336
0.0191671
0.0208234
0.0222567
0.0234369
0.0243465
0.0249783
0.0253337
0.0254213
0.0252563
0.0248609
0.0242634
0.0234981
0.0226045
0.0216262
0.0206098
0.0196047
0.0186629
0.0178367
0.0171746
0.0167154
0.0164826
0.0164794
0.0166877
0.0170715
0.0175835
0.0181719
0.0187863
0.0193812
0.0199173
0.0203624
0.0206914
0.0208855
0.0209321
0.0208244
0.0205612
0.0201467
0.019591
0.0189102
0.0181266
0.0172688
0.0163713
0.0154741
0.0146217
0.0138607
0.0132364
0.0127862
0.0125336
0.0124824
0.0126158
0.0129002
0.0132931
0.0137505
0.0142323
0.0147054
0.0151444
0.0155318
0.015857
0.0161154
0.0163075
0.0164377
0.0165138
0.0165458
0.0165452
0.0165241
0.016494
0.0164656
0.0164478
0.0164469
0.0164664
0.0165071
0.0165666
0.0166398
0.0167194
0.0167966
0.016861
0.0169021
0.0169092
0.0168722
0.0167818
0.0166301
0.0164111
0.0161205
0.0157566
0.0153208
0.0148171
0.0142532
0.0136401
0.0129922
0.0123275
0.0116671
0.011035
0.0104572
0.00996018
0.00956849
0.00930132
0.00916922
0.00917176
0.00929769
0.00952741
0.00983691
0.0102015
0.0105987
0.0110095
0.0114189
0.0118161
0.0121936
0.0125466
0.0128728
0.0131717
0.0134437
0.0136903
0.0139131
0.0141137
0.0142934
0.0144529
0.014592
0.0147092
0.0148019
0.0148661
0.0148967
0.0148881
0.014834
0.0147287
0.014567
0.0143451
0.0140606
0.0137131
0.0133046
0.0128391
0.0123232
0.0117663
0.0111804
0.01058
0.00998292
0.00940923
0.00888139
0.00842295
0.00805659
0.0078011
0.00766793
0.00765838
0.00776294
0.00796328
0.00823582
0.00855561
0.00889922
0.0092464
0.00958079
0.00988989
0.0101649
0.0104001
0.0105929
0.0107431
0.0108527
0.0109256
0.0109674
0.0109848
0.0109853
0.0109769
0.0109674
0.0109641
0.0109733
0.0109996
0.0110459
0.0111131
0.0112001
0.0113041
0.0114205
0.0115437
0.0116672
0.0117839
0.0118859
0.0119645
0.0120104
0.0120141
0.0119669
0.0118622
0.0116954
0.0114644
0.0111694
0.0108141
0.0104051
0.00995207
0.00946757
0.00896675
0.00846696
0.00798726
0.00754767
0.00716786
0.00686536
0.00665312
0.00653731
0.00651611
0.00658019
0.00671484
0.00690275
0.0071266
0.00737085
0.00762265
0.00787213
0.0081123
0.00833874
0.00854925
0.0087434
0.00892211
0.00908729
0.00924144
0.00938731
0.00952762
0.00966477
0.00980064
0.00993641
0.0100724
0.0102082
0.0103422
0.0104724
0.0105956
0.0107085
0.0108068
0.0108862
0.010942
0.010969
0.0109616
0.0109138
0.0108197
0.0106741
0.0104735
0.0102165
0.0099039
0.00953864
0.00912573
0.0086722
0.00818721
0.007682
0.00717011
0.00666737
0.00619194
0.00576403
0.00540493
0.00513492
0.0049699
0.00491753
0.0049749
0.00512923
0.00536144
0.00565045
0.00597647
0.00632266
0.00667551
0.00702465
0.00736232
0.00768292
0.00798259
0.00825887
0.00851042
0.00873679
0.00893824
0.00911557
0.00926997
0.00940289
0.00951589
0.00961046
0.00968787
0.00974893
0.00979375
0.00982157
0.00983071
0.00981874
0.0097828
0.00971988
0.00962711
0.0095022
0.00934388
0.00915228
0.00892921
0.00867809
0.00840379
0.00811243
0.00781099
0.00750694
0.00720785
0.00692099
0.00665301
0.00640962
0.00619546
0.00601398
0.00586747
0.00575709
0.00568303
0.00564461
0.00564039
0.0056683
0.00572581
0.00581005
0.00591795
0.00604641
0.00619236
0.00635282
0.00652495
0.00670607
0.0068936
0.00708514
0.00727838
0.00747116
0.00766143
0.00784728
0.00802695
0.00819884
0.00836157
0.00851399
