
Primal Residual: 
17.7609
4.51185
1.78729
1.92907
2.14678
1.82947
1.41634
1.102
0.857863
0.73011
0.717047
0.699237
0.628696
0.536893
0.454116
0.384477
0.336152
0.326306
0.344829
0.359732
0.352696
0.32677
0.298523
0.286475
0.297111
0.321362
0.346319
0.363999
0.37187
0.370717
0.362701
0.350224
0.335478
0.32033
0.306172
0.293612
0.28221
0.270666
0.257415
0.241239
0.221628
0.198844
0.173792
0.147825
0.122653
0.100454
0.0841329
0.0769304
0.0800659
0.0910372
0.106058
0.122397
0.138508
0.153565
0.167123
0.178938
0.18887
0.196838
0.20281
0.206801
0.208888
0.20921
0.207961
0.205369
0.201656
0.196997
0.191484
0.185108
0.177774
0.169343
0.159682
0.148734
0.136573
0.123447
0.109825
0.0964369
0.0843169
0.0747988
0.0692797
0.068578
0.0723097
0.0791303
0.0875535
0.0964434
0.10507
0.113007
0.120023
0.126008
0.13092
0.134755
0.137528
0.139259
0.13997
0.139678
0.138401
0.136156
0.132967
0.128865
0.123901
0.118146
0.111693
0.104661
0.0971858
0.0894266
0.0815675
0.0738237
0.0664495
0.0597484
0.0540794
0.0498414
0.0474048
0.0469869
0.0485411
0.0517686
0.0562444
0.0615439
0.0673043
0.0732321
0.0790899
0.0846798
0.0898329
0.0944021
0.0982598
0.101297
0.103427
0.104582
0.104719
0.103818
0.10188
0.0989204
0.094963
0.0900403
0.0842139
0.0775814
0.0702633
0.0623975
0.0541467
0.0457145
0.0373833
0.0296108
0.0232538
0.0198394
0.0207667
0.0253327
0.0317182
0.0387173
0.0457266
0.0524303
0.05864
0.0642304
0.0691121
0.0732197
0.076506
0.0789387
0.0804978
0.0811741
0.0809664
0.0798803
0.0779334
0.0751857
0.0717818
0.0678485
0.0633995
0.0584554
0.0530808
0.0473455
0.0413224
0.0351012
0.028807
0.0226437
0.017019
0.0128834
0.011973
0.0148084
0.0196767
0.0252285
0.0308729
0.0363317
0.0414459
0.0461103
0.0502484
0.0538036
0.0567345
0.0590139
0.0606275
0.0615751
0.0618702
0.06154
0.0606169
0.0591087
0.0569783
0.0542427
0.0509913
0.0473012
0.0432501
0.0389366
0.0344873
0.0300664
0.0258938
0.0222695
0.0195873
0.0182633
0.0185039
0.0201132
0.0226355
0.0256284
0.0287726
0.0318601
0.0347561
0.0373718
0.0396472
0.0415421
0.0430309
0.0440991
0.0447423
0.0449651
0.0447814
0.0442142
0.0432953
0.0420641
0.0405662
0.0388528
0.0369809
0.0350145
0.0330248
0.0310904
0.0292963
0.0277301
0.0264748
0.0255975
0.0251366
0.0250916
0.0254219
0.026055
0.0269013
0.0278677
0.0288677
0.0298268
0.0306848
0.0313949
0.0319232
0.0322473
0.0323549
0.0322427
0.0319163
0.0313893
0.0306838
0.0298296
0.0288646
0.0278336
0.0267877
0.0257821
0.0248735
0.0241154
0.0235522
0.023214
0.023111
0.0232321
0.0235471
0.0240115
0.0245729
0.0251774
0.0257736
0.0263159
0.0267653
0.0270902
0.0272663
0.0272765
0.0271116
0.026771
0.0262637
0.0256072
0.0248249
0.0239442
0.022996
0.0220154
0.0210403
0.0201109
0.0192672
0.018547
0.0179825
0.0175968
0.0174008
0.0173915
0.0175523
0.0178559
0.0182677
0.0187502
0.0192666
0.0197831
0.0202703
0.0207045
0.0210669
0.0213446
0.0215298
0.0216194
0.0216144
0.0215189
0.0213385
0.0210795
0.0207487
0.0203541
0.0199052
0.0194134
0.0188925
0.0183583
0.017828
0.0173193
0.0168487
0.0164301
0.016073
0.015782
0.015556
0.0153892
0.0152717
0.0151909
0.0151333
0.0150856
0.0150363
0.014976
0.0148987
0.0148015
0.014685
0.0145529
0.0144121
0.014272
0.0141439
0.0140401
0.0139725
0.0139513
0.0139831
0.0140705
0.0142108
0.0143969
0.0146169
0.0148563
0.0150983
0.0153255
0.0155207
0.015668
0.015753
0.0157636
0.0156898
0.0155245
0.0152633
0.0149043
0.0144487
0.0139003
0.0132653
0.0125523
0.011772
0.0109376
0.010066
0.00917909
0.0083063
0.00748764
0.00677673
0.00624042
0.00594851
0.0059492
0.00624346
0.00678443
0.00750218
0.00832813
0.00920562
0.0100908
0.0109503
0.0117583
0.0124951
0.0131455
0.0136982
0.0141466
0.0144883
0.0147283
0.0148832
0.0149943
0.0151412
0.0151876
0.0145906
0.0140282
0.0132857
0.0123251
0.0112558
0.0100832
0.00885043
0.00762329
0.00648317
0.00552344
0.00484549
0.00454107
0.00463997
0.00507439
0.00572361
0.0064777
0.00725934
0.00801886
0.00872506
0.00935886
0.00990935
0.010371
0.0107414
0.0110201
0.0112082
0.011308
0.0113241
0.0112631
0.011134
0.0109472
0.0107142
0.0104466
0.0101551
0.00984934
0.00953781
0.00922823
0.00892781
0.00864323
0.00838038
0.00814385
0.00793639
0.00775871
0.00760941
0.00748533
0.00738207
0.00729456
0.00721771
0.00714688
0.0070784
0.00700993
0.00694077
0.006872
0.00680653
0.00674894
0.00670517
0.00668187
0.00668571
0.00672249
0.00679625
0.00690855
0.00705814
0.00724092
0.0074503
0.0076778
0.0079137
0.00814775
0.00836966
0.0085696
0.00873843
0.00886795
0.00895099
0.00898138
0.00895401
0.00886494
0.00871204
0.00849581
0.00821879
0.00788375
0.00749309
0.00705
0.00655969
0.00602977
0.00547046
0.00489485
0.00431971
0.00376754
0.00327031
0.00287401
0.00263743
0.0026111
0.00280096
0.00316235
0.00363388
0.0041645
0.00471854
0.00527201
0.00580836
0.00631564
0.00678485
0.00720903
0.00758287
0.00790271
0.00816674
0.00837557
0.00853345
0.00865041
0.00874275
0.00880741
0.00874631
0.00857249
0.00840595
0.00815212
0.00782139
0.00743079
0.00697233
0.00646179
0.00592605
0.00539495
0.00489568
0.00445089
0.00408093
0.00380488
0.00363788
0.0035862
0.00364326
0.00379036
0.0040022
0.00425342
0.00452292
0.00479516
0.00505942
0.00530848
0.00553738
0.00574264
0.00592192
0.00607385
0.00619802
0.00629486
0.00636543
0.00641124
0.00643405
0.00643565
0.00641773
0.00638184
0.00632922
0.00626089
0.00617751
0.00607951
0.00596711
0.0058404
0.0056995
0.00554467
0.0053765
0.00519602
0.00500493
0.00480575
0.004602
0.00439838
0.00420089
0.00401691
0.00385503
0.0037246
0.00363488
0.00359369
0.003606
0.00367275
0.00379061
0.00395257
0.00414925
0.00437023
0.00460504
0.00484389
0.00507797
0.00529958
0.00550216
0.00568025
0.00582949
0.00594663
0.00602938
0.00607608
0.00608458
0.00605133
0.00597369
0.00585525
0.00570143
0.00551016
0.00527672
0.005
0.00468239
0.00432948
0.00395004
0.00355525
0.00315776
0.0027714
0.00241232
0.00210159
0.00186757
0.00174301
0.00175051
0.00188488
0.00211586
0.00240746
0.00273071
0.00306561
0.00339895
0.00372185
0.00402804
0.0043129
0.00457297
0.00480582
0.00501009
0.00518564
0.00533383
0.0054579
0.00556301
0.00565379
0.00572485
0.00575278
0.00573379
0.00569368
0.00562474
0.00552409
0.00539429
0.00522032
0.00500106
0.00474842
0.00447463
0.00419119
0.00390889
0.00363881
0.00339168
0.0031771
0.00300302
0.00287511
0.00279601
0.00276485
0.00277746
0.00282732
0.00290686
0.00300859
0.00312575
0.00325261
0.00338432
0.00351681
0.0036466
0.00377071
0.0038866
0.00399215
0.00408568
0.00416588
0.00423183
0.00428292
0.00431881
0.0043394
0.0043448
0.00433521
0.0043109
0.00427214
0.00421919
0.00415222
0.00407137
0.00397682
0.00386895
0.00374848
0.00361676
0.00347592
0.00332908
0.00318036
0.00303499
0.00289916
0.00277984
0.00268426
0.00261923
0.00259009
0.00259976
0.00264804
0.00273168
0.00284504
0.00298108
0.00313236
0.00329167
0.00345253
0.00360933
0.00375742
0.00389316
0.00401396
0.00411827
0.00420545
0.00427509
0.00432517
0.00435001
0.0043434
0.00430709
0.00424593
0.00415705
0.00403576
0.00387881
0.0036846
0.00345591
0.00319891
0.00292163
0.00263352
0.00234527
0.00206909
0.00181935
0.00161344
0.00147126
0.0014104
0.001437
0.00154058
0.00169992
0.00189304
0.00210263
0.00231676
0.00252775
0.00273068
0.00292231
0.00310032
0.00326302
0.0034092
0.00353817
0.00364983
0.00374492
0.00382515
