
Primal Residual: 
18.4661
4.81359
1.29596
1.94723
2.29529
1.89823
1.33896
0.898599
0.690509
0.702588
0.747051
0.699153
0.557081
0.390808
0.297518
0.301017
0.322104
0.327459
0.333964
0.355635
0.383643
0.403824
0.411524
0.409628
0.401173
0.385823
0.361876
0.329655
0.292607
0.25584
0.223775
0.198716
0.181044
0.170167
0.164831
0.162885
0.16162
0.158843
0.153839
0.147749
0.143263
0.143502
0.150247
0.162824
0.178739
0.195107
0.209555
0.220485
0.227037
0.228966
0.2265
0.220188
0.210732
0.198845
0.185151
0.170104
0.153949
0.136798
0.118764
0.100199
0.082073
0.0666707
0.0583819
0.0616366
0.0752791
0.0943677
0.115087
0.135205
0.153354
0.168635
0.180446
0.188415
0.192361
0.192262
0.188234
0.18051
0.169476
0.155674
0.139631
0.121848
0.102873
0.0833562
0.0641985
0.0470191
0.035427
0.0350355
0.0451993
0.0597312
0.0750423
0.0896568
0.102865
0.114256
0.123568
0.130636
0.135377
0.137778
0.137895
0.135841
0.131764
0.12581
0.118134
0.108979
0.0986352
0.0874334
0.0757792
0.0642173
0.053556
0.0450624
0.0404924
0.0411876
0.0466285
0.0549486
0.0644513
0.0740338
0.0830128
0.0909451
0.0975304
0.102564
0.105912
0.107505
0.107324
0.105407
0.101841
0.0967682
0.0903667
0.0828356
0.074393
0.0652882
0.0558241
0.0464031
0.0376302
0.0305145
0.0266156
0.0272325
0.0317797
0.0384703
0.0459143
0.0533238
0.0602515
0.0664197
0.0716419
0.0757876
0.0787671
0.0805248
0.0810361
0.0803062
0.0783653
0.0752438
0.0709377
0.0654797
0.0589952
0.0516358
0.0435791
0.035054
0.026401
0.0182972
0.0126514
0.0132909
0.019346
0.0270109
0.0347581
0.0420384
0.04858
0.054213
0.0588201
0.0623206
0.0646627
0.0658198
0.0657856
0.0645663
0.06217
0.0586474
0.0543321
0.0495079
0.0441319
0.0383216
0.0322819
0.0262031
0.0203933
0.0154618
0.0126373
0.0132499
0.0167015
0.0213895
0.0263693
0.0312028
0.0356601
0.039601
0.0429318
0.045588
0.0475273
0.0487261
0.0491789
0.0488982
0.0479108
0.0462321
0.0438263
0.0406967
0.036935
0.0326369
0.0279172
0.0229292
0.0178969
0.0132233
0.00981531
0.00929957
0.0119178
0.0159786
0.0203697
0.0246303
0.0285441
0.031988
0.0348828
0.0371753
0.0388311
0.0398313
0.0401702
0.039854
0.0389013
0.0373465
0.0352533
0.0327312
0.0299079
0.0268648
0.023683
0.0204823
0.0174313
0.0147879
0.0129296
0.0122643
0.0129319
0.01464
0.0169288
0.0194292
0.0218999
0.0241869
0.0261891
0.0278382
0.0290894
0.0299153
0.0303036
0.0302547
0.0297785
0.0288868
0.0275872
0.0258963
0.0238631
0.0215635
0.0190938
0.0165825
0.0142085
0.0122249
0.0109571
0.0106864
0.0114245
0.0128858
0.0147133
0.0166325
0.0184637
0.0200937
0.0214513
0.0224928
0.0231943
0.0235474
0.0235563
0.0232374
0.0226177
0.0217353
0.0206385
0.0193844
0.0180385
0.0166734
0.0153702
0.0142178
0.0133076
0.0127205
0.0125054
0.0126609
0.0131343
0.01384
0.0146836
0.0155783
0.0164522
0.0172487
0.0179252
0.0184504
0.0188029
0.0189693
0.0189433
0.0187245
0.0183167
0.0177282
0.016972
0.0160698
0.0150548
0.0139744
0.0128907
0.0118797
0.011029
0.0104263
0.010139
0.0101887
0.0105395
0.0111121
0.0118107
0.012545
0.0132406
0.0138409
0.0143052
0.0146064
0.0147286
0.0146658
0.0144208
0.0140043
0.0134345
0.012737
0.011944
0.0110947
0.0102357
0.00942162
0.00871429
0.00817876
0.00787218
0.00782686
0.00803714
0.00846145
0.00903822
0.00970319
0.0103995
0.011081
0.0117117
0.0122643
0.0127189
0.0130616
0.0132838
0.0133815
0.0133541
0.0132027
0.0129286
0.0125337
0.0120256
0.0114222
0.0107529
0.0100567
0.00938303
0.00879056
0.00834163
0.0080896
0.00806235
0.00825099
0.00861288
0.00908661
0.00960813
0.0101209
0.0105794
0.0109498
0.0112083
0.0113402
0.0113383
0.0112024
0.0109379
0.0105544
0.0100648
0.00948392
0.00882843
0.00811706
0.00737184
0.00661988
0.00589595
0.00524547
0.00472591
0.00440054
0.00431737
0.00448159
0.00485043
0.00535776
0.0059402
0.00654757
0.00714304
0.00770014
0.00819988
0.00862871
0.00897732
0.00923983
0.00941318
0.00949653
0.00949075
0.00939844
0.00922478
0.00897919
0.00867662
0.00833771
0.00798823
0.00765791
0.00737814
0.00717809
0.00707957
0.00709202
0.0072102
0.00741561
0.00768114
0.0079764
0.00827208
0.00854253
0.00876698
0.00892984
0.00902064
0.00903388
0.00896912
0.00883138
0.00863016
0.00837612
0.008078
0.00774259
0.00737637
0.00698677
0.00658261
0.0061741
0.00577288
0.00539214
0.00504641
0.00475094
0.00452013
0.00436523
0.00429162
0.00429714
0.00437238
0.00450286
0.00467192
0.00486321
0.00506222
0.00525692
0.00543796
0.00559858
0.00573446
0.00584346
0.00592543
0.00598194
0.00601606
0.0060321
0.0060354
0.00603199
0.00602827
0.00603054
0.0060445
0.00607466
0.00612389
0.00619305
0.00628089
0.00638426
0.00649842
0.00661768
0.0067359
0.00684708
0.00694581
0.00702761
0.0070891
0.00712815
