
Primal Residual: 
15.2992
4.1178
1.51958
1.71378
1.89067
1.66045
1.34724
1.02434
0.731737
0.623308
0.684483
0.709198
0.621717
0.465647
0.337358
0.311942
0.340166
0.35292
0.342711
0.327625
0.319076
0.312542
0.299756
0.280771
0.263646
0.255451
0.25434
0.252103
0.242207
0.223446
0.198733
0.172299
0.147468
0.126129
0.109655
0.0997217
0.0973351
0.100839
0.106481
0.110946
0.112759
0.112284
0.111138
0.11134
0.114343
0.120388
0.128576
0.137465
0.145623
0.151915
0.15558
0.156221
0.153764
0.148393
0.140469
0.130454
0.118825
0.106032
0.0925043
0.0786901
0.0651211
0.0525876
0.0424694
0.0369832
0.037972
0.0444809
0.053847
0.0640479
0.0739722
0.083047
0.0909952
0.0977115
0.103187
0.107451
0.110527
0.112397
0.112995
0.112213
0.109925
0.10602
0.100435
0.0931817
0.0843712
0.0742279
0.0631181
0.0516092
0.0406345
0.0318843
0.0280992
0.0309592
0.0384041
0.0475627
0.0568055
0.0653399
0.0727591
0.0788483
0.083504
0.0866959
0.0884462
0.0888143
0.0878834
0.0857477
0.082507
0.0782728
0.0731731
0.0673506
0.0609647
0.0542025
0.0473013
0.0405898
0.0345571
0.029928
0.0275953
0.0281319
0.0312242
0.0359409
0.0413836
0.0469213
0.0521443
0.0567847
0.0606647
0.0636693
0.0657302
0.0668171
0.0669325
0.066108
0.0644028
0.0619014
0.0587051
0.0549227
0.0506696
0.0460746
0.0412893
0.0365052
0.0319792
0.0280681
0.0252407
0.0239852
0.0245498
0.0267374
0.0300457
0.0339502
0.0380377
0.0420084
0.045645
0.0487864
0.0513131
0.0531383
0.0542047
0.0544808
0.0539561
0.0526278
0.0504964
0.047593
0.0439928
0.039799
0.0351413
0.0301865
0.0251634
0.0204217
0.0165507
0.0144682
0.0149313
0.0175774
0.0213724
0.0255333
0.0296221
0.0333947
0.0367047
0.0394593
0.0415983
0.0430839
0.0438953
0.0440253
0.0434792
0.0422803
0.0404835
0.0381752
0.0354329
0.0323206
0.028915
0.0253108
0.0216291
0.0180443
0.0148346
0.0124533
0.0114937
0.0122536
0.0143531
0.0171618
0.0202216
0.0232611
0.0261165
0.0286813
0.0308815
0.0326646
0.0339943
0.0348486
0.0352192
0.0351111
0.0345351
0.0334829
0.0319229
0.0298747
0.0273947
0.024544
0.0213995
0.0180619
0.0146741
0.0114729
0.00891479
0.00780419
0.00869262
0.0109912
0.0138562
0.0168182
0.019646
0.0222134
0.0244429
0.0262839
0.0277026
0.0286771
0.0291948
0.0292499
0.0288417
0.0279755
0.0266714
0.0249951
0.0230764
0.0209294
0.0185763
0.0160795
0.0134854
0.0108685
0.00837436
0.00631502
0.00531908
0.00592352
0.00767604
0.00988118
0.0121833
0.0144173
0.016492
0.0183488
0.0199465
0.021255
0.0222539
0.0229325
