
Primal Residual: 
24.4612
4.8088
2.33139
1.39147
1.84844
2.25442
2.21478
1.83709
1.31934
0.938675
0.908096
1.00932
1.00427
0.876727
0.715096
0.616262
0.59359
0.583112
0.545749
0.494706
0.463717
0.464596
0.475949
0.473475
0.450403
0.414987
0.379695
0.350725
0.32474
0.294902
0.258512
0.219689
0.187397
0.169736
0.166541
0.169722
0.171496
0.168551
0.161227
0.151759
0.143088
0.138157
0.139181
0.146783
0.159709
0.175536
0.191646
0.205828
0.216482
0.222644
0.223938
0.2205
0.212875
0.201872
0.188391
0.173295
0.157344
0.14111
0.124978
0.109264
0.0943974
0.0811615
0.0709146
0.0655459
0.0665751
0.0738078
0.0854941
0.0996556
0.114754
0.129669
0.143547
0.15569
0.165517
0.172554
0.176445
0.176957
0.174
0.167634
0.158097
0.145793
0.131205
0.114883
0.0974801
0.079806
0.0629881
0.048862
0.0405175
0.0409568
0.0489255
0.0604827
0.0729588
0.0850651
0.096169
0.105924
0.114117
0.120613
0.125319
0.128187
0.129203
0.128389
0.125808
0.121553
0.115749
0.108565
0.100223
0.0910079
0.0812733
0.0714662
0.062176
0.0541972
0.0485388
0.0461849
0.0475145
0.0519524
0.0583917
0.0657871
0.07337
0.080614
0.0871567
0.0927398
0.0971745
0.100322
0.102084
0.102399
0.101242
0.098627
0.0946112
0.0892928
0.0828064
0.0753198
0.0670416
0.05824
0.0492806
0.0407055
0.0333877
0.0286902
0.0280327
0.0314605
0.0375068
0.04468
0.0520442
0.0590591
0.0653958
0.0708399
0.0752466
0.0785189
0.0805983
0.0814588
0.0811036
0.0795573
0.0768548
0.0730415
0.0682013
0.0624693
0.0560213
0.049079
0.0419387
0.0350316
0.0290368
0.0249978
0.0240563
0.0264338
0.031112
0.0368739
0.0428944
0.0486835
0.0539427
0.0584796
0.0621648
0.0649105
0.0666597
0.0673782
0.0670517
0.0656908
0.0633643
0.0602116
0.0563405
0.0518252
0.0467741
0.0413206
0.0356221
0.0298941
0.0244696
0.0199087
0.0171099
0.016979
0.0194317
0.0234554
0.0281267
0.032895
0.0374452
0.0415823
0.0451758
0.0481338
0.0503922
0.051909
0.0526623
0.0526467
0.0518685
0.0503394
0.0480793
0.0451346
0.0415838
0.0375308
0.0331081
0.0284927
0.0239413
0.0198574
0.0168814
0.0158102
0.0169958
0.019906
0.0237109
0.0278049
0.0318238
0.0355472
0.0388336
0.0415871
0.0437411
0.0452502
0.0460849
0.0462278
0.0456687
0.0444007
0.0424387
0.0398704
0.0371181
0.0340593
0.0307084
0.0271831
0.0235392
0.0199245
0.0165995
0.0139606
0.0125251
0.0126656
0.0142156
0.0166305
0.0194204
0.0222699
0.0249855
0.0274417
0.0295527
0.0312588
0.0325197
0.0333116
0.0336241
0.0334588
0.0328276
0.0317506
0.0302576
0.0283924
0.0262184
0.0238215
0.0213135
0.0188408
0.0165978
0.0148357
0.0138316
0.0137756
0.0146373
0.0161827
0.0181207
0.0202083
0.0222712
0.0241906
0.0258861
0.0273036
0.0284074
0.0291761
0.029599
0.0296755
0.0294135
0.0288303
0.0279542
0.026827
0.025506
0.0240721
0.0225954
0.0211298
0.0197375
0.0184751
0.0173983
0.0165641
0.0160198
0.0157886
0.0158587
0.0161854
0.0167022
0.0173339
0.0180082
0.0186609
0.0192374
0.0196935
0.0199947
0.0201161
0.0200422
0.0197663
0.0192905
0.0186257
0.0177924
0.0168217
0.0157569
0.0146552
0.0135889
0.0126444
0.0119167
0.0114927
0.0114275
0.0117223
0.0123243
0.0131478
0.0141002
0.0150992
0.0160787
0.016989
0.0177945
0.0184716
0.0190059
0.019391
0.0196273
0.0197208
0.0196831
0.0195298
0.0192807
0.0189586
0.0185879
0.0181933
0.0177983
0.0174228
0.0170825
0.016787
0.0165405
0.0163411
0.0161826
0.0160548
0.0159452
0.0158396
0.0157238
0.0155837
0.0154069
0.0151825
0.0149026
0.0145619
0.0141586
0.0136948
0.0131764
0.0126141
0.0120233
0.0114243
0.0108423
0.0103069
0.00984992
0.00950249
0.00929007
0.00922718
0.0093136
0.00953411
0.00986207
0.0102649
0.0107093
0.0111649
0.0116064
0.0120138
0.012373
0.0126751
0.0129162
0.0130966
0.0132207
0.013296
0.0133328
0.0133434
0.0133413
0.0133398
0.0133516
0.0133873
0.0134547
0.0135578
0.0136969
0.0138683
0.0140651
0.0142776
0.0144943
0.0147028
0.0148902
0.0150443
0.0151531
0.0152052
0.0151896
0.0150957
0.0149144
0.0146393
0.014268
0.0138031
0.0132513
0.0126239
0.0119365
0.0112091
0.0104664
0.00973769
0.0090556
0.00845479
0.00796843
0.00762317
0.00743321
0.00739603
0.00749259
0.00769227
0.00796005
0.0082625
0.00857141
0.00886499
0.00912787
0.00935041
0.00952799
0.0096603
0.00975079
0.00980614
0.00983572
0.00985094
0.00986452
0.00988953
0.00993832
0.0100215
0.0101467
0.0103183
0.0105365
0.0107977
0.0110952
0.0114197
0.0117603
0.0121056
0.0124443
0.0127662
