
Primal Residual: 
15.1409
4.19218
1.47987
1.66109
1.95344
1.7624
1.38274
0.940193
0.617855
0.62792
0.720612
0.686985
0.548113
0.399821
0.322242
0.304257
0.290259
0.271965
0.270571
0.289753
0.309909
0.315315
0.304334
0.284203
0.263211
0.245528
0.230987
0.217986
0.205388
0.192267
0.17737
0.159709
0.139835
0.120704
0.107215
0.103288
0.107836
0.115599
0.121644
0.123413
0.120603
0.11467
0.108377
0.105057
0.107153
0.114727
0.125646
0.137113
0.146803
0.153196
0.155541
0.153718
0.14811
0.139446
0.128652
0.116705
0.104519
0.0928155
0.0820495
0.0724224
0.0640117
0.056993
0.0518742
0.0495477
0.0508799
0.0559906
0.0640769
0.0739363
0.084439
0.0946736
0.103937
0.111698
0.117562
0.121255
0.122599
0.121504
0.117959
0.112034
0.10391
0.093875
0.0822424
0.0693437
0.0555691
0.0414312
0.027807
0.0171756
0.0166159
0.025931
0.0375546
0.0489688
0.0594608
0.0687287
0.0766093
0.0830044
0.0878549
0.0911308
0.0928284
0.0929714
0.0916135
0.0888363
0.0847236
0.0793359
0.0728032
0.0653488
0.0572276
0.0487458
0.0403093
0.0325241
0.0263897
0.0233835
0.0245159
0.0289665
0.0350841
0.0417026
0.0481818
0.0541655
0.0594383
0.0638604
0.0673376
0.0698074
0.0712319
0.0715948
0.0709024
0.0691861
0.0665064
0.0629497
0.0586189
0.0536296
0.0481172
0.0422493
0.036247
0.0304228
0.0252533
0.021468
0.0199483
0.021084
0.0242845
0.0285866
0.0332645
0.0378765
0.0421554
0.0459305
0.0490865
0.0515441
0.0532501
0.0541722
0.0542973
0.0536289
0.0521838
0.0499819
0.0470372
0.0433792
0.0390845
0.0342639
0.0290552
0.0236425
0.0183131
0.0136281
0.0108115
0.0113976
0.0148348
0.0194268
0.0242364
0.0288491
0.0330526
0.0367185
0.0397606
0.0421192
0.0437539
0.0446398
0.0447641
0.0441214
0.0427049
0.0405087
0.0376488
0.0345522
0.0312094
0.0275745
0.0238427
0.0201308
0.0166157
0.0136363
0.0117558
0.0115512
0.013004
0.0154922
0.0184132
0.0213966
0.0242281
0.0267758
0.0289536
0.0307051
0.0319949
0.0328046
0.0331293
0.0329743
0.0323511
0.0312692
0.0297324
0.0277594
0.0254027
0.0227398
0.0198706
0.0169304
0.0141168
0.0117388
0.0102535
0.0101021
0.0112772
0.0133114
0.0157224
0.0181963
0.0205477
0.0226646
0.0244759
0.0259348
0.0270113
0.0276873
0.0279547
0.0278148
0.0272783
0.026368
0.0251214
0.0235933
0.0218498
0.0199576
0.017985
0.016014
0.0141533
0.0125521
0.0114014
0.010891
0.0111097
0.0119746
0.0132854
0.0148301
0.0164385
0.0179876
0.0193903
0.0205854
0.0215309
0.0221997
0.0225784
0.0226645
0.0224587
0.0219442
0.0210817
0.0198754
0.0183763
0.0166357
0.0147139
0.0126947
0.0106971
0.0089012
0.007583
0.00707685
0.00752918
0.00871779
0.0102861
0.0119658
0.0135925
0.0150677
0.0163311
0.0173461
0.0180914
0.0185573
0.0187433
0.0186572
0.0183153
0.0177432
0.0169757
0.0160557
0.0150305
0.0139509
0.0128735
0.0118635
0.010995
0.010346
0.009984
0.00994485
0.0102165
0.0107431
0.0114457
0.0122434
0.0130658
0.0138563
0.0145721
0.0151826
0.0156674
