
Primal Residual: 
22.8833
4.5808
2.18241
1.29075
1.75638
2.1354
2.09631
1.74452
1.26032
0.901372
0.867723
0.958474
0.950534
0.830064
0.683597
0.600848
0.584482
0.569621
0.521996
0.458753
0.418868
0.418281
0.432906
0.434135
0.413417
0.378976
0.344113
0.315926
0.291204
0.262584
0.226956
0.188719
0.158252
0.145396
0.148974
0.158063
0.163696
0.162676
0.155692
0.145244
0.134406
0.126212
0.123131
0.126302
0.135002
0.147103
0.160088
0.171762
0.180523
0.185392
0.185967
0.182358
0.175092
0.164981
0.152947
0.139885
0.126587
0.113623
0.101314
0.0898414
0.0794077
0.0704221
0.0636231
0.0600204
0.0604755
0.0651
0.073144
0.0834718
0.0949887
0.106766
0.118017
0.128062
0.136315
0.142287
0.145605
0.146023
0.143436
0.137888
0.129596
0.118929
0.106351
0.0923861
0.077657
0.0629419
0.0493424
0.0386547
0.0335959
0.0358122
0.0432538
0.0528605
0.0628441
0.0723626
0.0810028
0.0885372
0.0948231
0.0997609
0.103279
0.10533
0.105894
0.104982
0.102637
0.098935
0.0939816
0.0879248
0.0809659
0.0733623
0.0654325
0.0575767
0.0503136
0.0443163
0.0403737
0.0391398
0.0407163
0.044541
0.0497656
0.0556332
0.0615895
0.06725
0.0723442
0.0766748
0.0800928
0.0824845
0.083766
0.0838812
0.0828039
0.0805411
0.0771358
0.0726665
0.0672436
0.0610076
0.0541366
0.0468623
0.0395042
0.0325421
0.0267516
0.0233081
0.0232931
0.0265121
0.0316803
0.0376333
0.0436626
0.0493594
0.0544729
0.0588393
0.062348
0.0649258
0.0665297
0.0671428
0.0667708
0.0654365
0.0631691
0.0600069
0.0560234
0.0513378
0.0461056
0.0405242
0.034859
0.0294935
0.0250066
0.0222022
0.0218156
0.023861
0.0275828
0.0321179
0.0368528
0.0414031
0.0455264
0.0490634
0.0519064
0.0539829
0.0552451
0.0556658
0.0552352
0.0539699
0.0519355
0.0492373
0.045957
0.0421642
0.0379514
0.0334275
0.0287263
0.024036
0.0196513
0.0160689
0.0140548
0.0142765
0.0165193
0.0199294
0.0237969
0.0277046
0.031411
0.0347654
0.0376661
0.0400418
0.041843
0.0430385
0.0436126
0.0435631
0.0428971
0.0416273
0.0397757
0.0373867
0.0345317
0.0313056
0.0278313
0.0242744
0.0208707
0.017966
0.0160317
0.0155282
0.0165658
0.0187849
0.0216661
0.0247915
0.0278812
0.0307529
0.033285
0.0353934
0.0370199
0.0381245
0.0386811
0.0386745
0.0380973
0.0369509
0.0352563
0.0331313
0.0308127
0.0282432
0.0254674
0.0225486
0.0195512
0.0166097
0.0139455
0.0118855
0.0108304
0.011031
0.0123254
0.0142911
0.0165505
0.0188542
0.0210454
0.0230219
0.0247137
0.0260728
0.0270674
0.0276794
0.027902
0.0277384
0.0272011
0.0263109
0.0250986
0.023608
0.0219
0.0200551
0.0181772
0.0163976
0.0148792
0.0138054
0.0133373
0.0135431
0.0143558
0.0156109
0.0171212
0.0187255
0.0203009
0.0217583
0.0230348
0.0240866
0.0248843
0.0254098
0.0256542
0.0256171
0.0253057
0.024736
0.0239342
0.0229345
0.0217901
0.0205769
0.0193392
0.0181205
0.0169617
0.0158991
0.0149759
0.0142398
0.0137318
0.0134737
0.0134602
0.0136599
0.0140228
0.0144908
0.0150058
0.0155148
0.0159719
0.0163389
0.0165865
0.0166935
0.0166473
0.0164432
0.0160845
0.015583
0.014959
0.0142423
0.0134733
0.0127029
0.011992
0.0114077
0.011015
0.0108634
0.0109734
0.0113296
0.0118875
0.0125866
0.0133643
0.0141646
0.0149414
0.0156589
0.0162908
0.016819
0.0172322
0.0175253
0.0176984
0.0177562
0.0177078
0.017566
0.0173466
0.0170679
0.0167492
0.0164093
0.0160656
0.015732
0.0154182
0.0151293
0.0148664
0.0146273
0.0144077
0.0142019
0.0140029
0.0138033
0.0135953
0.0133713
0.0131243
0.0128483
0.0125388
0.0121932
0.0118115
0.0113961
0.0109529
0.0104914
0.0100247
0.0095703
0.00914908
0.00878458
0.00850091
0.00831951
0.0082553
0.00831339
0.00848762
0.00876194
0.00911369
0.00951751
0.00994857
0.0103847
0.0108075
0.0112026
0.0115596
0.0118722
0.0121372
0.0123547
0.0125274
0.0126602
0.0127597
0.0128336
0.0128903
0.0129381
0.0129844
0.0130357
0.0130964
0.0131691
0.0132538
0.0133485
0.0134491
0.0135495
0.0136424
0.0137195
0.0137715
0.0137888
0.0137617
0.0136807
0.0135378
0.0133268
0.0130445
0.0126906
0.0122679
0.0117825
0.0112437
0.0106643
0.0100601
0.00945018
0.00885623
0.00830197
0.00781191
0.00740932
0.00711326
0.00693514
0.00687598
0.00692595
0.00706652
0.00727441
0.00752565
0.00779848
0.00807491
0.00834125
0.008588
0.0088095
0.00900343
0.00917039
0.00931338
0.00943731
0.00954851
0.00965413
0.00976154
0.0098777
0.0100086
0.0101587
0.0103307
0.0105249
0.0107398
0.010972
0.0112165
0.0114675
