
Dual Residual: 
1
6855.58
1899.38
814.635
513.617
392.365
273.318
264.092
249.484
189.445
113.629
73.952
88.0629
99.4903
90.6929
69.5979
51.2215
46.7538
49.3239
48.2535
41.9073
34.1279
29.9849
30.718
32.9638
34.0437
33.4399
31.6094
29.0927
26.2894
23.6139
21.6038
20.7092
20.9155
21.7332
22.5944
23.1487
23.2894
23.0657
22.5931
21.9992
21.394
20.8555
20.4214
20.0915
19.8431
19.6537
19.5186
19.456
19.4956
19.6594
19.9407
20.2958
20.6483
20.9064
20.9812
20.8035
20.3331
19.5631
18.518
17.2496
15.831
14.3502
12.905
11.598
10.5308
9.79077
9.42943
9.44099
9.76181
10.2947
10.9386
11.6061
12.2289
12.7574
13.1585
13.414
13.5186
13.4783
13.3075
13.0265
12.6587
12.2284
11.7587
11.2708
10.7846
10.3197
9.89626
9.53606
9.26116
9.09103
9.03826
9.10435
9.27786
9.53566
9.84682
10.1772
10.4934
10.7654
10.9678
11.0804
11.0883
10.982
10.7567
10.4127
9.95544
9.39553
8.74957
8.04093
7.30136
6.57307
5.91113
5.38327
5.06075
4.99422
5.18594
5.58741
6.12665
6.73546
7.36022
7.9618
8.5127
8.99398
9.3931
9.70236
9.91792
10.0391
10.0681
10.0096
9.87069
9.6607
9.3914
9.07686
8.73343
8.37955
8.03532
7.72151
7.4581
7.26203
7.14475
7.11016
7.15375
7.26352
7.42222
7.61022
7.80798
7.99793
8.16556
8.29993
8.39391
8.44408
8.45063
8.41705
8.34981
8.25787
8.15206
8.04428
7.94649
7.86962
7.82239
7.81037
7.83536
7.89535
7.98499
8.09645
8.22051
8.34759
8.46857
8.57545
8.66172
8.7225
8.75464
8.75655
8.72814
8.67055
8.58599
8.47747
8.34862
8.20347
8.04623
7.88117
7.71245
7.54402
7.37954
7.22229
7.07521
6.94083
6.82137
6.71875
6.63466
6.57065
6.52816
6.50857
6.51316
6.54309
6.59926
6.68217
6.7917
6.92697
7.08618
7.2665
7.46406
7.67397
7.89048
8.10715
8.31702
8.51288
8.68752
8.83394
8.94563
9.01673
9.0423
9.01847
8.94265
8.81367
8.63197
8.39972
8.12102
7.80208
7.4514
7.08001
6.70168
6.33303
5.99331
5.70356
5.48473
5.35461
5.32402
5.39399
5.55537
5.79119
6.08042
6.40148
6.73444
7.06209
7.37023
7.64749
7.88507
8.07644
8.21707
8.30416
8.33651
8.3143
8.23902
8.1133
7.94088
7.7265
7.47584
7.19553
6.89309
6.57696
6.25642
5.94159
5.64329
5.37268
5.14072
4.95731
4.83013
4.7635
4.7576
4.80837
4.90825
5.04743
5.21512
5.4007
5.59434
5.78739
5.97246
6.1434
6.29516
6.42371
6.5259
6.59939
6.64257
6.65447
6.6348
6.58384
6.50253
6.39238
6.25559
6.09499
5.91412
5.71727
5.50949
5.29661
5.08524
4.88266
4.69662
4.53497
4.40506
4.31307
4.26313
4.25672
4.29236
4.36585
4.47084
4.59968
4.74426
4.89659
5.0493
5.19586
5.33067
5.44907
5.54736
5.62269
5.67303
5.69707
5.69423
5.66454
5.60861
5.5276
5.42314
5.29735
5.15275
4.99225
4.81912
4.63699
4.44976
4.26167
4.07716
3.90088
3.73756
3.59184
3.46809
3.37005
3.30059
3.26134
3.25255
3.27306
3.32047
3.39148
3.48224
3.58866
3.70676
3.83275
3.96314
4.09482
4.22496
4.35107
4.47092
4.58251
4.68406
4.77401
4.85097
4.91375
4.96137
4.99304
5.0082
5.00654
4.98801
4.95284
4.90158
4.8351
4.75463
4.66176
4.55849
4.4472
4.33067
4.21208
4.09496
3.9831
3.88043
3.7909
3.71817
3.66538
3.63487
3.6279
3.64456
3.68372
3.74317
3.81984
3.91012
4.01009
4.1158
4.22342
4.32941
4.43055
4.52402
4.60736
4.67852
4.73583
4.77797
4.80394
4.81311
4.8051
4.77986
4.73759
4.67877
4.60412
4.51463
4.41153
4.29629
4.17066
4.03663
3.89647
3.75273
3.60825
3.46612
3.32973
3.2026
3.08837
2.99056
2.91232
2.8562
2.82379
2.81557
2.83076
2.86747
2.92288
2.99358
3.07588
3.16605
3.26054
3.35611
3.44984
3.5392
3.62204
3.69655
3.76127
3.81504
3.85701
3.88659
3.90343
3.90744
3.89872
3.8776
3.8446
3.80042
3.74596
3.6823
3.61072
3.53267
3.44981
3.36402
3.27736
3.1921
3.1107
3.03572
2.96983
2.91563
2.87555
2.85169
2.84559
2.85815
2.8895
2.93901
3.00531
3.08646
3.18009
3.28354
3.39406
3.50887
3.62529
3.74077
3.85295
3.95968
4.05903
4.14929
4.229
4.29691
4.35205
4.39365
4.42122
4.43449
4.43345
4.41836
4.38971
4.34825
4.295
4.23122
4.15843
4.07837
3.99301
3.90453
3.81525
3.7276
3.64406
3.56703
3.49875
3.44116
3.39577
3.36358
3.34495
3.33957
3.34651
3.36425
3.39084
3.42394
3.46107
3.49964
3.53711
3.57107
3.59928
3.61971
3.63061
3.63048
3.6181
3.59254
3.55311
3.49945
3.43142
3.34918
3.25318
3.14412
3.023
2.89115
2.75023
2.60229
2.44984
2.29595
2.14433
1.99946
1.86668
1.75212
1.66232
1.60343
1.57992
1.59329
1.64161
1.72011
1.82249
1.94214
2.07296
2.20963
2.34774
2.48368
2.61459
2.73816
2.85257
2.95642
3.04868
3.1286
3.19575
3.24993
3.29118
3.31977
3.33615
3.341
3.33517
3.31971
3.29586
3.26503
3.2288
3.18891
3.14719
3.10559
3.06606
3.03052
3.00079
2.97849
2.96498
2.96127
2.96796
2.98525
3.01289
3.05024
3.0963
3.14982
3.20933
3.27325
3.33996
3.40781
3.47524
3.54075
3.60293
3.66053
3.71237
3.75747
3.79493
3.82402
3.84413
3.85479
3.85567
3.84656
3.82737
3.79815
3.75907
3.71042
3.6526
3.58615
3.51169
3.43
3.34193
3.24848
3.15072
3.04988
2.94724
2.84421
2.74227
2.64295
2.54783
2.45846
2.37634
2.30283
2.23907
2.1859
2.14381
2.11284
2.09261
2.0823
2.08077
2.08655
2.09804
2.11356
2.13144
2.15007
2.16802
2.18398
2.19688
2.20579
2.21004
2.20913
2.20277
2.19087
2.17354
2.15109
2.12403
2.09304
2.05901
2.02301
1.9863
1.95029
1.91651
1.88659
1.86217
1.84483
1.83602
1.83688
1.84822
1.87045
1.90352
1.94695
1.99991
2.06127
2.12969
2.20373
2.28189
2.3627
2.44473
2.52665
2.60723
2.68537
2.76007
2.83046
2.89581
2.95547
3.00894
3.05581
3.09578
3.12864
3.15429
3.17274
3.18405
3.1884
3.18605
3.17733
3.16265
3.1425
3.11741
3.08799
3.05488
3.01877
2.98036
2.9404
2.8996
2.85869
2.81833
2.77917
2.74178
2.70664
2.67414
2.64456
2.61807
2.59471
2.5744
2.55695
2.54205
2.52931
2.51829
2.50846
2.49929
2.49023
2.48075
2.47033
2.45852
2.44492
2.4292
2.41111
2.3905
2.3673
2.34154
2.31336
2.283
2.25077
2.21711
2.18253
2.14762
2.11303
2.07948
2.04771
2.01845
1.99242
1.97029
1.95264
1.93992
1.93244
1.93034
1.93361
1.94201
1.9552
1.97266
1.99376
2.0178
2.04401
2.07163
2.09988
2.12802
2.15535
2.18123
2.20511
2.22649
2.24499
2.26029
2.27217
2.28049
2.28522
2.28639
2.28413
2.27865
2.27024
2.25926
2.24612
2.2313
2.21534
2.1988
2.18227
2.16633
2.15158
2.13856
2.1278
2.11974
2.11475
2.1131
2.11495
2.12037
2.1293
2.1416
2.157
2.1752
2.19579
2.21833
2.24237
2.26742
2.293
2.31866
2.34396
2.3685
2.39192
2.4139
2.43417
2.45251
2.46876
2.4828
2.49454
2.50397
2.51109
2.51595
2.51864
2.51928
2.51799
2.51495
2.51033
2.50432
2.4971
2.48888
2.47983
2.47014
2.45998
2.4495
2.43884
2.4281
2.41739
2.40676
2.39627
2.38594
2.37577
2.36576
2.35586
2.34605
2.33624
2.32639
2.31643
2.30628
2.29586
2.28512
2.27399
2.26241
2.25034
2.23774
2.22459
2.21087
2.19661
2.1818
2.16648
2.15069
2.13449
2.11794
2.10113
2.08414
2.06706
2.04999
2.03304
2.0163
1.99988
1.98387
1.96838
1.95348
1.93924
1.92574
1.91301
1.90108
1.88999
1.87971
1.87025
1.86157
1.85361
1.84633
1.83966
1.83352
1.82782
1.82249
1.81743
1.81256
1.80781
1.8031
1.79839
1.79361
1.78875
1.78379
1.77872
1.77358
1.76839
1.76321
1.75812
1.7532
1.74857
1.74433
1.74061
1.73756
1.73531
1.73401
1.73379
1.73478
1.73712
1.7409
1.74623
1.75316
1.76176
1.77205
1.78403
1.79768
1.81295
1.82975
1.84801
1.86761
1.8884
1.91026
1.93301
1.95649
1.98054
2.00497
2.0296
2.05427
2.07881
2.10303
2.1268
2.14995
2.17234
2.19383
2.21431
2.23366
2.25177
2.26855
2.28391
2.29778
2.3101
2.32081
2.32986
2.33721
2.34283
2.3467
2.3488
2.34913
2.34766
2.34442
2.33941
2.33262
2.3241
2.31385
2.30189
2.28827
2.27301
2.25614
2.23771
2.21777
2.19635
2.17351
2.1493
2.12378
2.09701
2.06905
2.03996
2.00983
1.97872
1.94671
1.91388
1.88032
1.84613
1.81139
1.77621
1.7407
1.70497
1.66914
1.63334
1.5977
1.56236
1.52747
1.49319
1.45969
1.42715
1.39576
1.36571
1.33721
1.31047
1.28572
1.26318
1.24308
1.22562
1.21103
1.19949
1.19119
1.18626
1.18483
1.18697
1.19272
1.20208
1.21501
1.23141
1.25117
1.27411
1.30005
1.32877
1.36002
1.39354
1.42906
1.46631
1.50499
1.54483
1.58556
1.62691
1.66862
1.71044
1.75215
1.79352
1.83436
1.87446
1.91367
1.95181
1.98875
2.02435
2.05851
2.09112
2.1221
2.15136
2.17885
2.20451
2.22832
2.25023
2.27022
2.28829
2.30444
2.31865
2.33095
2.34134
2.34983
2.35644
2.3612
2.36411
2.36519
2.36446
2.36192
2.35758
2.35144
2.3435
2.33376
2.3222
2.30882
2.29358
2.27648
2.25749
2.23659
2.21375
2.18895
2.16217
2.1334
2.10261
2.0698
2.03497
1.99812
1.95927
1.91844
1.87567
1.831
1.78449
1.73623
1.68631
1.63484
1.58196
1.52782
1.47262
1.41655
1.35988
1.30288
1.2459
1.18931
1.13356
1.07917
1.02674
0.976959
0.930591
0.888492
0.851562
0.820698
0.796712
0.780236
0.771628
0.770929
0.777875
0.791979
0.812618
0.83911
0.870759
0.906877
0.946797
0.989881
1.03553
1.08318
1.13233
1.18251
1.23334
1.28447
1.33563
1.38658
1.43714
1.48714
1.53644
1.58494
1.63253
1.67912
1.72464
1.76903
1.81225
1.85425
1.895
1.93447
1.97264
2.00946
2.04489
2.07889
2.11138
2.14231
2.17159
2.19914
2.22489
2.24875
2.27064
2.29048
2.30822
2.32377
2.33709
2.34812
2.35683
2.36316
2.3671
2.36862
2.36772
2.36437
2.35859
2.35039
2.33979
2.32681
2.3115
2.29391
2.27409
2.25211
2.22805
2.20198
2.17401
2.14423
2.11274
2.07964
2.04506
2.0091
1.97188
1.93354
1.89419
1.85397
1.81302
1.77148
1.7295
1.68722
1.6448
1.60242
1.56023
1.51841
1.47716
1.43665
1.3971
1.3587
1.32168
1.28626
1.25266
1.22113
1.19189
1.16517
1.14121
1.1202
1.10234
1.08779
1.07668
1.06909
1.06508
1.06465
1.06775
1.07431
1.0842
1.09729
1.11339
1.1323
1.15381
1.1777
1.20372
1.23164
1.26121
1.2922
1.32435
1.35745
1.39125
1.42555
1.46014
1.49481
1.52939
1.5637
1.59759
1.63091
1.66352
1.69531
1.72616
1.75598
1.7847
1.81222
1.83848
1.86344
1.88703
1.90923
1.93
1.94932
1.96716
1.98352
1.99839
2.01177
2.02368
2.0341
2.04308
2.05061
2.05672
2.06145
2.0648
2.06682
2.06752
2.06694
2.0651
2.06204
2.05777
2.05234
2.04576
2.03806
2.02926
2.01939
2.00848
1.99653
1.98358
1.96964
1.95473
1.93887
1.92208
1.90438
1.8858
1.86635
1.84607
1.82498
1.80312
1.78053
1.75726
1.73335
1.70886
1.68387
1.65845
1.63268
1.60666
1.58048
1.55425
1.5281
1.50215
1.47653
1.45137
1.42683
1.40304
1.38016
1.35833
1.3377
1.3184
1.30058
1.28435
1.26982
1.25708
1.24622
1.23729
1.23032
1.22534
1.22233
1.22127
1.2221
1.22477
1.2292
1.23528
1.24292
1.252
1.2624
1.274
1.28667
1.30028
1.31471
1.32984
1.34555
1.36174
1.37828
1.39509
1.41205
1.42909
1.44613
1.46307
1.47985
1.49641
1.51268
1.52862
1.54416
1.55927
1.57389
1.58801
1.60158
1.61458
1.62697
1.63875
1.64988
1.66036
1.67018
1.67931
1.68777
1.69555
1.70265
1.70908
1.71485
1.71996
1.72443
1.72829
1.73155
1.73424
1.73638
1.738
1.73914
1.73982
1.74008
1.73996
1.7395
1.73873
1.73768
1.73641
1.73493
1.73329
1.73153
1.72968
1.72775
1.7258
1.72383
1.72187
1.71994
1.71804
1.71619
1.7144
1.71266
1.71097
1.70931
1.70767
1.70604
1.70438
1.70268
1.70089
1.69898
1.69692
1.69466
1.69216
1.68937
1.68624
1.68274
1.6788
1.67439
1.66946
1.66396
1.65785
1.65109
1.64365
1.6355
1.6266
1.61693
1.60647
1.59521
1.58315
1.57027
1.55659
1.54211
1.52686
1.51085
1.49412
1.4767
1.45866
1.44003
1.42089
1.40131
1.38136
1.36114
1.34074
1.32028
1.29986
1.27961
1.25965
1.24013
1.22119
1.20297
1.18564
1.16933
1.1542
1.14041
1.1281
1.1174
1.10844
1.10132
1.09615
1.09298
1.09188
1.09287
1.09595
1.1011
1.10829
1.11745
1.12849
1.14131
1.15581
1.17185
1.1893
1.20802
1.22787
1.2487
1.27036
1.29272
1.31564
1.33897
1.36259
1.38637
1.4102
1.43396
1.45755
1.48087
1.50383
1.52633
1.54829
1.56965
1.59033
1.61027
1.62941
1.64769
1.66507
1.6815
1.69693
1.71135
1.7247
1.73698
1.74814
1.75818
1.76707
1.77481
1.78138
1.78678
1.791
1.79406
1.79595
1.79668
1.79626
1.7947
1.79202
1.78823
1.78336
1.77741
1.77043
1.76242
1.75341
1.74343
1.73251
1.72066
1.70793
1.69433
1.67989
1.66465
1.64863
1.63186
1.61436
1.59618
1.57734
1.55788
1.53781
1.51719
1.49603
1.47438
1.45228
1.42977
1.40688
1.38367
1.36018
1.33647
1.31259
1.2886
1.26458
1.24058
1.2167
1.19302
1.16962
1.14661
1.1241
1.1022
1.08104
1.06074
1.04145
1.02331
1.00647
0.99107
0.977273
0.965225
0.955068
0.946937
0.940951
0.937215
0.935814
0.936812
0.940248
0.946135
0.954463
0.965196
0.978273
0.993612
1.01111
1.03064
1.05208
1.07527
1.10006
1.12627
1.15375
1.18232
1.2118
1.24204
1.27286
1.30412
1.33564
1.36729
1.39893
1.43041
1.46162
1.49243
1.52273
1.5524
1.58135
1.60948
1.63669
1.6629
1.68801
1.71196
1.73467
1.75606
1.77607
1.79463
1.81168
1.82716
1.84103
1.85322
1.8637
1.87241
1.87932
1.88439
1.88759
1.88889
1.88825
1.88567
1.88111
1.87457
1.86603
1.85548
1.84292
1.82836
1.8118
1.79324
1.77272
1.75024
1.72582
1.69951
1.67133
1.64131
1.60951
1.57596
1.54073
1.50386
1.46541
1.42546
1.38408
1.34134
1.29733
1.25214
1.20588
1.15866
1.1106
1.06185
1.01258
0.962964
0.913236
0.863659
0.814556
0.766325
0.71946
0.67458
0.632451
