
Dual Residual: 
1
9155.16
2553.21
1083.14
687.867
529.397
362.531
347.503
328.068
250.69
155.297
105.243
118.551
129.935
116.324
86.2672
58.6689
51.9815
58.3053
60.3649
55.2717
47.9935
44.6799
46.5299
49.8144
51.5091
50.8921
48.3757
44.5097
39.6975
34.3575
29.1189
24.81
22.1755
21.4352
22.1662
23.7379
25.6802
27.696
29.565
31.1034
32.1718
32.6879
32.6266
32.0111
30.904
29.4017
27.6348
25.7691
24.0011
22.5383
21.5549
21.1321
21.2176
21.6425
22.1862
22.6425
22.858
22.7442
22.2751
21.477
20.4179
19.1964
17.9307
16.7487
15.7732
15.1038
14.7949
14.8418
15.184
15.7272
16.3682
17.0135
17.5878
18.0365
18.3253
18.4384
18.3761
18.1527
17.7921
17.3251
16.7839
16.1988
15.5946
14.9882
14.389
13.8005
13.2228
12.6567
12.1061
11.5803
11.0941
10.6672
10.321
10.0759
9.94663
9.93952
10.051
10.2683
10.572
10.9394
11.3466
11.7707
12.1911
12.5895
12.9503
13.2605
13.5097
13.6893
13.7931
13.8161
13.7548
13.6071
13.3718
13.0491
12.6406
12.1501
11.5841
10.952
10.2676
9.54942
8.82194
8.11641
7.47121
6.93062
6.53994
6.33577
6.33371
6.5215
6.86374
7.31456
7.82929
8.37077
8.91088
9.4298
9.91428
10.356
10.7503
11.0943
11.3866
11.6259
11.8109
11.9394
12.0088
12.0158
11.9569
11.829
11.6299
11.3585
11.0162
10.6067
10.1367
9.61638
9.05944
8.48369
7.91099
7.36712
6.88093
6.48212
6.19717
6.04368
6.02535
6.13045
6.33542
6.61114
6.92886
7.26374
7.59614
7.91146
8.19941
8.45299
8.66757
8.84004
8.9682
9.05026
9.08455
9.06944
9.00331
8.88479
8.713
8.48785
8.21049
7.88367
7.51215
7.10324
6.66723
6.21805
5.77385
5.35748
4.9963
4.72025
4.55712
4.52508
4.62616
4.84534
5.15622
5.52891
5.93563
6.35326
6.76362
7.15292
7.51093
7.83022
8.10557
8.33344
8.51168
8.63916
8.71564
8.74163
8.71827
8.64735
8.53136
8.37352
8.17788
7.94947
7.69443
7.42007
7.13502
6.84917
6.57353
6.31992
6.1002
5.92534
5.80411
5.74174
5.73901
5.79201
5.89275
6.03039
6.19269
6.36727
6.54254
6.70828
6.85588
6.97842
7.07065
7.12886
7.1508
7.13551
7.08325
6.9954
6.87434
6.72346
6.54703
6.35029
6.13933
5.92114
5.70354
5.49507
5.30475
5.14168
5.01438
4.93002
4.89349
4.90669
4.96825
5.0737
5.21617
5.38723
5.57783
5.779
5.98227
6.18004
6.36563
6.53341
6.6787
6.79785
6.88813
6.94775
6.9758
6.97227
6.938
6.8747
6.78487
6.67184
6.5397
6.39323
6.23786
6.07951
5.92442
5.77893
5.64915
5.54057
5.45771
5.40366
5.37986
5.38593
5.41979
5.47785
5.55544
5.64723
5.74757
5.85091
5.95197
6.04593
6.12851
6.19603
6.24538
6.27405
6.28011
6.26218
6.21943
6.15157
6.0589
5.94224
5.80304
5.64337
5.46593
5.27415
5.07218
4.86492
4.65801
4.45783
4.27126
4.10547
3.96741
3.86318
3.79727
3.77182
3.78629
3.83746
3.91994
4.02695
4.1511
4.28513
4.42227
4.55659
4.68302
4.79742
4.8965
4.97776
5.03945
5.08043
5.10018
5.0987
5.07649
5.03451
4.97412
4.89714
4.80573
4.70245
4.5902
4.4722
4.35195
4.23318
4.11972
4.01538
3.92378
3.84812
3.79096
3.754
3.73795
3.74246
3.76617
3.8069
3.86184
3.9278
4.00152
4.07979
4.15965
4.23849
4.31411
4.38473
4.44903
4.5061
4.55546
4.59702
4.63102
4.65804
4.67893
4.69478
4.70688
4.71662
4.72549
4.73496
4.74645
4.76123
4.78036
4.80464
4.83454
4.87018
4.91134
4.95742
5.00754
5.06053
5.11499
5.16942
5.2222
5.27171
5.31636
5.35469
5.38534
5.40715
5.41917
5.42063
5.41105
5.39015
5.35792
5.31459
5.2606
5.19666
5.12365
5.04267
4.95497
4.86194
4.76511
4.66604
4.56634
4.46759
4.37127
4.27874
4.19114
4.10939
4.03406
3.96541
3.90337
3.84749
3.79703
3.75096
3.70804
3.66692
3.62615
3.58432
3.5401
3.49231
3.43998
3.38241
3.31919
3.25023
3.17585
3.09674
3.01402
2.92926
2.84448
2.76215
2.68514
2.61666
2.56009
2.51875
2.49564
2.49309
2.51251
2.55418
2.61725
2.69989
2.7995
2.91303
3.0372
3.16876
3.30461
3.44188
3.57802
3.71078
3.83824
3.9588
4.07116
4.17432
4.26754
4.35036
4.42253
4.48406
4.53513
4.57613
4.60761
4.63026
4.6449
4.65243
4.65384
4.65012
4.64227
4.63128
4.61804
4.60336
4.58793
4.57228
4.55677
4.54162
4.52684
4.5123
4.4977
4.48264
4.46659
4.44897
4.42915
4.40651
4.38045
4.35043
4.31602
4.27687
4.2328
4.18376
4.12988
4.07147
4.00901
3.94318
3.87482
3.80497
3.73481
3.66562
3.59883
3.53585
3.47813
3.42704
3.38378
3.34936
3.3245
3.30959
3.30467
3.30938
3.32304
3.34463
3.3729
3.40641
3.44361
3.48291
3.52274
3.56161
3.59812
3.63105
3.6593
3.68198
3.69838
3.70795
3.71037
3.7055
3.69337
3.67421
3.64839
3.61648
3.57919
3.53736
3.49197
3.4441
3.39492
3.34564
3.29752
3.2518
3.20969
3.1723
3.14062
3.11545
3.09742
3.08692
3.08409
3.08885
3.1009
3.11973
3.14468
3.17496
3.20972
3.24805
3.28906
3.33186
3.37564
3.41964
3.46319
3.5057
3.54667
3.58569
3.62241
3.6566
3.68806
3.71667
3.74235
3.76506
3.7848
3.80159
3.81547
3.82648
3.83464
3.84002
3.84263
3.8425
3.83965
3.83408
3.8258
3.8148
3.80109
3.78467
3.76558
3.74384
3.71953
3.69271
3.66352
3.6321
3.59864
3.56335
3.52648
3.48833
3.44921
3.40946
3.36945
3.32956
3.29016
3.25165
3.21438
3.1787
3.14495
3.11338
3.08424
3.05771
3.03392
3.01292
2.99475
2.97935
2.96663
2.95649
2.94876
2.94327
2.93984
2.93829
2.93847
2.94022
2.94343
2.94802
2.95396
2.96122
2.96985
2.97989
2.99144
3.0046
3.01947
3.03618
3.05482
3.07546
3.09814
3.12286
3.14956
3.17813
3.20839
3.2401
3.27298
3.30666
3.34073
3.37475
3.40823
3.44066
3.47151
3.50024
3.52632
3.54924
3.5685
3.58365
3.59424
3.59991
3.60033
3.59521
3.58436
3.56761
3.54487
3.51614
3.48145
3.44092
3.39473
3.34314
3.28647
3.22511
3.1595
3.09017
3.01768
2.94269
2.86588
2.788
2.70985
2.63228
2.55615
2.48237
2.41187
2.34555
2.28431
2.229
2.18038
2.13913
2.10576
2.08067
2.06403
2.05586
2.05598
2.06407
2.07964
2.10211
2.1308
2.165
2.204
2.24705
2.29348
2.34262
2.39384
2.4466
2.50037
2.55469
2.60915
2.66337
2.71701
2.7698
2.82147
2.87178
2.92053
2.96754
3.01265
3.05573
3.09664
3.13529
3.17159
3.20545
3.23683
3.26569
3.29198
3.31569
3.33681
3.35537
3.37137
3.38484
3.39583
3.4044
3.41059
3.41447
3.41612
3.41561
3.41301
3.40841
3.40188
3.39349
3.38332
3.37144
3.35792
3.34281
3.32618
3.30808
3.28857
3.2677
3.24552
3.22209
3.19748
3.17173
3.14491
3.11711
3.08841
3.05888
3.02864
2.99779
2.96644
2.93472
2.90275
2.87067
2.8386
2.80669
2.77506
2.74383
2.71312
2.68301
2.65359
2.62493
2.59706
2.57001
2.54376
2.51829
2.49355
2.46946
2.44594
2.42288
2.40018
2.37772
2.35538
2.33306
2.31066
2.28812
2.26539
2.24246
2.21934
2.1961
2.17286
2.14977
2.12704
2.10493
2.08374
2.06385
2.04563
2.02953
2.01598
2.00546
1.99842
1.99529
1.99647
2.0023
2.01304
2.02889
2.04992
2.07614
2.10743
2.14361
2.18439
2.22943
2.2783
2.33056
2.38572
2.44326
2.50267
2.56343
2.62503
2.68699
2.74882
2.81009
2.87038
2.92929
2.98647
3.04158
3.09433
3.14444
3.19166
3.2358
3.27664
3.31404
3.34785
3.37795
3.40423
3.42663
3.44507
3.45951
3.46991
3.47627
3.47856
3.47681
3.47102
3.46123
3.44748
3.42981
3.40829
3.38299
3.35399
3.32137
3.28524
3.24571
3.20291
3.15698
3.10805
3.05631
3.00193
2.94512
2.88608
2.82506
2.76232
2.69815
2.63284
2.56674
2.50021
2.43363
2.36744
2.30208
2.23803
2.17579
2.1159
2.0589
2.00534
1.95578
1.91076
1.87078
1.8363
1.8077
1.78528
1.76922
1.7596
1.75637
1.75935
1.76828
1.78276
1.80234
1.82651
1.85471
1.88636
1.92088
1.9577
1.99627
2.03606
2.07659
2.1174
2.1581
2.19832
2.23772
2.27605
2.31305
2.34853
2.38232
2.41431
2.44441
2.47255
2.49871
2.52288
2.54509
2.56539
2.58382
2.60049
2.61548
2.62891
2.6409
2.65156
2.66104
2.66947
2.67699
2.68372
2.68981
2.69536
2.7005
2.70532
2.70993
2.7144
2.71879
2.72314
2.7275
2.73187
2.73625
2.74062
2.74494
2.74917
2.75325
2.7571
2.76064
2.76377
2.76642
2.76847
2.76984
2.77041
2.7701
2.76881
2.76646
2.76297
2.75828
2.75232
2.74504
2.73642
2.72643
2.71506
2.70232
2.68823
2.67282
2.65614
2.63826
2.61925
2.5992
2.57821
2.55641
2.5339
2.51085
2.48738
2.46365
2.43982
2.41606
2.39254
2.36942
2.34689
2.3251
2.30424
2.28446
2.26592
2.24876
2.23314
2.21916
2.20696
2.19661
2.18822
2.18184
2.17751
2.17527
2.17513
2.17708
2.18109
2.1871
2.19507
2.2049
2.2165
2.22976
2.24455
2.26074
2.27817
2.2967
2.31616
2.33637
2.35717
2.37836
2.39976
2.42119
2.44247
2.4634
2.48381
2.5035
2.5223
2.54004
2.55655
2.57166
2.58522
2.59709
2.60711
2.61517
2.62115
2.62493
2.62643
2.62556
2.62225
2.61646
2.60813
2.59726
2.58383
2.56785
2.54936
2.52841
2.50506
2.47941
2.45157
2.42167
2.38986
2.35634
2.3213
2.28497
2.24762
2.20952
2.17098
2.13235
2.09397
2.05623
2.01953
1.9843
1.95096
1.91996
1.89174
1.8667
1.84526
1.82778
1.81458
1.80592
1.802
1.80292
1.80872
1.81937
1.83473
1.85461
1.87875
1.90685
1.93854
1.97343
2.01113
2.05122
2.09327
2.13688
2.18164
2.22716
2.27306
2.31901
2.36467
2.40974
2.45392
2.49696
2.53861
2.57866
2.6169
2.65316
2.68727
2.71909
2.74849
2.77536
2.7996
2.82112
2.83987
2.85577
2.8688
2.87891
2.88608
2.8903
2.89157
2.88991
2.88533
2.87786
2.86753
2.8544
2.83852
2.81995
2.79877
2.77506
2.74889
2.72038
2.68961
2.65671
2.62178
2.58496
2.54637
2.50617
2.46449
2.42149
2.37735
2.33222
2.2863
2.23978
2.19284
2.14572
2.09861
2.05174
2.00536
1.9597
1.91502
1.87157
1.82961
1.78942
1.75125
1.71537
1.68204
1.6515
1.62398
1.5997
1.57882
1.56151
1.54786
1.53795
1.53181
1.52943
1.53074
1.53565
1.54402
1.55568
1.57045
1.58811
1.60843
1.63118
1.65611
1.68298
1.71156
1.74161
1.77291
1.80524
1.83842
1.87224
1.90653
1.94114
1.97591
2.01071
2.04542
2.07992
2.11411
2.14789
2.18119
2.21392
2.24602
2.27742
2.30807
2.3379
2.36687
2.39494
2.42205
2.44818
2.47326
2.49728
2.52019
2.54195
2.56254
2.58192
2.60005
2.6169
2.63244
2.64663
2.65946
2.67087
2.68085
2.68936
2.69637
2.70186
2.70578
2.70812
2.70884
2.70791
2.70531
2.70101
2.69498
2.68721
2.67766
2.66632
2.65317
2.63819
2.62137
2.6027
2.58216
2.55975
2.53547
2.50932
2.48131
2.45146
2.41977
2.38627
2.35101
2.314
2.27531
2.235
2.19312
2.14977
2.10503
2.05901
2.01184
1.96365
1.91461
1.86491
1.81474
1.76433
1.71396
1.6639
1.61449
1.56608
1.51908
1.47391
1.43104
1.39098
1.35423
1.32134
1.29283
1.26919
1.25085
1.2382
1.23149
1.23088
1.2364
1.24794
1.26531
1.2882
1.31622
1.34895
1.38588
1.42653
1.47038
1.51691
1.56563
1.61606
1.66774
1.72024
1.77316
1.82612
1.8788
1.93089
1.98209
2.03216
2.08088
2.12804
2.17345
2.21697
2.25845
2.29777
2.33482
2.36953
2.4018
2.43158
2.45881
2.48346
2.50547
2.52484
2.54155
2.55558
2.56694
2.57563
2.58167
2.5851
2.58593
2.58422
2.58001
2.57336
2.56433
2.55299
2.53943
2.52372
2.50596
2.48625
2.46468
2.44137
2.41644
2.39
2.3622
2.33317
2.30305
2.27199
2.24015
2.20769
2.17477
2.14157
2.10825
2.075
2.04199
2.00939
1.97739
1.94616
1.91588
1.88671
1.85883
1.83238
1.80753
1.7844
1.76312
1.74381
1.72655
1.71143
1.69849
1.68777
1.67928
1.673
1.66889
1.66691
1.66696
1.66896
1.67277
1.67828
1.68534
1.69381
1.70351
1.71429
1.72599
1.73844
1.75148
1.76497
1.77874
1.79266
1.80659
1.82042
1.83402
1.8473
1.86016
1.87252
1.88431
1.89547
1.90595
1.9157
1.92469
1.93291
1.94035
1.94699
1.95284
1.95791
1.96222
1.9658
1.96867
1.97087
1.97243
1.9734
1.97383
1.97375
1.97322
1.97228
1.97098
1.96937
1.96749
1.9654
1.96312
1.96069
1.95816
1.95556
1.9529
1.95023
1.94755
1.94489
1.94225
1.93965
1.93708
1.93457
1.93209
1.92966
1.92726
1.92489
1.92254
1.9202
1.91786
1.91552
1.91317
1.9108
1.90841
1.90599
1.90355
1.90108
1.89859
1.8961
1.8936
1.89112
1.88866
1.88626
1.88394
1.88171
1.87961
1.87766
1.87591
1.87437
1.87309
1.8721
1.87142
1.8711
1.87117
1.87164
1.87256
1.87393
1.87579
1.87814
1.88099
1.88435
1.88821
1.89258
1.89742
1.90274
1.90849
1.91464
1.92116
1.928
1.93511
1.94244
1.94991
1.95748
1.96506
1.97258
1.97997
1.98714
1.99402
2.00053
2.00657
2.01207
2.01694
2.02111
2.02449
2.02699
2.02856
2.0291
2.02856
2.02687
2.02396
2.01978
2.01428
2.00741
1.99913
1.9894
1.97821
1.96552
1.95132
1.93562
1.91841
1.89971
1.87953
1.8579
1.83488
1.8105
1.78484
1.75796
1.72996
1.70093
1.671
1.64029
1.60895
1.57715
1.54507
1.51291
1.4809
1.44927
1.41828
1.38821
1.35937
1.33206
1.3066
1.28332
1.26256
1.24462
1.22981
1.21839
1.21059
1.20661
1.20656
1.21051
1.21847
1.23037
1.24611
1.26551
1.28835
1.3144
1.34337
1.37496
1.40886
1.44475
1.48231
1.52123
1.5612
1.60193
1.64313
1.68455
1.72593
1.76703
1.80764
1.84757
1.88661
1.9246
1.96139
1.99683
2.03078
2.06314
2.09379
2.12262
2.14956
2.17453
2.19744
2.21824
2.23686
2.25327
2.2674
2.27924
2.28874
2.29588
2.30066
2.30305
2.30306
2.30068
2.29594
2.28883
2.27939
2.26764
2.25362
2.23736
2.21891
2.19832
2.17565
2.15096
2.12431
2.09578
2.06544
2.03339
1.99971
1.96449
1.92783
1.88984
1.85063
1.81032
1.76902
1.72687
1.68399
1.64053
1.59664
1.55247
1.50818
1.46395
1.41996
1.37641
1.33351
1.29148
1.25056
1.21099
1.17305
1.137
1.10313
1.07174
1.04311
1.01751
0.995224
0.976465
0.961429
0.950258
0.943035
0.939786
0.940479
0.945028
0.953301
0.965128
0.980313
0.998635
1.01986
1.04375
1.07005
1.09851
1.12888
1.16092
1.19439
1.22906
1.26471
1.30114
1.33815
1.37555
1.41319
1.4509
1.48854
1.52599
1.5631
1.59979
1.63595
1.67148
1.7063
1.74034
1.77353
1.80579
1.83707
1.86731
1.89644
1.92441
1.95117
1.97667
2.00085
2.02367
2.04509
2.06505
2.08352
2.10046
2.11583
2.1296
2.14173
2.1522
2.16097
2.16802
2.17333
2.17686
2.17861
2.17854
2.17666
2.17294
2.16738
2.15997
2.15073
2.13964
2.12673
2.11201
2.0955
2.07722
2.05722
2.03551
2.01214
1.98716
1.96062
1.93257
1.90307
1.87218
1.83998
1.80655
1.77197
1.73633
1.69972
1.66227
1.62408
1.58528
1.546
1.5064
1.46662
1.42685
1.38727
1.34807
1.30947
1.2717
1.235
1.19962
1.16584
1.13393
1.10417
1.07685
1.05224
1.03059
1.01214
0.997068
0.985529
0.977612
0.973352
0.972727
0.975659
0.982023
0.991651
1.00434
1.01987
1.03799
1.05844
1.08097
1.10532
1.13121
1.15839
1.18662
1.21566
1.24527
1.27525
1.3054
1.33552
1.36546
1.39505
1.42416
1.45267
1.48045
1.50742
1.53348
1.55856
1.5826
1.60555
1.62735
1.64797
1.66739
1.68556
1.70247
1.71812
1.73248
1.74555
1.75734
1.76785
1.77708
1.78505
1.79179
1.79732
1.80166
1.80485
1.80693
1.80792
1.80789
1.80686
1.80489
1.80201
1.7983
1.79378
1.78852
1.78257
1.77597
1.7688
1.76109
1.75292
1.74432
1.73537
1.72611
1.71659
1.70688
1.69701
1.68704
1.67702
1.66699
1.65698
1.64704
1.6372
1.62749
1.61794
1.60857
1.59941
1.59047
1.58176
1.57331
1.56512
1.55719
1.54953
1.54214
1.53502
1.52817
1.52157
1.51523
1.50914
1.50328
1.49765
1.49223
1.48702
1.48199
1.47715
1.47248
1.46795
1.46357
1.45931
1.45517
1.45112
1.44717
1.44328
1.43946
1.43569
1.43195
1.42824
1.42454
1.42084
1.41713
1.4134
1.40965
1.40587
1.40204
1.39817
1.39425
1.39028
1.38626
1.38218
1.37805
1.37388
1.36966
1.36541
1.36113
1.35684
1.35254
1.34826
1.34401
1.3398
1.33566
1.33161
1.32768
1.32388
1.32024
1.31679
1.31357
1.31059
1.30791
1.30553
1.30351
1.30187
1.30065
1.29988
1.2996
1.29983
1.30062
1.30199
1.30397
1.30659
1.30986
1.31382
1.31848
1.32386
1.32995
1.33678
1.34433
1.35262
1.36162
1.37132
1.38172
1.39277
1.40447
1.41677
1.42964
1.44304
1.45692
1.47124
1.48594
1.50098
1.51629
1.53182
1.5475
1.56328
1.57909
1.59486
1.61053
1.62603
1.6413
1.65628
1.67089
1.68507
1.69875
1.71188
1.72438
1.7362
1.74728
1.75756
1.76698
1.77548
1.78301
1.78952
1.79496
1.79928
1.80244
1.80439
1.80509
1.80451
1.80261
1.79936
1.79473
1.78869
1.78123
1.77232
1.76195
1.7501
1.73677
1.72196
1.70566
1.68788
1.66863
1.64791
1.62576
1.60218
1.57721
1.55088
1.52322
1.49429
1.46413
1.4328
1.40036
1.36689
1.33247
1.29719
1.26115
1.22446
1.18727
1.1497
1.11192
1.07412
1.03649
0.999276
0.962731
0.927149
0.892854
0.860204
0.829588
0.801418
0.776118
0.754103
0.735758
0.721409
0.711298
0.705568
0.704255
0.707303
0.714583
0.725917
0.741095
0.759888
0.782051
0.807325
0.835434
0.866087
0.898977
0.933788
0.970198
1.00789
1.04656
1.08592
1.12569
1.16562
1.2055
1.24511
1.28427
1.32283
1.36065
1.39758
1.43354
1.46843
1.50217
1.53468
1.56592
1.59584
1.62437
1.65148
1.67712
1.70126
1.72384
1.74483
1.76419
1.78189
1.79789
1.81218
1.82473
1.83553
1.84458
1.85186
1.85738
1.86115
1.86317
1.86346
1.86202
1.85886
1.85401
1.84749
1.83931
1.82949
1.81807
1.80507
1.79053
1.77449
1.75699
1.73809
1.71782
1.69625
1.67343
1.64942
1.62428
1.59807
1.57084
1.54266
1.51359
1.48369
1.45304
1.4217
1.38973
1.35723
1.32427
1.29093
1.25732
1.22352
1.18966
1.15584
1.1222
1.08888
1.05601
1.02377
0.992319
0.961851
0.932563
0.904663
0.87837
0.853907
0.831498
0.81136
0.793693
0.778674
0.766448
0.757118
0.750742
0.747333
0.746859
0.74925
0.754407
0.762204
0.772502
0.785146
0.799978
0.816828
0.835525
0.855893
0.87775
0.900915
0.925205
0.950437
0.976433
1.00302
1.03002
1.05729
1.08467
1.11203
1.13924
1.16618
1.19274
1.21885
1.24442
1.26937
1.29364
1.31719
1.33996
1.36191
1.383
1.40319
1.42246
1.44076
1.45807
1.47437
1.48962
1.50381
1.51691
1.52892
1.5398
1.54957
1.5582
1.5657
1.57206
1.57729
1.58139
1.58437
1.58622
1.58696
1.5866
1.58514
1.58261
1.57902
1.57439
1.56873
1.56208
1.55446
1.5459
1.53643
1.52609
1.51493
1.50297
1.49026
1.47686
1.4628
1.44814
1.43294
1.41724
1.40109
1.38457
1.36773
1.35063
1.33333
1.31591
1.29842
1.28094
1.26353
1.24627
1.22922
1.21246
1.19606
1.18009
1.1646
1.14968
1.13538
1.12177
1.1089
1.09683
1.0856
1.07526
1.06583
1.05736
1.04986
1.04335
1.03782
1.0333
1.02975
1.02717
1.02553
1.02481
1.02496
1.02594
1.02772
1.03023
1.03343
1.03725
1.04166
1.04657
1.05194
1.05771
1.06382
1.07021
1.07683
1.08362
1.09054
1.09754
1.10458
1.11162
1.11861
1.12553
1.13236
1.13905
1.14561
1.152
1.15821
1.16424
1.17007
1.1757
1.18114
1.18638
1.19142
1.19628
1.20095
1.20546
1.20981
1.21401
1.21808
1.22203
1.22588
1.22964
1.23334
1.23699
1.2406
1.24419
1.24778
1.25138
1.255
1.25867
1.26238
1.26616
1.27001
1.27394
1.27795
1.28205
1.28625
1.29053
1.2949
1.29935
1.30389
1.30849
1.31316
1.31787
1.32262
1.32739
1.33215
1.3369
1.34162
1.34627
1.35084
1.35531
1.35965
1.36384
1.36785
1.37166
1.37523
1.37856
1.3816
1.38434
1.38674
1.38879
1.39047
1.39174
1.39259
1.39299
1.39293
1.39239
1.39134
1.38978
1.38768
1.38504
1.38183
1.37806
1.37371
1.36877
1.36323
1.3571
1.35037
1.34304
1.33511
1.32658
1.31746
1.30776
1.29748
1.28664
1.27525
1.26332
1.25088
1.23794
1.22453
1.21068
1.19641
1.18176
1.16675
1.15143
1.13585
1.12003
1.10404
1.08792
1.07174
1.05554
1.0394
1.02338
1.00755
0.991999
0.976797
0.962029
0.947784
0.934153
0.921226
0.909099
0.897864
0.887615
0.878443
0.870435
0.863673
0.858231
0.854177
0.851568
0.850449
0.850855
0.852808
0.856316
0.861374
0.867965
0.876059
0.885613
0.896575
0.908881
0.922457
0.937224
0.953095
0.969976
0.987772
1.00638
1.0257
1.04564
1.06608
1.08693
1.10809
1.12946
1.15095
1.17247
1.19394
1.21525
1.23635
1.25715
1.27757
1.29755
1.31701
1.33591
1.35416
1.37172
1.38853
1.40454
1.41969
1.43393
1.44723
1.45954
1.47081
1.48101
1.4901
1.49805
1.50482
1.5104
1.51475
1.51786
1.51969
1.52023
1.51948
1.51741
1.51402
1.50929
1.50324
1.49585
1.48712
1.47708
1.46571
1.45304
1.43907
1.42383
1.40734
1.38962
1.37069
1.35059
1.32935
1.307
1.28359
1.25915
1.23374
1.20739
1.18018
1.15215
1.12338
1.09392
1.06387
1.03331
1.00233
0.971034
0.93954
0.907976
0.876488
0.845237
0.814403
0.78419
0.754822
0.726551
0.69965
0.674411
0.651142
0.630151
0.611731
