
Dual Residual: 
1
5251.7
1435.03
637.181
395.217
307.05
223.075
207.045
189.972
149.03
101.991
75.864
76.4359
78.3877
69.5388
53.8224
41.5859
39.5005
41.1968
39.3031
33.1942
26.615
24.3933
26.8179
29.9462
31.3827
30.8086
28.7491
25.8322
22.5522
19.3192
16.5525
14.6373
13.7269
13.6277
13.9833
14.5236
15.1232
15.7357
16.3323
16.8798
17.3397
17.6686
17.8174
17.7356
17.3839
16.7513
15.8691
14.8189
13.7295
12.7597
12.0604
11.7193
11.7177
11.941
12.2349
12.462
12.5304
12.398
12.0661
11.5678
10.9575
10.2998
9.66034
9.09811
8.65922
8.37267
8.24821
8.27702
8.43482
8.68674
8.99256
9.31149
9.60617
9.84579
10.0082
10.0812
10.0623
9.9581
9.7817
9.55037
9.2821
8.99269
8.69354
8.39066
8.08521
7.77517
7.45768
7.13128
6.79756
6.46208
6.13436
5.82727
5.55576
5.33518
5.17913
5.09723
5.09327
5.1644
5.30172
5.49193
5.71944
5.9682
6.223
6.47027
6.69853
6.89845
7.06284
7.1864
7.26549
7.2977
7.28161
7.21651
7.10227
6.93936
6.72899
6.47339
6.17611
5.84239
5.4796
5.09767
4.70959
4.33173
3.98403
3.6893
3.47081
3.34755
3.32812
3.40699
3.56656
3.78329
4.03393
4.29889
4.56325
4.81644
5.0514
5.26373
5.45088
5.6115
5.74487
5.85042
5.92741
5.97474
5.99088
5.97391
5.92174
5.83238
5.70427
5.53663
5.32979
5.08556
4.80748
4.50115
4.17458
3.83856
3.50715
3.19814
2.93292
2.73476
2.62419
2.61185
2.6933
2.85085
3.06083
3.30045
3.55111
3.79892
4.03412
4.25014
4.44278
4.60946
4.74873
4.85975
4.94208
4.99535
5.0192
5.01324
4.97702
4.91023
4.81275
4.68492
4.52768
4.34283
4.13323
3.90305
3.65806
3.40591
3.15643
2.92195
2.7171
2.55792
2.45935
2.43131
2.4751
2.58273
2.7399
2.9303
3.13876
3.35266
3.56214
3.75973
3.93997
4.09889
4.23372
4.34259
4.42431
4.47825
4.50421
4.50235
4.4732
4.41761
4.33685
4.23262
4.10716
3.96337
3.80486
3.63613
3.46262
3.29082
3.12813
2.98272
2.86292
2.77632
2.72854
2.72209
2.75568
2.82452
2.92123
3.03723
3.16386
3.29311
3.41804
3.5329
3.63311
3.71515
3.77646
3.81534
3.83083
3.82261
3.79099
3.73675
3.66119
3.56602
3.4534
3.32594
3.1867
3.03924
2.88769
2.73683
2.59206
2.4594
2.34526
2.25599
2.1971
2.17235
2.18286
2.22684
2.29995
2.39612
2.50859
2.63066
2.75618
2.87979
2.99693
3.10385
3.19751
3.27557
3.33627
3.37846
3.40152
3.40535
3.39041
3.35763
3.30847
3.24493
3.16947
3.0851
2.99528
2.90392
2.81527
2.73377
2.66382
2.60947
2.57403
2.55973
2.56741
2.59646
2.64494
2.70984
2.78751
2.87401
2.9654
3.05797
3.14835
3.23357
3.31105
3.37861
3.43447
3.47715
3.50552
3.51874
3.51627
3.49784
3.46347
3.41349
3.34851
3.26946
3.17761
3.07456
2.9623
2.84318
2.71991
2.59561
2.47369
2.35787
2.25193
2.15958
2.08409
2.02793
1.99239
1.97734
1.98118
2.00112
2.03349
2.07427
2.11945
2.16528
2.2085
2.24637
2.27668
2.29776
2.3084
2.30784
2.2957
2.272
2.23707
2.1916
2.13659
2.07337
2.00361
1.92936
1.85303
1.77742
1.70571
1.64138
1.58799
1.54896
1.52715
1.52441
1.54129
1.57698
1.62942
1.69578
1.77277
1.85708
1.94558
2.03543
2.12418
2.20977
2.29048
2.36497
2.43218
2.49136
2.54201
2.5839
2.61701
2.64153
2.65785
2.66655
2.66836
2.66418
2.65503
2.64204
2.62644
2.60947
2.5924
2.57644
2.56267
2.55205
2.5453
2.54292
2.54509
2.55174
2.56251
2.57678
2.59375
2.61243
2.63176
2.65063
2.66795
2.68266
2.69382
2.70057
2.70223
2.69826
2.68828
2.67208
2.64963
2.62108
2.58674
2.54709
2.50278
2.4546
2.40349
2.35049
2.29676
2.24352
2.19203
2.14351
2.09913
2.0599
2.02663
1.99989
1.97993
1.96667
1.9597
1.95832
1.96158
1.96834
1.97734
1.98728
1.99689
2.00496
2.0104
2.01225
2.00973
2.00222
1.98931
1.97077
1.94657
1.91691
1.88214
1.84286
1.79985
1.75412
1.70683
1.65938
1.61329
1.57021
1.53184
1.49984
1.47573
1.46071
1.45561
1.46074
1.47587
1.5003
1.53289
1.57221
1.61668
1.66468
1.71463
1.76506
1.81467
1.86234
1.90713
1.94829
1.98528
2.01772
2.04541
2.06831
2.08654
2.10034
2.11009
2.11627
2.11944
2.12025
2.11938
2.11755
2.11545
2.11375
2.11305
2.11387
2.11658
2.12146
2.12861
2.13798
2.14939
2.16251
2.1769
2.19203
2.2073
2.22208
2.23572
2.24759
2.2571
2.26372
2.26696
2.26644
2.26187
2.25307
2.23992
2.22247
2.20084
2.17526
2.14608
2.11376
2.07884
2.04195
2.0038
1.96516
1.92685
1.88968
1.85447
1.822
1.79293
1.76786
1.7472
1.73121
1.71995
1.7133
1.71095
1.71243
1.71714
1.72441
1.73349
1.74364
1.75412
1.76426
1.77344
1.78114
1.78693
1.79051
1.79165
1.79028
1.7864
1.78013
1.7717
1.76142
1.74968
1.73695
1.72375
1.71064
1.69818
1.68696
1.6775
1.67029
1.66573
1.66415
1.66573
1.67054
1.67855
1.68958
1.70337
1.71954
1.73768
1.75729
1.77788
1.79894
1.81997
1.84051
1.86014
1.87847
1.89519
1.91002
1.92277
1.9333
1.94151
1.94739
1.95095
1.95226
1.95144
1.94862
1.94399
1.93772
1.93001
1.92109
1.91113
1.90033
1.88887
1.87688
1.8645
1.85179
1.83884
1.82567
1.81227
1.79863
1.78471
1.77045
1.7558
1.74069
1.72508
1.70892
1.69221
1.67496
1.6572
1.63902
1.62052
1.60186
1.58321
1.56481
1.54688
1.52972
1.51358
1.49878
1.48559
1.47429
1.46512
1.45827
1.45392
1.45214
1.45298
1.4564
1.46233
1.4706
1.48102
1.49335
1.50732
1.52264
1.53902
1.55616
1.5738
1.59166
1.60951
1.62717
1.64446
1.66125
1.67745
1.693
1.70787
1.72208
1.73566
1.74864
1.76112
1.77315
1.78483
1.79624
1.80743
1.81848
1.82941
1.84024
1.85095
1.86151
1.87183
1.88183
1.89137
1.9003
1.90845
1.91563
1.92165
1.92629
1.92935
1.93063
1.92994
1.92709
1.92192
1.91431
1.90412
1.89128
1.87573
1.85744
1.83641
1.81269
1.78634
1.75747
1.72622
1.69275
1.65726
1.61997
1.58113
1.54102
1.49994
1.45821
1.41616
1.37413
1.3325
1.29164
1.2519
1.21368
1.17733
1.14321
1.11166
1.08299
1.05749
1.0354
1.01691
1.00216
0.991256
0.984217
0.98103
0.981624
0.98589
0.993682
1.00483
1.01913
1.03639
1.05638
1.07889
1.10369
1.13056
1.15927
1.1896
1.22132
1.25422
1.28808
1.32269
1.35783
1.3933
1.4289
1.46444
1.49972
1.53456
1.5688
1.60227
1.63481
1.6663
1.6966
1.72559
1.75317
1.77926
1.80377
1.82664
1.84782
1.86727
1.88496
1.90088
1.91501
1.92736
1.93794
1.94676
1.95385
1.95921
1.96289
1.9649
1.96528
1.96405
1.96124
1.95687
1.95097
1.94355
1.93465
1.92428
1.91246
1.89922
1.88458
1.86857
1.85124
1.83261
1.81274
1.79168
1.76949
1.74626
1.72205
1.69697
1.67112
1.64461
1.61757
1.59012
1.5624
1.53456
1.50674
1.47909
1.45177
1.42491
1.39865
1.37313
1.34846
1.32476
1.30211
1.28059
1.26027
1.24117
1.22333
1.20675
1.19142
1.17732
1.16442
1.1527
1.1421
1.1326
1.12416
1.11677
1.1104
1.10506
1.10077
1.09754
1.09543
1.09448
1.09477
1.09635
1.09932
1.10373
1.10966
1.11716
1.12629
1.13706
1.14949
1.16355
1.17921
1.1964
1.21503
1.235
1.25618
1.27841
1.30154
1.3254
1.34981
1.3746
1.39958
1.42457
1.44941
1.47393
1.49797
1.52139
1.54406
1.56584
1.58664
1.60635
1.6249
1.64222
1.65824
1.67292
1.68622
1.69812
1.7086
1.71765
1.72527
1.73147
1.73624
1.73961
1.74159
1.74219
1.74144
1.73935
1.73595
1.73126
1.7253
1.71809
1.70964
1.69999
1.68916
1.67716
1.66402
1.64978
1.63445
1.61808
1.6007
1.58236
1.5631
1.54299
1.52208
1.50044
1.47816
1.45532
1.43201
1.40835
1.38444
1.36041
1.33639
1.31252
1.28894
1.26581
1.24327
1.2215
1.20066
1.18089
1.16237
1.14524
1.12964
1.11571
1.10356
1.09329
1.08498
1.07868
1.07442
1.07222
1.07206
1.0739
1.07768
1.08332
1.09071
1.09975
1.11031
1.12226
1.13545
1.14974
1.16498
1.18102
1.19773
1.21496
1.23256
1.25042
1.2684
1.28639
1.30427
1.32194
1.3393
1.35625
1.37271
1.38861
1.40387
1.41843
1.43223
1.44522
1.45735
1.46859
1.4789
1.48825
1.49663
1.50402
1.51039
1.51576
1.52011
1.52344
1.52577
1.5271
1.52745
1.52682
1.52525
1.52275
1.51935
1.51506
1.50992
1.50396
1.49721
1.4897
1.48147
1.47254
1.46296
1.45277
1.44201
1.43073
1.41896
1.40677
1.3942
1.38131
1.36816
1.35482
1.34136
1.32785
1.31438
1.30101
1.28784
1.27496
1.26246
1.25044
1.23899
1.22821
1.21819
1.20903
1.20081
1.19362
1.18753
1.18261
1.17891
1.17647
1.17532
1.17547
1.17692
1.17967
1.18367
1.18888
1.19525
1.20271
1.21118
1.22057
1.23078
1.24172
1.25328
1.26535
1.27783
1.29062
1.3036
1.31667
1.32975
1.34272
1.3555
1.368
1.38015
1.39186
1.40307
1.4137
1.4237
1.43301
1.44157
1.44934
1.45626
1.46231
1.46743
1.4716
1.47479
1.47696
1.47809
1.47817
1.47717
1.47508
1.47188
1.46758
1.46215
1.45562
1.44797
1.43922
1.42938
1.41846
1.40649
1.3935
1.37952
1.36458
1.34874
1.33204
1.31453
1.2963
1.27739
1.25791
1.23792
1.21753
1.19684
1.17596
1.155
1.1341
1.11338
1.093
1.0731
1.05384
1.03537
1.01787
1.00149
0.986405
0.972775
0.960754
0.950484
0.942095
0.935699
0.931386
0.929221
0.929244
0.931467
0.935877
0.942429
0.951058
0.961674
0.974166
0.98841
1.00427
1.02158
1.04021
1.05999
1.08076
1.10237
1.12465
1.14746
1.17065
1.19409
1.21765
1.24119
1.26461
1.28779
1.31064
1.33305
1.35495
1.37625
1.39688
1.41677
1.43586
1.45409
1.47142
1.4878
1.50318
1.51754
1.53083
1.54304
1.55414
1.56412
1.57294
1.5806
1.5871
1.59242
1.59655
1.59951
1.60128
1.60187
1.60129
1.59953
1.59662
1.59256
1.58736
1.58103
1.57359
1.56506
1.55546
1.5448
1.5331
1.52039
1.5067
1.49205
1.47647
1.45998
1.44263
1.42445
1.40547
1.38573
1.36529
1.34417
1.32244
1.30015
1.27734
1.25409
1.23045
1.2065
1.18231
1.15795
1.13351
1.10908
1.08476
1.06064
1.03684
1.01347
0.990658
0.968523
0.9472
0.92683
0.907553
0.889516
0.872863
0.857738
0.844279
0.832618
0.822872
0.815146
0.809526
0.806074
0.804832
0.805814
0.809011
0.814386
0.821883
0.83142
0.8429
0.856206
0.871214
0.887783
0.905772
0.92503
0.945407
0.966751
0.988914
1.01175
1.03511
1.05886
1.08288
1.10702
1.13118
1.15524
1.1791
1.20264
1.22579
1.24844
1.27053
1.29196
1.31267
1.33259
1.35165
1.36981
1.38701
1.40319
1.41831
1.43233
1.44521
1.45692
1.46742
1.47669
1.4847
1.49142
1.49686
1.50097
1.50377
1.50523
1.50536
1.50415
1.50159
1.4977
1.49248
1.48594
1.47809
1.46894
1.45852
1.44684
1.43393
1.41982
1.40453
1.38811
1.3706
1.35202
1.33244
1.31191
1.29047
1.26818
1.24512
1.22136
1.19696
1.17202
1.14661
1.12084
1.09481
1.06863
1.04242
1.01631
0.990433
0.964948
0.940009
0.915786
0.892457
0.870208
0.849233
0.829729
0.81189
0.795911
0.781973
0.770242
0.760862
0.753946
0.749576
0.747795
0.748605
0.75197
0.757817
0.766037
0.776494
0.789028
0.803463
0.819607
0.837265
0.856236
0.876322
0.897327
0.919062
0.941345
0.964004
0.986876
1.00981
1.03266
1.0553
1.07761
1.09947
1.12079
1.14147
1.16144
1.18061
1.19891
1.2163
1.23272
1.24813
1.26248
1.27574
1.28789
1.2989
1.30876
1.31745
1.32497
1.3313
1.33646
1.34045
1.34327
1.34494
1.34548
1.3449
1.34325
1.34054
1.3368
1.33209
1.32643
1.31987
1.31246
1.30425
1.29529
1.28564
1.27536
1.26452
1.25317
1.24138
1.22924
1.2168
1.20414
1.19134
1.17847
1.16562
1.15285
1.14026
1.1279
1.11586
1.10421
1.09302
1.08237
1.0723
1.06288
1.05417
1.04621
1.03904
1.03271
1.02723
1.02262
1.0189
1.01607
1.01412
1.01303
1.01279
1.01335
1.01469
1.01676
1.0195
1.02286
1.02679
1.0312
1.03604
1.04124
1.04673
1.05244
1.0583
1.06425
1.07021
1.07612
1.08192
1.08756
1.09298
1.09813
1.10297
1.10744
1.11152
1.11517
1.11836
1.12106
1.12325
1.12492
1.12606
1.12664
1.12668
1.12617
1.12511
1.1235
1.12137
1.11872
1.11557
1.11194
1.10786
1.10334
1.09842
1.09313
1.0875
1.08157
1.07538
1.06895
1.06235
1.0556
1.04875
1.04185
1.03493
1.02805
1.02125
1.01457
1.00806
1.00177
0.995727
0.989987
0.984584
0.979559
0.974946
0.970779
0.96709
0.963905
0.961249
0.959144
0.957607
0.956651
0.956289
0.956525
0.957362
0.958801
0.960836
0.963459
0.96666
0.970424
0.974735
0.979574
0.984918
0.990744
0.997027
1.00374
1.01085
1.01834
1.02617
1.0343
1.04272
1.05139
1.06027
1.06934
1.07855
1.08789
1.09732
1.1068
1.11631
1.12582
1.13528
1.14468
1.15399
1.16316
1.17218
1.18101
1.18962
1.19799
1.20608
1.21387
1.22133
1.22843
1.23514
1.24144
1.24729
1.25268
1.25757
1.26194
1.26576
1.26901
1.27166
1.27369
1.27508
1.2758
1.27584
1.27517
1.27378
1.27164
1.26874
1.26507
1.26061
1.25534
1.24927
1.24237
1.23465
1.2261
1.21671
1.20649
1.19543
1.18356
1.17086
1.15736
1.14307
1.12801
1.11219
1.09565
1.07842
1.06053
1.04202
1.02294
1.00333
0.983262
0.962794
0.941998
0.920953
0.899747
0.878479
0.857253
0.836187
0.815408
0.795054
0.775274
0.756227
0.738081
0.721012
0.705201
0.690831
0.678082
0.667126
0.658122
0.651209
0.646498
0.644073
0.643981
0.646236
0.650815
0.657662
0.666691
0.677789
0.690823
0.705642
0.722083
0.739974
0.759141
0.779404
0.80059
0.822527
0.845047
0.867993
0.891214
0.914568
0.937921
0.96115
0.98414
1.00678
1.02899
1.05065
1.0717
1.09206
1.11166
1.13043
1.14832
1.16527
1.18123
1.19616
1.21001
1.22276
1.23435
1.24477
1.25398
1.26196
1.26869
1.27415
1.27833
1.28121
1.2828
1.28307
1.28204
1.27971
1.27608
1.27116
1.26497
1.25752
1.24882
1.2389
1.22778
1.2155
1.20207
1.18754
1.17195
1.15532
1.13772
1.11918
1.09976
1.0795
1.05848
1.03674
1.01436
0.991395
0.967927
0.94403
0.919787
0.895283
0.870614
0.845876
0.821179
0.796635
0.772367
0.748509
0.7252
0.702592
0.680845
0.660128
0.640617
0.622492
0.605933
