
Objective value: 
63731.8
114624
119611
115818
115743
115981
116264
116455
116530
116516
116499
116527
116600
116682
116732
116762
116777
116784
116787
116774
116756
116747
116748
116753
116753
116741
116720
116696
116670
116646
116624
116608
116597
116592
116591
116586
116574
116555
116534
116514
116496
116482
116474
116472
116477
116489
116506
116527
116552
116577
116602
116625
116644
116658
116665
116665
116658
116646
116628
116607
116583
116557
116532
116507
116484
116463
116446
116430
116415
116401
116387
116374
116363
116355
116349
116346
116345
116346
116349
116354
116360
116367
116374
116382
116391
116399
116406
116413
116418
116423
116427
116430
116433
116435
116436
116438
116439
116439
116438
116437
116434
116430
116426
116422
116417
116413
116409
116405
116402
116399
116396
116393
116390
116387
116385
116383
116383
116383
116385
116388
116392
116397
116404
116412
116421
116431
116442
116452
116459
116463
116461
116455
116445
116434
116422
116410
116399
116388
116378
116369
116360
116352
116344
116337
116330
116323
116317
116312
116307
116304
116301
116300
116301
116303
116306
116311
116318
116326
116335
116345
116356
116366
116376
116384
116389
116391
116391
116390
116386
116382
116377
116371
116366
116360
116355
116349
116344
116338
116333
116328
116324
116320
116317
116314
116312
116312
116313
116315
116320
116326
116335
116345
116357
116370
116382
116392
116398
116400
116398
116395
116390
116384
116377
116371
116364
116356
116349
116342
116334
116327
116320
116313
116306
116300
116294
116289
116285
116281
116278
116276
116275
116275
116275
116276
116278
116280
116282
116283
116285
116285
116285
116285
116284
116282
116280
116278
116275
116273
116270
116266
116263
116260
116257
116254
116251
116248
116245
116243
116242
116241
116240
116240
116240
116241
116241
116241
116240
116238
116235
116231
116226
116221
116215
116210
116204
116198
116192
116186
116181
116175
116170
116165
116160
116156
116152
116149
116146
116143
116141
116139
116138
116137
116136
116136
116135
116135
116135
116134
116133
116132
116130
116128
116125
116122
116119
116115
116111
116107
116103
116098
116094
116090
116086
116082
116079
116076
116074
116072
116071
116070
116070
116071
116073
116076
116080
116084
116090
116095
116101
116107
116113
116118
116122
116124
116126
116126
116125
116124
116122
116119
116116
116112
116108
116104
116099
116095
116091
116087
116083
116080
116077
116075
116073
116072
116072
116072
116073
116075
116077
116080
116083
116087
116091
116095
116100
116104
116108
116112
116115
116118
116120
116122
116124
116125
116125
116126
116126
116125
116125
116124
116122
116121
116119
116117
116114
116111
116108
116105
116101
116097
116092
116088
116082
116077
116071
116065
116058
116051
116044
116037
116030
116023
116015
116008
116001
115994
115988
115982
115976
115970
115965
115960
115956
115952
115949
115945
115943
115941
115939
115937
115936
115936
115935
115935
115936
115936
115937
115938
115939
115941
115942
115944
115946
115949
115952
115955
115959
115963
115967
115972
115978
115984
115992
115999
116008
116017
116027
116038
116049
116060
116071
116081
116091
116100
116107
116112
116116
116118
116119
116119
116117
116115
116111
116107
116103
116098
116092
116086
116080
116074
116067
116061
116054
116047
116041
116034
116028
116023
116017
116012
116008
116004
116000
115997
115994
115992
115990
115988
115987
115986
115985
115984
115983
115983
115982
115982
115981
115981
115980
115980
115979
115979
115978
115977
115977
115976
115976
115975
115975
115975
115975
115975
115975
115976
115976
115976
115977
115977
115977
115977
115976
115976
115975
115974
115972
115970
115968
115966
115963
115959
115956
115952
115949
115944
115940
115936
115932
115927
115923
115919
115914
115910
115906
115903
115899
115896
115893
115890
115888
115886
115884
115883
115883
115882
115883
115883
115885
115886
115888
115891
115893
115897
115900
115904
115908
115912
115916
115920
115924
115928
115931
115935
115938
115940
115942
115943
115944
115945
115945
115944
115943
115941
115939
115936
115934
115930
115927
115923
115918
115914
115909
115904
115899
115895
115890
115885
115880
115875
115870
115866
115862
115858
115855
115852
115849
115847
115845
115844
115843
115843
115843
115843
115844
115846
115847
115850
115852
115855
115859
115862
115866
115870
115874
115878
115882
115886
115890
115894
115898
115901
115904
115907
115909
115911
115913
115914
115915
115915
115914
115914
115912
115911
115908
115906
115903
115899
115895
115891
115886
115882
115876
115871
115865
115859
115853
115847
115841
115834
115828
115822
115815
115809
115803
115797
115791
115786
115780
115775
115771
115767
115763
115760
115757
115755
115753
115752
115751
115752
115753
115754
115757
115760
115764
115769
115776
115783
115791
115801
115812
115823
115836
115850
115864
115879
115894
115909
115923
115936
115947
115957
115966
115973
115979
115983
115986
115988
115989
115990
115989
115988
115986
115984
115981
115977
115973
115969
115965
115960
115955
115949
115943
115938
115932
115926
115920
115913
115907
115901
115895
115889
115883
115878
115872
115867
115862
115857
115852
115848
115843
115839
115836
115832
115829
115826
115823
115821
115818
115816
115815
115813
115812
115812
115811
115811
115811
115811
115812
115813
115814
115815
115817
115819
115821
115823
115826
115828
115830
115833
115835
115837
115839
115841
115843
115844
115846
115847
115848
115849
115849
115850
115850
115850
115850
115850
115850
115850
115850
115850
115850
115850
115851
115851
115852
115852
115853
115855
115856
115857
115859
115861
115863
115865
115867
115870
115872
115875
115877
115879
115882
115884
115886
115888
115889
115890
115891
115892
115892
115892
115891
115890
115889
115887
115885
115883
115880
115878
115874
115871
115867
115863
115859
115854
115849
115845
115840
115834
115829
115824
115819
115813
115808
115803
115798
115793
115788
115783
115778
115774
115770
115766
115762
115759
115756
115754
115751
115749
115748
115747
115746
115746
115746
115746
115747
115748
115750
115752
115755
115758
115762
115766
115770
115775
115780
115785
115791
115797
115804
115810
115817
115823
115829
115836
115842
115848
115853
115858
115862
115866
115869
115872
115874
115876
115877
115878
115878
115878
115877
115876
115875
115873
115871
115868
115866
115863
115860
115857
115854
115851
115847
115844
115841
115838
115835
115831
115829
115826
115823
115821
115818
115816
115814
115813
115811
115810
115809
115809
115808
115808
115808
115808
115808
115809
115809
115810
115811
115812
115813
115814
115816
115817
115818
115819
115820
115821
115822
115823
115824
115824
115825
115825
115825
115825
115825
115825
115824
115824
115823
115822
115821
115819
115818
115817
115815
115813
115811
115810
115808
115806
115804
115802
115799
115797
115795
115793
115791
115789
115787
115785
115784
115782
115781
115779
115778
115776
115775
115774
115774
115773
115772
115772
115771
115771
115771
115771
115771
115771
115771
115772
115772
115772
115773
115773
115774
115774
115775
115776
115776
115777
115777
115778
115778
115778
115779
115779
115779
115780
115780
115780
115780
115780
115780
115780
115780
115780
115781
115781
115781
115782
115782
115783
115783
115784
115785
115786
115788
115789
115791
115793
115795
115798
115800
115803
115806
115809
115812
115815
115818
115821
115824
115827
115830
115833
115835
115838
115840
115841
115843
115844
115844
115845
115844
115844
115843
115842
115840
115838
115836
115833
115830
115826
115822
115818
115814
115809
115804
115799
115794
115788
115782
115776
115770
115764
115758
115751
115744
115738
115731
115725
115718
115712
115705
115699
115693
115688
115682
115677
115673
115668
115664
115661
115658
115655
115653
115651
115650
115650
115650
115651
115652
115654
115658
115661
115666
115672
115679
115687
115696
115707
115719
115733
115748
115764
115783
115802
115824
115846
115869
115893
115916
115938
115959
115978
115994
116009
116021
116032
116040
116047
116053
116057
116060
116063
116064
116065
116065
116064
116063
116061
116059
116056
116053
116050
116046
116042
116037
116032
116027
116022
116016
116011
116005
115999
115993
115986
115980
115974
115967
115961
115955
115948
115942
115936
115930
115924
115919
115913
115908
115902
115897
115893
115888
115884
115879
115875
115872
115868
115865
115862
115859
115856
115854
115852
115850
115848
115846
115845
115844
115843
115843
115843
115843
115843
115843
115844
115845
115846
115848
115849
115851
115853
115856
115858
115861
115864
115867
115870
115874
115877
115881
115885
115890
115894
115899
115904
115909
115914
115919
115925
115930
115936
115941
115947
115952
115958
115964
115969
115974
115979
115984
115989
115994
115998
116002
116005
116008
116011
116014
116016
116018
116019
116020
116020
116020
116020
116020
116019
116017
116016
116014
116011
116009
116006
116003
116000
115996
115992
115988
115984
115980
115975
115971
115966
115961
115957
115952
115947
115942
115937
115933
115928
115923
115919
115915
115911
115907
115903
115900
115897
115894
115891
115889
115887
115885
115884
115883
115882
115882
115882
115882
115882
115883
115884
115886
115887
115889
115891
115893
115895
115898
115900
115903
115905
115908
115910
115912
115915
115917
115918
115920
115921
115923
115924
115924
115925
115925
115925
115925
115925
115924
115923
115923
115921
115920
115919
115918
115916
115914
115913
115911
115909
115908
115906
115905
115903
115902
115900
115899
115898
115897
115896
115896
115895
115895
115895
115896
115896
115897
115898
115899
115901
115903
115905
115907
115910
115913
115916
115919
115922
115925
115928
115932
115935
115938
115942
115945
115947
115950
115952
115955
115956
115958
115959
115960
115961
115962
115962
115961
115961
115960
115959
115958
115956
115954
115952
115950
115947
115945
115942
115939
115935
115932
115928
115924
115921
115917
115912
115908
115904
115900
115895
115891
115887
115882
115878
115873
115869
115865
115860
115856
115852
115848
115844
115840
115837
115833
115830
115826
115823
115820
115817
115814
115811
115809
115807
115805
115803
115801
115799
115798
115796
115795
115794
115794
115793
115793
115793
115793
115793
115794
115795
115796
115797
115799
115801
115803
115806
115809
115812
115816
115820
115824
115829
115834
115840
115846
115852
115859
115866
115873
115881
115889
115898
115906
115915
115924
115933
115941
115950
115958
115966
115973
115980
115986
115992
115997
116001
116005
116008
116010
116011
116012
116013
116012
116012
116010
116008
116006
116003
116000
115996
115992
115988
115983
115978
115972
115967
115960
115954
115947
115940
115933
115926
115918
115911
115903
115895
115887
115879
115871
115863
115854
115847
115839
115831
115824
115817
115810
115803
115797
115792
115786
115781
115776
115772
115768
115765
115762
115760
115758
115757
115757
115757
115757
115759
115761
115764
115768
115773
115779
115786
115794
115803
115814
115826
115839
115854
115870
115887
115906
115926
115947
