
Objective value: 
63731.8
115747
120507
116627
116511
116751
117041
117244
117344
117364
117380
117435
117525
117619
117665
117690
117700
117699
117689
117661
117626
117601
117588
117585
117585
117580
117573
117568
117566
117567
117570
117576
117582
117588
117590
117588
117581
117570
117556
117541
117526
117512
117500
117492
117489
117489
117494
117502
117512
117523
117535
117546
117555
117561
117565
117565
117563
117557
117548
117537
117525
117511
117497
117484
117471
117460
117451
117443
117436
117428
117420
117411
117403
117396
117390
117386
117383
117381
117381
117381
117383
117385
117388
117392
117395
117399
117403
117407
117411
117415
117418
117421
117423
117423
117422
117419
117415
117410
117404
117398
117392
117387
117384
117382
117383
117387
117394
117404
117418
117435
117458
117484
117516
117553
117590
117625
117651
117665
117669
117667
117662
117655
117647
117638
117628
117618
117608
117598
117589
117579
117571
117565
117560
117556
117555
117555
117557
117560
117565
117570
117577
117583
117588
117592
117595
117596
117596
117595
117593
117590
117585
117580
117575
117568
117561
117553
117544
117535
117526
117515
117505
117494
117483
117472
117463
117454
117446
117439
117434
117429
117426
117424
117422
117422
117422
117423
117424
117425
117427
117430
117432
117435
117438
117441
117443
117446
117448
117450
117452
117453
117454
117455
117455
117455
117455
117454
117453
117452
117451
117449
117448
117446
117444
117442
117440
117437
117433
117430
117426
117421
117416
117410
117404
117397
117390
117382
117374
117366
117358
117350
117342
117335
117327
117321
117314
117309
117303
117297
117291
117283
117275
117265
117254
117244
117233
117222
117211
117201
117192
117183
117175
117168
117162
117156
117152
117148
117145
117144
117143
117143
117144
117146
117149
117153
117158
117163
117169
117176
117182
117188
117192
117196
117198
117199
117199
117198
117196
117193
117190
117186
117182
117177
117172
117167
117162
117157
117152
117147
117142
117137
117133
117128
117125
117121
117119
117116
117115
117114
117113
117113
117113
117113
117113
117113
117111
117109
117106
117103
117099
117094
117089
117084
117079
117073
117068
117063
117058
117054
117049
117045
117042
117039
117036
117035
117033
117033
117033
117034
117036
117039
117042
117047
117053
117060
117067
117075
117084
117092
117100
117108
117114
117120
117125
117129
117131
117133
117135
117135
117135
117134
117132
117130
117127
117124
117120
117116
117112
117107
117102
117096
117091
117086
117081
117076
117072
117068
117065
117063
117061
117061
117061
117061
117063
117065
117067
117069
117072
117074
117075
117076
117076
117074
117072
117069
117065
117060
117055
117049
117042
117035
117027
117019
117011
117002
116994
116986
116978
116971
116965
116959
116954
116951
116948
116947
116947
116948
116951
116954
116959
116965
116973
116981
116989
116999
117008
117017
117025
117032
117038
117042
117045
117047
117048
117048
117047
117045
117042
117040
117037
117033
117030
117026
117023
117020
117017
117015
117013
117012
117011
117011
117011
117012
117013
117015
117018
117021
117025
117029
117034
117038
117043
117047
117051
117054
117056
117057
117057
117056
117053
117049
117045
117039
117033
117026
117018
117010
117002
116994
116985
116977
116968
116960
116951
116944
116936
116929
116923
116917
116912
116908
116904
116900
116898
116896
116894
116893
116893
116892
116893
116893
116894
116894
116895
116895
116895
116894
116894
116892
116890
116888
116886
116883
116880
116877
116873
116870
116866
116863
116860
116857
116855
116853
116852
116852
116853
116854
116857
116861
116866
116873
116882
116893
116906
116921
116939
116957
116976
116994
117010
117022
117030
117035
117037
117038
117037
117035
117032
117029
117025
117022
117018
117013
117009
117005
117000
116996
116992
116988
116984
116980
116977
116974
116971
116969
116967
116965
116964
116963
116962
116962
116961
116961
116960
116959
116958
116956
116954
116951
116948
116944
116940
116936
116930
116925
116919
116912
116905
116898
116890
116883
116875
116867
116858
116850
116843
116835
116828
116821
116815
116809
116803
116799
116795
116792
116789
116787
116786
116786
116786
116788
116790
116793
116797
116801
116806
116812
116818
116824
116829
116835
116841
116846
116850
116855
116858
116862
116865
116868
116871
116874
116877
116880
116883
116886
116890
116894
116899
116904
116910
116916
116923
116930
116938
116946
116954
116962
116970
116978
116985
116992
116997
117002
117005
117008
117009
117009
117008
117006
117003
116999
116995
116990
116985
116979
116972
116966
116959
116951
116944
116936
116929
116921
116914
116906
116899
116892
116886
116879
116873
116868
116862
116857
116853
116849
116845
116841
116838
116835
116832
116830
116827
116825
116823
116821
116820
116818
116817
116815
116813
116812
116810
116809
116807
116806
116805
116803
116802
116801
116800
116800
116799
116799
116799
116799
116800
116801
116802
116803
116805
116807
116810
116812
116815
116818
116821
116824
116827
116829
116832
116834
116836
116837
116838
116839
116840
116840
116840
116840
116839
116838
116837
116836
116835
116834
116833
116831
116830
116829
116828
116827
116826
116826
116825
116825
116825
116825
116825
116826
116826
116827
116828
116828
116829
116830
116831
116831
116831
116831
116831
116831
116830
116829
116828
116826
116825
116823
116821
116818
116816
116813
116810
116807
116804
116800
116797
116794
116790
116787
116783
116780
116776
116773
116770
116766
116763
116760
116757
116753
116750
116747
116745
116742
116739
116736
116734
116731
116728
116726
116723
116721
116719
116716
116714
116712
116710
116708
116706
116704
116702
116701
116699
116698
116696
116695
116694
116693
116692
116692
116691
116691
116691
116691
116691
116691
116691
116692
116692
116693
116694
116694
116695
116696
116697
116698
116700
116701
116702
116703
116704
116706
116707
116709
116710
116711
116713
116715
116716
116718
116720
116722
116725
116727
116729
116732
116735
116737
116740
116743
116746
116749
116753
116756
116759
116762
116765
116768
116770
116773
116775
116777
116779
116781
116782
116783
116783
116783
116783
116783
116782
116781
116780
116778
116776
116774
116771
116768
116765
116761
116758
116754
116750
116745
116741
116736
116731
116726
116721
116715
116710
116704
116699
116693
116687
116682
116676
116671
116665
116660
116654
116649
116644
116640
116635
116631
116627
116623
116620
116616
116614
116611
116609
116607
116606
116605
116605
116605
116605
116606
116607
116609
116612
116614
116618
116622
116627
116632
116638
116644
116651
116659
116667
116676
116686
116696
116707
116718
116730
116742
116754
116766
116779
116791
116803
116815
116826
116837
116847
116857
116865
116873
116880
116886
116891
116895
116898
116901
116903
116904
116904
116904
116903
116902
116900
116898
116895
116891
116888
116884
116879
116874
116869
116864
116858
116852
116846
116840
116833
116827
116820
116813
116806
116800
116793
116786
116779
116772
116766
116759
116753
116747
116741
116735
116729
116723
116718
116713
116708
116703
116698
116694
116690
116686
116683
116679
116677
116674
116672
116670
116668
116667
116666
116666
116667
116667
116669
116671
116673
116677
116681
116686
116692
116699
116707
116716
116726
116738
116751
116765
116781
116799
116818
116838
116860
116883
116906
116929
116951
116972
116992
117010
117025
117039
117051
117061
117069
117076
117082
117087
117091
117094
117096
117097
117098
117098
117097
117097
117095
117093
117091
117088
117085
117082
117078
117074
117069
117064
117059
117054
117048
117042
117036
117030
117024
117017
117010
117003
116996
116989
116981
116974
116966
116959
116951
116944
116936
116929
116921
116914
116907
116900
116893
116887
116880
116874
116868
116863
116858
116853
116848
116844
116840
116836
116833
116830
116828
116826
116825
116824
116824
116824
116825
116826
116828
116830
116833
116837
116841
116846
116852
116858
116865
116873
116881
116889
116898
116908
116918
116928
116938
116949
116959
116969
116979
116989
116998
117007
117015
117023
117030
117036
117042
117047
117051
117055
117058
117061
117063
117064
117065
117065
117065
117065
117064
117063
117061
117059
117057
117054
117051
117047
117044
117040
117036
117032
117027
117022
117018
117013
117008
117002
116997
116992
116986
116981
116975
116970
116964
116958
116953
116947
116942
116936
116931
116925
116920
116915
116910
116905
116900
116895
116890
116886
116881
116877
116873
116869
116866
116862
116859
116856
116853
116850
116848
116846
116844
116843
116841
116840
116840
116840
116840
116840
116841
116842
116843
116844
116846
116849
116851
116854
116857
116861
116865
116869
116873
116877
116881
116886
116890
116895
116899
116904
116908
116912
116916
116920
116924
116927
116931
116933
116936
116939
116941
116943
116944
116946
116947
116948
116948
116949
116949
116948
116948
116948
116947
116946
116945
116943
116942
116940
116939
116937
116935
116933
116930
116928
116926
116923
116921
116918
116915
116913
116910
116907
116904
116901
116898
116896
116893
116890
116887
116884
116881
116878
116875
116872
116869
116866
116863
116860
116858
116855
116852
116849
116846
116843
116840
116837
116834
116831
116828
116825
116822
116819
116816
116813
116810
116807
116804
116801
116798
116795
116792
116789
116786
116783
116780
116777
116774
116771
116769
116766
116763
116761
116759
116757
116755
116753
116751
116750
116748
116747
116747
116746
116746
116746
116746
116747
116748
116749
116751
116753
116755
116758
116761
116765
116769
116773
116778
116783
116788
116794
116800
116806
116813
116820
116827
116834
116841
116848
116855
116861
116868
116874
116880
116885
116890
116895
116899
116902
116905
116908
116910
116911
116913
116913
116914
116913
116913
116912
116910
116909
116907
116904
116901
116898
116895
116892
116888
116884
116879
116875
116870
116865
116860
116855
116850
116844
116839
116833
116827
116822
116816
116810
116804
116798
116792
116787
116781
116775
116769
116764
116759
116753
116748
116743
116738
116734
116729
116725
116721
116717
116713
116710
116707
116704
116701
116699
116697
116695
116693
116692
116692
116691
116691
116691
116692
116693
116695
116697
116699
116702
116705
116709
116713
116718
116723
116729
116735
116742
116749
116756
116765
116773
116782
116791
116801
116811
116820
116830
116840
116850
116860
116869
116878
116886
116894
116902
116908
116914
116920
116924
116928
116932
116934
116936
116938
116938
116939
116938
116937
116936
116934
116932
116929
116926
116922
116918
116914
116910
116905
116899
116894
116888
116882
116875
116869
116862
116855
116847
116840
116832
116825
116817
116809
116801
116793
116785
116777
116769
116761
116753
116746
116738
116731
116724
116718
116711
116705
116700
116694
116689
116685
116681
116677
116674
116671
116669
116667
116666
116666
116666
116667
116668
116671
116674
116678
116683
116690
116697
116706
116716
116727
116741
116756
116773
116793
116814
116838
116865
116894
