
Objective value: 
63731.8
112489
117066
113478
113394
113514
113628
113719
113874
113925
113956
114006
114071
114126
114151
114154
114145
114131
114115
114092
114067
114050
114042
114041
114038
114029
114017
114004
113991
113979
113968
113961
113958
113957
113956
113953
113947
113939
113929
113916
113903
113892
113882
113877
113875
113877
113883
113892
113903
113915
113929
113942
113955
113965
113972
113975
113972
113965
113955
113942
113928
113913
113899
113885
113874
113864
113855
113847
113840
113832
113823
113815
113806
113799
113792
113787
113783
113781
113779
113780
113782
113785
113790
113796
113803
113809
113816
113821
113825
113828
113830
113831
113832
113834
113835
113838
113842
113848
113855
113863
113871
113878
113882
113883
113882
113880
113876
113872
113867
113862
113857
113852
113847
113841
113836
113832
113828
113825
113825
113825
113827
113829
113832
113836
113839
113843
113847
113851
113855
113859
113862
113864
113866
113866
113866
113864
113861
113857
113853
113849
113844
113840
113835
113830
113825
113820
113815
113810
113805
113800
113796
113792
113790
113788
113787
113788
113790
113792
113795
113799
113803
113808
113812
113817
113821
113825
113828
113830
113832
113832
113832
113831
113830
113828
113826
113824
113822
113820
113818
113816
113813
113811
113809
113808
113806
113805
113805
113805
113807
113809
113812
113816
113822
113827
113834
113840
113845
113848
113850
113850
113848
113845
113841
113837
113831
113825
113820
113813
113807
113801
113795
113789
113783
113777
113772
113766
113762
113757
113753
113750
113747
113746
113744
113744
113744
113745
113746
113748
113749
113751
113751
113752
113751
113750
113749
113747
113745
113743
113740
113738
113735
113732
113730
113727
113724
113722
113720
113718
113716
113715
113714
113713
113713
113713
113714
113715
113716
113717
113719
113719
113719
113718
113717
113714
113711
113707
113702
113698
113693
113688
113683
113678
113674
113669
113665
113662
113658
113655
113653
113650
113649
113647
113646
113646
113646
113646
113646
113647
113648
113648
113649
113649
113649
113648
113647
113646
113644
113641
113638
113635
113631
113627
113623
113618
113613
113609
113604
113600
113596
113592
113588
113585
113583
113581
113580
113580
113580
113582
113584
113588
113592
113598
113604
113611
113619
113627
113635
113642
113649
113656
113661
113666
113669
113671
113673
113674
113674
113674
113674
113673
113672
113671
113669
113668
113667
113665
113664
113663
113662
113661
113660
113659
113659
113658
113658
113657
113656
113655
113654
113653
113652
113651
113649
113647
113645
113643
113641
113639
113637
113635
113632
113630
113628
113625
113623
113621
113619
113617
113615
113614
113612
113610
113608
113606
113604
113601
113599
113596
113593
113589
113585
113581
113576
113572
113567
113561
113556
113550
113545
113539
113534
113528
113523
113518
113514
113510
113506
113503
113500
113497
113496
113494
113494
113493
113494
113495
113497
113499
113502
113505
113509
113514
113518
113523
113528
113534
113538
113543
113548
113552
113556
113559
113562
113565
113568
113570
113573
113575
113578
113580
113583
113586
113589
113592
113595
113599
113603
113607
113611
113614
113618
113622
113625
113628
113631
113633
113635
113635
113636
113635
113634
113633
113631
113628
113626
113622
113619
113615
113611
113606
113601
113596
113591
113586
113581
113575
113569
113564
113558
113552
113546
113540
113534
113528
113522
113517
113511
113506
113501
113496
113491
113487
113483
113479
113476
113473
113470
113468
113466
113465
113464
113464
113465
113466
113468
113470
113473
113477
113482
113488
113494
113500
113508
113515
113523
113531
113538
113545
113550
113555
113560
113563
113565
113566
113567
113567
113567
113566
113565
113563
113561
113559
113557
113555
113552
113550
113547
113545
113542
113540
113538
113536
113534
113533
113531
113530
113529
113528
113527
113526
113526
113526
113526
113526
113526
113526
113526
113526
113526
113526
113526
113526
113526
113526
113526
113526
113526
113525
113525
113524
113524
113523
113523
113522
113522
113521
113520
113519
113518
113517
113516
113515
113513
113512
113510
113509
113507
113505
113503
113501
113499
113497
113494
113492
113489
113487
113484
113482
113479
113476
113474
113471
113469
113466
113464
113461
113459
113457
113454
113452
113450
113448
113446
113445
113443
113441
113440
113438
113437
113436
113434
113433
113432
113432
113431
113430
113430
113429
113429
113429
113429
113429
113429
113430
113430
113430
113431
113432
113432
113433
113434
113435
113435
113436
113436
113437
113437
113437
113437
113437
113436
113436
113435
113434
113433
113432
113431
113430
113429
113427
113426
113424
113423
113421
113420
113419
113417
113416
113415
113414
113413
113412
113412
113411
113411
113410
113410
113410
113410
113411
113411
113412
113412
113413
113414
113415
113416
113418
113419
113421
113422
113424
113426
113427
113429
113431
113432
113434
113436
113437
113438
113439
113440
113440
113441
113441
113440
113440
113439
113438
113436
113434
113432
113429
113426
113423
113420
113416
113412
113408
113404
113399
113395
113390
113385
113380
113375
113370
113365
113360
113356
113351
113346
113342
113338
113333
113330
113326
113323
113320
113317
113314
113312
113310
113308
113307
113306
113305
113305
113305
113305
113306
113307
113309
113311
113313
113316
113320
113324
113328
113333
113338
113344
113351
113358
113366
113374
113382
113391
113400
113410
113419
113429
113439
113448
113458
113467
113475
113483
113490
113497
113503
113508
113512
113516
113519
113522
113524
113526
113526
113527
113527
113526
113525
113524
113522
113520
113518
113515
113512
113508
113505
113501
113497
113492
113487
113483
113478
113472
113467
113462
113456
113451
113445
113439
113434
113428
113423
113418
113412
113407
113402
113398
113393
113389
113385
113381
113378
113374
113371
113369
113366
113364
113362
113361
113360
113359
113358
113358
113358
113358
113358
113359
113360
113361
113362
113364
113365
113367
113369
113371
113373
113376
113378
113381
113383
113386
113389
113392
113395
113398
113402
113405
113409
113412
113416
113420
113424
113428
113432
113436
113441
113445
113450
113454
113458
113463
113467
113471
113476
113479
113483
113487
113490
113493
113495
113497
113499
113501
113502
113503
113503
113503
113503
113502
113501
113499
113497
113495
113493
113490
113487
113484
113480
113476
113472
113468
113464
113459
113455
113450
113445
113440
113435
113430
113425
113420
113415
113411
113406
113401
113397
113392
113388
113384
113380
113376
113372
113369
113366
113363
113360
113358
113356
113354
113352
113351
113350
113349
113348
113348
113348
113348
113349
113350
113351
113352
113353
113355
113357
113359
113362
113365
113367
113370
113374
113377
113380
113383
113387
113390
113393
113396
113400
113402
113405
113408
113410
113412
113413
113415
113416
113417
113417
113417
113417
113417
113416
113415
113414
113413
113411
113409
113407
113405
113403
113401
113398
113396
113393
113391
113388
113386
113383
113381
113379
113376
113374
113372
113370
113369
113367
113366
113365
113364
113363
113363
113363
113363
113364
113364
113365
113366
113368
113370
113372
113374
113376
113379
113381
113384
113387
113390
113393
113396
113399
113402
113405
113407
113410
113412
113413
113415
113416
113417
113418
113418
113418
113418
113418
113417
113416
113415
113413
113411
113410
113407
113405
113403
113400
113397
113395
113392
113389
113385
113382
113379
113376
113373
113370
113366
113363
113360
113357
113354
113351
113349
113346
113343
113341
113339
113337
113335
113333
113331
113330
113328
113327
113326
113325
113324
113324
113324
113323
113323
113324
113324
113324
113325
113326
113327
113328
113329
113331
113333
113334
113336
113338
113341
113343
113346
113348
113351
113354
113357
113360
113363
113366
113370
113373
113377
113380
113383
113387
113390
113394
113397
113401
113404
113407
113410
113413
113416
113419
113421
113424
113426
113428
113429
113431
113432
113433
113434
113434
113435
113435
113434
113434
113433
113432
113431
113430
113428
113426
113424
113422
113419
113417
113414
113411
113407
113404
113400
113397
113393
113389
113385
113380
113376
113372
113367
113363
113358
113353
113349
113344
113339
113335
113330
113325
113321
113317
113312
113308
113304
113301
113297
113294
113290
113288
113285
113283
113281
113279
113278
113277
113276
113276
113277
113277
113279
113281
113283
113286
113290
113294
113299
113305
113312
113319
113327
113336
113346
113357
113369
