
Objective value: 
63731.8
116150
121289
117637
117693
117954
118211
118381
118455
118459
118467
118517
118602
118687
118733
118753
118758
118751
118738
118711
118676
118651
118638
118632
118624
118609
118592
118574
118558
118545
118535
118528
118526
118527
118528
118525
118516
118502
118487
118470
118455
118442
118433
118429
118429
118434
118444
118457
118472
118490
118509
118527
118544
118556
118563
118564
118558
118547
118532
118514
118494
118473
118452
118433
118415
118399
118385
118372
118359
118346
118334
118322
118312
118304
118298
118293
118291
118290
118290
118292
118295
118300
118305
118311
118318
118325
118332
118338
118344
118349
118354
118358
118362
118365
118369
118372
118374
118376
118377
118377
118375
118373
118369
118365
118360
118356
118352
118348
118343
118339
118335
118331
118327
118323
118320
118317
118315
118315
118316
118319
118323
118328
118335
118344
118354
118365
118377
118388
118396
118401
118400
118395
118386
118375
118363
118352
118341
118330
118320
118310
118301
118293
118284
118277
118269
118262
118255
118249
118244
118241
118238
118237
118238
118240
118244
118250
118257
118267
118278
118290
118303
118316
118328
118337
118343
118346
118346
118343
118339
118334
118328
118322
118315
118309
118303
118297
118290
118285
118279
118274
118269
118265
118261
118258
118257
118256
118257
118260
118265
118271
118281
118292
118305
118318
118331
118341
118347
118348
118347
118343
118337
118331
118324
118317
118309
118301
118294
118286
118278
118271
118263
118256
118249
118243
118237
118232
118228
118224
118222
118220
118219
118219
118220
118222
118224
118227
118229
118231
118232
118232
118232
118231
118229
118227
118225
118222
118218
118215
118211
118207
118203
118199
118195
118192
118188
118185
118182
118180
118178
118177
118176
118176
118177
118178
118179
118179
118179
118178
118176
118173
118169
118164
118159
118153
118147
118141
118135
118130
118124
118118
118113
118108
118104
118100
118096
118093
118090
118088
118086
118084
118084
118083
118083
118084
118084
118085
118085
118085
118085
118084
118082
118080
118077
118074
118070
118065
118060
118055
118050
118045
118039
118034
118029
118024
118020
118016
118012
118010
118007
118006
118005
118005
118006
118008
118010
118014
118018
118023
118028
118034
118039
118043
118047
118049
118050
118051
118050
118048
118046
118043
118040
118036
118032
118028
118024
118020
118016
118012
118009
118006
118004
118002
118001
118001
118002
118003
118006
118009
118013
118017
118023
118028
118034
118040
118045
118051
118055
118060
118063
118066
118069
118070
118072
118072
118072
118072
118072
118071
118069
118068
118066
118064
118062
118059
118057
118054
118050
118047
118043
118039
118034
118029
118024
118018
118012
118006
118000
117993
117986
117978
117971
117964
117956
117949
117942
117935
117928
117921
117915
117909
117904
117899
117895
117891
117887
117884
117881
117879
117877
117876
117875
117874
117873
117873
117873
117873
117874
117875
117875
117876
117877
117878
117880
117881
117883
117885
117888
117891
117894
117898
117902
117908
117914
117920
117928
117936
117946
117956
117967
117978
117989
118001
118012
118022
118031
118038
118044
118048
118050
118050
118050
118048
118045
118042
118038
118033
118028
118022
118016
118010
118004
117998
117992
117985
117979
117973
117968
117962
117957
117953
117948
117945
117941
117938
117936
117933
117931
117930
117928
117927
117926
117925
117924
117922
117921
117920
117919
117917
117916
117914
117912
117911
117909
117907
117905
117904
117902
117901
117899
117898
117897
117897
117896
117896
117896
117896
117896
117896
117896
117897
117897
117897
117896
117896
117895
117894
117893
117891
117889
117886
117884
117881
117878
117875
117871
117868
117864
117860
117856
117853
117849
117846
117842
117839
117836
117833
117831
117828
117826
117825
117823
117822
117822
117821
117821
117822
117823
117824
117825
117827
117828
117830
117833
117835
117838
117840
117843
117845
117847
117850
117852
117854
117855
117856
117857
117858
117858
117858
117857
117856
117855
117853
117851
117848
117846
117842
117839
117835
117831
117827
117823
117818
117814
117809
117805
117800
117796
117792
117788
117784
117781
117778
117775
117773
117771
117769
117768
117767
117767
117767
117768
117769
117771
117773
117775
117778
117781
117784
117788
117792
117796
117800
117804
117807
117811
117815
117818
117822
117825
117827
117830
117832
117833
117834
117835
117836
117836
117835
117835
117833
117832
117830
117827
117825
117821
117818
117814
117809
117805
117800
117795
117789
117784
117778
117772
117766
117759
117753
117747
117740
117734
117728
117721
117715
117710
117704
117699
117694
117689
117685
117681
117678
117675
117673
117671
117670
117669
117669
117670
117671
117673
117676
117680
117685
117690
117697
117705
117714
117723
117734
117746
117759
117772
117786
117801
117815
117829
117842
117854
117866
117876
117884
117891
117897
117902
117906
117908
117910
117911
117911
117910
117909
117907
117905
117902
117899
117895
117891
117887
117882
117877
117872
117867
117862
117857
117851
117846
117840
117834
117829
117823
117818
117813
117807
117802
117797
117792
117788
117783
117779
117774
117770
117766
117762
117759
117755
117752
117749
117746
117744
117741
117739
117737
117736
117734
117733
117732
117731
117730
117730
117730
117730
117730
117731
117732
117733
117734
117735
117736
117737
117739
117740
117742
117743
117744
117746
117747
117748
117749
117750
117752
117753
117754
117755
117756
117757
117758
117760
117761
117763
117764
117766
117768
117770
117773
117776
117778
117781
117785
117788
117791
117795
117799
117802
117806
117809
117813
117816
117819
117822
117825
117827
117828
117830
117831
117831
117832
117831
117831
117830
117828
117826
117824
117821
117819
117815
117812
117808
117804
117800
117795
117791
117786
117781
117776
117770
117765
117760
117754
117749
117744
117738
117733
117728
117723
117718
117713
117709
117705
117701
117697
117693
117690
117687
117685
117683
117681
117679
117678
117677
117677
117677
117677
117678
117679
117681
117683
117685
117688
117691
117694
117698
117702
117707
117712
117717
117722
117727
117732
117738
117743
117748
117753
117758
117763
117767
117771
117775
117778
117781
117783
117785
117786
117787
117788
117788
117788
117787
117787
117785
117784
117782
117780
117778
117776
117774
117771
117768
117766
117763
117760
117758
117755
117752
117750
117747
117745
117743
117741
117739
117737
117736
117734
117733
117732
117731
117731
117730
117730
117730
117730
117730
117730
117730
117731
117731
117732
117733
117733
117734
117735
117735
117736
117737
117737
117738
117738
117739
117739
117739
117739
117739
117739
117739
117739
117739
117738
117738
117737
117736
117735
117734
117733
117732
117731
117730
117728
117727
117726
117724
117722
117721
117719
117718
117716
117714
117713
117711
117709
117708
117706
117704
117703
117701
117700
117698
117697
117696
117695
117693
117692
117691
117690
117689
117688
117687
117686
117686
117685
117684
117684
117683
117682
117682
117681
117681
117680
117680
117679
117679
117679
117678
117678
117678
117677
117677
117677
117677
117677
117677
117677
117678
117678
117679
117679
117680
117681
117682
117684
117685
117687
117689
117692
117694
117697
117700
117703
117707
117711
117715
117720
117724
117729
117734
117739
117744
117749
117754
117758
117763
117767
117772
117775
117779
117782
117784
117786
117788
117789
117790
117790
117790
117789
117788
117787
117785
117782
117779
117776
117773
117769
117764
117760
117755
117750
117744
117739
117733
117727
117720
117714
117707
117700
117693
117686
117679
117672
117665
117658
117651
117644
117637
117631
117624
117618
117612
117607
117602
117597
117592
117588
117585
117581
117579
117577
117575
117574
117573
117573
117574
117576
117578
117581
117585
117589
117595
117602
117610
117619
117629
117640
117653
117668
117684
117701
117720
117739
117760
117782
117804
117826
117848
117868
117887
117903
117919
117932
117943
117952
117960
117967
117972
117976
117980
117982
117983
117984
117984
117984
117982
117981
117979
117976
117974
117970
117967
117963
117959
117954
117949
117944
117939
117934
117928
117923
117917
117911
117905
117899
117893
117886
117880
117874
117868
117862
117856
117851
117845
117839
117834
117829
117824
117819
117814
117809
117805
117801
117797
117793
117789
117786
117783
117780
117777
117775
117772
117770
117769
117767
117766
117766
117765
117765
117765
117765
117766
117767
117768
117770
117772
117774
117776
117779
117782
117786
117790
117794
117798
117803
117808
117814
117819
117825
117831
117838
117844
117851
117857
117864
117871
117878
117885
117892
117899
117906
117912
117918
117924
117930
117935
117940
117945
117949
117953
117957
117960
117963
117965
117967
117968
117969
117970
117970
117970
117969
117968
117967
117966
117964
117962
117959
117956
117953
117950
117947
117943
117939
117935
117931
117927
117923
117918
117914
117909
117905
117900
117895
117891
117886
117882
117878
117874
117870
117866
117862
117859
117855
117852
117850
117847
117845
117843
117841
117840
117839
117838
117837
117837
117837
117837
117838
117839
117840
117841
117842
117844
117846
117848
117850
117852
117854
117856
117858
117860
117862
117863
117865
117867
117868
117869
117870
117871
117872
117872
117872
117873
117872
117872
117872
117871
117870
117870
117869
117867
117866
117865
117864
117862
117861
117860
117858
117857
117855
117854
117853
117852
117851
117850
117849
117849
117848
117848
117848
117849
117849
117850
117851
117852
117853
117855
117857
117859
117862
117864
117867
117870
117873
117877
117880
117884
117887
117891
117895
117898
117902
117905
117908
117911
117914
117917
117919
117922
117923
117925
117926
117927
117928
117928
117929
117928
117928
117927
117926
117925
117924
117922
117920
117918
117915
117913
117910
117907
117904
117900
117897
117893
117889
117885
117881
117877
117873
117869
117864
117860
117856
117851
117847
117842
117838
117833
117829
117824
117820
117815
117811
117807
117803
117799
117795
117791
117787
117784
117780
117777
117774
117771
117768
117765
117763
117761
117759
117757
117755
117754
117753
117752
117751
117751
117751
117751
117752
117753
117754
117756
117758
117760
117763
117767
117770
117775
117780
117785
117791
117797
117805
117812
117820
117829
117839
117849
117859
117870
117881
117893
117904
117916
117928
117939
117950
117961
117971
117981
117989
117997
118004
118010
118015
118020
118023
118026
118028
118029
118030
118030
118029
118028
118026
118024
118021
118017
118014
118010
118005
118000
117995
117989
117983
117977
117971
117964
117957
117950
117942
117935
117927
117919
117911
117903
117894
117886
117878
117870
117862
117854
117846
117839
117832
117825
117818
117812
117806
117801
117795
117791
117786
117783
117779
117776
117774
117772
117771
117770
117770
117771
117772
117774
117777
117781
117786
117792
117799
117807
117816
117826
117838
117852
117867
117884
