
Objective value: 
63731.8
113104
117574
114053
113946
114076
114265
114417
114533
114592
114636
114686
114741
114783
114790
114778
114761
114742
114722
114695
114669
114652
114648
114655
114662
114657
114649
114645
114644
114647
114652
114660
114667
114672
114674
114670
114663
114653
114641
114627
114614
114601
114591
114583
114578
114577
114578
114582
114588
114595
114603
114611
114617
114620
114621
114619
114614
114607
114597
114587
114575
114564
114553
114543
114535
114528
114523
114520
114517
114515
114513
114509
114505
114501
114496
114492
114489
114487
114485
114483
114483
114483
114483
114484
114486
114488
114490
114493
114497
114501
114505
114508
114511
114512
114512
114509
114505
114499
114493
114487
114480
114475
114470
114468
114467
114470
114475
114484
114496
114512
114534
114561
114594
114634
114677
114716
114743
114753
114751
114745
114737
114728
114719
114709
114699
114689
114679
114669
114659
114650
114641
114634
114629
114626
114624
114624
114626
114629
114634
114640
114647
114653
114658
114663
114666
114667
114668
114667
114666
114664
114662
114659
114655
114651
114647
114642
114636
114630
114623
114616
114608
114599
114590
114581
114572
114563
114556
114549
114544
114540
114536
114534
114532
114531
114531
114531
114533
114534
114536
114539
114542
114545
114548
114552
114555
114559
114562
114564
114566
114568
114569
114570
114570
114569
114569
114568
114566
114565
114563
114562
114560
114558
114556
114553
114551
114548
114545
114541
114537
114533
114529
114524
114518
114513
114507
114501
114495
114489
114483
114477
114472
114467
114463
114459
114455
114452
114449
114445
114440
114433
114425
114416
114406
114396
114385
114375
114365
114355
114345
114336
114328
114320
114313
114307
114301
114297
114293
114290
114287
114286
114286
114287
114288
114291
114294
114299
114304
114310
114316
114322
114326
114330
114332
114332
114332
114330
114327
114324
114320
114316
114312
114307
114302
114297
114292
114287
114282
114277
114272
114268
114264
114260
114257
114254
114252
114251
114250
114250
114251
114252
114254
114257
114259
114261
114262
114262
114260
114258
114255
114250
114246
114241
114235
114230
114225
114219
114214
114208
114203
114199
114194
114190
114186
114183
114180
114177
114176
114175
114174
114175
114177
114179
114183
114187
114193
114199
114207
114215
114224
114233
114241
114250
114258
114265
114271
114276
114279
114282
114284
114285
114285
114285
114283
114281
114279
114275
114272
114267
114263
114258
114253
114248
114243
114238
114233
114229
114225
114222
114219
114218
114217
114216
114216
114217
114218
114219
114220
114221
114222
114222
114222
114221
114219
114216
114213
114209
114204
114199
114193
114187
114181
114174
114167
114160
114153
114146
114139
114134
114128
114124
114120
114118
114116
114116
114117
114120
114123
114128
114135
114142
114151
114162
114173
114185
114197
114209
114220
114230
114238
114244
114248
114250
114251
114251
114250
114248
114245
114242
114238
114234
114230
114226
114222
114218
114214
114210
114207
114204
114201
114198
114197
114195
114194
114193
114193
114193
114194
114194
114195
114196
114197
114198
114199
114199
114199
114199
114198
114196
114193
114190
114186
114181
114176
114170
114164
114157
114151
114144
114137
114130
114123
114117
114111
114105
114099
114094
114090
114086
114082
114079
114077
114075
114073
114073
114072
114072
114073
114074
114075
114076
114078
114079
114080
114080
114080
114079
114077
114075
114072
114069
114065
114061
114057
114052
114047
114042
114037
114032
114027
114023
114019
114015
114012
114009
114007
114006
114005
114006
114008
114011
114015
114020
114028
114036
114047
114059
114072
114086
114100
114113
114124
114133
114140
114145
114148
114150
114150
114150
114149
114148
114146
114144
114142
114140
114137
114135
114133
114131
114129
114127
114125
114124
114123
114122
114121
114121
114120
114120
114120
114119
114119
114118
114117
114115
114113
114111
114108
114104
114100
114096
114090
114085
114079
114072
114065
114058
114050
114042
114034
114025
114017
114008
113999
113990
113982
113974
113966
113959
113952
113946
113941
113936
113932
113928
113926
113924
113923
113923
113924
113925
113928
113931
113936
113941
113947
113954
113961
113969
113977
113985
113993
114000
114008
114014
114021
114027
114032
114037
114042
114046
114051
114055
114060
114064
114069
114074
114079
114084
114090
114095
114101
114107
114113
114119
114125
114130
114135
114140
114144
114147
114149
114150
114151
114150
114149
114147
114145
114142
114138
114133
114128
114123
114117
114111
114105
114098
114091
114084
114077
114070
114064
114057
114050
114044
114037
114031
114026
114021
114016
114011
114007
114003
113999
113996
113993
113990
113988
113985
113983
113981
113980
113978
113977
113975
113974
113972
113971
113969
113967
113966
113964
113962
113961
113959
113957
113956
113954
113953
113952
113951
113950
113949
113949
113949
113950
113950
113951
113953
113954
113956
113959
113961
113964
113967
113970
113973
113976
113978
113981
113984
113986
113988
113990
113991
113992
113993
113994
113994
113994
113995
113995
113994
113994
113994
113994
113994
113994
113994
113994
113994
113994
113994
113995
113995
113996
113997
113998
113998
113999
114000
114000
114001
114001
114001
114001
114000
113999
113998
113996
113995
113992
113990
113987
113984
113981
113977
113973
113970
113966
113961
113957
113953
113948
113944
113939
113935
113931
113926
113922
113918
113914
113910
113906
113903
113899
113896
113893
113890
113887
113885
113882
113880
113878
113875
113873
113872
113870
113868
113867
113865
113864
113863
113862
113861
113860
113860
113859
113859
113858
113858
113858
113859
113859
113859
113860
113861
113862
113863
113864
113865
113866
113867
113869
113870
113871
113873
113874
113875
113876
113877
113877
113878
113878
113879
113879
113879
113879
113878
113878
113877
113877
113876
113875
113874
113873
113872
113871
113870
113869
113868
113867
113867
113866
113865
113865
113864
113864
113864
113863
113863
113863
113864
113864
113864
113864
113865
113865
113866
113866
113866
113867
113867
113868
113868
113868
113868
113868
113868
113868
113868
113867
113867
113866
113865
113864
113863
113862
113860
113859
113857
113855
113852
113850
113848
113845
113842
113839
113836
113832
113829
113825
113821
113818
113814
113809
113805
113801
113797
113792
113788
113784
113780
113775
113771
113767
113763
113760
113756
113753
113750
113747
113744
113742
113740
113738
113737
113736
113735
113735
113735
113736
113737
113738
113741
113743
113747
113750
113755
113760
113765
113772
113779
113787
113795
113804
113814
113824
113835
113846
113857
113869
113881
113893
113905
113916
113927
113937
113947
113955
113963
113970
113976
113981
113985
113988
113990
113992
113993
113993
113992
113991
113990
113988
113985
113982
113978
113974
113970
113965
113960
113955
113949
113943
113937
113931
113924
113918
113911
113904
113897
113889
113882
113875
113868
113861
113854
113847
113841
113834
113828
113822
113816
113811
113806
113801
113796
113792
113788
113784
113781
113778
113775
113773
113771
113769
113768
113768
113767
113768
113768
113770
113771
113774
113777
113780
113785
113790
113795
113802
113809
113817
113826
113836
113846
113858
113870
113883
113897
113911
113926
113940
113955
113970
113984
113997
114010
114022
114033
114043
114051
114059
114066
114072
114077
114082
114086
114089
114092
114094
114096
114097
114098
114098
114098
114098
114097
114096
114095
114093
114092
114089
114087
114084
114082
114079
114075
114072
114068
114064
114060
114056
114051
114047
114042
114037
114032
114027
114021
114016
114010
114005
113999
113993
113988
113982
113976
113970
113964
113958
113953
113947
113941
113936
113931
113925
113920
113915
113911
113906
113902
113898
113894
113890
113887
113884
113881
113879
113877
113876
113874
113874
113873
113874
113874
113875
113877
113879
113882
113885
113890
113894
113900
113906
113913
113921
113929
113939
113949
113960
113972
113984
113997
114011
114024
114038
114052
114066
114079
114092
114104
114115
114125
114135
114143
114150
114156
114161
114165
114169
114171
114173
114174
114175
114175
114174
114173
114171
114169
114167
114164
114161
114157
114154
114149
114145
114140
114135
114130
114125
114119
114113
114107
114101
114095
114089
114082
114076
114069
114063
114056
114050
114044
114037
114031
114025
114019
114014
114008
114003
113998
113993
113988
113984
113980
113976
113973
113970
113967
113965
113963
113961
113960
113959
113958
113958
113959
113960
113961
113963
113966
113968
113972
113976
113980
113985
113991
113996
114003
114009
114016
114024
114031
114039
114046
114054
114062
114069
114076
114083
114090
114096
114102
114107
114112
114117
114121
114125
114128
114131
114133
114135
114137
114138
114139
114140
114141
114141
114141
114141
114140
114139
114138
114137
114136
114135
114133
114132
114130
114128
114126
114124
114122
114120
114118
114116
114114
114111
114109
114107
114105
114102
114100
114098
114095
114093
114091
114088
114086
114084
114081
114079
114077
114074
114072
114069
114067
114065
114062
114060
114057
114055
114052
114050
114047
114045
114042
114040
114037
114035
114032
114029
114027
114024
114021
114019
114016
114014
114011
114008
114006
114003
114001
113999
113996
113994
113992
113990
113988
113986
113985
113983
113982
113980
113979
113979
113978
113977
113977
113977
113977
113978
113978
113979
113981
113982
113984
113986
113988
113990
113993
113996
113999
114003
114007
114011
114015
114019
114024
114028
114033
114037
114042
114047
114052
114056
114061
114065
114069
114073
114077
114080
114083
114086
114089
114091
114093
114095
114096
114098
114098
114099
114099
114099
114099
114098
114097
114096
114095
114094
114092
114090
114088
114086
114083
114081
114078
114075
114072
114069
114066
114063
114060
114056
114053
114049
114046
114042
114038
114035
114031
114028
114024
114020
114017
114013
114010
114006
114003
113999
113996
113993
113990
113986
113983
113980
113978
113975
113972
113970
113967
113965
113963
113961
113959
113957
113956
113954
113953
113952
113951
113951
113950
113950
113950
113950
113951
113952
113953
113954
113956
113958
113960
113962
113965
113968
113972
113976
113980
113984
113989
113994
114000
114005
114011
114018
114024
114031
114038
114045
114052
114060
114067
114074
114081
114088
114094
114100
114106
114111
114116
114121
114125
114128
114131
114134
114136
114137
114138
114139
114139
114138
114138
114136
114135
114133
114130
114127
114124
114121
114117
114113
114109
114104
114099
114094
114089
114083
114077
114071
114065
114059
114052
114045
114039
114032
114025
114018
114011
114004
113998
113991
113984
113978
113971
113965
113959
113954
113948
113943
113938
113933
113929
113925
113922
113919
113916
113914
113913
113911
113911
113911
113912
113913
113915
113918
113922
113927
113933
113940
113949
113959
113970
113983
