
Objective value: 
63731.8
115529
120052
116941
117001
117309
117629
117845
117943
117955
117965
118016
118105
118201
118263
118301
118320
118324
118318
118296
118265
118241
118228
118221
118212
118198
118180
118162
118145
118129
118115
118103
118094
118088
118082
118075
118063
118047
118029
118011
117995
117982
117973
117969
117971
117978
117990
118007
118027
118049
118073
118096
118118
118136
118149
118155
118153
118145
118132
118114
118093
118070
118045
118021
117997
117975
117954
117934
117916
117900
117885
117872
117860
117850
117842
117836
117832
117830
117830
117831
117835
117840
117846
117854
117863
117873
117883
117893
117904
117913
117923
117931
117938
117945
117950
117953
117955
117954
117953
117949
117945
117940
117935
117929
117924
117919
117914
117909
117905
117901
117897
117893
117888
117884
117880
117877
117875
117873
117874
117875
117879
117883
117890
117897
117907
117917
117928
117937
117942
117943
117938
117929
117918
117906
117893
117881
117870
117859
117849
117840
117832
117825
117818
117811
117805
117800
117795
117791
117787
117785
117783
117783
117785
117788
117794
117801
117810
117820
117833
117847
117860
117872
117882
117888
117890
117889
117886
117882
117877
117871
117865
117859
117852
117846
117840
117835
117829
117824
117819
117815
117811
117807
117804
117802
117801
117801
117803
117807
117812
117820
117831
117842
117854
117865
117871
117874
117873
117869
117863
117856
117849
117841
117834
117826
117818
117810
117802
117795
117788
117781
117775
117770
117765
117761
117758
117756
117755
117754
117755
117757
117759
117762
117766
117771
117776
117780
117784
117787
117788
117789
117789
117788
117786
117783
117780
117777
117773
117769
117765
117761
117756
117752
117748
117743
117739
117736
117732
117730
117728
117726
117725
117725
117725
117725
117725
117725
117724
117722
117719
117716
117712
117707
117702
117698
117693
117688
117683
117678
117674
117669
117665
117662
117658
117656
117653
117651
117650
117648
117648
117648
117648
117648
117649
117649
117650
117650
117650
117649
117648
117646
117643
117639
117636
117631
117627
117622
117617
117611
117606
117601
117596
117592
117587
117583
117580
117576
117574
117572
117570
117569
117569
117569
117571
117573
117575
117579
117582
117586
117590
117593
117596
117597
117598
117597
117595
117593
117590
117587
117583
117579
117575
117571
117568
117564
117561
117559
117557
117555
117554
117555
117556
117557
117560
117564
117569
117575
117582
117590
117598
117607
117616
117624
117632
117640
117646
117651
117655
117657
117659
117660
117660
117660
117659
117658
117656
117654
117651
117649
117646
117642
117639
117636
117632
117628
117624
117620
117616
117611
117606
117601
117596
117590
117585
117579
117573
117566
117560
117553
117547
117540
117534
117527
117521
117514
117508
117503
117497
117492
117487
117483
117479
117475
117472
117469
117466
117464
117462
117461
117460
117459
117458
117458
117458
117458
117459
117459
117460
117460
117461
117462
117463
117465
117466
117468
117470
117472
117475
117478
117482
117486
117491
117496
117503
117510
117519
117528
117538
117549
117561
117573
117586
117598
117610
117620
117628
117635
117639
117642
117643
117643
117642
117640
117638
117635
117632
117628
117624
117620
117616
117612
117608
117604
117600
117596
117592
117589
117585
117582
117579
117577
117574
117571
117569
117567
117564
117562
117559
117557
117554
117552
117549
117546
117543
117540
117536
117533
117529
117526
117523
117519
117516
117512
117509
117506
117504
117501
117499
117497
117495
117494
117492
117492
117491
117491
117491
117491
117491
117492
117492
117492
117492
117492
117492
117491
117490
117490
117488
117487
117486
117485
117483
117482
117481
117479
117478
117477
117477
117476
117476
117476
117476
117477
117478
117479
117480
117482
117484
117486
117489
117491
117494
117497
117499
117501
117503
117505
117506
117507
117508
117508
117508
117508
117507
117507
117505
117504
117502
117500
117498
117496
117493
117490
117487
117484
117481
117478
117475
117472
117468
117465
117461
117458
117454
117451
117447
117444
117441
117438
117435
117432
117429
117427
117424
117422
117421
117419
117418
117417
117416
117416
117416
117416
117417
117418
117419
117421
117422
117424
117427
117429
117431
117434
117436
117439
117442
117444
117447
117449
117451
117453
117455
117456
117458
117459
117460
117461
117462
117462
117462
117462
117462
117461
117460
117459
117458
117456
117455
117453
117450
117448
117445
117442
117438
117435
117431
117427
117423
117419
117414
117410
117405
117400
117396
117391
117386
117382
117377
117373
117369
117365
117361
117358
117355
117352
117349
117347
117345
117344
117343
117342
117342
117343
117344
117345
117347
117350
117353
117356
117361
117365
117370
117376
117382
117389
117395
117402
117409
117416
117424
117430
117437
117444
117450
117456
117461
117466
117470
117474
117477
117480
117482
117484
117485
117486
117487
117487
117487
117486
117485
117484
117482
117480
117478
117475
117473
117470
117467
117464
117461
117458
117454
117451
117448
117444
117441
117437
117434
117431
117427
117424
117421
117417
117414
117411
117408
117405
117402
117399
117396
117393
117390
117387
117384
117382
117379
117376
117373
117371
117368
117366
117364
117361
117359
117357
117355
117353
117351
117350
117348
117347
117346
117345
117344
117344
117343
117343
117343
117344
117344
117345
117346
117347
117349
117351
117353
117355
117358
117361
117365
117369
117373
117378
117383
117388
117394
117401
117408
117415
117423
117431
117439
117448
117457
117466
117475
117483
117492
117500
117508
117515
117522
117528
117533
117537
117541
117544
117546
117548
117549
117549
117549
117549
117548
117546
117544
117542
117539
117535
117532
117528
117524
117519
117515
117510
117504
117499
117493
117487
117481
117475
117469
117463
117456
117450
117444
117437
117431
117425
117419
117413
117408
117402
117397
117393
117388
117384
117380
117377
117374
117371
117369
117367
117365
117364
117363
117363
117363
117364
117365
117367
117369
117372
117375
117378
117382
117387
117392
117397
117402
117408
117414
117420
117426
117432
117438
117444
117449
117455
117460
117464
117469
117473
117476
117479
117482
117484
117486
117488
117489
117490
117490
117491
117491
117491
117490
117490
117489
117488
117487
117486
117485
117484
117482
117481
117479
117478
117476
117474
117472
117471
117469
117467
117465
117463
117461
117459
117457
117455
117453
117451
117449
117446
117444
117442
117440
117437
117435
117433
117430
117428
117426
117423
117421
117419
117416
117414
117412
117409
117407
117405
117403
117401
117399
117397
117395
117393
117392
117390
117389
117387
117386
117385
117384
117383
117382
117382
117381
117381
117381
117380
117380
117380
117381
117381
117381
117381
117382
117382
117383
117383
117384
117384
117385
117385
117385
117386
117386
117386
117386
117386
117386
117386
117386
117385
117385
117384
117383
117382
117381
117380
117379
117377
117376
117374
117372
117370
117368
117366
117364
117362
117359
117357
117355
117352
117350
117347
117345
117343
117340
117338
117336
117334
117332
117331
117329
117328
117327
117326
117325
117325
117325
117325
117325
117326
117327
117329
117331
117333
117336
117339
117342
117346
117350
117355
117359
117364
117369
117374
117380
117385
117390
117395
117400
117404
117408
117412
117416
117418
117421
117423
117424
117425
117426
117426
117426
117425
117424
117423
117421
117419
117416
117413
117410
117407
117403
117400
117396
117391
117387
117382
117378
117373
117368
117363
117357
117352
117347
117342
117336
117331
117326
117320
117315
117310
117305
117300
117296
117291
117287
117283
117279
117275
117272
117269
117266
117263
117261
117259
117257
117256
117255
117254
117254
117254
117254
117255
117256
117258
117260
117263
117266
117269
117273
117278
117283
117288
117294
117300
117307
117314
117321
117329
117336
117345
117353
117361
117369
117378
117386
117394
117401
117408
117415
117422
117428
117434
117439
117443
117447
117451
117454
117457
117459
117461
117463
117464
117464
117464
117464
117464
117463
117462
117461
117459
117457
117455
117452
117449
117446
117443
117439
117436
117432
117428
117424
117419
117415
117410
117405
117400
117395
117390
117385
117379
117374
117369
117363
117358
117353
117347
117342
117336
117331
117326
117321
117316
117312
117307
117303
117298
117294
117290
117287
117284
117281
117278
117275
117273
117271
117270
117269
117268
117268
117268
117268
117270
117271
117273
117276
117279
117283
117287
117292
117298
117304
117311
117319
117327
117336
117345
117355
117365
117376
117387
117397
117408
117418
117428
117437
117446
117453
117460
117466
117472
117476
117480
117483
117486
117488
117489
117490
117490
117489
117489
117488
117486
117484
117482
117479
117476
117473
117470
117466
117462
117458
117454
117450
117445
117441
117436
117431
117426
117421
117416
117411
117406
117401
117396
117391
117386
117382
117377
117373
117368
117364
117360
117357
117353
117350
117346
117343
117340
117338
117336
117333
117331
117330
117328
117327
117326
117325
117325
117324
117324
117324
117325
117325
117326
117326
117327
117328
117329
117331
117332
117333
117334
117336
117337
117338
117340
117341
117342
117343
117344
117345
117345
117346
117346
117347
117347
117347
117347
117347
117346
117346
117345
117345
117344
117343
117342
117341
117340
117338
117337
117336
117334
117333
117332
117330
117329
117327
117326
117324
117323
117321
117320
117318
117317
117316
117314
117313
117312
117311
117310
117309
117308
117307
117306
117305
117305
117304
117304
117303
117303
117303
117302
117302
117302
117302
117302
117302
117302
117302
117302
117303
117303
117303
117304
117304
117305
117305
117306
117306
117307
117307
117307
117308
117308
117309
117309
117309
117309
117309
117310
117309
117309
117309
117309
117308
117308
117307
117306
117305
117304
117302
117301
117299
117298
117296
117294
117291
117289
117287
117284
117281
117278
117275
117272
117269
117266
117262
117259
117255
117252
117248
117244
117241
117237
117233
117230
117226
117223
117219
117216
117213
117210
117207
117204
117201
117199
117197
117195
117193
117192
117190
117190
117189
117189
117189
117190
117191
117193
117195
117197
117201
117204
117208
117213
117219
117225
117232
117240
117248
117257
117267
117277
117289
117301
117313
117326
117339
117352
117365
117377
117389
117401
117411
117421
117430
117437
117444
117450
117455
117458
117462
117464
117465
117466
117467
117467
117466
117465
117463
117461
117458
117455
117452
117449
117445
117440
117436
117431
117426
117421
117415
117409
117404
117397
117391
117385
117378
117372
117365
117358
117352
117345
117339
117332
117326
117319
117313
117307
117302
117296
117291
117286
117281
117277
117272
117268
117265
117261
117258
117256
117254
117252
117250
117249
117248
117248
117248
117249
117250
117251
117254
117256
117260
117263
117268
117273
117279
117286
117293
117301
117310
117319
117329
117340
117351
117363
117375
117388
117401
117414
117427
117439
117452
117463
117475
117485
117495
117504
117512
117519
117525
117531
117536
117540
117544
117547
117549
117551
117552
117552
117553
117552
117552
117551
117549
117547
117545
117542
117539
117536
117533
117529
117525
117521
117516
117511
117506
117501
117496
117490
117484
117479
117473
117467
117460
117454
117448
117441
117435
117428
117422
117415
117409
117403
117397
117391
117385
117379
117374
117368
117363
117359
117354
117350
117346
117342
117338
117335
117332
117330
117328
117326
117324
117323
117322
117322
117322
117323
117324
117325
117327
117329
117332
117335
117339
117343
117348
117353
117358
117364
117370
117376
117383
117390
117397
117404
117411
117418
117425
117432
117438
117445
117450
117456
117461
117465
117469
117473
117476
117479
117481
117483
117484
117485
117486
117487
117487
117487
117486
117486
117485
117484
117482
117481
117479
117477
117475
117473
117470
117468
117465
117463
117460
117457
117454
117451
117448
117446
117443
117440
117437
117434
117431
117428
117425
117423
117420
117417
117415
117412
117410
117408
117405
117403
117401
117399
117397
117395
117394
117392
117390
117389
117388
117386
117385
117384
117383
117382
117381
117380
117379
117378
117377
117377
117376
117375
117374
117374
117373
117372
117372
117371
117371
117370
117369
117369
117368
117367
117367
117366
117365
117364
117364
117363
117362
117361
117360
117360
117359
117358
117357
117357
117356
117355
117355
117354
117353
117353
117353
117352
117352
117351
117351
117351
117351
117351
117351
117352
117352
117353
117353
117354
117355
117356
117357
117359
117360
117362
117364
117366
117368
117370
117373
117376
117378
117381
117384
117388
117391
117395
117398
117402
117406
117409
117413
117417
117421
117424
117428
117431
117435
117438
117441
117443
117446
117448
117450
117452
117454
117455
117456
117456
117457
117457
117456
117456
117455
117454
117452
117451
117449
117446
117444
117441
117438
117435
117432
117428
117424
117420
117416
117411
117407
117402
117397
117392
117387
117382
117377
117372
117366
117361
117356
117350
117345
117340
117335
117330
117325
117320
117315
117311
117307
117302
117299
117295
117292
117289
117286
117283
117281
117279
117278
117277
117276
117276
117277
117277
117279
117280
117283
117286
117289
117294
117299
117305
117311
117319
117327
117336
117346
117358
117370
117383
117397
117412
117427
117443
117459
