
Objective value: 
63733.2
115278
119590
116099
115961
116230
116399
116561
116787
116956
116972
117035
117145
117268
117353
117413
117451
117471
117479
117466
117437
117412
117395
117382
117366
117342
117316
117289
117263
117239
117218
117200
117186
117177
117171
117165
117154
117138
117120
117101
117084
117070
117061
117058
117061
117070
117086
117106
117130
117157
117184
117211
117236
117256
117270
117277
117277
117270
117257
117239
117217
117192
117164
117136
117108
117080
117055
117031
117009
116989
116971
116954
116939
116927
116918
116912
116908
116907
116909
116913
116919
116927
116937
116948
116959
116972
116984
116996
117008
117018
117028
117036
117042
117047
117051
117052
117052
117050
117047
117042
117037
117031
117025
117019
117014
117009
117004
117000
116996
116992
116988
116984
116981
116977
116973
116970
116968
116967
116967
116969
116972
116976
116981
116988
116996
117005
117014
117021
117025
117024
117018
117008
116997
116984
116970
116958
116945
116934
116924
116914
116906
116898
116891
116884
116878
116872
116867
116863
116859
116857
116855
116855
116856
116859
116864
116870
116878
116887
116898
116909
116921
116932
116940
116946
116949
116949
116947
116943
116939
116934
116928
116923
116917
116911
116906
116900
116895
116890
116885
116881
116876
116873
116869
116867
116866
116866
116867
116870
116875
116882
116891
116901
116912
116921
116927
116930
116929
116926
116921
116914
116907
116900
116893
116885
116878
116870
116863
116855
116848
116842
116836
116831
116826
116822
116819
116816
116815
116814
116814
116816
116818
116821
116824
116828
116832
116836
116840
116843
116845
116847
116847
116847
116845
116844
116841
116839
116836
116832
116828
116824
116820
116816
116812
116807
116803
116799
116796
116792
116789
116787
116785
116783
116781
116780
116778
116776
116773
116770
116767
116762
116758
116753
116748
116743
116738
116733
116728
116723
116719
116715
116711
116707
116703
116700
116698
116696
116694
116692
116691
116691
116690
116690
116690
116690
116690
116690
116690
116689
116688
116686
116684
116681
116678
116674
116670
116666
116662
116658
116654
116650
116647
116643
116640
116637
116634
116632
116630
116629
116629
116629
116629
116631
116633
116636
116640
116644
116649
116653
116658
116661
116664
116666
116667
116666
116665
116662
116659
116656
116652
116648
116644
116640
116637
116633
116630
116627
116624
116622
116620
116620
116620
116620
116622
116624
116627
116631
116635
116640
116646
116651
116657
116663
116669
116674
116678
116682
116685
116687
116689
116690
116690
116690
116689
116687
116686
116684
116681
116679
116676
116672
116669
116665
116661
116657
116653
116648
116644
116639
116634
116628
116623
116617
116611
116605
116599
116593
116586
116580
116573
116567
116561
116555
116549
116543
116537
116532
116527
116522
116518
116514
116511
116507
116505
116502
116500
116499
116498
116497
116496
116496
116497
116497
116498
116499
116501
116502
116504
116506
116508
116510
116512
116515
116518
116521
116524
116528
116532
116536
116541
116547
116553
116559
116567
116575
116583
116592
116602
116612
116622
116632
116642
116651
116658
116665
116670
116673
116675
116675
116675
116673
116671
116668
116665
116661
116657
116652
116647
116642
116637
116632
116627
116622
116617
116612
116608
116603
116599
116595
116592
116588
116585
116582
116579
116576
116573
116570
116568
116565
116563
116560
116558
116555
116553
116550
116547
116545
116542
116540
116537
116535
116532
116530
116528
116526
116525
116523
116522
116521
116520
116520
116520
116520
116520
116521
116521
116522
116522
116523
116523
116524
116524
116524
116523
116523
116522
116521
116519
116518
116516
116515
116513
116511
116510
116508
116507
116505
116504
116503
116503
116502
116502
116502
116503
116503
116505
116506
116508
116509
116512
116514
116516
116519
116521
116524
116526
116528
116530
116531
116532
116533
116534
116534
116534
116534
116533
116532
116530
116529
116527
116525
116523
116520
116517
116514
116511
116508
116505
116501
116498
116494
116490
116487
116483
116479
116475
116472
116468
116465
116461
116458
116455
116452
116449
116447
116445
116443
116441
116440
116439
116439
116438
116438
116439
116439
116440
116442
116443
116445
116447
116449
116451
116454
116456
116459
116461
116464
116467
116469
116471
116474
116476
116478
116480
116481
116483
116484
116485
116485
116486
116486
116486
116486
116485
116485
116483
116482
116480
116479
116476
116474
116471
116468
116465
116462
116458
116454
116450
116446
116442
116438
116433
116429
116425
116420
116416
116412
116408
116405
116401
116398
116395
116392
116390
116388
116386
116385
116384
116384
116384
116384
116386
116387
116390
116393
116396
116400
116405
116410
116416
116423
116430
116437
116445
116452
116460
116468
116476
116483
116490
116497
116503
116508
116513
116517
116521
116523
116525
116527
116528
116528
116528
116528
116527
116525
116523
116521
116519
116516
116513
116509
116505
116502
116498
116493
116489
116485
116480
116476
116472
116467
116463
116458
116454
116450
116446
116442
116438
116435
116431
116428
116425
116422
116419
116416
116414
116411
116409
116407
116405
116403
116401
116399
116398
116396
116395
116394
116392
116392
116391
116390
116389
116389
116388
116388
116388
116388
116388
116388
116388
116389
116389
116390
116391
116392
116393
116394
116396
116397
116399
116401
116403
116405
116407
116410
116413
116416
116419
116422
116426
116430
116434
116438
116443
116448
116453
116458
116464
116470
116476
116482
116488
116494
116501
116507
116513
116519
116524
116530
116534
116539
116543
116546
116549
116551
116553
116554
116555
116555
116554
116553
116552
116550
116548
116545
116542
116539
116535
116531
116527
116522
116517
116512
116507
116501
116495
116489
116483
116476
116470
116463
116457
116450
116443
116437
116430
116424
116417
116411
116406
116400
116395
116390
116385
116381
116377
116374
116371
116368
116366
116365
116364
116363
116363
116363
116364
116365
116367
116370
116373
116377
116382
116387
116392
116399
116405
116413
116420
116428
116436
116445
116453
116461
116469
116477
116484
116491
116497
116503
116508
116512
116516
116520
116522
116525
116526
116528
116528
116529
116529
116529
116528
116528
116526
116525
116524
116522
116520
116518
116516
116514
116512
116510
116507
116505
116502
116500
116498
116495
116493
116490
116488
116486
116483
116481
116479
116476
116474
116472
116470
116467
116465
116463
116461
116458
116456
116454
116452
116449
116447
116445
116443
116441
116438
116436
116434
116432
116430
116428
116426
116424
116422
116420
116418
116416
116415
116413
116412
116411
116409
116408
116407
116406
116406
116405
116405
116404
116404
116404
116404
116405
116405
116406
116406
116407
116408
116409
116410
116411
116412
116414
116415
116416
116417
116419
116420
116421
116422
116423
116424
116425
116425
116426
116426
116427
116427
116427
116426
116426
116425
116425
116424
116423
116422
116420
116419
116417
116416
116414
116412
116410
116408
116406
116403
116401
116399
116396
116394
116392
116389
116387
116385
116383
116381
116379
116378
116376
116375
116374
116373
116373
116373
116373
116373
116373
116374
116376
116377
116379
116382
116384
116387
116391
116394
116398
116402
116407
116411
116416
116420
116425
116429
116433
116437
116441
116444
116447
116449
116451
116452
116453
116454
116454
116454
116453
116452
116451
116449
116446
116444
116441
116438
116435
116431
116427
116423
116419
116414
116409
116405
116400
116394
116389
116384
116379
116373
116368
116362
116357
116352
116347
116341
116336
116332
116327
116322
116318
116314
116310
116306
116303
116300
116297
116294
116292
116290
116289
116287
116287
116286
116286
116286
116287
116288
116290
116292
116294
116297
116301
116304
116309
116314
116319
116324
116330
116336
116343
116350
116357
116364
116371
116379
116386
116393
116400
116407
116413
116419
116425
116430
116435
116440
116444
116447
116451
116453
116456
116458
116459
116461
116462
116462
116462
116462
116462
116461
116460
116459
116457
116455
116453
116451
116449
116446
116443
116440
116437
116433
116430
116426
116422
116418
116414
116410
116405
116401
116396
116392
116387
116382
116377
116372
116367
116362
116357
116352
116347
116342
116337
116332
116328
116323
116318
116314
116309
116305
116301
116297
116293
116289
116286
116283
116280
116277
116274
116272
116270
116269
116267
116266
116266
116266
116266
116266
116267
116269
116271
116274
116277
116280
116285
116290
116295
116301
116308
116316
116324
116333
116343
116353
116363
116374
116385
116396
116407
116418
116429
116438
116448
116456
116463
116470
116476
116481
116485
116488
116491
116493
116494
116495
116495
116494
116493
116492
116490
116488
116485
116482
116479
116476
116472
116468
116464
116459
116454
116450
116444
116439
116434
116428
116423
116417
116412
116406
116400
116395
116389
116384
116379
116373
116368
116363
116359
116354
116350
116346
116342
116338
116335
116331
116329
116326
116324
116321
116320
116318
116317
116316
116315
116315
116315
116315
116316
116316
116317
116319
116320
116322
116324
116326
116329
116331
116334
116337
116339
116342
116345
116348
116351
116353
116356
116359
116361
116363
116365
116367
116369
116370
116372
116373
116374
116375
116375
116376
116376
116376
116376
116376
116375
116375
116374
116374
116373
116372
116371
116370
116369
116368
116367
116366
116365
116363
116362
116361
116360
116358
116357
116356
116355
116353
116352
116351
116349
116348
116347
116346
116345
116343
116342
116341
116340
116339
116338
116336
116335
116334
116333
116332
116331
116330
116329
116328
116327
116326
116325
116324
116323
116322
116321
116320
116319
116318
116317
116316
116315
116314
116313
116313
116312
116311
116310
116310
116309
116308
116307
116306
116306
116305
116304
116303
116302
116301
116301
116300
116299
116297
116296
116295
116294
116292
116291
116289
116288
116286
116284
116282
116280
116278
116276
116274
116272
116269
116267
116264
116262
116259
116257
116254
116252
116249
116247
116244
116241
116239
116237
116234
116232
116230
116228
116226
116225
116223
116222
116221
116220
116220
116220
116220
116220
116221
116222
116223
116225
116227
116229
116232
116235
116239
116243
116248
116253
116258
116264
116270
116277
116284
116291
116299
116307
116315
116322
116330
116338
116345
116352
116358
116364
116370
116375
116379
116382
116385
116388
116389
116391
116391
116391
116391
116390
116389
116387
116385
116382
116379
116376
116372
116368
116364
116360
116355
116350
116345
116339
116334
116328
116322
116316
116309
116303
116296
116290
116283
116277
116270
116264
116258
116252
116246
116240
116234
116229
116224
116219
116214
116210
116206
116202
116198
116195
116192
116190
116188
116186
116185
116184
116183
116183
116183
116184
116185
116187
116190
116193
116196
116200
116205
116210
116216
116223
116230
116238
116247
116257
116267
116277
116289
116300
116312
116325
116337
116350
116362
116374
116385
116396
116407
116416
116425
116434
116441
116448
116454
116459
116463
116467
116470
116473
116475
116477
116478
116478
116478
116478
116477
116476
116475
116473
116471
116468
116465
116462
116459
116455
116451
116447
116443
116438
116434
116429
116423
116418
116412
116407
116401
116395
116389
116383
116376
116370
116364
116357
116351
116344
116338
116332
116326
116320
116314
116308
116302
116297
116292
116287
116282
116277
116273
116269
116266
116262
116259
116257
116254
116252
116251
116250
116249
116248
116248
116249
116250
116251
116253
116256
116259
116263
116267
116272
116277
116283
116290
116297
116305
116313
116322
116331
116341
116351
116361
116372
116382
116393
116403
116413
116422
116431
116439
116446
116453
116460
116465
116471
116475
116479
116482
116485
116487
116489
116490
116491
116491
116491
116491
116490
116490
116488
116487
116485
116483
116481
116479
116476
116474
116471
116468
116465
116462
116458
116455
116451
116448
116445
116441
116437
116434
116430
116427
116423
116420
116416
116413
116409
116406
116403
116399
116396
116393
116390
116387
116384
116381
116379
116376
116374
116371
116369
116367
116365
116363
116361
116359
116357
116355
116354
116352
116351
116349
116348
116347
116346
116345
116344
116343
116342
116341
116341
116340
116339
116339
116338
116338
116338
116337
116337
116337
116337
116336
116336
116336
116336
116336
116337
116337
116337
116337
116338
116338
116338
116339
116339
116340
116340
116341
116342
116343
116343
116344
116345
116346
116347
116348
116349
116351
116352
116353
116354
116356
116357
116359
116360
116362
116363
116365
116366
116368
116370
116371
116373
116375
116377
116378
116380
116382
116383
116385
116386
116388
116389
116391
116392
116393
116394
116395
116396
116396
116397
116397
116397
116397
116397
116397
116396
116396
116395
116394
116392
116391
116389
116388
116386
116383
116381
116378
116375
116372
116369
116366
116363
116359
116355
116351
116347
116343
116338
116334
116329
116325
116320
116315
116310
116305
116300
116295
116290
116285
116281
116276
116271
116266
116261
116257
116252
116248
116244
116240
116237
116233
116230
116227
116224
116222
116220
116218
116216
116215
116215
116214
116215
116215
116216
116218
116220
116223
116226
116230
116234
116240
116246
116253
116260
116269
116278
116289
116300
116313
116326
116340
116355
116370
116386
116402
116419
116434
116450
116464
116478
116490
116501
116511
116520
116528
116535
116540
116545
116549
116552
116554
116555
116556
116556
116556
116555
116553
116552
116549
116547
116544
116540
116537
116533
116528
116524
116519
116514
116509
116503
116497
116491
116485
116479
116472
116466
116459
116452
116446
116439
116432
116425
116418
116411
116404
116398
116391
116385
116379
116372
116367
116361
116355
116350
116345
116341
116336
116332
116328
116325
116322
116319
116316
116314
116312
116311
116310
116309
116309
116309
116310
116311
116313
116315
116318
116321
116325
116330
116335
116341
116347
116355
116363
116371
116381
116390
116401
116412
116424
116436
116448
116461
116473
116486
116498
116510
116521
116532
116542
116552
116561
116569
116576
116583
116589
116594
116599
116603
116607
116610
116612
116614
116615
116616
116617
116617
116616
116616
116615
116613
116612
116610
116608
116605
116602
116599
116596
116593
116589
116586
116582
116578
116573
116569
116565
116560
116555
116551
116546
116541
116536
116531
116527
116522
116517
116512
116507
116503
116498
116494
116490
116485
116481
116477
116474
116470
116467
116463
116460
116458
116455
116453
116451
116449
116447
116446
116444
116444
116443
116443
116442
116443
116443
116444
116445
116446
116447
116449
116451
116453
116455
116458
116460
116463
116466
116469
116473
116476
116479
116483
116486
116489
116493
116496
116500
116503
116506
116509
116512
116515
116517
116520
116522
116525
116527
116529
116531
116532
116534
116535
116536
116537
116538
116539
116540
116541
116541
116542
116542
116542
116542
116542
116542
116542
116542
116542
116542
116541
116541
116541
116540
116539
116539
116538
116538
116537
116536
116535
116534
116534
116533
116532
116531
116529
116528
116527
116526
116524
116523
116521
116520
116518
116516
116514
116512
116510
116508
116506
116504
116502
116499
116497
116494
116492
116489
116486
116483
116481
116478
116475
116472
116469
116465
116462
116459
116456
116453
116450
116446
116443
116440
116437
116434
116431
116428
116425
116422
116419
116416
116413
116411
116408
116406
116404
116402
116400
116398
116396
116395
116393
116392
116391
116391
116390
116390
116390
116390
116390
116391
116391
116393
116394
116396
116398
116400
116402
116405
116408
116412
116415
116419
116424
116428
116433
116438
116443
116449
116454
116460
116466
116472
116478
116484
116490
116496
116501
116507
116512
116517
116522
116526
116530
116533
116537
116540
116542
116544
116546
116547
116548
116548
116548
116548
116547
116546
116545
116543
116541
116539
116536
116533
116530
116526
116523
116519
116515
116510
116506
116501
116496
116491
116486
116480
116475
116469
116463
116457
116451
116445
116439
116433
116427
116421
116415
116409
116403
116397
116392
116386
116381
116376
116371
116366
116361
116357
116353
116350
116346
116343
116341
116338
116336
116335
116334
116333
116333
116333
116334
116335
116337
116339
116342
116346
116350
116356
116361
116368
116376
116384
116394
116404
116416
116428
116442
116456
116471
