
Primal Residual: 
70.0317
21.366
7.4897
11.5099
7.39693
5.18159
4.18869
2.78997
1.81891
1.72271
1.80991
1.66068
1.31206
0.969697
0.829853
0.840667
0.822766
0.727336
0.612626
0.557981
0.570493
0.589742
0.575212
0.527033
0.467147
0.419426
0.394783
0.388227
0.389234
0.390924
0.390795
0.388229
0.382998
0.375199
0.365612
0.355749
0.347455
0.342248
0.340709
0.342272
0.345514
0.348745
0.35057
0.350201
0.347496
0.342804
0.336729
0.329888
0.32276
0.315621
0.308571
0.301614
0.294768
0.288156
0.282049
0.276818
0.272799
0.270121
0.268569
0.267598
0.266483
0.264564
0.261491
0.257374
0.252826
0.248855
0.246638
0.247197
0.251096
0.258275
0.26812
0.279676
0.291895
0.303816
0.314653
0.323818
0.330907
0.335679
0.338035
0.33801
0.33576
0.33156
0.325786
0.31889
0.311354
0.303635
0.296096
0.288945
0.282206
0.275708
0.269133
0.262084
0.254165
0.245073
0.234668
0.223041
0.210567
0.197956
0.186278
0.176934
0.171476
0.171222
0.176778
0.187785
0.203103
0.221238
0.240694
0.260152
0.278516
0.29491
0.308652
0.319238
0.326323
0.329712
0.32934
0.325272
0.317679
0.306831
0.293084
0.276874
0.258702
0.239128
0.218776
0.19834
0.178598
0.160433
0.144832
0.132823
0.125303
0.122732
0.1249
0.130986
0.139885
0.150536
0.162081
0.173887
0.185504
0.196613
0.206987
0.216453
0.224877
0.232148
0.238167
0.242851
0.246127
0.247938
0.248239
0.24701
0.244251
0.239986
0.23427
0.227184
0.218843
0.209391
0.199007
0.187908
0.176346
0.164618
0.153071
0.142104
0.132166
0.123744
0.117315
0.113276
0.111841
0.112979
0.116407
0.121676
0.128267
0.135683
0.143488
0.151325
0.158908
0.166015
0.172474
0.178157
0.18297
0.186845
0.18974
0.191637
0.192532
0.192444
0.191406
0.189469
0.186701
0.183184
0.179017
0.174312
0.169197
0.163811
0.158304
0.152831
0.147551
0.142614
0.138162
0.13431
0.131144
0.128708
0.127004
0.125993
0.125595
0.125706
0.126207
0.126974
0.127891
0.128857
0.129789
0.130625
0.131326
0.131869
0.132252
0.132481
0.132573
0.132547
0.132422
0.132214
0.131929
0.131565
0.131109
0.130538
0.129819
0.128915
0.127784
0.126386
0.124683
0.122645
0.12025
0.117491
0.114374
0.110925
0.107188
0.103231
0.0991459
0.095047
0.091071
0.0873722
0.0841165
0.0814689
0.0795779
0.0785558
0.0784607
0.079286
0.0809617
0.083367
0.0863499
0.0897459
0.0933941
0.0971464
0.100873
0.104464
0.107828
0.110894
0.113606
0.115923
0.117817
0.119274
0.120288
0.120862
0.121012
0.120757
0.120126
0.119153
0.11788
0.116354
0.114627
0.112756
0.110802
0.108827
0.106898
0.10508
0.103433
0.102015
0.100874
0.100047
0.0995574
0.0994131
0.0996072
0.100117
0.100909
0.101937
0.10315
0.104491
0.105905
0.107336
0.108733
0.110049
0.111243
0.112282
0.113137
0.113786
0.114214
0.114412
0.114375
0.114104
0.113604
0.112885
0.111961
0.110852
0.10958
0.10817
0.106653
0.10506
0.103425
0.101781
0.100166
0.0986132
0.0971588
0.0958354
0.0946737
0.0937007
0.0929395
0.0924085
0.0921209
0.0920846
0.0923021
0.092771
0.0934839
0.0944288
0.0955899
0.0969473
0.0984776
0.100154
0.101947
0.103823
0.105746
0.107677
0.109577
0.111403
0.11311
0.114656
0.115997
0.117093
0.117903
0.118392
0.118531
0.118293
0.117661
0.116624
0.11518
0.113336
0.11111
0.10853
0.105637
0.102484
0.0991373
0.0956754
0.0921914
0.0887898
0.0855853
0.082698
0.0802471
0.078341
0.0770664
0.076477
0.0765851
0.0773595
0.0787292
0.0805925
0.082829
0.0853103
0.0879098
0.0905081
0.0929973
0.0952825
0.0972825
0.0989296
0.100169
0.100959
0.101268
0.101079
0.100385
0.0991882
0.0975046
0.0953602
0.0927931
0.0898534
0.0866045
0.083124
0.0795052
0.0758582
0.0723105
0.0690064
0.0661029
0.0637607
0.0621292
0.0613259
0.0614163
0.0624007
0.0642146
0.0667424
0.0698383
0.0733461
0.0771138
0.0810023
0.0848891
0.0886689
0.0922524
0.0955656
0.0985474
0.101149
0.103332
0.105069
0.106341
0.107136
0.107453
0.107296
0.106679
0.105622
0.104152
0.102303
0.100118
0.0976458
0.0949406
0.0920646
0.0890856
0.0860767
0.0831156
0.0802826
0.0776586
0.0753215
0.0733416
0.0717773
0.0706693
0.0700368
0.0698756
0.0701581
0.0708368
0.0718489
0.0731221
0.0745804
0.0761486
0.0777552
0.0793355
0.0808317
0.0821941
0.0833811
0.0843581
0.0850981
0.0855805
0.0857908
0.0857204
0.0853657
0.0847285
0.0838148
0.0826357
0.0812062
0.0795459
0.077679
0.0756336
0.0734429
0.0711445
0.0687807
0.0663986
0.0640499
0.0617901
0.0596779
0.057773
0.0561335
0.0548126
0.053854
0.0532878
0.053127
0.0533655
0.0539788
0.0549268
0.0561572
0.057611
0.0592261
0.060941
0.0626975
0.0644416
0.0661251
0.0677052
0.0691451
0.0704137
0.0714852
0.0723391
0.0729602
0.073338
0.073467
0.0733467
0.072981
0.0723791
0.0715546
0.0705265
0.0693188
0.0679604
0.0664858
0.0649346
0.0633514
0.0617853
0.0602895
0.0589193
0.0577305
0.0567764
0.0561045
0.055753
0.0557471
0.0560971
0.0567972
0.0578265
0.0591513
0.0607284
0.0625085
0.0644397
0.0664699
0.0685491
0.0706305
0.0726715
0.0746339
0.0764842
0.0781937
0.0797382
0.081098
0.0822576
0.0832056
0.0839343
0.0844394
0.0847199
0.0847778
0.0846182
0.0842496
0.0836841
0.0829376
0.0820296
0.0809822
0.0798199
0.0785688
0.0772561
0.0759101
0.0745591
0.0732311
0.0719528
0.0707491
0.069642
0.0686495
0.0677852
0.0670575
0.0664688
0.066016
0.0656901
0.0654771
0.065358
0.0653108
0.0653103
0.0653301
0.065343
0.0653221
0.0652415
0.0650769
0.0648061
0.0644094
0.0638697
0.0631727
0.0623075
0.0612659
0.0600431
0.0586378
0.0570519
0.055291
0.0533647
0.0512866
0.0490752
0.0467544
0.0443542
0.0419125
0.0394757
0.0371012
0.0348586
0.0328307
0.0311114
0.0298004
0.0289908
0.028752
0.0291133
0.0300563
0.0315205
0.0334192
0.0356563
0.038139
0.0407842
0.0435204
0.0462877
0.0490363
0.0517249
0.0543193
0.0567914
0.059118
0.0612807
0.063265
0.0650602
0.066659
0.0680574
0.0692545
0.0702525
0.0710563
0.0716737
0.0721148
0.0723924
0.0725213
0.0725184
0.0724022
0.0721926
0.0719105
0.0715771
0.0712137
0.0708407
0.0704773
0.0701408
0.0698457
0.0696034
0.0694219
0.0693053
0.0692535
0.0692628
0.0693256
0.0694312
0.0695658
0.0697136
0.0698572
0.0699783
0.0700582
0.0700785
0.0700218
0.0698717
0.0696135
0.0692347
0.0687247
0.0680754
0.0672814
0.0663398
0.0652506
0.0640165
0.0626433
0.0611393
0.0595161
0.0577879
0.0559721
0.0540888
0.0521615
0.0502164
0.0482826
0.0463922
0.0445797
0.0428811
0.0413337
0.0399735
0.0388341
0.0379436
0.0373223
0.0369806
0.0369172
0.0371196
0.0375649
0.0382226
0.0390572
0.0400307
0.0411055
0.0422461
0.0434197
0.0445974
0.0457542
0.0468687
0.0479238
0.0489053
0.0498028
0.0506085
0.0513176
0.0519276
0.0524386
0.0528525
0.0531731
0.053406
0.0535583
0.0536382
0.0536551
0.0536194
0.0535419
0.053434
0.0533071
0.0531725
0.0530411
0.0529231
0.0528279
0.0527634
0.0527363
0.0527517
0.0528128
0.0529212
0.0530768
0.0532777
0.0535203
0.0537998
0.0541104
0.054445
0.0547963
0.0551562
0.0555169
0.0558704
0.0562092
0.0565262
0.0568152
0.0570707
0.0572881
0.057464
0.0575957
0.0576821
0.0577228
0.0577187
0.0576717
0.0575847
0.0574614
0.0573064
0.0571251
0.0569232
0.0567068
0.0564825
0.0562565
0.056035
0.0558238
0.0556281
0.0554525
0.0553004
0.0551746
0.0550762
0.0550057
0.0549621
0.0549432
0.0549457
0.0549655
0.0549974
0.0550355
0.0550734
0.0551044
0.0551213
0.0551174
0.0550856
0.0550197
0.0549134
0.0547616
0.0545594
0.0543031
0.05399
0.053618
0.0531864
0.0526956
0.0521469
0.0515431
0.0508877
0.0501857
0.0494429
0.0486663
0.0478637
0.0470438
0.0462161
0.0453906
0.0445777
0.0437881
0.0430325
0.0423214
0.0416647
0.0410713
0.0405493
0.0401052
0.0397439
0.0394686
0.0392803
0.0391783
0.0391601
0.0392213
0.0393561
0.0395577
0.0398183
0.0401297
0.0404835
0.0408712
0.0412848
0.0417169
0.0421607
0.04261
0.0430598
0.0435057
0.0439444
0.0443732
0.0447904
0.0451949
0.0455864
0.0459651
0.0463314
0.0466864
0.0470313
0.0473674
0.047696
0.0480183
0.0483355
0.0486483
0.0489574
0.0492628
0.0495643
0.0498613
0.0501528
0.0504371
0.0507126
0.0509769
0.0512278
0.0514624
0.0516781
0.051872
0.0520411
0.0521827
0.0522944
0.0523736
0.0524184
0.0524272
0.0523988
0.0523325
0.0522281
0.052086
0.0519073
0.0516935
0.0514469
0.0511702
0.0508668
0.0505406
0.0501958
0.0498372
0.0494698
0.0490989
0.0487299
0.0483682
0.048019
0.0476875
0.0473784
0.0470958
0.0468435
0.0466245
0.046441
0.0462946
0.0461858
0.0461145
0.0460798
0.0460799
0.0461125
0.0461747
0.046263
0.0463737
0.0465028
0.0466462
0.0467998
0.0469596
0.0471216
0.0472822
0.0474381
0.0475861
0.0477238
0.0478486
0.0479587
0.0480524
0.0481285
0.0481859
0.0482239
0.048242
0.0482398
0.0482171
0.0481738
0.0481098
0.048025
0.0479194
0.0477927
0.0476449
0.0474757
0.0472848
0.0470719
0.0468366
0.0465784
0.046297
0.0459922
0.0456635
0.0453111
0.0449348
0.0445352
0.0441127
0.0436684
0.0432034
0.0427196
0.042219
0.0417043
0.0411785
0.0406453
0.0401088
0.0395735
0.0390446
0.0385275
0.0380281
0.0375526
0.0371071
0.0366981
0.0363319
0.0360145
0.0357516
0.0355482
0.0354086
0.0353364
0.0353338
0.0354024
0.0355424
0.0357528
0.0360318
0.0363764
0.0367829
0.0372469
0.0377633
0.0383267
0.0389315
0.0395718
0.040242
0.0409364
0.0416494
0.0423758
0.0431107
0.0438494
0.0445874
0.0453208
0.0460457
0.0467587
0.0474566
0.0481364
0.0487954
0.0494309
0.0500406
0.0506222
0.0511735
0.0516925
0.0521772
0.0526256
0.0530359
0.0534061
0.0537344
0.054019
0.0542579
0.0544493
0.0545913
0.0546822
0.05472
0.0547031
0.0546298
0.0544985
0.0543079
0.0540567
0.053744
0.0533691
0.0529314
0.0524308
0.0518674
0.0512417
0.0505545
0.0498069
0.0490004
0.048137
0.0472188
0.0462486
0.0452296
0.0441653
0.0430597
0.0419174
0.0407432
0.0395428
0.0383222
0.0370879
0.0358472
0.0346077
0.0333781
0.0321673
0.0309852
0.0298424
0.0287499
0.0277196
0.0267636
0.0258944
0.0251241
0.0244644
0.0239255
0.023516
0.0232419
0.0231062
0.0231086
0.0232457
0.023511
0.0238954
0.0243882
0.0249773
0.0256506
0.0263956
0.0272007
0.0280547
0.0289476
0.0298702
0.0308145
0.0317733
0.0327402
0.0337096
0.0346768
0.0356374
0.0365878
0.0375248
0.0384453
0.039347
0.0402275
0.0410847
0.0419168
0.0427221
0.0434989
0.0442459
0.0449616
0.0456448
0.0462942
0.0469087
0.0474873
0.0480289
0.0485328
0.0489981
0.0494242
0.0498105
0.0501565
0.0504617
0.0507261
0.0509493
0.0511314
0.0512722
0.0513719
0.0514305
0.0514483
0.0514255
0.0513626
0.0512601
0.0511187
0.0509394
0.0507235
0.0504723
0.0501876
0.0498712
0.0495252
0.0491515
0.0487525
0.0483304
0.0478873
0.0474255
0.0469472
0.0464543
0.045949
0.045433
0.0449081
0.0443758
0.0438376
0.0432947
0.0427483
0.0421991
0.041648
0.0410956
0.0405422
0.0399883
0.0394341
0.0388798
0.0383256
0.0377716
0.0372181
0.0366654
0.0361138
0.035564
0.0350167
0.0344729
0.0339337
0.0334005
0.032875
0.0323592
0.0318553
0.0313658
0.0308934
0.0304412
0.0300124
0.0296104
0.0292387
0.0289009
0.0286005
0.028341
0.0281256
0.0279573
0.0278387
0.0277716
0.0277578
0.0277982
0.0278928
0.0280415
0.0282432
0.0284962
0.0287984
0.0291472
0.0295395
0.0299721
0.0304414
0.0309438
0.0314756
0.0320331
0.0326127
0.033211
0.0338245
0.0344502
0.0350851
0.0357263
0.0363712
0.0370176
0.0376629
0.0383053
0.0389426
0.0395729
0.0401945
0.0408057
0.0414047
0.0419898
0.0425595
0.043112
0.0436458
0.0441592
0.0446504
0.0451179
0.0455599
0.0459748
0.0463609
0.0467164
0.0470398
0.0473293
0.0475833
0.0478003
0.0479785
0.0481166
0.0482131
0.0482667
0.0482762
0.0482406
0.048159
0.048031
0.0478561
0.0476343
0.0473658
0.047051
0.0466905
0.0462852
0.0458362
0.0453448
0.0448125
0.0442409
0.0436319
0.0429875
0.0423099
0.0416015
0.0408649
0.0401028
0.0393181
0.038514
0.0376937
0.0368608
0.036019
0.0351723
0.0343248
0.0334811
0.0326457
0.0318236
0.0310198
0.0302396
0.0294886
0.0287723
0.0280963
0.0274664
0.0268882
0.0263669
0.0259077
0.0255152
0.0251931
0.0249448
0.0247725
0.0246775
0.0246598
0.0247188
0.0248523
0.0250576
0.0253308
0.0256675
0.0260627
0.026511
0.0270068
0.0275444
0.0281182
0.0287227
0.0293525
0.0300026
0.0306682
0.0313448
0.0320282
0.0327145
0.0334001
0.0340816
0.0347559
0.0354202
0.0360718
0.0367083
0.0373274
0.0379271
0.0385055
0.0390607
0.0395913
0.0400957
0.0405728
0.0410214
0.0414404
0.0418291
0.0421866
0.0425124
0.0428061
0.0430672
0.0432955
0.0434908
0.0436532
0.0437827
0.0438794
0.0439436
0.0439758
0.0439764
0.043946
0.0438854
0.0437955
0.0436772
0.0435317
0.0433603
0.0431643
0.0429453
0.0427049
0.0424448
0.0421667
0.0418726
0.0415643
0.0412438
0.0409131
0.0405742
0.0402292
0.0398799
0.0395284
0.0391767
0.0388264
0.0384794
0.0381375
0.0378021
0.0374747
0.0371566
0.036849
0.036553
0.0362694
0.035999
0.0357424
0.0354999
0.0352718
0.0350582
0.0348592
0.0346745
0.0345038
0.0343468
0.0342028
0.0340713
0.0339515
0.0338427
0.033744
0.0336546
0.0335735
0.0334997
0.0334323
0.0333704
0.033313
0.0332591
0.0332079
0.0331585
0.0331101
0.0330619
0.0330134
0.0329637
0.0329124
0.0328591
0.0328033
0.0327449
0.0326835
0.0326192
0.032552
0.032482
0.0324095
0.0323349
0.0322586
0.0321811
0.0321032
0.0320257
0.0319494
0.0318751
0.031804
0.0317371
0.0316754
0.0316202
0.0315725
0.0315334
0.0315042
0.0314859
0.0314796
0.0314862
0.0315066
0.0315416
0.031592
0.0316582
0.0317408
0.0318399
0.0319557
0.0320882
0.0322373
0.0324025
0.0325835
0.0327794
0.0329897
0.0332134
0.0334493
0.0336965
0.0339536
0.0342192
0.0344921
0.0347707
0.0350536
0.0353391
0.0356257
0.0359119
0.0361962
0.0364769
0.0367526
0.0370218
0.0372831
0.0375351
0.0377765
0.0380061
0.0382227
0.0384252
0.0386125
0.0387838
0.0389381
0.0390747
0.0391928
0.0392919
0.0393714
0.0394308
0.0394699
0.0394883
0.0394858
0.0394624
0.039418
0.0393527
0.0392668
0.0391604
0.039034
0.038888
0.0387229
0.0385394
0.0383383
0.0381202
0.0378861
0.0376369
0.0373737
0.0370975
0.0368095
0.0365109
0.036203
0.035887
0.0355643
0.0352362
0.0349041
0.0345694
0.0342335
0.0338977
0.0335636
0.0332323
0.0329053
0.0325839
0.0322693
0.0319628
0.0316655
0.0313785
0.0311028
0.0308395
0.0305893
0.0303532
0.0301316
0.0299253
0.0297348
0.0295604
0.0294024
0.0292611
0.0291365
0.0290287
0.0289376
0.028863
0.0288047
0.0287625
0.0287358
0.0287244
0.0287278
0.0287455
0.028777
0.0288217
0.0288791
0.0289487
0.02903
0.0291224
0.0292254
0.0293385
0.0294612
0.0295932
0.029734
0.0298831
0.0300403
0.0302052
0.0303774
0.0305568
0.0307429
0.0309355
0.0311344
0.0313394
0.0315501
0.0317663
0.0319877
0.0322141
0.0324452
0.0326806
0.03292
0.033163
0.0334092
0.0336581
0.0339093
0.0341622
0.0344161
0.0346706
0.0349249
0.0351782
0.0354299
0.0356792
0.0359251
0.0361668
0.0364034
0.0366339
0.0368573
0.0370727
0.0372789
0.037475
0.0376599
0.0378324
0.0379915
0.038136
0.0382649
0.038377
0.0384713
0.0385466
0.0386019
0.0386362
0.0386484
0.0386375
0.0386027
0.0385431
0.0384579
0.0383464
0.038208
0.038042
0.0378482
0.037626
0.0373754
0.0370961
0.0367881
0.0364515
0.0360866
0.0356936
0.035273
0.0348253
0.0343513
0.0338518
0.0333279
0.0327805
0.0322111
0.031621
0.031012
0.0303858
0.0297445
0.0290904
0.0284259
0.0277537
0.0270769
0.0263989
0.0257231
0.0250536
0.0243947
0.0237511
0.0231279
0.0225304
0.0219644
0.0214359
0.0209513
0.0205167
0.0201385
0.0198225
0.0195743
0.0193984
0.0192988
0.0192778
0.0193367
0.0194754
0.0196922
0.0199842
0.0203477
0.0207776
0.0212685
0.0218145
0.0224093
0.0230468
0.0237209
0.0244257
0.0251555
0.0259049
0.026669
0.027443
0.0282227
0.0290038
0.0297828
0.0305561
0.0313206
0.0320733
0.0328116
0.033533
0.0342353
0.0349165
0.0355746
0.0362082
0.0368159
0.0373963
0.0379486
0.038472
