
Primal Residual: 
72.7727
20.9224
7.19837
10.9911
7.34127
5.35656
4.3983
2.94851
1.84726
1.73195
1.86664
1.74684
1.42175
1.09448
0.935809
0.919838
0.904551
0.831264
0.727098
0.642322
0.59804
0.574983
0.547767
0.508354
0.461674
0.415392
0.376141
0.350756
0.345172
0.358946
0.383657
0.408532
0.42573
0.43157
0.425544
0.409018
0.384349
0.35447
0.32269
0.292442
0.266795
0.247776
0.23587
0.230143
0.229035
0.231202
0.235865
0.242614
0.250976
0.260071
0.268555
0.274844
0.277478
0.275503
0.268749
0.257983
0.244879
0.231776
0.221176
0.214996
0.213888
0.21708
0.222909
0.229581
0.235682
0.240324
0.243049
0.243654
0.242043
0.23816
0.231992
0.223632
0.213363
0.201731
0.189585
0.178048
0.168391
0.161769
0.158875
0.159665
0.163383
0.168857
0.174878
0.180456
0.184932
0.187981
0.189571
0.189899
0.189329
0.188326
0.187389
0.18699
0.18751
0.18918
0.192048
0.195975
0.200654
0.205658
0.210492
0.214647
0.217642
0.219054
0.218544
0.215869
0.210896
0.203602
0.194082
0.182553
0.169369
0.155038
0.140265
0.126002
0.113491
0.10422
0.099607
0.100375
0.10608
0.115358
0.126595
0.138397
0.149713
0.159803
0.168176
0.174539
0.178763
0.18086
0.180967
0.179325
0.176267
0.172192
0.167533
0.162724
0.158153
0.154115
0.150774
0.148139
0.146075
0.144333
0.142602
0.140563
0.137941
0.134541
0.130275
0.125182
0.119433
0.113343
0.10736
0.102049
0.098026
0.0958433
0.0958427
0.0980374
0.102107
0.107503
0.113601
0.119805
0.125615
0.130646
0.134624
0.137383
0.138854
0.139056
0.138081
0.136091
0.133297
0.129952
0.126329
0.122702
0.119322
0.116394
0.114056
0.11237
0.111316
0.110814
0.110741
0.110962
0.111351
0.111811
0.112285
0.112752
0.113226
0.113748
0.114365
0.115127
0.116063
0.117181
0.118456
0.119835
0.121239
0.122573
0.123734
0.124622
0.125148
0.12524
0.124848
0.123944
0.122524
0.120607
0.118231
0.115451
0.112334
0.108955
0.105392
0.101723
0.0980228
0.0943602
0.0907981
0.0873943
0.0842028
0.0812757
0.078665
0.0764226
0.0745991
0.0732404
0.072382
0.0720428
0.0722196
0.0728841
0.0739832
0.0754429
0.0771747
0.0790828
0.0810715
0.0830516
0.0849441
0.0866842
0.0882224
0.0895255
0.0905755
0.0913694
0.0919165
0.092237
0.092359
0.0923159
0.0921439
0.0918792
0.0915564
0.091206
0.090854
0.0905209
0.0902218
0.0899664
0.08976
0.089604
0.0894965
0.0894331
0.0894071
0.0894097
0.0894302
0.0894554
0.0894705
0.0894587
0.0894016
0.0892801
0.0890752
0.0887688
0.0883448
0.0877909
0.0870989
0.0862662
0.0852966
0.084201
0.0829977
0.0817122
0.0803768
0.0790298
0.0777136
0.0764732
0.0753538
0.0743982
0.0736443
0.0731223
0.0728527
0.0728447
0.0730951
0.0735892
0.0743017
0.0751981
0.0762375
0.0773748
0.0785624
0.0797526
0.0808992
0.0819582
0.0828895
0.0836568
0.0842291
0.0845805
0.0846908
0.0845459
0.084138
0.0834659
0.0825352
0.0813587
0.0799565
0.0783562
0.076593
0.07471
0.0727581
0.0707956
0.0688879
0.0671058
0.0655235
0.0642153
0.0632507
0.0626896
0.0625761
0.0629341
0.0637646
0.0650459
0.0667363
0.0687785
0.0711052
0.0736438
0.076321
0.0790652
0.0818093
0.0844913
0.0870557
0.0894532
0.0916414
0.0935847
0.095254
0.0966273
0.0976889
0.09843
0.098848
0.0989468
0.0987364
0.0982329
0.0974579
0.0964382
0.0952054
0.0937951
0.0922462
0.0905996
0.0888977
0.0871829
0.0854964
0.0838767
0.0823582
0.0809697
0.0797334
0.0786634
0.0777659
0.0770385
0.0764711
0.0760469
0.0757438
0.0755358
0.0753954
0.0752948
0.0752076
0.0751103
0.074983
0.0748106
0.0745827
0.0742943
0.0739453
0.0735406
0.0730894
0.0726044
0.0721013
0.0715976
0.0711116
0.070661
0.070262
0.069928
0.0696689
0.0694898
0.0693912
0.0693683
0.0694115
0.0695067
0.0696362
0.0697795
0.0699143
0.0700174
0.0700661
0.0700385
0.069915
0.069678
0.0693135
0.0688108
0.0681631
0.0673679
0.0664269
0.0653465
0.0641378
0.0628164
0.0614031
0.0599234
0.0584074
0.0568899
0.0554094
0.0540079
0.0527294
0.051618
0.0507158
0.0500604
0.0496817
0.0495994
0.0498214
0.0503427
0.0511463
0.0522051
0.0534841
0.0549435
0.0565414
0.0582355
0.0599855
0.0617539
0.0635065
0.0652133
0.0668483
0.0683898
0.06982
0.0711251
0.0722952
0.0733239
0.0742084
0.0749488
0.0755483
0.076013
0.0763512
0.0765734
0.076692
0.0767206
0.0766741
0.0765679
0.0764175
0.0762383
0.0760447
0.0758501
0.0756662
0.0755027
0.0753671
0.0752643
0.0751966
0.0751639
0.0751632
0.0751897
0.0752359
0.075293
0.0753507
0.0753976
0.0754219
0.0754113
0.075354
0.0752385
0.0750539
0.0747906
0.07444
0.0739951
0.0734501
0.072801
0.0720454
0.0711827
0.0702137
0.0691412
0.0679693
0.0667038
0.0653517
0.0639216
0.0624232
0.0608673
0.0592657
0.057631
0.0559769
0.0543174
0.0526672
0.0510414
0.0494557
0.0479256
0.0464671
0.045096
0.043828
0.0426784
0.0416619
0.0407922
0.0400818
0.0395414
0.0391798
0.039003
0.0390144
0.0392144
0.0396002
0.0401661
0.0409038
0.0418026
0.0428497
0.0440311
0.0453314
0.0467344
0.0482236
0.049782
0.0513929
0.0530392
0.0547045
0.0563723
0.0580269
0.0596528
0.0612353
0.0627601
0.064214
0.0655844
0.0668596
0.0680291
0.0690833
0.0700137
0.0708132
0.0714758
0.0719968
0.0723729
0.0726024
0.0726846
0.0726207
0.0724134
0.0720668
0.071587
0.0709818
0.0702605
0.0694343
0.068516
0.0675198
0.0664613
0.0653573
0.0642255
0.0630845
0.0619532
0.0608504
0.0597947
0.0588036
0.057893
0.057077
0.0563669
0.055771
0.0552943
0.054938
0.0547001
0.0545749
0.0545539
0.0546261
0.0547786
0.0549976
0.0552683
0.0555764
0.0559078
0.0562496
0.0565902
0.0569194
0.0572289
0.0575117
0.0577627
0.0579786
0.0581573
0.0582982
0.0584017
0.0584695
0.0585037
0.0585073
0.0584836
0.0584358
0.0583674
0.0582816
0.0581812
0.0580686
0.0579458
0.0578139
0.0576736
0.0575249
0.0573674
0.0572
0.0570213
0.0568295
0.056623
0.0563999
0.0561583
0.0558969
0.0556144
0.0553104
0.0549845
0.0546374
0.0542701
0.0538845
0.053483
0.0530688
0.0526454
0.052217
0.0517881
0.0513636
0.0509484
0.0505475
0.0501658
0.0498077
0.0494774
0.0491787
0.0489144
0.0486869
0.0484977
0.0483475
0.0482365
0.048164
0.0481285
0.0481283
0.0481611
0.0482245
0.0483156
0.0484317
0.0485701
0.0487283
0.048904
0.049095
0.0492995
0.0495161
0.0497434
0.0499806
0.0502267
0.050481
0.050743
0.0510118
0.0512867
0.0515668
0.0518509
0.0521378
0.0524258
0.0527131
0.0529974
0.0532763
0.0535473
0.0538076
0.0540541
0.054284
0.0544944
0.0546823
0.0548451
0.0549804
0.0550859
0.0551598
0.0552009
0.055208
0.055181
0.0551197
0.055025
0.0548979
0.0547403
0.0545544
0.054343
0.0541092
0.0538569
0.0535898
0.0533124
0.053029
0.0527441
0.0524624
0.0521881
0.0519257
0.0516791
0.0514518
0.051247
0.0510674
0.0509151
0.0507915
0.0506977
0.0506338
0.0505998
0.0505948
0.0506178
0.0506671
0.0507409
0.0508372
0.0509537
0.0510882
0.0512383
0.0514019
0.0515766
0.0517606
0.0519519
0.0521487
0.0523493
0.0525521
0.0527557
0.0529586
0.0531592
0.053356
0.0535473
0.0537314
0.0539064
0.0540699
0.0542198
0.0543535
0.054468
0.0545605
0.0546279
0.0546667
0.0546737
0.0546453
0.0545782
0.0544691
0.0543147
0.0541121
0.0538587
0.053552
0.0531901
0.0527718
0.0522961
0.0517628
0.0511725
0.0505263
0.0498262
0.049075
0.0482765
0.0474353
0.0465568
0.0456477
0.0447152
0.0437677
0.0428145
0.0418657
0.0409322
0.0400255
0.0391576
0.0383408
0.0375872
0.0369088
0.0363165
0.0358205
0.0354289
0.0351482
0.0349824
0.0349331
0.0349993
0.0351776
0.0354622
0.0358458
0.0363191
0.0368722
0.0374946
0.0381754
0.0389041
0.0396705
0.040465
0.041279
0.0421045
0.0429346
0.043763
0.0445846
0.0453949
0.0461901
0.0469674
0.0477242
0.0484587
0.0491694
0.0498552
0.0505155
0.0511496
0.0517571
0.0523377
0.0528912
0.0534174
0.0539158
0.0543862
0.0548281
0.0552408
0.0556236
0.0559758
0.0562962
0.0565838
0.0568372
0.0570552
0.0572364
0.0573791
0.0574819
0.0575432
0.0575615
0.0575353
0.0574631
0.0573437
0.057176
0.0569588
0.0566914
0.0563731
0.0560036
0.0555825
0.0551099
0.0545861
0.0540116
0.053387
0.0527134
0.0519921
0.0512246
0.0504129
0.0495592
0.0486659
0.047736
0.0467728
0.0457799
0.0447614
0.0437219
0.0426664
0.0416005
0.0405304
0.0394626
0.0384045
0.037364
0.0363497
0.0353707
0.0344366
0.0335575
0.0327435
0.032005
0.0313518
0.0307933
0.0303376
0.0299913
0.0297593
0.0296441
0.0296459
0.0297623
0.0299888
0.0303187
0.0307433
0.0312529
0.0318368
0.032484
0.033183
0.033923
0.0346934
0.0354842
0.0362861
0.0370908
0.0378908
0.0386792
0.0394503
0.0401989
0.0409209
0.0416128
0.0422718
0.0428958
0.0434835
0.044034
0.044547
0.0450228
0.0454622
0.0458663
0.0462365
0.0465747
0.046883
0.0471636
0.0474192
0.0476521
0.047865
0.0480605
0.0482411
0.0484093
0.0485674
0.0487174
0.0488611
0.0490002
0.0491359
0.0492691
0.0494005
0.0495303
0.0496585
0.0497846
0.049908
0.0500277
0.0501423
0.0502504
0.0503501
0.0504396
0.0505168
0.0505795
0.0506253
0.0506521
0.0506574
0.050639
0.0505947
0.0505221
0.0504194
0.0502846
0.0501159
0.0499117
0.0496708
0.0493919
0.0490742
0.0487171
0.0483202
0.0478835
0.0474072
0.0468919
0.0463385
0.0457484
0.0451232
0.0444648
0.0437756
0.0430585
0.0423165
0.0415532
0.0407726
0.039979
0.0391772
0.0383722
0.0375696
0.0367751
0.0359948
0.0352352
0.0345026
0.0338038
0.0331453
0.0325337
0.0319751
0.0314754
0.0310397
0.0306725
0.0303774
0.0301568
0.0300122
0.0299438
0.0299505
0.0300302
0.0301799
0.0303955
0.0306723
0.0310048
0.0313875
0.0318146
0.0322799
0.0327779
0.0333027
0.033849
0.0344118
0.0349864
0.0355684
0.0361539
0.0367394
0.0373215
0.0378973
0.0384643
0.0390201
0.0395625
0.0400897
0.0405999
0.0410914
0.0415629
0.0420128
0.04244
0.042843
0.0432206
0.0435718
0.0438952
0.0441898
0.0444544
0.044688
0.0448894
0.0450577
0.0451919
0.0452912
0.0453548
0.0453821
0.0453724
0.0453255
0.0452411
0.0451192
0.04496
0.044764
0.0445318
0.0442644
0.043963
0.0436292
0.0432648
0.042872
0.0424533
0.0420115
0.0415498
0.0410716
0.0405807
0.0400812
0.0395774
0.0390739
0.0385755
0.0380871
0.0376137
0.0371603
0.036732
0.0363335
0.0359695
0.0356443
0.0353618
0.0351253
0.0349375
0.0348006
0.034716
0.0346841
0.0347048
0.0347771
0.0348993
0.0350691
0.0352834
0.0355386
0.0358309
0.0361559
0.036509
0.0368856
0.0372807
0.0376896
0.0381075
0.0385299
0.0389521
0.03937
0.0397794
0.0401765
0.0405578
0.0409199
0.0412598
0.0415747
0.0418621
0.0421198
0.0423459
0.0425386
0.0426966
0.0428187
0.042904
0.0429517
0.0429616
0.0429334
0.0428673
0.0427634
0.0426224
0.0424451
0.0422323
0.0419855
0.0417059
0.0413953
0.0410556
0.0406888
0.0402972
0.0398833
0.0394496
0.0389991
0.0385347
0.0380595
0.0375768
0.0370898
0.0366022
0.0361173
0.0356387
0.0351701
0.034715
0.034277
0.0338594
0.0334655
0.0330986
0.0327614
0.0324565
0.0321864
0.0319529
0.0317576
0.0316016
0.0314856
0.0314099
0.0313741
0.0313777
0.0314195
0.0314981
0.0316116
0.0317578
0.0319345
0.0321389
0.0323685
0.0326202
0.0328912
0.0331788
0.0334799
0.0337918
0.0341119
0.0344376
0.0347664
0.0350963
0.0354249
0.0357506
0.0360715
0.0363861
0.0366931
0.0369913
0.0372797
0.0375574
0.037824
0.0380787
0.0383214
0.0385516
0.0387694
0.0389748
0.0391678
0.0393486
0.0395175
0.0396748
0.0398209
0.0399562
0.040081
0.0401958
0.0403009
0.0403968
0.0404837
0.0405619
0.0406317
0.0406932
0.0407466
0.0407918
0.0408288
0.0408576
0.0408778
0.0408893
0.0408916
0.0408845
0.0408673
0.0408398
0.0408012
0.040751
0.0406887
0.0406136
0.0405252
0.0404228
0.0403059
0.040174
0.0400265
0.0398631
0.0396833
0.0394868
0.0392734
0.0390429
0.0387952
0.0385301
0.0382479
0.0379486
0.0376324
0.0372998
0.036951
0.0365866
0.0362073
0.0358137
0.0354066
0.034987
0.0345559
0.0341144
0.0336637
0.0332054
0.0327408
0.0322717
0.0317998
0.031327
0.0308554
0.0303873
0.0299251
0.0294712
0.0290285
0.0285998
0.028188
0.0277962
0.0274278
0.0270859
0.0267739
0.026495
0.0262525
0.0260494
0.0258886
0.0257728
0.0257042
0.0256846
0.0257155
0.0257976
0.0259315
0.0261168
0.0263528
0.0266382
0.0269712
0.0273496
0.0277707
0.0282317
0.0287293
0.0292599
0.0298202
0.0304062
0.0310144
0.0316409
0.0322819
0.0329338
0.033593
0.0342558
0.0349188
0.0355787
0.0362322
0.0368762
0.0375077
0.0381239
0.0387221
0.0392996
0.039854
0.040383
0.0408844
0.0413562
0.0417965
0.0422035
0.0425756
0.0429112
