
Primal Residual: 
72.5046
21.4748
7.53962
11.2701
7.22514
5.2555
4.2981
2.76368
1.6351
1.67239
1.89845
1.77219
1.38933
1.00858
0.857637
0.879419
0.875397
0.792836
0.685924
0.622723
0.610981
0.605505
0.573356
0.514257
0.447276
0.394902
0.37079
0.374187
0.395144
0.423092
0.450083
0.470659
0.4815
0.481243
0.470149
0.449636
0.421866
0.389496
0.355529
0.323078
0.294886
0.272665
0.256662
0.245961
0.239452
0.236727
0.238204
0.244386
0.254872
0.267947
0.281004
0.291373
0.297057
0.297145
0.291957
0.282927
0.272278
0.262472
0.255497
0.252255
0.25238
0.254629
0.25756
0.260073
0.26162
0.262133
0.261784
0.260734
0.258956
0.256202
0.252091
0.246274
0.23859
0.229174
0.218501
0.207349
0.196697
0.187549
0.180731
0.17669
0.175404
0.17645
0.179186
0.18295
0.187191
0.191524
0.195707
0.199606
0.203154
0.206321
0.209105
0.211524
0.213625
0.215469
0.217124
0.218637
0.220019
0.221218
0.222111
0.222512
0.222183
0.220862
0.218295
0.214263
0.208613
0.201288
0.19235
0.182014
0.170675
0.158947
0.147692
0.138021
0.131186
0.128313
0.129997
0.136018
0.145447
0.15701
0.169437
0.18164
0.192763
0.202167
0.209416
0.214247
0.216555
0.216374
0.213866
0.209298
0.203025
0.195465
0.187074
0.178315
0.169617
0.16134
0.15373
0.146897
0.140807
0.13531
0.130183
0.125199
0.120185
0.115076
0.109962
0.105108
0.100957
0.0980835
0.0970838
0.098408
0.102197
0.108227
0.11599
0.124838
0.13411
0.143206
0.151619
0.158944
0.164878
0.169212
0.171831
0.172702
0.17187
0.169454
0.165632
0.160636
0.154741
0.148249
0.141481
0.134756
0.128377
0.12261
0.117666
0.113693
0.110765
0.108891
0.108031
0.108112
0.109052
0.11077
0.113193
0.11625
0.119868
0.12396
0.128422
0.133128
0.137933
0.142679
0.147201
0.151336
0.154934
0.157858
0.159997
0.161266
0.16161
0.161003
0.159447
0.156973
0.153637
0.149517
0.144712
0.139334
0.133506
0.127358
0.121021
0.114626
0.108309
0.102202
0.0964433
0.0911713
0.0865266
0.0826463
0.0796544
0.0776472
0.076677
0.0767384
0.0777644
0.0796335
0.0821854
0.0852407
0.0886175
0.0921441
0.095666
0.0990505
0.102187
0.10499
0.107394
0.109357
0.110856
0.111887
0.112462
0.112607
0.11236
0.111771
0.110893
0.109785
0.108508
0.107122
0.105684
0.104247
0.10286
0.10156
0.100382
0.0993505
0.0984807
0.0977811
0.0972519
0.0968855
0.096667
0.0965752
0.0965833
0.0966599
0.0967704
0.0968787
0.0969484
0.0969444
0.0968351
0.0965932
0.0961977
0.0956351
0.0949002
0.0939973
0.09294
0.091751
0.0904615
0.0891097
0.0877394
0.0863985
0.0851359
0.0839992
0.0830317
0.082269
0.0817367
0.0814476
0.081401
0.081582
0.0819634
0.0825067
0.0831656
0.0838884
0.0846213
0.0853107
0.0859058
0.0863605
0.0866345
0.0866947
0.086516
0.0860818
0.0853846
0.0844265
0.0832192
0.0817846
0.0801551
0.0783735
0.0764931
0.0745774
0.072699
0.0709385
0.069381
0.0681124
0.0672131
0.0667518
0.0667782
0.0673175
0.0683677
0.0699004
0.0718642
0.0741909
0.0768017
0.0796134
0.0825424
0.0855086
0.0884372
0.0912597
0.0939147
0.0963483
0.0985135
0.100371
0.101887
0.103037
0.103802
0.104171
0.104137
0.103705
0.102884
0.101691
0.100151
0.0982974
0.0961716
0.0938227
0.0913078
0.0886919
0.086047
0.0834513
0.080987
0.0787374
0.0767832
0.0751973
0.0740385
0.0733466
0.0731378
0.0734031
0.0741089
0.0752014
0.0766123
0.0782644
0.0800783
0.0819768
0.0838884
0.0857494
0.0875055
0.0891118
0.0905334
0.0917444
0.0927279
0.093475
0.093984
0.0942598
0.0943129
0.0941584
0.0938152
0.0933047
0.0926501
0.0918753
0.0910039
0.0900581
0.0890582
0.0880215
0.086962
0.0858896
0.0848106
0.0837268
0.0826366
0.0815349
0.0804139
0.0792637
0.0780735
0.0768317
0.0755277
0.074152
0.0726973
0.0711592
0.0695369
0.0678335
0.0660568
0.0642194
0.0623394
0.0604399
0.0585497
0.0567027
0.054937
0.0532946
0.0518192
0.0505541
0.0495392
0.0488078
0.0483833
0.0482766
0.0484845
0.0489901
0.0497642
0.0507687
0.0519595
0.05329
0.0547141
0.0561882
0.057673
0.0591341
0.0605428
0.0618765
0.0631181
0.0642567
0.0652867
0.0662081
0.0670258
0.0677492
0.0683921
0.0689713
0.0695068
0.0700201
0.0705339
0.0710707
0.0716517
0.0722957
0.0730182
0.0738302
0.0747381
0.0757425
0.0768389
0.0780171
0.0792625
0.0805559
0.081875
0.0831949
0.084489
0.08573
0.0868906
0.0879442
0.0888654
0.0896306
0.0902184
0.0906099
0.0907891
0.0907426
0.0904605
0.0899359
0.0891655
0.0881493
0.0868912
0.0853991
0.0836844
0.0817628
0.0796539
0.0773812
0.0749726
0.0724598
0.0698791
0.067271
0.0646799
0.0621542
0.059745
0.0575053
0.0554875
0.0537413
0.0523099
0.0512265
0.0505104
0.0501653
0.0501777
0.0505188
0.0511474
0.0520137
0.053064
0.054244
0.0555024
0.0567921
0.0580721
0.0593075
0.0604699
0.0615371
0.0624928
0.0633262
0.0640314
0.0646072
0.0650566
0.0653861
0.0656054
0.0657268
0.065765
0.0657361
0.0656573
0.0655463
0.0654206
0.0652968
0.0651901
0.0651138
0.0650784
0.0650918
0.0651585
0.0652798
0.0654537
0.065675
0.065936
0.0662265
0.0665344
0.0668467
0.0671493
0.0674281
0.0676693
0.0678599
0.067988
0.0680433
0.068017
0.0679024
0.0676949
0.0673921
0.066994
0.0665027
0.0659228
0.065261
0.0645264
0.06373
0.0628848
0.0620056
0.0611084
0.0602106
0.0593304
0.0584862
0.0576961
0.0569779
0.0563476
0.0558197
0.0554058
0.0551149
0.0549525
0.0549208
0.0550183
0.0552405
0.0555796
0.0560258
0.056567
0.0571899
0.0578805
0.0586245
0.0594076
0.0602161
0.0610371
0.0618583
0.0626685
0.0634576
0.0642163
0.0649362
0.0656099
0.0662307
0.0667925
0.0672898
0.0677177
0.0680717
0.0683478
0.0685421
0.0686514
0.0686727
0.0686035
0.0684417
0.0681859
0.067835
0.067389
0.0668484
0.0662147
0.0654907
0.06468
0.0637877
0.0628204
0.0617859
0.0606939
0.0595557
0.0583842
0.0571943
0.0560022
0.0548261
0.0536852
0.0525999
0.051591
0.0506794
0.0498853
0.049227
0.0487204
0.048378
0.0482081
0.0482142
0.0483948
0.0487433
0.0492489
0.0498968
0.0506692
0.0515464
0.0525073
0.0535307
0.0545957
0.0556823
0.0567717
0.0578468
0.0588922
0.0598944
0.0608417
0.0617241
0.0625337
0.063264
0.0639103
0.0644691
0.0649384
0.0653174
0.0656063
0.0658062
0.065919
0.0659472
0.0658936
0.0657616
0.0655547
0.0652765
0.0649305
0.0645203
0.0640491
0.06352
0.062936
0.0622995
0.0616128
0.0608781
0.060097
0.0592715
0.058403
0.0574932
0.0565441
0.0555575
0.0545359
0.0534821
0.0523997
0.0512928
0.0501664
0.0490267
0.0478806
0.0467364
0.0456036
0.0444928
0.043416
0.0423864
0.0414181
0.0405261
0.0397258
0.0390327
0.0384615
0.038026
0.0377375
0.0376051
0.0376345
0.0378276
0.0381827
0.0386946
0.0393546
0.0401515
0.0410719
0.0421011
0.0432234
0.0444233
0.045685
0.0469936
0.0483346
0.0496945
0.0510607
0.0524216
0.0537665
0.0550854
0.0563694
0.0576102
0.0588005
0.0599335
0.061003
0.0620035
0.0629301
0.0637782
0.0645438
0.0652235
0.0658141
0.066313
0.0667177
0.0670264
0.0672373
0.0673493
0.0673614
0.0672731
0.0670843
0.0667955
0.0664076
0.0659223
0.0653417
0.0646688
0.0639072
0.0630612
0.0621358
0.0611367
0.0600705
0.0589444
0.0577664
0.0565453
0.0552905
0.054012
0.0527204
0.0514266
0.050142
0.0488782
0.0476466
0.0464587
0.0453255
0.0442574
0.0432641
0.042354
0.0415345
0.0408113
0.0401886
0.0396686
0.0392518
0.0389371
0.0387215
0.0386007
0.0385689
0.0386197
0.0387457
0.0389393
0.0391927
0.0394981
0.0398484
0.0402363
0.0406557
0.0411005
0.0415656
0.0420464
0.0425386
0.0430388
0.0435439
0.044051
0.0445577
0.0450617
0.0455612
0.046054
0.0465384
0.0470126
0.0474747
0.0479231
0.0483558
0.0487711
0.0491673
0.0495427
0.0498956
0.0502246
0.0505284
0.0508058
0.0510559
0.0512781
0.0514723
0.0516383
0.0517769
0.0518887
0.0519752
0.0520381
0.0520794
0.0521019
0.0521083
0.052102
0.0520865
0.0520654
0.0520426
0.0520219
0.0520072
0.0520019
0.0520095
0.0520328
0.0520742
0.0521357
0.0522185
0.0523231
0.0524494
0.0525964
0.0527627
0.0529458
0.0531429
0.0533504
0.0535644
0.0537804
0.0539938
0.0541996
0.0543928
0.0545684
0.0547214
0.0548469
0.0549404
0.0549975
0.0550143
0.0549871
0.0549129
0.0547889
0.054613
0.0543835
0.0540993
0.0537595
0.0533642
0.0529137
0.0524089
0.0518513
0.0512426
0.0505853
0.0498822
0.0491367
0.0483525
0.0475338
0.0466854
0.0458124
0.0449202
0.0440148
0.0431025
0.0421902
0.0412849
0.0403941
0.0395255
0.0386874
0.0378877
0.037135
0.0364374
0.035803
0.0352396
0.0347542
0.0343534
0.0340424
0.0338255
0.0337054
0.0336835
0.0337595
0.0339317
0.0341968
0.0345503
0.0349864
0.0354986
0.0360795
0.0367212
0.0374157
0.0381548
0.0389302
0.0397341
0.0405585
0.0413962
0.0422401
0.0430834
0.04392
0.044744
0.0455501
0.0463332
0.0470887
0.0478126
0.0485009
0.0491503
0.0497576
0.0503202
0.0508356
0.0513019
0.0517171
0.05208
0.0523892
0.052644
0.0528437
0.0529881
0.053077
0.0531106
0.0530894
0.0530141
0.0528857
0.0527055
0.0524748
0.0521955
0.0518697
0.0514995
0.0510876
0.0506369
0.0501505
0.0496319
0.0490848
0.0485132
0.0479214
0.0473139
0.0466956
0.0460713
0.0454464
0.044826
0.0442157
0.0436209
0.043047
0.0424995
0.0419835
0.0415038
0.0410652
0.0406716
0.0403266
0.040033
0.0397931
0.0396081
0.0394787
0.0394046
0.0393847
0.0394171
0.0394991
0.0396274
0.0397983
0.0400074
0.0402499
0.0405211
0.0408158
0.0411289
0.0414553
0.0417902
0.0421287
0.0424664
0.042799
0.0431225
0.0434334
0.0437284
0.0440047
0.0442598
0.0444913
0.0446976
0.0448771
0.0450287
0.0451515
0.0452449
0.0453087
0.0453428
0.0453474
0.045323
0.0452702
0.0451898
0.0450829
0.0449507
0.0447944
0.0446155
0.0444158
0.0441967
0.0439603
0.0437084
0.043443
0.0431661
0.04288
0.0425869
0.0422889
0.0419883
0.0416876
0.0413888
0.0410944
0.0408066
0.0405276
0.0402596
0.0400046
0.0397645
0.0395412
0.0393363
0.0391512
0.0389874
0.0388457
0.0387271
0.0386321
0.038561
0.0385138
0.0384904
0.0384903
0.0385126
0.0385565
0.0386207
0.0387038
0.0388042
0.0389201
0.0390497
0.0391909
0.0393417
0.0395
0.0396636
0.0398304
0.0399984
0.0401655
0.0403299
0.0404896
0.0406431
0.0407889
0.0409255
0.0410518
0.0411668
0.0412698
0.0413602
0.0414377
0.0415021
0.0415535
0.0415923
0.041619
0.0416345
0.0416395
0.0416355
0.0416236
0.0416055
0.0415828
0.0415573
0.0415309
0.0415055
0.0414833
0.0414662
0.0414561
0.0414551
0.0414649
0.0414872
0.0415234
0.0415749
0.0416427
0.0417275
0.0418298
0.0419497
0.0420871
0.0422413
0.0424115
0.0425966
0.0427949
0.0430049
0.0432242
0.0434507
0.0436819
0.0439149
0.0441469
0.0443751
0.0445962
0.0448073
0.0450052
0.0451869
0.0453492
0.0454893
0.0456041
0.0456911
0.0457475
0.045771
0.0457591
0.0457099
0.0456214
0.045492
0.0453202
0.0451048
0.0448449
0.0445397
0.0441887
0.0437918
0.0433491
0.0428607
0.0423274
0.04175
0.0411297
0.0404677
0.039766
0.0390264
0.0382514
0.0374435
0.0366058
0.0357416
0.0348546
0.0339491
0.0330295
0.032101
0.0311692
0.0302403
0.029321
0.0284188
0.0275419
0.026699
0.0258997
0.025154
0.0244725
0.0238659
0.023345
0.0229199
0.0225999
0.0223924
0.0223033
0.0223355
0.0224897
0.0227636
0.0231524
0.0236494
0.0242459
0.0249322
0.0256981
0.0265329
0.0274262
0.0283678
0.029348
0.0303578
0.0313888
0.032433
0.0334833
0.034533
0.035576
0.0366067
0.0376198
0.0386108
0.0395752
0.040509
0.0414085
0.0422706
0.043092
0.0438702
0.0446026
0.045287
0.0459216
0.0465046
0.0470346
0.0475104
0.0479311
0.0482958
0.0486039
0.0488549
0.0490487
0.0491847
0.049263
0.0492831
0.0492452
0.0491491
0.0489953
0.0487845
0.0485178
0.0481968
0.0478234
0.0473997
0.0469279
0.0464106
0.0458503
0.0452496
0.0446113
0.043938
0.0432326
0.0424981
0.0417374
0.0409535
0.0401497
0.0393292
0.0384955
0.037652
0.0368026
0.0359512
0.0351019
0.034259
0.033427
0.0326105
0.0318143
0.0310435
0.030303
0.029598
0.0289333
0.028314
0.0277446
0.0272294
0.0267721
0.0263759
0.0260432
0.0257756
0.0255737
0.0254374
0.0253656
0.0253563
0.0254069
0.0255139
0.0256735
0.0258815
0.0261334
0.0264244
0.02675
0.0271055
0.0274865
0.0278886
0.0283078
0.0287404
0.0291829
0.029632
0.0300849
0.030539
0.030992
0.0314419
0.0318869
0.0323255
0.0327565
0.0331786
0.0335911
0.0339933
0.0343845
0.0347645
0.0351329
0.0354896
0.0358347
0.0361682
0.0364904
0.0368015
0.0371019
0.037392
0.0376724
0.0379435
0.0382059
0.0384601
0.0387066
0.038946
0.0391786
0.0394048
0.0396248
0.0398387
0.0400467
0.0402485
0.040444
0.0406327
0.0408142
0.0409878
0.0411528
0.0413083
0.0414533
0.0415868
0.0417076
0.0418146
0.0419063
0.0419817
0.0420394
0.042078
0.0420965
0.0420934
0.0420677
0.0420182
0.0419441
0.0418442
0.041718
0.0415647
0.0413837
0.0411748
0.0409376
0.0406721
0.0403785
0.0400568
0.0397077
0.0393317
0.0389297
0.0385027
0.038052
0.0375789
0.0370851
0.0365727
0.0360436
0.0355004
0.0349456
0.0343822
0.0338132
0.033242
0.0326723
0.0321079
0.0315527
0.031011
0.0304871
0.0299854
0.0295103
0.0290663
0.0286575
0.0282881
0.0279619
0.0276821
0.0274516
0.0272727
0.0271469
0.0270753
0.0270578
0.0270939
0.0271822
0.0273206
0.0275064
0.0277364
0.0280069
0.0283137
0.0286528
0.0290195
0.0294093
0.0298178
0.0302405
0.0306731
0.0311114
0.0315514
0.0319894
0.032422
0.0328457
0.0332576
0.0336548
0.034035
0.0343957
0.034735
0.035051
0.0353421
0.035607
0.0358446
0.036054
0.0362344
0.0363853
0.0365065
0.0365978
0.0366594
0.0366916
0.0366948
0.0366697
0.0366172
0.0365383
0.0364342
0.0363063
0.0361563
0.0359857
0.0357966
0.035591
0.0353709
0.0351389
0.0348973
0.0346486
0.0343954
0.0341406
0.0338867
0.0336366
0.033393
0.0331587
0.0329361
0.032728
0.0325366
0.0323642
0.0322128
0.0320842
0.0319799
0.031901
0.0318484
0.0318228
0.0318242
0.0318527
0.0319078
0.0319886
0.0320941
0.0322229
0.0323734
0.0325438
0.0327321
0.0329359
0.0331532
0.0333814
0.0336181
0.0338608
0.0341071
0.0343545
0.0346005
0.034843
0.0350794
0.0353078
0.0355261
0.0357323
0.0359246
0.0361013
0.0362609
0.0364019
0.0365231
0.0366233
0.0367016
0.0367571
0.0367891
0.0367971
0.0367807
0.0367396
0.0366737
0.036583
0.0364677
0.036328
0.0361644
0.0359774
0.0357676
0.035536
0.0352832
0.0350104
0.0347186
0.034409
0.0340829
0.0337416
0.0333866
0.0330194
0.0326416
0.0322549
0.0318609
0.0314615
0.0310585
0.0306538
0.0302493
0.0298469
0.0294487
0.0290565
0.0286723
0.0282982
0.0279359
0.0275875
0.0272547
0.0269392
0.0266428
0.0263668
0.0261127
0.0258818
0.0256751
0.0254935
0.0253377
0.0252082
0.0251055
0.0250294
0.0249802
0.0249574
0.0249606
0.0249894
0.0250429
0.0251204
0.0252209
0.0253435
0.025487
0.0256503
0.0258324
0.0260321
0.0262481
0.0264795
0.0267252
0.026984
0.0272549
0.0275371
0.0278295
0.0281313
0.0284415
0.0287595
0.0290844
0.0294154
0.0297519
0.0300931
0.0304384
0.0307869
0.0311381
0.0314912
0.0318454
0.0322001
0.0325544
0.0329076
0.0332588
0.0336071
0.0339516
0.0342914
0.0346255
0.0349529
0.0352725
0.0355831
0.0358838
0.0361733
0.0364504
0.0367139
0.0369626
0.0371953
0.0374107
0.0376074
0.0377844
0.0379402
0.0380735
0.0381831
0.0382678
0.0383261
0.0383569
0.0383589
0.038331
0.038272
0.0381808
0.0380566
0.0378985
0.0377059
0.0374781
0.0372148
0.0369156
0.0365806
0.0362096
0.0358028
0.0353606
0.0348834
0.0343718
0.0338264
0.0332482
0.0326381
0.0319974
0.0313272
0.0306293
0.0299051
0.0291566
0.028386
0.0275955
0.026788
0.0259662
0.0251336
0.0242939
0.0234512
0.0226105
0.0217769
0.0209566
0.0201561
0.0193832
0.0186461
0.0179541
0.017317
0.0167454
0.0162498
0.0158408
0.0155279
0.0153193
0.0152205
0.0152346
0.0153613
0.0155973
0.0159365
0.0163705
0.0168897
0.0174834
0.0181411
0.0188524
0.0196074
0.0203972
0.0212134
0.0220487
0.0228963
0.0237505
0.0246059
0.0254578
0.0263021
0.0271351
0.0279534
0.0287542
0.0295347
0.0302927
0.0310261
0.0317331
0.0324119
0.0330613
0.0336799
0.0342668
0.0348211
0.0353422
0.0358294
0.0362826
0.0367014
0.0370857
0.0374357
