
Dual Residual: 
2525.62
4628.98
193.087
94.3256
45.7523
48.4069
42.1158
31.9074
23.9301
18.497
16.5401
16.3655
15.6608
14.5103
14.1619
13.7208
12.8609
12.3296
12.2989
12.2156
11.5662
10.3276
9.0299
8.50116
9.03246
9.96134
10.4871
10.2129
9.14232
7.57547
5.84879
4.70985
4.61722
5.06176
5.40223
5.3597
4.94966
4.37923
3.99217
4.08832
4.61813
5.26838
5.77803
6.04358
6.10922
6.12585
6.26378
6.59192
7.02701
7.40789
7.60283
7.56976
7.36576
7.1171
6.95231
6.92142
6.96314
6.96259
6.79427
6.41124
5.86897
5.28663
4.79523
4.46236
4.24192
4.01229
3.66605
3.17197
2.60162
2.14673
2.05886
2.35925
2.80159
3.18969
3.46291
3.65844
3.86347
4.1534
4.53897
4.96549
5.35633
5.6558
5.84911
5.96057
6.03545
6.11259
6.20173
6.27954
6.3062
6.24905
6.09936
5.87549
5.61273
5.34443
5.08351
4.79935
4.48058
4.09669
3.64044
3.1319
2.6157
2.14834
1.77551
1.50701
1.31588
1.18281
1.15004
1.29997
1.6412
2.0965
2.58283
3.04356
3.45036
3.79936
4.1036
4.38169
4.646
4.89584
5.1188
5.29832
5.42232
5.48842
5.50368
5.47981
5.42642
5.34596
5.23327
5.07958
4.87847
4.63052
4.34412
4.03238
3.70751
3.37556
3.03468
2.6781
2.30087
1.90734
1.51847
1.18112
0.97775
0.986241
1.17402
1.44674
1.74929
2.06373
2.38607
2.71345
3.03628
3.34296
3.62252
3.86764
4.0759
4.24895
4.38996
4.50099
4.58148
4.62841
4.63809
4.60821
4.53924
4.43438
4.29817
4.13469
3.94618
3.73292
3.49451
3.23171
2.94808
2.65065
2.34934
2.05593
1.78334
1.54658
1.3654
1.26536
1.26909
1.37869
1.57163
1.8162
2.08498
2.35856
2.62479
2.87692
3.1116
3.32692
3.52102
3.69135
3.83485
3.94862
4.03066
4.0802
4.09764
4.04644
3.97222
3.87811
3.76454
3.63115
3.47584
3.2961
3.09018
2.85849
2.60421
2.33225
2.04771
1.75482
1.45738
1.16062
0.875786
0.632004
0.504055
0.576096
0.790162
1.05606
1.33547
1.61405
1.88518
2.1447
2.38921
2.61557
2.82098
3.00323
3.16077
3.29264
3.39828
3.47722
3.529
3.55318
3.54946
3.51792
3.45908
3.3739
3.26362
3.12957
2.97306
2.79536
2.59782
2.38206
2.15012
1.9045
1.64817
1.38455
1.11784
0.854371
0.607403
0.415939
0.379894
0.529506
0.757258
1.00513
1.25489
1.4994
1.73271
1.95202
2.15536
2.34102
2.50746
2.65323
2.77706
2.87796
2.95525
3.00857
3.0378
3.04307
3.02462
2.98287
2.91835
2.83178
2.72413
2.59662
2.45076
2.2883
2.11123
1.92177
1.72251
1.51666
1.30856
1.1046
0.915135
0.75782
0.66053
0.651758
0.732656
0.87487
1.04893
1.23608
1.42554
1.61077
1.78742
1.95236
2.10322
2.23814
2.35569
2.45475
2.53445
2.59413
2.63331
2.65169
2.64916
2.6063
2.54573
2.47173
2.38472
2.28537
2.17312
2.04665
1.90457
1.74657
1.57416
1.39042
1.19928
1.00479
0.811345
0.625337
0.460693
0.353147
0.360244
0.475826
0.640684
0.821206
1.0037
1.18175
1.35176
1.51144
1.65915
1.79358
1.9136
2.01821
2.10655
2.17792
2.23179
2.26782
2.28585
2.28586
2.26797
2.23245
2.17967
2.11037
2.02569
1.92621
1.8129
1.68692
1.54956
1.40229
1.24678
1.08497
0.919393
0.753627
0.593665
0.451507
0.353649
0.341494
0.420502
0.549423
0.697121
0.849494
0.999925
1.14474
1.28153
1.40857
1.52447
1.62816
1.71874
1.79549
1.85787
1.90546
1.93797
1.95527
1.95736
1.94436
1.91654
1.87431
1.81818
1.74883
1.66706
1.5738
1.47013
1.35734
1.23692
1.11064
0.98075
0.850225
0.723348
0.606814
0.51151
0.45351
0.448154
0.496029
0.581882
0.688695
0.804803
0.923156
1.0394
1.15065
1.25487
1.35052
1.4364
1.5044
1.56404
1.61503
1.65578
1.685
1.70142
1.70404
1.69238
1.66654
1.62719
1.57528
1.51169
1.43713
1.35214
1.2573
1.15338
1.04076
0.920809
0.795054
0.664905
0.531829
0.397881
0.267483
0.156765
0.134769
0.227359
0.350997
0.479082
0.605358
0.727273
0.843268
0.952162
1.05298
1.1449
1.22722
1.29935
1.36079
1.41114
1.45008
1.47741
1.49302
1.49689
1.48909
1.4698
1.43931
1.39797
1.34624
1.28467
1.21389
1.13464
1.04773
0.954103
0.854834
0.751198
0.644786
0.537787
0.43364
0.338701
0.266066
0.238434
0.269292
0.341289
0.431899
0.528875
0.62636
0.72123
0.811554
0.895988
0.973513
1.04332
1.10476
1.15729
1.2005
1.23408
1.2578
1.27154
1.27525
1.269
1.25294
1.22728
1.19236
1.14858
1.09643
1.03649
0.969456
0.896103
0.817351
0.734293
0.648281
0.561094
0.475281
0.394867
0.32668
0.281792
0.272719
0.30216
0.359384
0.43158
0.510236
0.590432
0.66923
0.744723
0.815564
0.880739
0.939449
0.991058
1.03505
1.07101
1.09864
1.11771
1.12807
1.12967
1.12253
1.10674
1.08248
1.04998
1.00955
0.961568
0.906459
0.844717
0.776888
0.703571
0.625416
0.543128
0.457484
0.369375
0.279949
0.19117
0.10902
0.0690059
0.12245
0.204599
0.290056
0.374324
0.45577
0.533418
0.606528
0.674479
0.736734
0.792824
0.842346
0.884957
0.920378
0.948395
0.968856
0.981676
0.986834
0.984375
0.974408
0.957109
0.932718
0.901539
0.863942
0.820364
0.771311
0.717369
0.659217
0.597651
0.533636
0.468403
0.403625
0.341777
0.286787
0.244904
0.224404
0.230921
0.26157
0.307895
0.362322
0.419955
0.477822
0.534045
0.58735
0.636814
0.681738
0.721572
0.755883
0.784333
0.806661
0.822683
0.832284
0.835413
0.832084
0.822373
0.806418
0.784414
0.75662
0.723352
0.68499
0.641982
0.594852
0.544215
0.490815
0.435578
0.379727
0.325008
0.274107
0.231358
0.203301
0.196888
0.213849
0.248658
0.293896
0.344115
0.395946
0.447309
0.496835
0.543557
0.586751
0.62585
0.6604
0.690038
0.714473
0.733479
0.746894
0.754609
0.756572
0.752784
0.743294
0.728202
0.707654
0.681843
0.651003
0.615408
0.575373
0.531247
0.483414
0.432291
0.378327
0.322011
0.263889
0.204619
0.145171
0.0878444
0.0449344
0.0629668
0.115326
0.17189
0.228076
0.282581
0.334709
0.383954
0.429899
0.472183
0.510493
0.544558
0.574148
0.599074
0.619192
0.634398
0.644632
0.649878
0.650166
0.645569
0.636203
0.622233
0.603868
0.581365
0.555031
0.525226
0.492375
0.456975
0.419619
0.381033
0.342132
0.304117
0.268619
0.23787
0.214758
0.202374
0.202711
0.215326
0.237582
0.266177
0.298273
0.331768
0.365174
0.397423
0.427734
0.455512
0.480301
0.50174
0.519552
0.533522
0.543495
0.549367
0.551082
0.548629
0.542043
0.531401
0.516819
0.498458
0.476518
0.451243
0.422922
0.391898
0.358577
0.323452
0.287143
0.250479
0.214645
0.181472
0.153892
0.136244
0.132943
0.14486
0.168312
0.198532
0.232026
0.266614
0.30094
0.334102
0.365461
0.394538
0.420953
0.444406
0.46465
0.481492
0.494778
0.504397
0.510274
0.512372
0.510687
0.50525
0.496124
0.483405
0.46722
0.447723
0.425101
0.399567
0.371363
0.340759
0.308061
0.273612
0.237816
0.201172
0.164371
0.128546
0.0960059
0.0722674
0.0675414
0.0845778
0.113214
0.145887
0.17944
0.212473
0.244231
0.274226
0.302104
0.327588
0.350457
0.37053
0.387665
0.401751
0.412712
0.420502
0.425107
0.426546
0.424867
0.420151
0.412512
0.402098
0.389092
0.373714
0.356226
0.336938
0.316217
0.294502
0.272321
0.250321
0.229301
0.210243
0.194305
0.182737
0.176638
0.176603
0.18246
0.193332
0.20796
0.225051
0.243468
0.262289
0.280785
0.298388
0.314648
0.329213
0.3418
0.352191
0.360212
0.365735
0.368671
0.368963
0.366591
0.361561
0.353911
0.343707
0.331043
0.316041
0.298849
0.279648
0.258651
0.236111
0.212336
0.187715
0.16277
0.138258
0.115388
0.0961933
0.0838987
0.0819795
0.0910365
0.108034
0.129412
0.152778
0.176725
0.200402
0.223254
0.244884
0.264992
0.283342
0.299741
0.314035
0.326097
0.33583
0.343163
0.348047
0.350458
0.350396
0.347882
0.34296
0.335696
0.326178
0.314515
0.300838
0.2853
0.26808
0.249381
0.229441
0.208537
0.187006
0.165277
0.143921
0.123757
0.10601
0.0924699
0.0853213
0.086067
0.094201
0.107604
0.124043
0.141886
0.160073
0.177913
0.194941
0.210825
0.225319
0.23824
0.249448
0.258837
0.266334
0.271894
0.275495
0.277142
0.276863
0.274712
0.270764
0.265124
0.257919
0.249307
0.239477
0.228651
0.217095
0.205119
0.193089
0.181433
0.170641
0.161256
0.15384
0.148905
0.146819
0.147715
0.151449
0.157642
0.165766
0.175247
0.185534
0.196134
0.206629
0.216665
0.225952
0.234248
0.241358
0.247122
0.251416
0.254141
0.255226
0.254622
0.252305
0.248269
0.242528
0.235115
0.226082
0.215497
0.203445
0.190028
0.175369
0.159608
0.142912
0.125487
0.107594
0.0896117
0.0721529
0.0563906
0.0447612
0.0412693
0.0477349
0.0608602
0.0769958
0.0942222
0.111615
0.128672
0.145078
0.160611
0.175097
0.188399
0.200404
0.211017
0.220162
0.22778
0.233826
0.238272
0.241104
0.242324
0.24195
0.240012
0.236557
0.231648
0.225363
0.217795
0.209053
0.199268
0.188585
0.177178
0.165245
0.153021
0.140785
0.128876
0.117705
0.107766
0.0996265
0.093867
0.0909527
0.0910695
0.0940311
0.0993405
0.106357
0.114449
0.123075
0.131802
0.140291
0.148286
0.155586
0.162043
0.167542
0.172001
0.175367
0.177605
0.178707
0.178682
0.177559
0.175388
0.172237
0.168197
0.163379
0.157918
0.151975
0.145737
0.139424
0.133282
0.127586
0.122629
0.118701
0.116062
0.114908
0.115331
0.117309
0.120703
0.12529
0.130799
0.13694
0.143434
0.150022
0.156475
0.162593
0.168205
0.173164
0.177347
0.180652
0.182997
0.184316
0.184559
0.18369
0.181691
0.178552
0.174278
0.168887
0.162405
0.154871
0.146333
0.136849
0.126484
0.115313
0.103419
0.0908932
0.0778366
0.0643649
0.0506217
0.0368235
0.0234658
0.0127525
0.0140062
0.0253719
0.0385529
0.0519061
0.0650237
0.0777174
0.0898625
0.101361
0.112129
0.122095
0.131197
0.139382
0.146605
0.152831
0.158036
0.162203
0.165325
0.167406
0.168459
0.168507
0.167584
0.165732
0.163007
0.159473
0.155206
0.150291
0.144829
0.13893
0.132719
0.126337
0.119936
0.113686
0.107769
0.102376
0.0976968
0.0939066
0.0911449
0.0894944
0.0889649
0.0894882
0.090928
0.0931011
0.0958016
0.0988223
0.10197
0.105071
0.107981
0.110576
0.11276
0.114456
0.115609
0.116183
0.116158
0.115532
0.114319
0.112549
0.110269
0.107541
0.104447
0.101088
0.0975817
0.0940696
0.0907104
0.0876789
0.0851574
0.0833225
0.0823264
0.0822769
0.0832199
0.0851328
0.0879299
0.0914775
0.0956138
0.100166
0.104965
0.109851
0.11468
0.119321
0.123663
0.127606
0.131065
0.133969
0.136255
0.137874
0.138786
0.138961
0.138377
0.137022
0.134891
0.131986
0.128321
0.123911
0.118783
0.112967
0.1065
0.0994272
0.0917958
0.0836602
0.0750799
0.0661203
0.0568549
0.0473689
0.0377723
0.0282373
0.0191449
0.0118263
0.0108399
0.0171551
0.0256911
0.0346388
0.0435284
0.0521741
0.0604714
0.0683474
0.0757452
0.0826185
0.0889293
0.0946466
0.0997462
0.10421
0.108028
0.111195
0.113713
0.115591
0.116844
0.117495
0.117571
0.117107
0.116145
0.114733
0.112923
0.110775
0.108354
0.105728
0.102969
0.100154
0.0973572
0.0946547
0.092117
0.0898079
0.0877806
0.0860744
0.0847115
0.0836955
0.083011
0.0826244
0.0824871
0.0825391
0.0827133
0.0829396
0.0831488
0.0832753
0.0832598
0.0830506
0.0826051
0.0818899
0.0808819
0.0795684
0.0779478
0.0760296
0.0738354
0.0714
0.068772
0.066016
0.0632135
0.060465
0.0578895
0.0556231
0.053812
0.0526003
0.0521108
0.0524248
0.0535661
0.0554974
0.0581307
0.0613448
0.0650046
0.068975
0.0731293
0.0773532
0.0815456
0.0856177
0.0894925
0.0931029
0.0963908
0.0993064
0.101807
0.103858
0.105428
0.106495
0.107042
0.107057
0.106532
0.105467
0.103865
0.101736
0.0990914
0.0959509
0.0923366
0.0882757
0.0837998
0.078945
0.0737523
0.0682683
0.062546
0.056647
0.0506452
0.0446334
0.0387358
0.0331308
0.0280906
0.0240355
0.0215419
0.0211254
0.0228108
0.0260785
0.0302928
0.0349802
0.0398414
0.0446918
0.0494133
0.0539272
0.0581789
0.06213
0.0657533
0.0690307
0.0719512
0.07451
0.0767081
0.0785511
0.0800496
0.0812183
0.082076
0.0826449
0.0829504
0.0830206
0.0828856
0.0825769
0.082127
0.0815681
0.0809314
0.0802465
0.0795399
0.0788343
0.0781478
0.0774934
0.076878
0.0763026
0.0757624
0.0752469
0.0747406
0.074224
0.0736744
0.0730672
0.0723766
0.071577
0.0706438
0.0695542
0.0682881
0.0668287
0.0651632
0.063283
0.0611848
0.0588707
0.056349
0.0536353
0.0507535
0.0477378
0.0446347
0.041507
0.038438
0.0355369
0.0329439
0.0308294
0.0293807
0.0287672
0.0290907
0.0303474
0.0324335
0.0351868
0.0384325
0.0420121
0.0457926
0.0496658
0.0535446
0.0573575
0.0610457
0.0645597
0.0678575
0.0709034
0.0736669
0.0761221
0.0782473
0.0800248
0.0814404
0.0824837
0.0831478
0.0834288
0.0833265
0.0828438
0.0819865
0.080764
0.0791882
0.0772743
0.0750402
0.0725069
0.069698
0.0666404
0.0633635
0.0599006
0.0562882
0.0525676
0.048785
0.0449939
0.0412564
0.0376466
0.0342542
0.0311872
0.0285727
0.0265493
0.025245
0.024741
0.0250373
0.0260474
0.0276273
0.0296175
0.0318733
0.0342768
0.0367378
0.0391892
0.0415826
0.0438833
0.0460675
0.0481196
0.0500305
0.0517962
0.0534168
0.0548957
0.0562387
0.0574535
0.0585494
0.0595361
0.0604237
0.061222
0.0619401
0.0625858
0.0631656
0.0636839
0.0641434
0.0645443
0.0648848
0.0651607
0.0653661
0.0654928
0.0655314
0.0654713
0.0653006
0.0650071
0.0645786
0.0640029
0.0632682
0.0623637
0.0612798
0.0600082
0.0585423
0.0568773
0.0550104
0.0529412
0.0506715
0.0482058
0.0455516
0.0427194
0.0397235
0.036583
0.0333229
0.0299765
0.0265904
0.0232318
0.0200043
0.0170739
0.0147077
0.0132853
0.0131651
0.0143979
0.0166796
0.0196229
0.0229369
0.0264365
0.0300048
0.0335645
0.0370607
0.040452
0.0437058
0.0467948
0.0496964
0.0523913
0.0548629
0.0570973
0.0590828
0.0608102
0.0622722
0.0634638
0.0643818
0.0650254
0.0653956
0.0654952
0.0653291
0.064904
0.0642283
0.0633122
0.0621675
0.0608075
0.0592471
0.0575025
0.0555915
0.0535331
0.0513474
0.0490563
0.0466827
0.0442513
0.0417882
0.0393217
0.0368824
0.0345035
0.0322216
0.0300768
0.0281126
0.0263756
0.0249126
0.0237675
0.0229749
0.0225541
0.0225043
0.0228035
0.0234131
0.0242843
0.0253658
0.0266091
0.0279716
0.029418
0.0309197
0.0324541
0.0340037
0.0355549
0.0370971
0.0386218
0.0401218
0.0415911
0.043024
0.0444149
0.0457581
0.0470477
0.0482771
0.0494396
0.0505277
0.0515335
0.0524486
0.0532645
0.0539723
0.0545631
0.055028
0.0553582
0.0555453
0.0555814
0.055459
0.0551716
0.0547133
0.054079
0.053265
0.0522683
0.0510874
0.0497217
0.048172
0.0464404
0.0445303
0.0424462
0.0401943
0.0377818
0.0352171
0.0325102
0.0296723
0.0267161
0.0236558
0.0205081
0.0172931
0.0140375
0.0107843
0.00762423
0.00484414
0.0035794
0.00512166
0.00795912
0.0111065
0.014319
0.017515
0.020655
0.0237135
0.0266711
0.029512
0.0322223
0.0347899
0.037204
0.039455
0.0415348
0.0434364
0.045154
0.046683
0.04802
0.0491628
0.0501105
0.0508632
0.0514222
0.0517899
0.0519695
0.0519656
0.0517833
0.0514288
0.0509091
0.0502317
0.049405
0.0484378
0.0473394
0.0461197
0.0447887
0.043357
0.0418354
0.0402348
0.0385666
0.0368424
0.0350744
0.0332751
0.0314579
0.0296373
0.0278291
0.0260514
0.0243246
0.0226731
0.0211253
0.0197152
0.0184817
0.0174679
0.0167176
0.0162689
0.0161465
0.0163554
0.016879
0.0176836
0.0187255
0.019959
0.0213406
0.0228325
0.0244022
0.0260222
0.0276695
0.0293245
0.03097
0.032591
0.0341738
0.035706
0.0371761
0.0385733
0.0398874
0.0411088
0.0422285
0.043238
0.0441291
0.0448946
0.0455275
0.0460216
0.0463713
0.0465719
0.0466192
0.0465098
0.0462413
0.045812
0.0452211
0.0444687
0.0435557
0.0424839
0.0412562
0.0398761
0.0383482
0.0366777
0.0348708
0.0329345
0.0308763
0.0287047
0.0264287
0.0240581
0.0216032
0.0190751
0.0164855
0.0138474
0.0111758
0.00849091
0.00582855
0.00330346
0.00174607
0.00320289
0.00567231
0.00825818
0.01084
0.013382
0.0158657
0.0182779
0.020608
0.0228467
0.024986
0.0270185
0.0289378
0.0307381
0.0324146
0.033963
0.0353798
0.0366622
0.0378083
0.0388164
0.0396859
0.0404167
0.0410092
0.0414643
0.0417836
0.041969
0.042023
0.0419484
0.0417483
0.0414262
0.0409857
0.040431
0.039766
0.0389953
0.0381232
0.0371544
0.0360937
0.0349461
0.0337166
0.0324105
0.0310333
0.0295909
0.0280897
0.0265366
0.0249392
0.0233067
0.0216496
0.0199808
0.0183167
0.0166786
0.0150951
0.0136051
0.0122621
0.0111374
0.0103178
0.00989101
0.00991453
0.0103868
0.0112483
0.0124111
0.0137887
0.0153102
0.0169218
0.0185835
0.0202651
0.0219433
0.0235995
0.0252183
0.0267868
0.0282935
0.0297284
0.0310823
0.0323471
0.0335153
0.0345801
0.0355354
0.0363756
0.0370958
0.0376918
0.0381599
0.0384971
0.0387011
0.0387701
0.038703
0.0384995
0.0381598
0.0376849
0.0370763
0.0363364
0.035468
0.0344746
0.0333603
0.0321299
0.0307887
0.0293425
0.0277977
0.0261613
0.0244407
0.0226439
0.0207797
0.0188575
0.0168877
0.0148824
0.0128562
0.0108288
0.00882999
0.00691397
0.0051984
0.00396779
0.00373286
0.0046291
0.00615851
0.00793771
0.00980471
0.0116904
0.0135601
0.0153936
0.0171774
0.0189014
0.0205577
0.0221398
0.0236422
0.0250602
0.0263896
0.027627
0.0287693
0.029814
0.030759
0.0316024
0.032343
0.0329797
0.0335118
0.033939
0.034261
0.0344782
0.0345908
0.0345995
0.0345053
0.0343092
0.0340125
0.0336167
0.0331236
0.0325351
0.0318533
0.0310805
0.0302192
0.0292723
0.0282428
0.027134
0.0259496
0.0246933
0.0233697
0.0219835
0.0205401
0.0190457
0.0175076
0.0159343
0.0143368
0.0127292
0.0111316
0.00957406
0.00810512
0.00680715
0.00581784
0.005328
0.00548013
0.00622575
0.00737946
0.00876984
0.0102867
0.011865
0.0134651
0.0150615
0.0166359
0.0181747
0.0196668
0.021103
0.0224753
0.0237767
0.0250007
0.0261416
0.0271943
0.0281542
0.0290171
0.0297794
0.030438
0.0309902
0.0314338
0.0317672
0.0319892
0.0320992
0.032097
0.0319829
0.0317576
0.0314226
0.0309795
0.0304306
0.0297785
0.0290262
0.0281774
0.027236
0.0262061
0.0250927
0.0239006
0.0226353
0.0213027
0.0199089
0.0184608
0.0169654
0.0154309
0.0138665
0.012283
0.0106943
0.00911985
0.0075897
0.00615658
0.00492212
0.00408002
0.00389238
0.00443263
0.00547458
0.00677333
0.00818902
0.00965123
0.0111225
0.0125807
0.0140116
0.0154047
0.0167523
0.0180479
0.0192862
0.0204626
0.0215731
0.022614
0.0235822
0.0244747
0.0252891
0.026023
0.0266745
0.0272419
0.0277236
0.0281184
0.0284253
0.0286437
0.0287729
0.0288126
0.028763
0.0286241
0.0283964
0.0280806
0.0276777
0.0271888
0.0266155
0.0259593
0.0252224
0.0244068
0.0235153
0.0225504
0.0215154
0.0204135
0.0192484
0.0180241
0.016745
0.0154156
0.0140413
0.0126278
0.0111819
0.00971193
0.00822865
0.00674838
0.00530001
0.00394629
0.00285259
0.00242065
0.00295737
0.00409036
0.00544772
0.00688329
0.00834051
0.00979261
0.011224
0.0126241
0.0139847
0.015299
0.0165611
0.0177656
0.0189077
0.0199831
0.0209878
0.021918
0.0227706
0.0235425
0.0242313
0.0248347
0.0253509
0.0257783
0.0261159
0.0263628
0.0265187
0.0265836
0.0265576
0.0264416
0.0262365
0.0259436
0.0255646
0.0251014
0.0245564
0.0239322
0.0232315
0.0224575
0.0216137
0.0207036
0.0197312
0.0187007
0.0176166
0.0164834
0.0153064
0.0140911
0.0128435
0.0115706
0.0102807
0.00898422
0.00769585
0.00643795
0.00524925
0.00420377
0.0034451
0.00318803
0.00353865
0.0043427
0.00538895
0.00654878
0.00775705
0.00897951
0.0101963
0.0113945
0.0125651
0.0137009
0.0147964
0.0158465
0.016847
0.0177942
0.0186846
0.0195151
0.0202829
0.0209853
0.0216201
0.0221852
0.0226787
0.0230991
0.0234449
0.023715
0.0239086
0.0240248
0.0240635
0.0240243
0.0239074
0.0237131
0.023442
0.0230949
0.022673
0.0221776
0.0216102
0.0209729
0.0202675
0.0194965
0.0186625
0.0177682
0.0168168
0.0158113
0.0147554
0.0136527
0.012507
0.0113224
0.0101032
0.00885403
0.00757968
0.00628563
0.00497853
0.00366812
0.00237559
0.001195
0.000914289
0.00196059
0.00322163
0.0045077
0.00578767
0.00704981
0.00828703
0.00949381
0.0106654
0.0117974
0.0128859
0.013927
0.0149173
0.0158534
0.0167324
0.0175513
0.0183077
0.0189993
0.0196239
0.0201797
0.0206653
0.0210794
0.0214209
0.0216891
0.0218836
0.0220041
0.0220506
0.0220236
0.0219234
0.0217511
0.0215075
0.021194
0.0208122
0.0203637
0.0198505
0.0192748
0.018639
0.0179456
0.0171974
0.0163974
0.0155487
0.0146546
0.0137188
0.0127449
0.0117372
0.0107
0.0096385
0.00855847
0.00746723
0.00637461
0.00529557
0.00425618
0.00330908
0.00257109
0.00226329
0.00254474
0.0032594
0.00418148
0.0051907
0.0062331
0.00728222
0.00832315
0.00934624
0.0103445
0.0113125
0.0122455
0.0131397
0.0139914
0.0147975
0.0155549
0.016261
0.0169133
0.0175096
0.0180478
0.0185262
0.0189431
0.0192971
0.0195871
0.0198121
0.0199713
0.0200644
0.020091
0.0200511
0.0199449
0.0197727
0.0195352
0.0192333
0.018868
0.0184407
0.0179529
0.0174064
0.016803
0.0161449
0.0154345
0.0146743
0.013867
0.0130154
0.0121225
0.0111916
0.0102259
0.00922879
0.00820391
0.00715491
0.00608558
0.00499994
0.00390233
0.00279806
0.00169638
0.000644404
0.000670072
0.00171816
0.00280432
0.00388494
0.00495121
0.0059981
0.00702156
0.00801797
0.0089839
0.00991616
0.0108117
0.0116676
0.0124811
0.0132498
0.0139712
0.0146432
0.0152636
0.0158308
0.016343
0.0167989
0.0171972
0.0175369
0.0178171
0.0180373
0.018197
0.018296
0.0183343
0.018312
0.0182296
0.0180877
0.0178869
0.0176283
0.017313
0.0169422
0.0165176
0.0160407
0.0155135
0.0149377
0.0143157
0.0136497
0.0129422
0.0121957
0.0114131
0.0105972
0.00975114
0.00887837
0.00798253
0.00706774
0.00613894
0.00520243
0.0042674
0.00334977
0.00248383
0.0017618
0.00143052
0.00172986
0.0024314
0.00327846
0.00417392
0.00508208
0.00598662
0.00687831
0.00775093
0.00859974
0.0094208
0.0102107
0.0109664
0.011685
0.012364
0.013001
0.0135939
0.0141405
0.0146392
0.0150883
0.0154862
0.0158318
0.0161239
0.0163616
0.0165442
0.0166713
0.0167425
0.0167576
0.0167167
0.0166202
0.0164684
0.016262
0.0160018
0.0156889
0.0153245
0.0149099
0.0144466
0.0139365
0.0133815
0.0127834
0.0121445
0.0114672
0.0107538
0.010007
0.00922948
0.00842399
0.0075935
0.00674107
0.00586992
0.0049835
0.00408572
0.00318141
0.00227827
0.00139579
0.000647486
0.000777866
0.00157617
0.00245215
0.00333551
0.00421142
0.00507334
0.005917
0.00673895
0.00753616
0.00830587
0.00904549
0.0097526
0.010425
0.0110604
0.011657
0.0122129
0.0127264
0.013196
0.0136204
0.0139982
0.0143286
0.0146105
0.0148432
0.0150262
0.0151591
0.0152416
0.0152736
0.0152554
0.015187
0.0150689
0.0149018
0.0146862
0.0144232
0.0141137
0.0137589
0.0133602
0.012919
0.0124369
0.0119157
0.0113572
0.0107634
0.0101364
0.00947839
0.00879182
0.00807913
0.00734292
0.006586
0.00581138
0.00502244
0.00422321
0.00341904
0.00261859
0.00184082
0.001148
0.000812162
0.00118731
0.00188297
0.00265076
0.00343425
0.00421582
0.00498728
0.00574355
0.00648083
0.00719597
0.00788618
0.00854892
0.00918185
0.00978279
0.0103497
0.0108807
0.0113741
0.0118282
0.0122417
0.0126131
0.0129414
0.0132256
0.0134648
0.0136584
0.0138057
0.0139066
0.0139607
0.013968
0.0139286
0.0138429
0.0137112
0.0135342
0.0133126
0.0130474
0.0127395
0.0123901
0.0120007
0.0115726
0.0111074
0.0106069
0.0100729
0.00950727
0.00891217
0.00828971
0.00764216
0.00697186
0.00628128
0.00557304
0.00484989
0.00411491
0.00337168
0.00262509
0.0018837
0.00117129
0.000614871
0.00075312
0.0013871
0.00210192
0.00282911
0.00355274
0.00426613
0.00496516
0.00564669
0.00630808
0.00694692
0.00756102
0.00814832
0.00870691
0.009235
0.00973091
0.0101931
0.0106201
0.0110107
0.0113637
0.0116781
0.0119528
0.0121873
0.0123807
0.0125327
0.0126428
0.0127109
0.0127368
0.0127206
0.0126624
0.0125627
0.0124218
0.0122403
0.0120191
0.0117588
0.0114606
0.0111254
0.0107546
0.0103494
0.0099113
0.00944185
0.00894271
0.00841562
0.00786244
0.0072851
0.00668562
0.00606613
0.00542883
0.00477604
0.00411023
0.00343411
0.00275087
0.00206495
0.00138504
0.000743123
0.000417899
0.000883909
0.00153456
0.00220574
0.00287578
0.00353771
0.00418762
0.00482261
0.00544021
0.00603819
0.00661446
0.00716708
0.0076942
0.00819412
0.00866519
0.00910593
0.00951493
0.00989091
0.0102327
0.0105393
0.0108098
0.0110433
0.0112393
0.0113971
0.0115164
0.011597
0.0116386
0.0116414
0.0116053
0.0115308
0.0114181
0.0112677
0.0110805
0.010857
0.0105982
0.010305
0.00997867
0.00962033
0.00923134
0.0088131
0.00836714
0.00789508
0.00739861
0.00687952
0.00633968
0.00578103
0.00520563
0.00461562
0.00401331
0.00340125
0.00278246
0.00216106
0.00154445
0.000953683
0.000503742
0.000646721
0.00117998
0.00177618
0.00238205
0.00298482
0.00357902
0.00416127
0.00472896
0.00527988
0.00581203
0.00632356
0.00681277
0.00727803
0.00771786
0.00813083
0.00851566
0.00887114
0.00919617
0.00948977
0.00975106
0.00997927
0.0101737
0.0103339
0.0104594
0.0105499
0.0106051
0.0106251
0.0106098
0.0105594
0.0104742
0.0103545
0.0102009
0.010014
0.00979444
0.00954312
0.00926094
0.00894894
0.00860824
0.00824006
0.00784571
0.00742658
0.00698414
0.00651994
0.00603561
0.00553282
0.00501333
0.00447894
0.00393152
0.00337303
0.00280547
0.00223107
0.00165241
0.00107354
0.000508078
0.00022942
0.00072935
0.00129731
0.00186651
0.00242983
0.00298415
0.00352719
0.00405698
0.00457169
0.00506959
0.00554903
0.00600846
0.00644639
0.00686142
0.00725225
0.00761763
0.00795643
0.00826762
0.00855025
0.00880347
0.00902654
0.00921883
0.00937979
0.00950901
0.00960617
0.00967105
0.00970357
0.00970372
0.00967162
0.0096075
0.00951169
0.00938462
0.00922683
0.00903895
0.00882173
0.00857599
0.00830266
0.00800275
0.00767735
0.00732766
0.00695493
0.00656048
0.00614574
0.00571217
0.00526131
0.00479478
0.00431424
0.00382148
0.00331834
0.00280688
0.00228946
0.00176923
0.00125166
0.000752423
0.000369004
0.00052602
0.000990036
0.00149387
0.00200226
0.00250669
0.00300329
0.00348951
0.00396333
0.00442296
0.00486678
0.00529327
0.00570102
0.00608868
0.00645501
0.00679884
0.00711908
0.00741473
0.00768488
0.0079287
0.00814547
0.00833453
0.00849536
0.00862749
0.00873057
0.00880435
0.00884867
0.00886349
0.00884882
0.00880483
0.00873173
0.00862987
0.00849968
0.00834166
0.00815644
0.00794472
0.00770729
0.00744501
0.00715883
0.0068498
0.006519
0.00616762
0.00579689
0.00540811
0.00500264
0.0045819
0.00414733
0.00370046
0.00324283
0.00277605
0.00230178
0.00182177
0.00133803
0.000853405
0.000377092
0.000187196
0.000635195
0.00111258
0.00158819
0.002058
0.00251985
0.00297202
0.00341293
0.00384109
0.00425511
0.00465362
0.00503534
0.00539905
0.0057436
0.00606791
0.00637095
0.00665181
0.00690961
0.00714357
0.00735301
0.00753732
0.00769596
0.0078285
0.00793459
0.00801397
0.00806647
0.008092
0.00809059
0.00806233
0.0080074
0.00792609
0.00781875
0.00768583
0.00752787
0.00734547
0.00713933
0.00691022
0.00665897
0.00638651
0.0060938
0.00578191
0.00545193
0.00510503
0.00474244
0.00436543
0.00397533
0.00357352
0.00316144
0.00274061
0.00231264
0.00187935
0.00144303
0.00100741
0.000582982
0.000249668
0.000426639
0.00083272
0.00125932
0.00168636
0.00210875
0.00252391
0.00293
0.00332545
0.00370884
0.00407886
0.00443427
0.0047739
0.00509666
0.0054015
0.00568746
0.00595364
0.00619921
0.00642342
0.00662558
0.00680509
0.00696141
0.00709411
0.00720282
0.00728724
0.00734718
0.00738251
0.00739319
0.00737927
0.00734087
0.0072782
0.00719154
0.00708126
0.0069478
0.00679169
0.00661352
0.00641395
0.00619371
0.00595362
0.00569454
0.00541739
0.00512315
0.00481288
0.00448765
0.00414861
0.00379693
0.00343385
0.00306062
0.00267856
0.00228899
0.00189334
0.0014931
0.00109006
0.000686965
0.000294381
0.000184984
0.000558525
0.000955428
0.00135117
0.00174214
0.00212649
0.00250273
0.00286953
0.00322567
0.00356995
0.00390126
0.00421853
0.00452075
0.00480695
0.00507623
0.00532777
0.00556077
0.00577453
0.0059684
0.00614181
0.00629425
0.00642528
0.00653454
0.00662174
0.00668667
0.00672918
0.00674922
0.00674679
0.00672197
0.00667493
0.0066059
0.00651517
0.00640313
0.00627021
0.00611694
0.00594388
0.00575167
0.00554103
0.00531271
0.00506754
0.00480638
0.00453015
0.00423984
0.00393646
0.00362106
0.00329476
0.00295869
0.00261404
0.00226203
0.00190397
0.00154126
0.00117558
0.000809414
0.000449385
0.000160198
0.000354832
0.000706129
0.00106591
0.00142389
0.0017771
0.00212383
0.00246268
0.00279244
0.00311198
0.00342023
0.00371616
0.00399883
0.00426733
0.00452079
0.00475842
0.00497947
0.00518326
0.00536917
0.00553663
0.00568515
0.00581429
0.00592368
0.00601302
0.00608209
0.00613072
0.00615881
0.00616633
0.00615334
0.00611994
0.00606631
0.00599269
0.0058994
0.00578681
0.00565536
0.00550556
0.00533796
0.00515318
0.0049519
0.00473483
0.00450277
0.00425652
0.00399697
0.00372503
0.00344163
0.00314779
0.00284451
0.00253286
0.00221393
0.00188885
0.00155881
0.0012251
0.000889312
0.000554111
0.000231299
0.000176922
0.000488283
0.000818416
0.00114781
0.0014733
0.00179326
0.00210645
0.00241173
0.00270808
0.00299451
0.00327009
0.00353392
0.00378516
0.00402301
0.00424672
0.0044556
0.00464899
0.00482631
0.00498702
0.00513065
0.00525676
0.005365
0.00545507
0.00552674
0.00557981
0.00561419
0.00562982
0.0056267
0.00560491
0.00556458
0.00550592
0.00542917
0.00533465
0.00522274
0.00509385
0.00494849
0.00478717
0.00461051
0.00441912
0.0042137
0.00399497
0.00376372
0.00352075
0.00326691
0.00300308
0.00273019
0.00244918
0.00216103
0.00186676
0.00156742
0.00126414
0.000958181
0.000651316
0.000347897
0.000103398
0.00030454
0.000603491
0.000905306
0.00120457
0.00149943
0.00178862
0.00207107
0.00234582
0.00261193
0.00286852
0.00311478
0.00334989
0.00357311
0.00378374
0.0039811
0.00416459
0.00433363
0.00448772
0.00462639
0.00474923
0.00485588
0.00494603
0.00501946
0.00507596
0.0051154
0.00513771
0.00514288
0.00513093
0.00510198
0.00505617
0.00499371
0.00491487
0.00481996
0.00470936
0.00458348
0.00444279
0.00428781
0.00411911
0.0039373
0.00374302
0.00353697
0.00331986
0.00309247
0.00285559
0.00261005
0.00235669
0.00209641
0.00183011
0.00155875
0.00128331
0.00100489
0.000724833
0.000445514
0.000178467
0.000161524
0.000423875
0.000699258
0.000973805
0.00124501
0.00151155
0.00177239
0.00202659
0.00227329
0.00251168
0.00274097
0.00296043
0.00316934
0.00336706
0.00355295
0.00372643
0.00388697
0.00403407
0.0041673
0.00428624
0.00439057
0.00447996
0.00455419
0.00461304
0.00465639
0.00468412
0.00469621
0.00469266
0.00467354
0.00463895
0.00458908
0.00452413
0.00444437
0.00435011
0.00424172
0.0041196
0.0039842
0.00383602
0.00367559
0.00350349
0.00332032
0.00312674
0.00292342
0.00271108
0.00249045
0.00226229
0.00202741
0.00178662
0.00154075
0.00129069
0.00103734
0.000781727
0.00052522
0.000271081
7.30794e-05
0.000266447
0.000517924
0.000770173
0.00101988
0.00126572
0.00150671
0.001742
0.00197078
0.0021923
0.00240582
0.00261066
0.00280617
0.00299171
0.0031667
0.00333059
0.00348288
0.00362309
0.0037508
0.00386562
0.00396722
0.0040553
0.00412962
0.00418996
0.00423619
0.00426818
0.00428589
0.0042893
0.00427845
0.00425341
0.00421434
0.00416139
0.00409479
0.00401482
0.00392177
0.00381601
0.00369793
0.00356796
0.00342658
0.00327429
0.00311163
0.0029392
0.00275758
0.00256743
0.00236939
0.00216417
0.00195248
0.00173505
0.00151265
0.00128605
0.00105609
0.000823682
0.000589926
0.000356814
0.000134852
0.000144752
0.0003667
0.00059676
0.000825767
0.00105185
0.00127397
0.00149126
0.00170296
0.00190837
0.0021068
0.0022976
0.00248015
0.00265388
0.00281823
0.00297269
0.00311676
0.00325002
0.00337204
0.00348245
0.00358094
0.00366721
0.00374101
0.00380214
0.00385045
0.0038858
0.00390812
0.00391739
0.00391362
0.00389686
0.00386721
0.00382481
0.00376985
0.00370254
0.00362316
0.003532
0.00342942
0.00331578
0.00319151
0.00305704
0.00291287
0.00275951
0.00259749
0.00242739
0.0022498
0.00206534
0.00187464
0.00167837
0.00147722
0.00127187
0.00106306
0.00085156
0.00063821
0.00042415
0.000212208
5.96935e-05
0.000234769
0.000445064
0.000655476
0.000863627
0.00106847
0.00126921
0.00146515
0.00165561
0.00183996
0.00201762
0.00218799
0.00235054
0.00250475
0.00265013
0.00278623
0.00291263
0.00302892
0.00313477
0.00322986
0.0033139
0.00338665
0.00344791
0.00349751
0.00353533
0.00356128
0.00357531
0.00357741
0.00356763
0.00354602
0.00351271
0.00346784
0.00341161
0.00334422
0.00326596
0.0031771
0.00307799
0.00296899
0.0028505
0.00272293
0.00258674
0.00244243
0.00229049
0.00213145
0.00196588
0.00179434
0.00161744
0.00143579
0.00125001
0.00106077
0.000868756
0.000674704
0.000479528
0.000284837
9.99457e-05
0.000129176
0.000316799
0.000509056
0.000700112
0.000888607
0.00107371
0.00125474
0.00143106
0.00160208
0.00176724
0.001926
0.00207786
0.00222232
0.00235892
0.00248724
0.00260688
0.00271747
0.00281867
0.00291016
0.00299169
0.00306302
0.00312393
0.00317426
0.00321387
0.00324268
0.00326063
0.00326768
0.00326385
0.00324919
0.00322378
0.00318775
0.00314125
0.00308446
0.00301762
0.00294097
0.00285481
0.00275945
0.00265524
0.00254256
0.00242181
0.00229342
0.00215784
0.00201555
0.00186704
0.00171283
0.00155347
0.00138949
0.00122147
0.00104999
0.000875672
0.000699143
0.000521128
0.000342605
0.000166198
5.34021e-05
0.000206758
0.000382283
0.00055769
0.000731146
0.0009018
0.001069
0.00123214
0.0013907
0.00154413
0.00169193
0.00183364
0.0019688
0.00209697
0.00221776
0.00233078
0.00243569
0.00253215
0.00261989
0.00269864
0.00276815
0.00282825
0.00287874
0.00291951
0.00295044
0.00297147
0.00298256
0.0029837
0.00297493
0.0029563
0.00292792
0.00288991
0.00284242
0.00278565
0.00271981
0.00264516
0.00256197
0.00247055
0.00237123
0.00226437
0.00215034
0.00202955
0.00190243
0.00176942
0.00163098
0.0014876
0.00133977
0.001188
0.00103282
0.000874783
0.00071445
0.000552439
0.000389496
0.000226942
7.32861e-05
0.000115694
0.00027368
0.000434245
0.000593598
0.000750725
0.000904968
0.00105577
0.0012026
0.00134498
0.00148244
0.00161453
0.00174083
0.00186094
0.00197447
0.00208107
0.0021804
0.00227217
0.00235608
0.00243189
0.00249937
0.00255832
0.00260858
0.00265001
0.00268249
0.00270595
0.00272035
0.00272566
0.0027219
0.0027091
0.00268735
0.00265674
0.00261741
0.00256951
0.00251324
0.0024488
0.00237645
0.00229644
0.00220906
0.00211465
0.00201352
0.00190604
0.00179259
0.00167357
0.0015494
0.00142049
0.00128731
0.00115032
0.00100999
0.000866801
0.000721274
0.000573945
0.000425419
0.000276548
0.000129798
4.92905e-05
0.000181565
0.000328031
0.000474249
0.000618792
0.000760963
0.000900219
0.00103607
0.00116806
0.00129576
0.00141874
0.00153661
0.00164899
0.00175552
0.00185588
0.00194974
0.00203681
0.00211683
0.00218955
0.00225476
0.00231227
0.0023619
0.00240352
0.00243702
0.00246231
0.00247934
0.00248807
0.00248851
0.00248069
0.00246465
0.00244047
0.00240827
0.00236817
0.00232034
0.00226497
0.00220225
0.00213243
0.00205575
0.0019725
0.00188298
0.00178751
0.00168641
0.00158006
0.00146881
0.00135306
0.00123321
0.00110968
0.000982884
0.000853273
0.000721299
0.000587435
0.000452193
0.00031619
0.000180535
5.33906e-05
0.000103773
0.000236365
0.000370378
0.000503251
0.000634208
0.000762719
0.000888321
0.00101059
0.00112911
0.00124351
0.0013534
0.00145844
0.00155829
0.00165264
0.00174119
0.00182366
0.0018998
0.00196938
0.00203218
0.00208803
0.00213675
0.00217822
0.0022123
0.00223893
0.00225803
0.00226956
0.00227352
0.00226991
0.00225876
0.00224016
0.00221417
0.00218091
0.00214052
0.00209315
0.00203898
0.00197823
0.0019111
0.00183785
0.00175874
0.00167405
0.00158408
0.00148916
0.0013896
0.00128577
0.00117802
0.00106673
0.000952279
0.000835066
0.000715502
0.000594012
0.000471047
0.000347119
0.000222962
0.000100884
4.58205e-05
0.000158972
0.000281206
0.000403105
0.000523561
0.000642009
0.000757998
0.000871125
0.000981008
0.00108728
0.00118961
0.00128765
0.00138109
0.00146964
0.00155302
0.00163097
0.00170324
0.00176961
0.00182989
0.00188389
0.00193145
0.00197244
0.00200673
0.00203425
0.00205492
0.0020687
0.00207555
0.00207549
0.00206854
0.00205473
0.00203415
0.00200687
0.00197302
0.00193273
0.00188615
0.00183346
0.00177486
0.00171055
0.00164078
0.00156579
0.00148585
0.00140124
0.00131226
0.00121922
0.00112245
0.00102228
0.00091905
0.000813128
0.000704878
0.000594678
0.000482926
0.000370047
0.00025656
0.000143423
3.89512e-05
9.30384e-05
0.000204038
0.00031583
0.000426596
0.000535724
0.000642783
0.000747391
0.000849193
0.000947852
0.00104305
0.00113447
0.00122182
0.00130483
0.00138323
0.00145678
0.00152525
0.00158842
0.00164611
0.00169814
0.00174435
0.00178461
0.00181882
0.00184686
0.00186868
0.00188422
0.00189345
0.00189635
0.00189295
0.00188326
0.00186736
0.0018453
0.00181718
0.00178313
0.00174326
0.00169773
0.00164672
0.0015904
0.00152899
0.00146271
0.00139179
0.00131648
0.00123706
0.00115379
0.00106697
0.000976903
0.000883899
0.000788281
0.00069038
0.000590539
0.000489112
0.000386478
0.000283068
0.000179511
7.79536e-05
4.25964e-05
0.000138838
0.00024086
0.000342492
0.00044288
0.000541565
0.000638177
0.000732381
0.000823859
0.000912311
0.000997448
0.001079
0.00115669
0.00123029
0.00129957
0.00136429
0.00142428
0.00147933
0.00152929
0.001574
0.00161333
0.00164718
0.00167543
0.00169804
0.00171492
0.00172605
0.00173141
0.001731
0.00172484
0.00171297
0.00169545
0.00167236
0.00164378
0.00160984
0.00157067
0.00152641
0.00147722
0.00142329
0.00136482
0.001302
0.00123507
0.00116426
0.00108982
0.00101202
0.000931109
0.000847384
0.000761131
0.000672648
0.000582242
0.000490231
0.000396944
0.000302739
0.000208055
0.000113736
2.8639e-05
8.31799e-05
0.000175982
0.000269212
0.000361535
0.000452466
0.000541649
0.000628767
0.000713527
0.000795648
0.000874862
0.000950912
0.00102356
0.00109256
0.00115771
0.0012188
0.00127564
0.00132805
0.00137588
0.00141897
0.00145722
0.00149049
0.0015187
0.00154177
0.00155965
0.00157228
0.00157964
0.00158174
0.00157857
0.00157017
0.00155658
0.00153787
0.00151411
0.00148539
0.00145184
0.00141358
0.00137075
0.0013235
0.00127202
0.00121649
0.0011571
0.00109406
0.00102761
0.000957961
0.000885368
0.000810081
0.000732361
0.000652477
0.000570706
0.000487334
0.000402658
0.000316993
0.000230702
0.000144327
5.98758e-05
3.95643e-05
0.000121022
0.000206166
0.000290898
0.00037456
0.00045678
0.000537251
0.000615696
0.000691851
0.000765466
0.000836301
0.000904128
0.000968731
0.0010299
0.00108746
0.0011412
0.00119099
0.00123665
0.00127805
0.00131506
0.00134759
0.00137553
0.00139881
0.00141737
0.00143115
0.00144014
0.00144431
0.00144367
0.00143823
0.00142804
0.00141313
0.00139358
0.00136946
0.00134088
0.00130793
0.00127075
0.00122948
0.00118425
0.00113524
0.00108263
0.00102659
0.000967337
0.000905065
0.000839996
0.000772357
0.000702382
0.000630313
0.000556401
0.000480901
0.000404078
0.000326208
0.000247592
0.000168602
8.99922e-05
2.14829e-05
7.40966e-05
0.000151632
0.00022937
0.000306318
0.000382083
0.000456371
0.000528923
0.000599491
0.000667845
0.00073376
0.000797023
0.000857432
0.000914795
0.00096893
0.00101967
0.00106685
0.00111034
0.00114999
0.00118569
0.00121733
0.00124482
0.00126809
0.00128706
0.0013017
0.00131196
0.00131783
0.00131931
0.00131639
0.00130912
0.00129751
0.00128164
0.00126156
0.00123736
0.00120912
0.00117696
0.00114101
0.00110138
0.00105822
0.00101169
0.00096196
0.000909199
0.000853595
0.000795343
0.000734646
0.000671714
0.000606767
0.000540029
0.000471731
0.000402112
0.000331421
0.00025992
0.000187916
0.000115875
4.56958e-05
3.66198e-05
0.00010531
0.000176358
0.000246998
0.00031672
0.00038522
0.000452245
0.000517566
0.000580963
0.000642229
0.000701163
0.000757577
0.000811291
0.000862133
0.000909944
0.000954575
0.000995888
0.00103376
0.00106806
0.00109871
0.0011256
0.00114867
0.00116785
0.00118308
0.00119432
0.00120157
0.0012048
0.00120401
0.00119923
0.00119048
0.0011778
0.00116126
0.00114091
0.00111683
0.00108913
0.0010579
0.00102326
0.00098534
0.00094427
0.000900201
0.000853289
0.000803699
0.000751607
0.000697193
0.000640647
0.000582165
0.00052195
0.00046021
0.000397159
0.000333018
0.000268019
0.000202414
0.000136519
7.10135e-05
1.674e-05
6.57625e-05
0.000130519
0.000195336
0.000259467
0.000322594
0.000384475
0.000444894
0.000503647
0.00056054
0.000615388
0.000668013
0.000718248
0.000765932
0.000810914
0.000853054
0.000892222
0.000928296
0.000961167
0.000990735
0.00101691
0.00103963
0.00105881
0.00107442
0.0010864
0.00109473
0.0010994
0.0011004
0.00109775
0.00109145
0.00108155
0.00106809
0.00105112
0.00103072
0.00100697
0.000979943
0.000949755
0.000916512
0.000880336
0.000841356
0.000799712
0.000755551
0.000709028
0.000660307
0.000609557
0.000556954
0.000502682
0.000446927
0.000389883
0.00033175
0.000272735
0.000213059
0.000152979
9.28985e-05
3.46463e-05
3.37422e-05
9.14996e-05
0.000150774
0.000209662
0.000267763
0.000324831
0.000380656
0.000435047
0.000487822
0.000538809
0.000587841
0.000634761
0.000679419
0.000721673
0.000761392
0.00079845
0.000832733
0.000864137
0.000892566
0.000917936
0.000940172
0.000959211
0.000975
0.000987498
0.000996673
0.00100251
0.00100499
0.00100413
0.000999932
0.000992428
0.000981651
0.00096765
0.00095048
0.00093021
0.000906917
0.000880688
0.000851622
0.000819823
0.000785407
0.000748496
0.000709223
0.000667726
0.00062415
0.000578647
0.000531376
0.0004825
0.00043219
0.000380618
0.000327964
0.000274412
0.000220157
0.00016541
0.000110441
5.58607e-05
1.37754e-05
5.81622e-05
0.000112233
0.000166277
0.000219725
0.000272322
0.000323868
0.000374182
0.000423097
0.000470451
0.000516089
0.000559865
0.000601637
0.000641274
0.00067865
0.000713649
0.000746161
0.000776087
0.000803336
0.000827826
0.000849484
0.000868249
0.000884067
0.000896895
0.000906701
0.000913462
0.000917166
0.000917811
0.000915404
0.000909964
0.000901519
0.000890107
0.000875776
0.000858584
0.000838596
0.000815889
0.000790547
0.000762663
0.000732339
0.000699684
0.000664813
0.000627851
0.000588927
0.000548179
0.000505746
0.000461779
0.000416427
0.000369849
0.000322206
0.000273665
0.000224399
0.000174592
0.000124463
7.43624e-05
2.60795e-05
3.09121e-05
7.93813e-05
0.000128826
0.000177915
0.000226332
0.000273874
0.000320369
0.000365658
0.00040959
0.000452022
0.000492814
0.000531837
0.000568965
0.000604082
0.000637076
0.000667845
0.000696295
0.000722336
0.000745892
0.000766892
0.000785275
0.000800988
0.000813988
0.000824241
0.000831721
0.000836413
0.000838311
0.000837417
0.000833745
0.000827314
0.000818157
0.000806312
0.000791827
0.000774761
0.000755177
0.000733149
0.00070876
0.000682097
0.000653258
0.000622344
0.000589467
0.000554742
0.000518291
0.00048024
0.000440724
0.000399877
0.000357842
0.000314765
0.000270794
0.000226084
0.000180797
0.000135111
8.92571e-05
4.3789e-05
1.20368e-05
5.12835e-05
9.64234e-05
0.000141482
0.000186026
0.000229849
0.000272784
0.000314684
0.000355408
0.000394821
0.000432795
0.000469208
0.000503944
0.000536891
0.000567946
0.000597013
0.000624
0.000648825
0.000671412
0.000691694
0.00070961
0.00072511
0.00073815
0.000748693
0.000756715
0.000762196
0.000765126
0.000765505
0.00076334
0.000758645
0.000751446
0.000741774
0.000729671
0.000715183
0.000698368
0.000679288
0.000658016
0.000634628
0.000609211
0.000581854
0.000552657
0.000521721
0.000489156
0.000455075
0.000419599
0.000382849
0.000344953
0.000306042
0.000266251
0.00022572
0.000184593
0.000143025
0.0001012
5.94255e-05
1.94853e-05
2.81547e-05
6.87713e-05
0.000110012
0.000150931
0.000191276
0.000230882
0.000269605
0.000307315
0.000343885
0.000379196
0.000413133
0.000445587
0.000476454
0.000505638
0.000533046
0.000558592
0.000582199
0.000603793
0.000623311
0.000640693
0.000655888
0.000668855
0.000679556
0.000687964
0.000694059
0.000697828
0.000699266
0.000698375
0.000695168
0.000689662
0.000681883
0.000671865
0.000659647
0.000645279
0.000628815
0.000610317
0.000589854
0.000567498
0.000543333
0.000517443
0.00048992
0.000460863
0.000430372
0.000398554
0.00036552
0.000331385
0.000296265
0.000260283
0.000223564
0.000186236
0.000148436
0.000110312
7.20617e-05
3.41914e-05
1.10032e-05
4.50914e-05
8.2769e-05
0.000120335
0.000157458
0.00019397
0.000229733
0.000264625
0.000298529
0.000331332
0.000362929
0.000393217
0.0004221
0.000449487
0.000475289
0.000499428
0.000521828
0.00054242
0.000561142
0.000577938
0.000592758
0.00060556
0.000616308
0.000624972
0.000631531
0.000635971
0.000638282
0.000638466
0.000636528
0.000632481
0.000626347
0.000618152
0.000607931
0.000595725
0.000581579
0.000565549
0.000547694
0.000528078
0.000506774
0.000483858
0.000459411
0.000433519
0.000406275
0.000377772
0.000348111
0.000317395
0.000285729
0.000253224
0.000219992
0.000186149
0.000151817
0.000117126
8.22308e-05
4.74013e-05
1.44508e-05
2.54967e-05
5.9499e-05
9.38948e-05
0.000128002
0.00016162
0.000194614
0.000226864
0.000258263
0.000288704
0.000318088
0.000346321
0.000373311
0.000398973
0.000423226
0.000445992
0.000467202
0.00048679
0.000504696
0.000520866
0.000535252
0.000547812
0.000558511
0.000567318
0.000574212
0.000579175
0.000582197
0.000583276
0.000582412
0.000579617
0.000574906
0.0005683
0.000559828
0.000549525
0.00053743
0.00052359
0.000508056
0.000490887
0.000472144
0.000451896
0.000430213
0.000407174
0.00038286
0.000357356
0.00033075
0.000303136
0.000274609
0.000245267
0.000215212
0.000184549
0.000153385
0.000121834
9.00217e-05
5.81158e-05
2.6583e-05
1.03161e-05
3.95487e-05
7.09921e-05
0.000102311
0.000133248
0.000163668
0.000193457
0.000222512
0.000250737
0.000278039
0.000304329
0.000329522
0.000353538
0.000376301
0.000397739
0.000417785
0.000436377
0.000453457
0.000468975
0.000482883
0.000495141
0.000505713
0.00051457
0.000521688
0.00052705
0.000530642
0.00053246
0.000532503
0.000530776
0.000527292
0.000522067
0.000515126
0.000506496
0.000496212
0.000484314
0.000470847
0.00045586
0.000439409
0.000421554
0.000402357
0.000381888
0.000360219
0.000337426
0.00031359
0.000288792
0.000263119
0.000236659
0.000209506
0.000181751
0.000153494
0.000124835
9.58833e-05
6.67703e-05
3.77338e-05
1.06546e-05
2.29675e-05
5.14116e-05
8.00964e-05
0.000108525
0.000136538
0.000164023
0.000190882
0.000217024
0.000242363
0.000266816
0.000290303
0.000312749
0.000334083
0.000354236
0.000373147
0.000390756
0.000407008
0.000421855
0.000435251
0.000447157
0.000457537
0.000466364
0.000473611
0.000479261
0.000483301
0.000485721
0.000486519
0.000485698
0.000483267
0.000479238
0.00047363
0.000466468
0.000457779
0.000447599
0.000435966
0.000422923
0.000408518
0.000392805
0.000375839
0.000357681
0.000338395
0.000318051
0.000296718
0.000274471
0.000251388
0.000227548
0.000203034
0.00017793
0.000152325
0.000126308
9.99731e-05
7.3427e-05
4.6814e-05
2.0567e-05
9.74875e-06
3.46075e-05
6.08445e-05
8.69535e-05
0.000112736
0.000138079
0.000162891
0.000187086
0.000210583
0.000233306
0.00025518
0.000276135
0.000296104
0.000315023
0.000332834
0.000349481
0.000364911
0.000379079
0.000391939
0.000403456
0.000413593
0.000422323
0.000429621
0.000435468
0.000439848
0.000442752
0.000444176
0.00044412
0.000442588
0.000439591
0.000435143
0.000429265
0.00042198
0.000413317
0.00040331
0.000391997
0.000379419
0.000365622
0.000350657
0.000334577
0.00031744
0.000299305
0.000280237
0.000260302
0.00023957
0.000218113
0.000196005
0.000173322
0.000150143
0.00012655
0.000102626
7.84646e-05
5.41762e-05
2.99716e-05
7.84498e-06
2.05899e-05
4.43707e-05
6.82913e-05
9.19863e-05
0.000115328
0.000138223
0.000160592
0.000182358
0.00020345
0.000223798
0.000243336
0.000262003
0.000279738
0.000296486
0.000312193
0.000326812
0.000340296
0.000352606
0.000363703
0.000373555
0.000382134
0.000389414
0.000395377
0.000400007
0.000403292
0.000405226
0.000405808
0.000405039
0.000402928
0.000399485
0.000394726
0.000388671
0.000381346
0.000372778
0.000363
0.000352049
0.000339965
0.000326791
0.000312576
0.00029737
0.000281227
0.000264204
0.000246361
0.000227759
0.000208464
0.000188541
0.000168061
0.000147094
0.000125712
0.000103992
8.20114e-05
5.98606e-05
3.76634e-05
1.58261e-05
9.19949e-06
3.02202e-05
5.211e-05
7.38753e-05
9.53609e-05
0.000116475
0.000137141
0.000157288
0.000176849
0.00019576
0.00021396
0.000231389
0.000247992
0.000263717
0.000278514
0.000292338
0.000305144
0.000316894
0.000327552
0.000337087
0.000345471
0.000352679
0.000358691
0.000363492
0.000367069
0.000369415
0.000370525
0.000370401
0.000369047
0.000366472
0.000362687
0.00035771
0.000351561
0.000344265
0.000335849
0.000326345
0.00031579
0.00030422
0.000291678
0.000278209
0.000263861
0.000248685
0.000232733
0.000216062
0.00019873
0.000180796
0.000162324
0.000143376
0.000124018
0.000104319
8.43496e-05
6.41859e-05
4.39231e-05
2.37484e-05
5.82417e-06
1.83781e-05
3.82513e-05
5.81981e-05
7.79472e-05
9.73958e-05
0.000116468
0.000135097
0.000153219
0.000170775
0.000187707
0.000203961
0.000219484
0.000234227
0.000248144
0.00026119
0.000273326
0.000284513
0.000294719
0.000303911
0.000312063
0.000319152
0.000325157
0.000330062
0.000333853
0.000336524
0.000338067
0.000338482
0.000337771
0.00033594
0.000332999
0.000328962
0.000323845
0.00031767
0.000310459
0.000302242
0.000293047
0.00028291
0.000271866
0.000259957
0.000247223
0.000233711
0.000219468
0.000204543
0.00018899
0.000172861
0.000156213
0.000139103
0.00012159
0.000103736
8.56027e-05
6.72573e-05
4.87744e-05
3.0261e-05
1.21027e-05
8.62853e-06
2.63377e-05
4.45988e-05
6.27425e-05
8.06471e-05
9.82375e-05
0.00011545
0.000132226
0.00014851
0.000164249
0.000179391
0.000193887
0.000207692
0.000220761
0.000233054
0.000244532
0.00025516
0.000264905
0.000273738
0.000281632
0.000288564
0.000294515
0.000299467
0.000303408
0.000306328
0.000308221
0.000309083
0.000308916
0.000307722
0.000305511
0.000302292
0.000298079
0.00029289
0.000286745
0.000279668
0.000271685
0.000262827
0.000253125
0.000242614
0.000231333
0.00021932
0.00020662
0.000193276
0.000179335
0.000164845
0.000149857
0.000134422
0.000118594
0.000102428
8.59812e-05
6.93119e-05
5.24849e-05
3.55809e-05
1.87673e-05
4.43485e-06
1.63399e-05
3.29414e-05
4.95737e-05
6.60337e-05
8.22385e-05
9.81257e-05
0.00011364
0.000128728
0.00014334
0.00015743
0.00017095
0.000183859
0.000196115
0.000207679
0.000218514
0.000228589
0.00023787
0.000246331
0.000253945
0.00026069
0.000266547
0.000271499
0.000275532
0.000278637
0.000280806
0.000282034
0.000282322
0.000281671
0.000280086
0.000277575
0.000274151
0.000269828
0.000264622
0.000258555
0.000251649
0.00024393
0.000235426
0.000226169
0.000216191
0.000205528
0.000194218
0.000182301
0.000169818
0.000156814
0.000143332
0.00012942
0.000115126
0.000100499
8.55904e-05
7.04525e-05
5.5141e-05
3.97188e-05
2.42787e-05
9.19071e-06
8.03152e-06
2.29129e-05
3.81453e-05
5.32696e-05
6.81897e-05
8.28442e-05
9.71804e-05
0.00011115
0.000124705
0.000137803
0.000150401
0.000162457
0.000173935
0.000184797
0.000195009
0.00020454
0.00021336
0.000221442
0.000228761
0.000235296
0.000241028
0.00024594
0.000250019
0.000253253
0.000255635
0.00025716
0.000257826
0.000257633
0.000256585
0.000254687
0.00025195
0.000248385
0.000244006
0.000238832
0.000232881
0.000226176
0.000218743
0.000210607
0.000201799
0.00019235
0.000182294
0.000171666
0.000160503
0.000148845
0.000136731
0.000124205
0.000111309
9.8088e-05
8.45877e-05
7.08558e-05
5.69416e-05
4.28994e-05
2.87977e-05
1.47873e-05
3.53754e-06
1.44764e-05
2.83407e-05
4.22086e-05
5.5927e-05
6.94288e-05
8.26626e-05
9.55822e-05
0.000108144
0.000120307
0.00013203
0.000143277
0.000154012
0.000164199
0.000173808
0.000182807
0.00019117
0.00019887
0.000205883
0.00021219
0.000217771
0.000222609
0.000226692
0.000230009
0.00023255
0.00023431
0.000235286
0.000235477
0.000234885
0.000233515
0.000231373
0.00022847
0.000224817
0.00022043
0.000215325
0.000209522
0.000203042
0.000195909
0.000188148
0.000179789
0.000170861
0.000161395
0.000151424
0.000140984
0.00013011
0.000118842
0.000107216
9.5275e-05
8.30586e-05
7.06098e-05
5.79725e-05
4.51933e-05
3.23253e-05
1.94489e-05
6.92444e-06
7.41756e-06
1.99004e-05
3.26054e-05
4.52124e-05
5.76453e-05
6.98537e-05
8.17939e-05
9.34254e-05
0.00010471
0.00011561
0.000126091
0.000136118
0.000145661
0.000154688
0.000163172
0.000171085
0.000178404
0.000185106
0.000191171
0.000196581
0.00020132
0.000205374
0.000208732
0.000211386
0.000213328
0.000214556
0.000215067
0.000214861
0.000213942
0.000212316
0.000209989
0.000206973
0.000203279
0.000198922
0.000193918
0.000188288
0.00018205
0.000175228
0.000167847
0.000159933
0.000151515
0.000142621
0.000133283
0.000123534
0.000113408
0.000102939
9.21643e-05
8.11207e-05
6.98467e-05
5.83819e-05
4.67676e-05
3.50495e-05
2.3286e-05
1.16135e-05
2.9976e-06
1.27845e-05
2.436e-05
3.59225e-05
4.73557e-05
5.86052e-05
6.96286e-05
8.03874e-05
9.08457e-05
0.000100969
0.000110724
0.00012008
0.000129006
0.000137474
0.000145458
0.000152932
0.000159873
0.000166261
0.000172075
0.000177298
0.000181914
0.000185911
0.000189278
0.000192004
0.000194083
0.00019551
0.000196284
0.000196402
0.000195868
0.000194685
0.000192858
0.000190398
0.000187312
0.000183615
0.00017932
0.000174444
0.000169004
0.000163021
0.000156517
0.000149514
0.000142038
0.000134115
0.000125773
0.000117041
0.00010795
9.85312e-05
8.8817e-05
7.88412e-05
6.86381e-05
5.82434e-05
4.76938e-05
3.70283e-05
2.62917e-05
1.55538e-05
5.17135e-06
6.79985e-06
1.72573e-05
2.78535e-05
3.8362e-05
4.87221e-05
5.88924e-05
6.8837e-05
7.85219e-05
8.79152e-05
9.69863e-05
0.000105706
0.000114045
0.000121979
0.000129481
0.000136528
0.000143099
0.000149172
0.00015473
0.000159755
0.000164233
0.00016815
0.000171496
0.000174261
0.000176438
0.000178021
0.000179008
0.000179396
0.000179187
0.000178384
0.000176991
0.000175014
0.000172463
0.000169347
0.000165679
0.000161472
0.000156743
0.000151509
0.00014579
0.000139605
0.000132977
0.000125929
0.000118487
0.000110676
0.000102524
9.40585e-05
8.53096e-05
7.63073e-05
6.70828e-05
5.7668e-05
4.80961e-05
3.84018e-05
2.86233e-05
1.88106e-05
9.08788e-06
2.68398e-06
1.12575e-05
2.09201e-05
3.05601e-05
4.00885e-05
4.94612e-05
5.86432e-05
6.76027e-05
7.63095e-05
8.47351e-05
9.28519e-05
0.000100634
0.000108056
0.000115095
0.000121729
0.000127936
0.000133698
0.000138996
0.000143815
0.000148141
0.00015196
0.000155261
0.000158036
0.000160276
0.000161977
0.000163134
0.000163745
0.000163809
0.00016333
0.000162309
0.000160753
0.000158668
0.000156062
0.000152947
0.000149334
0.000145237
0.000140671
0.000135652
0.0001302
0.000124334
0.000118074
0.000111443
0.000104464
9.71613e-05
8.95605e-05
8.16879e-05
7.35707e-05
6.52371e-05
5.67157e-05
4.80363e-05
3.92296e-05
3.03283e-05
2.13702e-05
1.24163e-05
3.82597e-06
6.19152e-06
1.49438e-05
2.37807e-05
3.25397e-05
4.11724e-05
4.96449e-05
5.79271e-05
6.59911e-05
