
Dual Residual: 
2688.7
4907.8
163.661
95.941
49.9949
41.7744
40.7669
34.5648
25.6639
20.0959
20.2582
21.126
19.8609
17.2165
14.7157
13.2757
13.1534
14.0453
15.1059
15.4197
14.4861
12.3973
9.87457
8.24332
8.5331
9.92712
11.0402
11.1988
10.3191
8.68556
6.83237
5.45823
5.08415
5.43132
5.81602
5.86906
5.56488
5.09545
4.76849
4.8261
5.23082
5.72958
6.09176
6.22478
6.18554
6.14352
6.28128
6.65504
7.14891
7.57339
7.78394
7.7388
7.50474
7.22415
7.04231
7.01666
7.0792
7.09262
6.94051
6.58341
6.07075
5.51949
5.06061
4.76007
4.56861
4.36252
4.03614
3.56739
3.045
2.66729
2.63875
2.93989
3.35261
3.69796
3.91594
4.04663
4.18778
4.42923
4.7894
5.2086
5.59843
5.89301
6.07299
6.16411
6.21705
6.27668
6.35541
6.42791
6.44948
6.38314
6.21866
5.97635
5.69571
5.41411
5.14552
4.87296
4.5603
4.17527
3.7092
3.18581
2.65825
2.19495
1.85166
1.63623
1.50664
1.42701
1.42372
1.56929
1.89114
2.33476
2.81986
3.28409
3.69409
4.04389
4.3471
4.62431
4.88972
5.14314
5.37109
5.55523
5.68207
5.74879
5.76313
5.73802
5.68403
5.60372
5.49114
5.33629
5.13191
4.87852
4.58539
4.267
3.93676
3.60112
3.25772
2.89885
2.51898
2.12286
1.73254
1.39374
1.17781
1.14832
1.289
1.52536
1.80363
2.10321
2.41813
2.74299
3.06769
3.37875
3.66341
3.91333
4.12602
4.30369
4.45036
4.56871
4.65826
4.7157
4.7369
4.71936
4.66377
4.57389
4.45502
4.31183
4.14691
3.96076
3.75318
3.52555
3.28251
3.03244
2.78647
2.55653
2.3535
2.18657
2.06408
1.9945
1.98559
2.04072
2.15525
2.31652
2.50781
2.71303
2.91976
3.12001
3.30924
3.48473
3.64394
3.78374
3.90041
3.99046
4.05144
4.08238
4.08366
4.05634
4.00144
3.91944
3.81031
3.67406
3.51138
3.32413
3.11534
2.88893
2.64906
2.39992
2.14589
1.89268
1.64918
1.43002
1.25792
1.1617
1.16337
1.2607
1.42931
1.64117
1.87542
2.11866
2.36218
2.59966
2.82599
3.03678
3.22843
3.39819
3.5442
3.66531
3.76073
3.82982
3.87192
3.88639
3.87279
3.83106
3.76165
3.66545
3.54364
3.3975
3.22828
3.03725
2.82577
2.59549
2.34851
2.08739
1.81507
1.53493
1.25093
0.968732
0.699488
0.474461
0.38611
0.509152
0.740197
1.00068
1.26508
1.52364
1.77145
2.00553
2.22376
2.42448
2.60624
2.7677
2.90768
3.02522
3.11969
3.19075
3.23837
3.26276
3.26429
3.24349
3.20106
3.13792
3.0553
2.95474
2.83813
2.70766
2.56585
2.41555
2.26004
2.10321
1.94973
1.80522
1.67624
1.57005
1.49376
1.45297
1.45015
1.48383
1.54892
1.63829
1.74426
1.85969
1.97846
2.09548
2.20668
2.30885
2.39946
2.47661
2.53881
2.58495
2.61424
2.62618
2.62055
2.59741
2.55714
2.50039
2.42808
2.34142
2.24188
2.13131
2.01191
1.88645
1.75833
1.63174
1.51184
1.40478
1.31758
1.2574
1.23019
1.23891
1.28248
1.35612
1.453
1.56585
1.68805
1.81403
1.93922
2.05995
2.17327
2.27678
2.3685
2.44683
2.51046
2.55834
2.58969
2.60395
2.60074
2.57991
2.54148
2.4856
2.41262
2.32302
2.21743
2.09665
1.96157
1.81323
1.65278
1.48144
1.30055
1.11153
0.915928
0.71549
0.512442
0.310907
0.131657
0.158859
0.344163
0.540925
0.735564
0.924734
1.10652
1.27944
1.44219
1.59362
1.73272
1.85858
1.97044
2.06765
2.1497
2.2162
2.26691
2.30171
2.32063
2.32384
2.31165
2.28453
2.24308
2.18806
2.12037
2.04107
1.95141
1.8528
1.74691
1.63564
1.52122
1.40629
1.29398
1.18806
1.09299
1.01382
0.955737
0.923078
0.917965
0.939418
0.983591
1.04501
1.11793
1.19719
1.27853
1.35858
1.43469
1.50484
1.56746
1.62138
1.66573
1.69994
1.72363
1.73667
1.73912
1.73123
1.71343
1.68636
1.65084
1.6079
1.55876
1.5049
1.44801
1.39005
1.3332
1.27986
1.23256
1.19382
1.16592
1.15063
1.14893
1.16086
1.18549
1.22108
1.2654
1.31594
1.37018
1.42575
1.48047
1.53243
1.57996
1.62165
1.65628
1.68286
1.70059
1.70882
1.70708
1.69505
1.67255
1.63953
1.59608
1.54242
1.47889
1.40595
1.32421
1.23441
1.13745
1.03443
0.926756
0.81623
0.705384
0.598032
0.500391
0.422841
0.380523
0.386334
0.438068
0.520946
0.620708
0.728139
0.837758
0.946159
1.05106
1.15079
1.24409
1.32993
1.40748
1.47604
1.53505
1.58408
1.62278
1.65091
1.66833
1.67501
1.67101
1.65647
1.63163
1.59683
1.55251
1.49917
1.43743
1.36801
1.29171
1.20946
1.12234
1.0316
0.938706
0.84549
0.754263
0.668079
0.591036
0.528506
0.486749
0.471103
0.483096
0.519189
0.572816
0.637311
0.707355
0.779102
0.84984
0.917648
0.981139
1.0393
1.09139
1.13689
1.17543
1.20681
1.23093
1.24785
1.2577
1.26076
1.25737
1.24802
1.23327
1.21379
1.19035
1.16381
1.13513
1.10532
1.07547
1.04669
1.0201
0.996719
0.977474
0.963078
0.953991
0.950362
0.952019
0.958482
0.969016
0.982693
0.998472
1.01527
1.03201
1.04768
1.06135
1.0722
1.07951
1.08268
1.08123
1.07481
1.06316
1.04615
1.02376
0.996098
0.963379
0.925951
0.884307
0.839102
0.79118
0.741624
0.691803
0.643445
0.598699
0.560141
0.530655
0.513047
0.509407
0.520456
0.545298
0.581778
0.627155
0.678679
0.7339
0.790756
0.847554
0.902906
0.955672
1.0049
1.04981
1.08973
1.12411
1.1525
1.17454
1.18993
1.19847
1.20002
1.1945
1.18192
1.16233
1.13586
1.10269
1.06305
1.01724
0.9656
0.908533
0.846487
0.779968
0.709537
0.635829
0.559579
0.481677
0.403299
0.32622
0.253624
0.192304
0.156847
0.164321
0.208848
0.27116
0.339839
0.409859
0.478813
0.545345
0.608579
0.667888
0.722798
0.772942
0.818036
0.857868
0.89229
0.921218
0.944624
0.962541
0.975056
0.982315
0.984516
0.981913
0.974813
0.963575
0.948606
0.930364
0.909352
0.886115
0.861236
0.835332
0.809038
0.783004
0.757871
0.734251
0.712703
0.693701
0.677603
0.664623
0.654817
0.648071
0.644115
0.642548
0.642872
0.644527
0.646939
0.649544
0.651823
0.653318
0.653648
0.652514
0.64971
0.645123
0.638735
0.630625
0.620972
0.610049
0.598233
0.585991
0.573883
0.562538
0.552642
0.544893
0.539958
0.538414
0.540689
0.547014
0.557398
0.571626
0.589293
0.609843
0.632628
0.656949
0.682097
0.707383
0.732153
0.755798
0.777763
0.797545
0.814696
0.828822
0.839581
0.846681
0.849882
0.84899
0.84386
0.834391
0.820529
0.802262
0.77962
0.752673
0.721531
0.68634
0.647281
0.604571
0.558457
0.509216
0.457155
0.402611
0.345955
0.287601
0.228049
0.167998
0.108877
0.0565769
0.0487193
0.0963727
0.153848
0.21228
0.269903
0.325966
0.37998
0.431561
0.480378
0.526142
0.568596
0.607517
0.642713
0.674025
0.701325
0.72452
0.743548
0.758383
0.769032
0.775536
0.777971
0.776444
0.771098
0.762106
0.749675
0.734044
0.71548
0.694286
0.670794
0.645365
0.618397
0.590319
0.561593
0.53272
0.504234
0.476705
0.450729
0.426915
0.405862
0.388116
0.374123
0.36417
0.358337
0.356475
0.358225
0.363067
0.370389
0.379555
0.389961
0.401071
0.412435
0.423691
0.434566
0.444871
0.454487
0.463359
0.471487
0.478918
0.485734
0.492043
0.497974
0.503663
0.509246
0.51485
0.520584
0.52653
0.532743
0.539237
0.545991
0.552945
0.560005
0.56704
0.573894
0.580389
0.586327
0.591504
0.595708
0.598732
0.600373
0.600439
0.598752
0.595154
0.589503
0.581685
0.571607
0.559202
0.544433
0.527289
0.50779
0.485989
0.46197
0.435857
0.407814
0.378056
0.346861
0.314592
0.281741
0.248994
0.217354
0.188353
0.164318
0.148467
0.144057
0.152304
0.171328
0.197771
0.228654
0.261887
0.296088
0.330323
0.36393
0.396411
0.427376
0.456506
0.483535
0.50824
0.530432
0.549951
0.566669
0.580481
0.59131
0.599103
0.603831
0.605488
0.604095
0.599692
0.592345
0.582139
0.569184
0.55361
0.535567
0.515228
0.492787
0.46846
0.442489
0.415141
0.386717
0.357559
0.328064
0.298703
0.270052
0.242838
0.217985
0.196662
0.18025
0.170129
0.16723
0.17156
0.182141
0.197448
0.215928
0.236283
0.257528
0.278947
0.300026
0.320393
0.339784
0.35801
0.37494
0.390487
0.404601
0.41726
0.428465
0.438238
0.446615
0.453647
0.459393
0.463921
0.467302
0.469608
0.470914
0.471288
0.470795
0.469493
0.467433
0.464653
0.461185
0.457046
0.452247
0.446784
0.44065
0.433825
0.426287
0.418011
0.408968
0.399133
0.388486
0.377014
0.364714
0.351599
0.3377
0.323072
0.307799
0.291999
0.275837
0.259531
0.243372
0.227734
0.213097
0.200049
0.189284
0.181543
0.177513
0.177666
0.182135
0.190671
0.202736
0.217643
0.234683
0.253206
0.272645
0.292519
0.31242
0.332006
0.35098
0.369088
0.386107
0.401842
0.416124
0.428802
0.439746
0.448846
0.456007
0.461152
0.464221
0.465172
0.463975
0.460619
0.455109
0.447462
0.437714
0.425913
0.412122
0.396418
0.378889
0.35964
0.338785
0.316453
0.292783
0.267931
0.242066
0.215382
0.188102
0.160505
0.132978
0.10614
0.0811955
0.060908
0.0512293
0.0575093
0.0754568
0.0984183
0.123115
0.148169
0.17292
0.196995
0.22015
0.242212
0.263047
0.28255
0.300636
0.31724
0.33231
0.345809
0.357712
0.368008
0.376697
0.383789
0.389304
0.393274
0.395736
0.396738
0.396335
0.394588
0.391563
0.387332
0.381971
0.375558
0.368174
0.359903
0.350829
0.341037
0.330611
0.319637
0.308201
0.29639
0.284291
0.271994
0.259595
0.247193
0.234899
0.222833
0.211132
0.199955
0.189481
0.179914
0.171486
0.164441
0.159026
0.155467
0.153935
0.154518
0.157206
0.161891
0.168383
0.176441
0.185802
0.196203
0.207392
0.219137
0.231229
0.243477
0.25571
0.267772
0.27952
0.290823
0.301558
0.311612
0.320882
0.329268
0.336682
0.343041
0.34827
0.352301
0.355074
0.356539
0.356651
0.355377
0.35269
0.348574
0.34302
0.336031
0.327616
0.317797
0.306601
0.294067
0.280242
0.26518
0.248945
0.23161
0.213252
0.193959
0.173825
0.152952
0.131452
0.10945
0.087095
0.0646006
0.0423985
0.0222165
0.0165772
0.0336718
0.0551541
0.0771399
0.0989529
0.120333
0.141118
0.161186
0.180429
0.198753
0.216072
0.232308
0.247394
0.261266
0.273873
0.285169
0.295117
0.30369
0.310866
0.316635
0.320992
0.323943
0.325499
0.325681
0.324517
0.322042
0.318298
0.313334
0.307205
0.299973
0.291705
0.282473
0.272357
0.26144
0.249813
0.237573
0.224824
0.211679
0.198264
0.184719
0.171202
0.157902
0.145042
0.132894
0.12179
0.112129
0.104367
0.0989633
0.0962876
0.0965009
0.0994871
0.104888
0.112219
0.120984
0.130743
0.141138
0.151889
0.162777
0.173634
0.184325
0.194745
0.204808
0.214439
0.223579
0.232173
0.240174
0.247539
0.254231
0.260214
0.265455
0.269924
0.273592
0.276434
0.278426
0.279548
0.279781
0.279109
0.277519
0.275002
0.271552
0.267167
0.261848
0.255604
0.248444
0.240384
0.231447
0.221658
0.211051
0.199666
0.18755
0.174756
0.161352
0.147414
0.133039
0.11835
0.103509
0.0887589
0.0744787
0.0613308
0.0505234
0.0440676
0.0440506
0.0504806
0.0612755
0.0744175
0.08869
0.103423
0.118226
0.13285
0.147121
0.160904
0.174092
0.186593
0.198329
0.209232
0.21924
0.228303
0.236372
0.243411
0.249385
0.25427
0.258045
0.260697
0.26222
0.262614
0.261883
0.260041
0.257103
0.253095
0.248046
0.24199
0.234968
0.227026
0.218213
0.208587
0.198207
0.187139
0.175457
0.163239
0.150571
0.137553
0.124298
0.110945
0.0976738
0.0847303
0.0724805
0.0614996
0.052696
0.0473361
0.046575
0.0505027
0.0580148
0.0677465
0.0786841
0.0901918
0.10188
0.113502
0.12489
0.135928
0.146527
0.156621
0.166153
0.175082
0.18337
0.190987
0.19791
0.204117
0.209594
0.214326
0.218305
0.221523
0.223978
0.225667
0.226592
0.226756
0.226163
0.224822
0.222742
0.219934
0.216411
0.21219
0.207287
0.201722
0.195519
0.188701
0.181297
0.173336
0.164856
0.155893
0.146495
0.136712
0.126607
0.116254
0.105747
0.0952083
0.0848045
0.074773
0.065464
0.0573989
0.0513132
0.0480701
0.0482975
0.051947
0.0583322
0.0665895
0.0760055
0.0860774
0.0964649
0.106933
0.117312
0.127473
0.137316
0.146755
0.15572
0.164148
0.171984
0.179181
0.185696
0.191489
0.196528
0.200785
0.204234
0.206857
0.208638
0.209565
0.209633
0.208838
0.207185
0.204678
0.201329
0.197153
0.19217
0.186402
0.179877
0.172626
0.164683
0.156087
0.146879
0.137103
0.126808
0.116044
0.104866
0.0933333
0.0815104
0.0694718
0.05731
0.0451593
0.0332688
0.0222907
0.0146273
0.0160255
0.0248731
0.0358809
0.0473924
0.0589306
0.0702991
0.0813888
0.0921247
0.102449
0.112312
0.121672
0.130493
0.13874
0.146387
0.153405
0.159776
0.165478
0.170499
0.174825
0.178448
0.181363
0.183567
0.18506
0.185846
0.18593
0.185323
0.184034
0.182078
0.179472
0.176233
0.172383
0.167945
0.162943
0.157407
0.151364
0.144848
0.137893
0.130536
0.12282
0.114789
0.106495
0.0979975
0.0893684
0.0806962
0.0720971
0.0637308
0.0558274
0.0487283
0.0429317
0.0390904
0.0378349
0.0394027
0.0434452
0.0492882
0.0562878
0.0639678
0.0720058
0.0801844
0.0883526
0.0964003
0.104243
0.111814
0.119057
0.125925
0.132376
0.138372
0.143882
0.148876
0.153328
0.157215
0.160517
0.163215
0.165297
0.166748
0.167562
0.16773
0.16725
0.166122
0.164346
0.16193
0.158879
0.155207
0.150925
0.146051
0.140603
0.134603
0.128077
0.121049
0.113551
0.105612
0.0972675
0.0885519
0.0795029
0.0701602
0.0605655
0.0507631
0.0408018
0.0307405
0.0206707
0.0108645
0.00447792
0.011513
0.0212418
0.0311172
0.0408989
0.0505017
0.0598706
0.0689606
0.0777313
0.0861456
0.0941689
0.101769
0.108916
0.115583
0.121745
0.127379
0.132465
0.136986
0.140928
0.144279
0.14703
0.149174
0.150708
0.15163
0.151943
0.151652
0.150762
0.149283
0.147228
0.144612
0.141449
0.13776
0.133567
0.128891
0.123758
0.118197
0.112237
0.10591
0.0992498
0.0922953
0.0850877
0.077674
0.070109
0.0624594
0.0548121
0.047289
0.0400765
0.0334823
0.0280335
0.0245573
0.0239336
0.0263266
0.0309777
0.0369601
0.0436355
0.0506308
0.0577278
0.0647907
0.0717283
0.0784746
0.0849787
0.0911995
0.0971024
0.102658
0.107839
0.112624
0.116993
0.120926
0.124409
0.127427
0.129969
0.132025
0.133587
0.13465
0.135208
0.135261
0.134808
0.133851
0.132393
0.13044
0.128
0.125082
0.121697
0.117858
0.113582
0.108884
0.103784
0.0983023
0.0924617
0.0862869
0.0798046
0.073044
0.0660372
0.0588201
0.0514345
0.0439321
0.0363839
0.0289042
0.0217206
0.0154121
0.0116343
0.0128758
0.0180888
0.0248171
0.0320321
0.0393697
0.04667
0.0538441
0.0608324
0.0675895
0.0740776
0.0802641
0.0861197
0.0916181
0.0967354
0.10145
0.105743
0.109596
0.112995
0.115927
0.118381
0.120348
0.121823
0.122801
0.123281
0.123262
0.122748
0.121743
0.120253
0.118289
0.11586
0.11298
0.109663
0.105927
0.10179
0.0972711
0.0923935
0.0871806
0.0816574
0.0758511
0.0697907
0.0635075
0.0570359
0.0504148
0.0436908
0.0369242
0.0302042
0.0236877
0.0177114
0.0131235
0.0117127
0.0144007
0.019493
0.0255067
0.0318335
0.0382246
0.0445579
0.0507617
0.056787
0.0625964
0.0681595
0.0734504
0.0784462
0.0831267
0.087474
0.0914719
0.0951062
0.0983643
0.101235
0.10371
0.105782
0.107444
0.108691
0.109523
0.109936
0.109932
0.109513
0.108682
0.107445
0.105807
0.103777
0.101364
0.0985801
0.0954364
0.0919472
0.0881275
0.083994
0.0795646
0.0748589
0.0698979
0.0647047
0.0593044
0.0537251
0.047999
0.0421649
0.0362728
0.0303947
0.024648
0.0192589
0.014726
0.0121232
0.01271
0.0161106
0.0209449
0.0263704
0.0320143
0.0377013
0.0433347
0.0488533
0.0542128
0.0593782
0.0643206
0.0690146
0.0734376
0.0775694
0.0813919
0.0848885
0.0880447
0.0908474
0.0932853
0.0953488
0.0970297
0.0983219
0.0992206
0.099723
0.0998278
0.0995355
0.0988482
0.0977697
0.0963055
0.0944626
0.0922498
0.0896771
0.0867563
0.0835006
0.0799244
0.0760435
0.0718752
0.0674375
0.06275
0.0578332
0.0527085
0.0473985
0.041927
0.036319
0.0306017
0.0248063
0.0189731
0.0131717
0.00760991
0.0037527
0.00645778
0.0118035
0.0174469
0.0230935
0.0286616
0.0341095
0.0394075
0.0445309
0.0494581
0.0541691
0.0586457
0.0628709
0.0668289
0.0705057
0.073888
0.0769644
0.0797243
0.0821589
0.0842606
0.0860231
0.0874416
0.0885128
0.0892345
0.0896061
0.0896285
0.0893036
0.0886349
0.0876272
0.0862866
0.0846203
0.0826369
0.0803462
0.0777592
0.074888
0.0717457
0.0683469
0.0647069
0.0608424
0.0567714
0.0525131
0.0480883
0.0435204
0.0388355
0.0340648
0.0292483
0.0244429
0.0197413
0.0153239
0.0115966
0.00946466
0.0100074
0.0128595
0.0168401
0.0212688
0.0258552
0.0304641
0.0350219
0.0394815
0.043809
0.0479777
0.0519652
0.0557519
0.0593205
0.0626556
0.0657431
0.0685703
0.0711259
0.0733999
0.0753834
0.077069
0.0784504
0.0795226
0.0802819
0.0807259
0.0808533
0.0806643
0.0801604
0.0793441
0.0782193
0.0767913
0.0750664
0.0730522
0.0707573
0.0681917
0.0653661
0.0622927
0.0589843
0.0554548
0.0517191
0.0477926
0.0436918
0.0394338
0.0350365
0.0305182
0.0258983
0.0211971
0.016437
0.0116457
0.006875
0.00243988
0.00343204
0.0080052
0.012707
0.0173732
0.0219633
0.0264527
0.0308213
0.0350509
0.0391244
0.0430259
0.0467401
0.0502531
0.0535515
0.0566231
0.0594567
0.062042
0.0643699
0.0664324
0.0682227
0.069735
0.0709646
0.0719082
0.0725636
0.0729296
0.0730065
0.0727954
0.0722989
0.0715205
0.0704649
0.0691379
0.0675464
0.0656981
0.0636021
0.0612681
0.0587069
0.0559304
0.052951
0.0497822
0.0464385
0.0429351
0.0392884
0.035516
0.0316372
0.027674
0.0236528
0.0196091
0.0155979
0.0117266
0.00826622
0.00602705
0.00644192
0.00912553
0.0126698
0.0164794
0.020353
0.0242053
0.0279904
0.0316781
0.0352459
0.0386749
0.0419492
0.0450546
0.047978
0.0507078
0.0532335
0.0555453
0.0576348
0.0594943
0.0611171
0.0624977
0.0636314
0.0645145
0.0651444
0.0655195
0.0656389
0.0655032
0.0651137
0.0644726
0.0635833
0.06245
0.0610779
0.0594733
0.057643
0.055595
0.053338
0.0508817
0.0482364
0.0454132
0.042424
0.0392814
0.0359986
0.0325897
0.0290696
0.0254542
0.0217609
0.0180099
0.0142271
0.0104546
0.0067938
0.00369233
0.00344953
0.00637447
0.00995183
0.0136328
0.0173025
0.0209163
0.0244483
0.0278791
0.0311922
0.0343731
0.0374087
0.0402865
0.0429953
0.0455245
0.0478644
0.0500064
0.0519424
0.0536656
0.0551696
0.0564495
0.0575009
0.0583206
0.0589062
0.0592564
0.0593708
0.0592499
0.0588952
0.0583091
0.0574952
0.0564576
0.0552014
0.0537328
0.0520587
0.0501866
0.048125
0.0458831
0.0434709
0.0408989
0.0381783
0.0353211
0.0323396
0.0292472
0.0260577
0.0227861
0.0194489
0.0160655
0.0126616
0.00928085
0.0060329
0.00339877
0.00341436
0.00603156
0.00921956
0.0125074
0.0157879
0.0190188
0.0221758
0.0252413
0.0282004
0.0310405
0.0337498
0.0363175
0.0387339
0.0409897
0.0430768
0.0449875
0.0467151
0.0482536
0.0495977
0.050743
0.0516859
0.0524236
0.0529542
0.0532763
0.0533897
0.0532948
0.0529929
0.0524861
0.0517771
0.0508696
0.049768
0.0484775
0.0470038
0.0453535
0.0435339
0.0415528
0.0394188
0.037141
0.0347291
0.0321934
0.029545
0.0267955
0.0239572
0.0210436
0.0180699
0.0150542
0.0120209
0.00901147
0.00612431
0.00372218
0.00322263
0.0051884
0.00793514
0.0108506
0.0137893
0.0166988
0.0195514
0.0223284
0.025015
0.0275985
0.0300676
0.0324121
0.0346224
0.0366898
0.0386063
0.0403647
0.0419584
0.0433814
0.0446287
0.0456959
0.0465794
0.0472761
0.0477841
0.048102
0.0482291
0.0481656
0.0479125
0.0474716
0.0468451
0.0460364
0.0450493
0.0438884
0.042559
0.0410671
0.0394191
0.0376223
0.0356845
0.0336138
0.0314191
0.0291097
0.0266952
0.0241858
0.0215919
0.0189245
0.0161948
0.0134147
0.0105969
0.00775677
0.00491831
0.00217284
0.00136291
0.00392836
0.00670975
0.00948426
0.0122195
0.0148992
0.0175111
0.0200442
0.0224883
0.024834
0.0270723
0.0291947
0.0311933
0.0330608
0.0347905
0.036376
0.0378118
0.039093
0.0402151
0.0411747
0.0419685
0.0425943
0.0430504
0.0433358
0.0434502
0.0433939
0.0431679
0.0427739
0.0422142
0.0414918
0.0406103
0.0395739
0.0383874
0.0370562
0.0355862
0.0339838
0.0322561
0.0304105
0.0284549
0.0263978
0.0242481
0.0220151
0.019709
0.0173404
0.0149212
0.0124655
0.0099914
0.00752858
0.00514377
0.00307828
0.00241545
0.00392788
0.00616005
0.0085369
0.0109328
0.0133046
0.0156302
0.0178944
0.0200856
0.0221935
0.024209
0.026124
0.0279308
0.0296223
0.0311921
0.0326343
0.0339436
0.0351152
0.0361449
0.0370293
0.0377651
0.0383502
0.0387827
0.0390614
0.0391859
0.039156
0.0389726
0.0386368
0.0381507
0.0375165
0.0367374
0.035817
0.0347594
0.0335692
0.0322518
0.0308127
0.0292581
0.0275945
0.025829
0.0239689
0.022022
0.0199963
0.0179001
0.0157421
0.0135312
0.0112766
0.00898792
0.00667548
0.00435237
0.00204889
0.000652256
0.00274788
0.00503274
0.00730389
0.00954132
0.0117338
0.0138719
0.015947
0.017951
0.0198762
0.0217152
0.023461
0.0251071
0.0266475
0.0280765
0.0293889
0.03058
0.0316456
0.0325822
0.0333865
0.0340559
0.0345884
0.0349826
0.0352374
0.0353524
0.035328
0.0351647
0.0348638
0.0344272
0.0338572
0.0331566
0.0323288
0.0313777
0.0303075
0.0291231
0.0278296
0.0264328
0.0249386
0.0233534
0.021684
0.0199376
0.0181217
0.0162442
0.0143133
0.0123381
0.0103287
0.00829705
0.00626087
0.00425567
0.00240799
0.00153079
0.00277275
0.00465175
0.00662334
0.00859794
0.0105468
0.0124547
0.014311
0.0161067
0.0178341
0.0194861
0.0210562
0.0225381
0.0239264
0.0252158
0.0264016
0.0274794
0.0284455
0.0292965
0.0300294
0.0306418
0.0311318
0.0314979
0.0317392
0.0318552
0.031846
0.031712
0.0314543
0.0310744
0.0305742
0.0299561
0.0292231
0.0283785
0.027426
0.0263698
0.0252144
0.0239648
0.0226264
0.0212046
0.0197055
0.0181353
0.0165006
0.0148081
0.0130651
0.0112787
0.00945698
0.00760836
0.00574308
0.00387686
0.00205552
0.00080701
0.00206818
0.00386778
0.00569605
0.00750834
0.00928944
0.0110297
0.0127212
0.0143568
0.01593
0.0174346
0.0188648
0.0202153
0.0214808
0.0226568
0.0237389
0.0247231
0.0256061
0.0263847
0.0270563
0.0276186
0.0280698
0.0284087
0.0286344
0.0287463
0.0287447
0.0286298
0.0284028
0.0280649
0.0276179
0.0270641
0.0264061
0.0256469
0.0247901
0.0238393
0.0227987
0.0216729
0.0204667
0.0191852
0.0178339
0.0164184
0.0149446
0.0134189
0.0118476
0.0102375
0.00859582
0.00693047
0.00525114
0.00357326
0.00194226
0.000809222
0.00184134
0.00344427
0.00508596
0.00671658
0.00832044
0.00988817
0.0114124
0.0128867
0.0143049
0.0156617
0.0169518
0.0181702
0.0193125
0.0203744
0.0213521
0.022242
0.0230411
0.0237465
0.024356
0.0248673
0.0252791
0.02559
0.0257993
0.0259066
0.0259119
0.0258155
0.0256183
0.0253215
0.0249266
0.0244357
0.0238509
0.0231751
0.0224112
0.0215627
0.0206331
0.0196266
0.0185473
0.0173999
0.0161892
0.0149202
0.0135983
0.012229
0.0108181
0.00937169
0.00789626
0.00639898
0.00488869
0.00337933
0.00190994
0.000804601
0.00155163
0.00297372
0.00444927
0.0059194
0.00736751
0.00878441
0.0101631
0.0114976
0.0127825
0.0140124
0.0151828
0.0162891
0.0173272
0.0182932
0.0191834
0.0199948
0.0207244
0.0213696
0.0219282
0.0223984
0.0227786
0.0230676
0.0232648
0.0233697
0.0233823
0.0233028
0.023132
0.0228708
0.0225208
0.0220836
0.0215612
0.0209562
0.0202712
0.0195093
0.0186737
0.0177681
0.0167964
0.0157626
0.0146711
0.0135264
0.0123334
0.0110969
0.00982212
0.00851431
0.00717896
0.00582184
0.00444924
0.00306905
0.00169696
0.000481981
0.0012125
0.00255452
0.00390788
0.00524636
0.006561
0.00784552
0.00909449
0.0103029
0.0114661
0.0125795
0.0136389
0.0146404
0.0155803
0.0164551
0.0172615
0.0179969
0.0186584
0.0192439
0.0197513
0.0201791
0.0205258
0.0207904
0.0209723
0.021071
0.0210865
0.0210192
0.0208697
0.0206388
0.0203278
0.0199384
0.0194723
0.0189317
0.0183191
0.0176372
0.016889
0.0160776
0.0152066
0.0142797
0.0133008
0.0122739
0.0112034
0.0100938
0.00894974
0.00777615
0.00657821
0.00536162
0.00413316
0.00290295
0.00169618
0.000693656
0.00111273
0.00225776
0.00345839
0.00465641
0.00583731
0.00699343
0.00811903
0.00920921
0.0102595
0.0112656
0.0122238
0.0131303
0.0139818
0.014775
0.0155072
0.0161755
0.0167776
0.0173115
0.0177752
0.0181672
0.0184863
0.0187315
0.0189022
0.0189979
0.0190185
0.0189643
0.0188359
0.0186339
0.0183596
0.0180141
0.0175993
0.017117
0.0165694
0.0159589
0.0152882
0.0145601
0.0137777
0.0129444
0.0120637
0.0111391
0.0101747
0.00917421
0.00814193
0.00708209
0.00599908
0.00489751
0.00378231
0.0026593
0.00153837
0.000482257
0.000819571
0.00190932
0.00301265
0.00410458
0.00517769
0.00622689
0.00724775
0.00823621
0.00918839
0.0101006
0.0109695
0.0117917
0.0125642
0.0132841
0.0139488
0.0145559
0.0151033
0.0155891
0.0160115
0.0163693
0.0166612
0.0168864
0.0170442
0.0171344
0.0171569
0.0171118
0.0169997
0.0168212
0.0165773
0.0162692
0.0158986
0.0154669
0.0149764
0.014429
0.0138272
0.0131736
0.0124711
0.0117225
0.010931
0.0101
0.00923295
0.00833341
0.00740515
0.00645208
0.00547826
0.00448803
0.00348626
0.0024793
0.00147995
0.000565986
0.000735287
0.00167984
0.00266508
0.00364567
0.00461145
0.00555682
0.0064774
0.00736932
0.008229
0.00905308
0.0098384
0.010582
0.0112811
0.011933
0.0125355
0.0130864
0.0135836
0.0140255
0.0144104
0.0147373
0.0150049
0.0152125
0.0153595
0.0154456
0.0154706
0.0154348
0.0153386
0.0151824
0.0149673
0.0146942
0.0143646
0.0139799
0.0135418
0.0130523
0.0125136
0.0119279
0.0112978
0.0106259
0.0099151
0.00916827
0.00838854
0.00757917
0.00674348
0.00588496
0.00500721
0.004114
0.00320943
0.00229847
0.00138965
0.000526237
0.000570531
0.00143363
0.00232777
0.00321593
0.00409019
0.00494588
0.00577923
0.00658681
0.00736543
0.00811206
0.00882386
0.00949813
0.0101323
0.0107242
0.0112714
0.0117722
0.0122246
0.0126271
0.0129783
0.013277
0.0135223
0.0137134
0.0138499
0.0139313
0.0139575
0.0139288
0.0138455
0.013708
0.0135172
0.0132741
0.0129797
0.0126356
0.0122431
0.0118042
0.0113207
0.0107947
0.0102285
0.00962437
0.00898497
0.00831294
0.00761108
0.00688229
0.00612958
0.00535607
0.00456498
0.00375966
0.00294371
0.0021213
0.00129894
0.000504634
0.000455461
0.00123661
0.00204506
0.00284751
0.00363727
0.00441029
0.00516324
0.00589305
0.00659686
0.00727197
0.00791579
0.00852591
0.00910006
0.00963611
0.0101321
0.0105863
0.010997
0.0113628
0.0116825
0.011955
0.0121793
0.012355
0.0124813
0.0125581
0.0125852
0.0125628
0.0124912
0.0123707
0.0122022
0.0119864
0.0117244
0.0114175
0.011067
0.0106744
0.0102416
0.00977029
0.00926259
0.00872064
0.00814669
0.00754317
0.00691258
0.00625754
0.00558077
0.0048851
0.00417345
0.00344891
0.00271487
0.00197541
0.00123747
0.000530357
0.000397424
0.00107212
0.00179626
0.00251859
0.00323075
0.00392852
0.00460864
0.00526826
0.00590474
0.00651557
0.00709843
0.00765109
0.00817149
0.0086577
0.00910792
0.00952054
0.00989406
0.0102272
0.0105188
0.0107678
0.0109735
0.0111352
0.0112526
0.0113251
0.0113529
0.0113359
0.0112745
0.0111689
0.0110199
0.0108282
0.0105947
0.0103205
0.0100068
0.00965514
0.00926694
0.0088439
0.00838784
0.00790069
0.00738449
0.00684141
0.0062737
0.00568369
0.00507382
0.0044466
0.00380459
0.00315046
0.00248697
0.00181716
0.00114489
0.000480914
0.000263091
0.000903223
0.00156465
0.00222025
0.00286537
0.00349699
0.00411247
0.00470938
0.0052854
0.00583831
0.00636604
0.00686659
0.0073381
0.00777883
0.00818718
0.00856166
0.00890096
0.00920387
0.00946935
0.00969653
0.00988465
0.0100331
0.0101416
0.0102097
0.0102375
0.0102249
0.0101721
0.0100796
0.00994789
0.00977761
0.00956962
0.00932488
0.00904451
0.00872978
0.00838204
0.00800282
0.00759375
0.00715654
0.00669306
0.00620523
0.00569509
0.00516477
0.00461646
0.00405243
0.00347507
0.00288685
0.00229044
0.00168902
0.00108745
0.000502604
0.000261578
0.000789749
0.00137864
0.00196731
0.00254816
0.00311763
0.00367305
0.00421207
0.00473254
0.00523242
0.00570979
0.00616283
0.00658986
0.00698928
0.00735963
0.00769956
0.00800786
0.00828345
0.00852537
0.0087328
0.00890506
0.00904163
0.00914211
0.00920625
0.00923395
0.00922524
0.00918032
0.00909949
0.00898324
0.00883215
0.00864697
0.00842856
0.00817792
0.00789617
0.00758454
0.00724438
0.00687715
0.0064844
0.00606778
0.00562904
0.00517
0.00469254
0.00419864
0.00369032
0.00316967
0.00263883
0.00210004
0.00155569
0.00100871
0.00046567
0.000152705
0.000657627
0.00119602
0.00173042
0.00225666
0.00277221
0.00327493
0.00376281
0.00423396
0.00468657
0.00511892
0.00552939
0.00591645
0.00627866
0.0066147
0.00692337
0.00720354
0.00745424
0.00767461
0.0078639
0.00802149
0.0081469
0.00823976
0.00829985
0.00832706
0.00832143
0.0082831
0.00821238
0.00810966
0.00797549
0.00781052
0.00761554
0.00739143
0.0071392
0.00685995
0.00655491
0.00622537
0.00587274
0.00549851
0.00510425
0.00469159
0.00426225
0.00381801
0.00336072
0.00289227
0.00241466
0.00193001
0.00144072
0.00095022
0.000468035
0.000169622
0.000573558
0.00105304
0.0015331
0.00200703
0.00247193
0.0029256
0.00336616
0.00379182
0.00420094
0.00459194
0.00496335
0.00531376
0.00564188
0.00594651
0.00622653
0.00648095
0.00670887
0.0069095
0.00708215
0.00722628
0.00734142
0.00742723
0.00748352
0.00751016
0.00750718
0.00747472
0.00741301
0.00732243
0.00720345
0.00705664
0.00688271
0.00668245
0.00645675
0.00620661
0.0059331
0.00563742
0.00532079
0.00498457
0.00463016
0.00425903
0.00387271
0.00347279
0.00306092
0.00263879
0.00220815
0.00177082
0.00132875
0.000884343
0.000442534
0.000105726
0.000475439
0.00091222
0.00134727
0.0017762
0.00219678
0.0026072
0.0030058
0.00339101
0.00376136
0.00411543
0.0044519
0.0047695
0.00506705
0.00534347
0.00559775
0.00582899
0.00603636
0.00621915
0.00637675
0.00650862
0.00661437
0.00669368
0.00674635
0.00677227
0.00677147
0.00674405
0.00669023
0.00661033
0.00650478
0.00637408
0.00621887
0.00603986
0.00583784
0.00561371
0.00536844
0.00510308
0.00481877
0.00451671
0.00419815
0.00386443
0.00351693
0.00315709
0.00278639
0.00240638
0.00201864
0.00162486
0.00122688
0.000827122
0.000431009
0.000118227
0.000409181
0.000799819
0.00119142
0.00157818
0.00195773
0.00232833
0.00268842
0.00303657
0.00337142
0.0036917
0.00399619
0.00428375
0.00455331
0.00480389
0.00503456
0.00524451
0.005433
0.00559936
0.00574303
0.00586355
0.00596053
0.00603369
0.00608284
0.00610788
0.00610882
0.00608574
0.00603885
0.00596841
0.00587482
0.00575852
0.00562006
0.0054601
0.00527934
0.00507857
0.00485868
0.00462061
0.00436536
0.00409402
0.00380772
0.00350764
0.00319504
0.0028712
0.00253746
0.00219517
0.00184578
0.00149074
0.00113163
0.000770364
0.00041046
9.51753e-05
0.00033828
0.000692597
0.00104685
0.00139651
0.00173963
0.00207469
0.00240033
0.00271526
0.00301827
0.0033082
0.00358396
0.00384451
0.00408889
0.00431621
0.00452563
0.0047164
0.00488785
0.00503939
0.00517049
0.00528073
0.00536976
0.00543732
0.00548322
0.00550738
0.00550979
0.00549053
0.00544977
0.00538774
0.0053048
0.00520134
0.00507786
0.00493493
0.00477319
0.00459336
0.00439621
0.0041826
0.00395343
0.00370968
0.00345235
0.00318254
0.00290135
0.00260995
0.00230955
0.00200137
0.00168672
0.00136693
0.00104348
0.000718165
0.000394525
0.000107332
0.000288049
0.000605174
0.000924256
0.00123968
0.00154943
0.00185206
0.00214631
0.002431
0.00270502
0.00296732
0.0032169
0.00345284
0.00367425
0.00388033
0.00407031
0.00424352
0.00439935
0.00453724
0.00465674
0.00475745
0.00483905
0.00490129
0.00494402
0.00496714
0.00497064
0.0049546
0.00491914
0.0048645
0.00479097
0.00469891
0.00458877
0.00446104
0.00431631
0.00415522
0.00397846
0.0037868
0.00358105
0.00336209
0.00313082
0.00288821
0.00263527
0.00237304
0.0021026
0.00182506
0.00154156
0.00125331
0.000961575
0.000667837
0.000374605
0.000101191
0.000235824
0.000523045
0.000811527
0.00109658
0.00137651
0.00165005
0.00191607
0.00217353
0.00242143
0.00265881
0.00288479
0.00309851
0.00329919
0.00348607
0.0036585
0.00381583
0.00395753
0.00408309
0.00419208
0.00428415
0.004359
0.00441641
0.00445623
0.00447836
0.0044828
0.0044696
0.00443888
0.00439084
0.00432574
0.0042439
0.00414572
0.00403165
0.0039022
0.00375795
0.00359952
0.0034276
0.00324292
0.00304626
0.00283844
0.00262034
0.00239286
0.00215693
0.00191354
0.00166368
0.0014084
0.00114879
0.000886029
0.000621516
0.000357749
0.000111633
0.000199424
0.000455769
0.000715514
0.000972629
0.00122532
0.00147239
0.00171277
0.00194551
0.00216969
0.00238446
0.002589
0.00278254
0.00296437
0.0031338
0.00329023
0.00343309
0.00356188
0.00367614
0.00377548
0.00385958
0.00392816
0.00398102
0.00401802
0.00403907
0.00404417
0.00403334
0.00400671
0.00396445
0.00390677
0.00383398
0.00374641
0.00364449
0.00352866
0.00339944
0.0032574
0.00310314
0.00293732
0.00276065
0.00257386
0.00237774
0.00217309
0.00196076
0.00174162
0.00151658
0.00128656
0.00105251
0.000815465
0.00057656
0.000337524
0.000107205
0.000159079
0.000392062
0.000627122
0.000859577
0.00108799
0.00131133
0.00152866
0.00173914
0.00194195
0.00213631
0.00232149
0.00249679
0.00266157
0.00281521
0.00295715
0.0030869
0.00320397
0.00330797
0.00339855
0.00347539
0.00353825
0.00358695
0.00362135
0.00364137
0.00364699
0.00363826
0.00361526
0.00357815
0.00352712
0.00346244
0.00338442
0.00329341
0.00318984
0.00307415
0.00294686
0.00280851
0.0026597
0.00250106
0.00233324
0.00215695
0.00197293
0.00178194
0.00158475
0.0013822
0.00117512
0.00096439
0.000750961
0.000535947
0.000321172
0.000115835
0.000135218
0.000341339
0.000552641
0.000762165
0.000968273
0.00116993
0.00136628
0.00155652
0.00173991
0.00191573
0.00208332
0.00224206
0.00239134
0.00253062
0.00265939
0.00277718
0.00288358
0.00297821
0.00306074
0.00313091
0.00318849
0.0032333
0.00326522
0.00328417
0.00329014
0.00328315
0.00326329
0.00323068
0.00318551
0.00312801
0.00305845
0.00297715
0.00288449
0.00278087
0.00266675
0.00254263
0.00240902
0.0022665
0.00211567
0.00195714
0.00179159
0.00161969
0.00144215
0.0012597
0.00107309
0.000883091
0.000690525
0.000496292
0.000301645
0.000111247
0.000103673
0.000291861
0.000483295
0.00067281
0.000859157
0.00104148
0.00121902
0.00139107
0.00155698
0.00171609
0.00186782
0.00201159
0.00214687
0.00227315
0.00238998
0.00249694
0.00259365
0.00267976
0.00275499
0.00281908
0.00287182
0.00291306
0.00294267
0.0029606
0.00296681
0.00296134
0.00294425
0.00291566
0.00287572
0.00282464
0.00276268
0.0026901
0.00260726
0.00251451
0.00241225
0.00230094
0.00218105
0.00205309
0.00191759
0.00177511
0.00162626
0.00147165
0.00131192
0.00114773
0.000979757
0.000808721
0.000635383
0.000460628
0.000285821
0.000116377
8.96102e-05
0.000253909
0.000425695
0.000596397
0.00076448
0.000929061
0.00108942
0.0012449
0.00139489
0.00153881
0.00167611
0.00180627
0.00192881
0.00204327
0.00214924
0.00224634
0.00233421
0.00241254
0.00248108
0.00253959
0.00258787
0.00262579
0.00265323
0.00267013
0.00267647
0.00267226
0.00265757
0.00263249
0.00259717
0.00255179
0.00249657
0.00243176
0.00235766
0.0022746
0.00218295
0.00208309
0.00197546
0.00186052
0.00173873
0.00161062
0.00147672
0.00133757
0.00119375
0.00104585
0.000894484
0.000740268
0.000583864
0.000425986
0.000267572
0.000111326
6.45069e-05
0.000215404
0.000371242
0.000525721
0.000677728
0.000826549
0.000971562
0.00111219
0.00124789
0.00137814
0.00150244
0.00162034
0.00173138
0.00183516
0.00193131
0.00201947
0.00209933
0.00217061
0.00223306
0.00228648
0.00233069
0.00236556
0.00239098
0.0024069
0.00241329
0.00241017
0.00239759
0.00237564
0.00234444
0.00230415
0.00225496
0.00219712
0.00213088
0.00205654
0.00197442
0.00188488
0.00178831
0.0016851
0.00157571
0.00146057
0.00134019
0.00121504
0.00108565
0.000952557
0.000816312
0.000677491
0.000536708
0.000394663
0.000252369
0.000113103
5.79299e-05
0.000187136
0.000326776
0.000465856
0.000602933
0.000737251
0.000868212
0.000995278
0.00111795
0.00123574
0.00134821
0.00145494
0.00155551
0.00164957
0.00173676
0.00181678
0.00188932
0.00195415
0.00201104
0.00205978
0.00210024
0.00213227
0.00215579
0.00217075
0.00217711
0.00217489
0.00216413
0.00214491
0.00211734
0.00208156
0.00203775
0.00198611
0.00192688
0.00186032
0.00178672
0.00170641
0.00161972
0.00152703
0.00142871
0.0013252
0.0012169
0.00110428
0.000987794
0.000867919
0.00074515
0.000619994
0.000492982
0.000364688
0.000235833
0.000108148
3.88392e-05
0.000157475
0.00028423
0.00041011
0.000534082
0.000655538
0.000773966
0.000888893
0.000999871
0.00110647
0.0012083
0.00130495
0.00139609
0.00148137
0.00156047
0.00163312
0.00169904
0.00175802
0.00180985
0.00185434
0.00189137
0.0019208
0.00194257
0.00195661
0.00196289
0.00196144
0.00195228
0.00193549
0.00191115
0.00187941
0.0018404
0.00179432
0.00174138
0.00168182
0.00161588
0.00154387
0.00146609
0.00138287
0.00129456
0.00120154
0.00110418
0.00100289
0.000898091
0.000790218
0.000679717
0.000567056
0.000452727
0.000337287
0.000221502
0.000107462
3.83432e-05
0.000136567
0.00024997
0.000363258
0.000475031
0.000584639
0.000691581
0.000795415
0.000895728
0.000992129
0.00108425
0.00117174
0.00125428
0.00133155
0.00140328
0.00146921
0.00152909
0.00158271
0.0016299
0.00167049
0.00170435
0.00173138
0.00175149
0.00176463
0.00177079
0.00176996
0.00176218
0.0017475
0.00172602
0.00169784
0.00166311
0.00162198
0.00157465
0.00152133
0.00146225
0.00139767
0.00132786
0.00125312
0.00117377
0.00109013
0.00100256
0.000911422
0.000817081
0.00071993
0.000620369
0.000518809
0.000415679
0.00031144
0.000206657
0.000102505
2.50251e-05
0.00011377
0.000216777
0.000319325
0.000420413
0.000519523
0.000616227
0.000710138
0.000800886
0.000888123
0.000971518
0.00105076
0.00112554
0.00119559
0.00126066
0.00132051
0.00137492
0.0014237
0.00146668
0.00150373
0.00153471
0.00155952
0.00157811
0.00159041
0.00159641
0.00159611
0.00158954
0.00157675
0.00155781
0.00153282
0.00150191
0.00146523
0.00142293
0.00137522
0.0013223
0.0012644
0.00120177
0.00113468
0.0010634
0.000988245
0.00090952
0.000827552
0.000742681
0.000655257
0.000565645
0.00047422
0.000381381
0.00028757
0.000193371
0.000100157
2.86567e-05
9.84039e-05
0.000190413
0.000282678
0.000373812
0.000463248
0.000550571
0.000635414
0.000717438
0.000796324
0.00087177
0.000943489
0.00101121
0.00107469
0.00113369
0.00118799
0.0012374
0.00128175
0.00132088
0.00135466
0.00138298
0.00140575
0.0014229
0.00143439
0.00144019
0.00144032
0.00143478
0.00142362
0.00140692
0.00138475
0.00135724
0.00132451
0.0012867
0.001244
0.00119658
0.00114466
0.00108845
0.0010282
0.000964162
0.000896599
0.000825795
0.000752042
0.000675644
0.000596916
0.00051618
0.000433772
0.000350038
0.000265349
0.000180147
9.52492e-05
2.1311e-05
8.09383e-05
0.000164577
0.000248107
0.000330531
0.000411399
0.000490358
0.000567089
0.000641288
0.000712671
0.000780965
0.000845912
0.00090727
0.000964811
0.00101832
0.00106762
0.00111251
0.00115284
0.00118848
0.0012193
0.00124519
0.00126609
0.00128192
0.00129265
0.00129825
0.00129873
0.0012941
0.0012844
0.00126969
0.00125005
0.00122557
0.00119638
0.00116261
0.0011244
0.00108194
0.00103539
0.000984971
0.000930888
0.00087337
0.00081266
0.000749011
0.000682686
0.000613959
0.000543117
0.000470451
0.000396269
0.00032089
0.000244669
0.000168056
9.19932e-05
2.61978e-05
6.99155e-05
0.000144414
0.000219529
0.00029382
0.000366787
0.00043808
0.000507397
0.000574459
0.000639005
0.000700785
0.000759566
0.000815127
0.000867261
0.000915776
0.000960496
0.00100126
0.00103792
0.00107036
0.00109845
0.00112212
0.00114128
0.00115587
0.00116587
0.00117124
0.00117198
0.00116812
0.00115969
0.00114673
0.00112932
0.00110754
0.0010815
0.00105132
0.00101713
0.000979082
0.000937348
0.000892102
0.000843539
0.000791862
0.000737289
0.000680047
0.000620372
0.000558511
0.000494718
0.000429256
0.000362394
0.000294415
0.000225616
0.000156348
8.71977e-05
2.28748e-05
5.65205e-05
0.000124319
0.000192337
0.000259531
0.000325508
0.000389971
0.000452658
0.000513319
0.000571722
0.000627643
0.00068087
0.000731204
0.000778458
0.00082246
0.000863047
0.000900076
0.000933415
0.000962947
0.000988572
0.00101021
0.00102778
0.00104124
0.00105055
0.00105569
0.00105666
0.00105348
0.00104616
0.00103476
0.00101934
0.000999982
0.000976768
0.00094981
0.000919229
0.000885161
0.000847755
0.000807171
0.000763583
0.000717174
0.000668141
0.000616686
0.000563025
0.000507379
0.000449978
0.000391061
0.000330875
0.000269679
0.000207758
0.000145461
8.3452e-05
2.65623e-05
4.88206e-05
0.000108969
0.000170098
0.000230648
0.000290171
0.00034837
0.000404996
0.00045982
0.000512625
0.00056321
0.00061138
0.000656956
0.000699766
0.000739655
0.000776475
0.000810094
0.000840394
0.000867268
0.000890624
0.000910385
0.000926488
0.000938885
0.000947541
0.000952439
0.000953573
0.000950957
0.000944614
0.000934586
0.000920926
0.000903704
0.000883002
0.000858916
0.000831554
0.000801037
0.000767499
0.000731084
0.000691948
0.000650255
0.00060618
0.000559908
0.000511629
0.000461544
0.000409857
0.000356783
0.000302539
0.000247354
0.000191468
0.000135157
7.88501e-05
2.4891e-05
3.84969e-05
9.33347e-05
0.000148712
0.000203486
0.000257309
0.000309934
0.000361143
0.000410732
0.000458511
0.000504295
0.000547912
0.000589197
0.000627998
0.000664172
0.000697587
0.000728122
0.000755669
0.000780133
0.000801429
0.000819487
0.000834249
0.00084567
0.00085372
0.000858379
0.000859646
0.000857527
0.000852045
0.000843237
0.000831149
0.000815844
0.000797394
0.000775886
0.000751417
0.000724094
0.000694038
0.000661379
0.000626255
0.000588815
0.000549217
0.000507626
0.000464215
0.000419164
0.00037266
0.000324894
0.000276068
0.000226391
0.000176091
0.000125442
7.49234e-05
2.71333e-05
3.34058e-05
8.17457e-05
0.00013147
0.000180814
0.000229363
0.000276869
0.000323123
0.000367936
0.000411133
0.000452545
0.000492015
0.000529394
0.000564543
0.000597332
0.000627642
0.000655362
0.000680395
0.000702652
0.000722058
0.000738547
0.000752067
0.000762576
0.000770046
0.00077446
0.000775812
0.000774111
0.000769375
0.000761635
0.000750935
0.000737328
0.00072088
0.000701667
0.000679777
0.000655306
0.000628361
0.000599059
0.000567525
0.000533892
0.000498301
0.000460901
0.000421847
0.0003813
0.000339427
0.0002964
0.000252398
0.000207603
0.000162212
0.000116442
7.06157e-05
2.60407e-05
2.54585e-05
6.96004e-05
0.000114666
0.000159307
0.000203209
0.000246164
0.000287992
0.000328526
0.000367608
0.000405089
0.000440825
0.000474684
0.000506539
0.000536272
0.000563775
0.000588949
0.000611705
0.000631962
0.000649651
0.000664713
0.0006771
0.000686774
0.000693708
0.000697887
0.000699304
0.000697965
0.000693889
0.000687101
0.000677639
0.000665552
0.000650899
0.000633747
0.000614174
0.000592268
0.000568124
0.000541847
0.000513548
0.000483349
0.000451375
0.000417761
0.000382647
0.000346177
0.000308504
0.000269783
0.000230176
0.000189854
0.000148998
0.000107827
6.66904e-05
2.7091e-05
2.23894e-05
6.09159e-05
0.00010134
0.000141542
0.000181136
0.000219908
0.000257686
0.000294313
0.000329644
0.000363543
0.00039588
0.000426532
0.000455386
0.000482335
0.00050728
0.00053013
0.000550805
0.000569231
0.000585346
0.000599095
0.000610435
0.000619329
0.000625754
0.000629694
0.000631143
0.000630107
0.0006266
0.000620645
0.000612275
0.000601535
0.000588476
0.000573158
0.000555652
0.000536035
0.000514393
0.00049082
0.000465416
0.000438289
0.000409553
0.000379328
0.000347739
0.000314918
0.000280998
0.000246121
0.000210429
0.000174072
0.000137208
0.000100011
6.27238e-05
2.61356e-05
1.62644e-05
5.14798e-05
8.81353e-05
0.000124512
0.000160318
0.000195376
0.000229539
0.000262667
0.000294633
0.000325312
0.000354589
0.000382353
0.0004085
0.000432935
0.000455568
0.000476318
0.000495109
0.000511876
0.000526563
0.000539118
0.000549502
0.000557683
0.000563638
0.000567352
0.00056882
0.000568045
0.00056504
0.000559826
0.000552432
0.000542897
0.000531267
0.000517596
0.000501946
0.000484387
0.000464997
0.000443859
0.000421064
0.000396708
0.000370894
0.000343731
0.00031533
0.000285811
0.000255295
0.000223908
0.000191783
0.000159056
0.000125875
9.24102e-05
5.89236e-05
2.63291e-05
1.47921e-05
4.50333e-05
7.78747e-05
0.000110623
0.00014291
0.000174552
0.000205403
0.000235337
0.000264232
0.000291978
0.000318467
0.000343601
0.000367283
0.000389428
0.000409953
0.000428785
0.000445855
0.000461105
0.000474481
0.000485938
0.000495439
0.000502955
0.000508465
0.000511954
0.000513417
0.000512858
0.000510285
0.000505719
0.000499185
0.000490716
0.000480354
0.000468148
0.000454153
0.000438432
0.000421054
0.000402093
0.000381631
0.000359755
0.000336557
0.000312134
0.000286587
0.000260021
0.000232548
0.000204278
0.000175331
0.000145825
0.000115889
8.56619e-05
5.53316e-05
2.54029e-05
1.01917e-05
3.77167e-05
6.751e-05
9.71453e-05
0.000126344
0.000154955
0.000182853
0.000209926
0.000236068
0.000261177
0.000285158
0.000307922
0.000329381
0.000349459
0.00036808
0.000385178
0.000400691
0.000414565
0.000426752
0.000437212
0.000445908
0.000452816
0.000457915
0.000461193
0.000462643
0.000462269
0.000460078
0.000456087
0.00045032
0.000442805
0.000433581
0.00042269
0.000410181
0.000396112
0.000380544
0.000363544
0.000345185
0.000325545
0.000304707
0.000282759
0.000259792
0.0002359
0.000211184
0.000185745
0.000159691
0.000133131
0.000106185
7.89887e-05
5.17389e-05
2.50192e-05
9.99739e-06
3.29923e-05
5.96453e-05
8.63147e-05
0.00011264
0.000138459
0.000163651
0.000188111
0.000211741
0.000234448
0.000256144
0.000276749
0.000296184
0.000314378
0.000331264
0.000346779
0.00036087
0.000373486
0.000384583
0.000394124
0.000402078
0.00040842
0.000413132
0.000416201
0.000417623
0.000417398
0.000415534
0.000412046
0.000406954
0.000400283
0.000392068
0.000382347
0.000371164
0.000358569
0.000344617
0.00032937
0.000312892
0.000295253
0.000276528
0.000256795
0.000236137
0.000214638
0.000192387
0.000169477
0.000146001
0.000122057
9.77496e-05
7.319e-05
4.85238e-05
2.40899e-05
6.82599e-06
2.73195e-05
5.15105e-05
7.56477e-05
9.94548e-05
0.0001228
0.000145581
0.000167703
0.000189079
0.000209627
0.000229269
0.000247929
0.000265539
0.000282033
0.000297351
0.000311436
0.00032424
0.000335715
0.000345824
0.000354531
0.000361809
0.000367634
0.000371989
0.000374863
0.000376252
0.000376155
0.00037458
0.000371538
0.000367048
0.000361133
0.000353822
0.00034515
0.000335157
0.000323887
0.00031139
0.000297721
0.000282938
0.000267104
0.000250285
0.000232553
0.000213982
0.000194647
0.000174631
0.000154015
0.000132886
0.000111333
8.94525e-05
6.73526e-05
4.51832e-05
2.33298e-05
7.47551e-06
2.39097e-05
4.55115e-05
6.72247e-05
8.86855e-05
0.000109751
0.000130321
0.000150306
0.000169628
0.000188208
0.000205978
0.000222867
0.000238815
0.00025376
0.000267648
0.000280429
0.000292057
0.00030249
0.000311693
0.000319634
0.000326287
0.000331631
0.00033565
0.000338335
0.00033968
0.000339685
0.000338355
0.000335702
0.000331742
0.000326494
0.000319986
0.000312247
0.000303315
0.000293227
0.00028203
0.000269771
0.000256504
0.000242285
0.000227173
0.000211232
0.000194528
0.000177131
0.000159112
0.000140546
0.00012151
0.000102082
8.23461e-05
6.23931e-05
4.23364e-05
2.24114e-05
5.71932e-06
1.95156e-05
3.91293e-05
5.87826e-05
7.81908e-05
9.7238e-05
0.000115837
0.000133912
0.00015139
0.000168203
0.000184288
0.000199583
0.000214032
0.000227579
0.000240177
0.000251779
0.000262343
0.000271832
0.000280213
0.000287457
0.000293542
0.000298447
0.000302158
0.000304666
0.000305965
0.000306056
0.000304943
0.000302635
0.000299146
0.000294496
0.000288706
0.000281806
0.000273825
0.000264801
0.000254772
0.000243784
0.000231882
0.000219118
0.000205546
0.000191222
0.000176207
0.000160562
0.000144353
0.000127647
0.000110514
9.30258e-05
7.52604e-05
5.7304e-05
3.92721e-05
2.14278e-05
6.57303e-06
1.71129e-05
3.45841e-05
5.22558e-05
6.97481e-05
8.69335e-05
0.000103727
0.000120054
0.000135851
0.000151054
0.000165605
0.000179448
0.000192531
0.000204806
0.000216227
0.000226752
0.000236345
0.00024497
0.000252599
0.000259204
0.000264764
0.000269262
0.000272683
0.00027502
0.000276267
0.000276424
0.000275494
0.000273486
0.000270413
0.00026629
0.000261138
0.000254982
0.000247849
0.000239773
0.000230789
0.000220936
0.000210255
0.000198794
0.0001866
0.000173723
0.000160219
0.000146143
0.000131553
0.000116509
0.000101074
8.53116e-05
6.92896e-05
5.3081e-05
3.67753e-05
2.05412e-05
5.83393e-06
1.37126e-05
2.95769e-05
4.55728e-05
6.13918e-05
7.69299e-05
9.21138e-05
0.00010688
0.000121168
0.000134924
0.000148095
0.00016063
0.000172483
0.000183609
0.000193967
0.000203521
0.000212235
0.000220078
0.000227024
0.000233048
0.000238131
0.000242257
0.000245413
0.00024759
0.000248785
0.000248997
0.000248228
0.000246487
0.000243783
0.000240131
0.00023555
0.000230062
0.000223692
0.000216468
0.000208423
0.000199591
0.000190011
0.000179724
0.000168773
0.000157203
0.000145065
0.000132407
0.000119283
0.000105747
9.18548e-05
7.76664e-05
6.32435e-05
4.86554e-05
3.39917e-05
1.94365e-05
6.42229e-06
1.20723e-05
2.61583e-05
4.05346e-05
5.47897e-05
6.88078e-05
8.25162e-05
9.58544e-05
0.000108768
0.000121206
0.000133119
0.000144463
0.000155195
0.000165275
0.000174666
0.000183332
0.000191244
0.000198372
0.000204693
0.000210184
0.000214827
0.000218608
0.000221515
0.00022354
0.000224679
0.000224931
0.000224298
0.000222787
0.000220408
0.000217173
0.000213098
0.000208204
0.000202512
0.000196048
0.000188841
0.000180923
0.000172327
0.000163091
0.000153252
0.000142853
0.000131937
0.000120549
0.000108736
9.65478e-05
8.40337e-05
7.12464e-05
5.82405e-05
4.50749e-05
3.18206e-05
1.8601e-05
6.17317e-06
9.44648e-06
2.22286e-05
3.52414e-05
4.81324e-05
6.08061e-05
7.32003e-05
8.52618e-05
9.69421e-05
0.000108195
0.000118978
0.00012925
0.000138972
0.000148107
0.000156623
0.000164488
0.000171674
0.000178156
0.000183909
0.000188916
0.00019316
0.000196626
0.000199304
0.000201187
0.000202272
0.000202556
0.000202042
0.000200736
0.000198646
0.000195783
0.000192162
0.000187799
0.000182717
0.000176936
0.000170483
0.000163387
0.000155678
0.000147388
0.000138553
0.00012921
0.000119398
0.000109158
9.85326e-05
8.75658e-05
7.63033e-05
6.47929e-05
5.30847e-05
4.12344e-05
2.93118e-05
1.74487e-05
6.42628e-06
8.38303e-06
1.96823e-05
3.13714e-05
4.29861e-05
5.44191e-05
6.56081e-05
7.6503e-05
8.70585e-05
9.72327e-05
0.000106986
0.000116281
0.000125083
0.000133359
0.000141079
0.000148213
0.000154736
0.000160626
0.000165861
0.000170424
0.000174298
0.000177473
0.000179938
0.000181686
0.000182714
0.00018302
0.000182606
0.000181477
0.00017964
0.000177105
0.000173886
0.000169997
0.000165456
0.000160285
0.000154506
0.000148144
0.000141227
0.000133785
0.000125848
0.000117451
0.000108628
9.94158e-05
8.98529e-05
7.99787e-05
6.9834e-05
5.94613e-05
4.89048e-05
3.82122e-05
2.74399e-05
1.66802e-05
6.36616e-06
6.37219e-06
1.65979e-05
2.71765e-05
3.76787e-05
4.80144e-05
5.813e-05
6.79813e-05
7.75281e-05
8.67329e-05
9.556e-05
0.000103976
0.000111949
0.000119449
0.000126449
0.000132922
0.000138847
0.0001442
0.000148965
0.000153124
0.000156664
0.000159573
0.000161842
0.000163465
0.000164438
0.000164761
0.000164434
0.000163461
0.00016185
0.000159608
0.000156748
0.000153283
0.00014923
0.000144606
0.000139432
0.000133732
0.000127528
0.000120849
0.000113723
0.000106179
9.82487e-05
8.99657e-05
8.13643e-05
7.248e-05
6.33501e-05
5.40131e-05
4.45096e-05
3.48843e-05
2.51921e-05
1.55292e-05
6.34936e-06
5.73841e-06
1.47232e-05
2.42206e-05
3.36817e-05
4.30049e-05
5.21365e-05
6.10345e-05
6.96616e-05
7.79834e-05
8.59673e-05
9.35827e-05
0.000100801
0.000107595
0.000113939
0.000119811
0.000125188
0.000130053
0.000134387
0.000138176
0.000141407
0.00014407
0.000146157
0.000147661
0.000148579
0.000148911
0.000148656
0.000147819
0.000146405
0.000144422
0.000141881
0.000138793
0.000135172
0.000131037
0.000126404
0.000121294
0.000115729
0.000109733
0.000103332
9.65521e-05
8.94218e-05
8.19708e-05
7.42301e-05
6.62316e-05
5.80086e-05
4.95954e-05
4.10278e-05
3.23446e-05
2.35908e-05
1.48364e-05
6.34772e-06
4.23069e-06
1.23011e-05
2.08926e-05
2.9446e-05
3.78734e-05
4.61282e-05
5.41733e-05
6.19754e-05
6.95036e-05
7.67287e-05
8.36231e-05
9.01607e-05
9.63171e-05
0.000102069
0.000107397
0.00011228
0.000116701
0.000120645
0.000124098
0.000127049
0.000129488
0.000131407
0.000132801
0.000133667
0.000134004
0.000133812
0.000133094
0.000131856
0.000130104
0.000127847
0.000125097
0.000121866
0.000118168
0.000114021
0.000109443
0.000104453
9.90729e-05
9.33253e-05
8.72346e-05
8.08262e-05
7.41269e-05
6.71646e-05
5.99682e-05
5.25677e-05
4.49945e-05
3.72813e-05
2.94641e-05
2.15862e-05
1.37189e-05
6.14049e-06
3.90763e-06
1.0941e-05
1.86505e-05
2.63552e-05
3.39568e-05
4.14083e-05
4.86747e-05
5.57249e-05
6.25307e-05
6.90653e-05
7.53037e-05
8.12221e-05
8.67984e-05
9.20118e-05
9.68432e-05
0.000101275
0.000105292
0.000108879
0.000112024
0.000114717
0.000116948
0.000118712
0.000120002
0.000120816
0.000121153
0.000121013
0.000120398
0.000119313
0.000117765
0.00011576
0.00011331
0.000110425
0.000107119
0.000103406
9.93026e-05
9.48267e-05
8.99974e-05
8.48352e-05
7.93618e-05
7.36002e-05
6.75744e-05
6.13093e-05
5.4831e-05
4.81662e-05
4.1343e-05
3.43905e-05
2.73398e-05
2.02273e-05
1.31068e-05
6.15154e-06
2.84525e-06
9.03936e-06
1.60073e-05
2.29706e-05
2.98406e-05
3.65758e-05
4.31449e-05
4.95204e-05
5.56766e-05
6.15897e-05
6.72369e-05
7.25968e-05
7.76494e-05
8.23759e-05
8.67589e-05
9.07827e-05
9.44327e-05
9.76962e-05
0.000100562
0.00010302
0.000105063
0.000106683
0.000107878
0.000108643
0.000108977
0.000108881
0.000108357
0.000107409
0.000106042
0.000104263
0.000102082
9.95072e-05
9.6552e-05
9.3229e-05
8.95529e-05
8.55397e-05
8.12065e-05
7.65718e-05
7.16551e-05
6.64771e-05
6.10593e-05
5.54244e-05
4.95958e-05
4.35978e-05
3.74558e-05
3.11963e-05
2.48482e-05
1.8446e-05
1.20434e-05
5.81883e-06
2.72556e-06
8.07137e-06
1.43211e-05
2.05932e-05
2.67899e-05
3.28697e-05
3.88029e-05
4.45638e-05
5.01291e-05
5.54769e-05
6.05865e-05
6.54386e-05
7.00148e-05
7.42981e-05
7.82728e-05
8.19245e-05
8.524e-05
8.82077e-05
9.08172e-05
9.30598e-05
9.49282e-05
9.64165e-05
9.75203e-05
9.8237e-05
9.85654e-05
9.85056e-05
9.80595e-05
9.72306e-05
9.60235e-05
9.44447e-05
9.25018e-05
9.0204e-05
8.75619e-05
8.45872e-05
8.1293e-05
7.76937e-05
7.38046e-05
6.96424e-05
6.52245e-05
6.05695e-05
5.56968e-05
5.06266e-05
4.53801e-05
3.9979e-05
