
Objective value: 
3467.67
4210.34
4279.99
4345.89
4417.82
4467.12
4484.45
4479.03
4466.8
4460.62
4466.28
4483.3
4507.62
4534.28
4559.07
4579.21
4593.41
4601.51
4604.14
4602.38
4597.53
4590.84
4583.48
4576.37
4570.25
4565.6
4562.77
4561.93
4563.09
4566.14
4570.79
4576.59
4582.97
4589.29
4594.91
4599.25
4601.89
4602.62
4601.47
4598.66
4594.62
4589.87
4584.96
4580.39
4576.56
4573.72
4571.98
4571.3
4571.51
4572.38
4573.66
4575.1
4576.47
4577.62
4578.45
4578.92
4579.02
4578.81
4578.33
4577.67
4576.89
4576.05
4575.22
4574.43
4573.69
4573.02
4572.41
4571.85
4571.34
4570.87
4570.45
4570.08
4569.8
4569.64
4569.62
4569.76
4570.07
4570.54
4571.13
4571.79
4572.46
4573.06
4573.53
4573.82
4573.89
4573.75
4573.43
4572.98
4572.48
4572
4571.63
4571.44
4571.46
4571.72
4572.19
4572.83
4573.59
4574.39
4575.17
4575.85
4576.4
4576.78
4577
4577.07
4577.04
4576.95
4576.85
4576.78
4576.77
4576.85
4577.01
4577.24
4577.51
4577.79
4578.05
4578.26
4578.4
4578.46
4578.44
4578.36
4578.25
4578.11
4577.98
4577.88
4577.81
4577.76
4577.73
4577.71
4577.66
4577.57
4577.41
4577.19
4576.89
4576.53
4576.12
4575.69
4575.25
4574.84
4574.46
4574.14
4573.87
4573.65
4573.46
4573.28
4573.1
4572.89
4572.64
4572.34
4571.99
4571.6
4571.18
4570.76
4570.35
4569.97
4569.64
4569.36
4569.14
4568.96
4568.83
4568.72
4568.62
4568.52
4568.41
4568.28
4568.13
4567.97
4567.81
4567.67
4567.55
4567.46
4567.41
4567.41
4567.44
4567.51
4567.6
4567.7
4567.81
4567.91
4568
4568.08
4568.15
4568.22
4568.29
4568.37
4568.47
4568.6
4568.75
4568.93
4569.13
4569.35
4569.57
4569.78
4569.99
4570.17
4570.34
4570.49
4570.62
4570.73
4570.85
4570.96
4571.08
4571.22
4571.36
4571.51
4571.67
4571.83
4571.97
4572.11
4572.22
4572.31
4572.38
4572.43
4572.46
4572.47
4572.47
4572.48
4572.48
4572.48
4572.48
4572.49
4572.49
4572.48
4572.46
4572.43
4572.37
4572.3
4572.21
4572.1
4571.98
4571.85
4571.72
4571.58
4571.44
4571.31
4571.17
4571.04
4570.91
4570.76
4570.61
4570.45
4570.28
4570.1
4569.9
4569.7
4569.49
4569.29
4569.08
4568.89
4568.69
4568.51
4568.33
4568.15
4567.98
4567.81
4567.64
4567.47
4567.3
4567.12
4566.95
4566.78
4566.61
4566.45
4566.31
4566.17
4566.05
4565.94
4565.84
4565.76
4565.68
4565.61
4565.55
4565.49
4565.44
4565.4
4565.36
4565.34
4565.32
4565.32
4565.33
4565.36
4565.4
4565.45
4565.51
4565.59
4565.67
4565.77
4565.86
4565.97
4566.08
4566.19
4566.31
4566.43
4566.57
4566.71
4566.85
4567.01
4567.17
4567.33
4567.5
4567.66
4567.83
4568
4568.16
4568.32
4568.47
4568.62
4568.76
4568.9
4569.03
4569.16
4569.29
4569.41
4569.52
4569.62
4569.72
4569.81
4569.88
4569.94
4569.99
4570.03
4570.05
4570.07
4570.06
4570.05
4570.03
4570
4569.95
4569.9
4569.83
4569.76
4569.67
4569.57
4569.46
4569.34
4569.21
4569.06
4568.91
4568.75
4568.59
4568.41
4568.24
4568.06
4567.87
4567.68
4567.49
4567.3
4567.11
4566.92
4566.72
4566.53
4566.33
4566.14
4565.96
4565.77
4565.59
4565.42
4565.26
4565.1
4564.95
4564.81
4564.68
4564.56
4564.45
4564.34
4564.25
4564.17
4564.09
4564.03
4563.98
4563.94
4563.91
4563.89
4563.88
4563.89
4563.91
4563.94
4563.97
4564.02
4564.08
4564.15
4564.23
4564.31
4564.4
4564.5
4564.61
4564.72
4564.84
4564.96
4565.09
4565.22
4565.36
4565.5
4565.64
4565.78
4565.93
4566.07
4566.21
4566.35
4566.49
4566.62
4566.76
4566.89
4567.01
4567.13
4567.25
4567.36
4567.46
4567.56
4567.65
4567.74
4567.82
4567.89
4567.95
4568
4568.04
4568.08
4568.11
4568.13
4568.14
4568.14
4568.14
4568.12
4568.1
4568.07
4568.03
4567.99
4567.94
4567.88
4567.81
4567.74
4567.66
4567.57
4567.48
4567.38
4567.28
4567.17
4567.06
4566.95
4566.84
4566.72
4566.6
4566.47
4566.35
4566.22
4566.09
4565.97
4565.84
4565.71
4565.59
4565.47
4565.34
4565.23
4565.11
4565
4564.89
4564.78
4564.68
4564.58
4564.49
4564.4
4564.31
4564.23
4564.16
4564.09
4564.03
4563.98
4563.93
4563.89
4563.85
4563.82
4563.8
4563.78
4563.77
4563.77
4563.77
4563.78
4563.8
4563.82
4563.85
4563.88
4563.92
4563.97
4564.02
4564.08
4564.14
4564.21
4564.28
4564.36
4564.44
4564.53
4564.61
4564.7
4564.8
4564.89
4564.99
4565.09
4565.19
4565.3
4565.4
4565.5
4565.61
4565.71
4565.81
4565.91
4566.01
4566.1
4566.19
4566.28
4566.37
4566.45
4566.53
4566.6
4566.67
4566.74
4566.8
4566.85
4566.9
4566.94
4566.98
4567
4567.03
4567.04
4567.05
4567.05
4567.05
4567.04
4567.02
4566.99
4566.96
4566.92
4566.88
4566.83
4566.77
4566.71
4566.64
4566.56
4566.48
4566.39
4566.3
4566.21
4566.11
4566.01
4565.91
4565.8
4565.69
4565.58
4565.46
4565.35
4565.24
4565.12
4565.01
4564.89
4564.78
4564.67
4564.56
4564.46
4564.36
4564.26
4564.16
4564.07
4563.99
4563.9
4563.83
4563.76
4563.69
4563.64
4563.58
4563.54
4563.5
4563.47
4563.44
4563.43
4563.42
4563.41
4563.42
4563.43
4563.44
4563.47
4563.5
4563.54
4563.58
4563.63
4563.69
4563.75
4563.81
4563.88
4563.96
4564.04
4564.12
4564.21
4564.3
4564.39
4564.49
4564.59
4564.69
4564.79
4564.89
4564.99
4565.09
4565.18
4565.28
4565.38
4565.47
4565.56
4565.65
4565.74
4565.82
4565.9
4565.97
4566.04
4566.11
4566.17
4566.22
4566.27
4566.31
4566.35
4566.38
4566.41
4566.43
4566.44
4566.45
4566.45
4566.44
4566.43
4566.42
4566.39
4566.37
4566.33
4566.29
4566.25
4566.2
4566.15
4566.09
4566.02
4565.96
4565.89
4565.81
4565.74
4565.66
4565.58
4565.49
4565.41
4565.32
4565.23
4565.14
4565.06
4564.97
4564.88
4564.79
4564.71
4564.62
4564.54
4564.46
4564.38
4564.3
4564.23
4564.16
4564.09
4564.03
4563.97
4563.91
4563.86
4563.81
4563.77
4563.73
4563.69
4563.66
4563.64
4563.62
4563.6
4563.59
4563.59
4563.59
4563.59
4563.6
4563.61
4563.63
4563.65
4563.68
4563.71
4563.75
4563.79
4563.83
4563.87
4563.92
4563.98
4564.03
4564.09
4564.15
4564.21
4564.28
4564.34
4564.41
4564.48
4564.55
4564.62
4564.69
4564.76
4564.83
4564.9
4564.97
4565.04
4565.11
4565.17
4565.24
4565.3
4565.36
4565.42
4565.47
4565.53
4565.57
4565.62
4565.66
4565.7
4565.74
4565.77
4565.8
4565.83
4565.85
4565.86
4565.88
4565.89
4565.89
4565.89
4565.89
4565.88
4565.86
4565.85
4565.83
4565.8
4565.77
4565.74
4565.7
4565.66
4565.62
4565.57
4565.52
4565.47
4565.42
4565.36
4565.3
4565.24
4565.17
4565.11
4565.04
4564.97
4564.91
4564.84
4564.77
4564.7
4564.63
4564.56
4564.49
4564.42
4564.36
4564.3
4564.23
4564.17
4564.11
4564.06
4564.01
4563.96
4563.91
4563.87
4563.83
4563.79
4563.76
4563.73
4563.7
4563.68
4563.67
4563.65
4563.64
4563.64
4563.64
4563.65
4563.65
4563.67
4563.68
4563.71
4563.73
4563.76
4563.79
4563.83
4563.87
4563.91
4563.96
4564.01
4564.06
4564.11
4564.17
4564.23
4564.29
4564.35
4564.41
4564.48
4564.54
4564.61
4564.67
4564.74
4564.8
4564.87
4564.93
4564.99
4565.05
4565.11
4565.17
4565.22
4565.27
4565.32
4565.37
4565.41
4565.45
4565.49
4565.52
4565.55
4565.58
4565.6
4565.62
4565.64
4565.65
4565.65
4565.66
4565.66
4565.65
4565.64
4565.63
4565.61
4565.59
4565.57
4565.54
4565.51
4565.47
4565.43
4565.39
4565.35
4565.3
4565.25
4565.2
4565.15
4565.1
4565.04
4564.98
4564.92
4564.87
4564.81
4564.75
4564.69
4564.63
4564.57
4564.51
4564.45
4564.4
4564.34
4564.29
4564.23
4564.19
4564.14
4564.09
4564.05
4564.01
4563.97
4563.94
4563.91
4563.88
4563.85
4563.83
4563.81
4563.8
4563.79
4563.78
4563.77
4563.77
4563.77
4563.78
4563.79
4563.8
4563.82
4563.83
4563.86
4563.88
4563.91
4563.94
4563.97
4564.01
4564.04
4564.08
4564.12
4564.17
4564.21
4564.26
4564.3
4564.35
4564.4
4564.45
4564.5
4564.55
4564.6
4564.65
4564.7
4564.75
4564.79
4564.84
4564.89
4564.93
4564.98
4565.02
4565.06
4565.1
4565.13
4565.17
4565.2
4565.23
4565.25
4565.28
4565.3
4565.32
4565.33
4565.35
4565.36
4565.36
4565.37
4565.37
4565.37
4565.37
4565.36
4565.35
4565.34
4565.32
4565.3
4565.28
4565.26
4565.24
4565.21
4565.18
4565.15
4565.11
4565.08
4565.04
4565
4564.96
4564.92
4564.88
4564.84
4564.8
4564.75
4564.71
4564.66
4564.62
4564.57
4564.53
4564.48
4564.44
4564.4
4564.36
4564.32
4564.28
4564.24
4564.2
4564.17
4564.14
4564.11
4564.08
4564.05
4564.02
4564
4563.98
4563.96
4563.95
4563.94
4563.93
4563.92
4563.92
4563.91
4563.91
4563.92
4563.92
4563.93
4563.94
4563.96
4563.97
4563.99
4564.01
4564.04
4564.06
4564.09
4564.12
4564.15
4564.18
4564.22
4564.25
4564.29
4564.33
4564.37
4564.41
4564.45
4564.49
4564.53
4564.57
4564.61
4564.65
4564.69
4564.73
4564.77
4564.81
4564.85
4564.89
4564.92
4564.96
4564.99
4565.02
4565.05
4565.08
4565.1
4565.13
4565.15
4565.17
4565.18
4565.2
4565.21
4565.22
4565.23
4565.23
4565.23
4565.23
4565.23
4565.22
4565.21
4565.2
4565.19
4565.17
4565.15
4565.13
4565.11
4565.08
4565.06
4565.03
4565
4564.97
4564.93
4564.9
4564.86
4564.83
4564.79
4564.75
4564.71
4564.67
4564.64
4564.6
4564.56
4564.52
4564.48
4564.44
4564.41
4564.37
4564.33
4564.3
4564.27
4564.24
4564.21
4564.18
4564.15
4564.13
4564.11
4564.09
4564.07
4564.05
4564.04
4564.03
4564.02
4564.01
4564
4564
4564
4564
4564.01
4564.01
4564.02
4564.03
4564.05
4564.06
4564.08
4564.1
4564.12
4564.14
4564.17
4564.19
4564.22
4564.25
4564.28
4564.31
4564.34
4564.38
4564.41
4564.44
4564.48
4564.51
4564.54
4564.58
4564.61
4564.65
4564.68
4564.71
4564.74
4564.78
4564.81
4564.84
4564.86
4564.89
4564.92
4564.94
4564.96
4564.98
4565
4565.02
4565.03
4565.05
4565.06
4565.07
4565.08
4565.08
4565.09
4565.09
4565.09
4565.08
4565.08
4565.07
4565.06
4565.05
4565.04
4565.03
4565.01
4565
4564.98
4564.96
4564.94
4564.91
4564.89
4564.87
4564.84
4564.81
4564.78
4564.76
4564.73
4564.7
4564.67
4564.64
4564.61
4564.58
4564.55
4564.52
4564.49
4564.46
4564.43
4564.41
4564.38
4564.35
4564.33
4564.3
4564.28
4564.26
4564.24
4564.22
4564.2
4564.19
4564.17
4564.16
4564.15
4564.14
4564.13
4564.13
4564.12
4564.12
4564.12
4564.12
4564.12
4564.13
4564.13
4564.14
4564.15
4564.16
4564.17
4564.19
4564.2
4564.22
4564.24
4564.26
4564.28
4564.3
4564.32
4564.35
4564.37
4564.39
4564.42
4564.45
4564.47
4564.5
4564.53
4564.55
4564.58
4564.61
4564.63
4564.66
4564.69
4564.71
4564.74
4564.76
4564.78
4564.8
4564.83
4564.85
4564.87
4564.88
4564.9
4564.92
4564.93
4564.94
4564.95
4564.96
4564.97
4564.98
4564.98
4564.98
4564.98
4564.98
4564.98
4564.98
4564.97
4564.97
4564.96
4564.95
4564.94
4564.92
4564.91
4564.9
4564.88
4564.86
4564.84
4564.82
4564.8
4564.78
4564.76
4564.73
4564.71
4564.69
4564.66
4564.64
4564.61
4564.59
4564.56
4564.54
4564.51
4564.49
4564.46
4564.44
4564.42
4564.39
4564.37
4564.35
4564.33
4564.31
4564.29
4564.28
4564.26
4564.25
4564.24
4564.22
4564.21
4564.21
4564.2
4564.19
4564.19
4564.19
4564.18
4564.19
4564.19
4564.19
4564.2
4564.2
4564.21
4564.22
4564.23
4564.24
4564.26
4564.27
4564.29
4564.3
4564.32
4564.34
4564.36
4564.38
4564.4
4564.42
4564.44
4564.46
4564.49
4564.51
4564.53
4564.55
4564.58
4564.6
4564.62
4564.64
4564.67
4564.69
4564.71
4564.73
4564.75
4564.77
4564.78
4564.8
4564.82
4564.83
4564.84
4564.86
4564.87
4564.88
4564.88
4564.89
4564.9
4564.9
4564.91
4564.91
4564.91
4564.91
4564.9
4564.9
4564.9
4564.89
4564.88
4564.87
4564.86
4564.85
4564.84
4564.83
4564.81
4564.8
4564.78
4564.77
4564.75
4564.73
4564.71
4564.69
4564.67
4564.65
4564.63
4564.61
4564.59
4564.57
4564.55
4564.53
4564.51
4564.49
4564.47
4564.46
4564.44
4564.42
4564.4
4564.39
4564.37
4564.36
4564.34
4564.33
4564.32
4564.31
4564.3
4564.29
4564.28
4564.27
4564.27
4564.27
4564.26
4564.26
4564.26
4564.26
4564.26
4564.27
4564.27
4564.28
4564.28
4564.29
4564.3
4564.31
4564.32
4564.33
4564.34
4564.35
4564.37
4564.38
4564.4
4564.41
4564.43
4564.45
4564.46
4564.48
4564.5
4564.52
4564.53
4564.55
4564.57
4564.59
4564.6
4564.62
4564.64
4564.66
4564.67
4564.69
4564.7
4564.72
4564.73
4564.75
4564.76
4564.77
4564.78
4564.79
4564.8
4564.81
4564.82
4564.82
4564.83
4564.83
4564.83
4564.84
4564.84
4564.84
4564.84
4564.83
4564.83
4564.83
4564.82
4564.81
4564.81
4564.8
4564.79
4564.78
4564.77
4564.76
4564.74
4564.73
4564.72
4564.7
4564.69
4564.67
4564.66
4564.64
4564.63
4564.61
4564.6
4564.58
4564.56
4564.55
4564.53
4564.51
4564.5
4564.48
4564.47
4564.45
4564.44
4564.43
4564.41
4564.4
4564.39
4564.38
4564.37
4564.36
4564.35
4564.34
4564.33
4564.33
4564.32
4564.32
4564.32
4564.31
4564.31
4564.31
4564.31
4564.32
4564.32
4564.32
4564.33
4564.33
4564.34
4564.35
4564.36
4564.36
4564.37
4564.39
4564.4
4564.41
4564.42
4564.43
4564.45
4564.46
4564.47
4564.49
4564.5
4564.52
4564.53
4564.55
4564.56
4564.58
4564.59
4564.61
4564.62
4564.64
4564.65
4564.66
4564.68
4564.69
4564.7
4564.71
4564.72
4564.73
4564.74
4564.75
4564.76
4564.77
4564.77
4564.78
4564.78
4564.78
4564.79
4564.79
4564.79
4564.79
4564.79
4564.79
4564.78
4564.78
4564.78
4564.77
4564.76
4564.76
4564.75
4564.74
4564.73
4564.72
4564.71
4564.7
4564.69
4564.68
4564.67
4564.65
4564.64
4564.63
4564.61
4564.6
4564.59
4564.57
4564.56
4564.55
4564.53
4564.52
4564.51
4564.49
4564.48
4564.47
4564.46
4564.45
4564.44
4564.43
4564.42
4564.41
4564.4
4564.39
4564.39
4564.38
4564.37
4564.37
4564.37
4564.36
4564.36
4564.36
4564.36
4564.36
4564.36
4564.36
4564.36
4564.37
4564.37
4564.38
4564.38
4564.39
4564.4
4564.4
4564.41
4564.42
4564.43
4564.44
4564.45
4564.46
4564.47
4564.48
4564.49
4564.5
4564.52
4564.53
4564.54
4564.55
4564.56
4564.58
4564.59
4564.6
4564.61
4564.62
4564.63
4564.64
4564.65
4564.66
4564.67
4564.68
4564.69
4564.7
4564.71
4564.71
4564.72
4564.72
4564.73
4564.73
4564.74
4564.74
4564.74
4564.74
4564.74
4564.74
4564.74
4564.74
4564.74
4564.74
4564.73
4564.73
4564.72
4564.72
4564.71
4564.71
4564.7
4564.69
4564.68
4564.67
4564.67
4564.66
4564.65
4564.64
4564.63
4564.62
4564.61
4564.6
4564.58
4564.57
4564.56
4564.55
4564.54
4564.53
4564.52
4564.51
4564.5
4564.49
4564.48
4564.47
4564.46
4564.46
4564.45
4564.44
4564.43
4564.43
4564.42
4564.42
4564.41
4564.41
4564.4
4564.4
4564.4
4564.4
4564.4
4564.4
4564.4
4564.4
4564.4
4564.4
4564.41
4564.41
4564.41
4564.42
4564.42
4564.43
4564.44
4564.44
4564.45
4564.46
4564.47
4564.47
4564.48
4564.49
4564.5
4564.51
4564.52
4564.53
4564.54
4564.55
4564.56
4564.57
4564.58
4564.59
4564.6
4564.61
4564.62
4564.63
4564.63
4564.64
4564.65
4564.66
4564.66
4564.67
4564.68
4564.68
4564.69
4564.69
4564.7
4564.7
4564.7
4564.71
4564.71
4564.71
4564.71
4564.71
4564.71
4564.71
4564.71
4564.71
4564.7
4564.7
4564.7
4564.69
4564.69
4564.68
4564.68
4564.67
4564.66
4564.66
4564.65
4564.64
4564.63
4564.63
4564.62
4564.61
4564.6
4564.59
4564.58
4564.57
4564.56
4564.55
4564.55
4564.54
4564.53
4564.52
4564.51
4564.5
4564.5
4564.49
4564.48
4564.47
4564.47
4564.46
4564.46
4564.45
4564.45
4564.44
4564.44
4564.44
4564.43
4564.43
4564.43
4564.43
4564.43
4564.43
4564.43
4564.43
4564.43
4564.43
4564.43
4564.44
4564.44
4564.44
4564.45
4564.45
4564.46
4564.46
4564.47
4564.48
4564.48
4564.49
4564.5
4564.51
4564.51
4564.52
4564.53
4564.54
4564.54
4564.55
4564.56
4564.57
4564.58
4564.58
4564.59
4564.6
4564.61
4564.61
4564.62
4564.63
4564.63
4564.64
4564.65
4564.65
4564.66
4564.66
4564.66
4564.67
4564.67
4564.67
4564.68
4564.68
4564.68
4564.68
4564.68
4564.68
4564.68
4564.68
4564.68
4564.68
4564.68
4564.67
4564.67
4564.67
4564.66
4564.66
4564.65
4564.65
4564.64
4564.64
4564.63
4564.63
4564.62
4564.61
4564.61
4564.6
4564.59
4564.59
4564.58
4564.57
4564.56
4564.56
4564.55
4564.54
4564.54
4564.53
4564.52
4564.52
4564.51
4564.5
4564.5
4564.49
4564.49
4564.48
4564.48
4564.47
4564.47
4564.47
4564.46
4564.46
4564.46
4564.46
4564.45
4564.45
4564.45
4564.45
4564.45
4564.45
4564.46
4564.46
4564.46
4564.46
4564.46
4564.47
4564.47
4564.47
4564.48
4564.48
4564.49
4564.49
4564.5
4564.5
4564.51
4564.51
4564.52
4564.53
4564.53
4564.54
4564.55
4564.55
4564.56
4564.56
4564.57
4564.58
4564.58
4564.59
4564.6
4564.6
4564.61
4564.61
4564.62
4564.62
4564.63
4564.63
4564.64
4564.64
4564.64
4564.65
4564.65
4564.65
4564.65
4564.66
4564.66
4564.66
4564.66
4564.66
4564.66
4564.66
4564.66
4564.66
4564.66
4564.65
4564.65
4564.65
4564.64
4564.64
4564.64
4564.63
4564.63
4564.62
4564.62
4564.62
4564.61
4564.6
4564.6
4564.59
4564.59
4564.58
4564.58
4564.57
4564.56
4564.56
4564.55
4564.55
4564.54
4564.54
4564.53
4564.52
4564.52
4564.51
4564.51
4564.51
4564.5
4564.5
4564.49
4564.49
4564.49
4564.48
4564.48
4564.48
4564.48
4564.48
4564.47
4564.47
4564.47
4564.47
4564.47
4564.47
4564.47
4564.48
4564.48
4564.48
4564.48
4564.48
4564.49
4564.49
4564.49
4564.5
4564.5
4564.5
4564.51
4564.51
4564.52
4564.52
4564.53
4564.53
4564.54
4564.54
4564.55
4564.55
4564.56
4564.56
4564.57
4564.57
4564.58
4564.58
4564.59
4564.59
4564.6
4564.6
4564.61
4564.61
4564.62
4564.62
4564.62
4564.63
4564.63
4564.63
4564.63
4564.64
4564.64
4564.64
4564.64
4564.64
4564.64
4564.64
4564.64
4564.64
4564.64
4564.64
4564.64
4564.64
4564.63
4564.63
4564.63
4564.63
4564.62
4564.62
4564.62
4564.61
4564.61
4564.61
4564.6
4564.6
4564.59
4564.59
4564.58
4564.58
4564.57
4564.57
4564.56
4564.56
4564.55
4564.55
4564.55
4564.54
4564.54
4564.53
4564.53
4564.52
4564.52
4564.52
4564.51
4564.51
4564.51
4564.5
4564.5
4564.5
4564.5
4564.49
4564.49
4564.49
4564.49
4564.49
4564.49
4564.49
4564.49
4564.49
4564.49
4564.49
4564.49
4564.49
4564.5
4564.5
4564.5
4564.5
4564.51
4564.51
4564.51
4564.51
4564.52
4564.52
4564.53
4564.53
4564.53
4564.54
4564.54
4564.55
4564.55
4564.55
4564.56
4564.56
4564.57
4564.57
4564.58
4564.58
4564.58
4564.59
4564.59
4564.59
4564.6
4564.6
4564.6
4564.61
4564.61
4564.61
4564.62
4564.62
4564.62
4564.62
4564.62
4564.62
4564.62
4564.63
4564.63
4564.63
4564.63
4564.63
4564.62
4564.62
4564.62
4564.62
4564.62
4564.62
4564.62
4564.61
4564.61
4564.61
4564.61
4564.6
4564.6
4564.6
4564.59
4564.59
4564.59
4564.58
4564.58
4564.58
4564.57
4564.57
4564.56
4564.56
4564.56
4564.55
4564.55
4564.54
4564.54
4564.54
4564.53
4564.53
4564.53
4564.52
4564.52
4564.52
4564.52
4564.51
4564.51
4564.51
4564.51
4564.51
4564.51
4564.5
4564.5
4564.5
4564.5
4564.5
4564.5
4564.5
4564.5
4564.5
4564.5
4564.51
4564.51
4564.51
4564.51
4564.51
4564.51
4564.52
4564.52
4564.52
4564.52
4564.53
4564.53
4564.53
4564.54
4564.54
4564.54
4564.55
4564.55
4564.55
4564.56
4564.56
4564.56
4564.57
4564.57
4564.57
4564.58
4564.58
4564.58
4564.59
4564.59
4564.59
4564.6
4564.6
4564.6
4564.6
4564.6
4564.61
4564.61
4564.61
4564.61
4564.61
4564.61
4564.61
4564.61
4564.61
4564.61
4564.61
4564.61
4564.61
4564.61
4564.61
4564.61
4564.61
4564.61
4564.6
4564.6
4564.6
4564.6
4564.6
4564.59
4564.59
4564.59
4564.58
4564.58
4564.58
4564.58
4564.57
4564.57
4564.57
4564.56
4564.56
4564.56
4564.55
4564.55
4564.55
4564.54
4564.54
4564.54
4564.54
4564.53
4564.53
4564.53
4564.53
4564.52
4564.52
4564.52
4564.52
4564.52
4564.52
4564.52
4564.51
4564.51
4564.51
4564.51
4564.51
4564.51
4564.51
4564.51
4564.51
4564.51
4564.52
4564.52
4564.52
4564.52
4564.52
4564.52
4564.52
4564.53
4564.53
4564.53
4564.53
4564.54
4564.54
4564.54
4564.54
4564.55
4564.55
4564.55
4564.55
4564.56
4564.56
4564.56
4564.57
4564.57
4564.57
4564.57
4564.58
4564.58
4564.58
4564.58
4564.59
4564.59
4564.59
4564.59
4564.59
4564.6
4564.6
4564.6
4564.6
4564.6
4564.6
4564.6
4564.6
4564.6
4564.6
4564.6
4564.6
4564.6
4564.6
4564.6
4564.6
4564.6
4564.6
4564.6
4564.6
4564.59
4564.59
4564.59
4564.59
4564.59
4564.58
4564.58
4564.58
4564.58
4564.58
4564.57
4564.57
4564.57
4564.57
4564.56
4564.56
4564.56
4564.56
4564.55
4564.55
4564.55
4564.55
4564.54
4564.54
4564.54
4564.54
4564.53
4564.53
4564.53
4564.53
4564.53
4564.53
4564.53
4564.52
4564.52
4564.52
4564.52
4564.52
4564.52
4564.52
4564.52
4564.52
4564.52
4564.52
4564.52
4564.52
4564.52
4564.53
4564.53
4564.53
4564.53
4564.53
4564.53
4564.53
4564.54
4564.54
4564.54
4564.54
4564.54
4564.55
4564.55
4564.55
4564.55
4564.56
4564.56
4564.56
4564.56
4564.56
4564.57
4564.57
4564.57
4564.57
4564.58
4564.58
4564.58
4564.58
4564.58
4564.58
4564.59
4564.59
4564.59
4564.59
4564.59
4564.59
4564.59
4564.59
4564.59
4564.59
4564.59
4564.6
4564.6
4564.6
4564.59
4564.59
4564.59
4564.59
4564.59
4564.59
4564.59
4564.59
4564.59
4564.59
4564.59
4564.58
4564.58
4564.58
4564.58
4564.58
4564.57
4564.57
4564.57
4564.57
4564.57
4564.56
4564.56
4564.56
4564.56
4564.56
4564.55
4564.55
4564.55
4564.55
4564.55
4564.54
4564.54
4564.54
4564.54
4564.54
4564.54
4564.54
4564.53
4564.53
4564.53
4564.53
4564.53
4564.53
4564.53
4564.53
4564.53
4564.53
4564.53
4564.53
4564.53
4564.53
4564.53
4564.53
4564.53
4564.53
4564.53
4564.53
4564.53
4564.54
4564.54
4564.54
4564.54
4564.54
4564.54
4564.54
4564.55
4564.55
4564.55
4564.55
4564.55
4564.56
4564.56
4564.56
4564.56
4564.56
4564.56
4564.57
4564.57
4564.57
4564.57
4564.57
4564.58
4564.58
4564.58
4564.58
4564.58
4564.58
4564.58
4564.58
4564.58
4564.59
4564.59
4564.59
4564.59
4564.59
4564.59
4564.59
4564.59
4564.59
4564.59
4564.59
4564.59
4564.59
4564.59
4564.59
4564.58
4564.58
4564.58
4564.58
4564.58
4564.58
4564.58
4564.58
4564.57
4564.57
4564.57
4564.57
4564.57
4564.57
4564.57
4564.56
4564.56
4564.56
4564.56
4564.56
4564.56
4564.55
4564.55
4564.55
4564.55
4564.55
4564.55
4564.54
4564.54
4564.54
4564.54
4564.54
4564.54
4564.54
4564.54
4564.54
4564.54
4564.54
4564.53
4564.53
4564.53
4564.53
4564.53
4564.53
4564.53
4564.53
4564.53
4564.54
4564.54
4564.54
4564.54
4564.54
4564.54
4564.54
4564.54
4564.54
4564.54
4564.54
4564.55
4564.55
4564.55
4564.55
4564.55
4564.55
4564.55
4564.56
4564.56
4564.56
4564.56
4564.56
4564.56
4564.56
4564.57
4564.57
4564.57
4564.57
4564.57
4564.57
4564.57
4564.58
4564.58
4564.58
4564.58
4564.58
4564.58
4564.58
4564.58
4564.58
4564.58
4564.58
4564.58
4564.58
4564.58
4564.58
4564.58
4564.58
4564.58
4564.58
4564.58
4564.58
4564.58
4564.58
4564.58
4564.58
4564.58
4564.58
4564.57
4564.57
4564.57
4564.57
4564.57
4564.57
4564.57
4564.57
4564.56
4564.56
4564.56
4564.56
4564.56
4564.56
4564.56
4564.55
4564.55
4564.55
4564.55
4564.55
4564.55
4564.55
4564.55
4564.54
4564.54
4564.54
4564.54
4564.54
4564.54
4564.54
4564.54
4564.54
4564.54
4564.54
4564.54
4564.54
4564.54
4564.54
4564.54
4564.54
4564.54
4564.54
4564.54
4564.54
4564.54
4564.54
4564.54
4564.54
4564.54
4564.54
4564.55
4564.55
4564.55
4564.55
4564.55
4564.55
4564.55
4564.55
4564.55
4564.56
4564.56
4564.56
4564.56
4564.56
4564.56
4564.56
4564.56
4564.57
4564.57
4564.57
4564.57
4564.57
4564.57
4564.57
4564.57
4564.57
4564.57
4564.57
4564.58
4564.58
4564.58
4564.58
4564.58
4564.58
4564.58
4564.58
4564.58
4564.58
4564.58
4564.58
4564.58
4564.58
4564.58
4564.58
4564.58
4564.57
4564.57
4564.57
4564.57
4564.57
4564.57
4564.57
4564.57
4564.57
4564.57
4564.57
4564.57
4564.56
4564.56
4564.56
4564.56
4564.56
4564.56
4564.56
4564.56
4564.56
4564.55
4564.55
4564.55
4564.55
4564.55
4564.55
4564.55
4564.55
4564.55
4564.55
4564.55
4564.54
4564.54
4564.54
4564.54
4564.54
4564.54
4564.54
4564.54
4564.54
4564.54
4564.54
4564.54
4564.54
4564.54
4564.54
4564.54
4564.54
4564.54
4564.54
4564.54
4564.55
4564.55
4564.55
4564.55
4564.55
4564.55
4564.55
4564.55
4564.55
4564.55
4564.55
4564.55
4564.56
4564.56
4564.56
4564.56
4564.56
4564.56
4564.56
4564.56
4564.56
4564.56
4564.57
4564.57
4564.57
4564.57
4564.57
4564.57
4564.57
4564.57
4564.57
4564.57
4564.57
4564.57
4564.57
4564.57
4564.57
4564.57
4564.57
4564.57
4564.57
4564.57
4564.57
4564.57
4564.57
4564.57
4564.57
4564.57
4564.57
4564.57
4564.57
4564.57
4564.57
4564.57
4564.57
4564.57
4564.57
4564.57
4564.56
4564.56
4564.56
4564.56
4564.56
4564.56
4564.56
4564.56
4564.56
4564.56
4564.56
4564.55
4564.55
4564.55
4564.55
4564.55
4564.55
4564.55
4564.55
4564.55
4564.55
4564.55
4564.55
4564.55
4564.55
4564.55
4564.55
4564.55
4564.54
4564.54
4564.54
4564.54
4564.54
4564.54
4564.54
4564.54
4564.55
4564.55
4564.55
4564.55
4564.55
4564.55
4564.55
4564.55
4564.55
4564.55
4564.55
4564.55
4564.55
4564.55
4564.55
4564.55
4564.55
4564.56
4564.56
4564.56
4564.56
4564.56
4564.56
4564.56
4564.56
4564.56
4564.56
4564.56
4564.56
4564.56
4564.57
4564.57
4564.57
4564.57
4564.57
4564.57
4564.57
4564.57
4564.57
4564.57
4564.57
4564.57
4564.57
4564.57
4564.57
4564.57
4564.57
4564.57
4564.57
4564.57
4564.57
4564.57
4564.57
4564.57
4564.57
4564.57
4564.57
4564.57
4564.57
4564.57
4564.57
4564.57
4564.56
4564.56
4564.56
4564.56
4564.56
4564.56
4564.56
4564.56
4564.56
4564.56
4564.56
4564.56
4564.56
4564.56
4564.55
4564.55
4564.55
4564.55
4564.55
4564.55
4564.55
4564.55
4564.55
4564.55
4564.55
4564.55
4564.55
4564.55
4564.55
4564.55
4564.55
4564.55
4564.55
4564.55
4564.55
4564.55
4564.55
4564.55
4564.55
4564.55
4564.55
4564.55
4564.55
4564.55
4564.55
4564.55
4564.55
4564.55
4564.55
4564.55
4564.55
4564.55
4564.55
4564.55
4564.55
4564.56
4564.56
4564.56
4564.56
4564.56
4564.56
4564.56
4564.56
4564.56
4564.56
4564.56
4564.56
4564.56
4564.56
4564.56
4564.56
4564.57
4564.57
4564.57
4564.57
4564.57
4564.57
4564.57
4564.57
4564.57
4564.57
4564.57
4564.57
4564.57
4564.57
4564.57
4564.57
4564.57
4564.57
4564.57
4564.57
4564.57
4564.57
4564.57
4564.57
4564.57
4564.57
4564.56
4564.56
4564.56
4564.56
4564.56
4564.56
4564.56
4564.56
4564.56
4564.56
4564.56
4564.56
4564.56
4564.56
4564.56
4564.56
4564.56
4564.55
4564.55
4564.55
4564.55
4564.55
4564.55
4564.55
4564.55
4564.55
4564.55
4564.55
4564.55
4564.55
4564.55
4564.55
4564.55
4564.55
4564.55
4564.55
4564.55
4564.55
4564.55
4564.55
4564.55
4564.55
4564.55
4564.55
4564.55
4564.55
4564.55
4564.55
4564.55
4564.55
4564.55
4564.55
4564.55
4564.55
4564.55
4564.55
4564.55
4564.55
4564.56
4564.56
4564.56
4564.56
4564.56
4564.56
4564.56
4564.56
4564.56
4564.56
4564.56
4564.56
4564.56
4564.56
4564.56
4564.56
4564.56
4564.56
4564.56
4564.56
4564.56
4564.56
4564.57
4564.57
4564.57
4564.57
4564.57
4564.57
4564.57
4564.57
4564.57
4564.57
4564.57
4564.57
4564.57
4564.57
4564.56
4564.56
4564.56
4564.56
4564.56
4564.56
4564.56
4564.56
4564.56
4564.56
4564.56
4564.56
4564.56
4564.56
4564.56
4564.56
4564.56
4564.56
4564.56
4564.56
4564.56
4564.56
4564.56
4564.56
4564.55
4564.55
4564.55
4564.55
4564.55
4564.55
4564.55
4564.55
4564.55
4564.55
4564.55
4564.55
4564.55
4564.55
4564.55
4564.55
4564.55
4564.55
4564.55
4564.55
4564.55
4564.55
4564.55
4564.55
4564.55
4564.55
4564.55
4564.55
4564.55
4564.55
4564.55
4564.55
4564.55
4564.55
4564.55
4564.55
4564.55
4564.55
4564.55
4564.55
4564.56
4564.56
4564.56
4564.56
4564.56
4564.56
4564.56
4564.56
4564.56
4564.56
4564.56
4564.56
4564.56
4564.56
4564.56
4564.56
4564.56
4564.56
4564.56
4564.56
4564.56
4564.56
4564.56
4564.56
4564.56
4564.56
4564.56
4564.56
4564.56
4564.56
4564.56
4564.56
4564.56
4564.56
4564.56
4564.56
4564.56
4564.56
4564.56
4564.56
4564.56
4564.56
4564.56
4564.56
4564.56
4564.56
4564.56
4564.56
4564.56
4564.56
4564.56
4564.56
4564.56
4564.56
4564.56
4564.56
4564.56
4564.56
4564.56
4564.56
4564.55
4564.55
4564.55
4564.55
4564.55
4564.55
4564.55
4564.55
4564.55
4564.55
4564.55
4564.55
4564.55
4564.55
4564.55
4564.55
4564.55
4564.55
4564.55
4564.55
4564.55
4564.55
4564.55
4564.55
4564.55
4564.55
4564.55
4564.55
4564.55
4564.55
4564.55
4564.55
4564.55
4564.55
4564.55
4564.55
4564.55
4564.55
4564.55
4564.55
4564.56
4564.56
4564.56
4564.56
4564.56
4564.56
4564.56
4564.56
4564.56
4564.56
4564.56
4564.56
4564.56
4564.56
4564.56
4564.56
4564.56
4564.56
4564.56
4564.56
4564.56
4564.56
4564.56
4564.56
4564.56
4564.56
4564.56
4564.56
4564.56
4564.56
4564.56
4564.56
4564.56
4564.56
4564.56
4564.56
4564.56
4564.56
4564.56
4564.56
4564.56
4564.56
4564.56
4564.56
4564.56
4564.56
4564.56
4564.56
4564.56
4564.56
4564.56
4564.56
4564.56
4564.56
4564.56
4564.56
4564.56
4564.56
4564.56
4564.56
4564.55
4564.55
4564.55
4564.55
4564.55
4564.55
4564.55
4564.55
4564.55
4564.55
4564.55
4564.55
4564.55
4564.55
4564.55
4564.55
4564.55
4564.55
4564.55
4564.55
4564.55
4564.55
4564.55
4564.55
4564.55
4564.55
4564.55
4564.55
4564.55
4564.55
4564.55
4564.55
4564.55
4564.55
4564.55
4564.55
4564.55
4564.55
4564.55
4564.55
4564.56
4564.56
4564.56
4564.56
4564.56
4564.56
4564.56
4564.56
4564.56
4564.56
4564.56
4564.56
4564.56
4564.56
4564.56
4564.56
4564.56
4564.56
4564.56
4564.56
4564.56
4564.56
4564.56
4564.56
4564.56
4564.56
4564.56
4564.56
4564.56
4564.56
4564.56
4564.56
4564.56
4564.56
4564.56
4564.56
4564.56
4564.56
4564.56
4564.56
4564.56
4564.56
4564.56
4564.56
4564.56
4564.56
4564.56
4564.56
4564.56
4564.56
4564.56
4564.56
4564.56
4564.56
4564.56
4564.56
4564.56
4564.56
4564.56
4564.56
4564.55
4564.55
4564.55
4564.55
4564.55
4564.55
4564.55
4564.55
4564.55
4564.55
4564.55
4564.55
4564.55
4564.55
4564.55
4564.55
4564.55
4564.55
4564.55
4564.55
4564.55
4564.55
4564.55
4564.55
4564.55
4564.55
4564.55
4564.55
4564.55
4564.55
4564.55
4564.55
4564.55
4564.55
4564.55
4564.55
4564.55
4564.55
4564.55
4564.55
4564.56
4564.56
4564.56
4564.56
4564.56
4564.56
4564.56
4564.56
4564.56
4564.56
4564.56
4564.56
4564.56
4564.56
4564.56
4564.56
4564.56
4564.56
4564.56
4564.56
4564.56
4564.56
4564.56
4564.56
4564.56
4564.56
4564.56
4564.56
4564.56
4564.56
4564.56
4564.56
4564.56
4564.56
4564.56
4564.56
4564.56
4564.56
4564.56
4564.56
4564.56
4564.56
4564.56
4564.56
4564.56
4564.56
4564.56
4564.56
4564.56
4564.56
4564.56
4564.56
4564.56
4564.56
4564.56
4564.56
4564.56
4564.56
4564.56
4564.56
4564.55
4564.55
4564.55
4564.55
4564.55
4564.55
4564.55
4564.55
4564.55
4564.55
4564.55
4564.55
4564.55
4564.55
4564.55
4564.55
4564.55
4564.55
4564.55
4564.55
4564.55
4564.55
4564.55
4564.55
4564.55
4564.55
4564.55
4564.55
4564.55
4564.55
4564.55
4564.55
4564.55
4564.55
4564.55
4564.55
4564.55
4564.55
4564.55
4564.55
4564.55
4564.56
4564.56
4564.56
4564.56
4564.56
4564.56
4564.56
4564.56
4564.56
4564.56
4564.56
4564.56
4564.56
4564.56
4564.56
4564.56
4564.56
4564.56
4564.56
4564.56
4564.56
4564.56
4564.56
4564.56
4564.56
4564.56
4564.56
4564.56
4564.56
4564.56
4564.56
4564.56
4564.56
4564.56
4564.56
4564.56
4564.56
4564.56
4564.56
4564.56
4564.56
4564.56
4564.56
4564.56
4564.56
4564.56
4564.56
4564.56
4564.56
4564.56
4564.56
4564.56
4564.56
4564.56
4564.56
4564.56
4564.56
4564.56
4564.55
4564.55
4564.55
4564.55
4564.55
4564.55
4564.55
4564.55
4564.55
4564.55
4564.55
4564.55
4564.55
4564.55
4564.55
4564.55
4564.55
4564.55
4564.55
4564.55
4564.55
4564.55
4564.55
4564.55
4564.55
4564.55
4564.55
4564.55
4564.55
4564.55
4564.55
4564.55
4564.55
4564.55
4564.55
4564.55
4564.55
4564.55
4564.55
4564.55
4564.55
4564.55
4564.55
4564.56
4564.56
4564.56
4564.56
4564.56
4564.56
4564.56
4564.56
4564.56
4564.56
4564.56
4564.56
4564.56
4564.56
4564.56
4564.56
4564.56
4564.56
4564.56
4564.56
4564.56
4564.56
4564.56
4564.56
4564.56
4564.56
4564.56
4564.56
4564.56
4564.56
4564.56
4564.56
4564.56
4564.56
4564.56
4564.56
4564.56
4564.56
4564.56
4564.56
4564.56
4564.56
4564.56
4564.56
4564.56
4564.56
4564.56
4564.56
4564.56
4564.56
4564.56
4564.56
4564.56
4564.56
4564.56
4564.56
4564.55
4564.55
4564.55
4564.55
4564.55
4564.55
4564.55
4564.55
4564.55
4564.55
4564.55
4564.55
4564.55
4564.55
4564.55
4564.55
4564.55
4564.55
4564.55
4564.55
4564.55
4564.55
4564.55
4564.55
4564.55
4564.55
4564.55
4564.55
4564.55
4564.55
4564.55
4564.55
4564.55
4564.55
4564.55
4564.55
4564.55
4564.55
4564.55
4564.55
4564.55
4564.55
4564.55
4564.55
4564.55
4564.55
4564.56
4564.56
4564.56
4564.56
4564.56
4564.56
4564.56
4564.56
4564.56
4564.56
4564.56
4564.56
4564.56
4564.56
4564.56
4564.56
4564.56
4564.56
4564.56
4564.56
4564.56
4564.56
4564.56
4564.56
4564.56
4564.56
4564.56
4564.56
4564.56
4564.56
4564.56
4564.56
4564.56
4564.56
4564.56
4564.56
4564.56
4564.56
4564.56
4564.56
4564.56
4564.56
4564.56
4564.56
4564.56
4564.56
4564.56
4564.56
4564.56
4564.56
4564.56
4564.56
4564.55
4564.55
4564.55
4564.55
4564.55
4564.55
4564.55
4564.55
4564.55
4564.55
4564.55
4564.55
4564.55
4564.55
4564.55
4564.55
4564.55
4564.55
4564.55
4564.55
4564.55
4564.55
4564.55
4564.55
4564.55
4564.55
4564.55
4564.55
4564.55
4564.55
4564.55
4564.55
4564.55
4564.55
4564.55
4564.55
4564.55
4564.55
4564.55
4564.55
4564.55
4564.55
4564.55
4564.55
4564.55
4564.55
4564.55
4564.55
4564.55
4564.55
4564.55
4564.56
4564.56
4564.56
4564.56
4564.56
4564.56
4564.56
4564.56
4564.56
4564.56
4564.56
4564.56
4564.56
4564.56
4564.56
4564.56
4564.56
4564.56
4564.56
4564.56
4564.56
4564.56
4564.56
4564.56
4564.56
4564.56
4564.56
4564.56
4564.56
4564.56
4564.56
4564.56
4564.56
4564.56
4564.56
4564.56
4564.56
4564.56
4564.56
4564.56
4564.56
4564.56
4564.56
4564.56
4564.56
4564.56
4564.55
4564.55
4564.55
4564.55
4564.55
4564.55
4564.55
4564.55
4564.55
4564.55
4564.55
4564.55
4564.55
4564.55
4564.55
4564.55
4564.55
4564.55
4564.55
4564.55
4564.55
4564.55
4564.55
4564.55
4564.55
4564.55
4564.55
4564.55
4564.55
4564.55
4564.55
4564.55
4564.55
4564.55
4564.55
4564.55
4564.55
4564.55
4564.55
4564.55
4564.55
4564.55
4564.55
4564.55
4564.55
4564.55
4564.55
4564.55
4564.55
4564.55
4564.55
4564.55
4564.55
4564.55
4564.55
4564.55
4564.55
4564.55
4564.55
4564.56
4564.56
4564.56
4564.56
4564.56
4564.56
4564.56
4564.56
4564.56
4564.56
4564.56
4564.56
4564.56
4564.56
4564.56
4564.56
4564.56
4564.56
4564.56
4564.56
4564.56
4564.56
4564.56
4564.56
4564.56
4564.56
4564.56
4564.56
4564.56
4564.56
4564.56
4564.56
4564.56
4564.56
4564.56
4564.56
4564.55
4564.55
4564.55
4564.55
4564.55
4564.55
4564.55
4564.55
4564.55
4564.55
4564.55
4564.55
4564.55
4564.55
4564.55
4564.55
4564.55
4564.55
4564.55
4564.55
4564.55
4564.55
4564.55
4564.55
4564.55
4564.55
4564.55
4564.55
4564.55
4564.55
4564.55
4564.55
4564.55
4564.55
4564.55
4564.55
4564.55
4564.55
4564.55
4564.55
4564.55
4564.55
4564.55
4564.55
4564.55
4564.55
4564.55
4564.55
4564.55
4564.55
4564.55
4564.55
4564.55
4564.55
4564.55
4564.55
4564.55
4564.55
4564.55
4564.55
4564.55
4564.55
4564.55
4564.55
4564.55
4564.55
4564.55
4564.55
4564.55
4564.55
4564.55
4564.56
4564.56
4564.56
4564.56
4564.56
4564.56
4564.56
4564.56
4564.56
4564.56
4564.56
4564.56
4564.56
4564.56
4564.56
4564.56
4564.56
4564.56
4564.56
4564.56
4564.56
4564.55
4564.55
4564.55
4564.55
4564.55
4564.55
4564.55
4564.55
4564.55
4564.55
4564.55
4564.55
4564.55
4564.55
4564.55
4564.55
4564.55
4564.55
4564.55
4564.55
4564.55
4564.55
4564.55
4564.55
4564.55
4564.55
4564.55
4564.55
4564.55
4564.55
4564.55
4564.55
4564.55
4564.55
4564.55
4564.55
4564.55
4564.55
4564.55
4564.55
4564.55
4564.55
4564.55
4564.55
4564.55
4564.55
4564.55
4564.55
4564.55
4564.55
4564.55
4564.55
4564.55
4564.55
4564.55
4564.55
4564.55
4564.55
4564.55
4564.55
4564.55
4564.55
4564.55
4564.55
4564.55
4564.55
4564.55
4564.55
4564.55
4564.55
4564.55
4564.55
4564.55
4564.55
4564.55
4564.55
4564.55
4564.55
4564.55
4564.55
4564.55
4564.55
4564.55
4564.55
4564.55
4564.55
4564.55
4564.55
4564.55
4564.55
4564.55
4564.55
4564.55
4564.55
4564.55
4564.55
4564.55
4564.55
4564.55
4564.55
4564.55
4564.55
4564.55
4564.55
4564.55
4564.55
4564.55
4564.55
4564.55
4564.55
4564.55
4564.55
4564.55
4564.55
4564.55
4564.55
4564.55
4564.55
4564.55
4564.55
4564.55
4564.55
4564.55
4564.55
4564.55
4564.55
4564.55
4564.55
4564.55
4564.55
4564.55
4564.55
4564.55
4564.55
4564.55
4564.55
4564.55
4564.55
4564.55
4564.55
4564.55
4564.55
4564.55
4564.55
4564.55
4564.55
4564.55
4564.55
4564.55
4564.55
4564.55
4564.55
4564.55
4564.55
4564.55
4564.55
4564.55
4564.55
4564.55
4564.55
4564.55
4564.55
4564.55
4564.55
4564.55
4564.55
4564.55
4564.55
4564.55
4564.55
4564.55
4564.55
4564.55
4564.55
4564.55
4564.55
4564.55
4564.55
4564.55
4564.55
4564.55
4564.55
4564.55
4564.55
4564.55
4564.55
4564.55
4564.55
4564.55
4564.55
4564.55
4564.55
4564.55
4564.55
4564.55
4564.55
4564.55
4564.55
4564.55
4564.55
4564.55
4564.55
4564.55
4564.55
4564.55
4564.55
4564.55
4564.55
4564.55
4564.55
4564.55
4564.55
4564.55
4564.55
4564.55
4564.55
4564.55
4564.55
4564.55
4564.55
4564.55
4564.55
4564.55
4564.55
4564.55
4564.55
4564.55
4564.55
4564.55
4564.55
4564.55
4564.55
4564.55
4564.55
4564.55
4564.55
4564.55
4564.55
4564.55
4564.55
4564.55
4564.55
4564.55
4564.55
4564.55
4564.55
4564.55
4564.55
4564.55
4564.55
4564.55
4564.55
4564.55
4564.55
4564.55
4564.55
4564.55
4564.55
4564.55
4564.55
4564.55
4564.55
4564.55
4564.55
4564.55
4564.55
4564.55
4564.55
4564.55
4564.55
4564.55
4564.55
4564.55
4564.55
4564.55
4564.55
4564.55
4564.55
4564.55
4564.55
4564.55
4564.55
4564.55
4564.55
4564.55
4564.55
4564.55
4564.55
4564.55
4564.55
4564.55
4564.55
4564.55
4564.55
4564.55
4564.55
4564.55
4564.55
4564.55
4564.55
4564.55
4564.55
4564.55
4564.55
4564.55
4564.55
4564.55
4564.55
4564.55
4564.55
4564.55
4564.55
4564.55
4564.55
4564.55
4564.55
4564.55
4564.55
4564.55
4564.55
4564.55
4564.55
4564.55
4564.55
4564.55
4564.55
4564.55
4564.55
4564.55
4564.55
4564.55
4564.55
4564.55
4564.55
4564.55
4564.55
4564.55
4564.55
4564.55
4564.55
4564.55
4564.55
4564.55
4564.55
4564.55
4564.55
4564.55
4564.55
4564.55
4564.55
4564.55
4564.55
4564.55
4564.55
4564.55
4564.55
4564.55
4564.55
4564.55
4564.55
4564.55
4564.55
4564.55
4564.55
4564.55
4564.55
4564.55
4564.55
4564.55
4564.55
4564.55
4564.55
4564.55
4564.55
4564.55
4564.55
4564.55
4564.55
4564.55
4564.55
4564.55
4564.55
4564.55
4564.55
4564.55
4564.55
4564.55
4564.55
4564.55
4564.55
4564.55
4564.55
4564.55
4564.55
4564.55
4564.55
4564.55
4564.55
4564.55
4564.55
4564.55
4564.55
4564.55
4564.55
4564.55
4564.55
4564.55
4564.55
4564.55
4564.55
4564.55
4564.55
4564.55
4564.55
4564.55
4564.55
4564.55
4564.55
4564.55
4564.55
4564.55
4564.55
4564.55
4564.55
4564.55
4564.55
4564.55
4564.55
4564.55
4564.55
4564.55
4564.55
4564.55
4564.55
4564.55
4564.55
4564.55
4564.55
4564.55
4564.55
4564.55
4564.55
4564.55
4564.55
4564.55
4564.55
4564.55
4564.55
4564.55
4564.55
4564.55
4564.55
4564.55
4564.55
4564.55
4564.55
4564.55
4564.55
4564.55
4564.55
4564.55
4564.55
4564.55
4564.55
4564.55
4564.55
4564.55
4564.55
4564.55
4564.55
4564.55
4564.55
4564.55
4564.55
4564.55
4564.55
4564.55
4564.55
4564.55
4564.55
4564.55
4564.55
4564.55
4564.55
4564.55
4564.55
4564.55
4564.55
4564.55
4564.55
4564.55
4564.55
4564.55
4564.55
4564.55
4564.55
4564.55
4564.55
4564.55
4564.55
4564.55
4564.55
4564.55
4564.55
4564.55
4564.55
4564.55
4564.55
4564.55
4564.55
4564.55
4564.55
4564.55
4564.55
4564.55
4564.55
4564.55
4564.55
4564.55
4564.55
4564.55
4564.55
4564.55
4564.55
4564.55
4564.55
4564.55
4564.55
4564.55
4564.55
4564.55
4564.55
4564.55
4564.55
4564.55
4564.55
4564.55
4564.55
4564.55
4564.55
4564.55
4564.55
4564.55
4564.55
4564.55
4564.55
4564.55
4564.55
4564.55
4564.55
4564.55
4564.55
4564.55
4564.55
4564.55
4564.55
4564.55
4564.55
4564.55
4564.55
4564.55
4564.55
4564.55
4564.55
4564.55
4564.55
4564.55
4564.55
4564.55
4564.55
4564.55
4564.55
4564.55
4564.55
4564.55
4564.55
4564.55
4564.55
4564.55
4564.55
4564.55
4564.55
4564.55
4564.55
4564.55
4564.55
4564.55
4564.55
4564.55
4564.55
4564.55
4564.55
4564.55
4564.55
4564.55
4564.55
4564.55
4564.55
4564.55
4564.55
4564.55
4564.55
4564.55
4564.55
4564.55
4564.55
4564.55
4564.55
4564.55
4564.55
4564.55
4564.55
4564.55
4564.55
4564.55
4564.55
4564.55
4564.55
4564.55
4564.55
4564.55
4564.55
4564.55
4564.55
4564.55
4564.55
4564.55
4564.55
4564.55
4564.55
4564.55
4564.55
4564.55
4564.55
4564.55
4564.55
4564.55
4564.55
4564.55
4564.55
4564.55
4564.55
4564.55
4564.55
4564.55
4564.55
4564.55
4564.55
4564.55
4564.55
4564.55
4564.55
4564.55
4564.55
4564.55
4564.55
4564.55
4564.55
4564.55
4564.55
4564.55
4564.55
4564.55
4564.55
4564.55
4564.55
4564.55
4564.55
4564.55
4564.55
4564.55
4564.55
4564.55
4564.55
4564.55
4564.55
4564.55
4564.55
4564.55
4564.55
4564.55
4564.55
4564.55
4564.55
4564.55
4564.55
4564.55
4564.55
4564.55
4564.55
4564.55
4564.55
4564.55
4564.55
4564.55
4564.55
4564.55
4564.55
4564.55
4564.55
4564.55
4564.55
4564.55
4564.55
4564.55
4564.55
4564.55
4564.55
4564.55
4564.55
4564.55
4564.55
4564.55
4564.55
4564.55
4564.55
4564.55
4564.55
4564.55
4564.55
4564.55
4564.55
4564.55
4564.55
4564.55
4564.55
4564.55
4564.55
4564.55
4564.55
4564.55
4564.55
4564.55
4564.55
4564.55
4564.55
4564.55
4564.55
4564.55
4564.55
4564.55
4564.55
4564.55
4564.55
4564.55
4564.55
4564.55
4564.55
4564.55
4564.55
4564.55
4564.55
4564.55
4564.55
4564.55
4564.55
4564.55
4564.55
4564.55
4564.55
4564.55
4564.55
4564.55
4564.55
4564.55
4564.55
4564.55
4564.55
4564.55
4564.55
4564.55
4564.55
4564.55
4564.55
4564.55
4564.55
4564.55
4564.55
4564.55
4564.55
4564.55
4564.55
4564.55
4564.55
4564.55
4564.55
4564.55
4564.55
4564.55
4564.55
4564.55
4564.55
4564.55
4564.55
4564.55
4564.55
4564.55
4564.55
4564.55
4564.55
4564.55
4564.55
4564.55
4564.55
4564.55
4564.55
4564.55
4564.55
4564.55
4564.55
4564.55
4564.55
4564.55
4564.55
4564.55
4564.55
4564.55
4564.55
4564.55
4564.55
4564.55
4564.55
4564.55
4564.55
4564.55
4564.55
4564.55
4564.55
4564.55
4564.55
4564.55
4564.55
4564.55
4564.55
4564.55
4564.55
4564.55
4564.55
4564.55
4564.55
4564.55
4564.55
4564.55
4564.55
4564.55
4564.55
4564.55
4564.55
4564.55
4564.55
4564.55
4564.55
4564.55
4564.55
4564.55
4564.55
4564.55
4564.55
4564.55
4564.55
4564.55
4564.55
4564.55
