
Dual Residual: 
1
18798.7
4209.24
1947.12
1142.3
980.269
823.619
659.652
526.732
460.488
435.12
400.947
346.565
286.907
237.565
204.288
185.86
179.335
180.69
184.882
187.687
186.764
181.288
171.284
157.365
140.781
123.469
107.898
96.5312
90.7724
90.0214
92.0805
94.5884
95.9628
95.5234
93.2535
89.5151
84.8164
79.6611
74.4827
69.6476
65.4863
62.3005
60.31
59.5555
59.8339
60.734
61.7575
62.4537
62.511
61.7963
60.3511
58.3583
56.0871
53.8233
51.7981
50.1347
48.8342
47.806
46.9258
46.0944
45.2747
44.502
43.8705
43.5045
43.5197
43.9875
44.9104
46.2188
47.7847
49.4474
51.0379
52.3991
53.3995
53.941
53.9628
53.4428
52.3971
50.8792
48.9781
46.8161
44.5448
42.3382
40.3785
38.8327
37.8215
37.3893
37.4902
38.0004
38.7506
39.5642
40.2875
40.8075
41.0593
41.0264
40.7364
40.2537
39.6685
39.0828
38.594
38.2781
38.1757
38.2847
38.5624
38.936
39.317
39.6161
39.7545
39.6727
39.3346
38.7296
37.8724
36.8019
35.579
34.2826
33.0046
31.8427
30.8903
30.2243
29.8934
29.9098
30.2486
30.8549
31.6557
32.5727
33.5313
34.4668
35.3273
36.0738
36.6797
37.1294
37.4172
37.5459
37.525
37.37
37.1008
36.7402
36.3123
35.8415
35.3505
34.8587
34.3821
33.9317
33.514
33.1312
32.7827
32.4656
32.1767
31.9138
31.6758
31.4642
31.2822
31.1344
31.0259
30.9607
30.9411
30.9659
31.0305
31.126
31.2402
31.3578
31.4623
31.5366
31.5649
31.5337
31.433
31.2571
31.0057
30.6833
30.3004
29.8726
29.4201
28.9671
28.54
28.1659
27.8703
27.6747
27.5947
27.6378
27.8031
28.0812
28.4555
28.9041
29.4018
29.9228
30.4418
30.9359
31.3857
31.7753
32.0932
32.332
32.4881
32.5613
32.5549
32.4742
32.327
32.1222
31.8695
31.5789
31.2601
30.9223
30.5737
30.2214
29.8715
29.5289
29.1977
28.8815
28.5833
28.3061
28.0526
27.8259
27.6287
27.4638
27.3336
27.2398
27.1833
27.1637
27.1795
27.2278
27.3044
27.4044
27.5219
27.6509
27.7855
27.9203
28.0509
28.1739
28.2875
28.3912
28.4858
28.5735
28.6576
28.7419
28.8306
28.9279
29.0372
29.1611
29.3011
29.4568
29.6267
29.8074
29.9942
30.1812
30.3616
30.5283
30.6741
30.7921
30.876
30.9209
30.9227
30.8791
30.7893
30.6541
30.4759
30.2588
30.0082
29.7304
29.4332
29.1245
28.8129
28.5067
28.2142
27.9427
27.6986
27.4872
27.3122
27.176
27.0792
27.0211
26.9997
27.0115
27.0525
27.1175
27.2013
27.298
27.402
27.5074
27.6091
27.7018
27.7811
27.843
27.884
27.9016
27.8936
27.8588
27.7967
27.7075
27.5921
27.452
27.2896
27.1074
26.9087
26.6969
26.4756
26.2484
26.0189
25.7902
25.5653
25.3465
25.1356
24.9338
24.7417
24.5595
24.3868
24.2229
24.0668
23.9176
23.7743
23.6362
23.503
23.3745
23.2513
23.1343
23.0248
22.9247
22.8361
22.7614
22.7032
22.6638
22.6456
22.6504
22.68
22.7351
22.8162
22.923
23.0545
23.2091
23.3845
23.5782
23.7869
24.0073
24.2359
24.469
24.7031
24.9347
25.1607
25.378
25.5841
25.7769
25.9547
26.116
26.2601
26.3865
26.4954
26.587
26.6621
26.7219
26.7677
26.8009
26.8233
26.8366
26.8423
26.8421
26.8374
26.8294
26.8189
26.8067
26.7931
26.7781
26.7614
26.7427
26.7211
26.6958
26.666
26.6305
26.5886
26.5394
26.4822
26.4166
26.3422
26.2592
26.1677
26.0683
25.9616
25.8487
25.7305
25.6082
25.4832
25.3567
25.23
25.104
24.98
24.8585
24.7403
24.6257
24.5147
24.4072
24.3029
24.2011
24.101
24.0017
23.9021
23.801
23.6973
23.5899
23.4778
23.36
23.2359
23.1048
22.9664
22.8208
22.668
22.5087
22.3435
22.1735
22
21.8245
21.6487
21.4743
21.3034
21.138
20.9799
20.8312
20.6936
20.5688
20.4583
20.3632
20.2845
20.2228
20.1787
20.1523
20.1435
20.1521
20.1776
20.2195
20.2772
20.35
20.4373
20.5385
20.6529
20.78
20.9193
21.0705
21.233
21.4064
21.5905
21.7847
21.9886
22.2015
22.423
22.652
22.8878
23.1294
23.3754
23.6247
23.8758
24.1272
24.3773
24.6244
24.8669
25.103
25.3312
25.5496
25.7567
25.9511
26.1312
26.2959
26.4438
26.574
26.6856
26.7779
26.8502
26.902
26.9331
26.9433
26.9326
26.9009
26.8486
26.776
26.6833
26.5712
26.44
26.2905
26.1233
25.9391
25.7386
25.5227
25.292
25.0476
24.7903
24.5209
24.2405
23.9501
23.6506
23.3433
23.0293
22.7098
22.386
22.0594
21.7313
21.4032
21.0765
20.7528
20.4337
20.1206
19.8152
19.5188
19.2329
18.9588
18.6977
18.4508
18.2188
18.0027
17.8029
17.6198
17.4537
17.3047
17.1724
17.0568
16.9574
16.8737
16.8051
16.7512
16.7112
16.6846
16.6707
16.6692
16.6795
16.7012
16.734
16.7776
16.8317
16.8963
16.9709
17.0556
17.15
17.2539
17.3669
17.4887
17.6188
17.7566
17.9014
18.0525
18.2089
18.3697
18.5339
18.7004
18.8681
19.0359
19.2025
19.367
19.5282
19.6852
19.837
19.9828
20.122
20.254
20.3783
20.4946
20.6028
20.7029
20.795
20.8793
20.9562
21.0263
21.0902
21.1485
21.2019
21.2514
21.2978
21.3419
21.3847
21.427
21.4695
21.5131
21.5585
21.6063
21.6569
21.7109
21.7685
21.8299
21.8951
21.9643
22.0371
22.1135
22.1929
22.275
22.3593
22.4451
22.5318
22.6187
22.7051
22.7902
22.8732
22.9532
23.0296
23.1015
23.1682
23.2288
23.2828
23.3294
23.3679
23.3979
23.4188
23.4301
23.4314
23.4224
23.4027
23.3722
23.3307
23.2782
23.2146
23.1401
23.0547
22.9586
22.8522
22.7358
22.6097
22.4745
22.3305
22.1785
22.0188
21.8523
21.6795
21.501
21.3176
21.13
20.9387
20.7446
20.5483
20.3504
20.1516
19.9525
19.7536
19.5556
19.3588
19.1639
18.9713
18.7813
18.5945
18.4112
18.2317
18.0563
17.8855
17.7196
17.5587
17.4033
17.2536
17.1099
16.9725
16.8417
16.7179
16.6012
16.4919
16.3905
16.297
16.2117
16.135
16.0669
16.0077
15.9575
15.9164
15.8844
15.8618
15.8483
15.844
15.8488
15.8625
15.885
15.9161
15.9555
16.0029
16.058
16.1206
16.1902
16.2664
16.3489
16.4373
16.5311
16.6299
16.7333
16.8408
16.9519
17.0663
17.1834
17.3028
17.424
17.5466
17.67
17.7939
17.9179
18.0413
18.1639
18.2852
18.4048
18.5223
18.6373
18.7494
18.8584
18.9638
19.0655
19.1632
19.2566
19.3455
19.4298
19.5094
19.584
19.6537
19.7183
19.778
19.8326
19.8823
19.927
19.9669
20.002
20.0325
20.0586
20.0803
20.0978
20.1113
20.1209
20.127
20.1295
20.1288
20.1249
20.1182
20.1087
20.0967
20.0823
20.0657
20.0471
20.0266
20.0045
19.9809
19.9559
19.9297
19.9024
19.8743
19.8454
19.8158
19.7858
19.7553
19.7246
19.6937
19.6626
19.6315
19.6004
19.5694
19.5384
19.5075
19.4766
19.4458
19.415
19.384
19.3528
19.3214
19.2895
19.257
19.2238
19.1898
19.1547
19.1183
19.0805
19.0411
18.9999
18.9567
18.9114
18.8638
18.8136
18.7609
18.7055
18.6473
18.5862
18.5222
18.4553
18.3854
18.3127
18.2371
18.1589
18.078
17.9948
17.9093
17.8218
17.7325
17.6418
17.5498
17.4569
17.3635
17.2699
17.1763
17.0833
16.991
16.8999
16.8103
16.7225
16.6369
16.5537
16.4731
16.3954
16.3209
16.2496
16.1818
16.1174
16.0566
15.9994
15.9458
15.8958
15.8492
15.806
15.766
15.7292
15.6953
15.6643
15.6359
15.6099
15.5863
15.5649
15.5456
15.5281
15.5126
15.4988
15.4868
15.4766
15.4681
15.4615
15.4568
15.4542
15.4537
15.4556
15.4599
15.467
15.477
15.49
15.5064
15.5263
15.5499
15.5774
15.6089
15.6445
15.6844
15.7285
15.777
15.8297
15.8867
15.9478
16.013
16.082
16.1546
16.2305
16.3096
16.3915
16.4759
16.5623
16.6506
16.7402
16.8308
16.922
17.0135
17.1048
17.1956
17.2855
17.3742
17.4614
17.5468
17.6301
17.7109
17.7892
17.8647
17.9371
18.0064
18.0723
18.1349
18.1938
18.2492
18.3008
18.3488
18.3929
18.4332
18.4697
18.5024
18.5312
18.5561
18.5771
18.5943
18.6076
18.617
18.6224
18.6239
18.6213
18.6147
18.6041
18.5892
18.5702
18.5468
18.519
18.4868
18.4499
18.4084
18.3622
18.3111
18.255
18.1939
18.1276
18.0561
17.9794
17.8974
17.81
17.7172
17.6191
17.5156
17.4068
17.2928
17.1736
17.0494
16.9203
16.7864
16.6481
16.5055
16.3588
16.2085
16.0548
15.8981
15.7387
15.5772
15.414
15.2495
15.0844
14.9191
14.7543
14.5905
14.4284
14.2687
14.1121
13.9592
13.8107
13.6675
13.5301
13.3994
13.2761
13.1607
13.0541
12.9567
12.8694
12.7925
12.7265
12.672
12.6292
12.5984
12.5798
12.5736
12.5797
12.5981
12.6286
12.671
12.725
12.7901
12.866
12.952
13.0475
13.1521
13.2649
13.3852
13.5125
13.6459
13.7846
13.928
14.0753
14.2257
14.3786
14.5333
14.689
14.8452
15.0012
15.1564
15.3102
15.4622
15.6118
15.7585
15.9019
16.0416
16.1772
16.3084
16.4348
16.5562
16.6722
16.7827
16.8874
16.9861
17.0787
17.165
17.2448
17.3182
17.3849
17.4449
17.4982
17.5447
17.5843
17.6171
17.643
17.662
17.6742
17.6796
17.6781
17.6699
17.6549
17.6332
17.6049
17.57
17.5286
17.4808
17.4265
17.366
17.2993
17.2264
17.1475
17.0628
16.9722
16.876
16.7743
16.6672
16.5549
16.4375
16.3152
16.1883
16.0569
15.9212
15.7816
15.6382
15.4913
15.3412
15.1883
15.0328
14.8751
14.7155
14.5545
14.3924
14.2296
14.0666
13.9038
13.7417
13.5808
13.4215
13.2643
13.1098
12.9584
12.8106
12.667
12.528
12.3941
12.2658
12.1435
12.0276
11.9187
11.8169
11.7227
11.6364
11.5581
11.4882
11.4267
11.3738
11.3295
11.2939
11.2669
11.2484
11.2382
11.2363
11.2424
11.2562
11.2776
11.3061
11.3415
11.3835
11.4317
11.4857
11.5453
11.61
11.6796
11.7538
11.8321
11.9144
12.0004
12.0898
12.1823
12.2777
12.3759
12.4767
12.5798
12.6851
12.7925
12.9018
13.0129
13.1257
13.2401
13.3559
13.4731
13.5914
13.7109
13.8312
13.9524
14.0742
14.1965
14.319
14.4416
14.5641
14.6862
14.8077
14.9284
15.0478
15.1658
15.2821
15.3963
15.508
15.617
15.723
15.8254
15.9241
16.0186
16.1085
16.1936
16.2734
16.3477
16.416
16.478
16.5335
16.582
16.6234
16.6574
16.6836
16.7019
16.712
16.7138
16.7071
16.6917
16.6676
16.6346
16.5926
16.5417
16.4818
16.4129
16.3351
16.2484
16.153
16.049
15.9365
15.8157
15.6869
15.5503
15.4061
15.2547
15.0963
14.9314
14.7604
14.5836
14.4015
14.2146
14.0233
13.8282
13.6299
13.4289
13.2258
13.0214
12.8161
12.6108
12.4062
12.2029
12.0018
11.8036
11.6091
11.4192
11.2346
11.0562
10.8848
10.7212
10.5662
10.4206
10.2851
10.1604
10.0472
9.94597
9.85723
9.7814
9.71877
9.66956
9.63386
9.61166
9.60284
9.60718
9.62434
9.6539
9.69534
9.74808
9.81145
9.88474
9.96719
10.058
10.1564
10.2615
10.3726
10.4887
10.6092
10.7331
10.8599
10.9886
11.1187
11.2495
11.3804
11.5107
11.64
11.7677
11.8934
12.0167
12.1371
12.2543
12.368
12.478
12.5839
12.6856
12.7829
12.8757
12.9637
13.047
13.1256
13.1992
13.2681
13.3321
13.3913
13.4459
13.4958
13.5413
13.5824
13.6193
13.6522
13.6813
13.7068
13.7288
13.7477
13.7636
13.7769
13.7877
13.7963
13.803
13.8081
13.8118
13.8143
13.8159
13.8169
13.8175
13.8179
13.8184
13.819
13.82
13.8216
13.8239
13.8271
13.8311
13.8362
13.8423
13.8495
13.8578
13.8672
13.8777
13.8892
13.9016
13.9149
13.9288
13.9434
13.9585
13.9738
13.9893
14.0047
14.0198
14.0345
14.0485
14.0616
14.0736
14.0843
14.0935
14.1009
14.1063
14.1095
14.1104
14.1087
14.1042
14.0968
14.0863
14.0725
14.0553
14.0346
14.0102
13.9821
13.95
13.914
13.8741
13.83
13.7818
13.7295
13.6731
13.6125
13.5477
13.4789
13.406
13.3291
13.2483
13.1636
13.0751
12.983
12.8874
12.7883
12.6859
12.5805
12.4721
12.3609
12.2471
12.1309
12.0125
11.8922
11.7701
11.6465
11.5217
11.3959
11.2694
11.1424
11.0154
10.8885
10.7621
10.6365
10.5121
10.3892
10.2682
10.1495
10.0334
9.92036
9.81073
9.70494
9.6034
9.50652
9.41472
9.32841
9.248
9.17388
9.10645
9.04608
8.99313
8.94792
8.91076
8.88192
8.86164
8.85013
8.84753
8.85395
8.86948
8.89411
8.92783
8.97055
9.02214
9.08244
9.15122
9.22822
9.31313
9.40563
9.50534
9.61187
9.72479
9.84365
9.968
10.0974
10.2313
10.3692
10.5107
10.6552
10.8022
10.9514
11.1021
11.2539
11.4064
11.559
11.7113
11.863
12.0135
12.1625
12.3096
12.4544
12.5965
12.7357
12.8714
13.0036
13.1317
13.2557
13.3751
13.4898
13.5995
13.704
13.8032
13.8967
13.9845
14.0664
14.1423
14.212
14.2754
14.3325
14.3832
14.4275
14.4652
14.4964
14.521
14.539
14.5505
14.5554
14.5539
14.5458
14.5314
14.5107
14.4837
14.4505
14.4113
14.3661
14.315
14.2582
14.1958
14.1279
14.0547
13.9764
13.893
13.8047
13.7118
13.6143
13.5126
13.4066
13.2967
13.1831
13.0659
12.9453
12.8217
12.6951
12.5658
12.4341
12.3003
12.1644
12.0269
11.888
11.7479
11.607
11.4655
11.3237
11.182
11.0407
10.9
10.7604
10.6221
10.4856
10.3511
10.2192
10.09
9.96408
9.84174
9.72338
9.60938
9.50012
9.39598
9.29732
9.2045
9.11785
9.0377
8.96436
8.89809
8.83915
8.78775
8.74408
8.70829
8.68047
8.6607
8.64901
8.64537
8.64974
8.66202
8.68207
8.70971
8.74475
8.78694
8.83601
8.89168
8.95362
9.02152
9.09501
9.17376
9.25738
9.34551
9.43779
9.53384
9.63329
9.73579
9.84098
9.94852
10.0581
10.1693
10.2819
10.3955
10.5099
10.6248
10.7398
10.8549
10.9696
11.0838
11.1972
11.3096
11.4207
11.5305
11.6386
11.745
11.8493
11.9515
12.0514
12.1487
12.2433
12.3352
12.424
12.5097
12.5921
12.6711
12.7466
12.8183
12.8862
12.9502
13.01
13.0656
13.117
13.1638
13.2061
13.2437
13.2766
13.3045
13.3275
13.3455
13.3583
13.3659
13.3682
13.3651
13.3566
13.3427
13.3233
13.2983
13.2678
13.2316
13.19
13.1427
13.0899
13.0316
12.9678
12.8985
12.8239
12.744
12.6589
12.5687
12.4736
12.3736
12.2689
12.1597
12.0462
11.9286
11.807
11.6818
11.5532
11.4214
11.2868
11.1496
11.0103
10.8691
10.7264
10.5827
10.4383
10.2937
10.1493
10.0057
9.8634
9.72282
9.58456
9.44918
9.31726
9.18938
9.06616
8.94819
8.83608
8.73044
8.63184
8.54087
8.45807
8.38396
8.31902
8.26367
8.21829
8.18318
8.1586
8.14469
8.14157
8.14924
8.16763
8.19659
8.23592
8.28532
8.34442
8.41281
8.49003
8.57554
8.66881
8.76925
8.87624
8.98917
9.10741
9.23032
9.35726
9.48761
9.62075
9.75606
9.89297
10.0309
10.1693
10.3076
10.4453
10.582
10.7171
10.8501
10.9808
11.1087
11.2333
11.3543
11.4715
11.5844
11.6928
11.7963
11.8948
11.988
12.0756
12.1576
12.2336
12.3035
12.3673
12.4247
12.4757
12.5202
12.5582
12.5895
12.6142
12.6322
12.6436
12.6485
12.6468
12.6386
12.6242
12.6034
12.5766
12.5439
12.5054
12.4613
12.4118
12.3573
12.2979
12.2339
12.1656
12.0933
12.0174
11.9381
11.8559
11.7711
11.6841
11.5952
11.5049
11.4137
11.3218
11.2297
11.1379
11.0467
10.9566
10.868
10.7813
10.6968
10.615
10.5361
10.4605
10.3885
10.3204
10.2564
10.1968
10.1416
10.091
10.0452
10.0041
9.96788
9.93637
9.90956
9.88734
9.86957
9.85609
9.84668
9.8411
9.8391
9.8404
9.84468
9.85164
9.86095
9.87227
9.88526
9.89958
9.91489
9.93086
9.94718
9.96351
9.97958
9.99508
10.0098
10.0234
10.0357
10.0466
10.0557
10.063
10.0684
10.0717
10.0728
10.0718
10.0684
10.0628
10.055
10.045
10.0328
10.0186
10.0024
9.98438
9.96468
9.94347
9.92091
9.89721
9.87258
9.84725
9.82144
9.7954
9.76938
9.74364
9.71843
9.69402
9.67066
9.64862
9.62814
9.60947
9.59283
9.57846
9.56656
9.55732
9.55092
9.54752
9.54724
9.55021
9.55651
9.56622
9.57937
9.59598
9.61607
9.63958
9.66649
9.69671
9.73015
9.7667
9.80622
9.84858
9.8936
9.94112
9.99093
10.0428
10.0967
10.1522
10.2091
10.2673
10.3265
10.3865
10.447
10.5079
10.5689
10.6298
10.6904
10.7505
10.8099
10.8683
10.9256
10.9817
11.0362
11.0892
11.1404
11.1896
11.2367
11.2816
11.3241
11.3642
11.4017
11.4365
11.4685
11.4976
11.5237
11.5467
11.5666
11.5833
11.5967
11.6068
11.6135
11.6168
11.6166
11.6128
11.6056
11.5948
11.5803
11.5623
11.5406
11.5154
11.4864
11.4539
11.4177
11.378
11.3346
11.2877
11.2372
11.1833
11.1259
11.0651
11.0009
10.9334
10.8628
10.7889
10.712
10.6322
10.5495
10.464
10.3758
10.2852
10.1922
10.0969
9.99959
9.90035
9.79939
9.69688
9.59305
9.48809
9.38225
9.27574
9.16884
9.0618
8.9549
8.84842
8.74268
8.63799
8.53466
8.43305
8.33349
8.23633
8.14195
8.0507
7.96297
7.87911
7.79951
7.72452
7.6545
7.58981
7.53077
7.4777
7.43088
7.39059
7.35706
7.33049
7.31105
7.29886
7.29402
7.29657
7.30652
7.32382
7.34839
7.38012
7.41883
7.46434
7.51641
7.57478
7.63917
7.70925
7.7847
7.86517
7.95029
8.03971
8.13303
8.2299
8.32991
8.43271
8.53791
8.64516
8.75408
8.86433
8.97558
9.08749
9.19974
9.31202
9.42405
9.53554
9.64622
9.75583
9.86412
9.97087
10.0758
10.1788
10.2797
10.3781
10.474
10.5672
10.6575
10.7448
10.8289
10.9098
10.9872
11.0611
11.1314
11.198
11.2607
11.3196
11.3745
11.4254
11.4723
11.5149
11.5535
11.5878
11.6178
11.6436
11.6651
11.6823
11.6952
11.7038
11.7081
11.708
11.7037
11.6951
11.6822
11.6652
11.6439
11.6185
11.589
11.5554
11.5178
11.4763
11.4309
11.3816
11.3286
11.2719
11.2116
11.1478
11.0805
11.0099
10.9361
10.8591
10.779
10.6961
10.6103
10.5217
10.4307
10.3371
10.2413
10.1433
10.0432
9.94126
9.8376
9.73237
9.62576
9.51792
9.40906
9.29935
9.18899
9.07819
8.96716
8.85612
8.7453
8.63493
8.52527
8.41656
8.30907
8.20306
8.09882
7.99663
7.89679
7.79958
7.70532
7.61431
7.52687
7.44331
7.36393
7.28905
7.21898
7.154
7.0944
7.04046
6.99243
6.95056
6.91506
6.88611
6.86389
6.84853
6.84013
6.83876
6.84447
6.85725
6.87707
6.90386
6.93752
6.97792
7.02489
7.07824
7.13776
7.20319
7.27427
7.35073
7.43225
7.51853
7.60925
7.70407
7.80267
7.90469
8.00981
8.11768
8.22796
8.34031
8.45441
8.56993
8.68655
8.80396
8.92184
9.03991
9.15787
9.27542
9.39231
9.50825
9.62299
9.73627
9.84785
9.95749
10.0649
10.17
10.2725
10.3721
10.4687
10.562
10.652
10.7384
10.821
10.8996
10.9742
11.0445
11.1104
11.1718
11.2286
11.2806
11.3276
11.3697
11.4066
11.4384
11.4649
11.486
11.5017
11.512
11.5167
11.5158
11.5093
11.4972
11.4795
11.4561
11.427
11.3923
11.352
11.3062
11.2547
11.1978
11.1354
11.0677
10.9946
10.9164
10.8331
10.7447
10.6515
10.5535
10.451
10.3439
10.2326
10.1172
9.99781
9.87473
9.74812
9.61823
9.48528
9.34953
9.21126
9.07073
8.92825
8.78413
8.63869
8.4923
8.3453
8.19808
8.05104
7.90461
7.7592
7.61529
7.47333
7.33383
7.19729
7.06424
6.93519
6.8107
6.69132
6.57759
6.47007
6.36928
6.27575
6.18996
6.11239
6.04344
5.9835
5.93287
5.8918
5.86049
5.83902
5.82745
5.82572
5.83371
5.85125
5.87807
5.91384
5.95821
6.01074
6.07097
6.13842
6.21255
6.29284
6.37874
6.46969
6.56515
6.66458
6.76745
6.87324
6.98147
7.09165
7.20333
7.31608
7.4295
7.5432
7.65684
7.77007
7.88258
7.9941
8.10435
8.21309
8.32009
8.42517
8.52811
8.62877
8.72698
8.8226
8.91553
9.00564
9.09284
9.17706
9.25821
9.33624
9.4111
9.48274
9.55115
9.61628
9.67814
9.7367
9.79197
9.84395
9.89266
9.9381
9.98029
10.0193
10.055
10.0877
10.1171
10.1435
10.1669
10.1872
10.2045
10.2189
10.2304
10.239
10.2448
10.2479
10.2482
10.2458
10.2408
10.2331
10.2229
10.2101
10.1948
10.177
10.1568
10.1342
10.1092
10.0818
10.052
10.02
9.98562
9.94897
9.91006
9.8689
9.8255
9.77989
9.73207
9.68207
9.6299
9.57557
9.51912
9.46054
9.39988
9.33715
9.27237
9.20559
9.13684
9.06616
8.99358
8.91916
8.84295
8.76502
8.68543
8.60425
8.52156
8.43746
8.35203
8.26538
8.17762
8.08888
7.99928
7.90896
7.81808
7.72679
7.63526
7.54367
7.4522
7.36106
7.27045
7.1806
7.09172
7.00405
6.91783
6.83332
6.75078
6.67045
6.59262
6.51755
6.44552
6.37678
6.31161
6.25028
6.19303
6.14012
6.09178
6.04823
6.00967
5.97628
5.94823
5.92566
5.90868
5.89737
5.89179
5.89197
5.89791
5.90958
5.92692
5.94983
5.97822
6.01194
6.05083
6.0947
6.14336
6.19659
6.25416
6.31582
6.38133
6.45042
6.52282
6.59829
6.67654
6.75731
6.84033
6.92534
7.01209
7.10032
7.18979
7.28024
7.37146
7.46321
7.55527
7.64743
7.73948
7.83122
7.92246
8.01301
8.10269
8.19134
8.27877
8.36483
8.44936
8.53222
8.61325
8.69233
8.7693
8.84405
8.91645
8.98638
9.05373
9.11838
9.18023
9.23919
9.29515
9.34803
9.39774
9.4442
9.48734
9.52708
9.56336
9.59612
9.6253
9.65086
9.67275
9.69093
9.70537
9.71603
9.7229
9.72596
9.7252
9.7206
9.71218
9.69994
9.68388
9.66402
9.64039
9.61302
9.58193
9.54717
9.50879
9.46683
9.42135
9.37241
9.32008
9.26444
9.20555
9.14351
9.0784
9.01031
8.93935
8.86561
8.78921
8.71025
8.62886
8.54515
8.45926
8.37131
8.28144
8.18979
8.0965
8.00173
7.90563
7.80835
7.71006
7.61092
7.51111
7.41079
7.31016
7.20939
7.10867
7.00819
6.90816
6.80876
6.71022
6.61272
6.5165
6.42175
6.32872
6.2376
6.14863
6.06204
5.97805
5.89689
5.81877
5.74394
5.6726
5.60497
5.54126
5.48167
5.4264
5.37562
5.32951
5.28821
5.25186
5.2206
5.19451
5.17368
5.15817
5.14803
5.14327
5.1439
5.14988
5.16117
5.17771
5.19942
5.22618
5.25787
5.29437
5.3355
5.38112
5.43103
5.48505
5.54299
5.60462
5.66976
5.73818
5.80966
5.88398
5.96094
6.04031
6.12188
6.20543
6.29076
6.37767
6.46595
6.55541
6.64586
6.73712
6.82901
6.92135
7.01397
7.10671
7.19941
7.29192
7.38408
7.47575
7.56678
7.65703
7.74638
7.83468
7.92181
8.00764
8.09204
8.1749
8.2561
8.33552
8.41304
8.48856
8.56197
8.63315
8.70201
8.76844
8.83234
8.89361
8.95216
9.00788
9.06069
9.1105
9.15722
9.20075
9.24103
9.27796
9.31146
9.34147
9.36791
9.3907
9.40979
9.42509
9.43656
9.44413
9.44775
9.44737
9.44294
9.43441
9.42175
9.40492
9.38389
9.35863
9.32912
9.29535
9.2573
9.21497
9.16836
9.11746
9.0623
9.0029
8.93926
8.87143
8.79945
8.72335
8.6432
8.55906
8.47098
8.37906
8.28339
8.18405
8.08116
7.97484
7.86522
7.75245
7.63667
7.51806
7.3968
7.27309
7.14716
7.01922
6.88955
6.7584
6.62607
6.49289
6.35919
6.22534
6.09174
5.95881
5.82702
5.69684
5.5688
5.44345
5.32137
5.20318
5.08952
4.98106
4.87846
4.78243
4.69363
4.61273
4.54039
4.47718
4.42364
4.38024
4.34736
4.32529
4.31421
4.31423
4.32532
4.34738
4.38021
4.42352
4.47694
4.54004
4.61231
4.69318
4.78207
4.87832
4.98129
5.09029
5.20464
5.32367
5.44671
5.57312
5.70228
5.8336
5.96653
6.10053
6.23512
6.36984
6.50427
6.63802
6.77072
6.90204
7.03166
7.15929
7.28468
7.40756
7.5277
7.64489
7.75892
7.86962
7.97679
8.08029
8.17996
8.27566
8.36726
8.45465
8.53771
8.61636
8.69049
8.76003
8.82492
8.88509
8.94049
8.99107
9.03681
9.07767
9.11364
9.14471
9.17088
9.19215
9.20853
9.22004
9.22672
9.22858
9.22568
9.21806
9.20576
9.18886
9.16741
9.14149
9.11117
9.07654
9.03768
8.9947
8.94768
8.89675
8.842
8.78356
8.72155
8.65609
8.58731
8.51536
8.44036
8.36247
8.28183
8.1986
8.11292
8.02495
7.93487
7.84283
7.749
7.65356
7.55668
7.45855
7.35935
7.25926
7.15848
7.0572
6.95563
6.85397
6.75243
6.65122
6.55056
6.45067
6.35178
6.25411
6.15791
6.0634
5.97083
5.88044
5.79247
5.70717
5.62478
5.54555
5.46972
5.39752
5.32918
5.26492
5.20496
5.1495
5.09872
5.05279
5.01186
4.97607
4.94552
4.9203
4.90048
4.88609
4.87715
4.87364
4.87553
4.88277
4.89527
4.91293
4.93562
4.96321
4.99553
5.03242
5.07368
5.11912
5.16853
5.22169
5.27838
5.33838
5.40144
5.46735
5.53586
5.60675
5.67979
5.75474
5.8314
5.90953
5.98892
6.06936
6.15066
6.23261
6.31502
6.3977
6.48048
6.56317
6.64561
6.72763
6.80908
6.88981
6.96965
7.04848
7.12615
7.20253
7.27749
7.3509
7.42265
7.49261
7.56069
7.62676
7.69074
7.75251
7.81199
7.86908
7.9237
7.97577
8.0252
8.07193
8.11588
8.15699
8.1952
8.23044
8.26267
8.29183
8.31788
8.34079
8.3605
8.377
8.39025
8.40022
8.40692
8.4103
8.41038
8.40714
8.40059
8.39073
8.37757
8.36113
8.34142
8.31849
8.29235
8.26305
8.23063
8.19513
8.15662
8.11514
8.07078
8.02358
7.97364
7.92104
7.86585
7.80819
7.74814
7.68582
7.62134
7.55481
7.48637
7.41613
7.34425
7.27086
7.19611
7.12016
7.04318
6.96533
6.88679
6.80773
6.72835
6.64884
6.5694
6.49023
6.41153
6.33353
6.25643
6.18045
6.10582
6.03276
5.96149
5.89222
5.82519
5.76061
5.69868
5.63962
5.58361
5.53086
5.48152
5.43577
5.39376
5.35561
5.32144
5.29135
5.26541
5.24366
5.22616
5.2129
5.20388
5.19906
5.19839
5.20179
5.20918
5.22043
5.23543
5.25403
5.27607
5.30138
5.3298
5.36113
5.39519
5.43177
5.47069
5.51174
5.55473
5.59945
5.64573
5.69336
5.74217
5.79198
5.84262
5.89393
5.94574
5.99792
6.05033
6.10284
6.15531
6.20765
6.25974
6.31148
6.3628
6.41359
6.4638
6.51335
6.56217
6.61023
6.65745
6.70381
6.74926
6.79376
6.83729
6.87982
6.92133
6.9618
7.00121
7.03954
7.07679
7.11294
7.14799
7.18192
7.21473
7.24641
7.27696
7.30637
7.33462
7.36172
7.38765
7.41241
7.43598
7.45835
7.4795
7.49944
7.51812
7.53555
7.55169
7.56653
7.58004
7.5922
7.60297
7.61234
7.62027
7.62672
7.63167
7.63508
7.63692
7.63715
7.63573
7.63263
7.6278
7.62122
7.61284
7.60263
7.59055
7.57658
7.56066
7.54278
7.52291
7.50101
7.47706
7.45103
7.42292
7.3927
7.36036
7.32589
7.28928
7.25055
7.20968
7.16669
7.12159
7.07441
7.02517
6.9739
6.92064
6.86543
6.80833
6.7494
6.6887
6.62631
6.56231
6.49679
6.42986
6.36161
6.29217
6.22167
6.15025
6.07804
6.00522
5.93195
5.85841
5.78478
5.71128
5.63811
5.56549
5.49367
5.42287
5.35336
5.28539
5.21924
5.15517
5.09348
5.03442
4.97831
4.9254
4.87599
4.83034
4.78871
4.75134
4.71848
4.69034
4.66709
4.64891
4.63593
4.62825
4.62596
4.6291
4.63766
4.65164
4.67097
4.69556
4.72529
4.76002
4.79956
4.84372
4.89227
4.94498
5.00159
5.06184
5.12544
5.1921
5.26154
5.33347
5.4076
5.48363
5.56128
5.64028
5.72034
5.8012
5.88261
5.96431
6.04608
6.12767
6.20887
6.28948
6.36929
6.44812
6.52577
6.6021
6.67692
6.7501
6.82148
6.89093
6.95833
7.02356
7.0865
7.14706
7.20512
7.26062
7.31346
7.36356
7.41087
7.45531
7.49683
7.53538
7.57092
7.60339
7.63278
7.65905
7.68219
7.70216
7.71896
7.73259
7.74304
7.75031
7.75441
7.75536
7.75317
7.74785
7.73945
7.72799
7.7135
7.69603
7.67562
7.65232
7.62619
7.59727
7.56564
7.53136
7.4945
7.45514
7.41335
7.36922
7.32284
7.27429
7.22367
7.17109
7.11664
7.06042
7.00574
6.94418
6.88342
6.82144
6.75829
6.6941
6.62897
6.56303
6.49643
6.4293
6.36181
6.29412
6.2264
6.1588
6.09151
6.02468
5.95849
5.8931
5.8287
5.76546
5.70355
5.64315
5.58442
5.52756
5.47272
5.42007
5.36978
5.32201
5.27692
5.23464
5.19532
5.15909
5.12606
5.09634
5.07004
5.04723
5.02799
5.01238
5.00043
4.99217
4.98761
4.98675
4.98955
4.99598
5.00597
5.01946
5.03636
5.05656
5.07995
5.10641
5.1358
5.16798
5.2028
5.24011
5.27974
5.32154
5.36535
5.41099
5.45832
5.50716
5.55735
5.60875
5.66119
5.71452
5.76858
5.82325
5.87836
5.93378
5.98938
6.04502
6.10057
6.15592
6.21093
6.26549
6.31949
6.37281
6.42536
6.47702
6.52771
6.57733
6.62578
6.67298
6.71884
6.76329
6.80626
6.84765
6.88742
6.92548
6.96178
6.99626
7.02885
7.0595
7.08816
7.11478
7.13931
7.16172
7.18195
7.19997
7.21574
7.22923
7.24042
7.24926
7.25574
7.25984
7.26153
7.2608
7.25764
7.25204
7.24398
7.23347
7.2205
7.20507
7.1872
7.16689
7.14414
7.11899
7.09144
7.06153
7.02927
6.99469
6.95785
6.91876
6.87748
6.83405
6.78853
6.74097
6.69143
6.63999
6.58671
6.53166
6.47494
6.41663
6.35682
6.29561
6.23312
6.16944
6.10471
6.03904
5.97257
5.90543
5.83778
5.76976
5.70153
5.63327
5.56514
5.49733
5.43002
5.36342
5.29771
5.23311
5.16984
5.1081
5.04811
4.99011
4.93431
4.88095
4.83023
4.78239
4.73764
4.69618
4.65821
4.62393
4.5935
4.56707
4.5448
4.5268
4.51315
4.50394
4.49922
4.49899
4.50327
4.51201
4.52517
4.54265
4.56437
4.59018
4.61995
4.6535
4.69067
4.73124
4.77503
4.8218
4.87136
4.92345
4.97787
5.03437
5.09272
5.15271
5.2141
5.27667
5.3402
5.40449
5.46934
5.53453
5.59988
5.66521
5.73034
5.7951
5.85933
5.92287
5.98558
6.04731
6.10794
6.16734
6.22539
6.28198
6.33701
6.39037
6.44197
6.49173
6.53957
6.58542
6.6292
6.67086
6.71033
6.74757
6.78252
6.81515
6.84542
6.87329
6.89874
6.92174
6.94227
6.96033
6.97588
6.98894
6.99949
7.00754
7.01308
7.01613
7.01669
7.01478
7.01042
7.00361
6.99439
6.98279
6.96881
6.95251
6.93391
6.91305
6.88997
6.8647
6.83729
6.80778
6.77623
6.74268
6.70719
6.6698
6.63058
6.58958
6.54687
6.50251
6.45655
6.40908
6.36015
6.30985
6.25823
6.20539
6.15138
6.09631
6.04024
5.98327
5.92547
5.86695
5.80779
5.74809
5.68794
5.62745
5.56672
5.50586
5.44498
5.38418
5.3236
5.26333
5.20352
5.14428
5.08575
5.02805
4.97132
4.9157
4.86133
4.80835
4.75691
4.70716
4.65923
4.61328
4.56945
4.5279
4.48876
4.45217
4.41828
4.38722
4.35911
4.33407
4.31221
4.29363
4.27842
4.26667
4.25843
4.25375
4.25268
4.25524
4.26143
4.27125
4.28468
4.30167
4.32217
4.34612
4.37344
4.40403
4.4378
4.47462
4.51438
4.55695
4.60218
4.64993
4.70006
4.75241
4.80683
4.86316
4.92124
4.9809
5.042
5.10437
5.16785
5.23229
5.29753
5.36341
5.4298
5.49653
5.56346
5.63046
5.69737
5.76407
5.83041
5.89626
5.96151
6.02601
6.08965
6.15231
6.21387
6.27421
6.33323
6.39082
6.44687
6.50129
6.55396
6.6048
6.6537
6.70059
6.74538
6.78797
6.82829
6.86626
6.9018
6.93485
6.96533
6.99317
7.01832
7.04072
7.0603
7.07702
7.09083
7.10168
7.10952
7.11433
7.11605
7.11467
7.11015
7.10247
7.0916
7.07754
7.06026
7.03975
7.01601
6.98904
6.95884
6.92541
6.88877
6.84893
6.8059
6.75971
6.71039
6.65796
6.60247
6.54395
6.48244
6.41799
6.35067
6.28052
6.2076
6.132
6.05377
5.97301
5.88978
5.80419
5.71632
5.62629
5.53419
5.44015
5.34429
5.24673
5.14762
5.0471
4.94533
4.84247
4.73872
4.63424
4.52925
4.42397
4.31861
4.21344
4.10872
4.00472
3.90176
3.80016
3.70027
3.60246
3.50714
3.41473
3.32567
3.24045
3.15956
3.08352
3.01284
2.94806
2.88971
2.83828
2.79425
2.75804
2.73001
2.71045
2.69955
2.69739
2.70397
2.71916
2.74275
2.77443
2.81381
2.86046
2.91388
2.97356
3.03895
3.10952
3.18475
3.26411
3.34711
3.43328
3.52218
3.61339
3.70653
3.80123
3.89716
3.99401
4.0915
4.18936
4.28735
4.38525
4.48284
4.57995
4.67638
4.77198
4.86659
4.96008
5.05231
5.14317
5.23254
5.32031
5.4064
5.4907
5.57314
5.65365
5.73213
5.80854
5.8828
5.95487
6.02468
6.09218
6.15733
6.2201
6.28042
6.33828
6.39364
6.44647
6.49674
6.54442
6.5895
6.63194
6.67174
6.70888
6.74335
6.77512
6.8042
6.83057
6.85423
6.87517
6.89339
6.90888
6.92165
6.9317
6.93903
6.94364
6.94554
6.94474
6.94125
6.93507
6.92621
6.9147
6.90053
6.88373
6.86432
6.8423
6.8177
6.79055
6.76085
6.72864
6.69394
6.65678
6.61718
6.57518
6.5308
6.48408
6.43505
6.38376
6.33023
6.27452
6.21665
6.15669
6.09467
6.03066
5.96469
5.89683
5.82714
5.75567
5.6825
5.6077
5.53133
5.45348
5.37423
5.29366
5.21186
5.12894
5.045
4.96015
4.87449
4.78817
4.7013
4.61402
4.52649
4.43887
4.35132
4.26402
4.17716
4.09095
4.00561
3.92135
3.83844
3.75712
3.67768
3.6004
3.52559
3.45356
3.38464
3.31917
3.25751
3.2
3.14699
3.09884
3.05586
3.01839
2.9867
2.96105
2.94167
2.92871
2.92229
2.92248
2.92927
2.94261
2.96238
2.98842
3.02051
3.0584
3.10179
3.15038
3.20381
3.26175
3.32383
3.3897
3.459
3.53139
3.60652
3.68407
3.76373
3.84518
3.92815
4.01237
4.09757
4.18351
4.26996
4.35671
4.44354
4.53026
4.6167
4.70267
4.78801
4.87257
4.95621
5.03877
5.12015
5.2002
5.27882
5.35588
5.4313
5.50497
5.57679
5.64667
5.71454
5.78031
5.84391
5.90526
5.96431
6.02098
6.07523
6.12698
6.1762
6.22284
6.26685
6.30819
6.34682
6.38271
6.41582
6.44614
6.47364
6.49829
6.52007
6.53898
6.55499
6.5681
6.57831
6.5856
6.58999
6.59146
6.59004
6.58571
6.5785
6.56842
6.55549
6.53972
6.52114
6.49978
6.47565
6.44879
6.41924
6.38703
6.3522
6.31479
6.27484
6.23241
6.18754
6.14029
6.09071
6.03886
5.9848
5.9286
5.87033
5.81006
5.74786
5.6838
5.61798
5.55047
5.48136
5.41075
5.33873
5.2654
5.19087
5.11524
5.03862
4.96113
4.8829
4.80406
4.72473
4.64506
4.56519
4.48527
4.40547
4.32594
4.24687
4.16842
4.09079
4.01418
3.93878
3.8648
3.79247
3.72201
3.65365
3.58763
3.5242
3.46358
3.40605
3.35182
3.30116
3.2543
3.21146
3.17285
3.13868
3.10912
3.08432
3.06441
3.04948
3.03959
3.03477
3.03501
3.04027
3.05047
3.06549
3.0852
3.10943
3.13798
3.17064
3.20719
3.24739
3.29099
3.33774
3.38738
3.43966
3.49433
3.55115
3.60987
3.67027
3.73212
3.79521
3.85934
3.92431
3.98993
4.05603
4.12243
4.189
4.25556
4.32199
4.38814
4.45389
4.51912
4.58372
4.64758
4.71059
4.77268
4.83373
4.89368
4.95244
5.00993
5.06608
5.12082
5.1741
5.22585
5.27601
5.32454
5.37138
5.41648
5.4598
5.5013
5.54095
5.5787
5.61452
5.64838
5.68025
5.71012
5.73794
5.76371
5.7874
5.80899
5.82848
5.84584
5.86108
5.87417
5.88512
5.89392
5.90057
5.90506
5.90741
5.90761
5.90568
5.90162
5.89545
5.88718
5.87682
5.86439
5.84992
5.83342
5.81493
5.79447
5.77207
5.74777
5.72161
5.69361
5.66383
5.63231
5.59909
5.56423
5.52778
5.48979
5.45034
5.40948
5.36727
5.3238
5.27912
5.23333
5.1865
5.13872
5.09007
5.04065
4.99056
4.9399
4.88878
4.8373
4.78557
4.73372
4.68187
4.63015
4.57867
4.52759
4.47704
4.42715
4.37807
4.32995
4.28293
4.23718
4.19283
4.15004
4.10896
4.06974
4.03252
3.99745
3.96467
3.93431
3.90649
3.88132
3.85893
3.83939
3.8228
3.80922
3.7987
3.79129
3.78702
3.78588
3.78787
3.79297
3.80114
3.81233
3.82645
3.84343
3.86318
3.88558
3.91051
3.93786
3.96747
3.99922
4.03294
4.0685
4.10574
4.1445
4.18462
4.22595
4.26833
4.3116
4.35563
4.40024
4.4453
4.49067
4.53621
4.58178
4.62725
4.67249
4.71739
4.76183
4.80569
4.84886
4.89126
4.93276
4.97329
5.01275
5.05106
5.08814
5.12391
5.1583
5.19125
5.22268
5.25255
5.28079
5.30736
5.33221
5.35528
5.37656
5.39599
5.41354
5.4292
5.44292
5.45469
5.4645
5.47231
5.47813
5.48194
5.48374
5.48352
5.48129
5.47705
5.47079
5.46255
5.45232
5.44012
5.42597
5.40989
5.39191
5.37205
5.35033
5.32681
5.3015
5.27445
5.2457
5.21529
5.18326
5.14968
5.11459
5.07805
5.0401
5.00083
4.96029
4.91854
4.87566
4.83172
4.78681
4.74098
4.69435
4.64697
4.59896
4.55039
4.50138
4.45201
4.40239
4.35262
4.30283
4.25311
4.2036
4.1544
4.10565
4.05747
4.00999
3.96333
3.91765
3.87307
3.82972
3.78776
3.74731
3.70852
3.67152
3.63645
3.60344
3.57262
3.54411
3.51803
3.49449
3.47358
3.45541
3.44004
3.42756
3.41801
3.41144
3.40788
3.40734
3.40982
3.41532
3.4238
3.43522
3.44952
3.46664
3.4865
3.50902
3.53408
3.56158
3.59142
3.62345
3.65758
3.69365
3.73154
3.77112
3.81224
3.85478
3.89859
3.94355
3.98952
4.03637
4.08397
4.13219
4.18092
4.23003
4.2794
4.32893
4.37851
4.42802
4.47736
4.52644
4.57516
4.62343
4.67115
4.71824
4.76463
4.81022
4.85495
4.89874
4.94151
4.98321
5.02376
5.0631
5.10118
5.13794
5.17332
5.20727
5.23975
5.27069
5.30007
5.32784
5.35395
5.37837
5.40107
5.422
5.44115
5.45848
5.47396
5.48758
5.4993
5.50911
5.51699
5.52293
5.52691
5.52892
5.52895
5.527
5.52305
5.51712
5.5092
5.49929
5.4874
5.47353
5.4577
5.43992
5.4202
5.39856
5.37502
5.3496
5.32233
5.29324
5.26236
5.22972
5.19536
5.15932
5.12165
5.08238
5.04157
4.99927
4.95555
4.91045
4.86405
4.8164
4.76759
4.71768
4.66677
4.61492
4.56224
4.5088
4.45472
4.40009
4.34503
4.28963
4.23403
4.17834
4.1227
4.06723
4.01208
3.95739
3.90331
3.84999
3.7976
3.7463
3.69625
3.64763
3.60061
3.55536
3.51207
3.4709
3.43204
3.39565
3.36189
3.33094
3.30293
3.278
3.2563
3.23791
3.22296
3.2115
3.20361
3.19932
3.19866
3.20162
3.20817
3.21829
3.23189
3.2489
3.26923
3.29274
3.31932
3.34881
3.38108
3.41595
3.45325
3.49282
3.53448
3.57805
3.62335
3.67021
3.71845
3.76789
3.81838
3.86974
3.92181
3.97445
4.02749
4.0808
4.13423
4.18766
4.24095
4.29398
4.34663
4.3988
4.45037
4.50125
4.55134
4.60055
4.64878
4.69597
4.74202
4.78687
4.83045
4.8727
4.91354
4.95293
4.99081
5.02713
5.06184
5.09491
5.12629
5.15594
5.18384
5.20995
5.23424
5.25669
5.27729
5.296
5.31282
5.32773
5.34072
5.35178
5.36092
5.36811
5.37338
5.37671
5.3781
5.37758
5.37515
5.37081
5.36458
5.35648
5.34652
5.33472
5.32111
5.30571
5.28855
5.26964
5.24903
5.22675
5.20282
5.17728
5.15017
5.12154
5.09141
5.05984
5.02686
4.99254
4.9569
4.92002
4.88192
4.84268
4.80235
4.76098
4.71864
4.67539
4.63129
4.5864
4.5408
4.49456
4.44774
4.40043
4.35269
4.30461
4.25627
4.20775
4.15913
4.11051
4.06196
4.01359
3.96549
3.91776
3.87048
3.82377
3.77772
3.73243
3.68802
3.64459
3.60223
3.56108
3.52122
3.48276
3.44582
3.4105
3.3769
3.34512
3.31526
3.28742
3.26167
3.23811
3.21681
3.19784
3.18125
3.16711
3.15546
3.14633
3.13974
3.13571
3.13423
3.13531
3.13892
3.14503
3.1536
3.16458
3.17792
3.19355
3.21139
3.23136
3.25338
3.27735
3.30318
3.33076
3.36
3.39078
3.42299
3.45655
3.49132
3.52721
3.56411
3.60191
3.6405
3.6798
3.71968
3.76007
3.80085
3.84194
3.88324
3.92467
3.96614
4.00757
4.04887
4.08998
4.1308
4.17128
4.21134
4.25091
4.28993
4.32834
4.36607
4.40308
4.4393
4.47468
4.50917
4.54272
4.57529
4.60684
4.63731
4.66668
4.6949
4.72193
4.74775
4.77232
4.79562
4.81761
4.83827
4.85758
4.87551
4.89205
4.90717
4.92086
4.93311
4.9439
4.95323
4.96109
4.96746
4.97235
4.97576
4.97768
4.97811
4.97706
4.97454
4.97055
4.96511
4.95822
4.94989
4.94016
4.92902
4.91651
4.90265
4.88746
4.87096
4.8532
4.83419
4.81397
4.79258
4.77006
4.74645
4.72178
4.69611
4.66947
4.64193
4.61354
4.58434
4.55439
4.52376
4.4925
4.46069
4.42837
4.39563
4.36253
4.32914
4.29555
4.26182
4.22804
4.19428
4.16063
4.12717
4.09399
4.06116
4.02879
3.99695
3.96574
3.93524
3.90555
3.87674
3.8489
3.82213
3.7965
3.77209
3.74899
3.72727
3.707
3.68825
3.67107
3.65554
3.64169
3.62958
3.61925
3.61072
3.60403
3.59919
3.59621
3.5951
3.59584
3.59844
3.60286
3.60909
3.61708
3.6268
3.63819
3.65121
3.6658
3.68188
3.6994
3.71828
3.73844
3.75979
3.78227
3.80578
3.83023
3.85554
3.88162
3.90838
3.93572
3.96357
3.99182
4.0204
4.04921
4.07816
4.10718
4.13618
4.16508
4.1938
4.22227
4.25039
4.27812
4.30536
4.33206
4.35815
4.38356
4.40823
4.43211
4.45513
4.47724
4.4984
4.51854
4.53763
4.55561
4.57246
4.58811
4.60255
4.61572
4.62761
4.63818
4.64739
4.65523
4.66168
4.6667
4.67028
4.67241
4.67307
4.67225
4.66993
4.66612
4.66081
4.65399
4.64566
4.63583
4.6245
4.61168
4.59737
4.5816
4.56437
4.54571
4.52562
4.50415
4.4813
4.4571
4.4316
4.40482
4.37679
4.34757
4.31718
4.28568
4.25311
4.21952
4.18498
4.14954
4.11325
4.07619
4.03842
4.00002
3.96107
3.92163
3.8818
3.84167
3.80132
3.76084
3.72035
3.67994
3.63973
3.59981
3.5603
3.52132
3.483
3.44545
3.40881
3.37319
3.33873
3.30556
3.27381
3.24361
3.21508
3.18835
3.16355
3.1408
3.12019
3.10185
3.08586
3.07231
3.06128
3.05285
3.04705
3.04393
3.04353
3.04585
3.05089
3.05863
3.06906
3.08213
3.09778
3.11594
3.13655
3.1595
3.18471
3.21206
3.24145
3.27276
3.30586
3.34062
3.37693
3.41464
3.45363
3.49376
3.5349
3.57692
3.6197
3.6631
3.707
3.75128
3.79583
3.84052
3.88524
3.92988
3.97435
4.01853
4.06233
4.10565
4.1484
4.19049
4.23184
4.27236
4.31199
4.35063
4.38823
4.4247
4.46
4.49405
4.52679
4.55817
4.58814
4.61664
4.64362
4.66904
4.69287
4.71504
4.73554
4.75433
4.77137
4.78663
4.80009
4.81172
4.8215
4.82941
4.83543
4.83955
4.84176
4.84204
4.84039
4.8368
4.83127
4.8238
4.8144
4.80306
4.78979
4.77461
4.75752
4.73854
4.71768
4.69496
4.67042
4.64406
4.61592
4.58603
4.55441
4.52111
4.48616
4.4496
4.41148
4.37184
4.33073
4.28821
4.24432
4.19914
4.15272
4.10513
4.05643
4.00672
3.95605
3.90452
3.85221
3.79922
3.74564
3.69157
3.63711
3.58239
3.52752
3.47262
3.41782
3.36326
3.30909
3.25544
3.20248
3.15036
3.09926
3.04935
3.00081
2.95382
2.90857
2.86525
2.82406
2.7852
2.74884
2.71519
2.68442
2.65672
2.63224
2.61114
2.59356
2.5796
2.56936
2.56293
2.56033
2.56161
2.56674
2.57571
2.58845
2.60489
2.62492
2.64843
2.67527
2.70529
2.73832
2.77419
2.81271
2.8537
2.89696
2.9423
2.98954
3.03849
3.08895
3.14076
3.19374
3.24772
3.30253
3.35802
3.41404
3.47045
3.5271
3.58388
3.64064
3.69727
3.75366
3.8097
3.86528
3.92031
3.97469
4.02834
4.08116
4.13308
4.18401
4.2339
4.28266
4.33023
4.37654
4.42155
4.46518
4.50739
4.54812
4.58733
4.62496
4.66098
4.69534
4.728
4.75893
4.78809
4.81545
4.84098
4.86465
4.88642
4.90629
4.92421
4.94018
4.95417
4.96617
4.97615
4.98411
4.99003
4.9939
4.9957
4.99545
4.99311
4.9887
4.98221
4.97363
4.96297
4.95022
4.9354
4.9185
4.89953
4.8785
4.85542
4.83029
4.80314
4.77397
4.74279
4.70963
4.67451
4.63743
4.59843
4.55753
4.51475
4.47011
4.42365
4.37539
4.32537
4.27361
4.22016
4.16505
4.10832
4.05
3.99015
3.92881
3.86602
3.80184
3.73633
3.66952
3.60149
3.5323
3.46201
3.3907
3.31843
3.24529
3.17137
3.09675
3.02152
2.94581
2.86971
2.79334
2.71685
2.64036
2.56404
2.48806
2.41259
2.33785
2.26406
2.19146
2.12032
2.05093
1.98364
1.91878
1.85676
1.79798
1.74289
1.69198
1.64572
1.60461
1.56915
1.53978
1.51693
1.50093
1.49204
1.49039
1.49602
1.50883
1.52861
1.55505
1.58778
1.62635
1.67028
1.71908
1.77225
1.82931
1.88979
1.95327
2.01935
2.08764
2.15782
2.22957
2.30261
2.37668
2.45156
2.52701
2.60286
2.67893
2.75505
2.83108
2.90687
2.98231
3.05727
3.13165
3.20534
3.27826
3.35031
3.42141
3.49149
3.56046
3.62827
3.69485
3.76014
3.82407
3.8866
3.94767
4.00723
4.06524
4.12164
4.17641
4.22949
4.28085
4.33046
4.37828
4.42428
4.46842
4.51069
4.55105
4.58947
4.62594
4.66044
4.69293
4.72341
4.75186
4.77826
4.80259
4.82485
4.84503
4.86311
4.87909
4.89296
4.90471
4.91435
4.92187
4.92727
4.93055
4.93172
4.93077
4.92772
4.92257
4.91533
4.906
4.89461
4.88116
4.86567
4.84815
4.82862
4.8071
4.78361
4.75817
4.7308
4.70154
4.6704
4.63742
4.60263
4.56605
4.52772
4.48768
4.44596
4.4026
4.35764
4.31113
4.26311
4.21363
4.16273
4.11047
4.0569
4.00208
3.94607
3.88892
3.83071
3.7715
3.71136
3.65037
3.5886
3.52615
3.46309
3.39952
3.33553
3.27124
3.20673
3.14214
3.07758
3.01317
2.94906
2.88539
2.82231
2.75998
2.69857
2.63827
2.57926
2.52174
2.46593
2.41205
2.36032
2.31099
2.26429
2.22048
2.17979
2.14248
2.10878
2.07893
2.05312
2.03154
2.01437
2.00172
1.99368
1.99031
1.99162
1.99758
2.00811
2.02309
2.04239
2.06581
2.09317
2.12422
2.15874
2.19647
2.23715
2.28054
2.32638
2.37441
2.42441
2.47613
2.52936
2.58389
2.6395
2.69602
2.75327
2.81107
2.86927
2.92772
2.98628
3.04481
3.1032
3.16133
3.21909
3.27637
3.33309
3.38915
3.44446
3.49895
3.55254
3.60516
3.65674
3.70722
3.75653
3.80463
3.85146
3.89697
3.94111
3.98383
4.02511
4.06489
4.10314
4.13982
4.17491
4.20837
4.24018
4.27031
4.29873
4.32543
4.35038
4.37357
4.39498
4.4146
4.43241
4.44841
4.46258
4.47492
4.48542
4.49409
4.5009
4.50588
4.50902
4.51031
4.50978
4.50741
4.50323
4.49724
4.48945
4.47988
4.46854
4.45545
4.44062
4.42408
4.40584
4.38593
4.36439
4.34122
4.31646
4.29015
4.2623
4.23297
4.20218
4.16997
4.13637
4.10144
4.06522
4.02774
3.98907
3.94924
3.90831
3.86634
3.82337
3.77948
3.73472
3.68915
3.64284
3.59587
3.5483
3.5002
3.45166
3.40277
3.35359
3.30422
3.25476
3.20529
3.15592
3.10674
3.05787
3.00941
2.96148
2.91419
2.86767
2.82204
2.77742
2.73395
2.69176
2.65099
2.61176
2.57422
2.5385
2.50473
2.47304
2.44356
2.41642
2.39172
2.36956
2.35004
2.33325
2.31925
2.30809
2.29982
2.29445
2.29198
2.29241
2.2957
2.30181
2.31067
2.32222
2.33634
2.35296
2.37194
2.39317
2.41653
2.44188
2.46908
2.49799
2.52847
2.56038
2.59359
2.62796
2.66334
2.69962
2.73667
2.77436
2.81257
2.85119
2.89011
2.92923
2.96845
3.00767
3.0468
3.08576
3.12447
3.16285
3.20081
3.23831
3.27527
3.31162
3.34732
3.38231
3.41653
3.44993
3.48248
3.51413
3.54484
3.57457
3.60329
3.63097
3.65757
3.68308
3.70747
3.73071
3.75279
3.77368
3.79338
3.81187
3.82913
3.84516
3.85994
3.87349
3.88578
3.89681
3.9066
3.91513
3.92241
3.92845
3.93326
3.93683
3.93919
3.94034
3.94029
3.93907
3.93669
3.93317
3.92852
3.92277
3.91595
3.90808
3.89918
3.88928
3.87842
3.86662
3.85392
3.84035
3.82596
3.81077
3.79483
3.77818
3.76086
3.74291
3.72438
3.70533
3.68579
3.66581
3.64546
3.62477
3.6038
3.58262
3.56126
3.5398
3.51829
3.49678
3.47534
3.45402
3.43289
3.412
3.39141
3.37119
3.35139
3.33207
3.31329
3.29511
3.27758
3.26075
3.24468
3.22942
3.21502
3.20151
3.18895
3.17736
3.16679
3.15727
3.14882
3.14148
3.13525
3.13015
3.1262
3.1234
3.12176
3.12126
3.1219
3.12367
3.12655
3.13052
3.13556
3.14163
3.1487
3.15674
3.1657
3.17554
3.18621
3.19767
3.20987
3.22274
3.23624
3.2503
3.26488
3.27991
3.29533
3.31108
3.32711
3.34334
3.35973
3.37621
3.39272
3.4092
3.4256
3.44187
3.45793
3.47375
3.48926
3.50442
3.51918
3.53348
3.54728
3.56053
3.57319
3.58523
3.59659
3.60724
3.61714
3.62626
3.63457
3.64203
3.64862
3.65431
3.65907
3.66288
3.66571
3.66756
3.6684
3.66821
3.66699
3.66472
3.66139
3.65699
3.65152
3.64498
3.63736
3.62866
3.61889
3.60805
3.59615
3.5832
3.5692
3.55417
3.53813
3.52109
3.50307
3.48409
3.46418
3.44336
3.42166
3.39911
3.37575
3.3516
3.32671
3.30112
3.27486
3.24798
3.22054
3.19257
3.16413
3.13528
3.10607
3.07657
3.04683
3.01692
2.9869
2.95686
2.92686
2.89697
2.86727
2.83785
2.80878
2.78014
2.75204
2.72453
2.69773
2.67171
2.64657
2.62239
2.59927
2.57728
2.55652
2.53707
2.51902
2.50243
2.48739
2.47395
2.4622
2.45217
2.44393
2.43751
2.43295
2.43028
2.42951
2.43066
2.43371
2.43867
2.44552
2.45423
2.46477
2.47708
2.49114
2.50687
2.52422
2.54312
2.5635
2.58528
2.60838
2.63273
2.65823
2.6848
2.71236
2.74082
2.77009
2.80009
2.83074
2.86194
2.89361
2.92568
2.95807
2.99069
3.02348
3.05635
3.08925
3.12209
3.15482
3.18737
3.21968
3.25168
3.28333
3.31457
3.34534
3.37559
3.40528
3.43436
3.46279
3.49052
3.51751
3.54373
3.56914
3.59371
3.61739
3.64017
3.66201
3.68288
3.70276
3.72163
3.73945
3.75622
3.77191
3.78651
3.79999
3.81234
3.82355
3.8336
3.84249
3.85021
3.85674
3.86208
3.86622
3.86916
3.8709
3.87143
3.87076
3.86888
3.8658
3.86152
3.85604
3.84937
3.84152
3.8325
3.82231
3.81097
3.79848
3.78486
3.77014
3.75431
3.7374
3.71943
3.70042
3.68039
3.65936
3.63736
3.61441
3.59054
3.56578
3.54016
3.51371
3.48646
3.45846
3.42973
3.40032
3.37027
3.33962
3.30841
3.27669
3.24452
3.21193
3.17899
3.14575
3.11226
3.07859
3.0448
3.01095
2.97711
2.94334
2.90972
2.87633
2.84323
2.81052
2.77825
2.74653
2.71543
2.68503
2.65544
2.62672
2.59898
2.5723
2.54676
2.52246
2.49949
2.47792
2.45784
2.43933
2.42246
2.40731
2.39393
2.38238
2.37273
2.365
2.35923
2.35545
2.35369
2.35394
2.35621
2.36048
2.36674
2.37496
2.3851
2.39711
2.41095
2.42655
2.44385
2.46277
2.48324
2.50519
2.52851
2.55313
2.57897
2.60592
2.6339
2.66281
2.69258
2.7231
2.75429
2.78605
2.81831
2.85098
2.88397
2.91721
2.95061
2.9841
3.01761
3.05106
3.08438
3.11751
3.15038
3.18294
3.21511
3.24685
3.27809
3.30879
3.3389
3.36836
3.39713
3.42516
3.45241
3.47885
3.50443
3.52911
3.55287
3.57566
3.59747
3.61825
3.63798
3.65664
3.67419
3.69063
3.70592
3.72005
3.733
3.74475
3.7553
3.76461
3.7727
3.77954
3.78512
3.78944
3.7925
3.79428
3.79479
3.79403
3.79198
3.78867
3.78408
3.77823
3.77112
3.76275
3.75313
3.74228
3.73021
3.71692
3.70244
3.68677
3.66994
3.65196
3.63285
3.61263
3.59133
3.56897
3.54558
3.52117
3.49579
3.46946
3.44221
3.41407
3.38509
3.35529
3.32472
3.29341
3.26141
3.22875
3.19549
3.16168
3.12735
3.09257
3.05738
3.02184
2.986
2.94994
2.9137
2.87735
2.84096
2.8046
2.76834
2.73224
2.6964
2.66087
2.62575
2.59111
2.55704
2.52363
2.49096
2.45911
2.42819
2.39828
2.36947
2.34185
2.31551
2.29054
2.26703
2.24505
2.2247
2.20603
2.18913
2.17406
2.16088
2.14962
2.14035
2.13309
2.12786
2.12467
2.12354
2.12445
2.12739
2.13233
2.13924
2.14807
2.15877
2.17128
2.18553
2.20145
2.21896
2.23797
2.25841
2.28018
2.3032
2.32736
2.35258
2.37877
2.40583
2.43367
2.46221
2.49135
2.52101
2.5511
2.58155
2.61227
2.64319
2.67424
2.70534
2.73642
2.76742
2.79828
2.82893
2.85932
2.8894
2.9191
2.94838
2.97719
3.00549
3.03323
3.06036
3.08686
3.11269
3.1378
3.16217
3.18576
3.20855
3.23051
3.25161
3.27183
3.29115
3.30955
3.32701
3.34351
3.35904
3.37358
3.38713
3.39967
3.41119
3.42169
3.43117
3.43961
3.44701
3.45339
3.45872
3.46303
3.46631
3.46857
3.46981
3.47004
3.46928
3.46753
3.46481
3.46113
3.45652
3.45097
3.44452
3.43719
3.429
3.41997
3.41012
3.39949
3.3881
3.37598
3.36317
3.34969
3.33558
3.32087
3.30561
3.28983
3.27356
3.25686
3.23977
3.22232
3.20456
3.18655
3.16831
3.14992
3.1314
3.11282
3.09422
3.07566
3.05719
3.03885
3.02071
3.00281
2.9852
2.96795
2.95109
2.93469
2.91879
2.90344
2.88869
2.87458
2.86116
2.84848
2.83657
2.82546
2.81521
2.80582
2.79735
2.7898
2.78321
2.77759
2.77295
2.76931
2.76668
2.76504
2.76441
2.76478
2.76613
2.76845
2.77173
2.77595
2.78107
2.78708
2.79393
2.80159
2.81004
2.81922
2.82909
2.83961
2.85074
2.86242
2.87461
2.88725
2.9003
2.9137
2.9274
2.94136
2.9555
2.9698
2.98418
2.9986
3.01302
3.02737
3.04162
3.0557
3.06959
3.08322
3.09655
3.10954
3.12216
3.13435
3.14607
3.1573
3.16799
3.17811
3.18762
3.1965
3.20471
3.21223
3.21902
3.22507
3.23035
3.23483
3.2385
3.24134
3.24333
3.24445
3.2447
3.24406
3.24251
3.24006
3.23669
3.2324
3.22718
3.22103
3.21396
3.20596
3.19703
3.18718
3.17642
3.16476
3.15219
3.13874
3.12442
3.10924
3.09321
3.07637
3.05871
3.04028
3.02109
3.00116
2.98053
2.95922
2.93726
2.91469
2.89154
2.86784
2.84365
2.81899
2.79391
2.76846
2.74269
2.71663
2.69036
2.66391
2.63734
2.61072
2.5841
2.55755
2.53114
2.50492
2.47897
2.45335
2.42815
2.40344
2.37928
2.35577
2.33297
2.31096
2.28982
2.26964
2.25048
2.23243
2.21556
2.19994
2.18564
2.17272
2.16126
2.1513
2.14289
2.13609
2.13094
2.12746
2.12567
2.12561
2.12727
2.13067
2.13578
2.14261
2.15112
2.16129
2.17309
2.18646
2.20137
2.21775
2.23555
2.25471
2.27515
2.29682
2.31963
2.34351
2.36838
2.39417
2.4208
2.4482
2.47627
2.50496
2.53418
2.56385
2.5939
2.62427
2.65487
2.68564
2.71651
2.74741
2.77828
2.80907
2.8397
2.87011
2.90026
2.93009
2.95954
2.98856
3.0171
3.04512
3.07257
3.0994
3.12557
3.15104
3.17577
3.19972
3.22286
3.24514
3.26655
3.28704
3.30658
3.32515
3.34272
3.35926
3.37475
3.38915
3.40246
3.41465
3.4257
3.4356
3.44431
3.45184
3.45817
3.46327
3.46715
3.46979
3.47118
3.47131
3.47018
3.46779
3.46412
3.45919
3.45297
3.44549
3.43673
3.4267
3.41542
3.40287
3.38907
3.37403
3.35776
3.34027
3.32158
3.30169
3.28064
3.25842
3.23508
3.21061
3.18506
3.15845
3.1308
3.10214
3.0725
3.04193
3.01044
2.97809
2.9449
2.91093
2.87622
2.84082
2.80477
2.76813
2.73096
2.69332
2.65526
2.61686
2.57819
2.53932
2.50033
2.46129
2.42231
2.38346
2.34485
2.30658
2.26874
2.23145
2.19482
2.15898
2.12404
2.09014
2.05741
2.02597
1.99597
1.96754
1.94083
1.91597
1.89308
1.87232
1.85378
1.83761
1.82388
1.81271
1.80417
1.79832
1.7952
1.79486
1.79729
1.80249
1.81043
1.82106
1.83433
1.85015
1.86843
1.88907
1.91196
1.93696
1.96396
1.99283
2.02342
2.0556
2.08924
2.1242
2.16035
2.19755
2.23569
2.27463
2.31426
2.35447
2.39514
2.43618
2.47747
2.51893
2.56045
2.60196
2.64337
2.6846
2.72557
2.76621
2.80645
2.84622
2.88546
2.92412
2.96213
2.99944
3.03599
3.07174
3.10665
3.14066
3.17373
3.20582
3.2369
3.26692
3.29585
3.32366
3.35032
3.37579
3.40005
3.42307
3.44483
3.4653
3.48445
3.50227
3.51875
3.53385
3.54756
3.55987
3.57076
3.58022
3.58824
3.59481
3.59991
3.60353
3.60568
3.60634
3.60552
3.60319
3.59937
3.59405
3.58723
3.5789
3.56908
3.55776
3.54495
3.53065
3.51487
3.49761
3.47889
3.4587
3.43707
3.41399
3.38949
3.36357
3.33625
3.30754
3.27747
3.24604
3.21327
3.17919
3.14382
3.10716
3.06926
3.03013
2.98979
2.94828
2.90561
2.86183
2.81695
2.77101
2.72405
2.67609
2.62718
2.57735
2.52664
2.47509
2.42276
2.36968
2.3159
2.26149
2.20649
2.15097
2.09498
2.03861
1.98191
1.92498
1.86791
1.81077
1.75369
1.69677
1.64014
1.58394
1.52833
1.47347
1.41956
1.36681
1.31546
1.26579
1.21808
1.17267
1.12991
1.0902
1.05396
1.02162
0.993607
0.970351
0.952237
0.939587
0.932639
0.931527
0.936263
0.946743
0.962751
0.983981
1.01006
1.04056
1.07505
1.11308
1.15424
1.19812
1.24435
1.29259
1.34253
1.39389
1.44643
1.49992
1.55417
1.609
1.66425
1.71977
1.77545
1.83115
1.88678
1.94224
1.99745
2.05231
2.10676
2.16073
2.21415
2.26697
2.31913
2.37058
2.42126
2.47115
2.52018
2.56832
2.61554
2.66179
2.70704
2.75127
2.79443
2.83651
2.87746
2.91728
2.95592
2.99338
3.02962
3.06463
3.09839
3.13087
3.16206
3.19195
3.22052
3.24776
3.27364
3.29817
3.32134
3.34312
3.36352
3.38252
3.40012
3.41631
3.43109
3.44446
3.45641
3.46695
3.47606
3.48375
3.49003
3.4949
3.49835
3.5004
3.50104
3.50029
3.49816
3.49465
3.48976
3.48352
3.47594
3.46702
3.45678
3.44524
3.4324
3.4183
3.40294
3.38634
3.36853
3.34953
3.32935
3.30803
3.28558
3.26204
3.23743
3.21177
3.18511
3.15746
3.12886
3.09936
3.06897
3.03774
3.0057
2.97291
2.93938
2.90518
2.87035
2.83492
2.79896
2.7625
2.72561
2.68834
2.65074
2.61288
2.57481
2.53661
2.49833
2.46004
2.42183
2.38376
2.34591
2.30837
2.27121
2.23453
2.19841
2.16295
2.12824
2.09438
2.06147
2.02961
1.9989
1.96945
1.94136
1.91474
1.88969
1.8663
1.84468
1.8249
1.80707
1.79125
1.77752
1.76593
1.75653
1.74936
1.74445
1.74179
1.74141
1.74326
1.74734
1.75359
1.76197
1.77241
1.78483
1.79915
1.81528
1.83313
1.8526
1.87358
1.89596
1.91963
1.9445
1.97044
1.99735
2.02514
2.05368
2.0829
2.11268
2.14294
2.17358
2.20452
2.23568
2.26697
2.29832
2.32966
2.36092
2.39203
2.42293
2.45357
2.48387
2.5138
2.54329
2.57231
2.6008
2.62873
2.65605
2.68272
2.7087
2.73397
2.75849
2.78223
2.80516
2.82725
2.84849
2.86884
2.88828
2.9068
2.92438
2.941
2.95664
2.97129
2.98493
2.99757
3.00918
3.01976
3.0293
3.03779
3.04524
3.05163
3.05697
3.06125
3.06448
3.06665
3.06778
3.06785
3.06689
3.06488
3.06185
3.05781
3.05275
3.04669
3.03965
3.03164
3.02266
3.01275
3.00191
2.99016
2.97752
2.96402
2.94967
2.93449
2.91852
2.90177
2.88427
2.86605
2.84714
2.82757
2.80737
2.78656
2.7652
2.7433
2.7209
2.69806
2.67479
2.65114
2.62716
2.60288
2.57836
2.55362
2.52873
2.50373
2.47866
2.45357
2.42853
2.40357
2.37875
2.35412
2.32974
2.30567
2.28196
2.25866
2.23583
2.21352
2.1918
2.17072
2.15033
2.13068
2.11184
2.09385
2.07675
2.0606
2.04545
2.03133
2.01828
2.00633
1.99553
1.98589
1.97744
1.97019
1.96416
1.95937
1.9558
1.95346
1.95235
1.95245
1.95374
1.95621
1.95982
1.96455
1.97036
1.97722
1.98508
1.9939
2.00364
2.01424
2.02565
2.03783
2.05072
2.06427
2.07842
2.09311
2.1083
2.12393
2.13995
2.1563
2.17293
2.18979
2.20684
2.22403
2.2413
2.25861
2.27593
2.29321
2.3104
2.32748
2.3444
2.36113
2.37763
2.39388
2.40985
2.4255
2.44081
2.45576
2.47032
2.48447
2.49819
2.51146
2.52428
2.53661
2.54845
2.55979
2.57061
2.5809
2.59067
2.59989
2.60857
2.6167
2.62428
2.63131
2.63779
2.64372
2.64909
2.65393
2.65822
2.66198
2.66521
2.66793
2.67013
2.67183
2.67305
2.67379
2.67406
2.67389
2.67329
2.67226
2.67083
2.66902
2.66685
2.66432
2.66147
2.65832
2.65488
2.65117
2.64722
2.64305
2.63868
2.63414
2.62945
2.62463
2.61971
2.61471
2.60966
2.60457
2.59948
2.59441
2.58938
2.58441
2.57953
2.57476
2.57013
2.56564
2.56133
2.55722
2.55332
2.54964
2.54622
2.54306
2.54018
2.5376
2.53532
2.53336
2.53172
2.53042
2.52947
2.52886
2.5286
2.5287
2.52915
2.52996
2.53112
2.53263
2.53449
2.53668
2.5392
2.54205
2.5452
2.54866
2.55239
2.5564
2.56066
2.56516
2.56988
2.57479
2.57989
2.58515
2.59055
2.59607
2.60169
2.60737
2.6131
2.61886
2.62463
2.63036
2.63606
2.64167
2.6472
2.6526
2.65786
2.66295
2.66785
2.67254
2.67698
2.68116
2.68506
2.68866
2.69192
2.69484
2.69739
2.69955
2.70131
2.70264
2.70352
2.70395
2.7039
2.70337
2.70232
2.70076
2.69867
2.69603
2.69284
2.68909
2.68476
2.67985
2.67435
2.66825
2.66156
2.65426
2.64635
2.63784
2.62871
2.61897
2.60863
2.59767
2.58611
2.57395
2.5612
2.54786
2.53395
2.51946
2.50441
2.48882
2.47269
2.45604
2.43888
2.42124
2.40314
2.38458
2.3656
2.34621
2.32644
2.30632
2.28587
2.26512
2.24411
2.22287
2.20142
2.17981
2.15808
2.13625
2.11439
2.09252
2.07069
2.04895
2.02734
2.00593
1.98475
1.96386
1.94332
1.92318
1.9035
1.88434
1.86575
1.8478
1.83054
1.81405
1.79836
1.78356
1.76968
1.7568
1.74496
1.73422
1.72462
1.71621
1.70904
1.70313
1.69853
1.69526
1.69335
1.6928
1.69363
1.69584
1.69943
1.7044
1.71072
1.71839
1.72737
1.73763
1.74913
1.76185
1.77572
1.79072
1.80677
1.82384
1.84187
1.86079
1.88056
1.90111
1.92238
1.94431
1.96684
1.98992
2.01347
2.03746
2.06181
2.08647
2.11138
2.1365
2.16177
2.18713
2.21255
2.23796
2.26333
2.2886
2.31374
2.3387
2.36344
2.38792
2.4121
2.43594
2.45942
2.4825
2.50514
2.52731
2.54898
2.57013
2.59073
2.61074
2.63015
2.64893
2.66706
2.68451
2.70127
2.71732
2.73263
2.7472
2.76099
2.77401
2.78623
2.79764
2.80823
2.81798
2.8269
2.83496
2.84216
2.84849
2.85394
2.85852
2.8622
2.865
2.86691
2.86793
2.86804
2.86727
2.8656
2.86304
2.85959
2.85526
2.85005
2.84396
2.83701
2.8292
2.82053
2.81103
2.80069
2.78954
2.77758
2.76483
2.75131
2.73702
2.72199
2.70623
2.68977
2.67262
2.65481
2.63636
2.61729
2.59762
2.57739
2.55663
2.53535
2.5136
2.4914
2.46878
2.44579
2.42246
2.39881
2.37491
2.35078
2.32646
2.302
2.27745
2.25285
2.22826
2.20371
2.17927
2.15498
2.1309
2.10708
2.08359
2.06048
2.03781
2.01564
1.99403
1.97305
1.95275
1.9332
1.91446
1.89659
1.87965
1.86369
1.84878
1.83498
1.82232
1.81085
1.80063
1.7917
1.78408
1.7778
1.7729
1.76939
1.76728
1.76658
1.76729
1.7694
1.7729
1.77778
1.784
1.79155
1.80037
1.81044
1.82171
1.83414
1.84766
1.86223
1.87778
1.89427
1.91162
1.92978
1.94869
1.96828
1.98849
2.00926
2.03052
2.05222
2.07429
2.09667
2.11932
2.14216
2.16515
2.18823
2.21134
2.23445
2.2575
2.28044
2.30323
2.32582
2.34817
2.37025
2.392
2.4134
2.43441
2.45499
2.47512
2.49475
2.51386
2.53242
2.55041
2.56779
2.58455
2.60065
2.61608
2.63082
2.64484
2.65814
2.67068
2.68245
2.69345
2.70365
2.71304
2.72161
2.72935
2.73625
2.74231
2.7475
2.75183
2.75529
2.75788
2.75959
2.76042
2.76037
2.75944
2.75762
2.75492
2.75134
2.74688
2.74155
2.73535
2.72829
2.72037
2.71161
2.70201
2.69157
2.68032
2.66826
2.65541
2.64177
2.62737
2.61221
2.59632
2.57971
2.5624
2.54442
2.52577
2.50648
2.48658
2.46609
2.44503
2.42343
2.40131
2.37871
2.35566
2.33218
2.30831
2.28408
2.25953
2.23468
2.20959
2.18428
2.15881
2.1332
2.10751
2.08177
2.05604
2.03036
2.00479
1.97936
1.95414
1.92918
1.90453
1.88025
1.85639
1.83302
1.81019
1.78796
1.7664
1.74556
1.72551
1.7063
1.688
1.67065
1.65432
1.63907
1.62493
1.61197
1.60022
1.58973
1.58054
1.57266
1.56614
1.56098
1.5572
1.55481
1.55381
1.55419
1.55595
1.55905
1.56349
1.56922
1.57621
1.58442
1.59381
1.60433
1.61592
1.62853
1.64211
1.65659
1.67191
1.68802
1.70485
1.72234
1.74043
1.75905
1.77816
1.79768
1.81757
1.83777
1.85821
1.87886
1.89966
1.92055
1.9415
1.96245
1.98336
2.0042
2.02491
2.04547
2.06584
2.08597
2.10584
2.12542
2.14467
2.16357
2.1821
2.20021
2.21791
2.23515
2.25192
2.2682
2.28397
2.29922
2.31392
2.32808
2.34166
2.35467
2.36708
2.3789
2.39011
2.4007
2.41068
2.42003
2.42875
2.43683
2.44429
2.4511
2.45729
2.46284
2.46776
2.47206
2.47573
2.47878
2.48123
2.48307
2.48431
2.48497
2.48505
2.48456
2.48353
2.48195
2.47984
2.47722
2.4741
2.4705
2.46643
2.46192
2.45698
2.45163
2.44589
2.43978
2.43333
2.42655
2.41947
2.41211
2.40449
2.39665
2.3886
2.38038
2.372
2.36349
2.35488
2.34621
2.33748
2.32874
2.32
2.3113
2.30266
2.29412
2.28569
2.2774
2.26929
2.26137
2.25367
2.24622
2.23904
2.23214
2.22557
2.21932
2.21343
2.20791
2.20278
2.19805
2.19375
2.18987
2.18644
2.18345
2.18093
2.17887
2.17727
2.17615
2.1755
2.17531
2.17559
2.17633
2.17752
2.17915
2.18122
2.1837
2.1866
2.18988
2.19353
2.19754
2.20189
2.20655
2.2115
2.21673
2.2222
2.22789
2.23377
2.23983
2.24603
2.25234
2.25875
2.26522
2.27172
2.27823
2.28471
2.29115
2.29751
2.30377
2.3099
2.31586
2.32165
2.32723
2.33257
2.33765
2.34245
2.34694
2.3511
2.35491
2.35835
2.36139
2.36402
2.36621
2.36796
2.36924
2.37003
2.37032
2.3701
2.36935
2.36806
2.36621
2.36381
2.36082
2.35726
2.35311
2.34836
2.34301
2.33705
2.33049
2.3233
2.31551
2.3071
2.29808
2.28844
2.2782
2.26736
2.25591
2.24387
2.23125
2.21805
2.20429
2.18998
2.17513
2.15975
2.14386
2.12748
2.11062
2.09331
2.07557
2.05741
2.03888
2.01998
2.00075
1.98122
1.96143
1.94139
1.92115
1.90075
1.88021
1.8596
1.83893
1.81827
1.79765
1.77713
1.75675
1.73656
1.71663
1.697
1.67774
1.65889
1.64053
1.62271
1.6055
1.58895
1.57314
1.55812
1.54395
1.53071
1.51844
1.50721
1.49707
1.48807
1.48027
1.47371
1.46842
1.46445
1.46181
1.46054
1.46064
1.46213
1.46501
1.46928
1.47492
1.48191
1.49023
1.49985
1.51074
1.52284
1.53613
1.55054
1.56603
1.58254
1.60001
1.61838
1.6376
1.65759
1.6783
1.69966
1.72162
1.74411
1.76707
1.79044
1.81416
1.83818
1.86243
1.88687
1.91144
1.93609
1.96077
1.98543
2.01002
2.03451
2.05884
2.08297
2.10687
2.13049
2.1538
2.17675
2.19933
2.22148
2.24319
2.26442
2.28513
2.30531
2.32492
2.34395
2.36235
2.38012
2.39723
2.41365
2.42937
2.44437
2.45863
2.47213
2.48485
2.49679
2.50793
2.51824
2.52773
2.53638
2.54417
2.55111
2.55718
2.56237
2.56667
2.57009
2.57261
2.57424
2.57496
2.57478
2.5737
2.57171
2.56881
2.56502
2.56032
2.55472
2.54823
2.54085
2.53259
2.52346
2.51346
2.50259
2.49089
2.47834
2.46497
2.45079
2.43581
2.42005
2.40352
2.38624
2.36824
2.34952
2.33012
2.31005
2.28934
2.26801
2.24609
2.2236
2.20058
2.17706
2.15307
2.12865
2.10382
2.07863
2.05311
2.02732
2.00128
1.97506
1.94868
1.92222
1.89571
1.86921
1.84278
1.81648
1.79036
1.7645
1.73897
1.71382
1.68913
1.66498
1.64144
1.61859
1.59651
1.57527
1.55497
1.53568
1.51747
1.50044
1.48466
1.47021
1.45715
1.44555
1.43549
1.427
1.42014
1.41496
1.41147
1.40971
1.40969
1.41141
1.41486
1.42003
1.42688
1.43539
1.4455
1.45718
1.47035
1.48496
1.50093
1.5182
1.53668
1.5563
1.57698
1.59864
1.62119
1.64456
1.66867
1.69344
1.71879
1.74464
1.77094
1.79759
1.82454
1.85173
1.87908
1.90653
1.93404
1.96153
1.98896
2.01628
2.04344
2.07038
2.09706
2.12344
2.14948
2.17513
2.20037
2.22514
2.24943
2.27318
2.29638
2.31899
2.34098
2.36233
2.383
2.40297
2.42223
2.44073
2.45847
2.47543
2.49157
2.50689
2.52137
2.53498
2.54772
2.55956
2.5705
2.58053
2.58962
2.59777
2.60497
2.6112
2.61647
2.62075
2.62406
2.62636
2.62768
2.62799
2.62729
2.62558
2.62286
2.61913
2.61438
2.60861
2.60184
2.59404
2.58524
2.57543
2.56461
2.55279
2.53997
2.52616
2.51136
2.49559
2.47885
2.46114
2.44248
2.42288
2.40235
2.3809
2.35853
2.33527
2.31113
2.28612
2.26026
2.23356
2.20605
2.17773
2.14863
2.11876
2.08816
2.05683
2.02481
1.99211
1.95876
1.9248
1.89024
1.85511
1.81945
1.78329
1.74667
1.70961
1.67216
1.63437
1.59626
1.5579
1.51933
1.4806
1.44178
1.40292
1.3641
1.32538
1.28684
1.24859
1.2107
1.17328
1.13645
1.10033
1.06507
1.0308
0.997696
0.965933
0.935704
0.907215
0.880682
0.856332
0.834396
0.815106
0.798681
0.785327
0.77522
0.7685
0.765263
0.765551
0.769354
0.776607
0.787194
0.800959
0.817711
0.837235
0.859303
0.883679
0.910131
0.938433
0.968369
0.999736
1.03234
1.06602
1.1006
1.13595
1.17192
1.2084
1.24528
1.28245
1.31983
1.35733
1.39487
1.43239
1.46982
1.50709
1.54416
1.58098
1.61749
1.65365
1.68943
1.72477
1.75966
1.79405
1.82791
1.86122
1.89394
1.92605
1.95753
1.98834
2.01848
2.04791
2.07662
2.10459
2.1318
2.15824
2.18389
2.20874
2.23277
2.25597
2.27833
2.29983
2.32048
2.34025
2.35914
2.37715
2.39426
2.41047
2.42578
2.44017
2.45366
2.46622
2.47787
2.48859
2.4984
2.50728
2.51524
2.52228
2.5284
2.5336
2.5379
2.54129
2.54377
2.54536
2.54605
2.54586
2.5448
2.54287
2.54007
2.53643
2.53196
2.52665
2.52053
2.51361
2.5059
2.49741
2.48816
2.47817
2.46746
2.45603
2.44391
2.43111
2.41767
2.40358
2.38889
2.3736
2.35774
2.34134
2.32442
2.307
2.28911
2.27077
2.25202
2.23288
2.21338
2.19355
2.17342
2.15303
2.1324
2.11156
2.09056
2.06943
2.0482
2.02692
2.00561
1.98431
1.96307
1.94192
1.92091
1.90008
1.87946
1.8591
1.83904
1.81932
1.79999
1.78109
1.76265
1.74474
1.72737
1.71061
1.69448
1.67902
1.66428
1.65028
1.63707
1.62468
1.61313
1.60246
1.59268
1.58382
1.57591
1.56894
1.56294
1.55791
1.55386
1.55078
1.54868
1.54754
1.54735
1.5481
1.54978
1.55235
1.55579
1.56008
1.56518
1.57106
1.57769
1.58503
1.59304
1.60168
1.61091
1.62069
1.63098
1.64173
1.6529
1.66445
1.67635
1.68853
1.70098
1.71364
1.72648
1.73945
1.75253
1.76567
1.77884
1.792
1.80513
1.81819
1.83115
1.84399
1.85666
1.86916
1.88145
1.8935
1.90531
1.91683
1.92807
1.93898
1.94956
1.95979
1.96966
1.97914
1.98823
1.99691
2.00517
2.01301
2.0204
2.02735
2.03384
2.03986
2.04542
2.05051
2.05512
2.05925
2.0629
2.06607
2.06875
2.07094
2.07265
2.07389
2.07464
2.07492
2.07472
2.07406
2.07294
2.07136
2.06933
2.06686
2.06396
2.06064
2.0569
2.05276
2.04822
2.04331
2.03802
2.03237
2.02638
2.02006
2.01342
2.00648
1.99925
1.99175
1.984
1.976
1.96779
1.95937
1.95076
1.94199
1.93306
1.924
1.91483
1.90557
1.89623
1.88683
1.8774
1.86796
1.85852
1.8491
1.83973
1.83042
1.8212
1.81208
1.80308
1.79422
1.78551
1.77699
1.76866
1.76054
1.75265
1.74501
1.73762
1.73051
1.72368
1.71716
1.71094
1.70505
1.6995
1.69428
1.68942
1.68491
1.68076
1.67698
1.67357
1.67054
1.66787
1.66558
1.66367
1.66212
1.66094
1.66012
1.65965
1.65954
1.65977
1.66033
1.66121
1.66241
1.66391
1.6657
1.66776
1.6701
1.67269
1.67551
1.67856
1.68182
1.68527
1.68891
1.69271
1.69666
1.70075
1.70496
1.70927
1.71368
1.71816
1.72271
1.7273
1.73193
1.73658
1.74125
1.74591
1.75056
1.75518
1.75977
1.76431
1.76879
1.77321
1.77756
1.78183
1.78601
1.7901
1.79409
1.79797
1.80175
1.80541
1.80895
1.81237
1.81568
1.81886
1.82191
1.82484
1.82765
1.83034
1.8329
1.83535
1.83768
1.83989
1.842
1.844
1.84591
1.84771
1.84943
1.85107
1.85263
1.85412
1.85554
1.85691
1.85824
1.85952
1.86077
1.862
1.86321
1.86442
1.86563
1.86685
1.8681
1.86937
1.87068
1.87203
1.87344
1.87491
1.87645
1.87807
1.87978
1.88158
1.88348
1.88548
1.8876
1.88984
1.89219
1.89468
1.8973
1.90005
1.90294
1.90597
1.90914
1.91246
1.91591
1.91951
1.92326
1.92714
1.93116
1.93531
1.9396
1.94401
1.94854
1.95319
1.95795
1.96282
1.96778
1.97283
1.97796
1.98316
1.98842
1.99373
1.99908
2.00446
2.00986
2.01527
2.02067
2.02605
2.0314
2.03671
2.04197
2.04715
2.05226
2.05726
2.06216
2.06693
2.07157
2.07606
2.08038
2.08452
2.08848
2.09223
2.09576
2.09905
2.10211
2.1049
2.10743
2.10967
2.11162
2.11327
2.11459
2.11559
2.11625
2.11656
2.1165
2.11608
2.11527
2.11408
2.11249
2.11049
2.10808
2.10525
2.10199
2.09829
2.09416
2.08958
2.08455
2.07907
2.07313
2.06673
2.05986
2.05253
2.04473
2.03647
2.02773
2.01853
2.00886
1.99873
1.98813
1.97707
1.96556
1.9536
1.94119
1.92833
1.91505
1.90133
1.8872
1.87266
1.85772
1.84239
1.82668
1.8106
1.79418
1.77741
1.76033
1.74293
1.72525
1.7073
1.6891
1.67066
1.65202
1.63319
1.6142
1.59508
1.57585
1.55653
1.53717
1.51779
1.49842
1.4791
1.45987
1.44075
1.4218
1.40305
1.38454
1.36632
1.34843
1.33092
1.31384
1.29723
1.28115
1.26565
1.25077
1.23657
1.22311
1.21043
1.19858
1.18762
1.17758
1.16852
1.16048
1.15349
1.14759
1.14282
1.13919
1.13673
1.13546
1.13539
1.13651
1.13883
1.14234
1.14702
1.15287
1.15984
1.16792
1.17706
1.18724
1.19841
1.21053
1.22354
1.23741
1.25208
1.2675
1.28362
1.30039
1.31776
1.33567
1.35407
1.37292
1.39216
1.41175
1.43164
1.45178
1.47214
1.49266
1.5133
1.53404
1.55482
1.57561
1.59637
1.61708
1.63769
1.65818
1.67851
1.69866
1.7186
1.73829
1.75772
1.77686
1.79569
1.81418
1.83232
1.85007
1.86743
1.88437
1.90087
1.91692
1.93251
1.94761
1.96221
1.9763
1.98986
2.00289
2.01537
2.02728
2.03863
2.0494
2.05958
2.06916
2.07814
2.08651
2.09426
2.10139
2.1079
2.11377
2.11901
2.12361
2.12758
2.1309
2.13359
2.13563
2.13704
2.1378
2.13793
2.13742
2.13628
2.13451
2.13212
2.12911
2.12548
2.12125
2.11642
2.111
2.10499
2.09841
2.09127
2.08357
2.07533
2.06655
2.05726
2.04746
2.03717
2.0264
2.01517
2.0035
1.9914
1.97888
1.96598
1.9527
1.93907
1.92511
1.91083
1.89627
1.88145
1.86638
1.8511
1.83564
1.82001
1.80424
1.78837
1.77242
1.75642
1.74041
1.72441
1.70846
1.69259
1.67684
1.66123
1.64581
1.63061
1.61567
1.60101
1.58668
1.57272
1.55916
1.54603
1.53338
1.52124
1.50964
1.49861
1.4882
1.47842
1.46932
1.46092
1.45324
1.44631
1.44016
1.43479
1.43024
1.4265
1.4236
1.42153
1.42031
1.41993
1.4204
1.4217
1.42383
1.42677
1.43052
1.43505
1.44035
1.44639
1.45314
1.46058
1.46868
1.47741
1.48674
1.49663
1.50704
1.51795
1.52932
1.5411
1.55327
1.56579
1.57861
1.59171
1.60504
1.61858
1.63228
1.64611
1.66004
1.67403
1.68805
1.70207
1.71606
1.72998
1.74382
1.75753
1.77109
1.78448
1.79767
1.81063
1.82334
1.83579
1.84793
1.85977
1.87127
1.88241
1.89318
1.90356
1.91353
1.92308
1.93218
1.94084
1.94903
1.95674
1.96395
1.97067
1.97687
1.98255
1.98769
1.9923
1.99636
1.99986
2.0028
2.00518
2.00698
2.00821
2.00887
2.00894
2.00843
2.00733
2.00565
2.00339
2.00054
1.99711
1.99309
1.98851
1.98334
1.97761
1.97131
1.96445
1.95704
1.94908
1.94058
1.93154
1.92199
1.91192
1.90135
1.89029
1.87874
1.86673
1.85426
1.84135
1.82801
1.81426
1.80012
1.78559
1.77071
1.75548
1.73993
1.72407
1.70794
1.69154
1.6749
1.65805
1.64101
1.6238
1.60646
1.589
1.57146
1.55386
1.53625
1.51863
1.50106
1.48356
1.46616
1.44891
1.43183
1.41496
1.39834
1.38201
1.366
1.35036
1.33512
1.32032
1.306
1.2922
1.27896
1.26632
1.25431
1.24297
1.23234
1.22245
1.21332
1.205
1.1975
1.19084
1.18506
1.18017
1.17617
1.17309
1.17092
1.16968
1.16935
1.16993
1.17141
1.17379
1.17704
1.18114
1.18607
1.1918
1.19831
1.20556
1.21352
1.22215
1.23142
1.2413
1.25173
1.26268
1.27412
1.28601
1.29829
1.31095
1.32393
1.3372
1.35072
1.36445
1.37837
1.39243
1.40661
1.42086
1.43517
1.44949
1.46381
1.47808
1.4923
1.50642
1.52043
1.5343
1.54802
1.56156
1.5749
1.58802
1.60091
1.61355
1.62592
1.63802
1.64981
1.6613
1.67248
1.68332
1.69383
1.70399
1.71379
1.72324
1.73231
1.74101
1.74933
1.75727
1.76482
1.77198
1.77875
1.78513
1.79112
1.79672
1.80193
1.80675
1.81119
1.81524
1.81891
1.82221
1.82514
1.82771
1.82992
1.83178
1.83329
1.83447
1.83532
1.83586
1.83608
1.83601
1.83564
1.835
1.83409
1.83293
1.83152
1.82989
1.82803
1.82597
1.82372
1.82129
1.8187
1.81596
1.81308
1.81008
1.80698
1.80378
1.80051
1.79717
1.79379
1.79037
1.78694
1.7835
1.78007
1.77667
1.7733
1.76999
1.76675
1.76358
1.7605
1.75752
1.75466
1.75192
1.74932
1.74686
1.74456
1.74241
1.74044
1.73863
1.73702
1.73558
1.73434
1.73329
1.73244
1.73179
1.73133
1.73108
1.73102
1.73116
1.73149
1.73201
1.73271
1.7336
1.73466
1.73588
1.73726
1.73879
1.74046
1.74227
1.74419
1.74622
1.74836
1.75057
1.75286
1.75521
1.75761
1.76004
1.76249
1.76494
1.76739
1.76981
1.77219
1.77452
1.77677
1.77895
1.78103
1.78299
1.78483
1.78653
1.78807
1.78944
1.79062
1.79161
1.79239
1.79294
1.79325
1.79332
1.79312
1.79265
1.7919
1.79085
1.7895
1.78783
1.78584
1.78352
1.78085
1.77783
1.77446
1.77073
1.76663
1.76215
1.75729
1.75205
1.74642
1.7404
1.73399
1.72718
1.71998
1.71238
1.70439
1.696
1.68722
1.67804
1.66848
1.65854
1.64822
1.63752
1.62646
1.61503
1.60326
1.59114
1.57869
1.56592
1.55284
1.53946
1.52579
1.51186
1.49767
1.48325
1.4686
1.45375
1.43873
1.42354
1.40822
1.39279
1.37726
1.36168
1.34606
1.33044
1.31485
1.29931
1.28387
1.26855
1.25339
1.23843
1.22372
1.20928
1.19516
1.1814
1.16805
1.15515
1.14274
1.13087
1.11958
1.10892
1.09894
1.08966
1.08115
1.07344
1.06656
1.06055
1.05545
1.05128
1.04807
1.04585
1.04462
1.04441
1.04522
1.04705
1.0499
1.05376
1.05863
1.06448
1.0713
1.07906
1.08773
1.09729
1.10769
1.1189
1.13088
1.14358
1.15698
1.17102
1.18565
1.20085
1.21655
1.23272
1.24931
1.26628
1.28358
1.30118
1.31904
1.3371
1.35534
1.37372
1.3922
1.41074
1.42931
1.44788
1.46641
1.48487
1.50324
1.52148
1.53956
1.55747
1.57517
1.59263
1.60985
1.62678
1.64341
1.65973
1.6757
1.69131
1.70654
1.72137
1.73579
1.74978
1.76332
1.7764
1.78901
1.80113
1.81275
1.82385
1.83444
1.84449
1.85399
1.86294
1.87133
1.87915
1.88639
1.89305
1.89912
1.90459
1.90946
1.91373
1.91739
1.92044
1.92287
1.92469
1.9259
1.92648
1.92645
1.92581
1.92454
1.92267
1.92019
1.9171
1.9134
1.90911
1.90422
1.89875
1.8927
1.88607
1.87887
1.87112
1.86282
1.85399
1.84462
1.83474
1.82435
1.81348
1.80212
1.79031
1.77804
1.76535
1.75224
1.73873
1.72484
1.7106
1.69602
1.68112
1.66593
1.65047
1.63476
1.61883
1.6027
1.58641
1.56999
1.55345
1.53684
1.52018
1.50351
1.48687
1.47028
1.45378
1.43742
1.42123
1.40526
1.38953
1.37409
1.359
1.34428
1.32998
1.31614
1.30282
1.29005
1.27787
1.26634
1.25548
1.24535
1.23597
1.2274
1.21965
1.21277
1.20679
1.20172
1.1976
1.19443
1.19225
1.19105
1.19083
1.19162
1.19339
1.19614
1.19987
1.20454
1.21015
1.21667
1.22407
1.23233
1.2414
1.25125
1.26185
1.27315
1.28511
1.2977
1.31086
1.32456
1.33875
1.35338
1.36842
1.38381
1.39952
1.41551
1.43172
1.44813
1.4647
1.48137
1.49812
1.51491
1.53171
1.54847
1.56517
1.58177
1.59825
1.61457
1.63071
1.64663
1.66231
1.67772
1.69285
1.70766
1.72213
1.73624
1.74997
1.76331
1.77622
1.78869
1.80071
1.81226
1.82331
1.83387
1.8439
1.8534
1.86236
1.87076
1.87859
1.88585
1.89251
1.89857
1.90402
1.90886
1.91306
1.91664
1.91958
1.92187
1.92352
1.92451
1.92484
1.9245
1.92351
1.92184
1.9195
1.91649
1.91281
1.90846
1.90344
1.89774
1.89137
1.88434
1.87664
1.86827
1.85925
1.84957
1.83924
1.82827
1.81666
1.80441
1.79153
1.77804
1.76394
1.74923
1.73392
1.71803
1.70157
1.68455
1.66697
1.64885
1.6302
1.61104
1.59138
1.57124
1.55062
1.52955
1.50805
1.48613
1.4638
1.4411
1.41804
1.39464
1.37093
1.34693
1.32267
1.29817
1.27346
1.24858
1.22355
1.1984
1.17319
1.14793
1.12268
1.09748
1.07237
1.04741
1.02264
0.99812
0.973918
0.950095
0.926719
0.903865
0.881611
0.86004
0.839241
0.819306
0.800331
0.782417
0.765665
0.750181
0.736066
0.723422
0.712345
0.702923
0.695237
0.689353
0.685323
0.683181
0.682945
0.684613
0.688162
0.693554
0.700732
0.709626
0.720152
0.732219
0.745727
0.760575
0.776656
0.793865
0.812099
0.831258
0.851245
0.871966
0.893336
0.91527
0.937691
0.960526
0.983708
1.00717
1.03086
1.05472
1.07869
1.10274
1.12681
1.15087
1.17487
1.19878
1.22257
1.24621
1.26966
1.2929
1.3159
1.33864
1.3611
1.38325
1.40507
1.42656
1.44768
1.46842
1.48876
1.5087
1.52822
1.5473
1.56593
1.58411
1.60181
1.61904
1.63578
1.65202
1.66775
1.68298
1.69769
1.71187
1.72552
1.73864
1.75121
1.76325
1.77474
1.78567
1.79606
1.8059
1.81517
1.8239
1.83206
1.83968
1.84673
1.85324
1.85919
1.86458
1.86943
1.87374
1.8775
1.88073
1.88342
1.88558
1.88721
1.88832
1.88892
1.88902
1.88861
1.88771
1.88632
1.88445
1.88211
1.8793
1.87604
1.87234
1.86821
1.86364
1.85867
1.85329
1.84751
1.84136
1.83483
1.82794
1.82071
1.81315
1.80527
1.79708
1.78859
1.77983
1.7708
1.76152
1.752
1.74226
1.73231
1.72218
1.71186
1.70139
1.69077
1.68003
1.66917
1.65821
1.64718
1.63609
1.62495
1.61378
1.60259
1.59141
1.58026
1.56914
1.55807
1.54708
1.53617
1.52536
1.51468
1.50413
1.49373
1.48349
1.47343
1.46357
1.45392
1.44449
1.43529
1.42634
1.41764
1.40922
1.40108
1.39322
1.38567
1.37842
1.37148
1.36486
1.35857
1.35261
1.34698
1.34169
1.33673
1.33212
1.32784
1.3239
1.3203
1.31703
1.31409
1.31147
1.30918
1.30719
1.30552
1.30414
1.30306
1.30225
1.30172
1.30145
1.30144
1.30166
1.30212
1.30279
1.30367
1.30474
1.306
1.30743
1.30901
1.31074
1.31261
1.31459
1.31669
1.31888
1.32116
1.32351
1.32592
1.32838
1.33089
1.33343
1.33598
1.33855
1.34112
1.34368
1.34623
1.34875
1.35124
1.35369
1.3561
1.35846
1.36075
1.36299
1.36516
1.36725
1.36927
1.3712
1.37306
1.37482
1.3765
1.37809
1.37958
1.38098
1.38229
1.3835
1.38461
1.38563
1.38656
1.38739
1.38813
1.38878
1.38934
1.38981
1.3902
1.39051
1.39074
1.39089
1.39096
1.39097
1.39091
1.39079
1.39061
1.39038
1.39009
1.38976
1.38939
1.38898
1.38853
1.38805
1.38755
1.38703
1.38649
1.38594
1.38538
1.38481
1.38425
1.38369
1.38313
1.38258
1.38205
1.38154
1.38104
1.38057
1.38013
1.37971
1.37932
1.37897
1.37864
1.37836
1.37811
1.3779
1.37773
1.37759
1.3775
1.37745
1.37744
1.37746
1.37753
1.37763
1.37777
1.37794
1.37815
1.37839
1.37866
1.37896
1.37928
1.37963
1.38
1.38039
1.38079
1.3812
1.38162
1.38205
1.38248
1.38291
1.38334
1.38376
1.38416
1.38456
1.38494
1.38529
1.38563
1.38593
1.38621
1.38645
1.38666
1.38683
1.38696
1.38705
1.38709
1.38708
1.38703
1.38692
1.38676
1.38655
1.38629
1.38596
1.38559
1.38516
1.38467
1.38413
1.38353
1.38288
1.38217
1.38142
1.38062
1.37977
1.37887
1.37794
1.37697
1.37596
1.37491
1.37385
1.37275
1.37164
1.37052
1.36938
1.36825
1.36711
1.36598
1.36487
1.36377
1.3627
1.36167
1.36067
1.35972
1.35882
1.35799
1.35722
1.35652
1.35591
1.35539
1.35497
1.35464
1.35443
1.35434
1.35438
1.35454
1.35485
1.35529
1.35589
1.35665
1.35757
1.35865
1.35991
1.36135
1.36296
1.36476
1.36675
1.36892
1.37129
1.37386
1.37662
1.37957
1.38273
1.38607
1.38962
1.39335
1.39728
1.40139
1.40569
1.41018
1.41483
1.41967
1.42467
1.42983
1.43514
1.4406
1.44621
1.45195
1.45781
1.46379
1.46987
1.47606
1.48233
1.48868
1.4951
1.50158
1.5081
1.51467
1.52125
1.52786
1.53446
1.54106
1.54763
1.55418
1.56068
1.56712
1.5735
1.57979
1.586
1.5921
1.59809
1.60395
1.60968
1.61525
1.62067
1.62591
1.63097
1.63584
1.64051
1.64495
1.64918
1.65317
1.65691
1.6604
1.66362
1.66657
1.66924
1.67162
1.67369
1.67546
1.67691
1.67804
1.67884
1.67931
1.67942
1.67919
1.6786
1.67764
1.67632
1.67463
1.67255
1.6701
1.66726
1.66402
1.6604
1.65638
1.65195
1.64713
1.6419
1.63627
1.63023
1.62379
1.61694
1.60968
1.60201
1.59394
1.58547
1.57659
1.56731
1.55763
1.54756
1.5371
1.52625
1.51501
1.5034
1.49142
1.47907
1.46636
1.4533
1.43989
1.42615
1.41207
1.39768
1.38298
1.36799
1.3527
1.33714
1.32132
1.30525
1.28895
1.27243
1.2557
1.23879
1.22172
1.20449
1.18714
1.16968
1.15213
1.13453
1.11688
1.09923
1.08159
1.064
1.04649
1.02909
1.01183
0.994747
0.977883
0.961274
0.944962
0.92899
0.9134
0.898241
0.883558
0.869401
0.85582
0.842866
0.83059
0.819043
0.808276
0.79834
0.789282
0.78115
0.773985
0.767829
0.762715
0.758675
0.755732
0.753905
0.753206
0.75364
0.755204
0.75789
0.761681
0.766556
0.772487
0.77944
0.787377
0.796257
0.806034
0.81666
0.828086
0.840261
0.853133
0.86665
0.880762
0.895417
0.910566
0.92616
0.942151
0.958495
0.975147
0.992064
1.00921
1.02654
1.04401
1.0616
1.07927
1.09699
1.11472
1.13244
1.15012
1.16773
1.18525
1.20265
1.21991
1.23701
1.25392
1.27063
1.28712
1.30337
1.31936
1.33508
1.35051
1.36564
1.38045
1.39494
1.40907
1.42286
1.43628
1.44932
1.46197
1.47423
1.48608
1.49753
1.50855
1.51914
1.52929
1.53901
1.54828
1.5571
1.56546
1.57336
1.5808
1.58777
1.59426
1.60029
1.60584
1.61092
1.61552
1.61964
1.62328
1.62645
1.62914
1.63136
1.63311
1.63438
1.63519
1.63553
1.63541
1.63484
1.63381
1.63234
1.63043
1.62808
1.6253
1.6221
1.61849
1.61446
1.61004
1.60524
1.60004
1.59448
1.58856
1.58229
1.57568
1.56874
1.56149
1.55394
1.5461
1.53798
1.5296
1.52097
1.51212
1.50304
1.49377
1.48431
1.47469
1.46492
1.45501
1.445
1.43489
1.42471
1.41447
1.4042
1.39391
1.38363
1.37338
1.36318
1.35305
1.34301
1.33309
1.3233
1.31367
1.30423
1.29498
1.28597
1.27719
1.26869
1.26048
1.25257
1.245
1.23778
1.23092
1.22445
1.21838
1.21272
1.20751
1.20273
1.19841
1.19456
1.19119
1.1883
1.18591
1.184
1.1826
1.18169
1.18127
1.18135
1.18192
1.18298
1.18451
1.1865
1.18895
1.19185
1.19517
1.19891
1.20305
1.20757
1.21245
1.21769
1.22324
1.2291
1.23525
1.24166
1.24831
1.25518
1.26226
1.2695
1.2769
1.28444
1.29208
1.29981
1.30761
1.31546
1.32333
1.3312
1.33906
1.34688
1.35465
1.36234
1.36994
1.37743
1.3848
1.39202
1.39908
1.40596
1.41266
1.41915
1.42542
1.43146
1.43725
1.44278
1.44805
1.45303
1.45773
1.46212
1.4662
1.46996
1.4734
1.4765
1.47926
1.48166
1.48372
1.48541
1.48673
1.48768
1.48826
1.48846
1.48827
1.4877
1.48674
1.4854
1.48367
1.48154
1.47903
1.47612
1.47283
1.46915
1.46508
1.46063
1.4558
1.4506
1.44502
1.43907
1.43275
1.42608
1.41906
1.41169
1.40398
1.39594
1.38758
1.3789
1.36991
1.36062
1.35105
1.34121
1.33109
1.32073
1.31012
1.29928
1.28823
1.27698
1.26554
1.25392
1.24216
1.23025
1.21822
1.20609
1.19387
1.18158
1.16924
1.15688
1.14451
1.13215
1.11983
1.10757
1.09539
1.08332
1.07137
1.05958
1.04798
1.03658
1.02541
1.0145
1.00387
0.993555
0.983579
0.973966
0.964743
0.955936
0.94757
0.939668
0.932256
0.925354
0.918983
0.913165
0.907915
0.903251
0.899186
0.895733
0.892901
0.890698
0.889128
0.888196
0.887899
0.888236
0.889202
0.890789
0.892988
0.895786
0.899168
0.90312
0.907622
0.912655
0.918199
0.92423
0.930726
0.937661
0.945012
0.952753
0.960857
0.9693
0.978054
0.987095
0.996395
1.00593
1.01567
1.0256
1.03569
1.04592
1.05626
1.0667
1.0772
1.08775
1.09834
1.10893
1.11952
1.13007
1.14059
1.15105
1.16143
1.17172
1.18191
1.19198
1.20192
1.21172
1.22136
1.23085
1.24016
1.24928
1.25822
1.26696
1.27549
1.28381
1.2919
1.29978
1.30742
1.31483
1.322
1.32892
1.33561
1.34204
1.34823
1.35416
1.35984
1.36527
1.37045
1.37538
1.38005
1.38448
1.38865
1.39258
1.39626
1.39971
1.40291
1.40588
1.40862
1.41113
1.41342
1.41549
1.41735
1.419
1.42045
1.4217
1.42277
1.42365
1.42436
1.42489
1.42526
1.42548
1.42555
1.42548
1.42528
1.42495
1.4245
1.42394
1.42329
1.42253
1.4217
1.42078
1.4198
1.41875
1.41765
1.41651
1.41532
1.41411
1.41287
1.41161
1.41035
1.40908
1.40782
1.40657
1.40533
1.40412
1.40294
1.40179
1.40067
1.3996
1.39857
1.3976
1.39668
1.39581
1.395
1.39426
1.39357
1.39295
1.3924
1.3919
1.39148
1.39111
1.39081
1.39057
1.39038
1.39026
1.39019
1.39017
1.39019
1.39026
1.39037
1.39051
1.39068
1.39087
1.39108
1.3913
1.39153
1.39176
1.39197
1.39218
1.39236
1.39251
1.39262
1.39269
1.39271
1.39266
1.39255
1.39236
1.39209
1.39173
1.39126
1.39069
1.39
1.38919
1.38825
1.38717
1.38594
1.38456
1.38302
1.38131
1.37942
1.37735
1.3751
1.37265
1.37
1.36715
1.36409
1.3608
1.3573
1.35358
1.34962
1.34543
1.34101
1.33634
1.33143
1.32628
1.32088
1.31523
1.30933
1.30318
1.29677
1.29012
1.28321
1.27606
1.26865
1.261
1.2531
1.24497
1.23659
1.22798
1.21914
1.21007
1.20078
1.19128
1.18157
1.17166
1.16156
1.15127
1.14081
1.13019
1.11941
1.10849
1.09743
1.08626
1.07499
1.06362
1.05218
1.04067
1.02913
1.01756
1.00599
0.994424
0.982895
0.971421
0.960025
0.948728
0.937556
0.926534
0.915686
0.905041
0.894624
0.884465
0.874592
0.865035
0.855823
0.846986
0.838555
0.830559
0.823028
0.815992
0.809478
0.803515
0.79813
0.793346
0.789188
0.785676
0.782829
0.780663
0.779192
0.778427
0.778375
0.779041
0.780426
0.782527
0.78534
0.788856
0.793064
0.797949
0.803496
0.809684
0.816492
0.823898
0.831875
0.840397
0.849438
0.858968
0.868958
0.879379
0.890201
0.901393
0.912926
0.924771
0.936897
0.949275
0.961878
0.974677
0.987645
1.00076
1.01398
1.0273
1.04069
1.05412
1.06757
1.08101
1.09444
1.10782
1.12114
1.13438
1.14751
1.16053
1.17341
1.18614
1.1987
1.21107
1.22325
1.23522
1.24697
1.25847
1.26973
1.28073
1.29145
1.30189
1.31204
1.32188
1.33141
1.34062
1.34951
1.35805
1.36626
1.37411
1.38161
1.38874
1.39551
1.40191
1.40793
1.41356
1.41881
1.42368
1.42815
1.43223
1.43592
1.4392
1.44209
1.44459
1.44668
1.44837
1.44967
1.45056
1.45107
1.45117
1.45089
1.45022
1.44916
1.44771
1.44589
1.4437
1.44113
1.4382
1.43491
1.43127
1.42728
1.42296
1.4183
1.41331
1.40802
1.40241
1.39651
1.39032
1.38385
1.37711
1.37012
1.36289
1.35542
1.34773
1.33984
1.33175
1.32349
1.31506
1.30648
1.29777
1.28894
1.28
1.27099
1.2619
1.25277
1.2436
1.23443
1.22526
1.21611
1.20701
1.19797
1.18903
1.18018
1.17147
1.1629
1.1545
1.14629
1.13829
1.13053
1.12301
1.11577
1.10882
1.10218
1.09587
1.08991
1.08432
1.07911
1.0743
1.06991
1.06594
1.06241
1.05933
1.05671
1.05455
1.05287
1.05167
1.05096
1.05072
1.05097
1.0517
1.05291
1.05459
1.05674
1.05934
1.06239
1.06588
1.0698
1.07412
1.07883
1.08393
1.08939
1.09519
1.10132
1.10775
1.11447
1.12146
1.12869
1.13614
1.1438
1.15165
1.15965
1.16779
1.17606
1.18442
1.19286
1.20135
1.20988
1.21843
1.22698
1.2355
1.24399
1.25241
1.26076
1.26902
1.27716
1.28518
1.29305
1.30076
1.3083
1.31565
1.3228
1.32973
1.33643
1.34289
1.34909
1.35503
1.36069
1.36606
1.37114
1.3759
1.38035
1.38447
1.38826
1.3917
1.39479
1.39753
1.3999
1.4019
1.40352
1.40477
1.40562
1.40608
1.40615
1.40582
1.40508
1.40394
1.40239
1.40043
1.39806
1.39527
1.39207
1.38845
1.38442
1.37997
1.37511
1.36983
1.36414
1.35804
1.35153
1.34461
1.33729
1.32957
1.32145
1.31294
1.30404
1.29475
1.28509
1.27506
1.26466
1.2539
1.24279
1.23133
1.21953
1.20741
1.19496
1.18221
1.16915
1.1558
1.14217
1.12828
1.11413
1.09973
1.08511
1.07026
1.05522
1.03999
1.0246
1.00905
0.993363
0.977564
0.96167
0.945702
0.929682
0.913633
0.89758
0.881549
0.865567
0.849663
0.833868
0.818212
0.802731
0.787458
0.772432
0.757691
0.743277
0.729231
0.715597
0.702423
0.689754
0.67764
0.66613
0.655274
0.645122
0.635722
0.627125
0.619376
0.612518
0.606593
0.601637
