
Dual Residual: 
1
35174.2
7648.43
3470.85
2038.42
1662.57
1367.9
1063.08
837.266
737.036
696.408
636.211
549.599
456.737
376.239
321.508
291.51
277.745
271.677
267.708
260.361
247.304
230.896
213.117
195.676
177.521
161.279
148.917
141.325
138.171
137.736
138.116
137.886
136.307
133.238
128.94
123.846
118.382
112.867
107.511
102.472
97.9367
94.1425
91.3326
89.6489
89.0301
89.1885
89.6932
90.1099
90.1283
89.6374
88.7328
87.6611
86.7174
86.1279
85.9599
86.1021
86.3192
86.35
85.994
85.1729
83.9474
82.4968
81.0698
79.9271
79.2828
79.2572
79.8572
80.9866
82.4778
84.1287
85.734
87.0844
88.0143
88.3958
88.1597
87.2689
85.7353
83.6166
81.0174
78.088
75.0199
72.0363
69.3731
67.2492
65.8279
65.1802
65.2651
65.9384
66.9865
68.1718
69.2735
70.1153
70.5808
70.6179
70.2369
69.5022
68.5208
67.4271
66.3634
65.4596
64.8128
64.4728
64.4355
64.6474
65.0192
65.4436
65.8135
66.0364
66.0443
65.7982
65.2893
64.5366
63.5822
62.4859
61.3179
60.152
59.059
58.1006
57.325
56.7645
56.4346
56.3355
56.4536
56.7647
57.2366
57.8316
58.5083
59.2232
59.9329
60.5953
61.1716
61.6278
61.9367
62.079
62.0446
61.8011
61.3843
60.8397
60.1762
59.4236
58.6211
57.8081
57.0192
56.2828
55.6206
55.0458
54.5635
54.171
53.8591
53.6131
53.415
53.245
53.0827
52.909
52.7072
52.4637
52.1689
51.8175
51.4088
50.9459
50.4361
49.8897
49.319
48.7381
48.1613
47.6027
47.0756
46.5919
46.1624
45.7962
45.5015
45.2858
45.1556
45.117
45.1752
45.3343
45.5967
45.9624
46.4289
46.9899
47.636
48.3538
49.1272
49.9371
50.763
51.5831
52.376
53.1212
53.8003
54.3971
54.8989
55.2964
55.5839
55.7592
55.8238
55.782
55.6406
55.4081
55.0946
54.7104
54.2659
53.771
53.2346
52.6648
52.0684
51.4515
50.8193
50.177
49.5297
48.8829
48.2426
47.6158
47.0103
46.4345
45.8972
45.4076
44.9745
44.6058
44.3087
44.0884
43.9486
43.891
43.9151
44.0186
44.1973
44.4455
44.7562
45.1217
45.5335
45.9828
46.461
46.9594
47.4697
47.984
48.4948
48.995
49.478
49.9375
50.3673
50.7618
51.1154
51.423
51.6796
51.8805
52.0217
52.0994
52.111
52.0543
51.9284
51.7333
51.4706
51.143
50.7546
50.3112
49.8197
49.2883
48.7265
48.1445
47.5534
46.9643
46.3885
45.8369
45.3196
44.8459
44.4233
44.058
43.7543
43.5147
43.3398
43.2287
43.1785
43.1854
43.2444
43.3497
43.4949
43.6734
43.8783
44.1029
44.3407
44.5852
44.8304
45.0707
45.3005
45.5151
45.7098
45.8807
46.0241
46.1369
46.2166
46.2612
46.2695
46.2406
46.1744
46.0713
45.9325
45.7595
45.5543
45.3195
45.0578
44.7724
44.4664
44.1434
43.8066
43.4596
43.1055
42.7478
42.3895
42.0337
41.6834
41.3414
41.0106
40.6939
40.394
40.114
39.8564
39.6242
39.42
39.2463
39.1054
38.9993
38.9297
38.8974
38.9031
38.9466
39.0271
39.1433
39.2932
39.474
39.6827
39.9158
40.1695
40.4396
40.7222
41.0132
41.3084
41.6041
41.8968
42.183
42.4599
42.7247
42.9751
43.2091
43.4251
43.6215
43.7972
43.9513
44.0831
44.1919
44.2774
44.3393
44.3774
44.3916
44.382
44.3487
44.2918
44.2116
44.1083
43.9824
43.8343
43.6644
43.4736
43.2624
43.0316
42.7823
42.5155
42.2324
41.9344
41.6229
41.2995
40.9662
40.6249
40.2777
39.9267
39.5745
39.2234
38.8758
38.5344
38.2015
37.8796
37.571
37.2775
37.0012
36.7436
36.5059
36.2889
36.0932
35.9189
35.7657
35.6329
35.5197
35.4247
35.3464
35.283
35.2327
35.1934
35.1631
35.1398
35.1216
35.1067
35.0934
35.0801
35.0657
35.049
35.0292
35.0056
34.9778
34.9455
34.9087
34.8675
34.8222
34.773
34.7206
34.6654
34.6083
34.5498
34.4907
34.432
34.3744
34.3189
34.2664
34.218
34.1748
34.1378
34.1083
34.0875
34.0768
34.0775
34.0912
34.1194
34.1635
34.2251
34.3078
34.4124
34.5373
34.6837
34.8528
35.0464
35.2656
35.5106
35.7807
36.0749
36.3919
36.73
37.0876
37.4629
37.8539
38.2582
38.6734
39.0965
39.5244
39.9538
40.3812
40.803
41.2156
41.6152
41.9984
42.3617
42.7017
43.0152
43.2991
43.5507
43.7674
43.9467
44.0865
44.1849
44.2404
44.2517
44.2177
44.1379
44.0118
43.8396
43.6214
43.3581
43.0505
42.7
42.3084
41.8776
41.41
40.904
40.3511
39.7746
39.1714
38.5444
37.899
37.2413
36.577
35.911
35.2481
34.593
33.9501
33.3237
32.7184
32.1389
31.5897
31.0756
30.6006
30.1684
29.7818
29.4428
29.1523
28.9104
28.7162
28.568
28.4636
28.4004
28.3752
28.3847
28.4253
28.4935
28.5852
28.6967
28.8242
28.9637
29.1117
29.2649
29.4201
29.5748
29.7266
29.8737
30.0145
30.1477
30.2724
30.388
30.494
30.59
30.6759
30.7517
30.8175
30.8737
30.9205
30.9583
30.9876
31.009
31.023
31.03
31.0305
31.0249
31.0137
30.997
30.9752
30.9485
30.9172
30.8815
30.8415
30.7977
30.7503
30.6996
30.6461
30.5904
30.533
30.4746
30.4161
30.3583
30.3023
30.2491
30.2
30.1561
30.1188
30.0892
30.0687
30.0585
30.0598
30.0736
30.1009
30.1424
30.1989
30.2707
30.3581
30.4612
30.5797
30.7132
30.861
31.0224
31.1962
31.3811
31.5758
31.7787
31.988
32.202
32.4189
32.6368
32.8538
33.0682
33.2781
33.4819
33.678
33.8648
34.041
34.2055
34.3571
34.495
34.6185
34.727
34.8202
34.8979
34.96
35.0068
35.0385
35.0556
35.0588
35.0487
35.0262
34.9923
34.9479
34.8943
34.8325
34.7637
34.689
34.6095
34.5263
34.4405
34.3529
34.2642
34.1753
34.0866
33.9985
33.9113
33.8249
33.7393
33.6542
33.5691
33.4835
33.3966
33.3075
33.2154
33.119
33.0174
32.9094
32.7937
32.6692
32.5347
32.3892
32.2316
32.061
31.8766
31.6777
31.4639
31.2348
30.9902
30.7302
30.4552
30.1655
29.862
29.5456
29.2176
28.8794
28.5327
28.1796
27.8222
27.463
27.1046
26.7498
26.4018
26.0637
25.7386
25.4301
25.1413
24.8755
24.6359
24.4254
24.2467
24.1021
23.9935
23.9224
23.8897
23.8958
23.9405
24.0231
24.1422
24.2963
24.4829
24.6996
24.9433
25.211
25.4992
25.8046
26.1236
26.4527
26.7885
27.1277
27.4672
27.8038
28.1348
28.4575
28.7696
29.0688
29.3534
29.6214
29.8715
30.1025
30.3133
30.5032
30.6715
30.8179
30.9423
31.0447
31.1253
31.1844
31.2227
31.2409
31.2396
31.22
31.183
31.1298
31.0617
30.98
30.886
30.7812
30.6669
30.5446
30.4157
30.2817
30.1439
30.0036
29.8621
29.7207
29.5804
29.4423
29.3073
29.1763
29.0499
28.9289
28.8136
28.7046
28.6021
28.5063
28.4174
28.3352
28.2599
28.1911
28.1288
28.0726
28.0222
27.9773
27.9374
27.9022
27.8712
27.8439
27.82
27.7989
27.7801
27.7633
27.7479
27.7337
27.72
27.7066
27.693
27.6789
27.6639
27.6477
27.63
27.6105
27.5889
27.5649
27.5384
27.5092
27.477
27.4418
27.4033
27.3617
27.3167
27.2684
27.2168
27.162
27.104
27.043
26.9791
26.9125
26.8435
26.7722
26.699
26.6242
26.548
26.4709
26.393
26.3149
26.2369
26.1592
26.0821
26.0061
25.9314
25.8582
25.7867
25.7171
25.6495
25.5841
25.5208
25.4597
25.4006
25.3436
25.2883
25.2348
25.1827
25.1319
25.0821
25.0329
24.9843
24.9359
24.8874
24.8388
24.7899
24.7404
24.6905
24.6401
24.5893
24.5383
24.4874
24.4368
24.3871
24.3387
24.2924
24.2487
24.2085
24.1726
24.1419
24.1174
24.1
24.0906
24.0903
24.1
24.1205
24.1527
24.1972
24.2547
24.3256
24.4102
24.5087
24.6209
24.7468
24.8859
25.0377
25.2013
25.3759
25.5603
25.7534
25.9537
26.1598
26.3702
26.5831
26.797
27.01
27.2206
27.4268
27.6271
27.8198
28.0033
28.1761
28.3367
28.4839
28.6163
28.733
28.8328
28.915
28.9788
29.0237
29.0493
29.0552
29.0414
29.0079
28.9548
28.8825
28.7914
28.6821
28.5554
28.4121
28.2532
28.0799
27.8932
27.6947
27.4856
27.2674
27.0417
26.8101
26.5741
26.3355
26.0958
25.8566
25.6196
25.3863
25.1581
24.9364
24.7224
24.5172
24.3218
24.1369
23.9633
23.8013
23.6513
23.5133
23.3871
23.2725
23.169
23.076
22.9927
22.9182
22.8514
22.7914
22.7367
22.6864
22.639
22.5934
22.5483
22.5025
22.4547
22.4041
22.3494
22.2899
22.2247
22.1531
22.0746
21.9887
21.8952
21.7939
21.6849
21.5681
21.444
21.3131
21.1758
21.0329
20.8853
20.734
20.5802
20.4251
20.27
20.1165
19.966
19.8203
19.6808
19.5494
19.4277
19.3174
19.22
19.1371
19.0702
19.0204
18.989
18.9769
18.9848
19.0133
19.0626
19.1327
19.2236
19.3347
19.4654
19.615
19.7822
19.966
20.165
20.3777
20.6026
20.8381
21.0825
21.3342
21.5915
21.8528
22.1164
22.3809
22.6448
22.9067
23.1652
23.4192
23.6675
23.9091
24.1431
24.3687
24.5852
24.7919
24.9883
25.1741
25.3489
25.5124
25.6646
25.8054
25.9349
26.053
26.16
26.2561
26.3416
26.4168
26.4821
26.5379
26.5846
26.6227
26.6527
26.675
26.6901
26.6986
26.7007
26.697
26.6878
26.6736
26.6546
26.6311
26.6034
26.5716
26.5359
26.4963
26.4529
26.4055
26.3542
26.2987
26.2388
26.1743
26.1048
26.0301
25.9497
25.8632
25.7702
25.6702
25.5628
25.4474
25.3237
25.1911
25.0492
24.8975
24.7356
24.5631
24.3798
24.1853
23.9793
23.7618
23.5325
23.2913
23.0384
22.7737
22.4975
22.2099
21.9114
21.6023
21.2832
20.9547
20.6175
20.2724
19.9204
19.5625
19.1999
18.834
18.4659
18.0974
17.7301
17.3657
17.006
16.6531
16.309
15.9758
15.6559
15.3513
15.0644
14.7973
14.5522
14.3311
14.1358
13.968
13.829
13.7197
13.641
13.5931
13.576
13.5893
13.6322
13.7037
13.8025
13.9269
14.0752
14.2455
14.4358
14.6439
14.8679
15.1056
15.3551
15.6143
15.8815
16.1549
16.433
16.7141
16.997
17.2804
17.5633
17.8447
18.1238
18.3998
18.6722
18.9405
19.2042
19.4631
19.7169
19.9655
20.2088
20.4467
20.6793
20.9065
21.1285
21.3452
21.5569
21.7634
21.9651
22.1618
22.3537
22.5407
22.7229
22.9003
23.0728
23.2403
23.4026
23.5596
23.711
23.8567
23.9964
24.1297
24.2563
24.3759
24.4879
24.5922
24.6881
24.7753
24.8533
24.9217
24.9801
25.028
25.065
25.0908
25.1049
25.1071
25.0969
25.0743
25.0388
24.9905
24.929
24.8544
24.7666
24.6656
24.5515
24.4245
24.2848
24.1325
23.9681
23.7919
23.6044
23.4061
23.1974
22.9791
22.7518
22.5162
22.2732
22.0235
21.7681
21.5078
21.2436
20.9766
20.7078
20.4382
20.1689
19.901
19.6357
19.3739
19.1169
18.8657
18.6213
18.3848
18.1571
17.9391
17.7316
17.5355
17.3513
17.1797
17.0211
16.8758
16.7442
16.6264
16.5223
16.4319
16.3549
16.2912
16.2401
16.2013
16.1743
16.1582
16.1525
16.1564
16.1692
16.1901
16.2182
16.2529
16.2933
16.3387
16.3883
16.4416
16.4979
16.5565
16.6169
16.6787
16.7415
16.8047
16.8682
16.9316
16.9947
17.0574
17.1195
17.1809
17.2417
17.3018
17.3613
17.4202
17.4787
17.5368
17.5948
17.6527
17.7108
17.7693
17.8283
17.8881
17.9488
18.0106
18.0738
18.1384
18.2046
18.2727
18.3426
18.4146
18.4887
18.565
18.6435
18.7243
18.8073
18.8926
18.98
19.0695
19.161
19.2545
19.3497
19.4465
19.5447
19.6441
19.7446
19.8459
19.9477
20.0498
20.152
20.2539
20.3553
20.456
20.5556
20.6538
20.7504
20.8451
20.9375
21.0274
21.1146
21.1986
21.2794
21.3565
21.4298
21.499
21.5639
21.6242
21.6797
21.7302
21.7755
21.8153
21.8496
21.8781
21.9008
21.9173
21.9276
21.9315
21.9289
21.9197
21.9038
21.8811
21.8515
21.8148
21.7711
21.7203
21.6622
21.5968
21.5242
21.4442
21.3568
21.2621
21.16
21.0505
20.9336
20.8094
20.6778
20.5391
20.3932
20.2402
20.0802
19.9134
19.7399
19.56
19.3737
19.1813
18.9831
18.7794
18.5704
18.3566
18.1383
17.9159
17.6899
17.4609
17.2293
16.9958
16.7609
16.5254
16.29
16.0555
15.8226
15.5923
15.3653
15.1427
14.9254
14.7143
14.5105
14.3151
14.1289
13.9531
13.7886
13.6363
13.4973
13.3722
13.2619
13.1672
13.0885
13.0263
12.981
12.9528
12.9418
12.9479
12.9711
13.0109
13.067
13.1388
13.2257
13.327
13.4419
13.5695
13.709
13.8595
14.02
14.1895
14.3672
14.5521
14.7433
14.94
15.1412
15.3463
15.5544
15.7648
15.9769
16.1901
16.4038
16.6173
16.8304
17.0425
17.2531
17.462
17.6687
17.873
18.0746
18.2732
18.4686
18.6606
18.8489
19.0333
19.2138
19.39
19.5619
19.7293
19.892
20.0499
20.2029
20.3507
20.4933
20.6305
20.7621
20.888
21.0079
21.1219
21.2296
21.3309
21.4256
21.5136
21.5947
21.6687
21.7355
21.7948
21.8465
21.8904
21.9263
21.9542
21.9737
21.9849
21.9875
21.9814
21.9665
21.9427
21.9099
21.868
21.817
21.7567
21.6872
21.6084
21.5203
21.423
21.3164
21.2007
21.0759
20.942
20.7993
20.6479
20.4879
20.3194
20.1428
19.9583
19.766
19.5663
19.3595
19.1459
18.9259
18.6999
18.4682
18.2313
17.9898
17.744
17.4945
17.2419
16.9868
16.7297
16.4714
16.2125
15.9537
15.6957
15.4393
15.1854
14.9347
14.6881
14.4465
14.2106
13.9815
13.76
13.5471
13.3436
13.1504
12.9684
12.7984
12.6412
12.4974
12.3679
12.2531
12.1536
12.0698
12.002
11.9504
11.9151
11.8961
11.8933
11.9064
11.9353
11.9793
12.0382
12.1113
12.198
12.2976
12.4093
12.5326
12.6665
12.8103
12.9631
13.1243
13.2929
13.4683
13.6496
13.8362
14.0273
14.2222
14.4203
14.621
14.8237
15.0278
15.2328
15.4382
15.6436
15.8485
16.0525
16.2552
16.4562
16.6552
16.8519
17.0459
17.237
17.4248
17.6091
17.7897
17.9663
18.1387
18.3067
18.4699
18.6283
18.7817
18.9298
19.0724
19.2095
19.3408
19.4662
19.5855
19.6985
19.8053
19.9055
19.9992
20.0862
20.1664
20.2397
20.306
20.3653
20.4175
20.4626
20.5005
20.5312
20.5547
20.571
20.58
20.5818
20.5764
20.5639
20.5442
20.5175
20.4838
20.4432
20.3957
20.3415
20.2807
20.2133
20.1394
20.0593
19.9729
19.8805
19.7822
19.678
19.5682
19.4528
19.3321
19.2061
19.0751
18.9391
18.7983
18.6528
18.5028
18.3485
18.19
18.0274
17.8609
17.6906
17.5168
17.3395
17.1589
16.9751
16.7885
16.599
16.407
16.2126
16.0161
15.8176
15.6174
15.4158
15.2131
15.0095
14.8054
14.6012
14.3972
14.1938
13.9916
13.7909
13.5924
13.3966
13.2041
13.0154
12.8314
12.6526
12.4799
12.314
12.1557
12.0058
11.8651
11.7344
11.6146
11.5064
11.4106
11.3278
11.2588
11.2041
11.1643
11.1396
11.1304
11.137
11.1593
11.1973
11.251
11.3199
11.4037
11.5018
11.6138
11.7389
11.8763
12.0251
12.1846
12.3537
12.5314
12.7169
12.9089
13.1066
13.309
13.515
13.7237
13.9341
14.1453
14.3566
14.5669
14.7756
14.9819
15.1851
15.3845
15.5796
15.7697
15.9543
16.133
16.3053
16.4708
16.6291
16.7801
16.9233
17.0586
17.1857
17.3046
17.415
17.517
17.6105
17.6955
17.772
17.8401
17.8999
17.9514
17.9949
18.0306
18.0586
18.0791
18.0925
18.099
18.099
18.0926
18.0804
18.0626
18.0395
18.0116
17.9792
17.9427
17.9025
17.859
17.8125
17.7634
17.7122
17.659
17.6044
17.5485
17.4918
17.4345
17.3768
17.319
17.2614
17.2041
17.1472
17.091
17.0355
16.9808
16.9269
16.8739
16.8217
16.7704
16.7198
16.6699
16.6206
16.5717
16.5232
16.4748
16.4263
16.3777
16.3288
16.2792
16.2289
16.1777
16.1253
16.0716
16.0164
15.9596
15.901
15.8404
15.7777
15.7129
15.6458
15.5764
15.5046
15.4305
15.3539
15.275
15.1938
15.1103
15.0247
14.937
14.8475
14.7562
14.6634
14.5693
14.4741
14.3781
14.2815
14.1847
14.0879
13.9915
13.8959
13.8013
13.7082
13.6169
13.5278
13.4413
13.3578
13.2777
13.2013
13.1291
13.0614
12.9985
12.9409
12.8888
12.8426
12.8026
12.7689
12.7419
12.7218
12.7087
12.7028
12.7042
12.713
12.7292
12.7528
12.7838
12.8222
12.8678
12.9204
12.9801
13.0465
13.1194
13.1985
13.2837
13.3746
13.4709
13.5722
13.6781
13.7884
13.9027
14.0205
14.1414
14.265
14.391
14.5188
14.6481
14.7785
14.9095
15.0407
15.1717
15.3021
15.4315
15.5595
15.6856
15.8095
15.9308
16.0491
16.1641
16.2754
16.3827
16.4856
16.5838
16.677
16.7648
16.8471
16.9236
16.9939
17.0578
17.1152
17.1657
17.2092
17.2456
17.2745
17.296
17.3099
17.316
17.3143
17.3046
17.2871
17.2615
17.2279
17.1863
17.1367
17.0792
17.0138
16.9406
16.8597
16.7713
16.6755
16.5725
16.4624
16.3456
16.2221
16.0923
15.9564
15.8148
15.6677
15.5156
15.3587
15.1974
15.0322
14.8635
14.6917
14.5172
14.3407
14.1625
13.9832
13.8033
13.6234
13.4441
13.2659
13.0895
12.9155
12.7445
12.5771
12.4141
12.2559
12.1034
11.957
11.8175
11.6855
11.5615
11.446
11.3398
11.2431
11.1565
11.0804
11.0151
10.9609
10.9181
10.8867
10.867
10.8588
10.8622
10.8771
10.9032
10.9404
10.9883
11.0466
11.1149
11.1927
11.2796
11.375
11.4784
11.5891
11.7067
11.8305
11.9599
12.0943
12.233
12.3756
12.5214
12.6697
12.8201
12.972
13.1248
13.2781
13.4313
13.5839
13.7355
13.8857
14.0341
14.1801
14.3236
14.464
14.6012
14.7347
14.8642
14.9896
15.1105
15.2268
15.3381
15.4443
15.5452
15.6406
15.7305
15.8146
15.8929
15.9653
16.0316
16.0919
16.146
16.194
16.2358
16.2715
16.301
16.3244
16.3417
16.353
16.3583
16.3578
16.3515
16.3395
16.322
16.2991
16.2708
16.2374
16.1991
16.1559
16.1081
16.0558
15.9992
15.9385
15.8739
15.8055
15.7336
15.6584
15.5801
15.4988
15.4148
15.3282
15.2393
15.1482
15.0552
14.9603
14.8638
14.7659
14.6667
14.5663
14.465
14.3628
14.26
14.1565
14.0527
13.9485
13.844
13.7395
13.6349
13.5305
13.4262
13.3221
13.2184
13.115
13.0122
12.9099
12.8083
12.7073
12.6072
12.5079
12.4095
12.3122
12.2161
12.1212
12.0276
11.9355
11.845
11.7562
11.6694
11.5845
11.5019
11.4216
11.344
11.2691
11.1971
11.1284
11.0631
11.0015
10.9437
10.8901
10.8409
10.7962
10.7565
10.7218
10.6925
10.6688
10.6508
10.6388
10.633
10.6335
10.6406
10.6542
10.6746
10.7017
10.7357
10.7766
10.8244
10.879
10.9404
11.0085
11.0832
11.1642
11.2516
11.3449
11.4441
11.5489
11.659
11.7741
11.8939
12.0181
12.1464
12.2785
12.4139
12.5523
12.6935
12.8369
12.9822
13.1291
13.2773
13.4262
13.5756
13.7251
13.8743
14.0229
14.1704
14.3167
14.4613
14.6038
14.744
14.8815
15.016
15.1471
15.2746
15.3982
15.5175
15.6322
15.7421
15.8469
15.9463
16.0401
16.1279
16.2095
16.2848
16.3534
16.4151
16.4698
16.5172
16.557
16.5892
16.6136
16.6299
16.6381
16.638
16.6294
16.6122
16.5865
16.5519
16.5086
16.4564
16.3953
16.3252
16.2462
16.1582
16.0612
15.9554
15.8407
15.7173
15.5851
15.4444
15.2953
15.1378
14.9722
14.7986
14.6173
14.4285
14.2324
14.0294
13.8197
13.6036
13.3816
13.1539
12.9211
12.6835
12.4417
12.1962
11.9474
11.6961
11.4428
11.1883
10.9332
10.6783
10.4245
10.1726
9.92365
9.67854
9.43834
9.20415
8.97713
8.75845
8.54932
8.35097
8.16461
7.99143
7.83256
7.68904
7.56181
7.45165
7.3592
7.2849
7.22903
7.19169
7.17279
7.17211
7.18927
7.22377
7.27502
7.34231
7.42486
7.52184
7.63231
7.75531
7.88985
8.03486
8.1893
8.3521
8.52219
8.69853
8.8801
9.06591
9.25504
9.4466
9.63978
9.83379
10.028
10.2216
10.4142
10.6052
10.7942
10.9806
11.1643
11.3447
11.5218
11.6952
11.8648
12.0303
12.1916
12.3487
12.5015
12.6498
12.7936
12.9329
13.0678
13.1981
13.324
13.4454
13.5623
13.6748
13.783
13.8868
13.9864
14.0817
14.1728
14.2598
14.3427
14.4215
14.4963
14.5671
14.6339
14.6968
14.7558
14.8109
14.8622
14.9096
14.9531
14.9927
15.0285
15.0604
15.0885
15.1126
15.1328
15.149
15.1612
15.1694
15.1736
15.1736
15.1695
15.1612
15.1487
15.1319
15.1108
15.0853
15.0553
15.0209
14.9819
14.9383
14.8901
14.8373
14.7797
14.7173
14.6502
14.5782
14.5014
14.4197
14.3332
14.2418
14.1455
14.0444
13.9384
13.8277
13.7123
13.5922
13.4675
13.3383
13.2047
13.0669
12.9249
12.7789
12.6291
12.4757
12.3189
12.1588
11.9959
11.8302
11.6622
11.4921
11.3202
11.147
10.9728
10.7981
10.6233
10.4488
10.2752
10.103
9.93269
9.76498
9.60042
9.43967
9.28338
9.13223
8.98693
8.84818
8.71669
8.59317
8.47832
8.37282
8.2773
8.1924
8.11865
8.05656
8.00657
7.96903
7.94425
7.93241
7.93364
7.94796
7.97533
8.01561
8.06857
8.13392
8.21127
8.3002
8.4002
8.51069
8.63107
8.76068
8.89884
9.04482
9.19791
9.35735
9.52241
9.69236
9.86648
10.0441
10.2244
10.4069
10.5908
10.7757
10.9608
11.1457
11.3299
11.5128
11.694
11.8731
12.0496
12.2232
12.3936
12.5603
12.7231
12.8816
13.0356
13.1849
13.3291
13.468
13.6015
13.7294
13.8513
13.9673
14.0771
14.1806
14.2777
14.3683
14.4522
14.5295
14.5999
14.6636
14.7203
14.7702
14.8132
14.8492
14.8783
14.9006
14.9159
14.9245
14.9262
14.9213
14.9097
14.8916
14.8671
14.8361
14.799
14.7556
14.7063
14.6512
14.5903
14.5238
14.452
14.3749
14.2927
14.2056
14.1138
14.0174
13.9168
13.8119
13.7031
13.5906
13.4745
13.3551
13.2326
13.1071
12.9789
12.8483
12.7153
12.5803
12.4434
12.305
12.1651
12.024
11.8819
11.7391
11.5958
11.4521
11.3083
11.1647
11.0214
10.8786
10.7366
10.5957
10.4559
10.3176
10.181
10.0462
9.91355
9.78324
9.65549
9.53053
9.40858
9.28989
9.17467
9.06316
8.95558
8.85216
8.75313
8.65871
8.56913
8.48461
8.40536
8.33158
8.26349
8.20127
8.1451
8.09517
8.05164
8.01466
7.98436
7.96087
7.94429
7.93472
7.93223
7.93687
7.94866
7.96764
7.99378
8.02707
8.06744
8.11482
8.16913
8.23023
8.298
8.37227
8.45286
8.53957
8.63218
8.73045
8.83413
8.94297
9.05667
9.17495
9.29751
9.42406
9.55426
9.68782
9.82442
9.96372
10.1054
10.2492
10.3947
10.5417
10.6898
10.8387
10.9881
11.1377
11.2873
11.4364
11.5849
11.7324
11.8786
12.0233
12.1662
12.3071
12.4457
12.5816
12.7148
12.8448
12.9716
13.0948
13.2142
13.3296
13.4408
13.5476
13.6497
13.747
13.8392
13.9262
14.0079
14.0839
14.1543
14.2187
14.2771
14.3293
14.3752
14.4147
14.4476
14.4738
14.4933
14.5059
14.5116
14.5103
14.5019
14.4864
14.4637
14.4339
14.3968
14.3525
14.301
14.2422
14.1763
14.1033
14.0231
13.9358
13.8415
13.7404
13.6323
13.5176
13.3962
13.2683
13.134
12.9935
12.8468
12.6943
12.5361
12.3723
12.2032
12.029
11.8499
11.6663
11.4784
11.2864
11.0908
10.8918
10.6898
10.4851
10.2783
10.0697
9.85987
9.64921
9.4383
9.2277
9.01803
8.80993
8.60411
8.40129
8.20226
8.00782
7.81886
7.63624
7.4609
7.29378
7.13581
6.98793
6.85103
6.72598
6.61357
6.51448
6.42933
6.3586
6.30265
6.26175
6.23602
6.22552
6.23017
6.24985
6.28433
6.33331
6.39646
6.47333
6.56345
6.66624
6.78109
6.90731
7.04415
7.1908
7.34645
7.5102
7.68118
7.8585
8.04127
8.22863
8.41975
8.61382
8.81009
9.00785
9.20644
9.40524
9.60369
9.80128
9.99751
10.192
10.3842
10.5739
10.7607
10.9443
11.1244
11.3007
11.473
11.6411
11.8048
11.9638
12.118
12.2672
12.4113
12.5501
12.6835
12.8113
12.9335
13.0499
13.1604
13.2651
13.3637
13.4562
13.5426
13.6229
13.6969
13.7646
13.826
13.8812
13.93
13.9725
14.0087
14.0385
14.0621
14.0794
14.0904
14.0951
14.0937
14.0861
14.0724
14.0526
14.0268
13.995
13.9574
13.914
13.8648
13.81
13.7496
13.6836
13.6123
13.5357
13.4538
13.3668
13.2748
13.1778
13.076
12.9695
12.8583
12.7426
12.6225
12.498
12.3694
12.2366
12.0999
11.9593
11.8149
11.667
11.5156
11.3609
11.203
11.042
10.8782
10.7117
10.5427
10.3713
10.1978
10.0223
9.84515
9.66653
9.4867
9.30592
9.12449
8.94272
8.76094
8.57952
8.39883
8.21928
8.04133
7.86545
7.69213
7.52193
7.35542
7.19319
7.03589
6.88416
6.7387
6.60018
6.4693
6.34675
6.23319
6.12924
6.0355
5.95249
5.88067
5.82044
5.77212
5.73596
5.71214
5.70077
5.70193
5.71561
5.7418
5.7804
5.83128
5.89427
5.96911
6.05552
6.15312
6.26149
6.38011
6.50843
6.64581
6.79157
6.94498
7.10529
7.27171
7.44348
7.61982
7.79997
7.98322
8.16885
8.35622
8.54471
8.73374
8.92278
9.11134
9.29896
9.48521
9.6697
9.85208
10.032
10.2092
10.3833
10.5541
10.7213
10.8847
11.044
11.1991
11.3498
11.4958
11.637
11.7733
11.9044
12.0303
12.1509
12.2659
12.3753
12.4789
12.5768
12.6688
12.7548
12.8348
12.9086
12.9764
13.0379
13.0932
13.1423
13.1851
13.2217
13.2519
13.2759
13.2937
13.3052
13.3105
13.3097
13.3028
13.2898
13.2708
13.2459
13.2152
13.1788
13.1368
13.0892
13.0362
12.978
12.9146
12.8462
12.773
12.695
12.6125
12.5256
12.4345
12.3394
12.2404
12.1378
12.0316
11.9222
11.8097
11.6943
11.5762
11.4556
11.3329
11.2081
11.0815
10.9534
10.8239
10.6934
10.5621
10.4302
10.2981
10.1659
10.0339
9.90251
9.77186
9.64229
9.51408
9.38752
9.26288
9.14047
9.02056
8.90345
8.78943
8.67876
8.57174
8.46863
8.36969
8.27518
8.18534
8.10039
8.02055
7.94603
7.87699
7.81361
7.75603
7.70436
7.65871
7.61916
7.58575
7.55854
7.53752
7.52269
7.51402
7.51145
7.51492
7.52433
7.53957
7.56052
7.58705
7.61898
7.65617
7.69842
7.74554
7.79733
7.85358
7.91408
7.9786
8.04692
8.11881
8.19402
8.27234
8.35353
8.43736
8.52359
8.612
8.70237
8.79447
8.8881
8.98304
9.07908
9.17603
9.27368
9.37186
9.47036
9.56902
9.66765
9.76608
9.86414
9.96168
10.0585
10.1545
10.2495
10.3434
10.4359
10.527
10.6165
10.7043
10.7903
10.8742
10.956
11.0356
11.1128
11.1875
11.2595
11.3288
11.3953
11.4587
11.5191
11.5763
11.6301
11.6805
11.7275
11.7708
11.8104
11.8462
11.8781
11.906
11.9299
11.9497
11.9652
11.9765
11.9834
11.986
11.9841
11.9778
11.9669
11.9514
11.9314
11.9067
11.8774
11.8434
11.8048
11.7616
11.7137
11.6612
11.6041
11.5425
11.4763
11.4057
11.3307
11.2514
11.1678
11.0801
10.9883
10.8926
10.7931
10.6898
10.5831
10.4729
10.3596
10.2432
10.1239
10.0021
9.87788
9.75151
9.62325
9.49339
9.36221
9.23002
9.09715
8.96395
8.83077
8.69801
8.56606
8.43534
8.30629
8.17934
8.05497
7.93365
7.81586
7.7021
7.59287
7.48864
7.38992
7.29717
7.21086
7.13142
7.05926
6.99476
6.93825
6.89003
6.85034
6.81938
6.79729
6.78415
6.77999
6.7848
6.79848
6.82092
6.85192
6.89125
6.93864
6.99376
7.05626
7.12573
7.20176
7.28388
7.37162
7.4645
7.56199
7.6636
7.76881
7.87709
7.98796
8.10091
8.21544
8.33111
8.44745
8.56403
8.68044
8.79629
8.91121
9.02486
9.13692
9.24708
9.35507
9.46062
9.56351
9.6635
9.76041
9.85405
9.94426
10.0309
10.1138
10.193
10.2682
10.3394
10.4065
10.4695
10.5283
10.5829
10.6333
10.6795
10.7214
10.7591
10.7926
10.8219
10.8471
10.8682
10.8852
10.8983
10.9075
10.9128
10.9144
10.9123
10.9067
10.8976
10.8851
10.8693
10.8504
10.8284
10.8035
10.7757
10.7453
10.7123
10.6768
10.639
10.5989
10.5568
10.5127
10.4668
10.4191
10.3698
10.319
10.2668
10.2134
10.1588
10.1032
10.0466
9.98917
9.936
9.87364
9.81374
9.75373
9.69351
9.6331
9.57251
9.51177
9.45093
9.39007
9.32929
9.26868
9.20834
9.14834
9.08876
9.02968
8.97117
8.91329
8.85615
8.79982
8.74438
8.68993
8.63656
8.58436
8.53342
8.48385
8.43575
8.3892
8.34432
8.30122
8.26
8.22077
8.18366
8.14877
8.11622
8.08612
8.05858
8.03372
8.01166
7.99248
7.9763
7.96322
7.95331
7.94667
7.94336
7.94344
7.94697
7.95399
7.96452
7.97859
7.99618
8.01729
8.04191
8.06998
8.10147
8.13632
8.17444
8.21576
8.26017
8.30757
8.35784
8.41084
8.46645
8.5245
8.58484
8.6473
8.71172
8.77791
8.84569
8.91487
8.98525
9.05664
9.12883
9.20164
9.27485
9.34826
9.42168
9.49489
9.56771
9.63994
9.71137
9.78182
9.8511
9.91903
9.98542
10.0501
10.1129
10.1736
10.2322
10.2883
10.3419
10.3929
10.441
10.4862
10.5284
10.5673
10.6029
10.6351
10.6638
10.6888
10.7101
10.7276
10.7413
10.751
10.7567
10.7583
10.7558
10.7491
10.7383
10.7232
10.7039
10.6803
10.6524
10.6203
10.584
10.5433
10.4985
10.4495
10.3963
10.339
10.2777
10.2123
10.1431
10.07
9.99315
9.91264
9.82856
9.74102
9.65016
9.55609
9.45896
9.3589
9.25609
9.15068
9.04285
8.93278
8.82068
8.70675
8.59121
8.4743
8.35625
8.23732
8.11779
7.99792
7.87802
7.7584
7.63937
7.52126
7.40443
7.28924
7.17606
7.06528
6.95729
6.85249
6.75131
6.65415
6.56144
6.4736
6.39105
6.31419
6.24342
6.17911
6.12161
6.07126
6.02835
5.99311
5.96577
5.94648
5.93535
5.93243
5.93773
5.95119
5.9727
6.0021
6.03919
6.08371
6.13537
6.19386
6.25882
6.32988
6.40664
6.48871
6.57567
6.66711
6.76261
6.86177
6.96419
7.06946
7.17721
7.28705
7.39864
7.51162
7.62567
7.74046
7.85569
7.97107
8.08632
8.20118
8.3154
8.42874
8.54097
8.65188
8.76128
8.86895
8.97474
9.07845
9.17993
9.27904
9.37561
9.46952
9.56063
9.64883
9.73401
9.81605
9.89485
9.97033
10.0424
10.1109
10.1759
10.2373
10.2949
10.3488
10.3988
10.445
10.4873
10.5256
10.5599
10.5901
10.6164
10.6385
10.6566
10.6706
10.6804
10.6862
10.6878
10.6853
10.6786
10.6679
10.6531
10.6342
10.6113
10.5843
10.5533
10.5184
10.4796
10.4368
10.3902
10.3399
10.2858
10.228
10.1666
10.1016
10.0331
9.96125
9.88604
9.80757
9.72594
9.64124
9.55356
9.46301
9.36969
9.27372
9.17521
9.0743
8.97112
8.8658
8.75849
8.64935
8.53854
8.42622
8.31257
8.19779
8.08208
7.96563
7.84867
7.73143
7.61416
7.4971
7.38053
7.26472
7.14998
7.0366
6.92492
6.81527
6.708
6.60348
6.50207
6.40418
6.31019
6.22051
6.13555
6.05573
5.98145
5.9131
5.8511
5.79579
5.74755
5.70669
5.6735
5.64823
5.63109
5.62223
5.62175
5.62972
5.64611
5.67087
5.70388
5.74498
5.79395
5.85053
5.91442
5.98529
6.0628
6.14654
6.23614
6.33118
6.43125
6.53593
6.6448
6.75744
6.87346
6.99244
7.114
7.23776
7.36334
7.49039
7.61856
7.74751
7.87693
8.0065
8.13593
8.26493
8.39322
8.52055
8.64665
8.77129
8.89422
9.01523
9.1341
9.25063
9.36461
9.47586
9.58419
9.68944
9.79143
9.89001
9.98503
10.0763
10.1638
10.2473
10.3267
10.4018
10.4727
10.5391
10.6009
10.6582
10.7107
10.7584
10.8013
10.8392
10.8722
10.9001
10.9229
10.9405
10.953
10.9603
10.9623
10.959
10.9505
10.9367
10.9176
10.8933
10.8637
10.8288
10.7887
10.7433
10.6928
10.6372
10.5765
10.5107
10.44
10.3643
10.2837
10.1984
10.1084
10.0138
9.91464
9.81105
9.70315
9.59104
9.47483
9.35465
9.23062
9.10289
8.9716
8.8369
8.69895
8.55792
8.41397
8.2673
8.1181
7.96656
7.81291
7.65736
7.50016
7.34155
7.18179
7.02116
6.85996
6.6985
6.5371
6.37612
6.21593
6.05694
5.89956
5.74424
5.59148
5.44178
5.29569
5.1538
5.01671
4.88508
4.75958
4.64091
4.52979
4.42695
4.33313
4.24903
4.17532
4.11261
4.06147
4.02231
3.99549
3.98118
3.97946
3.99023
4.01326
4.04818
4.09453
4.15173
4.21912
4.29599
4.38161
4.47522
4.57607
4.68341
4.79654
4.91476
5.03744
5.16395
5.29374
5.42627
5.56105
5.69762
5.83558
5.97452
6.1141
6.25399
6.39389
6.53351
6.67261
6.81094
6.94828
7.08445
7.21923
7.35247
7.484
7.61367
7.74134
7.86688
7.99016
8.11108
8.22952
8.34538
8.45857
8.569
8.67659
8.78124
8.8829
8.98148
9.07691
9.16914
9.2581
9.34373
9.42597
9.50478
9.58009
9.65186
9.72005
9.78461
9.84549
9.90265
9.95606
10.0057
10.0515
10.0934
10.1314
10.1655
10.1957
10.2219
10.2441
10.2622
10.2764
10.2864
10.2924
10.2943
10.2921
10.2858
10.2753
10.2608
10.2421
10.2193
10.1924
10.1614
10.1263
10.0871
10.0439
9.9966
9.94531
9.89006
9.83085
9.76774
9.70076
9.62997
9.55542
9.47716
9.39526
9.30978
9.2208
9.1284
9.03267
8.93369
8.83157
8.72642
8.61834
8.50746
8.39392
8.27784
8.15937
8.03869
7.91594
7.79132
7.66501
7.53722
7.40815
7.27805
7.14716
7.01573
6.88405
6.7524
6.62111
6.4905
6.36093
6.23277
6.10642
5.98229
5.86084
5.74251
5.6278
5.51721
5.41126
5.31049
5.21545
5.12667
5.04472
4.97013
4.90342
4.84507
4.79553
4.75519
4.7244
4.70341
4.69239
4.69146
4.70061
4.71975
4.74873
4.78729
4.83511
4.8918
4.95692
5.02998
5.11046
5.19784
5.29155
5.39104
5.49577
5.60518
5.71875
5.83596
5.95633
6.07937
6.20464
6.3317
6.46015
6.58961
6.71971
6.8501
6.98046
7.11049
7.23989
7.36839
7.49574
7.6217
7.74603
7.86852
7.98898
8.1072
8.223
8.33623
8.44671
8.55431
8.65886
8.76025
8.85834
8.95303
9.04419
9.13172
9.21553
9.29552
9.37162
9.44374
9.51181
9.57576
9.63554
9.69108
9.74234
9.78927
9.83183
9.86998
9.9037
9.93295
9.95772
9.97798
9.99372
10.0049
10.0116
10.0138
10.0114
10.0045
9.99313
9.97723
9.95686
9.93205
9.9028
9.86917
9.83117
9.78885
9.74225
9.69142
9.63641
9.57726
9.51403
9.44679
9.37559
9.30051
9.22162
9.13899
9.0527
8.96283
8.86948
8.77273
8.67267
8.56942
8.46307
8.35373
8.24152
8.12656
8.00898
7.88891
7.76648
7.64184
7.51515
7.38657
7.25626
7.1244
6.99118
6.8568
6.72147
6.58541
6.44885
6.31205
6.17526
6.03877
5.90289
5.76792
5.63422
5.50214
5.37207
5.24442
5.11963
4.99816
4.8805
4.76715
4.65866
4.55559
4.4585
4.36797
4.2846
4.20894
4.14158
4.08301
4.03374
3.99417
3.96464
3.94543
3.93668
3.93846
3.95071
3.9733
4.00596
4.04835
4.10007
4.16062
4.22949
4.30609
4.38985
4.48018
4.57646
4.67813
4.7846
4.89532
5.00978
5.12746
5.2479
5.37064
5.49526
5.62137
5.74861
5.87661
6.00507
6.13367
6.26213
6.39018
6.51759
6.6441
6.76951
6.8936
7.01619
7.13709
7.25613
7.37314
7.48798
7.60051
7.71057
7.81806
7.92284
8.0248
8.12383
8.21983
8.31271
8.40237
8.48873
8.5717
8.65122
8.72721
8.7996
8.86833
8.93335
8.9946
9.05204
9.10561
9.15528
9.201
9.24275
9.2805
9.31421
9.34388
9.36947
9.39098
9.40839
9.42169
9.43089
9.43598
9.43697
9.43386
9.42666
9.4154
9.40007
9.38072
9.35736
9.33002
9.29874
9.26356
9.2245
9.18163
9.13499
9.08462
9.03059
8.97297
8.9118
8.84718
8.77916
8.70783
8.63327
8.55558
8.47484
8.39116
8.30463
8.21538
8.12351
8.02916
7.93244
7.83349
7.73247
7.62951
7.52477
7.41843
7.31065
7.20163
7.09154
6.9806
6.86903
6.75704
6.64487
6.53277
6.421
6.30983
6.19956
6.09047
5.9829
5.87716
5.77359
5.67256
5.57443
5.47957
5.38837
5.30123
5.21854
5.1407
5.06812
5.00117
4.94023
4.88566
4.83778
4.79691
4.7633
4.73717
4.7187
4.70801
4.70515
4.71015
4.72295
4.74345
4.77149
4.80685
4.8493
4.89853
4.95422
5.01602
5.08355
5.15642
5.23425
5.31661
5.40311
5.49335
5.58694
5.68348
5.7826
5.88395
5.98716
6.09191
6.19787
6.30473
6.4122
6.52
6.62786
6.73553
6.84277
6.94935
7.05505
7.15966
7.26299
7.36485
7.46507
7.56347
7.65991
7.75422
7.84627
7.93592
8.02304
8.10752
8.18923
8.26807
8.34394
8.41674
8.48638
8.55277
8.61583
8.6755
8.7317
8.78436
8.83343
8.87884
8.92056
8.95852
8.9927
9.02305
9.04954
9.07214
9.09082
9.10557
9.11636
9.12318
9.12602
9.12489
9.11977
9.11066
9.09758
9.08053
9.05953
9.0346
9.00575
8.973
8.9364
8.89596
8.85173
8.80375
8.75205
8.69669
8.63771
8.57517
8.50913
8.43966
8.36681
8.29065
8.21127
8.12874
8.04314
7.95456
7.86309
7.76883
7.67189
7.57236
7.47036
7.366
7.25942
7.15073
7.04008
6.9276
6.81346
6.6978
6.58079
6.4626
6.34343
6.22346
6.1029
5.98196
5.86088
5.73989
5.61926
5.49926
5.38016
5.26228
5.14593
5.03147
4.91924
4.80962
4.70302
4.59984
4.50052
4.4055
4.31525
4.23024
4.15093
4.0778
4.0113
3.95188
3.89994
3.85587
3.81997
3.79253
3.77374
3.76373
3.76254
3.77014
3.78642
3.8112
3.8442
3.88512
3.93357
3.98915
4.05141
4.11987
4.19405
4.27348
4.35766
4.44612
4.5384
4.63404
4.73263
4.83375
4.93702
5.04206
5.14853
5.25611
5.36448
5.47337
5.5825
5.69161
5.80048
5.90887
6.01659
6.12342
6.2292
6.33375
6.4369
6.53851
6.63844
6.73654
6.8327
6.92679
7.01871
7.10835
7.19561
7.28041
7.36265
7.44227
7.51917
7.5933
7.66458
7.73297
7.7984
7.86082
7.92018
7.97646
8.02959
8.07956
8.12633
8.16987
8.21017
8.2472
8.28094
8.31139
8.33853
8.36237
8.3829
8.40012
8.41404
8.42467
8.43202
8.4361
8.43694
8.43455
8.42897
8.42022
8.40834
8.39336
8.37532
8.35426
8.33023
8.30329
8.27347
8.24085
8.20548
8.16742
8.12674
8.08351
8.03781
7.98972
7.93931
7.88668
7.83191
7.7751
7.71634
7.65573
7.59339
7.52942
7.46393
7.39705
7.32889
7.25958
7.18926
7.11805
7.0461
6.97355
6.90055
6.82725
6.75381
6.68039
6.60715
6.53426
6.4619
6.39024
6.31945
6.24973
6.18125
6.11419
6.04875
5.98511
5.92345
5.86396
5.80682
5.75221
5.7003
5.65126
5.60525
5.56242
5.52292
5.48687
5.4544
5.42561
5.40059
5.37942
5.36215
5.34883
5.33948
5.3341
5.33269
5.3352
5.34159
5.35179
5.36572
5.38328
5.40436
5.42882
5.45654
5.48737
5.52113
5.55768
5.59683
5.63841
5.68224
5.72814
5.77592
5.82539
5.87637
5.92869
5.98215
6.03658
6.09181
6.14766
6.20397
6.26057
6.31732
6.37405
6.43062
6.48689
6.54272
6.59799
6.65255
6.70631
6.75913
6.81091
6.86155
6.91094
6.95899
7.00561
7.05072
7.09423
7.13608
7.17618
7.21448
7.25091
7.28541
7.31794
7.34843
7.37685
7.40315
7.4273
7.44926
7.469
7.4865
7.50174
7.51469
7.52534
7.53368
7.5397
7.54339
7.54476
7.54381
7.54053
7.53494
7.52706
7.51688
7.50445
7.48977
7.47286
7.45377
7.43251
7.40913
7.38365
7.35613
7.3266
7.29511
7.26171
7.22646
7.18941
7.15061
7.11014
7.06805
7.02442
6.97932
6.93283
6.88502
6.83597
6.78578
6.73452
6.68229
6.62919
6.57531
6.52076
6.46563
6.41004
6.3541
6.29792
6.24161
6.18531
6.12912
6.07317
6.01759
5.96251
5.90805
5.85436
5.80156
5.74979
5.69917
5.64986
5.60198
5.55566
5.51103
5.46823
5.42738
5.38859
5.352
5.31771
5.28582
5.25644
5.22967
5.20557
5.18423
5.16571
5.15007
5.13734
5.12757
5.12078
5.11696
5.11613
5.11826
5.12333
5.13131
5.14214
5.15576
5.17211
5.1911
5.21266
5.23667
5.26305
5.29167
5.32244
5.35521
5.38988
5.42632
5.46438
5.50395
5.54489
5.58706
5.63033
5.67457
5.71964
5.76542
5.81177
5.85857
5.90569
5.953
6.0004
6.04775
6.09496
6.14189
6.18846
6.23455
6.28006
6.32489
6.36896
6.41216
6.45442
6.49564
6.53576
6.57468
6.61234
6.64867
6.6836
6.71706
6.74901
6.77937
6.8081
6.83515
6.86047
6.88402
6.90575
6.92563
6.94364
6.95972
6.97387
6.98606
6.99626
7.00446
7.01064
7.0148
7.01692
7.017
7.01505
7.01107
7.00505
6.99702
6.98697
6.97494
6.96095
6.945
6.92714
6.90739
6.88579
6.86237
6.83718
6.81027
6.78169
6.75148
6.71971
6.68644
6.65173
6.61566
6.5783
6.53972
6.50002
6.45928
6.41759
6.37504
6.33174
6.28778
6.24329
6.19836
6.15312
6.10769
6.06219
6.01675
5.97149
5.92657
5.8821
5.83824
5.79512
5.75289
5.7117
5.67168
5.63299
5.59577
5.56017
5.52632
5.49437
5.46446
5.43671
5.41125
5.38819
5.36766
5.34975
5.33456
5.32218
5.31266
5.30609
5.3025
5.30193
5.30441
5.30995
5.31855
5.33018
5.34483
5.36244
5.38297
5.40635
5.4325
5.46132
5.49274
5.52663
5.56288
5.60137
5.64197
5.68455
5.72897
5.77508
5.82275
5.87181
5.92213
5.97356
6.02594
6.07912
6.13296
6.18732
6.24203
6.29696
6.35198
6.40693
6.46169
6.51612
6.57009
6.62347
6.67616
6.72801
6.77892
6.82879
6.87748
6.92492
6.97098
7.01558
7.05862
7.10002
7.13968
7.17752
7.21346
7.24744
7.27937
7.30919
7.33683
7.36224
7.38535
7.40611
7.42447
7.44038
7.45379
7.46467
7.47298
7.47869
7.48175
7.48215
7.47985
7.47485
7.46711
7.45663
7.44338
7.42737
7.40859
7.38703
7.36269
7.33559
7.30571
7.27309
7.23772
7.19963
7.15883
7.11535
7.06922
7.02046
6.96912
6.91521
6.8588
6.79992
6.73861
6.67494
6.60896
6.54072
6.47029
6.39775
6.32316
6.2466
6.16816
6.08792
6.00598
5.92244
5.8374
5.75098
5.66328
5.57445
5.4846
5.39389
5.30247
5.21048
5.1181
5.02551
4.9329
4.84047
4.74842
4.65699
4.56642
4.47694
4.38884
4.30239
4.21788
4.13562
4.05593
3.97915
3.90562
3.83568
3.76971
3.70806
3.65109
3.59916
3.55259
3.51172
3.47684
3.44821
3.42605
3.41056
3.40185
3.40001
3.40506
3.41695
3.43561
3.46088
3.49258
3.53046
3.57427
3.62369
3.67839
3.73805
3.80229
3.87077
3.94312
4.01898
4.098
4.17985
4.26418
4.35068
4.43904
4.52897
4.62019
4.71244
4.80547
4.89903
4.9929
5.08686
5.18072
5.27428
5.36736
5.45979
5.5514
5.64205
5.73159
5.81987
5.90677
5.99216
6.07593
6.15796
6.23816
6.3164
6.39261
6.4667
6.53857
6.60814
6.67535
6.74011
6.80236
6.86203
6.91907
6.97342
7.02501
7.07382
7.11978
7.16285
7.203
7.24019
7.27439
7.30556
7.33368
7.35873
7.38068
7.39952
7.41523
7.42781
7.43724
7.44351
7.44663
7.4466
7.44341
7.43708
7.42762
7.41503
7.39933
7.38054
7.35868
7.33379
7.30587
7.27497
7.24111
7.20434
7.16469
7.12222
7.07695
7.02895
6.97827
6.92497
6.8691
6.81073
6.74993
6.68678
6.62134
6.55369
6.48394
6.41215
6.33843
6.26288
6.1856
6.1067
6.0263
5.94452
5.86148
5.77732
5.69218
5.60621
5.51957
5.43242
5.34494
5.2573
5.16969
5.08233
4.99541
4.90916
4.82381
4.73961
4.65679
4.57564
4.49643
4.41943
4.34494
4.27325
4.20469
4.13955
4.07815
4.0208
3.9678
3.91946
3.87604
3.83783
3.80506
3.77796
3.7567
3.74143
3.73227
3.72927
3.73248
3.74186
3.75735
3.77884
3.80619
3.83923
3.87772
3.92144
3.97012
4.02348
4.08122
4.14304
4.20863
4.27767
4.34986
4.4249
4.50247
4.5823
4.66409
4.74757
4.83247
4.91855
5.00556
5.09326
5.18143
5.26987
5.35837
5.44674
5.53479
5.62234
5.70925
5.79533
5.88046
5.96447
6.04724
6.12863
6.20852
6.28679
6.36334
6.43804
6.51081
6.58154
6.65014
6.71653
6.78061
6.84231
6.90155
6.95827
7.01238
7.06384
7.11257
7.15852
7.20163
7.24185
7.27914
7.31345
7.34473
7.37295
7.39808
7.42007
7.4389
7.45454
7.46697
7.47616
7.4821
7.48477
7.48415
7.48023
7.47301
7.46248
7.44864
7.43149
7.41102
7.38725
7.36018
7.32982
7.29619
7.2593
7.21917
7.17581
7.12927
7.07955
7.02669
6.97072
6.91168
6.8496
6.78452
6.71649
6.64555
6.57176
6.49515
6.4158
6.33375
6.24908
6.16183
6.07209
5.97993
5.88542
5.78864
5.68968
5.58863
5.48557
5.38062
5.27388
5.16546
5.05547
4.94404
4.83131
4.71742
4.60251
4.48676
4.37033
4.25342
4.13622
4.01896
3.90188
3.78523
3.66929
3.55438
3.44084
3.32904
3.21938
3.11232
3.00836
2.90802
2.8119
2.72063
2.63489
2.5554
2.4829
2.41815
2.36191
2.31487
2.27767
2.25086
2.23482
2.22979
2.23582
2.25276
2.28031
2.318
2.36523
2.42132
2.48552
2.55706
2.63517
2.7191
2.80813
2.90159
2.99885
3.09935
3.20255
3.30797
3.41519
3.52379
3.63344
3.74379
3.85456
3.96548
4.07629
4.18678
4.29673
4.40597
4.51431
4.62159
4.72766
4.83239
4.93564
5.03729
5.13724
5.23538
5.3316
5.42583
5.51796
5.60792
5.69564
5.78103
5.86404
5.94461
6.02266
6.09815
6.17103
6.24125
6.30875
6.37351
6.43547
6.49461
6.55089
6.60429
6.65477
6.70231
6.74688
6.78848
6.82707
6.86265
6.89521
6.92474
6.95122
6.97466
6.99505
7.01239
7.02669
7.03795
7.04618
7.05138
7.05358
7.05278
7.049
7.04227
7.03259
7.02
7.00453
6.98619
6.96503
6.94107
6.91436
6.88493
6.85281
6.81806
6.78073
6.74085
6.69848
6.65368
6.6065
6.55701
6.50525
6.45131
6.39525
6.33715
6.27707
6.21509
6.15131
6.0858
6.01866
5.94998
5.87986
5.80841
5.73572
5.66192
5.58712
5.51144
5.43502
5.35798
5.28047
5.20263
5.12462
5.0466
4.96873
4.8912
4.81417
4.73784
4.66241
4.58807
4.51505
4.44357
4.37383
4.30609
4.24056
4.1775
4.11715
4.05975
4.00554
3.95477
3.90767
3.86447
3.82538
3.79061
3.76035
3.73475
3.71395
3.69809
3.68723
3.68144
3.68074
3.68512
3.69456
3.70897
3.72825
3.75228
3.78091
3.81396
3.85123
3.89251
3.93757
3.98619
4.03811
4.0931
4.15089
4.21125
4.27392
4.33865
4.40522
4.47339
4.54292
4.6136
4.68521
4.75756
4.83043
4.90365
4.97703
5.0504
5.12359
5.19644
5.2688
5.34052
5.41147
5.48151
5.55052
5.61838
5.68498
5.75019
5.81393
5.87609
5.93657
5.9953
6.05217
6.10712
6.16007
6.21094
6.25966
6.30617
6.35042
6.39233
6.43186
6.46896
6.50358
6.53568
6.56521
6.59213
6.61642
6.63804
6.65697
6.67317
6.68662
6.69731
6.70522
6.71034
6.71265
6.71214
6.70882
6.70267
6.6937
6.68191
6.66731
6.6499
6.6297
6.60672
6.58098
6.5525
6.52129
6.48739
6.45082
6.41161
6.36981
6.32543
6.27853
6.22914
6.17732
6.1231
6.06654
6.0077
5.94663
5.8834
5.81806
5.75069
5.68136
5.61015
5.53713
5.46239
5.38601
5.30809
5.22873
5.14802
5.06608
4.98302
4.89895
4.814
4.72831
4.64201
4.55524
4.46817
4.38096
4.29377
4.20679
4.12021
4.03424
3.94908
3.86497
3.78215
3.70086
3.62138
3.54397
3.46893
3.39656
3.32716
3.26107
3.1986
3.14008
3.08584
3.0362
2.99147
2.95194
2.91788
2.88953
2.86709
2.85072
2.84052
2.83656
2.83885
2.84732
2.86189
2.88239
2.90864
2.94039
2.97738
3.01932
3.06588
3.11675
3.17158
3.23004
3.2918
3.35652
3.4239
3.49361
3.56537
3.63888
3.71389
3.79013
3.86737
3.94537
4.02393
4.10283
4.1819
4.26095
4.33981
4.41832
4.49635
4.57375
4.65038
4.72613
4.80088
4.87452
4.94694
5.01806
5.08778
5.15602
5.22268
5.28771
5.35102
5.41255
5.47223
5.53001
5.58583
5.63964
5.69138
5.74102
5.78851
5.83381
5.87689
5.9177
5.95623
5.99244
6.02631
6.05781
6.08693
6.11364
6.13794
6.15981
6.17924
6.19622
6.21075
6.22284
6.23246
6.23964
6.24438
6.24668
6.24656
6.24402
6.23909
6.23177
6.2221
6.2101
6.19579
6.1792
6.16036
6.13931
6.11608
6.09071
6.06325
6.03374
6.00224
5.96878
5.93344
5.89626
5.8573
5.81664
5.77434
5.73048
5.68512
5.63834
5.59024
5.54089
5.49038
5.43881
5.38629
5.3329
5.27876
5.22398
5.16867
5.11296
5.05696
5.00081
4.94463
4.88857
4.83276
4.77735
4.7225
4.66834
4.61504
4.56275
4.51165
4.46187
4.41361
4.367
4.32223
4.27945
4.23882
4.2005
4.16463
4.13137
4.10085
4.0732
4.04853
4.02696
4.00857
3.99345
3.98165
3.97324
3.96823
3.96664
3.96848
3.97371
3.9823
3.99419
4.00932
4.02759
4.04892
4.07318
4.10026
4.13002
4.16231
4.197
4.23391
4.27291
4.31382
4.35648
4.40072
4.44638
4.49329
4.5413
4.59023
4.63994
4.69027
4.74106
4.79218
4.84348
4.89482
4.94606
4.99709
5.04777
5.09798
5.14762
5.19657
5.24472
5.29198
5.33825
5.38343
5.42745
5.47021
5.51164
5.55166
5.5902
5.62721
5.6626
5.69633
5.72833
5.75856
5.78697
5.81351
5.83813
5.86082
5.88151
5.90019
5.91683
5.9314
5.94387
5.95423
5.96245
5.96853
5.97246
5.97422
5.9738
5.97121
5.96645
5.95951
5.9504
5.93913
5.9257
5.91013
5.89244
5.87264
5.85074
5.82678
5.80078
5.77275
5.74274
5.71078
5.67689
5.64111
5.6035
5.56407
5.52289
5.47999
5.43543
5.38925
5.34152
5.29228
5.24161
5.18956
5.13619
5.08158
5.0258
4.96892
4.91103
4.85219
4.7925
4.73205
4.67092
4.60922
4.54704
4.48449
4.42167
4.35869
4.29568
4.23275
4.17004
4.10766
4.04576
3.98447
3.92395
3.86433
3.80577
3.74844
3.69248
3.63807
3.58537
3.53456
3.48579
3.43925
3.39511
3.35352
3.31465
3.27866
3.24571
3.21592
3.18943
3.16635
3.14679
3.13083
3.11854
3.10997
3.10513
3.10404
3.10669
3.11304
3.12302
3.13658
3.15362
3.17402
3.19766
3.22442
3.25413
3.28665
3.32181
3.35945
3.39939
3.44146
3.48549
3.53131
3.57874
3.62761
3.67777
3.72905
3.78129
3.83435
3.88808
3.94234
3.997
4.05192
4.10698
4.16207
4.21707
4.27187
4.32637
4.38047
4.43407
4.4871
4.53946
4.59107
4.64186
4.69176
4.74069
4.78859
4.8354
4.88107
4.92553
4.96873
5.01064
5.0512
5.09036
5.1281
5.16437
5.19913
5.23237
5.26404
5.29413
5.3226
5.34944
5.37463
5.39814
5.41998
5.44012
5.45855
5.47527
5.49027
5.50355
5.51511
5.52496
5.53308
5.5395
5.54421
5.54723
5.54858
5.54826
5.54629
5.5427
5.5375
5.53072
5.52239
5.51252
5.50117
5.48834
5.47409
5.45844
5.44145
5.42314
5.40356
5.38276
5.3608
5.3377
5.31354
5.28837
5.26223
5.2352
5.20734
5.1787
5.14935
5.11937
5.08881
5.05776
5.02628
4.99445
4.96235
4.93006
4.89765
4.86521
4.83282
4.80056
4.76851
4.73677
4.70541
4.67452
4.64418
4.61449
4.58552
4.55735
4.53007
4.50376
4.47849
4.45434
4.43138
4.40968
4.38929
4.3703
4.35274
4.33667
4.32214
4.30919
4.29785
4.28815
4.28011
4.27376
4.26909
4.26612
4.26484
4.26523
4.26729
4.27099
4.2763
4.28318
4.29159
4.3015
4.31283
4.32555
4.33958
4.35487
4.37135
4.38894
4.40757
4.42716
4.44764
4.46892
4.49093
4.51358
4.53679
4.56048
4.58457
4.60897
4.6336
4.65838
4.68323
4.70809
4.73285
4.75747
4.78185
4.80594
4.82965
4.85293
4.87571
4.89792
4.91952
4.94043
4.9606
4.97998
4.99853
5.01618
5.0329
5.04865
5.06337
5.07704
5.08961
5.10107
5.11136
5.12047
5.12837
5.13503
5.14044
5.14457
5.14742
5.14895
5.14917
5.14807
5.14563
5.14186
5.13674
5.13028
5.12249
5.11336
5.10291
5.09113
5.07805
5.06368
5.04803
5.03111
5.01296
4.99359
4.97303
4.9513
4.92843
4.90445
4.87941
4.85332
4.82624
4.79819
4.76923
4.7394
4.70874
4.67731
4.64515
4.61232
4.57888
4.54488
4.51038
4.47545
4.44016
4.40456
4.36873
4.33275
4.29667
4.26059
4.22457
4.1887
4.15306
4.11772
4.08278
4.04832
4.01442
3.98118
3.94867
3.91699
3.88623
3.85647
3.82779
3.80029
3.77404
3.74913
3.72563
3.70363
3.68318
3.66437
3.64725
3.63188
3.61831
3.60659
3.59676
3.58885
3.58289
3.57889
3.57687
3.57683
3.57876
3.58265
3.58848
3.59623
3.60586
3.61732
3.63058
3.64557
3.66223
3.68051
3.70033
3.72161
3.74429
3.76827
3.79348
3.81982
3.84722
3.87558
3.90481
3.93483
3.96553
3.99684
4.02867
4.06091
4.0935
4.12633
4.15933
4.19241
4.22548
4.25848
4.29132
4.32393
4.35623
4.38815
4.41962
4.45057
4.48095
4.51068
4.53972
4.56799
4.59545
4.62204
4.64771
4.67242
4.69611
4.71875
4.7403
4.76071
4.77995
4.79799
4.8148
4.83034
4.84459
4.85752
4.86912
4.87937
4.88824
4.89572
4.9018
4.90648
4.90973
4.91156
4.91197
4.91095
4.90851
4.90465
4.89938
4.8927
4.88464
4.8752
4.8644
4.85226
4.83881
4.82407
4.80806
4.79082
4.77238
4.75278
4.73206
4.71025
4.6874
4.66356
4.63878
4.61312
4.58662
4.55934
4.53136
4.50273
4.47352
4.4438
4.41365
4.38314
4.35235
4.32136
4.29027
4.25915
4.2281
4.1972
4.16656
4.13627
4.10643
4.07713
4.04849
4.02059
3.99355
3.96746
3.94242
3.91855
3.89593
3.87466
3.85484
3.83656
3.81991
3.80497
3.79182
3.78052
3.77116
3.76377
3.75843
3.75516
3.75401
3.755
3.75814
3.76346
3.77094
3.78058
3.79235
3.80624
3.82219
3.84018
3.86015
3.88203
3.90577
3.93129
3.95851
3.98735
4.01772
4.04954
4.0827
4.11712
4.15269
4.18931
4.22688
4.2653
4.30446
4.34427
4.38462
4.42541
4.46654
4.50792
4.54943
4.591
4.63252
4.6739
4.71505
4.75589
4.79633
4.83627
4.87565
4.91439
4.9524
4.98961
5.02595
5.06134
5.09573
5.12905
5.16123
5.1922
5.22193
5.25033
5.27738
5.303
5.32715
5.34978
5.37085
5.39032
5.40813
5.42427
5.43867
5.45132
5.46217
5.4712
5.47838
5.48368
5.48707
5.48853
5.48804
5.48558
5.48114
5.47469
5.46622
5.45573
5.44319
5.42861
5.41197
5.39328
5.37252
5.34971
5.32483
5.2979
5.26891
5.23788
5.20481
5.16972
5.13261
5.09351
5.05242
5.00937
4.96438
4.91746
4.86866
4.81798
4.76547
4.71115
4.65506
4.59724
4.53771
4.47653
4.41374
4.34939
4.28352
4.21619
4.14746
4.07739
4.00604
3.93347
3.85977
3.785
3.70926
3.63263
3.5552
3.47708
3.39836
3.31918
3.23965
3.1599
3.08009
3.00037
2.92091
2.84189
2.76352
2.68601
2.6096
2.53455
2.46114
2.38967
2.32048
2.25391
2.19035
2.13019
2.07387
2.02181
1.97448
1.93231
1.89573
1.86515
1.84095
1.82341
1.81277
1.80918
1.81268
1.82323
1.84069
1.86482
1.89534
1.93187
1.974
2.02132
2.07336
2.12969
2.18986
2.25344
2.32004
2.38927
2.46077
2.53421
2.60929
2.68571
2.76323
2.84159
2.92057
2.99998
3.07961
3.15931
3.2389
3.31823
3.39718
3.4756
3.55338
3.6304
3.70656
3.78177
3.85592
3.92893
4.00072
4.07121
4.14032
4.20799
4.27416
4.33875
4.40172
4.463
4.52255
4.58031
4.63623
4.69028
4.74241
4.79258
4.84075
4.88689
4.93098
4.97296
5.01283
5.05055
5.0861
5.11946
5.1506
5.17952
5.20619
5.2306
5.25274
5.2726
5.29017
5.30545
5.31842
5.3291
5.33749
5.34357
5.34736
5.34886
5.34808
5.34503
5.33973
5.33218
5.3224
5.31041
5.29623
5.27989
5.2614
5.24079
5.2181
5.19335
5.16657
5.1378
5.10708
5.07445
5.03995
5.00363
4.96552
4.92569
4.88418
4.84106
4.79637
4.75018
4.70255
4.65356
4.60326
4.55174
4.49908
4.44534
4.39063
4.33502
4.27861
4.2215
4.16378
4.10557
4.04698
3.98812
3.92911
3.87009
3.81118
3.75252
3.69426
3.63654
3.57952
3.52337
3.46824
3.41432
3.36178
3.31079
3.26156
3.21425
3.16907
3.12621
3.08584
3.04817
3.01336
2.98159
2.95304
2.92784
2.90614
2.88806
2.8737
2.86315
2.85646
2.85368
2.85481
2.85984
2.86873
2.88142
2.89784
2.91787
2.94139
2.96826
2.99834
3.03145
3.06742
3.10606
3.1472
3.19064
3.23619
3.28366
3.33286
3.38361
3.43573
3.48904
3.54336
3.59854
3.65441
3.71081
3.76761
3.82465
3.8818
3.93893
3.99592
4.05264
4.10899
4.16485
4.22012
4.2747
4.3285
4.38144
4.43341
4.48435
4.53417
4.58281
4.63019
4.67624
4.7209
4.76411
4.80582
4.84597
4.88451
4.92138
4.95655
4.98998
5.02161
5.05141
5.07935
5.10538
5.12949
5.15164
5.1718
5.18995
5.20606
5.22012
5.2321
5.24199
5.24977
5.25543
5.25896
5.26035
5.25959
5.25667
5.2516
5.24436
5.23496
5.2234
5.20968
5.19381
5.1758
5.15565
5.13337
5.10897
5.08248
5.0539
5.02324
4.99054
4.95581
4.91907
4.88034
4.83966
4.79705
4.75253
4.70615
4.65794
4.60792
4.55614
4.50263
4.44745
4.39062
4.3322
4.27224
4.21078
4.14789
4.08361
4.018
3.95113
3.88306
3.81386
3.7436
3.67235
3.60021
3.52725
3.45356
3.37924
3.30438
3.22911
3.15353
3.07776
3.00194
2.9262
2.85071
2.77562
2.70111
2.62736
2.55459
2.48302
2.41289
2.34444
2.27797
2.21376
2.15214
2.09344
2.03802
1.98624
1.93848
1.89511
1.85653
1.82307
1.79507
1.77283
1.75658
1.7465
1.74268
1.74516
1.75387
1.76868
1.78939
1.81574
1.8474
1.88402
1.92524
1.97066
2.01989
2.07255
2.12827
2.18668
2.24746
2.31028
2.37485
2.44089
2.50815
2.5764
2.64541
2.71498
2.78494
2.85512
2.92534
2.99548
3.0654
3.13496
3.20407
3.2726
3.34046
3.40756
3.47381
3.53913
3.60345
3.66668
3.72877
3.78966
3.84928
3.90758
3.9645
4.02001
4.07405
4.12658
4.17756
4.22696
4.27473
4.32085
4.36528
4.408
4.44898
4.4882
4.52563
4.56126
4.59506
4.62703
4.65714
4.68538
4.71175
4.73623
4.75882
4.77951
4.7983
4.81519
4.83017
4.84325
4.85444
4.86373
4.87113
4.87666
4.88032
4.88212
4.88209
4.88023
4.87656
4.8711
4.86388
4.85491
4.84422
4.83184
4.81779
4.80211
4.78483
4.76598
4.74559
4.72371
4.70038
4.67563
4.64952
4.62208
4.59337
4.56344
4.53234
4.50013
4.46685
4.43258
4.39738
4.3613
4.32442
4.2868
4.24852
4.20966
4.17028
4.13047
4.09031
4.04988
4.00928
3.96858
3.92789
3.8873
3.84691
3.80681
3.7671
3.7279
3.68929
3.6514
3.61432
3.57816
3.54304
3.50905
3.47631
3.44492
3.41498
3.3866
3.35988
3.33491
3.31177
3.29056
3.27135
3.25421
3.23921
3.22639
3.21581
3.2075
3.20149
3.1978
3.19642
3.19737
3.20061
3.20612
3.21388
3.22383
3.23591
3.25008
3.26624
3.28434
3.30428
3.32597
3.34932
3.37423
3.40059
3.42831
3.45727
3.48737
3.5185
3.55055
3.58342
3.61699
3.65115
3.68582
3.72088
3.75623
3.79177
3.82741
3.86306
3.89862
3.93401
3.96915
4.00394
4.03832
4.0722
4.10552
4.1382
4.17017
4.20137
4.23175
4.26123
4.28976
4.31729
4.34377
4.36915
4.39338
4.41642
4.43823
4.45877
4.47799
4.49588
4.51239
4.5275
4.54117
4.55339
4.56412
4.57336
4.58107
4.58724
4.59186
4.59491
4.59639
4.59628
4.59457
4.59126
4.58635
4.57984
4.57172
4.562
4.55067
4.53776
4.52326
4.50719
4.48955
4.47036
4.44963
4.42739
4.40365
4.37843
4.35175
4.32364
4.29413
4.26324
4.23101
4.19746
4.16264
4.12657
4.0893
4.05087
4.01133
3.97071
3.92906
3.88644
3.84291
3.7985
3.75329
3.70734
3.6607
3.61345
3.56565
3.51738
3.46872
3.41974
3.37053
3.32118
3.27177
3.2224
3.17318
3.1242
3.07557
3.0274
2.97981
2.93291
2.88684
2.84172
2.79767
2.75484
2.71336
2.67337
2.63501
2.59842
2.56374
2.53111
2.50066
2.47253
2.44684
2.42371
2.40324
2.38553
2.37067
2.35872
2.34974
2.34377
2.34082
2.34091
2.344
2.35008
2.35909
2.37096
2.38561
2.40295
2.42286
2.44525
2.46997
2.49689
2.52588
2.55681
2.58951
2.62386
2.65971
2.69691
2.73533
2.77483
2.81528
2.85655
2.89851
2.94104
2.98403
3.02737
3.07095
3.11467
3.15843
3.20214
3.24571
3.28905
3.3321
3.37476
3.41698
3.45868
3.4998
3.54027
3.58004
3.61906
3.65727
3.69463
3.73109
3.76661
3.80114
3.83466
3.86712
3.8985
3.92876
3.95788
3.98582
4.01258
4.03812
4.06243
4.08549
4.10729
4.12781
4.14704
4.16497
4.1816
4.19692
4.21092
4.22362
4.23499
4.24506
4.25381
4.26126
4.26742
4.27229
4.27588
4.2782
4.27928
4.27912
4.27775
4.27518
4.27143
4.26653
4.2605
4.25336
4.24515
4.2359
4.22562
4.21437
4.20216
4.18905
4.17505
4.16023
4.1446
4.12822
4.11114
4.09339
4.07502
4.05608
4.03662
4.01669
3.99635
3.97565
3.95463
3.93336
3.9119
3.8903
3.86862
3.84693
3.82527
3.80371
3.78232
3.76114
3.74026
3.71971
3.69957
3.6799
3.66075
3.64218
3.62426
3.60702
3.59054
3.57485
3.56002
3.54608
3.53309
3.52107
3.51008
3.50014
3.49129
3.48355
3.47695
3.4715
3.46722
3.46413
3.46222
3.4615
3.46197
3.46361
3.46641
3.47037
3.47546
3.48164
3.48891
3.49721
3.50653
3.51681
3.52802
3.54011
3.55303
3.56674
3.58118
3.5963
3.61204
3.62835
3.64517
3.66244
3.68011
3.69811
3.71638
3.73487
3.75352
3.77227
3.79106
3.80983
3.82853
3.8471
3.86549
3.88364
3.90151
3.91903
3.93617
3.95287
3.96909
3.98478
3.99989
4.0144
4.02825
4.0414
4.05383
4.06549
4.07635
4.08638
4.09555
4.10383
4.11119
4.1176
4.12305
4.12751
4.13097
4.13339
4.13477
4.13509
4.13433
4.13249
4.12955
4.12551
4.12036
4.11409
4.10671
4.0982
4.08856
4.07781
4.06594
4.05295
4.03886
4.02367
4.00739
3.99003
3.97161
3.95214
3.93163
3.91011
3.88759
3.8641
3.83965
3.81428
3.78801
3.76087
3.73289
3.7041
3.67454
3.64423
3.61323
3.58157
3.54929
3.51643
3.48304
3.44918
3.41488
3.3802
3.3452
3.30992
3.27444
3.23881
3.20309
3.16735
3.13166
3.09607
3.06068
3.02555
2.99075
2.95636
2.92246
2.88914
2.85647
2.82453
2.79342
2.76321
2.73399
2.70585
2.67886
2.65311
2.62869
2.60566
2.58412
2.56412
2.54574
2.52904
2.51408
2.50091
2.48958
2.48012
2.47257
2.46695
2.46328
2.46155
2.46178
2.46394
2.46802
2.474
2.48182
2.49147
2.50287
2.51598
2.53074
2.54707
2.56491
2.58418
2.60481
2.6267
2.64979
2.67398
2.69919
2.72533
2.75233
2.78009
2.80854
2.83758
2.86715
2.89716
2.92753
2.95819
2.98907
3.02009
3.05119
3.08231
3.11337
3.14432
3.1751
3.20566
3.23594
3.26588
3.29545
3.32459
3.35327
3.38143
3.40904
3.43606
3.46246
3.4882
3.51325
3.53759
3.56118
3.584
3.60603
3.62724
3.64762
3.66715
3.6858
3.70358
3.72046
3.73643
3.75148
3.76562
3.77882
3.79109
3.80242
3.81282
3.82227
3.83079
3.83838
3.84504
3.85077
3.85559
3.85951
3.86253
3.86467
3.86594
3.86635
3.86593
3.86468
3.86264
3.85981
3.85622
3.85189
3.84684
3.84111
3.83472
3.82769
3.82006
3.81185
3.80309
3.79382
3.78408
3.77388
3.76328
3.75229
3.74098
3.72936
3.71747
3.70537
3.69307
3.68064
3.6681
3.65549
3.64286
3.63026
3.6177
3.60525
3.59294
3.58081
3.56891
3.55726
3.54591
3.5349
3.52427
3.51404
3.50426
3.49496
3.48617
3.47792
3.47024
3.46315
3.45669
3.45087
3.44571
3.44123
3.43745
3.43438
3.43202
3.4304
3.42951
3.42935
3.42993
3.43124
3.43328
3.43603
3.43949
3.44365
3.44848
3.45397
3.46011
3.46686
3.4742
3.4821
3.49054
3.49949
3.50891
3.51877
3.52904
3.53968
3.55065
3.56192
3.57344
3.58518
3.5971
3.60916
3.62132
3.63353
3.64577
3.65798
3.67012
3.68217
3.69407
3.70579
3.71729
3.72854
3.73949
3.75011
3.76036
3.77021
3.77963
3.78858
3.79703
3.80495
3.8123
3.81907
3.82523
3.83074
3.83558
3.83973
3.84317
3.84587
3.84781
3.84898
3.84935
3.84892
3.84766
3.84556
3.84262
3.83881
3.83413
3.82857
3.82213
3.8148
3.80657
3.79744
3.78742
3.77649
3.76467
3.75196
3.73836
3.72388
3.70852
3.69229
3.67522
3.6573
3.63855
3.61899
3.59863
3.5775
3.55561
3.53298
3.50964
3.48562
3.46094
3.43563
3.40972
3.38324
3.35623
3.32872
3.30076
3.27237
3.24361
3.21451
3.18512
3.15549
3.12567
3.09571
3.06566
3.03558
3.00552
2.97555
2.94572
2.91609
2.88674
2.85772
2.82911
2.80096
2.77336
2.74637
2.72006
2.69451
2.66978
2.64595
2.62308
2.60126
2.58054
2.561
2.54269
2.52568
2.51003
2.4958
2.48303
2.47177
2.46206
2.45394
2.44743
2.44256
2.43934
2.43779
2.4379
2.43968
2.4431
2.44816
2.45482
2.46306
2.47284
2.48412
2.49684
2.51096
2.52642
2.54316
2.56111
2.58021
2.60038
2.62156
2.64367
2.66664
2.6904
2.71487
2.73997
2.76564
2.7918
2.81838
2.8453
2.8725
2.89991
2.92746
2.95508
2.98272
3.01031
3.03779
3.06511
3.0922
3.11902
3.14551
3.17162
3.1973
3.22251
3.2472
3.27134
3.29487
3.31777
3.33999
3.36151
3.38228
3.40228
3.42147
3.43984
3.45735
3.47398
3.48971
3.50451
3.51838
3.53128
3.54321
3.55416
3.5641
3.57303
3.58094
3.58783
3.59368
3.5985
3.60228
3.60503
3.60673
3.6074
3.60704
3.60566
3.60326
3.59985
3.59545
3.59007
3.58372
3.57642
3.56819
3.55904
3.54901
3.5381
3.52636
3.5138
3.50045
3.48636
3.47154
3.45603
3.43987
3.42311
3.40577
3.3879
3.36955
3.35076
3.33159
3.31207
3.29226
3.27222
3.25201
3.23167
3.21126
3.19086
3.17051
3.15029
3.13025
3.11047
3.09101
3.07193
3.05331
3.03521
3.0177
3.00085
2.98473
2.9694
2.95493
2.94138
2.92882
2.9173
2.90688
2.89762
2.88957
2.88277
2.87727
2.8731
2.8703
2.8689
2.86892
2.87038
2.87329
2.87766
2.88349
2.89077
2.89949
2.90964
2.92119
2.93412
2.9484
2.96398
2.98083
2.99889
3.01813
3.03849
3.05991
3.08233
3.1057
3.12994
3.155
3.1808
3.20729
3.23439
3.26203
3.29015
3.31868
3.34754
3.37667
3.40601
3.43547
3.46501
3.49455
3.52403
3.55338
3.58255
3.61147
3.64008
3.66833
3.69615
3.72351
3.75033
3.77656
3.80217
3.82709
3.85128
3.8747
3.89729
3.91903
3.93985
3.95973
3.97862
3.9965
4.01331
4.02903
4.04363
4.05707
4.06932
4.08036
4.09016
4.09869
4.10593
4.11185
4.11643
4.11966
4.12151
4.12196
4.12101
4.11863
4.11481
4.10954
4.10281
4.09461
4.08492
4.07375
4.06109
4.04693
4.03126
4.0141
3.99543
3.97525
3.95358
3.9304
3.90573
3.87957
3.85193
3.82282
3.79224
3.7602
3.72672
3.69181
3.65549
3.61777
3.57866
3.53819
3.49637
3.45323
3.40879
3.36308
3.3161
3.26791
3.21852
3.16796
3.11627
3.06347
3.00961
2.95473
2.89885
2.84203
2.78431
2.72574
2.66636
2.60622
2.5454
2.48394
2.4219
2.35937
2.29641
2.23311
2.16955
2.10582
2.04203
1.9783
1.91474
1.85149
1.78871
1.72656
1.66523
1.60493
1.54588
1.48836
1.43264
1.37906
1.32796
1.27975
1.23483
1.19368
1.15675
1.12452
1.09748
1.07604
1.06059
1.0514
1.04864
1.05237
1.06249
1.07881
1.10099
1.12865
1.16134
1.19858
1.23989
1.28478
1.33282
1.38357
1.43666
1.49173
1.54848
1.60661
1.66587
1.72603
1.7869
1.84828
1.91002
1.97196
2.03398
2.09595
2.15776
2.21931
2.2805
2.34127
2.40151
2.46117
2.52017
2.57846
2.63597
2.69264
2.74843
2.80329
2.85716
2.91002
2.96181
3.0125
3.06205
3.11044
3.15761
3.20355
3.24823
3.29161
3.33368
3.3744
3.41375
3.45173
3.48829
3.52343
3.55712
3.58936
3.62012
3.64939
3.67717
3.70343
3.72818
3.7514
3.77308
3.79322
3.81181
3.82886
3.84435
3.8583
3.87069
3.88153
3.89082
3.89857
3.90478
3.90946
3.91262
3.91426
3.9144
3.91305
3.91022
3.90593
3.90019
3.89302
3.88444
3.87446
3.86312
3.85043
3.83641
3.8211
3.80452
3.7867
3.76767
3.74746
3.7261
3.70363
3.6801
3.65552
3.62996
3.60344
3.57602
3.54773
3.51863
3.48877
3.45819
3.42695
3.39511
3.36273
3.32985
3.29656
3.2629
3.22896
3.19478
3.16046
3.12605
3.09164
3.0573
3.02312
2.98917
2.95554
2.92231
2.88958
2.85742
2.82594
2.79522
2.76535
2.73643
2.70854
2.68179
2.65626
2.63204
2.60921
2.58786
2.56807
2.54992
2.53347
2.5188
2.50595
2.49498
2.48593
2.47884
2.47374
2.47064
2.46955
2.47046
2.47338
2.47827
2.48512
2.49387
2.50449
2.51693
2.53111
2.54698
2.56447
2.58349
2.60396
2.6258
2.64893
2.67325
2.69867
2.7251
2.75245
2.78062
2.80953
2.83908
2.86918
2.89975
2.9307
2.96194
2.9934
3.025
3.05665
3.08828
3.11982
3.1512
3.18235
3.2132
3.2437
3.27378
3.30338
3.33245
3.36093
3.38878
3.41594
3.44236
3.46801
3.49283
3.51679
3.53985
3.56197
3.58312
3.60325
3.62235
3.64038
3.65731
3.67311
3.68777
3.70125
3.71354
3.72461
3.73445
3.74303
3.75035
3.75639
3.76113
3.76457
3.76669
3.76748
3.76694
3.76506
3.76183
3.75726
3.75133
3.74406
3.73543
3.72545
3.71412
3.70145
3.68745
3.6721
3.65544
3.63746
3.61817
3.59759
3.57573
3.5526
3.52821
3.50259
3.47576
3.44772
3.4185
3.38813
3.35662
3.324
3.29029
3.25553
3.21974
3.18295
3.14519
3.1065
3.06691
3.02646
2.98519
2.94314
2.90035
2.85687
2.81274
2.76801
2.72274
2.67698
2.63078
2.58422
2.53735
2.49023
2.44295
2.39558
2.34819
2.30087
2.25372
2.20681
2.16026
2.11416
2.06864
2.02379
1.97977
1.93668
1.89467
1.85388
1.81446
1.77657
1.74037
1.70603
1.6737
1.64356
1.61577
1.5905
1.5679
1.54811
1.53127
1.5175
1.50687
1.49947
1.49534
1.49449
1.49692
1.5026
1.51145
1.52339
1.53831
1.55608
1.57656
1.59958
1.62499
1.65262
1.68228
1.71381
1.74704
1.7818
1.81793
1.85527
1.89366
1.93298
1.97308
2.01384
2.05514
2.09685
2.13889
2.18113
2.2235
2.2659
2.30825
2.35047
2.3925
2.43425
2.47567
2.5167
2.55728
2.59736
2.63689
2.67583
2.71412
2.75173
2.78862
2.82476
2.86011
2.89464
2.92833
2.96114
2.99305
3.02404
3.05408
3.08316
3.11126
3.13836
3.16445
3.18951
3.21353
3.23651
3.25843
3.27928
3.29907
3.31778
3.33541
3.35196
3.36742
3.38181
3.39511
3.40734
3.41849
3.42858
3.4376
3.44557
3.4525
3.45839
3.46326
3.46711
3.46997
3.47185
3.47275
3.47271
3.47173
3.46984
3.46706
3.46341
3.45891
3.45358
3.44745
3.44054
3.43289
3.42451
3.41544
3.40571
3.39535
3.38439
3.37285
3.36079
3.34822
3.33519
3.32174
3.30788
3.29368
3.27916
3.26436
3.24933
3.23409
3.2187
3.2032
3.18762
3.172
3.1564
3.14084
3.12538
3.11005
3.0949
3.07996
3.06528
3.05089
3.03684
3.02317
3.0099
2.99709
2.98475
2.97294
2.96167
2.95098
2.9409
2.93146
2.92267
2.91456
2.90716
2.90047
2.89452
2.88931
2.88486
2.88117
2.87824
2.87608
2.87469
2.87407
2.87419
2.87507
2.87668
2.879
2.88203
2.88574
2.89011
2.89512
2.90074
2.90693
2.91369
2.92096
2.92872
2.93694
2.94557
2.95459
2.96396
2.97363
2.98357
2.99375
3.00412
3.01464
3.02528
3.03599
3.04674
3.05748
3.06819
3.07882
3.08933
3.09969
3.10986
3.1198
3.12949
3.13889
3.14796
3.15668
3.165
3.17291
3.18038
3.18737
3.19385
3.19982
3.20523
3.21006
3.2143
3.21792
3.22091
3.22323
3.22488
3.22585
3.2261
3.22563
3.22444
3.22249
3.21979
3.21633
3.21209
3.20708
3.20127
3.19468
3.1873
3.17912
3.17015
3.16038
3.14981
3.13846
3.12632
3.11339
3.09969
3.08523
3.07001
3.05403
3.03733
3.0199
3.00176
2.98292
2.96341
2.94324
2.92243
2.901
2.87898
2.85638
2.83324
2.80957
2.78541
2.76078
2.73572
2.71026
2.68443
2.65827
2.63182
2.6051
2.57817
2.55107
2.52384
2.49652
2.46916
2.44181
2.41451
2.38733
2.36032
2.33352
2.30699
2.2808
2.255
2.22965
2.20481
2.18054
2.15691
2.13398
2.1118
2.09046
2.06999
2.05048
2.03197
2.01453
1.99821
1.98307
1.96915
1.95651
1.94518
1.93521
1.92663
1.91946
1.91374
1.90948
1.90668
1.90537
1.90552
1.90714
1.91021
1.91472
1.92063
1.92792
1.93654
1.94647
1.95765
1.97003
1.98356
1.9982
2.01387
2.03052
2.04809
2.06651
2.08573
2.10568
2.12631
2.14753
2.16931
2.19156
2.21425
2.23729
2.26065
2.28426
2.30808
2.33204
2.3561
2.3802
2.40431
2.42838
2.45236
2.47622
2.49991
2.5234
2.54665
2.56962
2.59229
2.61462
2.63659
2.65817
2.67933
2.70005
2.7203
2.74007
2.75934
2.77808
2.79629
2.81394
2.83102
2.84753
2.86344
2.87876
2.89346
2.90755
2.92102
2.93387
2.94608
2.95766
2.96861
2.97892
2.9886
2.99765
3.00608
3.01388
3.02106
3.02764
3.0336
3.03898
3.04377
3.04798
3.05162
3.05472
3.05727
3.05929
3.06081
3.06182
3.06236
3.06243
3.06206
3.06125
3.06004
3.05844
3.05647
3.05414
3.05149
3.04854
3.0453
3.04179
3.03805
3.03409
3.02994
3.02561
3.02114
3.01655
3.01186
3.0071
3.00228
2.99744
2.99259
2.98776
2.98297
2.97824
2.9736
2.96907
2.96466
2.9604
2.95631
2.9524
2.9487
2.94521
2.94196
2.93896
2.93622
2.93376
2.93158
2.92971
2.92813
2.92688
2.92594
2.92532
2.92504
2.92508
2.92546
2.92616
2.92719
2.92855
2.93023
2.93222
2.93452
2.93712
2.94
2.94316
2.94659
2.95027
2.95418
2.95832
2.96266
2.9672
2.9719
2.97675
2.98174
2.98684
2.99203
2.99729
3.0026
3.00794
3.01329
3.01862
3.0239
3.02913
3.03427
3.03931
3.04422
3.04897
3.05355
3.05793
3.0621
3.06602
3.06968
3.07307
3.07615
3.0789
3.08132
3.08337
3.08505
3.08633
3.08719
3.08763
3.08761
3.08714
3.08619
3.08476
3.08282
3.08036
3.07738
3.07386
3.0698
3.06518
3.06
3.05425
3.04792
3.04101
3.03351
3.02542
3.01673
3.00745
2.99757
2.9871
2.97603
2.96437
2.95211
2.93927
2.92585
2.91184
2.89727
2.88214
2.86645
2.85022
2.83345
2.81617
2.79837
2.78008
2.76132
2.74209
2.72241
2.70231
2.6818
2.66091
2.63965
2.61805
2.59613
2.57392
2.55145
2.52874
2.50582
2.48272
2.45948
2.43613
2.41269
2.38922
2.36573
2.34228
2.31889
2.29562
2.27249
2.24956
2.22686
2.20444
2.18235
2.16063
2.13932
2.11848
2.09815
2.07837
2.0592
2.04068
2.02286
2.00579
1.98951
1.97406
1.95949
1.94583
1.93314
1.92143
1.91075
1.90113
1.8926
1.88517
1.87888
1.87373
1.86974
1.86692
1.86526
1.86478
1.86547
1.86731
1.8703
1.87441
1.87963
1.88593
1.89328
1.90165
1.911
1.9213
1.9325
1.94457
1.95746
1.97112
1.98552
2.0006
2.01631
2.03261
2.04944
2.06677
2.08454
2.1027
2.12121
2.14002
2.15909
2.17838
2.19783
2.21741
2.23708
2.25679
2.27652
2.29622
2.31585
2.33539
2.3548
2.37405
2.3931
2.41194
2.43053
2.44884
2.46686
2.48456
2.50191
2.5189
2.53551
2.55171
2.5675
2.58285
2.59775
2.61219
2.62615
2.63963
2.65262
2.6651
2.67707
2.68852
2.69945
2.70985
2.71972
2.72905
2.73786
2.74612
2.75386
2.76106
2.76773
2.77388
2.77951
2.78462
2.78923
2.79333
2.79694
2.80008
2.80273
2.80493
2.80668
2.80799
2.80888
2.80936
2.80944
2.80915
2.8085
2.8075
2.80617
2.80454
2.80262
2.80044
2.798
2.79533
2.79246
2.7894
2.78618
2.78282
2.77934
2.77577
2.77212
2.76842
2.7647
2.76097
2.75726
2.7536
2.75
2.74649
2.74309
2.73982
2.73671
2.73376
2.73102
2.72848
2.72618
2.72413
2.72235
2.72085
2.71965
2.71876
2.7182
2.71798
2.7181
2.71858
2.71942
2.72064
2.72223
2.7242
2.72655
2.72929
2.7324
2.7359
2.73978
2.74402
2.74863
2.7536
2.75892
2.76458
2.77056
2.77685
2.78345
2.79033
2.79747
2.80487
2.8125
2.82034
2.82838
2.83658
2.84494
2.85343
2.86203
2.87071
2.87944
2.88822
2.89701
2.90578
2.91452
2.92319
2.93178
2.94026
2.94861
2.95679
2.96479
2.97258
2.98013
2.98743
2.99446
3.00117
3.00757
3.01361
3.01929
3.02457
3.02945
3.03389
3.03788
3.04141
3.04444
3.04697
3.04898
3.05044
3.05136
3.0517
3.05146
3.05062
3.04917
3.04709
3.04439
3.04104
3.03704
3.03237
3.02704
3.02103
3.01433
3.00695
2.99887
2.9901
2.98062
2.97045
2.95957
2.94799
2.93571
2.92273
2.90905
2.89468
2.87962
2.86388
2.84746
2.83038
2.81263
2.79424
2.7752
2.75554
2.73527
2.7144
2.69294
2.67091
2.64834
2.62523
2.60162
2.57751
2.55294
2.52792
2.50249
2.47667
2.45048
2.42397
2.39715
2.37006
2.34274
2.31522
2.28754
2.25974
2.23186
2.20394
2.17604
2.14818
2.12044
2.09284
2.06545
2.03832
2.01151
1.98507
1.95906
1.93355
1.90859
1.88425
1.8606
1.8377
1.81561
1.7944
1.77414
1.75489
1.73672
1.71969
1.70386
1.68928
1.67602
1.66412
1.65362
1.64458
1.63701
1.63096
1.62644
1.62347
1.62205
1.62219
1.62388
1.6271
1.63183
1.63805
1.64572
1.6548
1.66524
1.67698
1.68999
1.70419
1.71953
1.73593
1.75334
1.77169
1.7909
1.81091
1.83165
1.85305
1.87505
1.89757
1.92056
1.94395
1.96767
1.99168
2.0159
2.04028
2.06477
2.08932
2.11387
2.13838
2.1628
2.18708
2.21118
2.23507
2.2587
2.28203
2.30503
2.32767
2.34991
2.37172
2.39308
2.41396
2.43432
2.45416
2.47344
2.49214
2.51024
2.52773
2.54458
2.56078
2.57632
2.59119
2.60536
2.61883
2.63159
2.64364
2.65495
2.66554
2.67538
2.68449
2.69285
2.70047
2.70734
2.71347
2.71885
2.7235
2.72741
2.73059
2.73304
2.73478
2.73582
2.73615
2.7358
2.73477
2.73309
2.73075
2.72779
2.72421
2.72003
2.71528
2.70997
2.70412
2.69776
2.69091
2.68359
2.67583
2.66766
2.6591
2.65018
2.64094
2.6314
2.62159
2.61155
2.60132
2.59092
2.58039
2.56977
2.5591
2.5484
2.53773
2.52712
2.5166
2.50622
2.49602
2.48604
2.47631
2.46687
2.45777
2.44905
2.44073
2.43286
2.42548
2.41861
2.4123
2.40658
2.40147
2.39701
2.39322
2.39013
2.38777
2.38614
2.38528
2.38519
2.38589
2.38738
2.38969
2.3928
2.39673
2.40146
2.407
2.41334
2.42046
2.42836
2.43702
2.44642
2.45653
2.46735
2.47884
2.49097
2.50371
2.51704
2.53092
2.54532
2.5602
2.57553
2.59127
2.60737
2.62381
2.64054
2.65752
2.67471
2.69208
2.70958
2.72717
2.7448
2.76245
2.78008
2.79763
2.81507
2.83237
2.84949
2.86639
2.88303
2.89937
2.91539
2.93104
2.9463
2.96113
2.9755
2.98937
3.00273
3.01552
3.02774
3.03935
3.05032
3.06063
3.07026
3.07917
3.08735
3.09477
3.10141
3.10725
3.11227
3.11646
3.11979
3.12225
3.12382
3.12449
3.12424
3.12306
3.12093
3.11786
3.11381
3.10879
3.10278
3.09579
3.08779
3.07878
3.06877
3.05774
3.04569
3.03262
3.01852
3.0034
2.98725
2.97007
2.95188
2.93266
2.91242
2.89117
2.86891
2.84564
2.82138
2.79613
2.7699
2.74269
2.71453
2.68541
2.65535
2.62437
2.59248
2.55968
2.52601
2.49147
2.45608
2.41986
2.38284
2.34502
2.30644
2.26712
2.22708
2.18635
2.14495
2.10292
2.06028
2.01707
1.97333
1.92908
1.88438
1.83925
1.79375
1.74792
1.70181
1.65549
1.609
1.56241
1.51581
1.46925
1.42283
1.37664
1.33078
1.28537
1.24053
1.1964
1.15314
1.11093
1.06996
1.03044
0.992615
0.95675
0.923128
0.892056
0.863859
0.838867
0.817413
0.799808
0.786333
0.777218
0.772622
0.772623
0.777212
0.78629
0.799678
0.817133
0.838361
0.863039
0.890831
0.9214
0.95442
0.989584
1.02661
1.06522
1.1052
1.14632
1.18839
1.23124
1.27471
1.31867
1.36299
1.40755
1.45227
1.49704
1.54179
1.58643
1.6309
1.67515
1.7191
1.7627
1.80591
1.84869
1.89098
1.93274
1.97395
2.01457
2.05455
2.09388
2.13253
2.17046
2.20765
2.24408
2.27973
2.31457
2.34858
2.38175
2.41405
2.44548
2.47601
2.50563
2.53434
2.5621
2.58892
2.61479
2.63968
2.66361
2.68655
2.7085
2.72945
2.74941
2.76836
2.7863
2.80324
2.81916
2.83406
2.84796
2.86084
2.87272
2.88358
2.89345
2.90231
2.91018
2.91706
2.92296
2.92789
2.93185
2.93486
2.93692
2.93805
2.93826
2.93756
2.93597
2.93349
2.93016
2.92597
2.92096
2.91513
2.90851
2.90112
2.89298
2.88411
2.87454
2.86428
2.85337
2.84183
2.82968
2.81695
2.80367
2.78988
2.77559
2.76085
2.74568
2.73012
2.7142
2.69796
2.68143
2.66464
2.64764
2.63046
2.61315
2.59573
2.57826
2.56076
2.54329
2.52588
2.50858
2.49142
2.47445
2.45772
2.44126
2.42511
2.40933
2.39394
2.37899
2.36453
2.35058
2.3372
2.32441
2.31225
2.30075
2.28996
2.27989
2.27058
2.26205
2.25432
2.24742
2.24137
2.23617
2.23185
2.2284
2.22585
2.22418
2.2234
2.22351
2.2245
2.22636
2.22907
2.23263
2.23701
2.24218
2.24814
2.25485
2.26227
2.27039
2.27917
2.28858
2.29857
2.30911
2.32018
2.33171
2.34368
2.35605
2.36878
2.38182
2.39513
2.40867
2.42241
2.4363
2.45029
2.46436
2.47846
2.49256
2.50661
2.52057
2.53442
2.54812
2.56162
2.5749
2.58793
2.60067
2.61309
2.62516
2.63686
2.64815
2.659
2.6694
2.67932
2.68873
2.69761
2.70594
2.7137
2.72086
2.72742
2.73334
2.73862
2.74324
2.74719
2.75044
2.753
2.75484
2.75595
2.75633
2.75596
2.75484
2.75297
2.75032
2.74691
2.74271
2.73774
2.73199
2.72545
2.71813
2.71002
2.70113
2.69145
2.68099
2.66976
2.65776
2.64498
2.63145
2.61716
2.60212
2.58634
2.56984
2.55261
2.53468
2.51605
2.49675
2.47677
2.45614
2.43487
2.41298
2.39049
2.36742
2.34378
2.3196
2.2949
2.2697
2.24402
2.2179
2.19136
2.16443
2.13713
2.1095
2.08156
2.05336
2.02493
1.9963
1.96751
1.93861
1.90963
1.88062
1.85162
1.82269
1.79386
1.7652
1.73675
1.70858
1.68073
1.65328
1.62628
1.59981
1.57391
1.54867
1.52416
1.50045
1.4776
1.4557
1.43482
1.41503
1.39641
1.37902
1.36294
1.34824
1.33497
1.32319
1.31296
1.30432
1.29731
1.29195
1.28828
1.28629
1.28599
1.28738
1.29043
1.29513
1.30143
1.3093
1.31868
1.32952
1.34176
1.35533
1.37016
1.38618
1.40331
1.42149
1.44063
1.46066
1.4815
1.50309
1.52535
1.5482
1.57159
1.59545
1.61972
1.64433
1.66923
1.69437
1.71968
1.74513
1.77066
1.79623
1.8218
1.84732
1.87277
1.89809
1.92327
1.94826
1.97304
1.99758
2.02185
2.04583
2.06949
2.09281
2.11578
2.13837
2.16056
2.18235
2.2037
2.22462
2.24508
2.26508
2.2846
2.30363
2.32217
2.34021
2.35775
2.37476
2.39126
2.40724
2.42269
2.43761
2.452
2.46586
2.47919
2.49198
2.50425
2.51599
2.52721
2.5379
2.54808
2.55774
2.5669
2.57555
2.58371
2.59138
2.59857
2.60528
2.61153
2.61732
2.62266
2.62757
2.63205
2.63611
2.63977
2.64303
2.64591
2.64841
2.65056
2.65236
2.65382
2.65496
2.6558
2.65633
2.65659
2.65657
2.6563
2.65579
2.65504
2.65409
2.65293
2.65158
2.65005
2.64837
2.64653
2.64456
2.64246
2.64025
2.63795
2.63555
2.63308
2.63055
2.62796
2.62533
2.62266
2.61998
2.61727
2.61456
2.61185
2.60915
2.60647
2.60381
2.60118
2.59858
2.59601
2.5935
2.59102
2.5886
2.58622
2.5839
2.58162
2.57941
2.57724
2.57512
2.57306
2.57104
2.56906
2.56713
2.56523
2.56336
2.56152
2.55971
2.5579
2.55611
2.55431
2.55252
2.5507
2.54887
2.547
2.5451
2.54315
2.54114
2.53906
2.53691
2.53467
2.53233
2.52989
2.52733
2.52464
2.52182
2.51885
2.51572
2.51242
2.50895
2.50529
2.50143
2.49736
2.49309
2.48858
2.48385
2.47887
2.47364
2.46816
2.46241
2.45639
2.45009
2.44351
2.43663
2.42946
2.42199
2.41422
2.40613
2.39774
2.38902
2.37999
2.37064
2.36097
2.35098
2.34066
2.33002
2.31907
2.30779
2.2962
2.28429
2.27208
2.25955
2.24673
2.23362
2.22021
2.20653
2.19257
2.17834
2.16386
2.14914
2.13417
2.11899
2.10359
2.088
2.07221
2.05626
2.04016
2.02391
2.00754
1.99107
1.97451
1.95789
1.94122
1.92452
1.90782
1.89113
1.87449
1.85791
1.84142
1.82505
1.80881
1.79275
1.77687
1.76122
1.74582
1.73069
1.71587
1.70139
1.68727
1.67355
1.66024
1.64739
1.63502
1.62315
1.61182
1.60106
1.59088
1.58131
1.57238
1.56411
1.55653
1.54964
1.54346
1.53802
1.53333
1.52939
1.52623
1.52383
1.52221
1.52137
1.52131
1.52203
1.52351
1.52576
1.52876
1.5325
1.53697
1.54214
1.54801
1.55455
1.56173
1.56954
1.57794
1.58693
1.59646
1.60651
1.61705
1.62806
1.6395
1.65134
1.66357
1.67614
1.68902
1.7022
1.71563
1.7293
1.74317
1.75722
1.77141
1.78574
1.80016
1.81465
1.8292
1.84377
1.85835
1.87291
1.88743
1.9019
1.91629
1.93059
1.94478
1.95884
1.97275
1.98651
2.0001
2.0135
2.02671
2.03971
2.05248
2.06503
2.07734
2.0894
2.10121
2.11276
2.12404
2.13505
2.14578
2.15623
2.1664
2.17627
2.18586
2.19516
2.20417
2.21288
2.22131
2.22944
2.23729
2.24485
2.25212
2.25912
2.26584
2.27229
2.27847
2.28439
2.29005
2.29547
2.30064
2.30557
2.31028
2.31476
2.31903
2.32309
2.32696
2.33063
2.33413
2.33746
2.34063
2.34365
2.34652
2.34926
2.35189
2.3544
2.3568
2.35912
2.36136
2.36352
2.36562
2.36767
2.36967
2.37164
2.37359
2.37552
2.37744
2.37936
2.3813
2.38325
2.38522
2.38723
2.38927
2.39136
2.3935
2.39569
2.39794
2.40025
2.40264
2.40509
2.40761
2.41021
2.41289
2.41564
2.41847
2.42138
2.42437
2.42742
2.43055
2.43376
2.43702
2.44035
2.44374
2.44718
2.45068
2.45421
2.45778
2.46137
2.46499
2.46863
2.47227
2.4759
2.47952
2.48313
2.4867
2.49023
2.49371
2.49712
2.50047
2.50373
2.50689
2.50995
2.5129
2.51571
2.51838
2.52091
2.52326
2.52545
2.52744
2.52924
2.53082
2.53219
2.53332
2.53421
2.53484
2.53521
2.5353
2.53511
2.53461
2.53381
2.5327
2.53126
2.52948
2.52736
2.52488
2.52205
2.51885
2.51527
2.51132
2.50697
2.50223
2.49709
2.49154
2.48558
2.47921
2.47242
2.4652
2.45757
2.4495
2.44101
2.43208
2.42273
2.41294
2.40272
2.39207
2.381
2.36949
2.35756
2.34521
2.33244
2.31926
2.30567
2.29168
2.2773
2.26252
2.24736
2.23182
2.21593
2.19967
2.18307
2.16614
2.14889
2.13132
2.11346
2.09532
2.0769
2.05824
2.03934
2.02022
2.0009
1.98139
1.96173
1.94192
1.92199
1.90197
1.88186
1.86171
1.84153
1.82136
1.80121
1.78111
1.7611
1.7412
1.72144
1.70187
1.6825
1.66337
1.64451
1.62596
1.60776
1.58994
1.57254
1.55558
1.53912
1.52319
1.50781
1.49304
1.4789
1.46543
1.45267
1.44064
1.42938
1.41893
1.4093
1.40052
1.39262
1.38562
1.37954
1.37439
1.37019
1.36693
1.36463
1.3633
1.36292
1.36349
1.365
1.36744
1.3708
1.37505
1.38018
1.38615
1.39294
1.40053
1.40887
1.41794
1.42771
1.43813
1.44917
1.4608
1.47297
1.48564
1.49879
1.51236
1.52633
1.54065
1.55529
1.57022
1.58539
1.60077
1.61633
1.63204
1.64787
1.66377
1.67974
1.69572
1.71171
1.72767
1.74357
1.7594
1.77513
1.79074
1.8062
1.8215
1.83663
1.85155
1.86625
1.88073
1.89496
1.90893
1.92263
1.93604
1.94916
1.96197
1.97447
1.98664
1.99849
2.01
2.02116
2.03198
2.04244
2.05255
2.06231
2.0717
2.08073
2.0894
2.0977
2.10565
2.11324
2.12047
2.12735
2.13388
2.14006
2.1459
2.15141
2.15658
2.16144
2.16598
2.17021
2.17415
2.17779
2.18115
2.18424
2.18708
2.18966
2.192
2.19412
2.19602
2.19772
2.19923
2.20057
2.20174
2.20276
2.20365
2.20441
2.20506
2.20562
2.20611
2.20652
2.20689
2.20722
2.20753
2.20783
2.20814
2.20847
2.20883
2.20924
2.20971
2.21025
2.21088
2.21161
2.21245
2.21341
2.2145
2.21573
2.21712
2.21866
2.22037
2.22225
2.22432
2.22657
2.22901
2.23165
2.2345
2.23754
2.24079
2.24424
2.2479
2.25176
2.25582
2.26008
2.26454
2.2692
2.27404
2.27906
2.28425
2.28961
2.29513
2.3008
2.30662
2.31256
2.31862
2.32478
2.33105
2.33739
2.34381
2.35028
2.35679
2.36333
2.36988
2.37643
2.38297
2.38947
2.39592
2.4023
2.40861
2.41482
2.42091
2.42688
2.43269
2.43835
2.44383
2.44911
2.45418
2.45902
2.46363
2.46797
2.47204
2.47582
2.4793
2.48246
2.48529
2.48778
2.4899
2.49165
2.49302
2.49398
2.49454
2.49467
2.49437
2.49363
2.49243
2.49076
2.48862
2.486
2.48289
2.47927
2.47515
2.47051
2.46535
2.45967
2.45345
2.44669
2.43939
2.43155
2.42316
2.41421
2.40471
2.39466
2.38405
2.37288
2.36116
2.34888
2.33604
2.32266
2.30872
2.29424
2.27922
2.26366
2.24757
2.23096
2.21382
2.19618
2.17803
2.15939
2.14026
2.12066
2.1006
2.08009
2.05914
2.03777
2.01599
1.99382
1.97127
1.94836
1.92511
1.90154
1.87766
1.85351
1.82911
1.80447
1.77963
1.7546
1.72943
1.70413
1.67874
1.65329
1.62782
1.60236
1.57695
1.55162
1.52643
1.50141
1.4766
1.45207
1.42784
1.40398
1.38054
1.35757
1.33514
1.31329
1.2921
1.27162
1.25191
1.23305
1.21509
1.1981
1.18214
1.16728
1.15357
1.14107
1.12984
1.11993
1.11137
1.10422
1.09849
1.09422
1.09142
1.09011
1.09027
1.0919
1.09498
1.09949
1.1054
1.11266
1.12124
1.13107
1.14211
1.15428
1.16754
1.18182
1.19704
1.21314
1.23006
1.24772
1.26607
1.28503
1.30455
1.32456
1.345
1.36582
1.38695
1.40835
1.42997
1.45176
1.47367
1.49565
1.51767
1.53969
1.56166
1.58355
1.60534
1.62698
1.64844
1.6697
1.69073
1.71151
1.732
1.7522
1.77206
1.79159
1.81074
1.82952
1.8479
1.86587
1.88341
1.90051
1.91716
1.93335
1.94906
1.96428
1.97902
1.99326
2.00699
2.02021
2.03292
2.04511
2.05677
2.06791
2.07852
2.0886
2.09816
2.10719
2.1157
2.12368
2.13114
2.13809
2.14453
2.15046
2.15589
2.16082
2.16527
2.16925
2.17275
2.1758
2.17839
2.18055
2.18228
2.18359
2.1845
2.18502
2.18517
2.18495
2.18439
2.1835
2.1823
2.1808
2.17901
2.17697
2.17468
2.17217
2.16944
2.16654
2.16346
2.16023
2.15688
2.15342
2.14988
2.14627
2.14261
2.13894
2.13526
2.13159
2.12797
2.12441
2.12093
2.11755
2.11429
2.11117
2.10822
2.10544
2.10285
2.10049
2.09835
2.09646
2.09482
2.09347
2.0924
2.09164
2.09118
2.09105
2.09125
2.09179
2.09268
2.09391
2.0955
2.09744
2.09975
2.10241
2.10543
2.10881
2.11253
2.11661
2.12102
2.12576
2.13083
2.13621
2.14189
2.14787
2.15412
2.16063
2.1674
2.17439
2.18161
2.18902
2.19661
2.20436
2.21226
2.22028
2.22841
2.23661
2.24488
2.2532
2.26153
2.26986
2.27816
2.28643
2.29462
2.30273
2.31073
2.3186
2.32632
2.33386
2.34121
2.34835
2.35525
2.3619
2.36827
2.37435
2.38012
2.38556
2.39065
2.39537
2.3997
2.40364
2.40716
2.41024
2.41288
2.41505
2.41674
2.41795
2.41864
2.41882
2.41847
2.41758
2.41613
2.41412
2.41154
2.40837
2.40462
2.40026
2.39529
2.38971
2.38351
2.37668
2.36921
2.36111
2.35236
2.34297
2.33293
2.32224
2.31089
2.29889
2.28623
2.27292
2.25895
2.24433
2.22905
2.21313
2.19655
2.17934
2.16148
2.14298
2.12386
2.10411
2.08375
2.06277
2.04119
2.01902
1.99626
1.97293
1.94904
1.92459
1.8996
1.87408
1.84805
1.82152
1.79451
1.76703
1.7391
1.71074
1.68196
1.65279
1.62325
1.59337
1.56316
1.53266
1.50188
1.47087
1.43964
1.40824
1.3767
1.34506
1.31335
1.28163
1.24993
1.21831
1.18682
1.15553
1.12449
1.09377
1.06346
1.03362
1.00435
0.975744
0.947903
0.920938
0.894968
0.87012
0.84653
0.824339
0.803694
0.784745
0.767643
0.752538
0.739568
0.728864
0.720537
0.714678
0.711351
0.71059
0.712399
0.716749
0.72358
0.732808
0.744322
0.757995
0.773686
0.791245
0.810518
0.831353
0.853598
0.877108
0.901744
0.927374
0.953877
0.981137
1.00905
1.03751
1.06644
1.09575
1.12537
1.15521
1.18523
1.21536
1.24554
1.27573
1.30587
1.33593
1.36586
1.39563
1.42521
1.45455
1.48363
1.51243
1.54091
1.56905
1.59683
1.62423
1.65122
1.67779
1.70393
1.7296
1.75481
1.77952
1.80374
1.82745
1.85063
1.87327
1.89537
1.91692
1.9379
1.95831
1.97814
1.99738
2.01603
2.03409
2.05155
2.0684
2.08464
2.10028
2.11529
2.1297
2.14349
2.15666
2.16921
2.18115
2.19248
2.2032
2.2133
2.2228
2.2317
2.23999
2.24769
2.25481
2.26133
2.26729
2.27267
2.27748
2.28174
2.28545
2.28862
2.29126
2.29338
2.29499
2.2961
2.29672
2.29687
2.29654
2.29577
2.29455
2.29291
2.29085
2.28839
2.28555
2.28234
2.27877
2.27486
2.27063
2.26609
2.26126
2.25616
2.2508
2.2452
2.23937
2.23334
2.22713
2.22075
2.21421
2.20755
2.20077
2.19389
2.18694
2.17993
2.17288
2.16581
2.15874
2.15168
2.14465
2.13768
2.13077
2.12394
2.11722
2.11061
2.10413
2.09781
2.09164
2.08565
2.07985
2.07426
2.06887
2.06372
2.0588
2.05412
2.0497
2.04554
2.04166
2.03804
2.03471
2.03166
2.0289
2.02643
2.02425
2.02237
2.02077
2.01946
2.01843
2.01769
2.01722
2.01702
2.01709
2.01741
2.01798
2.01879
2.01983
2.02109
2.02255
2.02421
2.02606
2.02807
2.03023
2.03254
2.03497
2.03752
2.04016
2.04288
2.04567
2.04851
2.05138
2.05427
2.05716
2.06003
2.06287
2.06567
2.0684
2.07105
2.07361
2.07605
2.07837
2.08055
2.08257
2.08442
2.08609
2.08756
2.08881
2.08984
2.09063
2.09117
2.09145
2.09145
2.09117
2.0906
2.08971
2.08851
2.08699
2.08513
2.08293
2.08038
2.07747
2.0742
2.07056
2.06654
2.06214
2.05736
2.05219
2.04662
2.04065
2.03429
2.02752
2.02035
2.01278
2.0048
1.99642
1.98763
1.97844
1.96885
1.95887
1.94848
1.9377
1.92654
1.91499
1.90306
1.89076
1.87809
1.86506
1.85167
1.83794
1.82388
1.80948
1.79477
1.77975
1.76444
1.74884
1.73297
1.71684
1.70046
1.68385
1.66703
1.65
1.6328
1.61542
1.5979
1.58025
1.56248
1.54463
1.52671
1.50875
1.49076
1.47278
1.45482
1.43691
1.41908
1.40136
1.38377
1.36635
1.34912
1.33212
1.31538
1.29893
1.28281
1.26704
1.25167
1.23673
1.22226
1.20828
1.19485
1.18199
1.16974
1.15813
1.14721
1.137
1.12753
1.11884
1.11095
1.1039
1.0977
1.09238
1.08795
1.08443
1.08183
1.08017
1.07943
1.07964
1.08078
1.08284
1.08582
1.08971
1.09448
1.10012
1.10661
1.11392
1.12202
1.13088
1.14048
1.15078
1.16175
1.17335
1.18555
1.19832
1.21161
1.22541
1.23966
1.25434
1.26942
1.28486
1.30062
1.31669
1.33302
1.34959
1.36637
1.38334
1.40046
1.41772
1.43508
1.45253
1.47004
1.48759
1.50516
1.52273
1.54029
1.55782
1.57529
1.5927
1.61003
1.62726
1.64438
1.66138
1.67825
1.69498
1.71155
1.72796
1.74419
1.76024
1.7761
1.79176
1.80721
1.82245
1.83747
1.85227
1.86684
1.88118
1.89528
1.90913
1.92274
1.9361
1.94921
1.96206
1.97465
1.98699
1.99907
2.01088
2.02243
2.03372
2.04474
2.0555
2.06599
2.07622
2.08618
2.09588
2.10531
2.11448
2.12339
2.13204
2.14042
2.14855
2.15642
2.16403
2.17139
2.17849
2.18534
2.19195
2.1983
2.20441
2.21027
2.21589
2.22126
2.2264
2.2313
2.23596
2.24039
2.24458
2.24855
2.25228
2.25579
2.25906
2.26212
2.26495
2.26756
2.26994
2.27211
2.27405
2.27578
2.27729
2.27859
2.27967
2.28053
2.28118
2.28162
2.28184
2.28185
2.28164
2.28122
2.28059
2.27975
2.27869
2.27741
2.27593
2.27422
2.2723
2.27017
2.26782
2.26525
2.26246
2.25945
2.25622
2.25277
2.2491
2.2452
2.24108
2.23673
2.23216
2.22736
2.22233
2.21706
2.21157
2.20584
2.19988
2.19369
2.18725
2.18058
2.17368
2.16653
2.15914
2.15152
2.14365
2.13554
2.12719
2.1186
2.10977
2.10069
2.09137
2.08181
2.07201
2.06197
2.05169
2.04117
2.03041
2.01942
2.00819
1.99673
1.98504
1.97312
1.96098
1.94861
1.93603
1.92323
1.91022
1.897
1.88357
1.86995
1.85614
1.84213
1.82794
1.81358
1.79905
1.78435
1.7695
1.7545
1.73936
1.72409
1.70869
1.69319
1.67757
1.66187
1.64608
1.63023
1.61431
1.59835
1.58235
1.56634
1.55031
1.5343
1.5183
1.50235
1.48645
1.47062
1.45488
1.43924
1.42373
1.40837
1.39316
1.37814
1.36332
1.34872
1.33437
1.32029
1.30649
1.29301
1.27985
1.26705
1.25463
1.24261
1.23102
1.21987
1.20919
1.19899
1.18931
1.18016
1.17155
1.16352
1.15607
1.14923
1.143
1.1374
1.13245
1.12814
1.1245
1.12153
1.11923
1.1176
1.11665
1.11636
1.11675
1.1178
1.11951
1.12186
1.12484
1.12844
1.13265
1.13744
1.14281
1.14873
1.15518
1.16213
1.16958
1.17749
1.18584
1.19461
1.20378
1.21331
1.2232
1.2334
1.2439
1.25468
1.26571
1.27697
1.28843
1.30008
1.31189
1.32384
1.33592
1.34809
1.36035
1.37267
1.38504
1.39744
1.40984
1.42225
1.43464
1.44699
1.4593
1.47154
1.48372
1.49581
1.50781
1.51969
1.53147
1.54311
1.55463
1.566
1.57722
1.58828
1.59919
1.60992
1.62047
1.63085
1.64104
1.65105
1.66086
1.67048
1.67991
1.68913
1.69816
1.70698
1.7156
1.72402
1.73224
1.74026
1.74808
1.7557
1.76312
1.77034
1.77738
1.78422
1.79088
1.79735
1.80364
1.80976
1.8157
1.82148
1.82709
1.83254
1.83784
1.843
1.84801
1.85288
1.85763
1.86224
1.86674
1.87113
1.87541
1.87958
1.88367
1.88766
1.89157
1.89541
1.89918
1.90288
1.90653
1.91013
1.91368
1.91719
1.92067
1.92412
1.92755
1.93096
1.93436
1.93776
1.94115
1.94454
1.94794
1.95135
1.95477
1.9582
1.96166
1.96514
1.96864
1.97217
1.97573
1.97931
1.98293
1.98658
1.99025
1.99396
1.99769
2.00146
2.00525
2.00906
2.0129
2.01676
2.02064
2.02453
2.02843
2.03234
2.03625
2.04016
2.04407
2.04796
2.05183
2.05568
2.05951
2.06329
2.06704
2.07073
2.07438
2.07796
2.08146
2.0849
2.08824
2.0915
2.09465
2.09769
2.10062
2.10342
2.10609
2.10862
2.111
2.11322
2.11528
2.11716
2.11885
2.12036
2.12167
2.12277
2.12366
2.12432
2.12475
2.12494
2.12489
2.12459
2.12402
2.12319
2.12209
2.1207
2.11903
2.11706
2.11479
2.11222
2.10934
2.10614
2.10262
2.09878
2.0946
2.0901
2.08525
2.08006
2.07453
2.06865
2.06241
2.05583
2.04889
2.04159
2.03393
2.02592
2.01754
2.00881
1.99971
1.99026
1.98044
1.97027
1.95974
1.94886
1.93762
1.92604
1.91411
1.90183
1.88922
1.87627
1.863
1.8494
1.83548
1.82125
1.80671
1.79188
1.77675
1.76135
1.74566
1.72972
1.71351
1.69707
1.68038
1.66348
1.64636
1.62905
1.61155
1.59387
1.57604
1.55807
1.53997
1.52176
1.50345
1.48507
1.46663
1.44815
1.42965
1.41116
1.39269
1.37427
1.35591
1.33765
1.31951
1.30152
1.2837
1.26608
1.24868
1.23155
1.2147
1.19817
1.18199
1.16619
1.15081
1.13588
1.12143
1.10749
1.0941
1.08129
1.0691
1.05756
1.04669
1.03654
1.02712
1.01846
1.0106
1.00355
0.997324
0.991953
0.987446
0.983813
0.981063
0.979199
0.978222
0.978128
0.97891
0.980558
0.983058
0.986393
0.990543
0.995484
1.00119
1.00764
1.01479
1.02263
1.0311
1.04019
1.04986
1.06007
1.07078
1.08197
1.09359
1.10562
1.11801
1.13074
1.14378
1.15708
1.17062
1.18438
1.19831
1.2124
1.22661
1.24092
1.25531
1.26975
1.28423
1.29871
1.31318
1.32762
1.34201
1.35633
1.37057
1.38471
1.39874
1.41264
1.4264
1.44001
1.45346
1.46674
1.47983
1.49274
1.50544
1.51793
1.53022
1.54228
1.55412
1.56572
1.5771
1.58823
1.59912
1.60977
1.62018
1.63034
1.64024
1.6499
1.65932
1.66848
1.67739
1.68606
1.69449
1.70268
1.71062
1.71833
1.72581
1.73306
1.74008
1.74688
1.75347
1.75985
1.76602
1.77199
1.77777
1.78337
1.78878
1.79402
1.79909
1.80399
1.80875
1.81336
1.81783
1.82217
1.82639
1.83049
1.83448
1.83837
1.84217
1.84589
1.84952
1.85309
1.85659
1.86004
1.86344
1.8668
1.87013
1.87343
1.87671
1.87998
1.88324
1.8865
1.88976
1.89303
1.89631
1.89962
1.90295
1.9063
1.90969
1.91311
1.91656
1.92006
1.92359
1.92717
1.9308
1.93446
1.93818
1.94193
1.94573
1.94958
1.95346
1.95738
1.96134
1.96534
1.96936
1.97342
1.97749
1.98159
1.98569
1.98981
1.99393
1.99805
2.00215
2.00624
2.01031
2.01434
2.01834
2.0223
2.0262
2.03003
2.0338
2.03749
2.04109
2.0446
2.048
2.05128
2.05444
2.05747
2.06036
2.06309
2.06566
2.06806
2.07028
2.07231
2.07413
2.07575
2.07716
2.07833
2.07927
2.07996
2.0804
2.08057
2.08047
2.0801
2.07943
2.07847
2.0772
2.07562
2.07372
2.07149
2.06894
2.06604
2.06279
2.05919
2.05523
2.0509
2.04621
2.04114
2.03569
2.02986
2.02364
2.01702
2.01001
2.00261
1.99479
1.98658
1.97796
1.96893
1.95949
1.94965
1.93939
1.92872
1.91763
1.90614
1.89424
1.88193
1.86922
1.85609
1.84257
1.82865
1.81433
1.79963
1.78453
1.76905
1.7532
1.73697
1.72038
1.70343
1.68613
1.66848
1.6505
1.63219
1.61357
1.59464
1.57541
1.5559
1.53611
1.51607
1.49577
1.47525
1.4545
1.43355
1.41242
1.39111
1.36966
1.34807
1.32637
1.30459
1.28273
1.26084
1.23892
1.21701
1.19514
1.17334
1.15163
1.13005
1.10864
1.08742
1.06645
1.04576
1.02539
1.00539
0.9858
0.966675
0.948066
0.930024
0.912605
0.895865
0.879862
0.864655
0.850303
0.836865
0.824401
0.812966
0.802616
0.793402
0.78537
0.778564
0.773017
0.76876
0.765813
0.764189
0.763892
0.764918
0.767253
0.770875
0.775755
0.781856
0.789134
0.797542
0.807025
0.817527
0.82899
0.841351
0.85455
0.868524
0.883212
0.898554
0.914491
0.930966
0.947924
0.965311
0.983078
1.00118
1.01956
1.03818
1.05701
1.076
1.09511
1.11431
1.13357
1.15285
1.17213
1.19138
1.21058
1.22969
1.24871
1.2676
1.28634
1.30492
1.32333
1.34153
1.35952
1.37729
1.39481
1.41208
1.42909
1.44582
1.46227
1.47842
1.49427
1.5098
1.52501
1.5399
1.55446
1.56868
1.58256
1.59609
1.60928
1.62211
1.63458
1.6467
1.65846
1.66985
1.68089
1.69157
1.70188
1.71184
1.72144
1.73068
1.73957
1.74811
1.7563
1.76414
1.77164
1.77881
1.78564
1.79215
1.79833
1.80419
1.80975
1.815
1.81995
1.82461
1.82899
1.83309
1.83692
1.8405
1.84382
1.84689
1.84973
1.85235
1.85475
1.85694
1.85893
1.86074
1.86236
1.86382
1.86512
1.86627
1.86728
1.86816
1.86892
1.86958
1.87013
1.8706
1.87099
1.87131
1.87157
1.87178
1.87195
1.87209
1.87221
1.87232
1.87242
1.87252
1.87264
1.87278
1.87294
1.87314
1.87337
1.87366
1.87399
1.87439
1.87484
1.87536
1.87596
1.87662
1.87737
1.87819
1.8791
1.88009
1.88116
1.88232
1.88356
1.88489
1.88629
1.88778
1.88935
1.89099
1.8927
1.89449
1.89633
1.89824
1.9002
1.90222
1.90427
1.90636
1.90849
1.91063
1.91279
1.91496
1.91713
1.9193
1.92144
1.92356
1.92564
1.92768
1.92966
1.93159
1.93343
1.9352
1.93687
1.93844
1.9399
1.94123
1.94243
1.94349
1.94439
1.94513
1.9457
1.94608
1.94627
1.94626
1.94603
1.94559
1.94491
1.94399
1.94282
1.9414
1.9397
1.93773
1.93548
1.93294
1.9301
1.92696
1.9235
1.91972
1.91562
1.91118
1.90641
1.90129
1.89582
1.89
1.88382
1.87728
1.87037
1.86308
1.85543
1.84739
1.83898
1.83018
1.821
1.81143
1.80148
1.79113
1.7804
1.76929
1.75778
1.74588
1.7336
1.72094
1.70789
1.69446
1.68065
1.66647
1.65192
1.637
1.62172
1.60608
1.59008
1.57375
1.55707
1.54006
1.52272
1.50507
1.4871
1.46884
1.45029
1.43145
1.41235
1.39299
1.37339
1.35355
1.33349
1.31323
1.29278
1.27216
1.25138
1.23047
1.20943
1.1883
1.1671
1.14584
1.12456
1.10327
1.08201
1.06081
1.03968
1.01868
0.997835
0.977178
0.956751
0.936597
0.91676
0.897287
0.878229
0.859636
0.841566
0.824075
0.807225
0.791078
0.7757
0.761155
0.747513
0.73484
0.723202
0.712666
0.703293
0.695141
0.688264
0.682708
0.678509
0.675699
0.674295
0.674307
0.675733
0.678559
0.682764
0.688314
0.695168
0.703276
0.712585
0.723032
0.734555
0.747088
0.760561
0.774908
0.790061
0.805954
0.822521
0.839701
0.857434
0.875662
0.894331
0.913389
0.932788
0.952481
0.972425
0.99258
1.01291
1.03337
1.05394
1.07457
1.09525
1.11594
1.13661
1.15725
1.17783
1.19833
1.21872
1.23899
1.25912
1.2791
1.2989
1.31851
1.33793
1.35713
1.3761
1.39483
1.41331
1.43153
1.44948
1.46715
1.48454
1.50163
1.51842
1.5349
1.55106
1.5669
1.58242
1.5976
1.61245
1.62696
1.64113
1.65495
1.66842
1.68153
1.6943
1.70671
1.71876
1.73045
1.74179
1.75277
1.76339
1.77365
1.78355
1.7931
1.80229
1.81113
1.81961
1.82775
1.83553
1.84298
1.85008
1.85684
1.86327
1.86936
1.87513
1.88057
1.88569
1.8905
1.895
1.89919
1.90308
1.90668
1.90998
1.91301
1.91575
1.91822
1.92043
1.92237
1.92407
1.92551
1.92671
1.92768
1.92842
1.92895
1.92925
1.92935
1.92925
1.92896
1.92848
1.92782
1.92699
1.926
1.92484
1.92354
1.92209
1.92051
1.91879
1.91695
1.91499
1.91293
1.91075
1.90848
1.90612
1.90368
1.90115
1.89855
1.89588
1.89315
1.89036
1.88752
1.88463
1.88169
1.87872
1.87571
1.87268
1.86961
1.86652
1.86341
1.86028
1.85714
1.85398
1.85081
1.84764
1.84445
1.84126
1.83806
1.83486
1.83166
1.82845
1.82524
1.82203
1.8188
1.81558
1.81235
1.8091
1.80585
1.80259
1.79932
1.79603
1.79272
1.78939
1.78603
1.78265
1.77924
1.7758
1.77232
1.7688
1.76524
1.76162
1.75796
1.75424
1.75046
1.74662
1.74271
1.73873
1.73467
1.73053
1.7263
1.72198
1.71757
1.71307
1.70846
1.70374
1.69891
1.69397
1.68891
1.68372
1.67841
1.67297
1.6674
1.66169
1.65583
1.64984
1.6437
1.63741
1.63097
1.62437
1.61762
1.61071
1.60364
1.59641
1.58902
1.58146
1.57374
1.56585
1.55779
1.54957
1.54118
1.53263
1.52391
1.51502
1.50597
1.49676
1.48739
1.47786
1.46818
1.45834
1.44835
1.43821
1.42793
1.41751
1.40696
1.39627
1.38546
1.37453
1.36348
1.35233
1.34107
1.32972
1.31828
1.30675
1.29516
1.2835
1.27179
1.26003
1.24823
1.2364
1.22457
1.21272
1.20088
1.18907
1.17728
1.16553
1.15385
1.14223
1.1307
1.11927
1.10796
1.09678
1.08574
1.07487
1.06418
1.05368
1.04341
1.03336
1.02357
1.01404
1.00481
0.995876
0.987272
0.979012
0.971114
0.963597
0.95648
0.949779
0.943511
0.937694
0.932342
0.927472
0.923097
0.919229
0.915883
0.913066
0.910791
0.909063
0.90789
0.907277
0.907227
0.907742
0.908823
0.910468
0.912674
0.915437
0.918751
0.922608
0.927001
0.931918
0.937349
0.943282
0.949704
0.9566
0.963956
0.971756
0.979984
0.988624
0.997659
1.00707
1.01685
1.02696
1.03741
1.04816
1.0592
1.07052
1.0821
1.09392
1.10596
1.11822
1.13067
1.14329
1.15608
1.16902
1.1821
1.1953
1.2086
1.222
1.23549
1.24905
1.26267
1.27633
1.29004
1.30377
1.31752
1.33128
1.34503
1.35878
1.37251
1.38621
1.39987
1.41349
1.42706
1.44057
1.45402
1.46739
1.48069
1.4939
1.50703
1.52005
1.53298
1.5458
1.55851
1.5711
1.58356
1.59591
1.60812
1.62019
1.63213
1.64392
1.65557
1.66706
1.6784
1.68958
1.7006
1.71145
1.72214
1.73265
1.74299
1.75315
1.76313
1.77292
1.78253
1.79195
1.80118
1.81021
1.81905
1.82769
1.83612
1.84435
1.85237
1.86018
1.86778
1.87517
1.88234
1.88929
1.89602
1.90253
1.90881
1.91487
1.92069
1.92628
1.93164
1.93677
1.94166
1.9463
1.95071
1.95487
1.95879
1.96245
1.96587
1.96904
1.97196
1.97462
1.97702
1.97917
1.98105
1.98268
1.98404
1.98513
1.98596
1.98652
1.98681
1.98683
1.98658
1.98605
1.98525
1.98417
1.98282
1.98118
1.97927
1.97707
1.9746
1.97184
1.96879
1.96547
1.96185
1.95796
1.95377
1.9493
1.94455
1.9395
1.93417
1.92856
1.92265
1.91646
1.90998
1.90322
1.89617
1.88884
1.88122
1.87332
1.86514
1.85667
1.84793
1.83891
1.82961
1.82004
1.8102
1.80009
1.7897
1.77906
1.76814
1.75697
1.74555
1.73386
1.72193
1.70975
1.69733
1.68467
1.67177
1.65865
1.64529
1.63172
1.61793
1.60393
1.58973
1.57532
1.56073
1.54595
1.53099
1.51585
1.50056
1.4851
1.4695
1.45376
1.43788
1.42188
1.40577
1.38955
1.37324
1.35685
1.34038
1.32386
1.30729
1.29068
1.27405
1.2574
1.24077
1.22415
1.20756
1.19103
1.17456
1.15817
1.14189
1.12572
1.10969
1.09381
1.07811
1.06261
1.04733
1.03228
1.0175
1.003
0.988814
0.97496
0.961464
0.948351
0.935646
0.923375
0.911563
0.900235
0.889418
0.879135
0.869411
0.86027
0.851734
0.843825
0.836562
0.829965
0.824049
0.81883
0.814319
0.810527
0.807461
0.805126
0.803523
0.802652
0.802509
0.803088
0.804379
0.806371
0.809049
0.812397
0.816397
0.821027
0.826266
0.832089
0.838473
0.84539
0.852815
0.860721
0.869079
0.877863
0.887044
0.896597
0.906492
0.916705
0.927208
0.937976
0.948985
0.96021
0.971628
0.983217
0.994954
1.00682
1.01879
1.03086
1.04299
1.05517
1.0674
1.07964
1.09189
1.10413
1.11635
1.12853
1.14066
1.15274
1.16475
1.17668
1.18851
1.20026
1.21189
1.22341
1.23481
1.24608
1.25722
1.26822
1.27907
1.28978
1.30033
1.31072
1.32095
1.33102
1.34092
1.35066
1.36022
1.36961
1.37883
1.38787
1.39674
1.40543
1.41395
1.4223
1.43047
1.43847
1.44629
1.45395
1.46144
1.46877
1.47593
1.48293
1.48977
1.49646
1.50299
1.50938
1.51562
1.52171
1.52767
1.5335
1.53919
1.54475
1.5502
1.55552
1.56073
1.56583
1.57083
1.57572
1.58052
1.58522
1.58984
1.59438
1.59883
1.60322
1.60753
1.61178
1.61597
1.6201
1.62417
1.6282
1.63219
1.63613
1.64004
1.64391
1.64776
1.65157
1.65536
1.65913
1.66289
1.66662
1.67034
1.67405
1.67775
1.68144
1.68512
1.6888
1.69247
1.69613
1.69979
1.70345
1.7071
1.71075
1.71439
1.71802
1.72164
1.72526
1.72886
1.73245
1.73603
1.73959
1.74312
1.74664
1.75012
1.75358
1.757
1.76039
1.76373
1.76703
1.77028
1.77348
1.77662
1.77969
1.7827
1.78563
1.78848
1.79125
1.79393
1.79651
1.79899
1.80137
1.80363
1.80578
1.8078
1.80969
1.81145
1.81307
1.81453
1.81584
1.817
1.81799
1.8188
1.81944
1.8199
1.82017
1.82024
1.82012
1.81978
1.81924
1.81848
1.8175
1.8163
1.81486
1.81319
1.81127
1.80911
1.8067
1.80404
1.80112
1.79794
1.79449
1.79077
1.78678
1.78251
1.77797
1.77314
1.76803
1.76263
1.75694
1.75097
1.7447
1.73814
1.73128
1.72412
1.71667
1.70892
1.70088
1.69253
1.68389
1.67495
1.66571
1.65618
1.64635
1.63623
1.62582
1.61512
1.60413
1.59286
1.58131
1.56948
1.55737
1.54499
1.53235
1.51944
1.50627
1.49285
1.47919
1.46528
1.45113
1.43676
1.42216
1.40735
1.39233
1.37711
1.36169
1.3461
1.33033
1.31439
1.2983
1.28207
1.2657
1.24921
1.23261
1.21592
1.19914
1.18229
1.16539
1.14844
1.13147
1.11449
1.09752
1.08058
1.06368
1.04685
1.0301
1.01346
0.996954
0.980596
0.964415
0.948435
0.932683
0.917187
0.901973
0.887073
0.872515
0.858331
0.844552
0.831211
0.818342
0.805977
0.794151
0.782898
0.772251
0.762243
0.752907
0.744273
0.736373
0.729233
0.722879
0.717333
0.712616
0.708744
0.705729
0.70358
0.702303
0.701896
0.702356
0.703675
0.705841
0.708837
0.712645
0.71724
0.722598
0.728689
0.735483
0.742948
0.75105
0.759755
0.769028
0.778832
0.789134
0.799897
0.811088
0.822673
0.834618
0.846892
0.859463
0.872303
0.885381
0.898671
0.912147
0.925784
0.939557
0.953444
0.967425
0.981477
0.995582
1.00972
1.02388
1.03804
1.05219
1.0663
1.08038
1.0944
1.10835
1.12223
1.13602
1.14971
1.1633
1.17677
1.19011
1.20333
1.21641
1.22934
1.24213
1.25476
1.26723
1.27954
1.29169
1.30366
1.31545
1.32707
1.33851
1.34977
1.36085
1.37174
1.38245
1.39297
1.4033
1.41345
1.42341
1.43318
1.44277
1.45218
1.4614
1.47043
1.47929
1.48796
1.49646
1.50478
1.51293
1.5209
1.52871
1.53635
1.54382
1.55113
1.55828
1.56528
1.57212
1.57882
1.58536
1.59177
1.59803
1.60415
1.61014
1.616
1.62173
1.62733
1.63281
1.63818
1.64343
1.64856
1.65359
1.65851
1.66332
1.66803
1.67265
1.67717
1.68159
1.68592
1.69017
1.69432
1.69839
1.70238
1.70628
1.71011
1.71385
1.71752
1.7211
1.72461
1.72805
1.73141
1.73469
1.7379
1.74103
1.74408
1.74706
1.74996
1.75278
1.75552
1.75819
1.76076
1.76326
1.76567
1.76799
1.77022
1.77236
1.7744
1.77635
1.77819
1.77994
1.78157
1.7831
1.78451
1.78581
1.78698
1.78803
1.78896
1.78975
1.7904
1.79092
1.79129
1.79152
1.79159
1.7915
1.79125
1.79084
1.79025
1.78949
1.78856
1.78743
1.78612
1.78462
1.78292
1.78102
1.77891
1.7766
1.77406
1.77131
1.76834
1.76514
1.76171
1.75804
1.75414
1.74999
1.7456
1.74095
1.73606
1.73091
1.7255
1.71983
1.71389
1.70769
1.70122
1.69447
1.68745
1.68016
1.67259
1.66473
1.6566
1.64819
1.63949
1.63051
1.62124
1.61169
1.60185
1.59173
1.58133
1.57064
1.55967
1.54841
1.53688
1.52506
1.51297
1.5006
1.48796
1.47505
1.46187
1.44842
1.43471
1.42075
1.40653
1.39207
1.37736
1.36241
1.34723
1.33182
1.31618
1.30033
1.28428
1.26802
1.25157
1.23493
1.21812
1.20114
1.184
1.16672
1.1493
1.13175
1.11409
1.09633
1.07849
1.06057
1.04259
1.02458
1.00653
0.988482
0.970442
0.952434
0.934477
0.916595
0.898811
0.88115
0.863637
0.846302
0.829173
0.812282
0.795662
0.779348
0.763376
0.747786
0.732618
0.717914
0.703718
0.690077
0.677036
0.664645
0.652952
0.642007
0.631857
0.622552
0.614136
0.606654
0.600147
