
Dual Residual: 
1
18415.3
4179.46
1920.83
1129.4
950.45
802.885
646.315
510.521
442.285
420.785
392.036
341.397
283.377
235.041
203.396
186.101
178.018
174.846
173.43
171.713
168.607
163.574
156.329
146.919
135.886
124.24
113.18
103.714
96.3688
91.1249
87.5997
85.3274
83.949
83.2255
82.929
82.733
82.1973
80.8596
78.378
74.6584
69.9302
64.7587
59.9729
56.4662
54.8499
55.1255
56.6837
58.6516
60.2619
61.0356
60.8068
59.6736
57.9185
55.9133
54.0149
52.4692
51.3531
50.5787
49.9564
49.2809
48.4025
47.268
45.9325
44.5501
43.3468
42.573
42.4388
43.0475
44.3579
46.1976
48.3145
50.4354
52.3104
53.7368
54.5691
54.7204
54.1604
52.9116
51.045
48.6766
45.9643
43.1036
40.321
37.8591
35.9473
34.7563
34.3497
34.6614
35.5172
36.6905
37.9567
39.1295
40.0755
40.716
41.0219
41.007
40.7192
40.2312
39.6299
39.0053
38.4382
37.9891
37.6905
37.5435
37.521
37.5753
37.6491
37.6856
37.6372
37.4706
37.1701
36.737
36.1884
35.5535
34.8701
34.18
33.5247
32.9418
32.4626
32.1099
31.8981
31.8334
31.9148
32.135
32.4813
32.9361
33.4769
34.0775
34.708
35.3366
35.9307
36.4588
36.8919
37.2056
37.3812
37.4065
37.2769
36.9951
36.5713
36.0229
35.3736
34.6521
33.8913
33.1265
32.393
31.7245
31.1503
30.6929
30.3664
30.1751
30.1137
30.1678
30.3163
30.5336
30.7924
31.0655
31.3285
31.5605
31.7452
31.8714
31.9328
31.9279
31.8596
31.7341
31.5603
31.3493
31.1128
30.8628
30.6106
30.3663
30.1386
29.9344
29.759
29.6164
29.5094
29.4403
29.4108
29.4226
29.4767
29.5741
29.7147
29.8973
30.1192
30.3756
30.66
30.9634
31.2752
31.5835
31.8752
32.1373
32.3571
32.5232
32.6258
32.6572
32.6127
32.4899
32.2898
32.0161
31.6753
31.2763
30.8302
30.3497
29.8484
29.3404
28.8396
28.3588
27.9095
27.5008
27.1398
26.8305
26.5745
26.3709
26.2165
26.1067
26.0359
25.9979
25.9865
25.9962
26.022
26.0602
26.108
26.1635
26.2259
26.295
26.3714
26.4556
26.5486
26.651
26.7634
26.886
27.0185
27.1605
27.3109
27.4685
27.6318
27.799
27.9683
28.1375
28.3045
28.4671
28.6228
28.769
28.9031
29.0223
29.1236
29.204
29.2609
29.2913
29.293
29.2639
29.2028
29.109
28.9828
28.8256
28.6396
28.4283
28.1964
27.9494
27.6938
27.437
27.1868
26.9509
26.7372
26.553
26.4044
26.2964
26.2325
26.2142
26.2414
26.3119
26.4221
26.5669
26.7399
26.9343
27.1427
27.3579
27.5729
27.7811
27.977
28.1556
28.313
28.4464
28.5537
28.6337
28.6863
28.7118
28.711
28.6855
28.637
28.5675
28.479
28.3739
28.2541
28.1217
27.9787
27.8267
27.6675
27.5024
27.3325
27.1591
26.9829
26.8046
26.6249
26.4443
26.263
26.0814
25.8998
25.7184
25.5376
25.3576
25.1791
25.0026
24.8293
24.6602
24.4967
24.3407
24.1941
24.0592
23.9383
23.8338
23.7482
23.6836
23.6421
23.6252
23.6338
23.6685
23.7288
23.814
23.9223
24.0515
24.1988
24.3611
24.5348
24.7162
24.9018
25.088
25.2715
25.4493
25.6189
25.7781
25.9253
26.0593
26.1795
26.2854
26.3774
26.4556
26.5209
26.5739
26.6157
26.6473
26.6694
26.6829
26.6886
26.6869
26.6782
26.6627
26.6402
26.6106
26.5735
26.5284
26.4748
26.4121
26.3396
26.2568
26.1633
26.0586
25.9426
25.815
25.6761
25.526
25.3653
25.1946
25.0147
24.8268
24.6319
24.4314
24.2268
24.0197
23.8116
23.6042
23.399
23.1978
23.0018
22.8123
22.6306
22.4574
22.2933
22.1388
21.9937
21.8579
21.7309
21.6119
21.4999
21.3938
21.2923
21.1942
21.0981
21.0029
20.9073
20.8105
20.7117
20.6104
20.5063
20.3994
20.2901
20.1789
20.0665
19.9539
19.8424
19.7331
19.6275
19.527
19.4331
19.3471
19.2704
19.2042
19.1496
19.1074
19.0786
19.0636
19.063
19.0772
19.1062
19.1503
19.2094
19.2835
19.3725
19.4764
19.5949
19.7279
19.8753
20.0369
20.2124
20.4016
20.6042
20.8198
21.0479
21.288
21.5394
21.8012
22.0726
22.3526
22.6398
22.9329
23.2306
23.5313
23.8333
24.135
24.4344
24.7298
25.0194
25.3014
25.5738
25.835
26.0833
26.3171
26.5348
26.7351
26.9168
27.0786
27.2198
27.3393
27.4366
27.5112
27.5627
27.591
27.5959
27.5776
27.5362
27.4721
27.3859
27.2779
27.149
26.9998
26.8311
26.644
26.4394
26.2183
25.9819
25.7313
25.4678
25.1926
24.9072
24.613
24.3113
24.0038
23.6919
23.3773
23.0615
22.7463
22.4333
22.124
21.8203
21.5235
21.2354
20.9573
20.6905
20.4364
20.1959
19.9701
19.7596
19.5651
19.3869
19.2253
19.0801
18.9514
18.8386
18.7413
18.6589
18.5906
18.5357
18.4933
18.4625
18.4425
18.4324
18.4314
18.4387
18.4536
18.4756
18.504
18.5384
18.5783
18.6235
18.6735
18.7281
18.787
18.85
18.9168
18.9871
19.0605
19.1366
19.2151
19.2955
19.3772
19.4597
19.5423
19.6243
19.705
19.7838
19.8599
19.9327
20.0014
20.0655
20.1244
20.1775
20.2246
20.2653
20.2994
20.3268
20.3475
20.3617
20.3697
20.3717
20.3683
20.36
20.3475
20.3314
20.3126
20.2918
20.2699
20.2477
20.2261
20.2058
20.1876
20.1722
20.1602
20.1522
20.1486
20.1497
20.1558
20.1669
20.1832
20.2044
20.2303
20.2608
20.2954
20.3336
20.375
20.419
20.465
20.5124
20.5605
20.6088
20.6565
20.7032
20.7482
20.7911
20.8313
20.8684
20.9021
20.9321
20.958
20.9797
20.997
21.0099
21.0183
21.0222
21.0219
21.0172
21.0086
20.996
20.9799
20.9603
20.9377
20.9123
20.8844
20.8543
20.8223
20.7886
20.7536
20.7173
20.68
20.6418
20.6029
20.5632
20.5227
20.4814
20.4392
20.3958
20.3511
20.3048
20.2566
20.2061
20.153
20.0969
20.0374
19.9741
19.9067
19.8347
19.7578
19.6758
19.5883
19.4953
19.3966
19.2923
19.1822
19.0667
18.9459
18.8202
18.6901
18.5562
18.4189
18.2793
18.1381
17.9962
17.8548
17.715
17.5778
17.4447
17.3169
17.1956
17.0823
16.9781
16.8843
16.8022
16.7328
16.6771
16.636
16.6102
16.6003
16.6067
16.6297
16.6692
16.7251
16.7971
16.8847
16.9872
17.1039
17.2337
17.3756
17.5284
17.691
17.862
18.04
18.2238
18.412
18.6031
18.7959
18.989
19.1811
19.3711
19.5577
19.7398
19.9163
20.0863
20.2488
20.4031
20.5482
20.6836
20.8085
20.9225
21.025
21.1157
21.1942
21.2603
21.3138
21.3547
21.3827
21.398
21.4007
21.3909
21.3688
21.3346
21.2887
21.2314
21.1631
21.0843
20.9955
20.8971
20.7897
20.674
20.5504
20.4197
20.2825
20.1394
19.9912
19.8386
19.6822
19.5227
19.361
19.1977
19.0335
18.8691
18.7053
18.5428
18.3822
18.2242
18.0695
17.9186
17.7723
17.6311
17.4954
17.3659
17.2429
17.1268
17.0181
16.9169
16.8236
16.7383
16.6611
16.5922
16.5314
16.4786
16.4339
16.3969
16.3675
16.3453
16.3299
16.3211
16.3183
16.3212
16.3292
16.3419
16.3587
16.3791
16.4027
16.4289
16.4573
16.4874
16.5187
16.5508
16.5834
16.616
16.6483
16.68
16.7108
16.7405
16.7689
16.7958
16.821
16.8445
16.866
16.8856
16.9032
16.9187
16.9321
16.9434
16.9526
16.9596
16.9646
16.9673
16.968
16.9665
16.9628
16.957
16.949
16.9388
16.9263
16.9116
16.8945
16.8751
16.8533
16.829
16.8023
16.7731
16.7414
16.7072
16.6706
16.6315
16.5901
16.5465
16.5008
16.4532
16.404
16.3533
16.3015
16.2489
16.1959
16.143
16.0905
16.0391
15.9892
15.9414
15.8963
15.8545
15.8166
15.7832
15.755
15.7324
15.7161
15.7065
15.7041
15.7092
15.7223
15.7434
15.7729
15.8107
15.8568
15.9111
15.9733
16.0431
16.1202
16.2039
16.2937
16.389
16.4891
16.5931
16.7002
16.8097
16.9206
17.0321
17.1433
17.2533
17.3613
17.4664
17.5679
17.6651
17.7571
17.8434
17.9234
17.9965
18.0624
18.1205
18.1706
18.2123
18.2456
18.2703
18.2863
18.2937
18.2926
18.2831
18.2653
18.2397
18.2065
18.1662
18.119
18.0656
18.0064
17.942
17.873
17.7998
17.7233
17.6439
17.5624
17.4792
17.3952
17.3107
17.2265
17.143
17.0608
16.9804
16.9021
16.8264
16.7536
16.6839
16.6177
16.5549
16.4958
16.4404
16.3887
16.3405
16.2959
16.2545
16.2162
16.1808
16.1479
16.1173
16.0885
16.0613
16.0353
16.0101
15.9853
15.9606
15.9355
15.9099
15.8832
15.8554
15.826
15.7948
15.7616
15.7263
15.6887
15.6488
15.6064
15.5615
15.5142
15.4646
15.4127
15.3588
15.3029
15.2453
15.1864
15.1263
15.0654
15.004
14.9426
14.8816
14.8213
14.7623
14.7048
14.6495
14.5968
14.5471
14.5008
14.4584
14.4203
14.3869
14.3585
14.3355
14.3181
14.3065
14.3011
14.3018
14.3089
14.3223
14.342
14.3681
14.4004
14.4388
14.483
14.5329
14.5881
14.6485
14.7135
14.783
14.8565
14.9336
15.0139
15.097
15.1826
15.2701
15.3593
15.4496
15.5408
15.6324
15.7242
15.8157
15.9066
15.9968
16.0858
16.1735
16.2595
16.3438
16.426
16.506
16.5837
16.6589
16.7314
16.8012
16.8681
16.932
16.9929
17.0506
17.105
17.1561
17.2037
17.2477
17.2882
17.3248
17.3577
17.3865
17.4112
17.4318
17.4479
17.4596
17.4665
17.4686
17.4658
17.4577
17.4443
17.4254
17.4008
17.3703
17.3337
17.2909
17.2417
17.1859
17.1234
17.0542
16.978
16.8947
16.8044
16.7069
16.6023
16.4905
16.3716
16.2457
16.1128
15.973
15.8267
15.674
15.5152
15.3505
15.1804
15.0052
14.8254
14.6415
14.454
14.2636
14.0709
13.8766
13.6814
13.4862
13.2918
13.099
12.9089
12.7223
12.5403
12.3638
12.194
12.0318
11.8782
11.7342
11.6009
11.479
11.3695
11.2732
11.1907
11.1225
11.0692
11.0311
11.0083
11.0009
11.0087
11.0316
11.0693
11.1211
11.1866
11.2651
11.3558
11.4578
11.5704
11.6925
11.8234
11.962
12.1075
12.259
12.4156
12.5764
12.7406
12.9076
13.0767
13.247
13.4182
13.5895
13.7605
13.9308
14.1
14.2676
14.4334
14.5971
14.7583
14.917
15.073
15.226
15.3759
15.5226
15.666
15.806
15.9425
16.0755
16.2048
16.3305
16.4523
16.5703
16.6844
16.7945
16.9004
17.0021
17.0995
17.1925
17.2808
17.3645
17.4433
17.517
17.5856
17.6487
17.7064
17.7583
17.8042
17.8441
17.8776
17.9047
17.9251
17.9386
17.9451
17.9444
17.9364
17.9208
17.8977
17.8669
17.8283
17.7818
17.7274
17.665
17.5948
17.5166
17.4305
17.3367
17.2351
17.126
17.0095
16.8859
16.7552
16.6178
16.4739
16.3239
16.168
16.0068
15.8404
15.6695
15.4944
15.3156
15.1337
14.9491
14.7625
14.5744
14.3854
14.1961
14.0073
13.8195
13.6335
13.4499
13.2694
13.0927
12.9206
12.7536
12.5924
12.4378
12.2903
12.1506
12.0191
11.8965
11.7832
11.6796
11.586
11.5027
11.43
11.368
11.3168
11.2763
11.2465
11.2271
11.2181
11.219
11.2296
11.2494
11.2779
11.3147
11.3593
11.411
11.4693
11.5336
11.6034
11.678
11.7568
11.8393
11.9249
12.013
12.1031
12.1948
12.2876
12.3809
12.4744
12.5678
12.6605
12.7524
12.843
12.9322
13.0196
13.1051
13.1884
13.2694
13.348
13.424
13.4973
13.5679
13.6357
13.7007
13.7629
13.8222
13.8787
13.9324
13.9833
14.0317
14.0774
14.1206
14.1614
14.1999
14.2362
14.2705
14.3028
14.3333
14.3622
14.3895
14.4154
14.44
14.4635
14.4861
14.5078
14.5287
14.5491
14.569
14.5885
14.6078
14.6269
14.6459
14.6648
14.6839
14.7031
14.7224
14.7419
14.7616
14.7815
14.8017
14.822
14.8426
14.8633
14.884
14.9048
14.9256
14.9463
14.9667
14.9869
15.0067
15.0259
15.0445
15.0623
15.0793
15.0952
15.11
15.1235
15.1355
15.146
15.1547
15.1616
15.1664
15.1691
15.1696
15.1676
15.163
15.1559
15.1459
15.133
15.1172
15.0983
15.0762
15.0508
15.0222
14.9902
14.9548
14.916
14.8737
14.828
14.7788
14.7261
14.6701
14.6107
14.548
14.482
14.413
14.3409
14.2659
14.1881
14.1077
14.0248
13.9397
13.8524
13.7633
13.6725
13.5802
13.4868
13.3924
13.2974
13.202
13.1064
13.0111
12.9162
12.8222
12.7292
12.6377
12.5478
12.4601
12.3746
12.2918
12.212
12.1354
12.0623
11.993
11.9277
11.8667
11.8102
11.7583
11.7113
11.6693
11.6325
11.6009
11.5747
11.5539
11.5385
11.5286
11.5241
11.525
11.5313
11.5428
11.5595
11.5813
11.608
11.6394
11.6755
11.7159
11.7606
11.8093
11.8619
11.918
11.9776
12.0403
12.1059
12.1743
12.2451
12.3182
12.3933
12.4701
12.5486
12.6283
12.7092
12.7909
12.8733
12.9561
13.0392
13.1223
13.2052
13.2877
13.3696
13.4508
13.5309
13.6099
13.6875
13.7636
13.8379
13.9104
13.9807
14.0489
14.1146
14.1779
14.2384
14.296
14.3507
14.4023
14.4506
14.4955
14.5369
14.5748
14.6089
14.6392
14.6656
14.688
14.7063
14.7206
14.7306
14.7363
14.7377
14.7348
14.7274
14.7156
14.6994
14.6787
14.6534
14.6237
14.5895
14.5508
14.5077
14.4601
14.4081
14.3516
14.2909
14.2258
14.1566
14.0831
14.0055
13.9239
13.8384
13.749
13.6559
13.5591
13.4588
13.3551
13.2481
13.138
13.025
12.9091
12.7906
12.6697
12.5465
12.4213
12.2943
12.1657
12.0358
11.9048
11.773
11.6408
11.5083
11.376
11.2441
11.113
10.9831
10.8547
10.7283
10.6042
10.4829
10.3647
10.2502
10.1397
10.0337
9.93263
9.83694
9.74707
9.66343
9.58644
9.5165
9.45398
9.39923
9.35256
9.31425
9.28454
9.26364
9.25169
9.2488
9.25504
9.27039
9.29482
9.32824
9.3705
9.4214
9.48072
9.54818
9.62347
9.70625
9.79614
9.89275
9.99565
10.1044
10.2186
10.3378
10.4614
10.5891
10.7204
10.8548
10.9919
11.1313
11.2724
11.4149
11.5583
11.7023
11.8465
11.9904
12.1338
12.2762
12.4174
12.5569
12.6946
12.83
12.963
13.0932
13.2203
13.3442
13.4646
13.5812
13.6939
13.8025
13.9067
14.0064
14.1014
14.1916
14.2769
14.357
14.4319
14.5015
14.5657
14.6244
14.6775
14.7249
14.7667
14.8026
14.8329
14.8573
14.8759
14.8887
14.8957
14.8969
14.8924
14.8821
14.8662
14.8446
14.8175
14.7849
14.7469
14.7035
14.655
14.6013
14.5427
14.4791
14.4108
14.3379
14.2604
14.1786
14.0927
14.0026
13.9087
13.8111
13.7099
13.6053
13.4976
13.3867
13.2731
13.1568
13.038
12.917
12.7938
12.6688
12.5421
12.4139
12.2845
12.1539
12.0225
11.8905
11.758
11.6253
11.4927
11.3602
11.2282
11.097
10.9666
10.8374
10.7096
10.5835
10.4593
10.3372
10.2176
10.1006
9.98664
9.87587
9.76861
9.66512
9.56568
9.47057
9.38006
9.29442
9.21392
9.13882
9.06937
9.00581
8.94837
8.89726
8.85267
8.81478
8.78373
8.75965
8.74264
8.73275
8.73004
8.73449
8.74608
8.76476
8.79042
8.82292
8.86212
8.90781
8.95978
9.01776
9.08148
9.15063
9.2249
9.30393
9.38737
9.47484
9.56596
9.66033
9.75756
9.85724
9.95896
10.0623
10.1669
10.2724
10.3783
10.4843
10.5899
10.695
10.799
10.9016
11.0026
11.1016
11.1983
11.2925
11.3839
11.4722
11.5572
11.6387
11.7165
11.7905
11.8605
11.9263
11.9878
12.045
12.0978
12.1461
12.1898
12.229
12.2637
12.2938
12.3194
12.3407
12.3576
12.3702
12.3787
12.3832
12.3839
12.3808
12.3743
12.3644
12.3514
12.3356
12.317
12.2961
12.273
12.248
12.2213
12.1933
12.1641
12.1341
12.1036
12.0728
12.0419
12.0113
11.9812
11.9518
11.9233
11.8961
11.8702
11.8459
11.8234
11.8028
11.7842
11.7678
11.7536
11.7417
11.7322
11.7251
11.7205
11.7182
11.7183
11.7206
11.7253
11.732
11.7409
11.7516
11.7641
11.7783
11.7939
11.8108
11.8289
11.8479
11.8678
11.8882
11.909
11.93
11.9511
11.9721
11.9927
12.0128
12.0323
12.051
12.0687
12.0853
12.1007
12.1148
12.1274
12.1385
12.1479
12.1556
12.1615
12.1656
12.1678
12.1681
12.1664
12.1628
12.1573
12.1498
12.1404
12.1291
12.116
12.1011
12.0844
12.066
12.0461
12.0245
12.0016
11.9773
11.9517
11.925
11.8972
11.8685
11.8389
11.8086
11.7778
11.7465
11.7148
11.6829
11.6509
11.6189
11.5871
11.5555
11.5243
11.4936
11.4635
11.4341
11.4055
11.3778
11.3511
11.3255
11.3011
11.2779
11.2559
11.2353
11.2161
11.1983
11.1819
11.1669
11.1534
11.1413
11.1306
11.1213
11.1134
11.1068
11.1014
11.0971
11.0939
11.0918
11.0905
11.09
11.0901
11.0908
11.0919
11.0933
11.0949
11.0964
11.0978
11.0989
11.0995
11.0995
11.0988
11.0971
11.0944
11.0904
11.0851
11.0783
11.0698
11.0596
11.0474
11.0332
11.0169
10.9983
10.9774
10.954
10.9282
10.8998
10.8688
10.8351
10.7987
10.7597
10.7179
10.6734
10.6263
10.5765
10.5241
10.4692
10.4119
10.3523
10.2904
10.2264
10.1605
10.0929
10.0236
9.95291
9.88103
9.80818
9.73459
9.66053
9.58627
9.51209
9.43828
9.36517
9.29306
9.22229
9.15321
9.08615
9.02147
8.95953
8.90068
8.84527
8.79365
8.74617
8.70316
8.66493
8.63179
8.60402
8.58187
8.56559
8.55537
8.5514
8.55382
8.56273
8.5782
8.60028
8.62895
8.66419
8.70592
8.75403
8.80837
8.86878
8.93506
9.00696
9.08425
9.16664
9.25384
9.34555
9.44144
9.54117
9.64442
9.75083
9.86006
9.97175
10.0856
10.2012
10.3182
10.4363
10.5552
10.6746
10.7941
10.9135
11.0323
11.1505
11.2676
11.3835
11.4978
11.6104
11.7209
11.8293
11.9352
12.0385
12.139
12.2364
12.3308
12.4218
12.5094
12.5934
12.6737
12.7502
12.8227
12.8912
12.9557
13.0159
13.072
13.1237
13.1711
13.2141
13.2527
13.2869
13.3166
13.3419
13.3628
13.3792
13.3912
13.3988
13.402
13.4009
13.3955
13.3859
13.3721
13.3542
13.3322
13.3063
13.2764
13.2427
13.2052
13.1641
13.1193
13.0711
13.0194
12.9645
12.9063
12.8449
12.7806
12.7133
12.6431
12.5702
12.4947
12.4166
12.336
12.2531
12.1679
12.0805
11.991
11.8995
11.806
11.7107
11.6137
11.515
11.4147
11.3129
11.2096
11.105
10.999
10.8919
10.7836
10.6743
10.564
10.4528
10.3408
10.2281
10.1147
10.0007
9.88632
9.77155
9.65652
9.54135
9.42616
9.31107
9.19621
9.08174
8.96779
8.85454
8.74217
8.63084
8.52077
8.41217
8.30524
8.20024
8.0974
7.99699
7.89927
7.80453
7.71305
7.62516
7.54114
7.46132
7.38601
7.31554
7.25022
7.19037
7.13629
7.08829
7.04663
7.0116
6.98342
6.96231
6.94847
6.94204
6.94316
6.95192
6.96836
6.99249
7.0243
7.06371
7.11062
7.16489
7.22636
7.2948
7.36999
7.45164
7.53949
7.6332
7.73244
7.83688
7.94615
8.05989
8.17772
8.29927
8.42416
8.55201
8.68245
8.81512
8.94966
9.08571
9.22292
9.36097
9.49952
9.63826
9.77687
9.91507
10.0526
10.1891
10.3243
10.458
10.59
10.72
10.8477
10.973
11.0956
11.2153
11.3319
11.4452
11.5552
11.6614
11.7639
11.8625
11.9569
12.0471
12.1329
12.2143
12.291
12.363
12.4302
12.4924
12.5497
12.6019
12.6489
12.6907
12.7273
12.7586
12.7846
12.8052
12.8205
12.8304
12.835
12.8342
12.8281
12.8167
12.8001
12.7783
12.7513
12.7194
12.6824
12.6406
12.594
12.5428
12.4871
12.427
12.3626
12.2942
12.2219
12.1459
12.0664
11.9835
11.8975
11.8086
11.7171
11.6232
11.5272
11.4293
11.3297
11.2289
11.127
11.0244
10.9214
10.8184
10.7155
10.6132
10.5118
10.4115
10.3129
10.216
10.1214
10.0294
9.94013
9.85404
9.77139
9.69247
9.61756
9.54689
9.48069
9.41919
9.36256
9.31095
9.26451
9.22333
9.18748
9.15701
9.13192
9.11219
9.09776
9.08856
9.08447
9.08534
9.09102
9.10131
9.11599
9.13484
9.15759
9.18399
9.21375
9.24659
9.28221
9.32031
9.36058
9.40272
9.44643
9.49141
9.53736
9.584
9.63104
9.6782
9.72524
9.7719
9.81794
9.86313
9.90726
9.95012
9.99154
10.0313
10.0693
10.1054
10.1394
10.1712
10.2008
10.2279
10.2526
10.2747
10.2942
10.3112
10.3254
10.3369
10.3458
10.3519
10.3554
10.3562
10.3543
10.3498
10.3427
10.3332
10.3211
10.3066
10.2899
10.2708
10.2496
10.2262
10.2009
10.1736
10.1445
10.1136
10.0811
10.0471
10.0116
9.97471
9.9366
9.89733
9.857
9.81571
9.77355
9.7306
9.68698
9.64275
9.59801
9.55285
9.50733
9.46155
9.41557
9.36947
9.32332
9.27718
9.23112
9.1852
9.13947
9.09401
9.04885
9.00406
8.95968
8.91577
8.87237
8.82953
8.78731
8.74576
8.70491
8.66483
8.62557
8.58717
8.54971
8.51322
8.47779
8.44346
8.41031
8.3784
8.34782
8.31863
8.29092
8.26476
8.24026
8.21748
8.19654
8.17751
8.1605
8.14561
8.13292
8.12255
8.11458
8.10912
8.10625
8.10607
8.10867
8.11413
8.12253
8.13394
8.14843
8.16604
8.18684
8.21086
8.23812
8.26865
8.30246
8.33954
8.37987
8.42343
8.47019
8.52008
8.57304
8.62901
8.68789
8.74959
8.814
8.881
8.95047
9.02226
9.09624
9.17225
9.25014
9.32973
9.41086
9.49336
9.57703
9.66171
9.74719
9.83331
9.91986
10.0067
10.0935
10.1802
10.2666
10.3525
10.4377
10.5219
10.6052
10.6871
10.7677
10.8466
10.9238
10.9991
11.0722
11.1432
11.2117
11.2776
11.3409
11.4013
11.4588
11.5132
11.5644
11.6123
11.6567
11.6976
11.7349
11.7685
11.7983
11.8242
11.8462
11.8642
11.878
11.8878
11.8935
11.8949
11.8921
11.8851
11.8737
11.8582
11.8383
11.8142
11.7858
11.7531
11.7163
11.6752
11.63
11.5807
11.5273
11.4699
11.4085
11.3433
11.2742
11.2014
11.125
11.045
10.9615
10.8747
10.7846
10.6914
10.5951
10.4959
10.394
10.2893
10.1822
10.0726
9.96078
9.84684
9.73095
9.61324
9.49386
9.37299
9.25076
9.12735
9.00292
8.87764
8.75168
8.6252
8.49838
8.3714
8.24444
8.11766
7.99127
7.86543
7.74033
7.61616
7.49311
7.37137
7.25113
7.13258
7.01592
6.90133
6.78903
6.6792
6.57204
6.46776
6.36655
6.2686
6.17411
6.08328
5.99629
5.91334
5.83461
5.76027
5.69049
5.62545
5.56528
5.51015
5.46018
5.41551
5.37623
5.34246
5.31428
5.29177
5.27499
5.26398
5.25878
5.25941
5.26588
5.27817
5.29628
5.32015
5.34975
5.38501
5.42585
5.47219
5.52391
5.5809
5.64302
5.71015
5.78211
5.85876
5.9399
6.02537
6.11496
6.20849
6.30575
6.40654
6.51065
6.61787
6.72799
6.84081
6.95611
7.07368
7.19332
7.31483
7.438
7.56263
7.68852
7.81549
7.94333
8.07186
8.2009
8.33025
8.45973
8.58917
8.71839
8.8472
8.97544
9.10293
9.22951
9.35501
9.47925
9.60209
9.72335
9.84288
9.96052
10.0761
10.1895
10.3006
10.4092
10.5151
10.6183
10.7186
10.8158
10.9099
11.0006
11.088
11.1718
11.252
11.3284
11.4009
11.4695
11.534
11.5944
11.6505
11.7023
11.7496
11.7925
11.8309
11.8646
11.8937
11.9181
11.9377
11.9526
11.9626
11.9677
11.968
11.9635
11.954
11.9397
11.9205
11.8964
11.8676
11.8339
11.7955
11.7524
11.7046
11.6522
11.5953
11.534
11.4682
11.3982
11.3241
11.2458
11.1636
11.0775
10.9877
10.8944
10.7976
10.6976
10.5944
10.4883
10.3794
10.268
10.1542
10.0382
9.92022
9.80052
9.67931
9.55683
9.43333
9.30907
9.18431
9.05932
8.93438
8.80979
8.68584
8.56284
8.44108
8.32089
8.20258
8.08647
7.97289
7.86217
7.75461
7.65055
7.5503
7.45417
7.36244
7.27542
7.19336
7.11652
7.04513
6.97941
6.91952
6.86563
6.81787
6.77631
6.74103
6.71205
6.68935
6.6729
6.66261
6.65838
6.66007
6.66751
6.68049
6.6988
6.72219
6.75039
6.78314
6.82014
6.86109
6.90566
6.95356
7.00446
7.05805
7.114
7.17201
7.23178
7.29299
7.35538
7.41864
7.48253
7.54677
7.61112
7.67535
7.73924
7.80258
7.86517
7.92684
7.9874
8.04671
8.10462
8.16099
8.2157
8.26864
8.31971
8.36882
8.41589
8.46085
8.50364
8.54422
8.58253
8.61855
8.65225
8.68361
8.71263
8.73931
8.76365
8.78566
8.80536
8.82279
8.83797
8.85094
8.86174
8.87043
8.87706
8.88168
8.88437
8.88519
8.8842
8.8815
8.87716
8.87125
8.86388
8.85512
8.84507
8.83383
8.82148
8.80813
8.79388
8.77883
8.76307
8.74672
8.72987
8.71262
8.69509
8.67737
8.65956
8.64177
8.62409
8.60662
8.58946
8.57271
8.55644
8.54076
8.52575
8.5115
8.49808
8.48557
8.47405
8.46358
8.45424
8.44609
8.43918
8.43356
8.4293
8.42644
8.42501
8.42506
8.42662
8.42971
8.43436
8.4406
8.44843
8.45786
8.46891
8.48157
8.49585
8.51173
8.5292
8.54825
8.56885
8.591
8.61465
8.63977
8.66634
8.6943
8.72363
8.75426
8.78616
8.81926
8.85351
8.88885
8.92521
8.96253
9.00074
9.03976
9.07951
9.11993
9.16093
9.20242
9.24431
9.28653
9.32897
9.37155
9.41417
9.45673
9.49914
9.54129
9.5831
9.62445
9.66524
9.70537
9.74474
9.78324
9.82077
9.85722
9.8925
9.92649
9.9591
9.99023
10.0198
10.0476
10.0737
10.0979
10.1201
10.1403
10.1583
10.1741
10.1876
10.1987
10.2073
10.2133
10.2167
10.2174
10.2154
10.2105
10.2028
10.1922
10.1786
10.1619
10.1423
10.1195
10.0937
10.0647
10.0325
9.99719
9.95869
9.91702
9.87217
9.82415
9.77298
9.71867
9.66125
9.60075
9.5372
9.47065
9.40114
9.32874
9.25349
9.17548
9.09476
9.01143
8.92557
8.83726
8.74663
8.65376
8.55878
8.4618
8.36297
8.26242
8.16029
8.05673
7.95192
7.84602
7.73922
7.63169
7.52365
7.41529
7.30685
7.19853
7.09059
6.98326
6.8768
6.77148
6.66758
6.56536
6.46513
6.36717
6.2718
6.17932
6.09003
6.00425
5.92229
5.84444
5.77101
5.70228
5.63852
5.58001
5.52697
5.47963
5.43817
5.40277
5.37357
5.35066
5.33413
5.32402
5.32034
5.32306
5.33213
5.34746
5.36895
5.39644
5.42977
5.46875
5.51316
5.56277
5.61733
5.67659
5.74026
5.80806
5.87971
5.95491
6.03338
6.11482
6.19895
6.28548
6.37415
6.46468
6.55683
6.65034
6.74499
6.84055
6.9368
7.03356
7.13064
7.22785
7.32504
7.42206
7.51876
7.61501
7.71068
7.80567
7.89987
7.99319
8.08552
8.1768
8.26694
8.35587
8.44354
8.52987
8.61483
8.69835
8.78039
8.8609
8.93986
9.01722
9.09295
9.16702
9.23941
9.31008
9.37901
9.44617
9.51156
9.57514
9.63689
9.6968
9.75484
9.811
9.86525
9.91758
9.96797
10.0164
10.0628
10.1073
10.1497
10.19
10.2283
10.2644
10.2984
10.3303
10.36
10.3874
10.4126
10.4355
10.4561
10.4744
10.4903
10.5037
10.5147
10.5233
10.5293
10.5327
10.5336
10.5319
10.5275
10.5204
10.5106
10.4981
10.4828
10.4647
10.4438
10.4201
10.3934
10.3639
10.3315
10.2962
10.258
10.2169
10.1728
10.1258
10.0759
10.023
9.96728
9.90865
9.84716
9.78282
9.71568
9.64577
9.57311
9.49777
9.41979
9.33923
9.25614
9.17061
9.08269
8.99248
8.90005
8.80551
8.70895
8.61049
8.51023
8.40831
8.30485
8.19998
8.09387
7.98666
7.87851
7.76961
7.66013
7.55027
7.44021
7.33019
7.2204
7.11109
7.00248
6.89482
6.78837
6.6834
6.58016
6.47894
6.38001
6.28367
6.1902
6.09989
6.01303
5.92991
5.85081
5.77599
5.70573
5.64025
5.57981
5.52459
5.4748
5.43058
5.39208
5.3594
5.33261
5.31175
5.29682
5.28781
5.28466
5.28727
5.29554
5.30932
5.32844
5.3527
5.38189
5.41577
5.45409
5.4966
5.543
5.59304
5.6464
5.70281
5.76196
5.82358
5.88737
5.95305
6.02035
6.08899
6.15873
6.22932
6.30052
6.37211
6.44389
6.51564
6.5872
6.65838
6.72902
6.79899
6.86815
6.93637
7.00354
7.06956
7.13434
7.19781
7.25988
7.32051
7.37964
7.43723
7.49323
7.54763
7.6004
7.65153
7.70101
7.74884
7.79502
7.83956
7.88247
7.92378
7.96349
8.00165
8.03827
8.07339
8.10704
8.13926
8.17009
8.19957
8.22774
8.25465
8.28034
8.30485
8.32823
8.35053
8.37179
8.39206
8.41139
8.42983
8.44741
8.46418
8.48018
8.49547
8.51007
8.52403
8.53738
8.55017
8.56227
8.57362
8.58485
8.59566
8.60607
8.61612
8.62582
8.63517
8.64419
8.65289
8.66128
8.6694
8.67724
8.68481
8.69212
8.69916
8.70593
8.71242
8.71862
8.72454
8.73016
8.73548
8.74049
8.74519
8.74956
8.7536
8.7573
8.76065
8.76364
8.76626
8.76849
8.77033
8.77177
8.77279
8.77339
8.77356
8.77329
8.77257
8.7714
8.76976
8.76766
8.76508
8.76201
8.75846
8.75442
8.74988
8.74484
8.7393
8.73324
8.72667
8.71958
8.71196
8.70381
8.69512
8.6859
8.67613
8.66581
8.65493
8.64349
8.63149
8.6189
8.60574
8.59198
8.57762
8.56266
8.54707
8.53085
8.51398
8.49645
8.47825
8.45936
8.43976
8.41944
8.39836
8.37653
8.35391
8.33047
8.30621
8.28109
8.2551
8.2282
8.20037
8.17159
8.14182
8.11106
8.07926
8.0464
8.01246
7.97742
7.94124
7.90391
7.8654
7.82569
7.78476
7.74259
7.69916
7.65446
7.60846
7.56117
7.51257
7.46265
7.41142
7.35886
7.30499
7.2498
7.19331
7.13554
7.0765
7.01621
6.9547
6.89201
6.82817
6.76322
6.69722
6.63022
6.56229
6.49349
6.4239
6.3536
6.28269
6.21127
6.13945
6.06733
5.99506
5.92277
5.8506
5.77871
5.70726
5.63643
5.56642
5.49741
5.42961
5.36324
5.29853
5.23571
5.17502
5.11671
5.06104
5.00827
4.95866
4.91246
4.86995
4.83136
4.79696
4.76696
4.74161
4.72109
4.7056
4.6953
4.69032
4.69078
4.69675
4.70828
4.72539
4.74807
4.77626
4.8099
4.84888
4.89307
4.9423
4.99642
5.05522
5.11848
5.18599
5.2575
5.33277
5.41156
5.49361
5.57867
5.66647
5.75677
5.84933
5.94388
6.0402
6.13805
6.23719
6.33742
6.43851
6.54025
6.64244
6.74489
6.84741
6.94983
7.05196
7.15364
7.25472
7.35504
7.45445
7.55282
7.65
7.74587
7.84031
7.9332
8.02443
8.11389
8.20148
8.28711
8.37067
8.45209
8.53128
8.60817
8.68267
8.75472
8.82425
8.8912
8.95552
9.01714
9.07602
9.13211
9.18536
9.23574
9.2832
9.32771
9.36925
9.40778
9.44328
9.47572
9.50509
9.53137
9.55454
9.5746
9.59153
9.60533
9.616
9.62352
9.62792
9.62917
9.62731
9.62232
9.61422
9.60302
9.58873
9.57138
9.55098
9.52755
9.50111
9.47168
9.4393
9.40399
9.36577
9.32469
9.28077
9.23405
9.18456
9.13236
9.07747
9.01994
8.95981
8.89714
8.83197
8.76435
8.69433
8.62198
8.54734
8.47048
8.39146
8.31034
8.22719
8.14208
8.05509
7.96628
7.87574
7.78354
7.68978
7.59454
7.4979
7.39998
7.30086
7.20065
7.09946
6.99741
6.8946
6.79117
6.68725
6.58297
6.47847
6.37391
6.26943
6.16521
6.06141
5.95822
5.85581
5.7544
5.65419
5.55539
5.45823
5.36294
5.26977
5.17896
5.09079
5.00551
4.92341
4.84476
4.76984
4.69895
4.63237
4.57036
4.51322
4.46119
4.41452
4.37345
4.33817
4.30887
4.28568
4.26873
4.2581
4.25381
4.25588
4.26427
4.27888
4.29962
4.32632
4.35881
4.39688
4.44028
4.48876
4.54205
4.59986
4.6619
4.72787
4.79745
4.87036
4.94629
5.02494
5.10603
5.18927
5.2744
5.36115
5.44926
5.5385
5.62863
5.71942
5.81067
5.90217
5.99372
6.08515
6.17627
6.26693
6.35695
6.4462
6.53453
6.62181
6.7079
6.7927
6.87608
6.95794
7.03817
7.11669
7.1934
7.26823
7.34108
7.4119
7.48061
7.54715
7.61146
7.6735
7.73321
7.79055
7.84548
7.89798
7.94801
7.99554
8.04055
8.08304
8.12298
8.16037
8.1952
8.22748
8.2572
8.28438
8.30903
8.33116
8.35079
8.36795
8.38266
8.39494
8.40484
8.41239
8.41763
8.4206
8.42135
8.41993
8.41638
8.41077
8.40315
8.39358
8.38212
8.36884
8.35381
8.33709
8.31876
8.29889
8.27755
8.25482
8.23079
8.20552
8.17909
8.1516
8.12312
8.09373
8.06352
8.03257
8.00096
7.96878
7.9361
7.90301
7.8696
7.83593
7.8021
7.76817
7.73422
7.70032
7.66656
7.63299
7.59968
7.56671
7.53412
7.50198
7.47034
7.43926
7.40878
7.37894
7.3498
7.32138
7.29373
7.26686
7.24081
7.21559
7.19123
7.16774
7.14512
7.12339
7.10254
7.08258
7.06349
7.04528
7.02791
7.01139
6.99569
6.9808
6.96667
6.9533
6.94065
6.92868
6.91737
6.90669
6.89659
6.88703
6.87799
6.86941
6.86127
6.85351
6.84611
6.83901
6.83218
6.82558
6.81917
6.81291
6.80676
6.80068
6.79464
6.7886
6.78253
6.7764
6.77017
6.76381
6.7573
6.7506
6.7437
6.73656
6.72916
6.72149
6.71353
6.70524
6.69663
6.68767
6.67835
6.66866
6.65859
6.64813
6.63727
6.62601
6.61433
6.60225
6.58975
6.57684
6.56351
6.54977
6.53562
6.52106
6.5061
6.49075
6.47501
6.4589
6.44242
6.42558
6.40839
6.39088
6.37304
6.35491
6.33649
6.3178
6.29887
6.27971
6.26034
6.2408
6.22109
6.20125
6.18131
6.16129
6.14123
6.12115
6.10109
6.08108
6.06117
6.04139
6.02177
6.00237
5.98322
5.96438
5.94588
5.92777
5.91011
5.89295
5.87634
5.86034
5.845
5.83037
5.81652
5.80351
5.7914
5.78024
5.7701
5.76104
5.75312
5.7464
5.74093
5.73679
5.73403
5.7327
5.73285
5.73455
5.73783
5.74275
5.74935
5.75767
5.76774
5.7796
5.79328
5.8088
5.82617
5.84542
5.86654
5.88955
5.91443
5.94119
5.9698
6.00025
6.03252
6.06657
6.10237
6.13988
6.17906
6.21984
6.26218
6.30602
6.3513
6.39794
6.44587
6.49502
6.54531
6.59666
6.64899
6.7022
6.75621
6.81092
6.86625
6.9221
6.97838
7.03499
7.09182
7.14879
7.2058
7.26274
7.31953
7.37606
7.43223
7.48795
7.54312
7.59765
7.65144
7.7044
7.75643
7.80745
7.85737
7.9061
7.95355
7.99964
8.04428
8.0874
8.12891
8.16874
8.20682
8.24307
8.27742
8.3098
8.34015
8.3684
8.39449
8.41837
8.43998
8.45926
8.47616
8.49063
8.50264
8.51213
8.51906
8.5234
8.52511
8.52415
8.52051
8.51414
8.50504
8.49317
8.47851
8.46106
8.44079
8.4177
8.39178
8.36302
8.33142
8.29699
8.25973
8.21964
8.17673
8.13102
8.08251
8.03124
7.97721
7.92046
7.861
7.79887
7.7341
7.66672
7.59678
7.52431
7.44935
7.37196
7.29219
7.21007
7.12569
7.03908
6.95031
6.85946
6.76659
6.67177
6.57508
6.47661
6.37643
6.27464
6.17132
6.06659
5.96055
5.8533
5.74496
5.63565
5.52551
5.41466
5.30326
5.19146
5.07942
4.96732
4.85533
4.74366
4.63252
4.52212
4.41272
4.30456
4.19793
4.0931
3.99041
3.89017
3.79276
3.69853
3.60789
3.52126
3.43908
3.36178
3.28982
3.22368
3.1638
3.11062
3.06456
3.026
2.99526
2.97262
2.95827
2.95234
2.95484
2.96574
2.9849
3.01209
3.04704
3.08939
3.13877
3.19472
3.25681
3.32456
3.39751
3.47519
3.55715
3.64294
3.73216
3.82439
3.91926
4.01642
4.11554
4.2163
4.31843
4.42164
4.52569
4.63035
4.73541
4.84065
4.9459
5.05097
5.15571
5.25996
5.36358
5.46643
5.5684
5.66937
5.76921
5.86784
5.96516
6.06106
6.15547
6.2483
6.33949
6.42894
6.5166
6.60241
6.68629
6.7682
6.84807
6.92586
7.00152
7.07501
7.14628
7.21528
7.28199
7.34637
7.40839
7.46801
7.52522
7.57997
7.63226
7.68205
7.72933
7.77409
7.8163
7.85595
7.89304
7.92755
7.95948
7.98882
8.01557
8.03972
8.06127
8.08024
8.09661
8.1104
8.12162
8.13027
8.13636
8.1399
8.14092
8.13943
8.13543
8.12897
8.12004
8.10869
8.09492
8.07878
8.06027
8.03945
8.01633
7.99095
7.96335
7.93356
7.90162
7.86757
7.83144
7.7933
7.75317
7.7111
7.66716
7.62137
7.57381
7.52452
7.47355
7.42097
7.36683
7.31119
7.25413
7.1957
7.13596
7.075
7.01288
6.94967
6.88545
6.82029
6.75428
6.6875
6.62002
6.55193
6.48333
6.4143
6.34493
6.27531
6.20555
6.13573
6.06597
5.99636
5.92701
5.85801
5.78949
5.72155
5.6543
5.58785
5.52232
5.45781
5.39446
5.33236
5.27165
5.21242
5.15481
5.09892
5.04485
4.99274
4.94267
4.89475
4.84909
4.80577
4.76489
4.72653
4.69076
4.65766
4.62728
4.59968
4.5749
4.55297
4.53392
4.51776
4.50449
4.4941
4.48657
4.48188
4.47999
4.48084
4.48438
4.49054
4.49924
4.5104
4.52394
4.53974
4.55772
4.57776
4.59976
4.6236
4.64916
4.67634
4.70501
4.73506
4.76636
4.7988
4.83228
4.86666
4.90185
4.93773
4.9742
5.01116
5.0485
5.08613
5.12396
5.1619
5.19986
5.23776
5.27553
5.31309
5.35037
5.38731
5.42383
5.45989
5.49543
5.5304
5.56474
5.59842
5.63139
5.66362
5.69507
5.72571
5.75552
5.78446
5.81252
5.83968
5.86592
5.89123
5.9156
5.93903
5.9615
5.98301
6.00357
6.02318
6.04184
6.05955
6.07634
6.09221
6.10717
6.12123
6.13442
6.14676
6.15826
6.16895
6.17885
6.18799
6.19639
6.20408
6.21108
6.21744
6.22318
6.22833
6.23293
6.23701
6.2406
6.24373
6.24645
6.24879
6.25077
6.25245
6.25384
6.255
6.25594
6.25672
6.25735
6.25787
6.25831
6.25871
6.2591
6.25949
6.25993
6.26044
6.26103
6.26174
6.26259
6.26359
6.26477
6.26614
6.26771
6.26949
6.2715
6.27375
6.27623
6.27896
6.28193
6.28514
6.2886
6.29229
6.29621
6.30034
6.30469
6.30922
6.31393
6.3188
6.32381
6.32894
6.33417
6.33946
6.3448
6.35015
6.35549
6.36079
6.366
6.37111
6.37608
6.38086
6.38544
6.38976
6.3938
6.39751
6.40086
6.40382
6.40633
6.40837
6.4099
6.41088
6.41128
6.41105
6.41016
6.40858
6.40627
6.4032
6.39933
6.39464
6.38908
6.38264
6.37528
6.36698
6.35771
6.34745
6.33617
6.32385
6.31048
6.29604
6.2805
6.26386
6.2461
6.22722
6.20721
6.18605
6.16375
6.14031
6.11572
6.08998
6.06311
6.03512
6.006
5.97577
5.94446
5.91207
5.87862
5.84415
5.80868
5.77222
5.73483
5.69653
5.65735
5.61735
5.57656
5.53503
5.49281
5.44996
5.40653
5.36258
5.31818
5.27339
5.22829
5.18294
5.13743
5.09184
5.04626
5.00076
4.95545
4.91041
4.86575
4.82158
4.77798
4.73507
4.69297
4.65178
4.61162
4.57259
4.53483
4.49845
4.46356
4.43029
4.39874
4.36904
4.3413
4.31562
4.29211
4.27087
4.25199
4.23556
4.22167
4.21037
4.20175
4.19584
4.1927
4.19236
4.19484
4.20015
4.20829
4.21925
4.23301
4.24953
4.26878
4.29069
4.31522
4.34227
4.37179
4.40367
4.43783
4.47416
4.51257
4.55294
4.59517
4.63913
4.68471
4.7318
4.78027
4.83
4.88088
4.93279
4.98561
5.03922
5.09351
5.14837
5.20368
5.25934
5.31524
5.37128
5.42736
5.48338
5.53925
5.59487
5.65015
5.70501
5.75937
5.81314
5.86624
5.91861
5.97017
6.02084
6.07058
6.1193
6.16695
6.21347
6.2588
6.3029
6.3457
6.38717
6.42726
6.46592
6.50312
6.53881
6.57295
6.60553
6.63649
6.66583
6.69349
6.71948
6.74375
6.76629
6.78708
6.80611
6.82336
6.83882
6.85248
6.86433
6.87436
6.88258
6.88897
6.89354
6.8963
6.89723
6.89635
6.89367
6.8892
6.88293
6.8749
6.86511
6.85358
6.84032
6.82536
6.80871
6.7904
6.77046
6.74891
6.72577
6.70107
6.67486
6.64715
6.61798
6.58739
6.55542
6.5221
6.48747
6.45157
6.41445
6.37615
6.33671
6.29618
6.25462
6.21206
6.16856
6.12418
6.07896
6.03296
5.98624
5.93885
5.89085
5.8423
5.79326
5.7438
5.69398
5.64386
5.5935
5.54298
5.49236
5.44171
5.3911
5.3406
5.29029
5.24022
5.19048
5.14114
5.09227
5.04395
4.99624
4.94924
4.903
4.85761
4.81313
4.76965
4.72723
4.68594
4.64587
4.60707
4.56961
4.53356
4.49898
4.46593
4.43448
4.40467
4.37655
4.35019
4.32561
4.30286
4.28197
4.26298
4.24591
4.23078
4.2176
4.20639
4.19715
4.18988
4.18458
4.18122
4.17981
4.1803
4.18268
4.18692
4.19297
4.2008
4.21036
4.22161
4.23449
4.24894
4.26491
4.28234
4.30117
4.32132
4.34274
4.36536
4.38911
4.41392
4.43973
4.46646
4.49404
4.52242
4.55151
4.58125
4.61158
4.64243
4.67374
4.70544
4.73747
4.76977
4.80229
4.83496
4.86773
4.90055
4.93336
4.96612
4.99877
5.03127
5.06357
5.09563
5.12741
5.15886
5.18995
5.22065
5.25091
5.2807
5.30999
5.33876
5.36697
5.3946
5.42162
5.44801
5.47374
5.49881
5.52318
5.54685
5.56979
5.592
5.61345
5.63415
5.65408
5.67324
5.69161
5.7092
5.726
5.742
5.75722
5.77164
5.78528
5.79814
5.81021
5.82152
5.83206
5.84185
5.85089
5.8592
5.86679
5.87367
5.87986
5.88538
5.89024
5.89445
5.89805
5.90104
5.90345
5.90529
5.9066
5.90739
5.90769
5.90752
5.9069
5.90586
5.90442
5.90261
5.90045
5.89797
5.89519
5.89214
5.88884
5.88532
5.88159
5.87769
5.87364
5.86946
5.86518
5.8608
5.85636
5.85188
5.84737
5.84284
5.83833
5.83383
5.82938
5.82497
5.82062
5.81635
5.81215
5.80804
5.80403
5.80011
5.79629
5.79257
5.78895
5.78543
5.78201
5.77867
5.77542
5.77224
5.76913
5.76607
5.76305
5.76006
5.75709
5.7541
5.75109
5.74804
5.74493
5.74174
5.73844
5.735
5.73142
5.72766
5.72369
5.7195
5.71505
5.71032
5.70528
5.6999
5.69416
5.68803
5.68148
5.67449
5.66702
5.65905
5.65055
5.6415
5.63188
5.62165
5.6108
5.5993
5.58712
5.57426
5.56068
5.54637
5.5313
5.51548
5.49886
5.48146
5.46324
5.4442
5.42433
5.40362
5.38207
5.35967
5.33641
5.31231
5.28735
5.26154
5.23489
5.2074
5.17908
5.14995
5.12001
5.08929
5.0578
5.02557
4.99261
4.95895
4.92463
4.88967
4.8541
4.81798
4.78132
4.74419
4.70662
4.66866
4.63036
4.59179
4.553
4.51404
4.47499
4.43592
4.39689
4.35798
4.31927
4.28084
4.24278
4.20516
4.16809
4.13165
4.09595
4.06107
4.02712
3.9942
3.96242
3.93187
3.90266
3.8749
3.84869
3.82413
3.80132
3.78036
3.76135
3.74437
3.72951
3.71686
3.70648
3.69843
3.69279
3.6896
3.68891
3.69073
3.69511
3.70204
3.71154
3.72359
3.73819
3.7553
3.77488
3.7969
3.82129
3.848
3.87696
3.90809
3.94131
3.97654
4.01367
4.05262
4.09329
4.13557
4.17936
4.22456
4.27105
4.31874
4.36751
4.41726
4.46787
4.51925
4.57129
4.62389
4.67694
4.73035
4.78402
4.83784
4.89174
4.94561
4.99936
5.05292
5.10618
5.15908
5.21152
5.26344
5.31475
5.36538
5.41525
5.4643
5.51247
5.55967
5.60586
5.65097
5.69494
5.73771
5.77922
5.81943
5.85828
5.89573
5.93171
5.9662
5.99915
6.0305
6.06023
6.08829
6.11465
6.13927
6.16213
6.18318
6.2024
6.21976
6.23524
6.2488
6.26044
6.27012
6.27784
6.28356
6.28728
6.28898
6.28865
6.28628
6.28186
6.27539
6.26685
6.25625
6.24358
6.22884
6.21204
6.19318
6.17226
6.1493
6.12429
6.09725
6.0682
6.03715
6.00411
5.96911
5.93215
5.89327
5.85249
5.80984
5.76534
5.71902
5.67091
5.62106
5.56949
5.51625
5.46137
5.4049
5.34688
5.28737
5.22642
5.16407
5.10038
5.03543
4.96925
4.90193
4.83353
4.76413
4.69379
4.62261
4.55066
4.47804
4.40483
4.33114
4.25706
4.18272
4.10822
4.03368
3.95923
3.885
3.81115
3.73781
3.66514
3.59331
3.5225
3.45288
3.38465
3.318
3.25316
3.19032
3.12973
3.0716
3.01617
2.96369
2.9144
2.86853
2.82631
2.78799
2.75376
2.72384
2.6984
2.67759
2.66155
2.65037
2.64412
2.64282
2.64647
2.65502
2.66838
2.68645
2.70908
2.73609
2.76731
2.8025
2.84145
2.88393
2.92968
2.97846
3.03003
3.08414
3.14055
3.19903
3.25936
3.32132
3.3847
3.4493
3.51493
3.58142
3.64858
3.71628
3.78434
3.85262
3.921
3.98934
4.05752
4.12542
4.19295
4.25999
4.32644
4.39223
4.45727
4.52146
4.58475
4.64704
4.70829
4.76841
4.82736
4.88507
4.94149
4.99657
5.05027
5.10252
5.1533
5.20257
5.25028
5.2964
5.34089
5.38374
5.4249
5.46436
5.50208
5.53805
5.57225
5.60466
5.63525
5.66402
5.69096
5.71605
5.73928
5.76065
5.78015
5.79777
5.81352
5.82738
5.83938
5.84949
5.85774
5.86412
5.86864
5.87131
5.87214
5.87115
5.86834
5.86373
5.85734
5.84918
5.83928
5.82766
5.81433
5.79933
5.78267
5.76439
5.74452
5.72308
5.70011
5.67564
5.64971
5.62235
5.5936
5.5635
5.53209
5.49942
5.46553
5.43046
5.39427
5.357
5.3187
5.27943
5.23924
5.19818
5.15632
5.11371
5.07041
5.02649
4.982
4.93701
4.89159
4.84581
4.79974
4.75344
4.70698
4.66045
4.61392
4.56745
4.52114
4.47505
4.42926
4.38385
4.33891
4.2945
4.25072
4.20764
4.16534
4.1239
4.08339
4.04391
4.00551
3.96827
3.93227
3.89758
3.86426
3.83237
3.80198
3.77315
3.74591
3.72033
3.69644
3.67427
3.65387
3.63526
3.61844
3.60345
3.59028
3.57893
3.56941
3.56168
3.55575
3.55157
3.54913
3.54838
3.54928
3.55179
3.55585
3.5614
3.5684
3.57677
3.58645
3.59738
3.60948
3.62268
3.63691
3.65209
3.66816
3.68504
3.70266
3.72095
3.73982
3.75923
3.77909
3.79935
3.81993
3.84078
3.86183
3.88303
3.90432
3.92565
3.94697
3.96822
3.98938
4.01038
4.0312
4.0518
4.07213
4.09217
4.11189
4.13126
4.15025
4.16885
4.18703
4.20477
4.22206
4.23889
4.25524
4.2711
4.28647
4.30134
4.31571
4.32957
4.34292
4.35578
4.36813
4.37998
4.39135
4.40223
4.41264
4.42258
4.43207
4.44112
4.44974
4.45794
4.46575
4.47317
4.48022
4.48693
4.4933
4.49936
4.50512
4.51061
4.51584
4.52083
4.5256
4.53018
4.53458
4.53882
4.54293
4.54692
4.55081
4.55462
4.55837
4.56208
4.56576
4.56944
4.57313
4.57685
4.58061
4.58443
4.58832
4.5923
4.59637
4.60056
4.60487
4.60931
4.61389
4.61862
4.62351
4.62856
4.63378
4.63917
4.64473
4.65047
4.65639
4.66249
4.66877
4.67522
4.68184
4.68863
4.69558
4.70269
4.70995
4.71736
4.72489
4.73255
4.74032
4.74819
4.75614
4.76418
4.77227
4.78041
4.78859
4.79678
4.80496
4.81313
4.82126
4.82934
4.83735
4.84526
4.85306
4.86073
4.86825
4.87559
4.88274
4.88967
4.89637
4.90281
4.90896
4.91482
4.92035
4.92553
4.93035
4.93478
4.93879
4.94237
4.94549
4.94814
4.95029
4.95191
4.953
4.95352
4.95347
4.95281
4.95153
4.94961
4.94703
4.94377
4.93981
4.93515
4.92975
4.92361
4.91671
4.90903
4.90056
4.89129
4.88121
4.8703
4.85855
4.84595
4.8325
4.81818
4.80299
4.78692
4.76998
4.75214
4.73342
4.71381
4.6933
4.67191
4.64963
4.62647
4.60244
4.57753
4.55176
4.52514
4.49768
4.46939
4.44029
4.41039
4.37972
4.34829
4.31612
4.28325
4.24969
4.21549
4.18065
4.14523
4.10926
4.07277
4.03581
3.99841
3.96063
3.92251
3.8841
3.84547
3.80666
3.76773
3.72876
3.6898
3.65093
3.61221
3.57372
3.53555
3.49776
3.46046
3.42372
3.38763
3.35228
3.31778
3.28422
3.25169
3.2203
3.19014
3.16132
3.13393
3.10808
3.08387
3.06139
3.04073
3.02199
3.00525
2.99058
2.97806
2.96776
2.95973
2.95403
2.95069
2.94975
2.95122
2.95512
2.96144
2.97019
2.98132
2.99483
3.01066
3.02877
3.0491
3.07159
3.09616
3.12274
3.15124
3.18158
3.21366
3.24738
3.28266
3.31939
3.35747
3.3968
3.43727
3.4788
3.52127
3.56459
3.60866
3.65338
3.69867
3.74443
3.79056
3.837
3.88363
3.9304
3.97721
4.02399
4.07066
4.11715
4.16339
4.20931
4.25485
4.29994
4.34453
4.38855
4.43195
4.47467
4.51666
4.55787
4.59826
4.63777
4.67637
4.71401
4.75064
4.78624
4.82076
4.85417
4.88644
4.91753
4.94742
4.97607
5.00345
5.02955
5.05434
5.0778
5.09989
5.12062
5.13995
5.15787
5.17437
5.18943
5.20303
5.21518
5.22585
5.23504
5.24274
5.24895
5.25367
5.25688
5.25859
5.25879
5.25749
5.2547
5.25041
5.24462
5.23735
5.2286
5.21839
5.20671
5.19359
5.17904
5.16306
5.14568
5.12692
5.10678
5.0853
5.06249
5.03837
5.01298
4.98633
4.95845
4.92938
4.89914
4.86776
4.83528
4.80173
4.76716
4.73159
4.69506
4.65763
4.61934
4.58022
4.54033
4.49971
4.45842
4.41652
4.37404
4.33106
4.28763
4.24382
4.19968
4.15528
4.11069
4.06598
4.02121
3.97648
3.93184
3.88738
3.84317
3.79931
3.75587
3.71293
3.67059
3.62894
3.58806
3.54804
3.50898
3.47096
3.43408
3.39842
3.36409
3.33116
3.29973
3.26988
3.24168
3.21523
3.19059
3.16782
3.14701
3.12819
3.11142
3.09675
3.08421
3.07383
3.06563
3.05961
3.05578
3.05413
3.05464
3.0573
3.06205
3.06887
3.07771
3.0885
3.10118
3.11569
3.13195
3.14989
3.16941
3.19043
3.21287
3.23663
3.26163
3.28776
3.31494
3.34308
3.37207
3.40184
3.43229
3.46333
3.49487
3.52685
3.55916
3.59173
3.6245
3.65737
3.69029
3.72317
3.75597
3.78861
3.82104
3.8532
3.88503
3.91649
3.94752
3.97808
4.00812
4.03761
4.06651
4.09478
4.12238
4.1493
4.17549
4.20093
4.2256
4.24948
4.27254
4.29477
4.31616
4.33668
4.35633
4.3751
4.39297
4.40995
4.42602
4.44118
4.45543
4.46878
4.48121
4.49274
4.50336
4.51309
4.52192
4.52987
4.53695
4.54316
4.54852
4.55303
4.55671
4.55958
4.56164
4.56292
4.56343
4.56319
4.56221
4.56052
4.55812
4.55505
4.55132
4.54695
4.54197
4.53638
4.53022
4.52351
4.51626
4.5085
4.50025
4.49154
4.48238
4.4728
4.46282
4.45245
4.44173
4.43068
4.41931
4.40764
4.3957
4.3835
4.37107
4.35843
4.34558
4.33256
4.31938
4.30606
4.29261
4.27905
4.26539
4.25166
4.23785
4.224
4.2101
4.19618
4.18224
4.1683
4.15436
4.14043
4.12653
4.11266
4.09883
4.08504
4.0713
4.05762
4.044
4.03044
4.01696
4.00354
3.9902
3.97694
3.96375
3.95065
3.93762
3.92468
3.91181
3.89902
3.88631
3.87368
3.86113
3.84865
3.83625
3.82391
3.81165
3.79945
3.78732
3.77526
3.76325
3.75131
3.73942
3.72759
3.71582
3.70409
3.69242
3.6808
3.66923
3.65771
3.64624
3.63482
3.62345
3.61213
3.60087
3.58965
3.57849
3.5674
3.55636
3.54538
3.53448
3.52364
3.51289
3.50221
3.49163
3.48113
3.47074
3.46046
3.4503
3.44026
3.43035
3.42059
3.41098
3.40153
3.39225
3.38317
3.37427
3.36559
3.35713
3.34891
3.34093
3.33322
3.32578
3.31864
3.3118
3.30528
3.2991
3.29327
3.28781
3.28274
3.27806
3.2738
3.26997
3.26658
3.26366
3.26122
3.25927
3.25783
3.25691
3.25653
3.2567
3.25743
3.25873
3.26062
3.26311
3.26621
3.26992
3.27426
3.27923
3.28484
3.29109
3.29799
3.30555
3.31375
3.32261
3.33212
3.34228
3.35309
3.36455
3.37664
3.38935
3.40269
3.41665
3.4312
3.44634
3.46205
3.47832
3.49514
3.51248
3.53033
3.54866
3.56747
3.58671
3.60638
3.62645
3.64689
3.66768
3.68879
3.7102
3.73187
3.75379
3.77591
3.79822
3.82067
3.84325
3.86591
3.88864
3.91139
3.93414
3.95685
3.97949
4.00203
4.02444
4.04669
4.06874
4.09056
4.11212
4.13338
4.15433
4.17492
4.19513
4.21491
4.23426
4.25312
4.27148
4.2893
4.30656
4.32323
4.33928
4.35468
4.36941
4.38344
4.39675
4.40931
4.42109
4.43209
4.44226
4.45159
4.46006
4.46766
4.47435
4.48012
4.48496
4.48885
4.49177
4.4937
4.49464
4.49457
4.49348
4.49135
4.48818
4.48396
4.47867
4.47232
4.46489
4.45639
4.4468
4.43613
4.42437
4.41152
4.39758
4.38256
4.36645
4.34927
4.33101
4.31168
4.29128
4.26984
4.24735
4.22383
4.19929
4.17374
4.14721
4.11969
4.09122
4.06181
4.03147
4.00024
3.96813
3.93517
3.90139
3.8668
3.83145
3.79535
3.75855
3.72107
3.68295
3.64423
3.60494
3.56513
3.52483
3.48409
3.44296
3.40149
3.35972
3.31771
3.27551
3.23318
3.19078
3.14836
3.106
3.06376
3.0217
2.97991
2.93845
2.89739
2.85683
2.81684
2.7775
2.7389
2.70114
2.66429
2.62846
2.59373
2.5602
2.52797
2.49714
2.46778
2.44001
2.41391
2.38958
2.36709
2.34652
2.32796
2.31148
2.29713
2.28498
2.27506
2.26741
2.26207
2.25904
2.25833
2.25994
2.26386
2.27004
2.27846
2.28908
2.30183
2.31665
2.33347
2.35222
2.37281
2.39516
2.41917
2.44475
2.47181
2.50025
2.52997
2.56088
2.59288
2.62587
2.65977
2.69447
2.7299
2.76597
2.80258
2.83967
2.87714
2.91493
2.95296
2.99116
3.02946
3.0678
3.10611
3.14434
3.18242
3.22031
3.25795
3.29529
3.33228
3.36888
3.40504
3.44073
3.47589
3.5105
3.54452
3.57791
3.61065
3.64269
3.67402
3.7046
3.73441
3.76342
3.79161
3.81896
3.84544
3.87105
3.89575
3.91954
3.94239
3.9643
3.98526
4.00524
4.02424
4.04225
4.05926
4.07526
4.09025
4.10423
4.11718
4.12911
4.14001
4.14989
4.15874
4.16657
4.17337
4.17916
4.18393
4.1877
4.19046
4.19223
4.19301
4.19281
4.19165
4.18954
4.18648
4.18249
4.1776
4.1718
4.16512
4.15757
4.14918
4.13996
4.12994
4.11912
4.10755
4.09523
4.08219
4.06845
4.05405
4.03901
4.02334
4.00709
3.99028
3.97294
3.9551
3.93679
3.91803
3.89887
3.87933
3.85945
3.83926
3.81879
3.79808
3.77716
3.75607
3.73485
3.71352
3.69212
3.6707
3.64928
3.6279
3.6066
3.58541
3.56436
3.5435
3.52285
3.50245
3.48234
3.46254
3.44308
3.42401
3.40534
3.38711
3.36934
3.35206
3.3353
3.31907
3.30341
3.28833
3.27385
3.25998
3.24675
3.23416
3.22223
3.21097
3.20038
3.19047
3.18124
3.17269
3.16483
3.15765
3.15114
3.1453
3.14012
3.13558
3.13169
3.12842
3.12575
3.12368
3.12217
3.12122
3.1208
3.12088
3.12145
3.12248
3.12395
3.12582
3.12808
3.13069
3.13363
3.13687
3.14038
3.14415
3.14813
3.1523
3.15663
3.1611
3.16569
3.17036
3.17509
3.17985
3.18463
3.18939
3.19413
3.1988
3.20341
3.20791
3.21231
3.21657
3.22068
3.22464
3.22841
3.232
3.23538
3.23855
3.24149
3.24421
3.24668
3.24892
3.2509
3.25262
3.25409
3.25531
3.25626
3.25696
3.2574
3.25759
3.25753
3.25723
3.25669
3.25592
3.25493
3.25373
3.25234
3.25075
3.24899
3.24706
3.24499
3.24278
3.24046
3.23803
3.23552
3.23295
3.23033
3.22768
3.22503
3.22238
3.21977
3.21722
3.21474
3.21235
3.21008
3.20796
3.20599
3.2042
3.20262
3.20126
3.20014
3.19929
3.19872
3.19846
3.19851
3.19891
3.19965
3.20077
3.20227
3.20417
3.20649
3.20922
3.21239
3.21599
3.22005
3.22456
3.22952
3.23495
3.24084
3.24719
3.254
3.26127
3.26899
3.27716
3.28576
3.29479
3.30424
3.31409
3.32433
3.33495
3.34592
3.35724
3.36887
3.38081
3.39302
3.40549
3.41819
3.4311
3.4442
3.45744
3.47082
3.4843
3.49785
3.51145
3.52506
3.53866
3.55221
3.5657
3.57908
3.59232
3.6054
3.61829
3.63095
3.64336
3.65548
3.66729
3.67876
3.68985
3.70055
3.71081
3.72062
3.72995
3.73876
3.74704
3.75476
3.7619
3.76842
3.77431
3.77954
3.7841
3.78796
3.7911
3.79351
3.79516
3.79604
3.79612
3.79541
3.79387
3.79151
3.7883
3.78423
3.7793
3.7735
3.76681
3.75923
3.75076
3.74139
3.73112
3.71995
3.70787
3.69489
3.681
3.66622
3.65055
3.63399
3.61654
3.59823
3.57906
3.55904
3.53819
3.51651
3.49403
3.47077
3.44675
3.42198
3.39649
3.37031
3.34347
3.31598
3.28789
3.25923
3.23003
3.20033
3.17017
3.13959
3.10863
3.07734
3.04578
3.01398
2.98201
2.94991
2.91776
2.8856
2.85351
2.82155
2.78979
2.7583
2.72715
2.69643
2.66621
2.63657
2.60759
2.57936
2.55197
2.52551
2.50005
2.4757
2.45253
2.43065
2.41013
2.39105
2.37351
2.35758
2.34333
2.33083
2.32016
2.31135
2.30448
2.29957
2.29667
2.2958
2.29697
2.3002
2.30548
2.3128
2.32215
2.33348
2.34678
2.36198
2.37904
2.39791
2.4185
2.44077
2.46462
2.48999
2.51679
2.54495
2.57436
2.60496
2.63664
2.66933
2.70295
2.73739
2.77258
2.80844
2.84489
2.88184
2.91921
2.95694
2.99494
3.03315
3.07149
3.10989
3.1483
3.18665
3.22487
3.26291
3.30071
3.33822
3.37538
3.41214
3.44845
3.48427
3.51955
3.55425
3.58832
3.62173
3.65442
3.68638
3.71756
3.74793
3.77745
3.8061
3.83384
3.86065
3.8865
3.91136
3.9352
3.95801
3.97976
4.00044
4.02001
4.03846
4.05578
4.07195
4.08695
4.10076
4.11338
4.1248
4.13499
4.14395
4.15168
4.15815
4.16337
4.16733
4.17003
4.17145
4.1716
4.17047
4.16807
4.16438
4.15942
4.15318
4.14566
4.13687
4.12681
4.11549
4.10291
4.08908
4.07401
4.05771
4.04018
4.02143
4.00148
3.98034
3.95802
3.93454
3.90991
3.88415
3.85728
3.8293
3.80025
3.77014
3.739
3.70684
3.67368
3.63956
3.6045
3.56852
3.53166
3.49393
3.45538
3.41602
3.37591
3.33506
3.29351
3.25131
3.20849
3.16509
3.12115
3.07671
3.03183
2.98654
2.94091
2.89497
2.84879
2.80241
2.75591
2.70934
2.66276
2.61625
2.56987
2.5237
2.47781
2.43229
2.38723
2.3427
2.2988
2.25564
2.2133
2.1719
2.13154
2.09234
2.0544
2.01786
1.98282
1.94941
1.91776
1.88798
1.8602
1.83453
1.81109
1.78998
1.7713
1.75513
1.74156
1.73065
1.72244
1.71696
1.71423
1.71425
1.71699
1.72243
1.73049
1.74112
1.75423
1.76973
1.78751
1.80746
1.82946
1.85338
1.87911
1.9065
1.93543
1.96578
1.99742
2.03022
2.06407
2.09885
2.13446
2.17078
2.20772
2.24518
2.28306
2.32129
2.35978
2.39844
2.43722
2.47603
2.51481
2.5535
2.59204
2.63038
2.66846
2.70624
2.74367
2.7807
2.81729
2.85341
2.88903
2.92409
2.95858
2.99247
3.02572
3.05831
3.09022
3.12142
3.15189
3.18161
3.21056
3.23873
3.2661
3.29265
3.31838
3.34326
3.3673
3.39047
3.41278
3.43421
3.45476
3.47441
3.49318
3.51105
3.52802
3.54408
3.55925
3.57351
3.58688
3.59934
3.6109
3.62158
3.63136
3.64026
3.64828
3.65542
3.66171
3.66713
3.6717
3.67544
3.67834
3.68043
3.6817
3.68218
3.68187
3.6808
3.67896
3.67639
3.67308
3.66906
3.66434
3.65894
3.65288
3.64617
3.63883
3.63088
3.62233
3.61321
3.60354
3.59334
3.58262
3.57141
3.55972
3.54759
3.53502
3.52204
3.50868
3.49496
3.48089
3.4665
3.45182
3.43686
3.42165
3.40621
3.39056
3.37473
3.35874
3.34261
3.32636
3.31001
3.2936
3.27713
3.26063
3.24412
3.22763
3.21117
3.19475
3.17841
3.16216
3.14602
3.13
3.11413
3.09841
3.08287
3.06752
3.05238
3.03745
3.02275
3.00829
2.99409
2.98015
2.96648
2.95309
2.93999
2.92718
2.91467
2.90247
2.89057
2.87898
2.8677
2.85674
2.84608
2.83574
2.8257
2.81598
2.80655
2.79742
2.78859
2.78004
2.77178
2.76378
2.75606
2.74859
2.74138
2.7344
2.72766
2.72114
2.71483
2.70872
2.70281
2.69708
2.69152
2.68612
2.68087
2.67576
2.67079
2.66594
2.6612
2.65656
2.65202
2.64756
2.64319
2.63888
2.63464
2.63045
2.62632
2.62224
2.61819
2.61419
2.61022
2.60628
2.60238
2.5985
2.59466
2.59084
2.58706
2.5833
2.57959
2.57591
2.57227
2.56869
2.56515
2.56168
2.55827
2.55494
2.55168
2.54852
2.54546
2.5425
2.53967
2.53697
2.53441
2.532
2.52976
2.5277
2.52582
2.52415
2.5227
2.52147
2.52048
2.51975
2.51929
2.5191
2.51921
2.51962
2.52035
2.5214
2.52279
2.52453
2.52662
2.52908
2.53191
2.53513
2.53873
2.54273
2.54713
2.55193
2.55713
2.56275
2.56877
2.57521
2.58205
2.5893
2.59695
2.60499
2.61344
2.62226
2.63147
2.64105
2.65099
2.66128
2.67191
2.68287
2.69414
2.70571
2.71757
2.7297
2.74208
2.75469
2.76753
2.78056
2.79378
2.80716
2.82068
2.83432
2.84806
2.86189
2.87578
2.8897
2.90364
2.91758
2.93149
2.94536
2.95916
2.97286
2.98646
2.99992
3.01322
3.02635
3.03928
3.052
3.06448
3.07669
3.08863
3.10027
3.1116
3.12258
3.13322
3.14348
3.15334
3.1628
3.17184
3.18044
3.18857
3.19624
3.20342
3.2101
3.21626
3.2219
3.22699
3.23153
3.23551
3.23891
3.24173
3.24395
3.24557
3.24658
3.24696
3.24672
3.24585
3.24433
3.24218
3.23937
3.23591
3.2318
3.22703
3.2216
3.21551
3.20877
3.20136
3.1933
3.18458
3.17521
3.16519
3.15453
3.14323
3.1313
3.11875
3.10558
3.0918
3.07743
3.06247
3.04694
3.03084
3.0142
2.99702
2.97932
2.96113
2.94244
2.9233
2.9037
2.88369
2.86327
2.84246
2.82131
2.79982
2.77802
2.75595
2.73364
2.7111
2.68838
2.6655
2.6425
2.61941
2.59628
2.57313
2.55001
2.52696
2.50401
2.48121
2.45861
2.43624
2.41416
2.3924
2.37102
2.35007
2.32958
2.30962
2.29023
2.27146
2.25335
2.23597
2.21935
2.20355
2.1886
2.17456
2.16148
2.14938
2.13832
2.12832
2.11943
2.11168
2.10508
2.09968
2.09548
2.09251
2.09078
2.09029
2.09105
2.09306
2.09632
2.10081
2.10653
2.11344
2.12155
2.13081
2.1412
2.15268
2.16523
2.17881
2.19336
2.20886
2.22526
2.2425
2.26055
2.27936
2.29888
2.31905
2.33983
2.36117
2.38302
2.40532
2.42804
2.45112
2.47452
2.49818
2.52206
2.54612
2.57031
2.59459
2.61892
2.64325
2.66755
2.69178
2.71589
2.73986
2.76365
2.78723
2.81056
2.8336
2.85634
2.87874
2.90078
2.92242
2.94364
2.96442
2.98473
3.00455
3.02386
3.04264
3.06087
3.07852
3.0956
3.11206
3.12791
3.14313
3.1577
3.1716
3.18484
3.19739
3.20925
3.22041
3.23085
3.24058
3.24958
3.25785
3.26538
3.27217
3.27822
3.28352
3.28806
3.29186
3.2949
3.29718
3.29872
3.2995
3.29953
3.29882
3.29736
3.29516
3.29222
3.28856
3.28416
3.27905
3.27323
3.2667
3.25948
3.25157
3.24298
3.23372
3.2238
3.21323
3.20203
3.1902
3.17776
3.16472
3.1511
3.1369
3.12214
3.10684
3.09101
3.07467
3.05784
3.04052
3.02274
3.00452
2.98586
2.9668
2.94735
2.92753
2.90735
2.88685
2.86603
2.84492
2.82354
2.80191
2.78006
2.758
2.73577
2.71337
2.69083
2.66819
2.64545
2.62266
2.59982
2.57697
2.55412
2.53132
2.50857
2.48592
2.46337
2.44097
2.41873
2.39668
2.37485
2.35327
2.33196
2.31095
2.29027
2.26994
2.24999
2.23045
2.21134
2.19269
2.17453
2.15687
2.13976
2.1232
2.10723
2.09186
2.07712
2.06303
2.04962
2.03689
2.02488
2.01359
2.00305
1.99326
1.98424
1.97601
1.96857
1.96193
1.95611
1.95109
1.9469
1.94352
1.94097
1.93924
1.93833
1.93822
1.93893
1.94044
1.94273
1.94581
1.94966
1.95426
1.9596
1.96567
1.97244
1.97991
1.98806
1.99685
2.00629
2.01634
2.02699
2.03821
2.04998
2.06229
2.07511
2.08841
2.10219
2.11641
2.13106
2.14611
2.16155
2.17735
2.19349
2.20995
2.22671
2.24376
2.26107
2.27862
2.2964
2.31439
2.33257
2.35092
2.36942
2.38806
2.40683
2.4257
2.44466
2.4637
2.48279
2.50193
2.52111
2.54029
2.55949
2.57867
2.59782
2.61694
2.63601
2.65502
2.67395
2.69279
2.71153
2.73016
2.74867
2.76704
2.78527
2.80333
2.82123
2.83895
2.85647
2.87379
2.8909
2.90779
2.92444
2.94084
2.95699
2.97288
2.98848
3.0038
3.01883
3.03354
3.04794
3.06202
3.07575
3.08914
3.10218
3.11484
3.12714
3.13905
3.15056
3.16167
3.17237
3.18264
3.19249
3.2019
3.21085
3.21935
3.22739
3.23495
3.24203
3.24862
3.25471
3.26029
3.26536
3.26991
3.27393
3.27741
3.28035
3.28275
3.28458
3.28585
3.28656
3.28668
3.28623
3.28519
3.28357
3.28134
3.27852
3.27509
3.27105
3.26639
3.26112
3.25524
3.24872
3.24159
3.23382
3.22543
3.21641
3.20676
3.19647
3.18555
3.174
3.16182
3.149
3.13556
3.12148
3.10679
3.09147
3.07553
3.05897
3.0418
3.02403
3.00565
2.98668
2.96712
2.94698
2.92626
2.90498
2.88314
2.86076
2.83783
2.81438
2.79042
2.76596
2.74101
2.71558
2.6897
2.66337
2.63662
2.60946
2.58191
2.55399
2.52573
2.49714
2.46824
2.43907
2.40965
2.38001
2.35017
2.32016
2.29003
2.25979
2.22949
2.19916
2.16884
2.13858
2.10841
2.07838
2.04853
2.01892
1.9896
1.96062
1.93203
1.9039
1.87628
1.84924
1.82283
1.79714
1.77222
1.74814
1.72498
1.70281
1.6817
1.66172
1.64295
1.62545
1.60929
1.59455
1.58128
1.56954
1.5594
1.55089
1.54406
1.53895
1.53558
1.53397
1.53414
1.53609
1.53981
1.54529
1.5525
1.56142
1.57201
1.58422
1.598
1.61329
1.63004
1.64818
1.66764
1.68836
1.71025
1.73326
1.75729
1.78229
1.80818
1.83489
1.86234
1.89047
1.91921
1.94849
1.97825
2.00843
2.03897
2.06981
2.10089
2.13216
2.16358
2.19508
2.22662
2.25815
2.28964
2.32103
2.35229
2.38338
2.41425
2.44488
2.47523
2.50526
2.53494
2.56425
2.59314
2.6216
2.6496
2.6771
2.70409
2.73053
2.75641
2.78171
2.80639
2.83045
2.85386
2.8766
2.89865
2.92
2.94063
2.96053
2.97967
2.99805
3.01565
3.03246
3.04847
3.06366
3.07803
3.09156
3.10424
3.11607
3.12704
3.13715
3.14637
3.15472
3.16218
3.16874
3.17442
3.17919
3.18306
3.18604
3.1881
3.18926
3.18952
3.18888
3.18733
3.18488
3.18153
3.17729
3.17216
3.16615
3.15926
3.1515
3.14287
3.13338
3.12304
3.11187
3.09986
3.08703
3.0734
3.05898
3.04377
3.02779
3.01106
2.9936
2.97541
2.95652
2.93694
2.9167
2.89581
2.8743
2.85218
2.82948
2.80623
2.78244
2.75815
2.73338
2.70816
2.68252
2.65648
2.63009
2.60337
2.57635
2.54908
2.52159
2.49391
2.46609
2.43816
2.41017
2.38216
2.35418
2.32627
2.29847
2.27085
2.24344
2.2163
2.18948
2.16304
2.13702
2.1115
2.08652
2.06213
2.03841
2.01541
1.99318
1.97178
1.95128
1.93173
1.91318
1.89569
1.87931
1.8641
1.85009
1.83733
1.82587
1.81573
1.80696
1.79956
1.79357
1.78901
1.78587
1.78417
1.78389
1.78504
1.7876
1.79155
1.79686
1.8035
1.81144
1.82064
1.83105
1.84262
1.85531
1.86907
1.88383
1.89954
1.91614
1.93357
1.95178
1.9707
1.99027
2.01043
2.03113
2.0523
2.0739
2.09585
2.11812
2.14064
2.16337
2.18625
2.20924
2.23229
2.25536
2.2784
2.30136
2.32422
2.34693
2.36946
2.39176
2.41382
2.43558
2.45704
2.47814
2.49887
2.51921
2.53912
2.55858
2.57757
2.59607
2.61406
2.63152
2.64843
2.66478
2.68054
2.69572
2.71028
2.72423
2.73755
2.75023
2.76225
2.77362
2.78433
2.79436
2.80372
2.81239
2.82038
2.82768
2.83428
2.8402
2.84542
2.84996
2.8538
2.85695
2.85941
2.86119
2.86229
2.86271
2.86247
2.86156
2.85999
2.85777
2.85492
2.85143
2.84732
2.84259
2.83727
2.83135
2.82485
2.81779
2.81018
2.80202
2.79334
2.78415
2.77446
2.7643
2.75367
2.7426
2.7311
2.71918
2.70688
2.6942
2.68117
2.6678
2.65412
2.64015
2.6259
2.6114
2.59667
2.58173
2.56661
2.55132
2.5359
2.52035
2.50471
2.48899
2.47323
2.45744
2.44165
2.42589
2.41016
2.39451
2.37894
2.3635
2.34818
2.33303
2.31806
2.3033
2.28875
2.27446
2.26043
2.24669
2.23326
2.22015
2.20738
2.19497
2.18293
2.17129
2.16004
2.14922
2.13882
2.12887
2.11936
2.11031
2.10173
2.09362
2.08598
2.07882
2.07215
2.06595
2.06024
2.055
2.05024
2.04596
2.04214
2.03878
2.03587
2.0334
2.03137
2.02976
2.02856
2.02776
2.02734
2.02729
2.0276
2.02825
2.02922
2.0305
2.03207
2.03392
2.03603
2.03837
2.04094
2.04372
2.04669
2.04983
2.05312
2.05656
2.06012
2.06379
2.06755
2.07139
2.0753
2.07925
2.08325
2.08726
2.09129
2.09533
2.09935
2.10335
2.10733
2.11127
2.11516
2.119
2.12279
2.12651
2.13016
2.13374
2.13724
2.14066
2.14401
2.14727
2.15045
2.15355
2.15657
2.1595
2.16237
2.16516
2.16788
2.17053
2.17313
2.17567
2.17816
2.18061
2.18302
2.1854
2.18777
2.19012
2.19247
2.19483
2.19721
2.1996
2.20204
2.20452
2.20705
2.20965
2.21233
2.21509
2.21795
2.22092
2.224
2.22721
2.23055
2.23405
2.23769
2.24151
2.24549
2.24966
2.25401
2.25856
2.26331
2.26827
2.27344
2.27883
2.28444
2.29027
2.29634
2.30263
2.30916
2.31591
2.3229
2.33011
2.33755
2.34522
2.35311
2.36121
2.36952
2.37804
2.38676
2.39567
2.40477
2.41403
2.42346
2.43305
2.44278
2.45264
2.46262
2.47271
2.48289
2.49315
2.50347
2.51385
2.52427
2.5347
2.54514
2.55557
2.56598
2.57634
2.58664
2.59687
2.607
2.61703
2.62692
2.63668
2.64627
2.65568
2.6649
2.67391
2.68269
2.69122
2.69949
2.70748
2.71518
2.72256
2.72962
2.73634
2.7427
2.74869
2.7543
2.7595
2.76428
2.76864
2.77256
2.77602
2.77901
2.78153
2.78355
2.78507
2.78608
2.78657
2.78652
2.78592
2.78478
2.78307
2.7808
2.77795
2.77452
2.7705
2.76588
2.76066
2.75483
2.74839
2.74134
2.73367
2.72538
2.71647
2.70693
2.69677
2.68598
2.67457
2.66253
2.64986
2.63658
2.62267
2.60815
2.59302
2.57728
2.56093
2.54399
2.52646
2.50835
2.48966
2.47041
2.4506
2.43024
2.40934
2.38793
2.366
2.34357
2.32066
2.29729
2.27346
2.24919
2.22451
2.19943
2.17398
2.14817
2.12203
2.09558
2.06885
2.04186
2.01464
1.98722
1.95963
1.93191
1.90409
1.8762
1.84828
1.82038
1.79253
1.76478
1.73718
1.70977
1.68261
1.65574
1.62923
1.60313
1.57751
1.55242
1.52793
1.50412
1.48104
1.45877
1.43738
1.41696
1.39756
1.37927
1.36217
1.34632
1.33179
1.31866
1.30699
1.29683
1.28825
1.28128
1.27598
1.27236
1.27046
1.27028
1.27183
1.27511
1.2801
1.28677
1.2951
1.30504
1.31654
1.32955
1.34402
1.35986
1.37703
1.39543
1.41502
1.4357
1.45741
1.48007
1.50361
1.52796
1.55304
1.57879
1.60514
1.63202
1.65938
1.68715
1.71527
1.74369
1.77236
1.80122
1.83023
1.85934
1.8885
1.91768
1.94683
1.9759
2.00488
2.03371
2.06238
2.09083
2.11905
2.147
2.17466
2.202
2.22899
2.25561
2.28184
2.30764
2.33301
2.35793
2.38236
2.4063
2.42972
2.45261
2.47495
2.49673
2.51794
2.53855
2.55856
2.57796
2.59672
2.61485
2.63233
2.64915
2.66531
2.68078
2.69558
2.70968
2.72309
2.73579
2.74778
2.75906
2.76962
2.77946
2.78857
2.79696
2.80462
2.81154
2.81773
2.82319
2.82792
2.83191
2.83517
2.8377
2.83951
2.84059
2.84094
2.84058
2.8395
2.83772
2.83523
2.83204
2.82816
2.82359
2.81835
2.81243
2.80585
2.79862
2.79074
2.78223
2.77309
2.76334
2.75299
2.74204
2.73052
2.71843
2.70578
2.6926
2.67889
2.66468
2.64996
2.63477
2.61912
2.60302
2.58649
2.56956
2.55223
2.53453
2.51647
2.49809
2.47939
2.46039
2.44113
2.42163
2.40189
2.38196
2.36185
2.34159
2.3212
2.3007
2.28013
2.25952
2.23887
2.21824
2.19763
2.17709
2.15664
2.13631
2.11612
2.09612
2.07632
2.05677
2.03748
2.0185
1.99985
1.98156
1.96366
1.9462
1.92918
1.91265
1.89664
1.88117
1.86627
1.85198
1.8383
1.82528
1.81294
1.80129
1.79037
1.78018
1.77075
1.7621
1.75423
1.74716
1.7409
1.73546
1.73084
1.72705
1.72408
1.72194
1.72061
1.7201
1.7204
1.72148
1.72335
1.72599
1.72937
1.73348
1.7383
1.74381
1.74998
1.75678
1.7642
1.77221
1.78078
1.78987
1.79947
1.80954
1.82006
1.83099
1.8423
1.85398
1.86598
1.87827
1.89084
1.90365
1.91668
1.9299
1.94327
1.95679
1.97041
1.98413
1.99791
2.01173
2.02557
2.0394
2.05322
2.06699
2.08071
2.09434
2.10788
2.1213
2.1346
2.14775
2.16074
2.17356
2.18619
2.19862
2.21085
2.22285
2.23462
2.24615
2.25742
2.26844
2.27919
2.28966
2.29985
2.30975
2.31935
2.32865
2.33764
2.34632
2.35469
2.36273
2.37045
2.37785
2.38492
2.39165
2.39805
2.40411
2.40984
2.41523
2.42028
2.425
2.42937
2.4334
2.4371
2.44046
2.44348
2.44616
2.44851
2.45053
2.45221
2.45356
2.45459
2.45528
2.45566
2.45571
2.45545
2.45486
2.45397
2.45276
2.45125
2.44943
2.44731
2.4449
2.44219
2.43918
2.4359
2.43232
2.42847
2.42434
2.41994
2.41527
2.41034
2.40514
2.39969
2.39398
2.38803
2.38183
2.3754
2.36872
2.36182
2.35469
2.34733
2.33976
2.33198
2.32399
2.31579
2.3074
2.29881
2.29003
2.28107
2.27193
2.26262
2.25314
2.2435
2.2337
2.22375
2.21366
2.20344
2.19308
2.18259
2.17199
2.16128
2.15047
2.13956
2.12856
2.11749
2.10634
2.09513
2.08386
2.07255
2.0612
2.04983
2.03844
2.02705
2.01566
2.00429
1.99294
1.98164
1.97039
1.9592
1.94808
1.93706
1.92614
1.91534
1.90466
1.89414
1.88377
1.87358
1.86358
1.85378
1.84421
1.83488
1.8258
1.81698
1.80846
1.80024
1.79234
1.78477
1.77756
1.77071
1.76425
1.75819
1.75254
1.74732
1.74255
1.73824
1.7344
1.73104
1.72818
1.72583
1.724
1.7227
1.72193
1.72171
1.72204
1.72293
1.72438
1.7264
1.72898
1.73212
1.73584
1.74012
1.74496
1.75036
1.75631
1.76281
1.76985
1.77742
1.78551
1.7941
1.8032
1.81278
1.82283
1.83334
1.8443
1.85567
1.86746
1.87964
1.89219
1.9051
1.91834
1.9319
1.94576
1.9599
1.9743
1.98894
2.0038
2.01885
2.03408
2.04947
2.065
2.08065
2.09639
2.1122
2.12808
2.14399
2.15992
2.17584
2.19175
2.20761
2.22341
2.23914
2.25477
2.27028
2.28567
2.3009
2.31597
2.33085
2.34554
2.36
2.37424
2.38823
2.40196
2.41541
2.42857
2.44142
2.45396
2.46616
2.47802
2.48952
2.50065
2.5114
2.52175
2.5317
2.54123
2.55034
2.55901
2.56724
2.57501
2.58231
2.58915
2.5955
2.60136
2.60673
2.6116
2.61595
2.61979
2.62311
2.6259
2.62816
2.62988
2.63106
2.63169
2.63178
2.63131
2.63029
2.62871
2.62657
2.62387
2.62061
2.61678
2.6124
2.60744
2.60193
2.59585
2.58921
2.58202
2.57426
2.56595
2.55709
2.54768
2.53773
2.52723
2.5162
2.50463
2.49254
2.47994
2.46681
2.45318
2.43905
2.42443
2.40933
2.39374
2.3777
2.36119
2.34424
2.32686
2.30905
2.29082
2.2722
2.25318
2.23379
2.21404
2.19394
2.17351
2.15276
2.13171
2.11038
2.08878
2.06693
2.04486
2.02257
2.0001
1.97745
1.95466
1.93174
1.90873
1.88563
1.86249
1.83932
1.81615
1.79301
1.76993
1.74694
1.72407
1.70135
1.67882
1.6565
1.63443
1.61266
1.5912
1.57012
1.54943
1.52919
1.50942
1.49018
1.47151
1.45344
1.43601
1.41927
1.40327
1.38803
1.37361
1.36003
1.34734
1.33558
1.32478
1.31496
1.30617
1.29842
1.29174
1.28614
1.28165
1.27827
1.27601
1.27487
1.27485
1.27595
1.27815
1.28144
1.28581
1.29122
1.29766
1.30509
1.31348
1.3228
1.33302
1.34408
1.35596
1.36862
1.382
1.39608
1.4108
1.42613
1.44202
1.45843
1.47532
1.49266
1.51039
1.52849
1.54691
1.56562
1.58459
1.60377
1.62315
1.64268
1.66233
1.68208
1.70191
1.72177
1.74165
1.76152
1.78136
1.80115
1.82087
1.84048
1.85999
1.87936
1.89858
1.91763
1.9365
1.95517
1.97363
1.99186
2.00986
2.0276
2.04509
2.06229
2.07922
2.09585
2.11219
2.12821
2.14391
2.15929
2.17433
2.18903
2.20339
2.2174
2.23106
2.24435
2.25728
2.26984
2.28202
2.29384
2.30527
2.31632
2.32699
2.33728
2.34718
2.35669
2.36581
2.37454
2.38289
2.39084
2.39841
2.40558
2.41237
2.41877
2.42478
2.43041
2.43565
2.44051
2.44499
2.44908
2.45281
2.45615
2.45913
2.46173
2.46397
2.46585
2.46736
2.46851
2.46931
2.46976
2.46986
2.46961
2.46903
2.4681
2.46684
2.46525
2.46334
2.4611
2.45854
2.45567
2.45248
2.449
2.4452
2.44111
2.43673
2.43206
2.4271
2.42186
2.41634
2.41055
2.4045
2.39818
2.3916
2.38476
2.37767
2.37034
2.36276
2.35495
2.34691
2.33863
2.33013
2.32141
2.31248
2.30334
2.29398
2.28443
2.27468
2.26474
2.25461
2.24429
2.2338
2.22313
2.2123
2.2013
2.19014
2.17883
2.16736
2.15576
2.14401
2.13213
2.12012
2.108
2.09575
2.08339
2.07093
2.05837
2.04572
2.03298
2.02016
2.00727
1.99432
1.9813
1.96824
1.95513
1.94199
1.92882
1.91564
1.90244
1.88925
1.87606
1.86289
1.84976
1.83666
1.82361
1.81062
1.79771
1.78488
1.77214
1.75952
1.74701
1.73464
1.72242
1.71036
1.69848
1.68678
1.67529
1.66402
1.65299
1.6422
1.63168
1.62145
1.61151
1.60189
1.59259
1.58365
1.57506
1.56686
1.55905
1.55165
1.54468
1.53815
1.53207
1.52647
1.52135
1.51672
1.51261
1.50902
1.50595
1.50343
1.50146
1.50005
1.49921
1.49893
1.49923
1.50011
1.50157
1.50361
1.50623
1.50943
1.5132
1.51755
1.52246
1.52793
1.53396
1.54052
1.54761
1.55523
1.56335
1.57197
1.58107
1.59063
1.60064
1.61109
1.62195
1.6332
1.64484
1.65684
1.66918
1.68184
1.6948
1.70805
1.72156
1.73531
1.74928
1.76346
1.77781
1.79233
1.80698
1.82176
1.83664
1.8516
1.86662
1.88168
1.89676
1.91184
1.92691
1.94194
1.95692
1.97183
1.98664
2.00135
2.01594
2.03039
2.04467
2.05879
2.07271
2.08642
2.09992
2.11318
2.12618
2.13892
2.15138
2.16355
2.17541
2.18695
2.19815
2.20901
2.21952
2.22965
2.2394
2.24876
2.25772
2.26627
2.27439
2.28208
2.28933
2.29613
2.30247
2.30834
2.31374
2.31865
2.32308
2.32701
2.33043
2.33335
2.33575
2.33764
2.339
2.33984
2.34014
2.33991
2.33914
2.33782
2.33597
2.33357
2.33062
2.32713
2.32309
2.3185
2.31337
2.30769
2.30147
2.2947
2.28739
2.27955
2.27117
2.26227
2.25284
2.24288
2.23242
2.22145
2.20997
2.198
2.18555
2.17262
2.15922
2.14537
2.13106
2.11633
2.10116
2.08559
2.06962
2.05327
2.03655
2.01947
2.00206
1.98434
1.96631
1.94801
1.92945
1.91065
1.89163
1.87242
1.85305
1.83354
1.81391
1.7942
1.77443
1.75463
1.73484
1.71509
1.69542
1.67585
1.65643
1.63719
1.61818
1.59944
1.581
1.56291
1.54522
1.52797
1.5112
1.49497
1.47931
1.46429
1.44994
1.43631
1.42345
1.4114
1.40022
1.38994
1.3806
1.37224
1.36491
1.35863
1.35343
1.34934
1.34637
1.34456
1.3439
1.34442
1.3461
1.34895
1.35296
1.35812
1.36442
1.37183
1.38032
1.38988
1.40046
1.41203
1.42456
1.438
1.45232
1.46745
1.48338
1.50003
1.51738
1.53537
1.55395
1.57308
1.59271
1.6128
1.6333
1.65416
1.67535
1.69681
1.71851
1.7404
1.76245
1.78462
1.80687
1.82917
1.85147
1.87375
1.89597
1.91811
1.94012
1.96198
1.98367
2.00515
2.02641
2.0474
2.06811
2.08852
2.1086
2.12833
2.14769
2.16666
2.18521
2.20334
2.22102
2.23823
2.25496
2.2712
2.28692
2.30211
2.31677
2.33086
2.3444
2.35735
2.36971
2.38147
2.39262
2.40315
2.41305
2.42231
2.43092
2.43888
2.44617
2.4528
2.45876
2.46404
2.46863
2.47253
2.47575
2.47827
2.48009
2.48121
2.48162
2.48134
2.48034
2.47865
2.47625
2.47314
2.46933
2.46482
2.45961
2.4537
2.44709
2.4398
2.43181
2.42315
2.4138
2.40378
2.39309
2.38174
2.36974
2.35709
2.34379
2.32986
2.31531
2.30014
2.28437
2.268
2.25104
2.23351
2.21541
2.19676
2.17757
2.15785
2.13762
2.11689
2.09568
2.07399
2.05185
2.02927
2.00627
1.98287
1.95908
1.93492
1.91042
1.88558
1.86045
1.83503
1.80935
1.78343
1.7573
1.73098
1.7045
1.67789
1.65118
1.6244
1.59757
1.57074
1.54394
1.51719
1.49055
1.46405
1.43772
1.41163
1.3858
1.36028
1.33513
1.3104
1.28614
1.26239
1.23924
1.21672
1.1949
1.17384
1.15362
1.13428
1.1159
1.09854
1.08227
1.06715
1.05324
1.0406
1.02929
1.01935
1.01082
1.00375
0.998171
0.994097
0.991545
0.990519
0.991016
0.993023
0.996516
1.00147
1.00784
1.01558
1.02465
1.03498
1.04652
1.0592
1.07296
1.08774
1.10345
1.12004
1.13744
1.15559
1.17441
1.19384
1.21383
1.23432
1.25525
1.27657
1.29823
1.32017
1.34236
1.36475
1.3873
1.40997
1.43272
1.45553
1.47834
1.50115
1.52391
1.5466
1.56919
1.59166
1.61399
1.63615
1.65813
1.6799
1.70145
1.72276
1.74382
1.76461
1.78511
1.80532
1.82522
1.8448
1.86404
1.88295
1.90151
1.91971
1.93754
1.955
1.97207
1.98876
2.00506
2.02096
2.03645
2.05154
2.06622
2.08048
2.09433
2.10775
2.12076
2.13334
2.14549
2.15721
2.16851
2.17938
2.18982
2.19984
2.20942
2.21858
2.22731
2.23562
2.2435
2.25096
2.258
2.26462
2.27083
2.27662
2.282
2.28698
2.29155
2.29572
2.29949
2.30286
2.30585
2.30845
2.31067
2.31251
2.31398
2.31507
2.3158
2.31617
2.31619
2.31585
2.31517
2.31414
2.31278
2.31109
2.30907
2.30672
2.30407
2.3011
2.29782
2.29425
2.29038
2.28622
2.28177
2.27705
2.27205
2.26678
2.26125
2.25547
2.24942
2.24313
2.2366
2.22983
2.22283
2.2156
2.20815
2.20049
2.19261
2.18453
2.17624
2.16776
2.15908
2.15022
2.14118
2.13196
2.12257
2.11302
2.1033
2.09342
2.08339
2.07321
2.06289
2.05243
2.04184
2.03112
2.02027
2.0093
1.99822
1.98703
1.97573
1.96433
1.95284
1.94126
1.92959
1.91783
1.90601
1.89411
1.88215
1.87012
1.85804
1.84592
1.83374
1.82153
1.80929
1.79702
1.78474
1.77244
1.76013
1.74782
1.73552
1.72323
1.71097
1.69873
1.68653
1.67437
1.66227
1.65022
1.63825
1.62635
1.61455
1.60284
1.59123
1.57975
1.56839
1.55717
1.5461
1.53519
1.52445
1.51389
1.50353
1.49337
1.48344
1.47373
1.46427
1.45506
1.44613
1.43747
1.42911
1.42106
1.41333
1.40593
1.39888
1.39219
1.38587
1.37994
1.37439
1.36926
1.36454
1.36025
1.3564
1.353
1.35005
1.34757
1.34555
1.34402
1.34297
1.3424
1.34233
1.34275
1.34367
1.34509
1.34701
1.34942
1.35233
1.35572
1.35961
1.36398
1.36882
1.37413
1.37991
1.38614
1.39281
1.39991
1.40744
1.41538
1.42371
1.43243
1.44152
1.45097
1.46076
1.47088
1.48131
1.49203
1.50304
1.51432
1.52584
1.5376
1.54957
1.56175
1.57411
1.58663
1.59931
1.61212
1.62505
1.63808
1.65119
1.66438
1.67761
1.69089
1.70419
1.7175
1.7308
1.74407
1.75731
1.7705
1.78362
1.79667
1.80961
1.82246
1.83518
1.84777
1.86021
1.8725
1.88461
1.89655
1.90829
1.91982
1.93114
1.94224
1.95309
1.9637
1.97406
1.98414
1.99395
2.00348
2.01271
2.02165
2.03027
2.03857
2.04655
2.0542
2.0615
2.06847
2.07507
2.08133
2.08721
2.09273
2.09788
2.10264
2.10703
2.11102
2.11462
2.11783
2.12065
2.12306
2.12506
2.12667
2.12786
2.12865
2.12903
2.129
2.12856
2.12771
2.12644
2.12477
2.12269
2.1202
2.1173
2.11401
2.11031
2.10621
2.10172
2.09683
2.09156
2.08591
2.07987
2.07346
2.06669
2.05955
2.05206
2.04422
2.03604
2.02752
2.01868
2.00952
2.00005
1.99028
1.98023
1.96989
1.95928
1.94842
1.93731
1.92596
1.9144
1.90262
1.89065
1.8785
1.86618
1.85371
1.8411
1.82837
1.81553
1.80261
1.78961
1.77656
1.76347
1.75037
1.73727
1.72419
1.71114
1.69816
1.68526
1.67247
1.65979
1.64726
1.6349
1.62272
1.61075
1.59902
1.58754
1.57633
1.56543
1.55484
1.54459
1.53471
1.52521
1.51612
1.50745
1.49922
1.49146
1.48418
1.47739
1.47112
1.46538
1.46017
1.45552
1.45144
1.44792
1.44499
1.44265
1.4409
1.43975
1.4392
1.43924
1.43988
1.44112
1.44294
1.44534
1.44831
1.45185
1.45594
1.46057
1.46573
1.4714
1.47756
1.4842
1.49131
1.49885
1.50681
1.51518
1.52393
1.53304
1.54249
1.55225
1.56232
1.57265
1.58324
1.59405
1.60507
1.61628
1.62765
1.63917
1.6508
1.66254
1.67436
1.68623
1.69815
1.71009
1.72202
1.73395
1.74583
1.75767
1.76943
1.78111
1.79269
1.80415
1.81547
1.82665
1.83766
1.8485
1.85915
1.8696
1.87983
1.88984
1.89961
1.90913
1.91839
1.92739
1.9361
1.94453
1.95266
1.96049
1.968
1.97519
1.98205
1.98858
1.99477
2.00062
2.00611
2.01124
2.01602
2.02042
2.02446
2.02812
2.0314
2.0343
2.03682
2.03896
2.0407
2.04206
2.04303
2.0436
2.04378
2.04357
2.04297
2.04197
2.04058
2.0388
2.03662
2.03406
2.03111
2.02778
2.02406
2.01996
2.01548
2.01063
2.00541
1.99981
1.99386
1.98754
1.98087
1.97384
1.96647
1.95876
1.95071
1.94234
1.93363
1.92462
1.91529
1.90565
1.89572
1.8855
1.875
1.86422
1.85318
1.84188
1.83033
1.81854
1.80651
1.79427
1.78181
1.76916
1.75631
1.74328
1.73008
1.71673
1.70322
1.68958
1.67582
1.66195
1.64799
1.63394
1.61981
1.60564
1.59142
1.57717
1.56291
1.54866
1.53442
1.52022
1.50607
1.49199
1.478
1.4641
1.45033
1.4367
1.42323
1.40993
1.39683
1.38394
1.37129
1.35889
1.34677
1.33495
1.32344
1.31226
1.30144
1.291
1.28095
1.27132
1.26212
1.25338
1.24511
1.23733
1.23007
1.22332
1.21712
1.21147
1.2064
1.2019
1.198
1.19471
1.19202
1.18996
1.18852
1.18771
1.18754
1.188
1.18909
1.19082
1.19317
1.19615
1.19974
1.20394
1.20874
1.21413
1.22009
1.22662
1.2337
1.24131
1.24944
1.25808
1.2672
1.27678
1.28681
1.29728
1.30815
1.31942
1.33106
1.34306
1.35538
1.36803
1.38096
1.39418
1.40765
1.42136
1.43529
1.44942
1.46374
1.47822
1.49285
1.50762
1.52249
1.53747
1.55253
1.56766
1.58283
1.59805
1.61328
1.62853
1.64377
1.65898
1.67417
1.68931
1.70439
1.71939
1.73432
1.74914
1.76386
1.77846
1.79294
1.80727
1.82145
1.83547
1.84931
1.86298
1.87645
1.88973
1.90279
1.91564
1.92826
1.94064
1.95278
1.96466
1.97629
1.98764
1.99872
2.00951
2.02002
2.03022
2.04012
2.04971
2.05898
2.06792
2.07654
2.08481
2.09274
2.10032
2.10755
2.11442
2.12092
2.12704
2.1328
2.13817
2.14316
2.14775
2.15195
2.15576
2.15916
2.16215
2.16474
2.16691
2.16867
2.17
2.17092
2.1714
2.17146
2.17109
2.17029
2.16906
2.16738
2.16527
2.16273
2.15974
2.15631
2.15243
2.14812
2.14336
2.13816
2.13252
2.12643
2.11991
2.11294
2.10553
2.09768
2.0894
2.08067
2.07152
2.06193
2.05191
2.04147
2.03061
2.01932
2.00761
1.9955
1.98297
1.97004
1.95671
1.94299
1.92887
1.91437
1.8995
1.88425
1.86863
1.85266
1.83634
1.81967
1.80267
1.78534
1.7677
1.74974
1.73149
1.71295
1.69413
1.67504
1.6557
1.63612
1.61631
1.59628
1.57605
1.55563
1.53504
1.5143
1.49342
1.47241
1.45131
1.43012
1.40887
1.38758
1.36626
1.34496
1.32368
1.30246
1.28133
1.2603
1.23941
1.2187
1.19819
1.17793
1.15793
1.13825
1.11893
1.09999
1.08149
1.06347
1.04597
1.02904
1.01273
0.997089
0.982161
0.967998
0.95465
0.942165
0.930592
0.919977
0.910365
0.901796
0.894309
0.887938
0.882713
0.878657
0.87579
0.874125
0.873666
0.874415
0.876365
0.879502
0.883808
0.889257
0.89582
0.903461
0.912142
0.92182
0.93245
0.943984
0.956373
0.969568
0.983517
0.99817
1.01348
1.02939
1.04585
1.06282
1.08025
1.0981
1.11632
1.13488
1.15372
1.17282
1.19213
1.21162
1.23126
1.25102
1.27086
1.29076
1.31069
1.33062
1.35053
1.37039
1.39019
1.40989
1.42948
1.44895
1.46826
1.48741
1.50637
1.52514
1.54369
1.56201
1.58009
1.59791
1.61547
1.63274
1.64972
1.6664
1.68276
1.69881
1.71452
1.72989
1.74491
1.75957
1.77387
1.7878
1.80135
1.81451
1.82729
1.83967
1.85165
1.86323
1.87439
1.88515
1.89549
1.9054
1.9149
1.92397
1.93261
1.94082
1.94861
1.95596
1.96287
1.96936
1.97541
1.98102
1.9862
1.99095
1.99527
1.99915
2.0026
2.00563
2.00822
2.0104
2.01215
2.01348
2.0144
2.0149
2.01499
2.01468
2.01397
2.01286
2.01136
2.00947
2.0072
2.00455
2.00153
1.99814
1.99439
1.9903
1.98585
1.98107
1.97595
1.97051
1.96474
1.95867
1.9523
1.94563
1.93868
1.93145
1.92396
1.9162
1.9082
1.89995
1.89147
1.88278
1.87387
1.86476
1.85547
1.84599
1.83635
1.82655
1.8166
1.80652
1.79631
1.78599
1.77557
1.76507
1.75449
1.74384
1.73314
1.7224
1.71164
1.70086
1.69007
1.6793
1.66855
1.65783
1.64717
1.63656
1.62602
1.61557
1.60522
1.59498
1.58486
1.57488
1.56504
1.55536
1.54585
1.53652
1.52738
1.51844
1.50972
1.50122
1.49295
1.48493
1.47715
1.46964
1.46239
1.45542
1.44873
1.44233
1.43623
1.43042
1.42492
1.41974
1.41486
1.4103
1.40606
1.40214
1.39855
1.39527
1.39232
1.38969
1.38738
1.38539
1.38371
1.38235
1.38129
1.38054
1.38009
1.37993
1.38006
1.38048
1.38117
1.38213
1.38335
1.38483
1.38655
1.38851
1.3907
1.3931
1.39573
1.39855
1.40157
1.40477
1.40815
1.41169
1.4154
1.41925
1.42324
1.42736
1.4316
1.43595
1.44041
1.44496
1.44959
1.45431
1.45909
1.46394
1.46884
1.47379
1.47878
1.4838
1.48884
1.49391
1.49898
1.50407
1.50915
1.51423
1.51929
1.52434
1.52937
1.53437
1.53934
1.54428
1.54917
1.55402
1.55883
1.56358
1.56827
1.57291
1.57748
1.58199
1.58644
1.59081
1.59511
1.59933
1.60348
1.60755
1.61153
1.61543
1.61925
1.62298
1.62662
1.63016
1.63362
1.63698
1.64025
1.64342
1.64649
1.64947
1.65234
1.65511
1.65778
1.66034
1.66281
1.66516
1.66741
1.66955
1.67158
1.6735
1.67531
1.677
1.67859
1.68006
1.68141
1.68264
1.68376
1.68476
1.68564
1.68639
1.68703
1.68754
1.68792
1.68818
1.68831
1.68831
1.68817
1.68791
1.68752
1.68699
1.68632
1.68551
1.68457
1.68349
1.68227
1.6809
1.67939
1.67774
1.67594
1.67399
1.67189
1.66965
1.66725
1.6647
1.66201
1.65915
1.65615
1.65299
1.64968
1.64621
1.64259
1.63881
1.63488
1.63079
1.62655
1.62216
1.61761
1.61291
1.60806
1.60306
1.59791
1.59262
1.58718
1.58159
1.57587
1.57001
1.56402
1.55789
1.55164
1.54526
1.53876
1.53215
1.52542
1.51859
1.51167
1.50464
1.49753
1.49033
1.48307
1.47573
1.46833
1.46088
1.45339
1.44586
1.43831
1.43074
1.42317
1.4156
1.40804
1.40052
1.39303
1.38559
1.37821
1.37091
1.3637
1.35659
1.3496
1.34274
1.33602
1.32946
1.32308
1.31688
1.31089
1.30512
1.29959
1.29431
1.28929
1.28455
1.28011
1.27598
1.27217
1.26871
1.2656
1.26285
1.26049
1.25852
1.25694
1.25579
1.25505
1.25475
1.25489
1.25548
1.25652
1.25802
1.25998
1.2624
1.2653
1.26866
1.27248
1.27677
1.28152
1.28673
1.29239
1.2985
1.30504
1.31202
1.31941
1.32721
1.33541
1.344
1.35296
1.36228
1.37195
1.38195
1.39226
1.40287
1.41377
1.42494
1.43636
1.44801
1.45988
1.47195
1.48421
1.49662
1.50919
1.52188
1.53468
1.54758
1.56056
1.57359
1.58667
1.59977
1.61288
1.62599
1.63906
1.6521
1.66508
1.67798
1.69079
1.7035
1.71609
1.72854
1.74085
1.75299
1.76495
1.77672
1.78828
1.79963
1.81074
1.82161
1.83222
1.84256
1.85262
1.86239
1.87185
1.88099
1.88982
1.8983
1.90644
1.91422
1.92163
1.92867
1.93533
1.94159
1.94745
1.95291
1.95794
1.96255
1.96673
1.97047
1.97376
1.9766
1.97899
1.98091
1.98236
1.98334
1.98383
1.98385
1.98338
1.98241
1.98095
1.97899
1.97653
1.97357
1.9701
1.96612
1.96162
1.95662
1.9511
1.94507
1.93852
1.93145
1.92387
1.91577
1.90716
1.89804
1.8884
1.87825
1.86758
1.85642
1.84474
1.83257
1.81989
1.80672
1.79305
1.7789
1.76426
1.74914
1.73355
1.71749
1.70096
1.68398
1.66655
1.64867
1.63035
1.61161
1.59244
1.57285
1.55287
1.53248
1.51172
1.49057
1.46906
1.44719
1.42498
1.40244
1.37958
1.35642
1.33296
1.30923
1.28524
1.261
1.23654
1.21186
1.187
1.16197
1.13679
1.11149
1.08608
1.06061
1.03509
1.00955
0.984035
0.958572
0.933201
0.907963
0.882902
0.858068
0.833514
0.809298
0.785483
0.762137
0.739336
0.717162
0.695704
0.675057
0.655326
0.636619
0.619055
0.602754
