
Dual Residual: 
1
28849.7
6333.32
2928.7
1726.73
1440.82
1198.42
953.782
757.566
665.097
635.097
593.032
520.433
436.751
364.483
313.557
282.392
265.385
257.062
252.673
248.554
242.432
233.156
220.364
204.463
186.744
169.252
154.258
143.403
136.948
133.721
131.909
129.976
127.133
123.316
118.901
114.348
109.934
105.662
101.368
96.9328
92.4492
88.2792
84.947
82.9074
82.2967
82.828
83.9075
84.8801
85.2472
84.7803
83.5327
81.7762
79.8878
78.2122
76.9402
76.053
75.3543
74.569
73.4555
71.8884
69.8972
67.6646
65.4927
63.7429
62.7536
62.7514
63.7868
65.7266
68.3023
71.1835
74.0412
76.5873
78.5927
79.8926
80.3859
80.0319
78.8466
76.899
74.3079
71.2385
67.8978
64.5274
61.3883
58.736
56.7824
55.6521
55.3508
55.7626
56.6818
57.8631
59.0697
60.1063
60.8361
61.1852
61.1401
60.7402
60.0674
59.2324
58.3588
57.5654
56.9482
56.5655
56.4292
56.5054
56.7231
56.9889
57.203
57.2739
57.1287
56.7206
56.0311
55.071
53.8777
52.5118
51.0521
49.5889
48.2172
47.0279
46.0996
45.4903
45.2322
45.3283
45.7551
46.4665
47.4016
48.4906
49.6617
50.8448
51.9753
52.9959
53.8584
54.5247
54.9678
55.1723
55.135
54.8642
54.3799
53.7118
52.8979
51.9825
51.0127
50.0359
49.0958
48.23
47.4671
46.8249
46.31
45.9188
45.6391
45.4528
45.3387
45.2748
45.2411
45.2203
45.1991
45.1679
45.1211
45.0555
44.9703
44.8657
44.7423
44.6005
44.4399
44.2594
44.0575
43.8323
43.5827
43.3086
43.0123
42.6985
42.3751
42.0536
41.7487
41.4779
41.2602
41.1153
41.0612
41.1128
41.28
41.5663
41.968
42.4742
43.0676
43.7255
44.4213
45.1269
45.8137
46.4547
47.0256
47.5057
47.8789
48.1338
48.264
48.2679
48.1488
47.9141
47.5749
47.1451
46.6409
46.0796
45.4791
44.8566
44.2283
43.6083
43.0086
42.4385
41.905
41.4124
40.9632
40.5584
40.1978
39.8809
39.607
39.3758
39.1871
39.0414
38.9392
38.8813
38.8682
38.9
38.976
39.0945
39.2531
39.4483
39.6757
39.9303
40.2068
40.4996
40.8035
41.1135
41.4253
41.7353
42.0407
42.3393
42.6296
42.9104
43.1808
43.4397
43.6859
43.9177
44.1327
44.3279
44.4996
44.6433
44.7543
44.8276
44.8582
44.8416
44.774
44.6524
44.4755
44.2433
43.9575
43.6218
43.2416
42.8241
42.3783
41.9143
41.4434
40.9774
40.5282
40.1075
39.7259
39.3926
39.115
38.8982
38.7451
38.6561
38.6291
38.6601
38.7433
38.8715
39.0367
39.2302
39.4434
39.668
39.8959
40.1198
40.3333
40.5306
40.7069
40.8583
40.9816
41.0741
41.1343
41.161
41.1535
41.112
41.0368
40.929
40.7898
40.621
40.4247
40.2034
39.9595
39.6958
39.4154
39.1209
38.8153
38.5013
38.1814
37.8579
37.5328
37.2078
36.8844
36.5639
36.2471
35.9352
35.629
35.3295
35.038
34.7558
34.4847
34.2268
33.9845
33.7606
33.5581
33.3802
33.2298
33.1102
33.024
32.9734
32.9601
32.9849
33.0478
33.1481
33.2841
33.4532
33.6522
33.8774
34.1245
34.389
34.6664
34.9521
35.2418
35.5314
35.8173
36.0964
36.3659
36.6236
36.8679
37.0976
37.3118
37.5101
37.6925
37.859
38.0101
38.1463
38.268
38.3759
38.4704
38.5522
38.6215
38.6788
38.7241
38.7575
38.7789
38.7882
38.785
38.769
38.7397
38.6968
38.6398
38.5682
38.4818
38.3805
38.264
38.1326
37.9866
37.8264
37.6528
37.4667
37.2694
37.0622
36.8466
36.6243
36.3972
36.1671
35.9357
35.705
35.4766
35.252
35.0325
34.8192
34.6129
34.4139
34.2224
34.0382
33.8607
33.6891
33.5224
33.3593
33.1986
33.0386
32.8779
32.7152
32.5489
32.3781
32.2015
32.0186
31.8287
31.6318
31.4277
31.217
31.0003
30.7786
30.5532
30.3254
30.0971
29.8702
29.6467
29.4288
29.2187
29.0187
28.8311
28.658
28.5016
28.3638
28.2466
28.1515
28.08
28.0334
28.0127
28.0187
28.0521
28.1134
28.2026
28.32
28.4654
28.6385
28.8389
29.066
29.3193
29.5977
29.9003
30.226
30.5733
30.941
31.3272
31.7301
32.1477
32.578
33.0184
33.4665
33.9197
34.3752
34.8303
35.282
35.7274
36.1636
36.5876
36.9966
37.3877
37.7584
38.1059
38.428
38.7223
38.9868
39.2195
39.4189
39.5835
39.7121
39.8037
39.8575
39.873
39.8499
39.7883
39.6882
39.5501
39.3746
39.1626
38.9151
38.6334
38.3189
37.9732
37.5981
37.1957
36.7681
36.3175
35.8464
35.3574
34.8531
34.3365
33.8103
33.2776
32.7415
32.205
31.6713
31.1436
30.6249
30.1184
29.6269
29.1533
28.7002
28.2701
27.8651
27.4872
27.1378
26.8181
26.5289
26.2705
26.0429
25.8456
25.6779
25.5384
25.4258
25.3382
25.2738
25.2303
25.2056
25.1975
25.2038
25.2223
25.251
25.288
25.3318
25.3807
25.4336
25.4894
25.5471
25.6062
25.6662
25.7267
25.7877
25.849
25.9107
25.9728
26.0356
26.0991
26.1634
26.2287
26.295
26.3623
26.4304
26.4992
26.5685
26.638
26.7073
26.776
26.8437
26.91
26.9744
27.0366
27.0962
27.1528
27.2065
27.2569
27.3041
27.3483
27.3897
27.4287
27.4656
27.5012
27.5361
27.5711
27.6072
27.6451
27.686
27.7306
27.7801
27.8353
27.8971
27.9662
28.0434
28.129
28.2235
28.3271
28.4399
28.5616
28.6921
28.8308
28.977
29.1299
29.2887
29.4522
29.6192
29.7886
29.9589
30.1288
30.297
30.462
30.6226
30.7774
30.9251
31.0647
31.1949
31.315
31.4239
31.5209
31.6055
31.6771
31.7354
31.7802
31.8114
31.829
31.8333
31.8244
31.8029
31.7692
31.724
31.6679
31.6018
31.5264
31.4428
31.3517
31.254
31.1509
31.0431
30.9315
30.8171
30.7005
30.5825
30.4637
30.3447
30.2259
30.1075
29.9899
29.873
29.7568
29.6412
29.526
29.4107
29.2949
29.1781
29.0597
28.939
28.8154
28.6881
28.5565
28.4199
28.2776
28.1291
27.9739
27.8114
27.6414
27.4636
27.278
27.0846
26.8835
26.6752
26.4599
26.2385
26.0117
25.7804
25.5458
25.3091
25.0717
24.8352
24.601
24.3711
24.1472
23.9312
23.725
23.5304
23.3494
23.1838
23.0353
22.9055
22.7958
22.7075
22.6416
22.5989
22.5799
22.5848
22.6136
22.6659
22.7413
22.8387
22.9571
23.0953
23.2516
23.4245
23.6121
23.8126
24.0239
24.2441
24.4712
24.7031
24.938
25.1738
25.4088
25.6412
25.8694
26.0918
26.3068
26.5134
26.7101
26.8959
27.0699
27.2313
27.3793
27.5133
27.6329
27.7378
27.8276
27.9023
27.9618
28.0063
28.0358
28.0507
28.0514
28.0382
28.0117
27.9724
27.9209
27.8581
27.7845
27.7009
27.6082
27.5073
27.3989
27.284
27.1635
27.0382
26.9091
26.7771
26.6429
26.5076
26.372
26.2368
26.1029
25.971
25.8419
25.7162
25.5945
25.4776
25.3659
25.2598
25.16
25.0666
24.9801
24.9008
24.8288
24.7642
24.7073
24.658
24.6162
24.582
24.5551
24.5355
24.5227
24.5166
24.5167
24.5228
24.5344
24.5511
24.5723
24.5976
24.6264
24.6582
24.6925
24.7287
24.7663
24.8047
24.8434
24.8819
24.9197
24.9563
24.9913
25.0243
25.0549
25.0828
25.1077
25.1293
25.1474
25.1619
25.1725
25.1791
25.1818
25.1804
25.1749
25.1655
25.152
25.1345
25.1133
25.0882
25.0595
25.0272
24.9915
24.9524
24.91
24.8645
24.8159
24.7643
24.7096
24.6521
24.5916
24.5282
24.4619
24.3927
24.3205
24.2454
24.1673
24.0861
24.002
23.9148
23.8247
23.7317
23.6359
23.5375
23.4366
23.3334
23.2284
23.1218
23.014
22.9055
22.797
22.689
22.5821
22.4772
22.375
22.2765
22.1824
22.0938
22.0115
21.9366
21.87
21.8126
21.7654
21.729
21.7044
21.6921
21.6928
21.7068
21.7345
21.7761
21.8315
21.9006
21.983
22.0784
22.1861
22.3054
22.4353
22.5749
22.723
22.8785
23.0399
23.2061
23.3756
23.547
23.7189
23.8899
24.0587
24.2238
24.384
24.5382
24.685
24.8235
24.9527
25.0716
25.1796
25.2758
25.3597
25.4308
25.4888
25.5334
25.5645
25.582
25.5859
25.5765
25.554
25.5187
25.4712
25.4118
25.3413
25.2602
25.1694
25.0695
24.9615
24.8462
24.7245
24.5973
24.4655
24.33
24.1918
24.0517
23.9105
23.7692
23.6283
23.4887
23.351
23.2157
23.0833
22.9541
22.8286
22.707
22.5893
22.4757
22.366
22.2602
22.1582
22.0595
21.964
21.8712
21.7807
21.6921
21.6049
21.5185
21.4324
21.3462
21.2594
21.1714
21.0818
20.9901
20.8961
20.7994
20.6998
20.5969
20.4907
20.3812
20.2682
20.152
20.0326
19.9103
19.7855
19.6584
19.5296
19.3997
19.2693
19.1389
19.0095
18.8819
18.7568
18.6352
18.518
18.4062
18.3008
18.2028
18.1131
18.0326
17.9624
17.9031
17.8556
17.8206
17.7987
17.7904
17.7961
17.816
17.8503
17.8989
17.9618
18.0387
18.1291
18.2327
18.3488
18.4767
18.6155
18.7645
18.9227
19.0891
19.2628
19.4426
19.6276
19.8167
20.0089
20.2031
20.3985
20.594
20.7888
20.982
21.1728
21.3606
21.5446
21.7242
21.8989
22.0681
22.2315
22.3887
22.5394
22.6834
22.8204
22.9503
23.073
23.1886
23.2969
23.3982
23.4923
23.5794
23.6598
23.7334
23.8005
23.8613
23.916
23.9646
24.0075
24.0447
24.0765
24.1029
24.1242
24.1403
24.1514
24.1575
24.1587
24.1548
24.1458
24.1317
24.1124
24.0876
24.0572
24.0209
23.9786
23.93
23.8748
23.8127
23.7433
23.6664
23.5817
23.4888
23.3873
23.2771
23.1577
23.0289
22.8905
22.7422
22.5839
22.4153
22.2363
22.0469
21.8471
21.6369
21.4163
21.1855
20.9446
20.6941
20.4341
20.1651
19.8875
19.6019
19.3089
19.0093
18.7037
18.3931
18.0783
17.7604
17.4406
17.1199
16.7996
16.4812
16.1659
15.8554
15.551
15.2545
14.9674
14.6915
14.4283
14.1796
13.947
13.732
13.5361
13.3605
13.2066
13.0752
12.9673
12.8832
12.8234
12.7879
12.7766
12.7889
12.8244
12.882
12.9609
13.0598
13.1774
13.3123
13.4632
13.6285
13.8068
13.9967
14.1966
14.4053
14.6214
14.8437
15.0711
15.3024
15.5368
15.7734
16.0112
16.2497
16.4882
16.7261
16.9629
17.1982
17.4316
17.6629
17.8917
18.1178
18.341
18.5612
18.7781
18.9917
19.2018
19.4083
19.611
19.8098
20.0046
20.1952
20.3815
20.5633
20.7403
20.9123
21.0792
21.2407
21.3964
21.5461
21.6896
21.8264
21.9562
22.0788
22.1937
22.3007
22.3993
22.4893
22.5702
22.6418
22.7037
22.7556
22.7974
22.8285
22.849
22.8585
22.8568
22.8439
22.8196
22.7838
22.7366
22.6778
22.6077
22.5261
22.4334
22.3296
22.215
22.0899
21.9546
21.8093
21.6547
21.4909
21.3187
21.1384
20.9507
20.7562
20.5554
20.3491
20.138
19.9229
19.7044
19.4834
19.2607
19.037
18.8134
18.5905
18.3693
18.1505
17.9351
17.7238
17.5175
17.317
17.123
16.9362
16.7572
16.5868
16.4254
16.2736
16.1318
16.0004
15.8796
15.7697
15.6707
15.5828
15.5058
15.4398
15.3844
15.3395
15.3047
15.2797
15.2641
15.2573
15.2588
15.2682
15.2848
15.308
15.3374
15.3722
15.412
15.456
15.5039
15.5549
15.6087
15.6647
15.7224
15.7814
15.8414
15.9019
15.9627
16.0233
16.0836
16.1433
16.2023
16.2603
16.3173
16.373
16.4275
16.4806
16.5324
16.5829
16.632
16.6798
16.7264
16.7718
16.816
16.8593
16.9017
16.9433
16.9842
17.0246
17.0646
17.1043
17.1439
17.1835
17.2233
17.2633
17.3037
17.3447
17.3862
17.4285
17.4717
17.5158
17.5608
17.607
17.6543
17.7027
17.7524
17.8033
17.8553
17.9086
17.9631
18.0187
18.0753
18.133
18.1916
18.251
18.3111
18.3718
18.4329
18.4944
18.556
18.6175
18.6788
18.7397
18.8
18.8595
18.918
18.9752
19.0309
19.085
19.137
19.187
19.2345
19.2793
19.3213
19.3601
19.3956
19.4275
19.4555
19.4795
19.4992
19.5144
19.5248
19.5304
19.5308
19.5259
19.5155
19.4995
19.4776
19.4498
19.4158
19.3757
19.3292
19.2763
19.2169
19.151
19.0785
18.9993
18.9136
18.8213
18.7224
18.6171
18.5053
18.3873
18.2632
18.1331
17.9972
17.8557
17.7089
17.5571
17.4005
17.2394
17.0744
16.9056
16.7336
16.5588
16.3816
16.2026
16.0223
15.8412
15.66
15.4792
15.2994
15.1213
14.9456
14.7729
14.6039
14.4392
14.2797
14.1258
13.9784
13.8381
13.7054
13.581
13.4656
13.3595
13.2633
13.1774
13.1023
13.0381
12.9852
12.9438
12.9139
12.8957
12.889
12.8937
12.9099
12.9371
12.9751
13.0237
13.0824
13.1508
13.2285
13.315
13.4099
13.5125
13.6224
13.7391
13.862
13.9907
14.1246
14.2632
14.406
14.5526
14.7025
14.8553
15.0105
15.1677
15.3266
15.4867
15.6477
15.8093
15.9711
16.1328
16.2941
16.4546
16.6142
16.7725
16.9293
17.0843
17.2371
17.3877
17.5357
17.6808
17.8229
17.9617
18.097
18.2285
18.356
18.4793
18.5981
18.7124
18.8217
18.926
19.025
19.1186
19.2065
19.2886
19.3647
19.4346
19.4981
19.5552
19.6056
19.6493
19.6861
19.7159
19.7385
19.754
19.7622
19.763
19.7563
19.7423
19.7207
19.6915
19.6548
19.6106
19.5588
19.4995
19.4327
19.3585
19.2769
19.1879
19.0918
18.9885
18.8781
18.7609
18.6369
18.5063
18.3692
18.2258
18.0763
17.921
17.7599
17.5933
17.4216
17.2449
17.0635
16.8777
16.6878
16.4941
16.2971
16.097
15.8942
15.6891
15.4822
15.2738
15.0645
14.8547
14.6449
14.4356
14.2274
14.0209
13.8166
13.6152
13.4172
13.2233
13.0342
12.8505
12.6729
12.5021
12.3387
12.1834
12.037
11.8999
11.773
11.6567
11.5516
11.4582
11.3771
11.3085
11.2528
11.2102
11.1811
11.1654
11.1632
11.1745
11.1991
11.2368
11.2874
11.3506
11.4258
11.5127
11.6107
11.7194
11.838
11.9661
12.1029
12.2479
12.4003
12.5595
12.7249
12.8957
13.0714
13.2513
13.4348
13.6213
13.8102
14.001
14.193
14.3859
14.5791
14.7721
14.9645
15.1559
15.3457
15.5337
15.7195
15.9026
16.0828
16.2597
16.4331
16.6026
16.7679
16.9288
17.085
17.2364
17.3826
17.5235
17.6588
17.7884
17.9121
18.0298
18.1413
18.2464
18.345
18.4371
18.5225
18.601
18.6728
18.7375
18.7953
18.8459
18.8895
18.926
18.9552
18.9773
18.9922
19
19.0005
18.9939
18.9802
18.9594
18.9316
18.8968
18.855
18.8064
18.751
18.6889
18.6201
18.5448
18.4631
18.375
18.2806
18.1801
18.0737
17.9613
17.8431
17.7193
17.5901
17.4554
17.3156
17.1706
17.0208
16.8662
16.707
16.5434
16.3756
16.2038
16.0281
15.8487
15.666
15.48
15.2911
15.0995
14.9055
14.7092
14.5111
14.3115
14.1106
13.9089
13.7067
13.5043
13.3023
13.1011
12.9011
12.7029
12.5069
12.3138
12.1241
11.9385
11.7576
11.582
11.4125
11.2498
11.0946
10.9476
10.8097
10.6814
10.5636
10.4569
10.362
10.2796
10.2101
10.154
10.1119
10.0839
10.0704
10.0715
10.0871
10.1174
10.1619
10.2206
10.2929
10.3785
10.4768
10.5872
10.7088
10.8411
10.9832
11.1343
11.2934
11.4598
11.6326
11.8107
11.9934
12.1799
12.3692
12.5605
12.753
12.946
13.1387
13.3304
13.5204
13.7082
13.8931
14.0745
14.2519
14.4249
14.593
14.7557
14.9126
15.0635
15.2079
15.3457
15.4765
15.6001
15.7164
15.8251
15.9262
16.0195
16.105
16.1826
16.2524
16.3143
16.3684
16.4147
16.4534
16.4846
16.5085
16.5251
16.5348
16.5377
16.5341
16.5243
16.5085
16.4871
16.4603
16.4285
16.392
16.3512
16.3065
16.2582
16.2067
16.1524
16.0957
16.0369
15.9765
15.9147
15.852
15.7887
15.7251
15.6616
15.5984
15.5359
15.4743
15.4138
15.3547
15.2971
15.2412
15.1871
15.135
15.0849
15.0368
14.9908
14.9468
14.9048
14.8648
14.8267
14.7903
14.7555
14.7222
14.6901
14.6592
14.6292
14.6
14.5712
14.5428
14.5144
14.4859
14.4571
14.4277
14.3976
14.3665
14.3343
14.3007
14.2657
14.2291
14.1908
14.1506
14.1085
14.0643
14.0181
13.9697
13.9193
13.8666
13.8119
13.7551
13.6963
13.6355
13.573
13.5087
13.4428
13.3756
13.3071
13.2375
13.1672
13.0962
13.0248
12.9533
12.882
12.8111
12.7409
12.6717
12.6037
12.5374
12.473
12.4108
12.3512
12.2944
12.2407
12.1905
12.1441
12.1016
12.0635
12.0299
12.0011
11.9774
11.9588
11.9456
11.938
11.936
11.9398
11.9495
11.9651
11.9865
12.0139
12.0471
12.0861
12.1308
12.1811
12.2367
12.2976
12.3634
12.4341
12.5092
12.5886
12.672
12.7591
12.8494
12.9428
13.0389
13.1372
13.2375
13.3394
13.4425
13.5465
13.6509
13.7554
13.8597
13.9634
14.0661
14.1674
14.267
14.3647
14.4599
14.5525
14.6421
14.7283
14.811
14.8898
14.9644
15.0346
15.1002
15.1609
15.2164
15.2667
15.3115
15.3506
15.3838
15.4111
15.4322
15.4471
15.4557
15.4579
15.4536
15.4428
15.4255
15.4015
15.371
15.334
15.2904
15.2403
15.1839
15.1212
15.0522
14.9772
14.8963
14.8096
14.7173
14.6196
14.5167
14.4088
14.2963
14.1793
14.0582
13.9332
13.8047
13.6731
13.5386
13.4016
13.2626
13.122
12.9802
12.8376
12.6947
12.5519
12.4098
12.2689
12.1296
11.9925
11.8581
11.727
11.5997
11.4767
11.3586
11.2458
11.1389
11.0384
10.9448
10.8585
10.7799
10.7095
10.6475
10.5942
10.55
10.515
10.4894
10.4732
10.4666
10.4694
10.4817
10.5032
10.5338
10.5733
10.6213
10.6776
10.7417
10.8133
10.8919
10.9771
11.0683
11.1651
11.267
11.3733
11.4837
11.5976
11.7144
11.8337
11.9549
12.0776
12.2012
12.3254
12.4495
12.5733
12.6963
12.8181
12.9384
13.0567
13.1727
13.2862
13.3968
13.5042
13.6083
13.7087
13.8053
13.8978
13.9861
14.07
14.1493
14.224
14.294
14.3591
14.4192
14.4744
14.5246
14.5697
14.6097
14.6447
14.6746
14.6995
14.7194
14.7343
14.7444
14.7497
14.7503
14.7462
14.7377
14.7247
14.7074
14.6859
14.6604
14.631
14.5977
14.5609
14.5205
14.4767
14.4298
14.3797
14.3268
14.2711
14.2127
14.1518
14.0886
14.0231
13.9556
13.886
13.8147
13.7416
13.6669
13.5907
13.5131
13.4341
13.354
13.2727
13.1904
13.1071
13.0228
12.9378
12.8519
12.7654
12.6782
12.5903
12.5019
12.413
12.3237
12.2339
12.1438
12.0534
11.9627
11.8719
11.7809
11.6899
11.5989
11.5081
11.4175
11.3272
11.2373
11.1479
11.0593
10.9715
10.8846
10.7989
10.7145
10.6316
10.5505
10.4712
10.3941
10.3194
10.2472
10.178
10.1118
10.0491
9.99003
9.93487
9.88393
9.83745
9.79572
9.75899
9.72753
9.70157
9.68135
9.66708
9.65897
9.65718
9.66188
9.67319
9.69123
9.71606
9.74773
9.78627
9.83165
9.88384
9.94275
10.0083
10.0803
10.1587
10.2432
10.3336
10.4296
10.5312
10.6378
10.7493
10.8653
10.9855
11.1096
11.2372
11.368
11.5015
11.6375
11.7756
11.9153
12.0564
12.1984
12.341
12.4839
12.6265
12.7687
12.9101
13.0502
13.1887
13.3254
13.4598
13.5917
13.7207
13.8465
13.9687
14.0872
14.2015
14.3114
14.4167
14.5169
14.6119
14.7015
14.7853
14.8631
14.9346
14.9997
15.0582
15.1098
15.1543
15.1916
15.2214
15.2437
15.2582
15.2649
15.2635
15.254
15.2363
15.2103
15.176
15.1331
15.0818
15.022
14.9537
14.8769
14.7915
14.6977
14.5954
14.4847
14.3658
14.2387
14.1035
13.9604
13.8095
13.6509
13.485
13.3118
13.1316
12.9447
12.7513
12.5518
12.3464
12.1355
11.9195
11.6988
11.4738
11.245
11.0129
10.778
10.541
10.3023
10.0627
9.82294
9.58368
9.34578
9.11009
8.87752
8.64906
8.42574
8.20864
7.99889
7.79766
7.60617
7.42561
7.2572
7.10209
6.9614
6.83613
6.72717
6.63524
6.56091
6.50454
6.46631
6.44622
6.4441
6.45959
6.49222
6.54138
6.60637
6.68639
6.78055
6.88791
7.00747
7.13819
7.279
7.42882
7.58657
7.75116
7.92154
8.0967
8.27565
8.45747
8.64128
8.82627
9.01168
9.19682
9.38107
9.56385
9.74466
9.92302
10.0985
10.2708
10.4396
10.6046
10.7655
10.9221
11.0743
11.222
11.3649
11.5031
11.6364
11.7648
11.8882
12.0068
12.1203
12.229
12.3327
12.4316
12.5257
12.6151
12.6998
12.7798
12.8554
12.9265
12.9932
13.0557
13.114
13.1682
13.2184
13.2647
13.3071
13.3459
13.381
13.4126
13.4407
13.4654
13.4869
13.5051
13.5201
13.5321
13.541
13.5469
13.5499
13.55
13.5473
13.5418
13.5335
13.5225
13.5087
13.4922
13.473
13.451
13.4263
13.3989
13.3687
13.3358
13.3
13.2614
13.2199
13.1755
13.1282
13.0778
13.0245
12.9681
12.9086
12.8459
12.7801
12.7111
12.6389
12.5635
12.4848
12.4029
12.3177
12.2293
12.1377
12.0429
11.9451
11.8441
11.7402
11.6333
11.5236
11.4113
11.2963
11.1789
11.0592
10.9374
10.8138
10.6884
10.5615
10.4335
10.3045
10.1748
10.0449
9.91488
9.78524
9.65632
9.52851
9.40223
9.2779
9.15597
9.03691
8.92118
8.80929
8.70172
8.59898
8.50157
8.40999
8.32472
8.24625
8.17503
8.1115
8.05605
8.00905
7.97082
7.94164
7.92174
7.91129
7.91039
7.91911
7.93743
7.9653
8.00258
8.0491
8.10461
8.16883
8.24142
8.32201
8.41018
8.50548
8.60744
8.71557
8.82934
8.94824
9.07174
9.19931
9.33041
9.46454
9.60116
9.73978
9.87992
10.0211
10.1628
10.3047
10.4464
10.5873
10.7272
10.8656
11.0023
11.1369
11.269
11.3985
11.5249
11.6481
11.7678
11.8838
11.9958
12.1037
12.2072
12.3062
12.4005
12.49
12.5746
12.6541
12.7283
12.7974
12.861
12.9192
12.9719
13.019
13.0606
13.0965
13.1268
13.1515
13.1706
13.184
13.1919
13.1942
13.191
13.1823
13.1683
13.149
13.1245
13.0948
13.0601
13.0205
12.9761
12.927
12.8734
12.8153
12.753
12.6865
12.6161
12.5419
12.4641
12.3828
12.2983
12.2106
12.12
12.0267
11.9308
11.8326
11.7322
11.6298
11.5257
11.4201
11.313
11.2048
11.0957
10.9857
10.8752
10.7643
10.6533
10.5422
10.4314
10.321
10.2111
10.1021
9.99394
9.88695
9.78126
9.67705
9.57449
9.47374
9.37496
9.27831
9.18395
9.09202
9.00267
8.91604
8.83227
8.75149
8.67383
8.59941
8.52837
8.4608
8.39684
8.33658
8.28014
8.22761
8.17908
8.13466
8.09443
8.05847
8.02685
7.99966
7.97695
7.9588
7.94525
7.93636
7.93216
7.93269
7.93798
7.94805
7.9629
7.98255
8.00697
8.03617
8.07009
8.10872
8.152
8.19987
8.25226
8.30908
8.37025
8.43567
8.50521
8.57875
8.65616
8.73728
8.82198
8.91007
9.00139
9.09575
9.19297
9.29285
9.39519
9.49979
9.60642
9.71487
9.82493
9.93636
10.0489
10.1624
10.2766
10.3912
10.5061
10.6209
10.7355
10.8496
10.963
11.0754
11.1867
11.2965
11.4047
11.5111
11.6153
11.7173
11.8167
11.9134
12.0072
12.0978
12.1851
12.2689
12.3489
12.425
12.4971
12.5649
12.6282
12.687
12.741
12.7901
12.8341
12.8731
12.9067
12.9348
12.9575
12.9745
12.9858
12.9912
12.9907
12.9843
12.9718
12.9532
12.9285
12.8976
12.8604
12.817
12.7674
12.7116
12.6495
12.5812
12.5067
12.426
12.3393
12.2465
12.1478
12.0431
11.9327
11.8166
11.6949
11.5677
11.4352
11.2976
11.1549
11.0075
10.8554
10.6989
10.5383
10.3736
10.2053
10.0336
9.8587
9.68105
9.50094
9.31873
9.13481
8.94961
8.76357
8.57717
8.39091
8.20535
8.02106
7.83867
7.65884
7.48225
7.30966
7.14182
6.97955
6.82368
6.67506
6.53456
6.40302
6.28129
6.17017
6.07041
5.98269
5.90761
5.84567
5.79726
5.76266
5.74204
5.73548
5.74294
5.76429
5.79932
5.84774
5.90916
5.98316
6.06922
6.16675
6.27514
6.39369
6.52166
6.65829
6.80277
6.95431
7.11208
7.27528
7.4431
7.61478
7.78957
7.96679
8.14576
8.32586
8.50651
8.68718
8.86737
9.04663
9.22452
9.40068
9.57472
9.74634
9.91522
10.0811
10.2437
10.4027
10.5581
10.7094
10.8567
10.9996
11.138
11.2718
11.4008
11.5248
11.6439
11.7577
11.8663
11.9696
12.0674
12.1597
12.2464
12.3275
12.4028
12.4724
12.5363
12.5943
12.6465
12.6929
12.7334
12.768
12.7968
12.8198
12.8369
12.8481
12.8536
12.8533
12.8473
12.8356
12.8183
12.7953
12.7669
12.7329
12.6935
12.6488
12.5988
12.5436
12.4833
12.4179
12.3476
12.2724
12.1924
12.1078
12.0185
11.9247
11.8266
11.7241
11.6174
11.5067
11.3919
11.2732
11.1508
11.0247
10.8951
10.7621
10.6257
10.4862
10.3436
10.1982
10.05
9.89923
9.74601
9.59052
9.43294
9.27345
9.11224
8.94953
8.78553
8.62048
8.45461
8.2882
8.12153
7.9549
7.78864
7.62308
7.4586
7.29561
7.13452
6.97579
6.81991
6.66738
6.51877
6.37463
6.23557
6.1022
5.97515
5.85507
5.74258
5.6383
5.54284
5.45675
5.38054
5.31467
5.25951
5.2154
5.18259
5.16124
5.15149
5.1534
5.16695
5.19211
5.22877
5.27677
5.3359
5.4059
5.48645
5.57715
5.67758
5.78723
5.90554
6.03191
6.1657
6.30624
6.45283
6.60477
6.76137
6.92194
7.08581
7.25236
7.42096
7.59105
7.7621
7.9336
8.10509
8.27614
8.44635
8.61534
8.78278
8.94834
9.11173
9.27266
9.43088
9.58613
9.73819
9.88685
10.0319
10.1731
10.3104
10.4434
10.5722
10.6965
10.8161
10.9311
11.0411
11.1462
11.2462
11.341
11.4305
11.5147
11.5935
11.6668
11.7345
11.7967
11.8532
11.9041
11.9493
11.9889
12.0227
12.0508
12.0732
12.09
12.1011
12.1065
12.1064
12.1007
12.0896
12.073
12.051
12.0238
11.9914
11.9539
11.9115
11.8641
11.812
11.7553
11.694
11.6284
11.5586
11.4848
11.407
11.3254
11.2403
11.1518
11.06
10.9652
10.8675
10.7672
10.6643
10.5592
10.452
10.3429
10.2322
10.12
10.0065
9.89205
9.77681
9.66101
9.54489
9.42868
9.31261
9.19694
9.08189
8.96771
8.85465
8.74295
8.63285
8.5246
8.41843
8.31459
8.21331
8.11481
8.01932
7.92706
7.83824
7.75306
7.67171
7.59437
7.52121
7.45237
7.38801
7.32824
7.27317
7.2229
7.1775
7.13703
7.10154
7.07103
7.04553
7.02503
7.00949
6.99888
6.99314
6.99221
6.996
7.00442
7.01736
7.03472
7.05635
7.08214
7.11195
7.14562
7.183
7.22395
7.2683
7.31589
7.36656
7.42014
7.47647
7.53539
7.59673
7.66033
7.72603
7.79367
7.86309
7.93415
8.00668
8.08055
8.1556
8.23169
8.30868
8.38643
8.46482
8.54369
8.62293
8.7024
8.78198
8.86153
8.94095
9.02009
9.09884
9.17708
9.25469
9.33155
9.40753
9.48254
9.55643
9.62911
9.70045
9.77034
9.83867
9.90532
9.97017
10.0331
10.0941
10.1529
10.2095
10.2637
10.3155
10.3648
10.4114
10.4553
10.4963
10.5343
10.5694
10.6013
10.63
10.6554
10.6774
10.696
10.7111
10.7225
10.7303
10.7344
10.7347
10.7312
10.7238
10.7125
10.6972
10.678
10.6548
10.6275
10.5963
10.561
10.5217
10.4784
10.4312
10.3799
10.3248
10.2658
10.2029
10.1363
10.0661
9.99216
9.91474
9.83392
9.74978
9.66247
9.5721
9.47883
9.3828
9.28419
9.18318
9.07997
8.97474
8.86773
8.75918
8.64931
8.53841
8.42673
8.31458
8.20226
8.09008
7.97838
7.86751
7.75783
7.6497
7.54351
7.43965
7.33852
7.24053
7.14609
7.0556
6.96947
6.88809
6.81185
6.74112
6.67626
6.61758
6.56538
6.51994
6.48147
6.45016
6.42617
6.40958
6.40047
6.39883
6.40464
6.4178
6.43818
6.46563
6.49993
6.54083
6.58805
6.64127
6.70017
6.76436
6.83348
6.90713
6.98489
7.06636
7.1511
7.23871
7.32876
7.42085
7.51456
7.60952
7.70535
7.80167
7.89814
7.99442
8.0902
8.18519
8.27909
8.37165
8.46261
8.55176
8.63887
8.72375
8.80622
8.88611
8.96328
9.03758
9.1089
9.17713
9.24217
9.30394
9.36237
9.41739
9.46898
9.51707
9.56166
9.60271
9.64023
9.6742
9.70465
9.73159
9.75504
9.77504
9.79162
9.80484
9.81473
9.82137
9.82481
9.82511
9.82236
9.81663
9.808
9.79654
9.78236
9.76554
9.74616
9.72434
9.70015
9.6737
9.64508
9.6144
9.58175
9.54724
9.51095
9.473
9.43348
9.39248
9.3501
9.30644
9.26158
9.21562
9.16865
9.12075
9.07201
9.02594
8.97324
8.92209
8.87066
8.8189
8.76684
8.71449
8.66188
8.60906
8.5561
8.50307
8.45006
8.39714
8.34437
8.29183
8.23955
8.18762
8.13609
8.08502
8.03448
7.98455
7.93531
7.88682
7.83918
7.79245
7.74672
7.70208
7.65861
7.61641
7.57556
7.53617
7.49832
7.46212
7.42768
7.39509
7.36446
7.33588
7.30948
7.28534
7.26358
7.24428
7.22755
7.21347
7.20213
7.19362
7.18799
7.18532
7.18566
7.18906
7.19555
7.20515
7.21789
7.23377
7.25277
7.27489
7.30009
7.32834
7.35957
7.39373
7.43074
7.47052
7.51296
7.55798
7.60544
7.65523
7.70721
7.76124
7.81717
7.87485
7.93412
7.9948
8.05674
8.11974
8.18364
8.24825
8.3134
8.37889
8.44455
8.5102
8.57564
8.64071
8.70521
8.76897
8.83182
8.89359
8.9541
9.01319
9.07069
9.12645
9.18031
9.23213
9.28175
9.32904
9.37385
9.41607
9.45557
9.49222
9.52591
9.55654
9.584
9.6082
9.62904
9.64644
9.66033
9.67064
9.67729
9.68024
9.67942
9.6748
9.66634
9.654
9.63777
9.61762
9.59355
9.56554
9.53362
9.49778
9.45804
9.41444
9.36701
9.31579
9.26082
9.20216
9.13989
9.07407
9.00477
8.93211
8.85615
8.77703
8.69484
8.60972
8.5218
8.43121
8.33811
8.24266
8.14503
8.0454
7.94397
7.84093
7.73651
7.63092
7.5244
7.41719
7.30957
7.20181
7.09418
6.98699
6.88054
6.77517
6.67119
6.56897
6.46885
6.37121
6.27641
6.18484
6.09689
6.01293
5.93336
5.85856
5.7889
5.72474
5.66643
5.61428
5.5686
5.52964
5.49763
5.47276
5.45517
5.44495
5.44214
5.44674
5.4587
5.47791
5.50423
5.53744
5.57734
5.62363
5.67603
5.73421
5.79783
5.86652
5.93992
6.01765
6.09932
6.18456
6.273
6.36427
6.458
6.55385
6.65147
6.75053
6.85074
6.95177
7.05335
7.15519
7.25704
7.35865
7.45977
7.5602
7.65971
7.7581
7.85519
7.9508
8.04476
8.13691
8.22711
8.31521
8.40108
8.48461
8.56567
8.64416
8.71998
8.79304
8.86325
8.93053
8.99481
9.05602
9.1141
9.16899
9.22064
9.269
9.31404
9.35571
9.39398
9.42883
9.46023
9.48816
9.51261
9.53355
9.55099
9.56492
9.57534
9.58224
9.58564
9.58554
9.58195
9.57488
9.56437
9.55041
9.53305
9.5123
9.48819
9.46076
9.43004
9.39606
9.35887
9.31851
9.27503
9.22847
9.17889
9.12634
9.07088
9.01257
8.95147
8.88765
8.82119
8.75214
8.6806
8.60665
8.53036
8.45182
8.37114
8.28841
8.20373
8.11721
8.02897
7.93911
7.84777
7.75507
7.66115
7.56616
7.47025
7.37357
7.27629
7.17859
7.08064
6.98265
6.88481
6.78734
6.69046
6.5944
6.49941
6.40573
6.31364
6.22341
6.13532
6.04967
5.96677
5.88691
5.81043
5.73764
5.66887
5.60443
5.54465
5.48984
5.4403
5.39632
5.35817
5.3261
5.30033
5.28105
5.26841
5.26255
5.26354
5.27142
5.2862
5.30783
5.33622
5.37127
5.41281
5.46064
5.51455
5.57429
5.63957
5.71012
5.78561
5.86574
5.95016
6.03855
6.13058
6.22589
6.32416
6.42506
6.52825
6.63342
6.74026
6.84845
6.95771
7.06773
7.17824
7.28898
7.39966
7.51006
7.61991
7.72898
7.83705
7.9439
8.04931
8.15308
8.25502
8.35493
8.45264
8.54798
8.64077
8.73086
8.8181
8.90233
8.98342
9.06124
9.13565
9.20654
9.27379
9.33729
9.39694
9.45265
9.50432
9.55186
9.5952
9.63426
9.66898
9.6993
9.72515
9.74649
9.76327
9.77545
9.78301
9.78591
9.78413
9.77765
9.76647
9.75059
9.72999
9.70469
9.67471
9.64005
9.60075
9.55683
9.50833
9.45529
9.39776
9.33579
9.26945
9.19878
9.12388
9.0448
8.96164
8.87449
8.78343
8.68857
8.59002
8.48789
8.3823
8.27338
8.16126
8.04608
7.928
7.80716
7.68374
7.5579
7.42983
7.29971
7.16775
7.03415
6.89914
6.76295
6.62582
6.48802
6.34981
6.21148
6.07333
5.93569
5.79889
5.6633
5.52927
5.39723
5.26759
5.14078
5.01729
4.89759
4.78219
4.67163
4.56645
4.46719
4.37442
4.2887
4.21058
4.14056
4.07915
4.02678
3.98384
3.95062
3.92736
3.91419
3.91113
3.91811
3.93499
3.96148
3.99726
4.0419
4.09494
4.15586
4.2241
4.29911
4.3803
4.4671
4.55894
4.65529
4.75562
4.85942
4.96622
5.07558
5.18707
5.30031
5.41493
5.5306
5.64699
5.76382
5.88081
5.99773
6.11433
6.2304
6.34575
6.46018
6.57354
6.68566
6.79639
6.90561
7.01318
7.11898
7.22292
7.32488
7.42477
7.5225
7.61799
7.71117
7.80196
7.89028
7.97609
8.05931
8.1399
8.2178
8.29295
8.36531
8.43484
8.5015
8.56523
8.62602
8.68381
8.73857
8.79028
8.8389
8.88441
8.92676
8.96594
9.00193
9.0347
9.06422
9.09047
9.11345
9.13312
9.14947
9.16249
9.17217
9.17848
9.18142
9.18099
9.17717
9.16995
9.15935
9.14535
9.12795
9.10716
9.08299
9.05543
9.02451
8.99023
8.95261
8.91167
8.86743
8.81992
8.76916
8.71518
8.65803
8.59773
8.53434
8.46791
8.39847
8.3261
8.25086
8.1728
8.092
8.00855
7.92252
7.834
7.7431
7.64991
7.55454
7.45712
7.35777
7.25662
7.15382
7.04953
6.94389
6.8371
6.72932
6.62077
6.51163
6.40215
6.29255
6.18308
6.074
5.96559
5.85815
5.75198
5.64742
5.54481
5.44449
5.34686
5.25229
5.16119
5.07396
4.99103
4.91283
4.83976
4.77226
4.71074
4.65557
4.60714
4.56578
4.53179
4.50542
4.48687
4.4763
4.47378
4.47934
4.49295
4.51448
4.5438
4.58066
4.62482
4.67595
4.7337
4.7977
4.86755
4.94283
5.02311
5.10797
5.19697
5.28969
5.38571
5.48464
5.58606
5.68961
5.79492
5.90164
6.00944
6.11799
6.227
6.33618
6.44526
6.55397
6.66208
6.76934
6.87555
6.98048
7.08396
7.18579
7.28579
7.3838
7.47967
7.57324
7.66439
7.75297
7.83886
7.92195
8.00213
8.07929
8.15335
8.22422
8.2918
8.35603
8.41682
8.47413
8.52788
8.57802
8.62451
8.66729
8.70632
8.74158
8.77303
8.80063
8.82439
8.84426
8.86025
8.87233
8.88052
8.88479
8.88517
8.88164
8.87424
8.86296
8.84783
8.82886
8.80609
8.77954
8.74924
8.71523
8.67755
8.63624
8.59135
8.54293
8.49102
8.43569
8.37699
8.315
8.24977
8.18137
8.10989
8.03539
7.95796
7.87769
7.79466
7.70897
7.62072
7.53
7.43692
7.34161
7.24416
7.14471
7.04338
6.94031
6.83563
6.7295
6.62206
6.51348
6.40393
6.29357
6.18261
6.07124
5.95966
5.84809
5.73677
5.62593
5.51583
5.40673
5.29893
5.19271
5.0884
4.98631
4.88679
4.7902
4.69691
4.6073
4.52175
4.44068
4.36448
4.29355
4.2283
4.1691
4.11632
4.07031
4.03137
3.99977
3.97573
3.95941
3.95093
3.95034
3.95762
3.97269
3.99541
4.02559
4.06298
4.10729
4.1582
4.21533
4.27832
4.34676
4.42024
4.49836
4.5807
4.66686
4.75644
4.84907
4.94436
5.04197
5.14156
5.24279
5.34536
5.44897
5.55336
5.65825
5.76339
5.86855
5.97351
6.07805
6.18197
6.28509
6.38723
6.48822
6.58789
6.68611
6.78271
6.87757
6.97056
7.06156
7.15044
7.23711
7.32145
7.40336
7.48275
7.55954
7.63363
7.70496
7.77343
7.83899
7.90157
7.9611
8.01752
8.07078
8.12082
8.16761
8.21109
8.25122
8.28797
8.32131
8.35119
8.3776
8.40051
8.4199
8.43575
8.44806
8.4568
8.46197
8.46356
8.46158
8.45603
8.44691
8.43423
8.418
8.39825
8.37498
8.34822
8.318
8.28434
8.24728
8.20685
8.1631
8.11607
8.06581
8.01236
7.95579
7.89615
7.83351
7.76794
7.69951
7.62829
7.55438
7.47785
7.3988
7.31733
7.23354
7.14754
7.05945
6.96939
6.87748
6.78387
6.6887
6.59211
6.49428
6.39536
6.29553
6.19498
6.09392
5.99253
5.89106
5.78972
5.68875
5.58843
5.489
5.39076
5.294
5.19903
5.10617
5.01575
4.92812
4.84363
4.76265
4.68555
4.6127
4.54447
4.48124
4.42336
4.37117
4.32501
4.28518
4.25193
4.22549
4.20607
4.19378
4.18872
4.19092
4.20036
4.21696
4.2406
4.2711
4.30823
4.35174
4.40133
4.45669
4.51745
4.58327
4.65378
4.72859
4.80733
4.88963
4.97511
5.06342
5.1542
5.24711
5.34182
5.43801
5.53539
5.63367
5.73256
5.83181
5.93117
6.0304
6.12927
6.22757
6.3251
6.42166
6.51707
6.61116
6.70376
6.79472
6.88389
6.97113
7.0563
7.13929
7.21997
7.29822
7.37395
7.44706
7.51744
7.585
7.64967
7.71137
7.77002
7.82555
7.87789
7.92699
7.9728
8.01525
8.0543
8.08991
8.12205
8.15066
8.17574
8.19723
8.21514
8.22942
8.24007
8.24707
8.25042
8.25012
8.24614
8.23851
8.22722
8.21229
8.19372
8.17154
8.14575
8.11638
8.08346
8.04702
8.00708
7.96369
7.91688
7.86669
7.81318
7.75638
7.69636
7.63316
7.56685
7.49749
7.42515
7.3499
7.27181
7.19097
7.10744
7.02133
6.93272
6.8417
6.74839
6.65287
6.55527
6.4557
6.35427
6.25113
6.14639
6.04021
5.93273
5.8241
5.7145
5.60409
5.49307
5.38161
5.26994
5.15826
5.04681
4.93583
4.82558
4.71634
4.60839
4.50206
4.39766
4.29555
4.19609
4.09967
4.00668
3.91755
3.83272
3.75262
3.67771
3.60844
3.54525
3.48858
3.43884
3.39639
3.36156
3.33463
3.31581
3.30523
3.30295
3.30897
3.32316
3.34537
3.37535
3.4128
3.45734
3.5086
3.56612
3.62947
3.69818
3.77179
3.84983
3.93184
4.0174
4.10608
4.19747
4.29119
4.38689
4.48421
4.58283
4.68246
4.78281
4.88362
4.98464
5.08564
5.1864
5.28672
5.38642
5.4853
5.58322
5.68
5.77552
5.86962
5.96218
6.05309
6.14222
6.22948
6.31476
6.39796
6.47901
6.55782
6.63431
6.70841
6.78005
6.84918
6.91572
6.97963
7.04086
7.09936
7.15509
7.20801
7.25809
7.30528
7.34957
7.39093
7.42934
7.46478
7.49723
7.52668
7.55313
7.57656
7.59698
7.61438
7.62877
7.64015
7.64854
7.65393
7.65636
7.65584
7.65238
7.64601
7.63676
7.62466
7.60974
7.59203
7.57158
7.54842
7.5226
7.49417
7.46317
7.42967
7.39371
7.35536
7.31468
7.27174
7.2266
7.17934
7.13003
7.07876
7.0256
6.97064
6.91398
6.8557
6.7959
6.73468
6.67215
6.60842
6.54359
6.47778
6.41112
6.34372
6.27572
6.20725
6.13843
6.06942
6.00035
5.93138
5.86265
5.79432
5.72655
5.6595
5.59332
5.5282
5.4643
5.40179
5.34084
5.28162
5.2243
5.16906
5.11605
5.06546
5.01742
4.97211
4.92967
4.89023
4.85393
4.82089
4.79121
4.76499
4.7423
4.72323
4.7078
4.69606
4.68803
4.68369
4.68303
4.68601
4.69259
4.70268
4.71621
4.73307
4.75315
4.77634
4.80248
4.83144
4.86307
4.89721
4.93369
4.97234
5.013
5.05549
5.09964
5.14527
5.19222
5.24031
5.28938
5.33927
5.38982
5.44086
5.49225
5.54384
5.59549
5.64706
5.69842
5.74944
5.80001
5.84999
5.89929
5.9478
5.9954
6.04202
6.08755
6.1319
6.17501
6.21678
6.25714
6.29603
6.33338
6.36913
6.40322
6.43561
6.46624
6.49507
6.52206
6.54717
6.57037
6.59162
6.61092
6.62822
6.64352
6.65679
6.66803
6.67722
6.68436
6.68944
6.69248
6.69346
6.6924
6.6893
6.68419
6.67707
6.66796
6.65688
6.64387
6.62894
6.61212
6.59345
6.57297
6.55071
6.52671
6.50102
6.47368
6.44475
6.41427
6.38231
6.34891
6.31414
6.27806
6.24074
6.20224
6.16264
6.12201
6.08043
6.03797
5.99471
5.95075
5.90616
5.86103
5.81546
5.76954
5.72336
5.67702
5.63062
5.58426
5.53805
5.49208
5.44647
5.40131
5.35673
5.31282
5.2697
5.22747
5.18624
5.14612
5.10722
5.06963
5.03347
4.99884
4.96582
4.93452
4.90502
4.87741
4.85177
4.82818
4.80669
4.78738
4.77029
4.75547
4.74296
4.73279
4.72499
4.71956
4.71651
4.71584
4.71752
4.72155
4.72788
4.73649
4.74732
4.76031
4.77542
4.79257
4.81168
4.83268
4.85549
4.88001
4.90615
4.93381
4.96291
4.99333
5.02498
5.05775
5.09154
5.12624
5.16174
5.19795
5.23475
5.27206
5.30975
5.34774
5.38593
5.42421
5.4625
5.50069
5.53871
5.57647
5.61386
5.65083
5.68727
5.72312
5.7583
5.79274
5.82636
5.8591
5.89089
5.92167
5.95139
5.97997
6.00738
6.03355
6.05844
6.082
6.10419
6.12497
6.14429
6.16213
6.17844
6.1932
6.20638
6.21796
6.2279
6.2362
6.24283
6.24778
6.25104
6.25259
6.25244
6.25058
6.24701
6.24173
6.23475
6.22606
6.2157
6.20366
6.18998
6.17465
6.15772
6.13921
6.11914
6.09756
6.07449
6.04998
6.02406
5.9968
5.96823
5.93841
5.90739
5.87525
5.84204
5.80783
5.77269
5.7367
5.69994
5.66249
5.62443
5.58587
5.54688
5.50758
5.46806
5.42842
5.38878
5.34924
5.30992
5.27094
5.23241
5.19446
5.1572
5.12077
5.08529
5.05089
5.01768
4.9858
4.95537
4.92652
4.89935
4.87399
4.85056
4.82915
4.80986
4.7928
4.77805
4.76568
4.75578
4.74839
4.74358
4.74137
4.74181
4.7449
4.75066
4.75908
4.77014
4.78382
4.80007
4.81886
4.84012
4.86377
4.88975
4.91797
4.94833
4.98073
5.01506
5.05122
5.08908
5.12852
5.16943
5.21167
5.25511
5.29962
5.34508
5.39135
5.4383
5.48581
5.53373
5.58195
5.63034
5.67878
5.72714
5.7753
5.82316
5.87058
5.91747
5.96372
6.00922
6.05386
6.09756
6.1402
6.18171
6.22199
6.26096
6.29853
6.33462
6.36916
6.40207
6.43328
6.46273
6.49034
6.51607
6.53985
6.56163
6.58136
6.59898
6.61445
6.62773
6.63878
6.64757
6.65405
6.6582
6.65999
6.65939
6.65639
6.65096
6.64308
6.63275
6.61995
6.60467
6.58692
6.56668
6.54396
6.51877
6.4911
6.46097
6.4284
6.3934
6.35598
6.31617
6.274
6.22948
6.18267
6.13358
6.08227
6.02876
5.97311
5.91536
5.85557
5.7938
5.7301
5.66454
5.5972
5.52813
5.45743
5.38518
5.31147
5.23638
5.16003
5.08251
5.00395
4.92445
4.84416
4.76319
4.6817
4.59984
4.51777
4.43566
4.35368
4.27204
4.19093
4.11057
4.03118
3.95301
3.8763
3.80132
3.72834
3.65766
3.58957
3.52438
3.46241
3.40397
3.3494
3.299
3.25309
3.21198
3.17595
3.14527
3.12016
3.10083
3.08743
3.08009
3.07887
3.08379
3.09481
3.11186
3.13481
3.16349
3.19769
3.23717
3.28167
3.33089
3.38453
3.44228
3.50381
3.56881
3.63695
3.70792
3.78143
3.85716
3.93484
4.01419
4.09496
4.17688
4.25973
4.34327
4.4273
4.5116
4.596
4.68029
4.76432
4.84792
4.93093
5.01321
5.09461
5.17502
5.25429
5.33232
5.40899
5.4842
5.55784
5.62981
5.70004
5.76842
5.83489
5.89936
5.96176
6.02201
6.08006
6.13585
6.18931
6.24039
6.28903
6.3352
6.37884
6.41992
6.45839
6.49422
6.52737
6.55782
6.58554
6.61051
6.6327
6.65209
6.66868
6.68244
6.69336
6.70145
6.70669
6.70908
6.70862
6.70531
6.69917
6.69019
6.6784
6.66379
6.6464
6.62624
6.60333
6.5777
6.54938
6.51838
6.48476
6.44854
6.40977
6.36848
6.32473
6.27855
6.23001
6.17915
6.12604
6.07073
6.0133
5.95381
5.89233
5.82894
5.76372
5.69676
5.62814
5.55796
5.48632
5.41333
5.33908
5.26371
5.18732
5.11004
5.03201
4.95337
4.87427
4.79486
4.71531
4.63578
4.55646
4.47754
4.39921
4.32168
4.24518
4.16993
4.09616
4.02413
3.95408
3.88629
3.82102
3.75855
3.69915
3.64312
3.59074
3.54227
3.49798
3.45815
3.423
3.39275
3.36761
3.34775
3.33329
3.32433
3.32095
3.32315
3.33093
3.34423
3.36293
3.38693
3.41604
3.45007
3.48881
3.53201
3.57941
3.63075
3.68576
3.74414
3.80562
3.86991
3.93674
4.00584
4.07694
4.14978
4.22412
4.29972
4.37635
4.45378
4.53182
4.61026
4.68891
4.76759
4.84612
4.92435
5.00212
5.07927
5.15567
5.23119
5.30569
5.37905
5.45116
5.52192
5.5912
5.65892
5.72498
5.7893
5.85177
5.91233
5.97089
6.02739
6.08175
6.1339
6.18378
6.23134
6.27652
6.31926
6.35951
6.39723
6.43237
6.4649
6.49476
6.52194
6.54639
6.56808
6.58699
6.60309
6.61636
6.62678
6.63433
6.63899
6.64076
6.63963
6.63558
6.62861
6.61872
6.60591
6.59018
6.57153
6.54998
6.52553
6.49819
6.46797
6.43491
6.399
6.36028
6.31877
6.2745
6.22749
6.17777
6.12539
6.07038
6.01277
5.95261
5.88995
5.82483
5.7573
5.68742
5.61525
5.54084
5.46426
5.38557
5.30485
5.22218
5.13762
5.05127
4.9632
4.87352
4.78233
4.68971
4.59579
4.50069
4.40451
4.3074
4.2095
4.11096
4.01193
3.91258
3.81311
3.71371
3.6146
3.516
3.41817
3.32137
3.22591
3.1321
3.04028
2.95084
2.86417
2.7807
2.70091
2.62527
2.55432
2.48858
2.42859
2.37491
2.32806
2.28853
2.25678
2.23317
2.21799
2.21142
2.21352
2.22424
2.2434
2.27072
2.30584
2.34829
2.39758
2.45318
2.51453
2.58107
2.65225
2.72755
2.80647
2.88853
2.97328
3.06032
3.14927
3.23977
3.33151
3.42418
3.51752
3.61127
3.70521
3.79912
3.89281
3.98609
4.07881
4.1708
4.26193
4.35206
4.44106
4.52882
4.61523
4.7002
4.78362
4.86542
4.94549
5.02378
5.1002
5.17468
5.24717
5.3176
5.38591
5.45206
5.51599
5.57765
5.63701
5.69402
5.74864
5.80085
5.8506
5.89788
5.94265
5.98489
6.02457
6.06169
6.09622
6.12814
6.15745
6.18413
6.20818
6.22959
6.24836
6.26448
6.27796
6.2888
6.297
6.30257
6.30553
6.30587
6.30362
6.29878
6.29139
6.28144
6.26897
6.254
6.23656
6.21667
6.19435
6.16966
6.1426
6.11323
6.08158
6.04769
6.01161
5.97337
5.93303
5.89063
5.84623
5.79988
5.75164
5.70157
5.64973
5.59619
5.54102
5.48429
5.42607
5.36644
5.30549
5.2433
5.17995
5.11555
5.0502
4.98398
4.91702
4.84942
4.78129
4.71277
4.64397
4.57504
4.5061
4.43731
4.36881
4.30077
4.23334
4.1667
4.10103
4.0365
3.97331
3.91165
3.85173
3.79374
3.73789
3.68441
3.63349
3.58534
3.54019
3.49823
3.45966
3.42468
3.39344
3.36613
3.34289
3.32383
3.30907
3.29868
3.29272
3.29121
3.29416
3.30153
3.31327
3.3293
3.34951
3.37378
3.40195
3.43386
3.46933
3.50816
3.55016
3.59511
3.6428
3.693
3.74552
3.80011
3.85658
3.91471
3.9743
4.03514
4.09704
4.15981
4.22327
4.28724
4.35156
4.41606
4.48059
4.54499
4.60913
4.67288
4.73609
4.79865
4.86043
4.92133
4.98124
5.04005
5.09767
5.154
5.20895
5.26244
5.31438
5.36471
5.41335
5.46022
5.50527
5.54843
5.58965
5.62886
5.66602
5.70108
5.73399
5.76471
5.7932
5.81942
5.84334
5.86493
5.88415
5.901
5.91543
5.92743
5.93699
5.94408
5.9487
5.95084
5.95048
5.94763
5.94229
5.93445
5.92411
5.91129
5.89598
5.87821
5.85798
5.83532
5.81023
5.78274
5.75288
5.72067
5.68613
5.64931
5.61023
5.56893
5.52546
5.47984
5.43214
5.3824
5.33066
5.27699
5.22143
5.16406
5.10494
5.04412
4.98169
4.91772
4.85228
4.78547
4.71736
4.64805
4.57763
4.50621
4.43388
4.36077
4.28699
4.21266
4.13792
4.0629
3.98774
3.9126
3.83763
3.76301
3.68892
3.61554
3.54306
3.47171
3.40168
3.33321
3.26654
3.20192
3.13958
3.07981
3.02287
2.96902
2.91854
2.8717
2.82877
2.78999
2.75562
2.72586
2.70092
2.68097
2.66613
2.65651
2.65215
2.65308
2.65925
2.67061
2.68704
2.70838
2.73447
2.76509
2.80001
2.83898
2.88174
2.928
2.9775
3.02996
3.08511
3.14266
3.20237
3.26398
3.32723
3.3919
3.45777
3.52462
3.59224
3.66045
3.72907
3.79793
3.86686
3.93571
4.00435
4.07263
4.14042
4.20762
4.27409
4.33975
4.40448
4.46819
4.53079
4.5922
4.65233
4.71112
4.76848
4.82436
4.87868
4.9314
4.98244
5.03177
5.07932
5.12506
5.16893
5.21091
5.25094
5.289
5.32505
5.35906
5.391
5.42086
5.44859
5.47419
5.49764
5.51892
5.53801
5.55491
5.56961
5.58209
5.59236
5.60041
5.60624
5.60986
5.61126
5.61046
5.60746
5.60228
5.59493
5.58541
5.57376
5.56
5.54413
5.5262
5.50623
5.48424
5.46028
5.43437
5.40656
5.37689
5.34539
5.31212
5.27713
5.24047
5.2022
5.16236
5.12103
5.07828
5.03416
4.98875
4.94214
4.89439
4.84559
4.79582
4.74519
4.69379
4.6417
4.58905
4.53593
4.48247
4.42877
4.37496
4.32117
4.26752
4.21416
4.16123
4.10886
4.0572
4.00642
3.95666
3.90808
3.86085
3.81512
3.77106
3.72884
3.68861
3.65054
3.61478
3.58149
3.5508
3.52286
3.4978
3.47573
3.45676
3.44097
3.42844
3.41924
3.41339
3.41093
3.41186
3.41616
3.42381
3.43474
3.4489
3.4662
3.48655
3.50982
3.5359
3.56464
3.59592
3.62957
3.66545
3.70338
3.7432
3.78476
3.82787
3.87239
3.91814
3.96496
4.01269
4.06118
4.11027
4.15982
4.20967
4.25971
4.30978
4.35976
4.40953
4.45896
4.50794
4.55637
4.60412
4.65112
4.69725
4.74243
4.78657
4.82959
4.87141
4.91196
4.95115
4.98894
5.02525
5.06002
5.0932
5.12474
5.15459
5.1827
5.20903
5.23354
5.25619
5.27696
5.29581
5.31272
5.32765
5.34059
5.35153
5.36043
5.3673
5.37212
5.37488
5.37557
5.3742
5.37076
5.36525
5.35768
5.34806
5.33638
5.32268
5.30695
5.28921
5.26949
5.24779
5.22416
5.1986
5.17115
5.14183
5.11069
5.07774
5.04303
5.0066
4.96849
4.92874
4.88739
4.8445
4.80011
4.75428
4.70706
4.65851
4.60869
4.55767
4.50551
4.45227
4.39804
4.34288
4.28688
4.23011
4.17267
4.11463
4.0561
3.99716
3.93792
3.87849
3.81897
3.75947
3.70011
3.64103
3.58233
3.52416
3.46665
3.40995
3.3542
3.29955
3.24616
3.19419
3.1438
3.09517
3.04845
3.00382
2.96145
2.9215
2.88414
2.84953
2.81783
2.78917
2.7637
2.74153
2.72276
2.7075
2.6958
2.68772
2.68329
2.68251
2.68537
2.69184
2.70185
2.71533
2.73218
2.75229
2.77554
2.80178
2.83086
2.86263
2.89692
2.93356
2.97237
3.0132
3.05587
3.1002
3.14603
3.1932
3.24155
3.29092
3.34117
3.39216
3.44374
3.49579
3.54818
3.60079
3.6535
3.70621
3.7588
3.81119
3.86327
3.91497
3.96618
4.01683
4.06685
4.11616
4.16469
4.21238
4.25916
4.30498
4.34978
4.39351
4.43611
4.47755
4.51778
4.55675
4.59443
4.63078
4.66577
4.69937
4.73154
4.76227
4.79152
4.81927
4.8455
4.8702
4.89335
4.91493
4.93493
4.95334
4.97015
4.98536
4.99896
5.01095
5.02132
5.03008
5.03724
5.04279
5.04675
5.04911
5.0499
5.04913
5.0468
5.04294
5.03757
5.0307
5.02236
5.01257
5.00135
4.98875
4.97477
4.95947
4.94286
4.92499
4.9059
4.88562
4.8642
4.84168
4.8181
4.79352
4.76799
4.74155
4.71426
4.68618
4.65736
4.62786
4.59775
4.56709
4.53594
4.50437
4.47246
4.44026
4.40786
4.37532
4.34272
4.31014
4.27766
4.24535
4.21328
4.18155
4.15023
4.1194
4.08913
4.05952
4.03064
4.00255
3.97536
3.94911
3.9239
3.89978
3.87684
3.85512
3.83469
3.81561
3.79793
3.78169
3.76695
3.75373
3.74207
3.732
3.72352
3.71666
3.71143
3.70782
3.70582
3.70543
3.70663
3.70939
3.71368
3.71946
3.72669
3.73533
3.74533
3.75662
3.76915
3.78285
3.79766
3.81351
3.83033
3.84804
3.86657
3.88584
3.90577
3.9263
3.94733
3.9688
3.99062
4.01273
4.03504
4.05748
4.07998
4.10247
4.12488
4.14714
4.16918
4.19095
4.21238
4.23341
4.25398
4.27404
4.29354
4.31243
4.33065
4.34817
4.36494
4.38092
4.39606
4.41035
4.42373
4.43618
4.44767
4.45818
4.46767
4.47613
4.48354
4.48988
4.49513
4.49928
4.50232
4.50423
4.50502
4.50468
4.50321
4.50059
4.49685
4.49197
4.48596
4.47884
4.47061
4.46128
4.45087
4.43938
4.42685
4.41328
4.3987
4.38313
4.36659
4.34912
4.33074
4.31148
4.29137
4.27045
4.24875
4.22632
4.20318
4.17939
4.15498
4.13
4.1045
4.07852
4.05212
4.02535
3.99825
3.97089
3.94333
3.91562
3.88781
3.85998
3.83219
3.80449
3.77695
3.74964
3.72263
3.69598
3.66976
3.64403
3.61888
3.59435
3.57053
3.54748
3.52526
3.50394
3.48359
3.46426
3.44602
3.42892
3.41302
3.39837
3.38501
3.373
3.36236
3.35314
3.34537
3.33907
3.33427
3.33097
3.32919
3.32894
3.33021
3.333
3.33729
3.34307
3.35031
3.35899
3.36907
3.38052
3.39329
3.40734
3.42261
3.43906
3.45663
3.47525
3.49487
3.51542
3.53684
3.55906
3.58201
3.60562
3.62982
3.65454
3.67971
3.70526
3.73113
3.75723
3.78351
3.80989
3.83631
3.8627
3.889
3.91515
3.94108
3.96673
3.99205
4.01697
4.04144
4.06542
4.08884
4.11165
4.13382
4.15529
4.17601
4.19595
4.21507
4.23331
4.25066
4.26707
4.28252
4.29696
4.31037
4.32272
4.334
4.34416
4.3532
4.3611
4.36783
4.37339
4.37776
4.38092
4.38287
4.38361
4.38313
4.38142
4.37849
4.37433
4.36896
4.36237
4.35458
4.3456
4.33543
4.3241
4.31163
4.29803
4.28332
4.26753
4.2507
4.23283
4.21398
4.19417
4.17345
4.15185
4.12941
4.10618
4.08221
4.05755
4.03225
4.00637
3.97996
3.9531
3.92583
3.89824
3.87039
3.84234
3.81419
3.786
3.75785
3.72982
3.70201
3.67449
3.64735
3.62069
3.59458
3.56913
3.54442
3.52055
3.49761
3.47569
3.45489
3.43528
3.41695
3.4
3.38449
3.37051
3.35813
3.34742
3.33843
3.33122
3.32585
3.32234
3.32075
3.32108
3.32337
3.32762
3.33382
3.34199
3.35209
3.36411
3.37801
3.39377
3.41132
3.43062
3.45161
3.47422
3.49839
3.52404
3.5511
3.57947
3.60908
3.63983
3.67165
3.70443
3.73808
3.77252
3.80764
3.84336
3.87959
3.91622
3.95318
3.99036
4.02769
4.06507
4.10243
4.13966
4.1767
4.21347
4.24988
4.28586
4.32133
4.35623
4.39048
4.42401
4.45677
4.48868
4.51969
4.54974
4.57876
4.60671
4.63353
4.65916
4.68357
4.7067
4.72852
4.74896
4.768
4.7856
4.80171
4.81631
4.82935
4.84082
4.85066
4.85887
4.86542
4.87027
4.8734
4.8748
4.87445
4.87232
4.86841
4.86269
4.85516
4.84581
4.83462
4.82159
4.80671
4.78999
4.77141
4.75098
4.7287
4.70456
4.67859
4.65078
4.62114
4.58968
4.55641
4.52135
4.48451
4.44591
4.40557
4.3635
4.31974
4.2743
4.22721
4.17851
4.12822
4.07638
4.02302
3.96818
3.9119
3.85422
3.7952
3.73487
3.67329
3.61052
3.54662
3.48164
3.41566
3.34874
3.28097
3.21242
3.14317
3.07333
3.003
2.93227
2.86127
2.79012
2.71896
2.64793
2.57719
2.50691
2.43729
2.36852
2.30083
2.23446
2.16967
2.10675
2.046
1.98775
1.93236
1.8802
1.83166
1.78713
1.74703
1.71175
1.68168
1.65716
1.6385
1.62595
1.61968
1.61977
1.62624
1.63901
1.65789
1.68266
1.71302
1.74862
1.78908
1.834
1.88298
1.93563
1.99154
2.05035
2.1117
2.17527
2.24074
2.30781
2.37624
2.44577
2.51618
2.58726
2.65882
2.73068
2.80267
2.87466
2.94649
3.01804
3.08919
3.15982
3.22984
3.29913
3.36761
3.4352
3.50181
3.56737
3.63179
3.69502
3.757
3.81764
3.87691
3.93475
3.9911
4.04592
4.09915
4.15075
4.20069
4.24893
4.29541
4.34012
4.38302
4.42408
4.46326
4.50054
4.5359
4.56931
4.60076
4.63022
4.65767
4.6831
4.7065
4.72784
4.74714
4.76436
4.77951
4.79258
4.80357
4.81248
4.8193
4.82404
4.8267
4.82729
4.82581
4.82227
4.81669
4.80908
4.79944
4.7878
4.77417
4.75858
4.74104
4.72158
4.70022
4.677
4.65193
4.62506
4.59642
4.56603
4.53395
4.5002
4.46483
4.42789
4.38943
4.34948
4.30811
4.26536
4.2213
4.17599
4.12948
4.08184
4.03314
3.98346
3.93287
3.88144
3.82927
3.77643
3.72302
3.66914
3.61487
3.56033
3.50563
3.45087
3.39618
3.34169
3.28751
3.23378
3.18066
3.12827
3.07678
3.02634
2.97712
2.92927
2.88297
2.83839
2.79571
2.75511
2.71676
2.68084
2.64752
2.61696
2.58932
2.56475
2.54339
2.52535
2.51073
2.49962
2.49207
2.48814
2.48783
2.49114
2.49803
2.50845
2.52232
2.53955
2.56003
2.58361
2.61016
2.63953
2.67154
2.70602
2.7428
2.7817
2.82255
2.86515
2.90935
2.95496
3.00181
3.04974
3.09859
3.14821
3.19845
3.24917
3.30023
3.3515
3.40286
3.45419
3.50537
3.5563
3.60688
3.657
3.70658
3.75552
3.80374
3.85116
3.89771
3.94332
3.9879
4.03141
4.07377
4.11493
4.15483
4.19342
4.23065
4.26647
4.30084
4.33371
4.36505
4.39482
4.42297
4.44949
4.47433
4.49747
4.51888
4.53854
4.55643
4.57252
4.58679
4.59922
4.60981
4.61854
4.62539
4.63036
4.63343
4.63461
4.63388
4.63124
4.62669
4.62023
4.61186
4.60159
4.58942
4.57535
4.55939
4.54155
4.52185
4.5003
4.4769
4.45168
4.42466
4.39585
4.36527
4.33295
4.29891
4.26317
4.22577
4.18673
4.14609
4.10387
4.06011
4.01485
3.96813
3.91998
3.87046
3.8196
3.76745
3.71406
3.65949
3.60379
3.54702
3.48923
3.43049
3.37088
3.31045
3.24929
3.18747
3.12508
3.06221
2.99894
2.93539
2.87165
2.80784
2.74408
2.6805
2.61723
2.55441
2.49222
2.43081
2.37036
2.31107
2.25313
2.19677
2.1422
2.08968
2.03946
1.9918
1.94698
1.90527
1.86695
1.83229
1.80158
1.77504
1.75292
1.73541
1.72266
1.71479
1.71188
1.71392
1.72088
1.73267
1.74916
1.77015
1.79545
1.82479
1.85793
1.89457
1.93444
1.97725
2.02271
2.07056
2.12053
2.17236
2.22581
2.28065
2.33668
2.3937
2.45151
2.50994
2.56884
2.62805
2.68742
2.74684
2.80618
2.86532
2.92416
2.9826
3.04054
3.09791
3.15462
3.21059
3.26576
3.32005
3.37341
3.42577
3.47708
3.52729
3.57635
3.6242
3.67082
3.71615
3.76017
3.80282
3.84409
3.88393
3.92233
3.95924
3.99465
4.02854
4.06087
4.09164
4.12082
4.14839
4.17435
4.19868
4.22137
4.24241
4.26178
4.27949
4.29553
4.3099
4.32259
4.33361
4.34295
4.35062
4.35662
4.36096
4.36365
4.3647
4.36411
4.3619
4.35808
4.35267
4.34569
4.33714
4.32707
4.31548
4.3024
4.28785
4.27186
4.25447
4.23569
4.21557
4.19414
4.17142
4.14747
4.12231
4.096
4.06857
4.04007
4.01054
3.98004
3.94862
3.91633
3.88322
3.84936
3.8148
3.77961
3.74385
3.7076
3.67091
3.63386
3.59653
3.55899
3.52133
3.48361
3.44594
3.40839
3.37105
3.33402
3.29739
3.26125
3.22569
3.19083
3.15674
3.12354
3.09133
3.0602
3.03025
3.00159
2.9743
2.94849
2.92424
2.90164
2.88077
2.86172
2.84455
2.82933
2.81611
2.80494
2.79587
2.78893
2.78414
2.7815
2.78103
2.78271
2.78652
2.79245
2.80044
2.81045
2.82243
2.83632
2.85204
2.86952
2.88867
2.90941
2.93165
2.95529
2.98024
3.00639
3.03364
3.0619
3.09106
3.12102
3.15169
3.18295
3.21472
3.24689
3.27938
3.31209
3.34493
3.37782
3.41067
3.4434
3.47593
3.50819
3.54009
3.57158
3.60258
3.63302
3.66285
3.69201
3.72043
3.74806
3.77485
3.80075
3.82571
3.84968
3.87263
3.89452
3.9153
3.93493
3.9534
3.97065
3.98667
4.00142
4.01488
4.02703
4.03785
4.0473
4.05539
4.06208
4.06737
4.07124
4.07369
4.0747
4.07427
4.07239
4.06906
4.06427
4.05804
4.05035
4.04121
4.03063
4.01861
4.00516
3.9903
3.97403
3.95637
3.93733
3.91693
3.89519
3.87213
3.84778
3.82215
3.79527
3.76717
3.73789
3.70744
3.67588
3.64322
3.60951
3.57479
3.53911
3.50249
3.465
3.42668
3.38758
3.34776
3.30727
3.26617
3.22452
3.18238
3.13984
3.09694
3.05378
3.01042
2.96695
2.92345
2.88001
2.83671
2.79367
2.75096
2.70871
2.667
2.62596
2.58569
2.54632
2.50796
2.47073
2.43476
2.40018
2.36711
2.33568
2.30601
2.27823
2.25245
2.2288
2.20738
2.18829
2.17163
2.15747
2.14589
2.13694
2.13066
2.12708
2.12621
2.12804
2.13255
2.13971
2.14947
2.16175
2.17648
2.19357
2.21292
2.23442
2.25796
2.28342
2.31067
2.33958
2.37003
2.4019
2.43504
2.46934
2.50467
2.54091
2.57794
2.61565
2.65393
2.69266
2.73176
2.77111
2.81062
2.85021
2.88979
2.92927
2.96858
3.00764
3.04639
3.08474
3.12265
3.16004
3.19687
3.23307
3.2686
3.3034
3.33743
3.37065
3.40301
3.43448
3.46502
3.4946
3.52318
3.55074
3.57724
3.60267
3.627
3.6502
3.67226
3.69317
3.7129
3.73143
3.74877
3.7649
3.77981
3.79349
3.80593
3.81714
3.82711
3.83585
3.84334
3.8496
3.85463
3.85844
3.86103
3.86242
3.86261
3.86161
3.85945
3.85613
3.85168
3.8461
3.83944
3.83169
3.8229
3.81308
3.80226
3.79047
3.77774
3.7641
3.74959
3.73424
3.71808
3.70115
3.6835
3.66516
3.64618
3.6266
3.60647
3.58583
3.56474
3.54324
3.52139
3.49923
3.47683
3.45423
3.4315
3.40869
3.38587
3.36308
3.34039
3.31787
3.29557
3.27356
3.25189
3.23064
3.20985
3.1896
3.16994
3.15093
3.13264
3.11511
3.09841
3.08258
3.06768
3.05375
3.04085
3.029
3.01826
3.00865
3.00021
2.99296
2.98692
2.98211
2.97855
2.97624
2.97518
2.97537
2.97681
2.97949
2.98338
2.98846
2.99472
3.00211
3.01061
3.02018
3.03078
3.04235
3.05486
3.06826
3.08249
3.09749
3.11322
3.12961
3.1466
3.16414
3.18217
3.20061
3.21942
3.23853
3.25788
3.27741
3.29706
3.31677
3.33649
3.35615
3.3757
3.39509
3.41426
3.43317
3.45175
3.46996
3.48775
3.50509
3.52191
3.53819
3.55387
3.56892
3.58331
3.59699
3.60992
3.62209
3.63345
3.64398
3.65365
3.66244
3.67031
3.67724
3.68323
3.68823
3.69224
3.69525
3.69722
3.69817
3.69806
3.69689
3.69466
3.69135
3.68696
3.68149
3.67493
3.66729
3.65856
3.64875
3.63786
3.6259
3.61287
3.59878
3.58365
3.56748
3.55029
3.53209
3.5129
3.49274
3.47162
3.44957
3.42661
3.40277
3.37806
3.35253
3.32619
3.29909
3.27124
3.2427
3.21349
3.18365
3.15322
3.12225
3.09078
3.05885
3.02652
2.99384
2.96085
2.92761
2.89419
2.86063
2.827
2.79336
2.75979
2.72633
2.69308
2.6601
2.62745
2.59523
2.56351
2.53236
2.50188
2.47213
2.44321
2.4152
2.38819
2.36225
2.33748
2.31395
2.29175
2.27096
2.25164
2.23387
2.21773
2.20326
2.19053
2.17959
2.17048
2.16323
2.15786
2.15441
2.15288
2.15326
2.15555
2.15972
2.16577
2.17364
2.1833
2.19469
2.20777
2.22246
2.2387
2.25643
2.27555
2.296
2.3177
2.34055
2.36448
2.3894
2.41523
2.44188
2.46927
2.49732
2.52595
2.55507
2.58462
2.61451
2.64468
2.67505
2.70556
2.73614
2.76673
2.79726
2.82768
2.85793
2.88796
2.91772
2.94716
2.97624
3.0049
3.03311
3.06082
3.08801
3.11463
3.14064
3.16603
3.19075
3.21478
3.2381
3.26067
3.28248
3.3035
3.32372
3.34311
3.36167
3.37937
3.39621
3.41216
3.42723
3.4414
3.45466
3.46701
3.47845
3.48897
3.49857
3.50724
3.515
3.52184
3.52777
3.53278
3.53689
3.54011
3.54244
3.5439
3.54449
3.54422
3.54312
3.54119
3.53845
3.53492
3.53062
3.52556
3.51978
3.51328
3.50609
3.49824
3.48975
3.48065
3.47097
3.46072
3.44995
3.43869
3.42696
3.41479
3.40222
3.38929
3.37602
3.36246
3.34863
3.33458
3.32035
3.30596
3.29147
3.2769
3.2623
3.2477
3.23315
3.21868
3.20433
3.19015
3.17616
3.16242
3.14895
3.1358
3.12299
3.11058
3.09858
3.08703
3.07597
3.06543
3.05543
3.046
3.03716
3.02895
3.02138
3.01447
3.00824
3.0027
2.99786
2.99374
2.99033
2.98766
2.9857
2.98448
2.98398
2.9842
2.98512
2.98674
2.98905
2.99202
2.99565
2.9999
3.00476
3.01021
3.01621
3.02274
3.02977
3.03727
3.0452
3.05354
3.06225
3.07129
3.08063
3.09024
3.10006
3.11008
3.12024
3.13051
3.14086
3.15125
3.16163
3.17198
3.18226
3.19242
3.20243
3.21227
3.22189
3.23126
3.24035
3.24913
3.25756
3.26562
3.27327
3.2805
3.28726
3.29355
3.29932
3.30456
3.30924
3.31335
3.31687
3.31977
3.32204
3.32365
3.32461
3.32489
3.32447
3.32336
3.32153
3.31899
3.31571
3.31171
3.30696
3.30147
3.29524
3.28826
3.28054
3.27207
3.26287
3.25293
3.24226
3.23087
3.21877
3.20596
3.19246
3.17829
3.16345
3.14796
3.13184
3.11511
3.09778
3.07989
3.06144
3.04248
3.02301
3.00308
2.98271
2.96193
2.94077
2.91927
2.89745
2.87537
2.85306
2.83055
2.80788
2.78511
2.76228
2.73943
2.7166
2.69385
2.67123
2.64878
2.62656
2.60463
2.58303
2.56182
2.54105
2.52079
2.50108
2.48199
2.46356
2.44585
2.42892
2.41281
2.39759
2.3833
2.36998
2.35769
2.34646
2.33634
2.32736
2.31955
2.31295
2.30758
2.30345
2.30058
2.29899
2.29868
2.29965
2.3019
2.30541
2.31017
2.31618
2.32339
2.33178
2.34133
2.352
2.36374
2.37652
2.39029
2.405
2.4206
2.43704
2.45427
2.47223
2.49086
2.51011
2.52992
2.55024
2.571
2.59214
2.61362
2.63537
2.65734
2.67948
2.70172
2.72402
2.74632
2.76858
2.79074
2.81276
2.83459
2.85619
2.8775
2.89849
2.91913
2.93936
2.95915
2.97846
2.99726
3.01552
3.03321
3.05028
3.06672
3.0825
3.09759
3.11197
3.12561
3.13849
3.15059
3.1619
3.1724
3.18206
3.19088
3.19885
3.20594
3.21216
3.2175
3.22194
3.22548
3.22812
3.22985
3.23067
3.23059
3.22961
3.22772
3.22494
3.22127
3.21671
3.21129
3.205
3.19786
3.18988
3.18109
3.17149
3.16111
3.14997
3.13808
3.12548
3.11219
3.09824
3.08365
3.06845
3.05269
3.03638
3.01958
3.00231
2.98462
2.96655
2.94815
2.92944
2.9105
2.89135
2.87206
2.85267
2.83324
2.81383
2.79449
2.77527
2.75625
2.73747
2.719
2.7009
2.68324
2.66608
2.64948
2.6335
2.61821
2.60367
2.58995
2.57709
2.56517
2.55423
2.54433
2.53552
2.52785
2.52136
2.5161
2.51209
2.50937
2.50797
2.50791
2.50919
2.51185
2.51587
2.52126
2.52802
2.53613
2.54557
2.55632
2.56837
2.58166
2.59618
2.61187
2.62869
2.6466
2.66555
2.68548
2.70633
2.72805
2.75057
2.77384
2.79779
2.82236
2.84749
2.87311
2.89915
2.92555
2.95225
2.97919
3.00629
3.03351
3.06077
3.08802
3.1152
3.14224
3.1691
3.19572
3.22203
3.248
3.27357
3.29868
3.32329
3.34735
3.37082
3.39365
3.41579
3.43721
3.45786
3.47771
3.49671
3.51483
3.53204
3.54831
3.56359
3.57786
3.59109
3.60326
3.61432
3.62427
3.63307
3.6407
3.64713
3.65236
3.65636
3.6591
3.66058
3.66078
3.65969
3.65728
3.65355
3.64849
3.64209
3.63433
3.62522
3.61474
3.6029
3.58968
3.57508
3.55911
3.54176
3.52303
3.50292
3.48145
3.4586
3.43439
3.40883
3.38191
3.35365
3.32406
3.29315
3.26094
3.22742
3.19263
3.15657
3.11926
3.08072
3.04097
3.00003
2.95792
2.91466
2.87028
2.82481
2.77827
2.73068
2.68209
2.63253
2.58202
2.5306
2.47831
2.4252
2.3713
2.31666
2.26133
2.20537
2.14881
2.09174
2.0342
1.97627
1.91802
1.85954
1.80091
1.74224
1.68362
1.62518
1.56705
1.50939
1.45235
1.39612
1.34093
1.287
1.23461
1.18406
1.1357
1.08991
1.04712
1.00779
0.972427
0.94153
0.915612
0.895154
0.880573
0.872185
0.870184
0.874611
0.885359
0.902177
0.924701
0.95248
0.985018
1.0218
1.06231
1.10607
1.15262
1.20156
1.25252
1.30516
1.3592
1.41438
1.47047
1.52726
1.58458
1.64227
1.70019
1.7582
1.8162
1.87408
1.93174
1.9891
2.04609
2.10262
2.15863
2.21406
2.26885
2.32295
2.37631
2.42887
2.48059
2.53144
2.58137
2.63035
2.67833
2.72529
2.77119
2.816
2.8597
2.90225
2.94364
2.98383
3.0228
3.06054
3.09701
3.13221
3.1661
3.19869
3.22994
3.25985
3.2884
3.31558
3.34138
3.36578
3.38878
3.41038
3.43055
3.4493
3.46663
3.48252
3.49698
3.51
3.52159
3.53174
3.54045
3.54774
3.55359
3.55803
3.56104
3.56265
3.56286
3.56168
3.55911
3.55518
3.54989
3.54327
3.53531
3.52605
3.51549
3.50366
3.49059
3.47628
3.46076
3.44406
3.42621
3.40722
3.38714
3.36598
3.34378
3.32057
3.29639
3.27127
3.24525
3.21838
3.19068
3.1622
3.13299
3.10309
3.07255
3.04142
3.00975
2.9776
2.94502
2.91207
2.8788
2.84529
2.81159
2.77778
2.74391
2.71006
2.67631
2.64273
2.6094
2.57639
2.5438
2.5117
2.48017
2.44932
2.41922
2.38996
2.36163
2.33433
2.30814
2.28316
2.25946
2.23714
2.21628
2.19695
2.17924
2.1632
2.14891
2.13642
2.12579
2.11704
2.11022
2.10534
2.10243
2.10149
2.1025
2.10546
2.11034
2.11711
2.12572
2.13612
2.14826
2.16206
2.17747
2.19439
2.21275
2.23247
2.25345
2.27561
2.29887
2.32312
2.34828
2.37425
2.40095
2.42828
2.45617
2.48452
2.51324
2.54227
2.57152
2.60092
2.63038
2.65985
2.68924
2.7185
2.74756
2.77636
2.80484
2.83294
2.86061
2.88781
2.91447
2.94055
2.96601
2.99081
3.0149
3.03825
3.06081
3.08255
3.10345
3.12346
3.14257
3.16073
3.17793
3.19413
3.20933
3.22348
3.23658
3.24861
3.25954
3.26936
3.27806
3.28563
3.29204
3.2973
3.30138
3.30429
3.30601
3.30655
3.30589
3.30403
3.30097
3.29671
3.29125
3.2846
3.27674
3.26769
3.25745
3.24603
3.23344
3.21967
3.20475
3.18868
3.17148
3.15315
3.13372
3.11319
3.09158
3.06892
3.04521
3.02048
2.99475
2.96805
2.94039
2.9118
2.88232
2.85195
2.82075
2.78873
2.75594
2.72239
2.68814
2.65321
2.61765
2.5815
2.5448
2.5076
2.46994
2.43188
2.39347
2.35476
2.31581
2.27669
2.23745
2.19817
2.15891
2.11976
2.08078
2.04206
2.00369
1.96575
1.92835
1.89159
1.85555
1.82036
1.78613
1.75297
1.72101
1.69035
1.66114
1.63349
1.60754
1.5834
1.5612
1.54106
1.52308
1.50737
1.49401
1.4831
1.47469
1.46883
1.46555
1.46486
1.46676
1.47122
1.47819
1.48763
1.49945
1.51356
1.52986
1.54825
1.5686
1.59079
1.61469
1.64018
1.66712
1.69539
1.72486
1.75541
1.78692
1.81927
1.85235
1.88605
1.92028
1.95494
1.98993
2.02517
2.06058
2.09608
2.13159
2.16704
2.20238
2.23753
2.27244
2.30706
2.34133
2.3752
2.40863
2.44158
2.474
2.50585
2.5371
2.56772
2.59766
2.62692
2.65544
2.68322
2.71022
2.73642
2.76181
2.78635
2.81004
2.83286
2.85479
2.87582
2.89593
2.91512
2.93338
2.9507
2.96706
2.98248
2.99693
3.01042
3.02295
3.03451
3.0451
3.05474
3.06341
3.07112
3.07788
3.0837
3.08857
3.09251
3.09553
3.09764
3.09884
3.09916
3.0986
3.09718
3.09491
3.09182
3.08792
3.08322
3.07775
3.07153
3.06458
3.05692
3.04858
3.03958
3.02994
3.01971
3.00889
2.99752
2.98564
2.97326
2.96043
2.94717
2.93352
2.91951
2.90517
2.89055
2.87568
2.86059
2.84532
2.82991
2.8144
2.79883
2.78324
2.76766
2.75214
2.73671
2.72142
2.70631
2.69142
2.67677
2.66243
2.64841
2.63477
2.62153
2.60873
2.59641
2.58461
2.57334
2.56265
2.55257
2.54311
2.5343
2.52617
2.51874
2.51203
2.50604
2.5008
2.49631
2.49259
2.48963
2.48744
2.48602
2.48537
2.48547
2.48632
2.48791
2.49023
2.49325
2.49696
2.50133
2.50635
2.51198
2.5182
2.52499
2.5323
2.54011
2.54838
2.55708
2.56617
2.57562
2.58538
2.59543
2.60573
2.61622
2.62689
2.63768
2.64857
2.6595
2.67046
2.68139
2.69226
2.70303
2.71368
2.72416
2.73444
2.74449
2.75427
2.76376
2.77292
2.78172
2.79014
2.79815
2.80571
2.81281
2.81942
2.82552
2.83108
2.83609
2.84052
2.84435
2.84758
2.85017
2.85211
2.8534
2.85401
2.85394
2.85317
2.85169
2.8495
2.84658
2.84294
2.83856
2.83344
2.82758
2.82097
2.81362
2.80552
2.79667
2.78709
2.77677
2.76572
2.75393
2.74143
2.72822
2.71431
2.6997
2.68442
2.66847
2.65187
2.63464
2.61678
2.59833
2.57929
2.5597
2.53956
2.51891
2.49777
2.47617
2.45414
2.43169
2.40887
2.38571
2.36223
2.33848
2.31449
2.29031
2.26596
2.24149
2.21694
2.19237
2.16781
2.14331
2.11893
2.0947
2.0707
2.04697
2.02356
2.00053
1.97794
1.95585
1.93432
1.91341
1.89317
1.87368
1.85498
1.83714
1.82022
1.80427
1.78935
1.77552
1.76281
1.75129
1.74099
1.73195
1.72421
1.7178
1.71274
1.70904
1.70673
1.70581
1.70627
1.70812
1.71134
1.71591
1.72181
1.72901
1.73748
1.74718
1.75806
1.77008
1.78318
1.79733
1.81245
1.82849
1.8454
1.86311
1.88156
1.9007
1.92047
1.94079
1.96163
1.98291
2.00458
2.02658
2.04887
2.07138
2.09406
2.11687
2.13975
2.16267
2.18557
2.20841
2.23115
2.25375
2.27617
2.29839
2.32035
2.34203
2.3634
2.38443
2.40509
2.42535
2.44519
2.46459
2.48352
2.50196
2.51989
2.5373
2.55417
2.57048
2.58621
2.60137
2.61593
2.62988
2.64322
2.65593
2.66802
2.67947
2.69028
2.70045
2.70997
2.71885
2.72707
2.73466
2.74159
2.74789
2.75355
2.75858
2.76297
2.76675
2.76992
2.77248
2.77445
2.77584
2.77665
2.7769
2.77661
2.77578
2.77444
2.77259
2.77025
2.76745
2.76419
2.76051
2.7564
2.75191
2.74704
2.74182
2.73627
2.73041
2.72426
2.71785
2.71121
2.70435
2.6973
2.69008
2.68273
2.67526
2.6677
2.66008
2.65241
2.64474
2.63707
2.62945
2.62188
2.6144
2.60704
2.59981
2.59273
2.58584
2.57915
2.57268
2.56646
2.5605
2.55483
2.54945
2.5444
2.53967
2.53529
2.53127
2.52762
2.52436
2.52148
2.51899
2.51691
2.51524
2.51397
2.51312
2.51267
2.51263
2.513
2.51376
2.51492
2.51645
2.51837
2.52065
2.52327
2.52624
2.52953
2.53313
2.53702
2.54118
2.5456
2.55025
2.55512
2.56018
2.56541
2.57079
2.5763
2.58191
2.5876
2.59335
2.59913
2.60492
2.61069
2.61642
2.62209
2.62768
2.63315
2.63849
2.64367
2.64867
2.65347
2.65804
2.66237
2.66643
2.6702
2.67367
2.67681
2.67961
2.68204
2.6841
2.68575
2.687
2.68782
2.68819
2.68811
2.68756
2.68654
2.68502
2.68299
2.68046
2.67741
2.67383
2.66971
2.66505
2.65985
2.6541
2.64779
2.64092
2.6335
2.62552
2.61698
2.60788
2.59822
2.58801
2.57725
2.56595
2.55411
2.54174
2.52885
2.51544
2.50152
2.48711
2.47222
2.45685
2.44104
2.42478
2.40809
2.391
2.37351
2.35566
2.33745
2.31892
2.30007
2.28095
2.26156
2.24195
2.22212
2.20212
2.18197
2.16171
2.14136
2.12095
2.10053
2.08012
2.05976
2.0395
2.01936
1.99939
1.97962
1.96011
1.94088
1.92199
1.90348
1.88539
1.86776
1.85064
1.83407
1.81809
1.80276
1.78811
1.77419
1.76103
1.74868
1.73717
1.72654
1.71682
1.70804
1.70023
1.69342
1.68763
1.68288
1.67917
1.67653
1.67495
1.67444
1.67501
1.67663
1.67931
1.68303
1.68777
1.69352
1.70024
1.70791
1.7165
1.72598
1.73631
1.74745
1.75937
1.77202
1.78536
1.79935
1.81394
1.8291
1.84477
1.86092
1.87749
1.89445
1.91175
1.92934
1.94719
1.96526
1.9835
2.00187
2.02035
2.03888
2.05743
2.07598
2.09448
2.1129
2.13122
2.14939
2.1674
2.18522
2.20281
2.22016
2.23724
2.25402
2.27049
2.28663
2.30241
2.31782
2.33285
2.34747
2.36166
2.37543
2.38875
2.40161
2.414
2.42592
2.43735
2.44828
2.45872
2.46865
2.47807
2.48697
2.49535
2.50322
2.51056
2.51739
2.52369
2.52947
2.53474
2.5395
2.54375
2.54749
2.55074
2.55349
2.55576
2.55756
2.55888
2.55976
2.56018
2.56017
2.55974
2.5589
2.55766
2.55603
2.55404
2.5517
2.54902
2.54602
2.54271
2.53912
2.53526
2.53116
2.52682
2.52227
2.51754
2.51263
2.50758
2.50239
2.4971
2.49173
2.48629
2.48081
2.47531
2.46981
2.46433
2.45889
2.45352
2.44824
2.44307
2.43802
2.43312
2.42839
2.42384
2.41949
2.41537
2.41149
2.40786
2.4045
2.40143
2.39865
2.39618
2.39403
2.39221
2.39073
2.38959
2.38881
2.38838
2.38832
2.38861
2.38927
2.3903
2.39168
2.39342
2.39552
2.39796
2.40075
2.40387
2.40731
2.41106
2.41511
2.41945
2.42407
2.42894
2.43405
2.43939
2.44494
2.45068
2.45659
2.46265
2.46884
2.47514
2.48153
2.48799
2.4945
2.50103
2.50756
2.51408
2.52055
2.52695
2.53328
2.53949
2.54557
2.5515
2.55725
2.56281
2.56816
2.57326
2.57811
2.58269
2.58697
2.59093
2.59456
2.59783
2.60074
2.60327
2.60539
2.60709
2.60836
2.60919
2.60956
2.60945
2.60886
2.60778
2.60619
2.60408
2.60144
2.59827
2.59456
2.5903
2.58548
2.5801
2.57416
2.56765
2.56057
2.55291
2.54468
2.53587
2.52649
2.51654
2.50602
2.49493
2.48327
2.47106
2.45829
2.44498
2.43114
2.41676
2.40187
2.38647
2.37057
2.3542
2.33735
2.32005
2.30231
2.28415
2.2656
2.24666
2.22736
2.20771
2.18776
2.16751
2.147
2.12625
2.10528
2.08414
2.06285
2.04144
2.01994
1.9984
1.97684
1.95531
1.93384
1.91248
1.89127
1.87025
1.84946
1.82895
1.80877
1.78896
1.76958
1.75067
1.73229
1.71448
1.69729
1.68077
1.66498
1.64997
1.63578
1.62245
1.61004
1.59859
1.58814
1.57873
1.57039
1.56315
1.55705
1.5521
1.54832
1.54572
1.54433
1.54413
1.54513
1.54732
1.55068
1.55521
1.56089
1.56767
1.57555
1.58447
1.59441
1.60532
1.61717
1.62989
1.64346
1.65781
1.6729
1.68868
1.70509
1.72209
1.73961
1.75761
1.77604
1.79485
1.81398
1.83339
1.85303
1.87284
1.8928
1.91284
1.93294
1.95304
1.9731
1.9931
2.01298
2.03271
2.05227
2.0716
2.09069
2.1095
2.12801
2.14617
2.16398
2.18139
2.1984
2.21496
2.23107
2.2467
2.26184
2.27646
2.29054
2.30408
2.31705
2.32945
2.34125
2.35246
2.36305
2.37302
2.38236
2.39106
2.39912
2.40653
2.41328
2.41938
2.42483
2.42961
2.43373
2.43719
2.44
2.44215
2.44366
2.44452
2.44473
2.44432
2.44329
2.44163
2.43938
2.43653
2.4331
2.4291
2.42455
2.41946
2.41385
2.40774
2.40114
2.39407
2.38656
2.37863
2.37029
2.36158
2.35251
2.34312
2.33343
2.32347
2.31327
2.30286
2.29226
2.28151
2.27065
2.2597
2.2487
2.23768
2.22669
2.21575
2.20491
2.19419
2.18365
2.1733
2.1632
2.15338
2.14388
2.13473
2.12597
2.11764
2.10977
2.1024
2.09556
2.08928
2.08359
2.07853
2.07411
2.07037
2.06733
2.065
2.06341
2.06258
2.06251
2.06321
2.0647
2.06698
2.07005
2.07391
2.07856
2.08399
2.09018
2.09714
2.10484
2.11326
2.12239
2.1322
2.14267
2.15377
2.16548
2.17776
2.19059
2.20392
2.21773
2.23198
2.24664
2.26166
2.27701
2.29265
2.30855
2.32466
2.34095
2.35737
2.3739
2.39048
2.40709
2.42368
2.44022
2.45668
2.473
2.48916
2.50513
2.52087
2.53634
2.55151
2.56635
2.58083
2.59492
2.60858
2.6218
2.63453
2.64675
2.65844
2.66957
2.68011
2.69005
2.69935
2.70799
2.71596
2.72323
2.72978
2.73559
2.74065
2.74494
2.74844
2.75113
2.75301
2.75405
2.75424
2.75357
2.75203
2.74962
2.74631
2.74209
2.73697
2.73094
2.72398
2.71609
2.70727
2.6975
2.6868
2.67515
2.66255
2.64901
2.63451
2.61907
2.60268
2.58535
2.56707
2.54785
2.5277
2.50661
2.4846
2.46168
2.43784
2.41309
2.38746
2.36094
2.33354
2.30528
2.27617
2.24623
2.21545
2.18387
2.15149
2.11834
2.08442
2.04976
2.01438
1.9783
1.94153
1.9041
1.86605
1.82738
1.78813
1.74832
1.70799
1.66718
1.6259
1.5842
1.54212
1.49971
1.457
1.41404
1.37089
1.32762
1.28427
1.24092
1.19766
1.15456
1.11172
1.06926
1.0273
0.985971
0.945438
0.90588
0.867502
0.830537
0.795248
0.761932
0.730919
0.702567
0.67726
0.655396
0.637363
0.623525
0.614186
0.609564
0.609772
0.6148
0.624518
0.638692
0.657006
0.679089
0.704547
0.732982
0.764011
0.797277
0.832454
0.869247
0.907398
0.946676
0.986878
1.02783
1.06937
1.11137
1.1537
1.19625
1.23893
1.28166
1.32436
1.36695
1.40938
1.45158
1.49351
1.53512
1.57635
1.61718
1.65756
1.69745
1.73683
1.77566
1.81391
1.85155
1.88856
1.92491
1.96059
1.99555
2.0298
2.0633
2.09604
2.12799
2.15915
2.1895
2.21901
2.24769
2.27551
2.30246
2.32853
2.35371
2.378
2.40137
2.42382
2.44535
2.46594
2.4856
2.50431
2.52208
2.53889
2.55474
2.56964
2.58358
2.59655
2.60857
2.61962
2.62971
2.63885
2.64703
2.65426
2.66054
2.66588
2.67028
2.67375
2.6763
2.67794
2.67867
2.6785
2.67744
2.67552
2.67272
2.66908
2.6646
2.6593
2.65319
2.64629
2.63861
2.63017
2.621
2.6111
2.60051
2.58924
2.57731
2.56474
2.55156
2.5378
2.52348
2.50862
2.49325
2.4774
2.4611
2.44437
2.42726
2.40979
2.39199
2.37389
2.35554
2.33696
2.31819
2.29927
2.28024
2.26113
2.24198
2.22284
2.20374
2.18472
2.16584
2.14712
2.12861
2.11036
2.09241
2.07479
2.05756
2.04076
2.02443
2.00861
1.99334
1.97866
1.96462
1.95124
1.93857
1.92665
1.91549
1.90515
1.89563
1.88697
1.87919
1.87232
1.86635
1.86132
1.85723
1.85408
1.85188
1.85063
1.85032
1.85095
1.85249
1.85495
1.8583
1.86251
1.86757
1.87345
1.88011
1.88753
1.89567
1.9045
1.91398
1.92406
1.93472
1.9459
1.95757
1.96969
1.98221
1.99509
2.00828
2.02175
2.03545
2.04935
2.06339
2.07754
2.09176
2.10601
2.12025
2.13445
2.14856
2.16256
2.1764
2.19006
2.2035
2.2167
2.22961
2.24222
2.2545
2.26641
2.27793
2.28904
2.29972
2.30994
2.31968
2.32891
2.33763
2.34581
2.35344
2.3605
2.36696
2.37283
2.37809
2.38271
2.3867
2.39004
2.39272
2.39474
2.39608
2.39673
2.3967
2.39598
2.39456
2.39243
2.38961
2.38607
2.38183
2.37688
2.37123
2.36487
2.35781
2.35005
2.34159
2.33244
2.32261
2.31209
2.30091
2.28906
2.27655
2.2634
2.24961
2.2352
2.22018
2.20456
2.18835
2.17157
2.15424
2.13637
2.11797
2.09908
2.0797
2.05986
2.03957
2.01887
1.99777
1.9763
1.95448
1.93234
1.90991
1.88722
1.86429
1.84117
1.81788
1.79445
1.77092
1.74734
1.72373
1.70013
1.6766
1.65317
1.62989
1.6068
1.58394
1.56138
1.53916
1.51733
1.49595
1.47507
1.45475
1.43503
1.41599
1.39767
1.38014
1.36345
1.34765
1.33281
1.31898
1.3062
1.29453
1.28401
1.27469
1.26659
1.25975
1.2542
1.24995
1.24703
1.24543
1.24517
1.24623
1.24861
1.25227
1.25721
1.26339
1.27077
1.27932
1.28898
1.29972
1.31148
1.3242
1.33784
1.35234
1.36764
1.38367
1.40039
1.41774
1.43566
1.45409
1.47299
1.49229
1.51195
1.53192
1.55215
1.57259
1.5932
1.61394
1.63476
1.65563
1.67652
1.69737
1.71817
1.73888
1.75947
1.77991
1.80018
1.82024
1.84008
1.85966
1.87898
1.89801
1.91673
1.93512
1.95317
1.97086
1.98818
2.00512
2.02165
2.03778
2.05349
2.06877
2.08361
2.09801
2.11196
2.12546
2.13849
2.15106
2.16316
2.1748
2.18596
2.19665
2.20686
2.2166
2.22588
2.23468
2.24301
2.25089
2.2583
2.26525
2.27176
2.27782
2.28344
2.28862
2.29338
2.29773
2.30166
2.30519
2.30832
2.31108
2.31346
2.31547
2.31714
2.31846
2.31945
2.32012
2.32048
2.32055
2.32033
2.31985
2.3191
2.31812
2.3169
2.31546
2.31382
2.31198
2.30997
2.30779
2.30546
2.303
2.30041
2.2977
2.2949
2.29201
2.28905
2.28603
2.28296
2.27986
2.27673
2.27358
2.27044
2.2673
2.26417
2.26108
2.25802
2.255
2.25204
2.24914
2.2463
2.24353
2.24085
2.23824
2.23573
2.2333
2.23097
2.22873
2.2266
2.22456
2.22262
2.22077
2.21903
2.21738
2.21582
2.21436
2.21298
2.21168
2.21046
2.20931
2.20823
2.2072
2.20623
2.2053
2.20441
2.20355
2.2027
2.20187
2.20103
2.20019
2.19933
2.19843
2.1975
2.19651
2.19546
2.19434
2.19314
2.19184
2.19043
2.1889
2.18725
2.18546
2.18352
2.18141
2.17914
2.17668
2.17403
2.17118
2.16811
2.16483
2.16131
2.15756
2.15356
2.1493
2.14478
2.13999
2.13492
2.12957
2.12393
2.118
2.11176
2.10522
2.09837
2.09122
2.08374
2.07595
2.06784
2.05942
2.05067
2.0416
2.03222
2.02251
2.01249
2.00216
1.99151
1.98056
1.96931
1.95777
1.94593
1.93381
1.92141
1.90875
1.89582
1.88265
1.86924
1.8556
1.84175
1.82769
1.81345
1.79903
1.78445
1.76973
1.75488
1.73993
1.72488
1.70976
1.69459
1.6794
1.66419
1.649
1.63386
1.61877
1.60377
1.58889
1.57414
1.55957
1.54519
1.53104
1.51714
1.50352
1.49021
1.47725
1.46466
1.45248
1.44072
1.42943
1.41864
1.40836
1.39864
1.38949
1.38095
1.37304
1.36578
1.35919
1.3533
1.34813
1.34369
1.33999
1.33705
1.33488
1.33348
1.33286
1.33301
1.33395
1.33565
1.33813
1.34136
1.34534
1.35005
1.35548
1.3616
1.3684
1.37585
1.38394
1.39263
1.4019
1.41172
1.42206
1.43289
1.44419
1.45592
1.46805
1.48055
1.4934
1.50656
1.51999
1.53368
1.54759
1.5617
1.57597
1.59037
1.60488
1.61948
1.63414
1.64883
1.66353
1.67821
1.69286
1.70745
1.72196
1.73637
1.75067
1.76483
1.77883
1.79267
1.80632
1.81977
1.83301
1.84601
1.85878
1.8713
1.88355
1.89553
1.90723
1.91863
1.92974
1.94053
1.95102
1.96118
1.97102
1.98054
1.98971
1.99855
2.00706
2.01522
2.02304
2.03051
2.03764
2.04443
2.05088
2.05699
2.06276
2.06819
2.07329
2.07807
2.08252
2.08665
2.09047
2.09397
2.09718
2.10009
2.10272
2.10506
2.10713
2.10893
2.11049
2.11179
2.11286
2.1137
2.11432
2.11473
2.11495
2.11499
2.11484
2.11454
2.11408
2.11348
2.11275
2.11191
2.11096
2.10991
2.10879
2.10759
2.10634
2.10503
2.1037
2.10233
2.10096
2.09958
2.09821
2.09686
2.09554
2.09426
2.09303
2.09185
2.09074
2.08971
2.08876
2.0879
2.08713
2.08647
2.08591
2.08547
2.08515
2.08495
2.08487
2.08492
2.0851
2.0854
2.08584
2.08642
2.08712
2.08795
2.0889
2.08999
2.09119
2.09251
2.09394
2.09548
2.09712
2.09885
2.10068
2.10258
2.10456
2.10661
2.10871
2.11085
2.11304
2.11525
2.11748
2.11972
2.12195
2.12416
2.12635
2.12851
2.13061
2.13265
2.13462
2.1365
2.13829
2.13997
2.14153
2.14295
2.14423
2.14536
2.14632
2.14709
2.14768
2.14807
2.14824
2.14819
2.14791
2.14738
2.14661
2.14556
2.14425
2.14266
2.14077
2.13859
2.1361
2.1333
2.13018
2.12674
2.12296
2.11885
2.11439
2.10958
2.10442
2.09891
2.09304
2.0868
2.0802
2.07324
2.0659
2.0582
2.05013
2.0417
2.03289
2.02372
2.01419
2.0043
1.99405
1.98345
1.9725
1.9612
1.94957
1.93761
1.92532
1.91271
1.8998
1.88659
1.87308
1.8593
1.84525
1.83094
1.81639
1.80161
1.78661
1.77141
1.75602
1.74046
1.72475
1.70891
1.69294
1.67688
1.66074
1.64455
1.62832
1.61208
1.59585
1.57966
1.56353
1.54749
1.53156
1.51577
1.50016
1.48474
1.46954
1.45461
1.43996
1.42563
1.41165
1.39805
1.38487
1.37212
1.35986
1.34809
1.33687
1.3262
1.31614
1.30669
1.29789
1.28977
1.28235
1.27564
1.26967
1.26446
1.26002
1.25636
1.25349
1.25142
1.25016
1.2497
1.25004
1.25118
1.25311
1.25583
1.25931
1.26354
1.2685
1.27418
1.28055
1.28758
1.29526
1.30355
1.31243
1.32186
1.33181
1.34226
1.35317
1.36451
1.37625
1.38835
1.40079
1.41353
1.42654
1.43979
1.45325
1.46689
1.48069
1.4946
1.50861
1.52269
1.53681
1.55095
1.56508
1.57919
1.59324
1.60721
1.6211
1.63487
1.6485
1.66199
1.67531
1.68844
1.70137
1.71409
1.72659
1.73884
1.75084
1.76257
1.77403
1.78521
1.79609
1.80668
1.81695
1.8269
1.83654
1.84585
1.85482
1.86346
1.87176
1.87972
1.88733
1.8946
1.90152
1.9081
1.91433
1.92022
1.92576
1.93096
1.93583
1.94036
1.94456
1.94844
1.95199
1.95523
1.95817
1.9608
1.96314
1.96519
1.96696
1.96846
1.96971
1.9707
1.97145
1.97197
1.97227
1.97236
1.97225
1.97196
1.9715
1.97087
1.9701
1.96919
1.96816
1.96702
1.96579
1.96447
1.96308
1.96164
1.96016
1.95865
1.95713
1.95561
1.9541
1.95262
1.95117
1.94978
1.94846
1.94721
1.94605
1.945
1.94405
1.94323
1.94255
1.942
1.94161
1.94137
1.94131
1.94142
1.94171
1.94219
1.94287
1.94374
1.94481
1.94608
1.94756
1.94924
1.95113
1.95322
1.95552
1.95802
1.96072
1.96362
1.96671
1.96998
1.97343
1.97705
1.98083
1.98477
1.98886
1.99309
1.99744
2.00191
2.00649
2.01115
2.0159
2.02072
2.02559
2.03051
2.03545
2.04041
2.04537
2.05032
2.05523
2.0601
2.06492
2.06965
2.0743
2.07885
2.08328
2.08758
2.09172
2.0957
2.09951
2.10312
2.10653
2.10972
2.11267
2.11537
2.11782
2.11998
2.12187
2.12345
2.12472
2.12566
2.12627
2.12654
2.12645
2.12599
2.12516
2.12394
2.12232
2.1203
2.11787
2.11503
2.11175
2.10804
2.1039
2.09931
2.09427
2.08877
2.08282
2.0764
2.06952
2.06218
2.05436
2.04608
2.03732
2.02809
2.01839
2.00821
1.99757
1.98647
1.9749
1.96286
1.95037
1.93743
1.92404
1.91022
1.89595
1.88126
1.86615
1.85063
1.83471
1.8184
1.80171
1.78465
1.76723
1.74948
1.73139
1.713
1.6943
1.67533
1.6561
1.63662
1.61692
1.59702
1.57694
1.5567
1.53633
1.51585
1.4953
1.4747
1.45407
1.43346
1.41289
1.39239
1.37201
1.35178
1.33174
1.31192
1.29238
1.27315
1.25427
1.2358
1.21779
1.20027
1.1833
1.16694
1.15122
1.13621
1.12195
1.10849
1.09589
1.08419
1.07344
1.06369
1.05497
1.04732
1.04077
1.03536
1.0311
1.02803
1.02613
1.02544
1.02593
1.02761
1.03047
1.03448
1.03963
1.04588
1.05319
1.06154
1.07088
1.08116
1.09233
1.10435
1.11717
1.13072
1.14497
1.15985
1.17532
1.19132
1.2078
1.22471
1.24201
1.25963
1.27755
1.29571
1.31407
1.33259
1.35123
1.36996
1.38872
1.4075
1.42626
1.44496
1.46358
1.48208
1.50044
1.51863
1.53664
1.55442
1.57197
1.58926
1.60627
1.62299
1.63939
1.65545
1.67117
1.68653
1.70151
1.7161
1.73029
1.74407
1.75743
1.77036
1.78284
1.79488
1.80646
1.81758
1.82824
1.83843
1.84814
1.85737
1.86612
1.87439
1.88218
1.88949
1.89631
1.90265
1.90851
1.91389
1.9188
1.92324
1.92721
1.93072
1.93378
1.93639
1.93856
1.94029
1.9416
1.94249
1.94298
1.94307
1.94278
1.94211
1.94108
1.9397
1.93799
1.93595
1.93361
1.93097
1.92806
1.92489
1.92147
1.91782
1.91397
1.90992
1.9057
1.90132
1.89681
1.89218
1.88746
1.88266
1.8778
1.8729
1.86799
1.86308
1.8582
1.85336
1.84859
1.8439
1.83933
1.83487
1.83057
1.82643
1.82247
1.81871
1.81518
1.81188
1.80884
1.80606
1.80357
1.80138
1.7995
1.79794
1.79671
1.79583
1.79529
1.79512
1.79531
1.79587
1.7968
1.79811
1.79979
1.80184
1.80427
1.80707
1.81024
1.81376
1.81763
1.82185
1.8264
1.83128
1.83646
1.84195
1.84772
1.85375
1.86005
1.86658
1.87333
1.88029
1.88743
1.89474
1.90219
1.90977
1.91745
1.92522
1.93305
1.94093
1.94883
1.95673
1.96462
1.97246
1.98024
1.98793
1.99552
2.00299
2.01031
2.01746
2.02443
2.0312
2.03774
2.04403
2.05006
2.05581
2.06127
2.0664
2.0712
2.07566
2.07974
2.08345
2.08675
2.08965
2.09212
2.09415
2.09572
2.09684
2.09747
2.09761
2.09726
2.09639
2.095
2.09308
2.09062
2.08762
2.08406
2.07993
2.07524
2.06997
2.06412
2.05768
2.05065
2.04302
2.0348
2.02597
2.01654
2.0065
1.99586
1.98461
1.97275
1.96028
1.94721
1.93353
1.91925
1.90436
1.88888
1.87281
1.85614
1.8389
1.82107
1.80267
1.78371
1.76418
1.74411
1.7235
1.70235
1.68068
1.6585
1.63581
1.61264
1.589
1.56489
1.54034
1.51535
1.48995
1.46415
1.43797
1.41143
1.38456
1.35736
1.32987
1.30212
1.27412
1.24591
1.21752
1.18898
1.16032
1.13159
1.10282
1.07405
1.04535
1.01675
0.988317
0.96011
0.932196
0.904648
0.877548
0.850981
0.825045
0.799843
0.775489
0.752105
0.729823
0.708785
0.689137
0.671036
0.654637
0.640098
0.627571
0.617199
0.609107
0.603399
0.60015
