
Objective value: 
5094.97
90120.1
99306.6
94874.6
96623.3
98826.1
100054
100921
101515
101987
102417
102867
103382
103981
104653
105365
106074
106741
107330
107814
108171
108390
108469
108417
108255
108007
107703
107372
107039
106727
106450
106217
106036
105907
105830
105799
105808
105849
105910
105985
106065
106144
106216
106278
106327
106360
106375
106373
106356
106327
106290
106248
106204
106161
106120
106081
106045
106011
105980
105953
105931
105915
105906
105903
105907
105916
105927
105938
105947
105952
105952
105947
105937
105923
105904
105881
105855
105826
105793
105759
105723
105687
105652
105618
105588
105562
105539
105521
105506
105495
105488
105484
105484
105488
105495
105505
105517
105531
105545
105559
105573
105584
105593
105600
105603
105602
105599
105592
105582
105570
105556
105541
105525
105509
105493
105478
105463
105448
105434
105420
105406
105391
105375
105358
105340
105319
105298
105276
105253
105232
105211
105191
105174
105160
105149
105141
105137
105137
105140
105148
105158
105172
105188
105206
105226
105247
105268
105289
105310
105329
105346
105361
105374
105384
105392
105398
105402
105403
105402
105400
105396
105390
105383
105375
105367
105357
105347
105337
105327
105317
105308
105299
105291
105284
105278
105273
105269
105266
105264
105262
105260
105258
105257
105254
105252
105249
105245
105240
105235
105230
105224
105217
105211
105204
105197
105190
105184
105177
105172
105167
105162
105159
105156
105154
105153
105153
105154
105156
105159
105163
105167
105172
105177
105182
105188
105194
105200
105205
105211
105216
105220
105223
105226
105228
105229
105229
105227
105225
105221
105216
105210
105202
105194
105185
105174
105163
105150
105138
105124
105110
105096
105082
105067
105053
105039
105025
105012
104999
104987
104976
104965
104956
104948
104941
104935
104931
104928
104926
104925
104925
104927
104929
104932
104936
104940
104944
104948
104953
104957
104960
104963
104965
104967
104967
104966
104964
104961
104957
104952
104946
104940
104932
104923
104914
104905
104895
104884
104873
104862
104852
104841
104830
104820
104810
104800
104791
104782
104774
104767
104760
104753
104748
104743
104738
104735
104731
104729
104727
104725
104724
104723
104723
104724
104724
104725
104726
104728
104730
104732
104734
104736
104738
104740
104741
104743
104744
104745
104746
104746
104745
104745
104743
104742
104739
104736
104733
104729
104725
104720
104715
104710
104704
104698
104691
104685
104678
104671
104663
104655
104648
104640
104632
104624
104616
104608
104600
104592
104584
104576
104569
104562
104555
104548
104542
104536
104531
104526
104522
104518
104514
104512
104509
104508
104507
104506
104506
104507
104508
104510
104512
104515
104518
104521
104525
104529
104533
104537
104542
104546
104551
104555
104560
104564
104569
104573
104577
104581
104585
104589
104593
104597
104600
104604
104607
104610
104614
104617
104620
104624
104627
104630
104634
104637
104641
104645
104648
104652
104655
104659
104663
104666
104670
104673
104676
104679
104681
104684
104686
104688
104689
104690
104690
104690
104690
104688
104687
104685
104682
104679
104675
104671
104667
104661
104656
104649
104643
104636
104628
104620
104612
104603
104594
104585
104576
104566
104556
104546
104536
104527
104517
104507
104497
104487
104478
104469
104460
104452
104444
104437
104430
104423
104417
104412
104407
104404
104400
104398
104396
104395
104395
104395
104396
104398
104401
104405
104409
104415
104421
104428
104435
104444
104453
104462
104473
104484
104496
104508
104520
104533
104547
104560
104574
104588
104602
104616
104630
104644
104657
104670
104683
104696
104708
104720
104732
104743
104753
104764
104773
104783
104792
104800
104808
104816
104823
104830
104837
104843
104849
104854
104860
104865
104869
104874
104878
104882
104885
104889
104892
104895
104898
104901
104904
104906
104908
104911
104913
104915
104917
104919
104921
104923
104924
104926
104928
104930
104931
104933
104934
104936
104937
104939
104940
104941
104942
104943
104944
104944
104944
104944
104944
104944
104943
104942
104940
104939
104936
104934
104931
104928
104925
104921
104917
104912
104908
104903
104897
104892
104886
104880
104874
104867
104861
104854
104847
104840
104833
104826
104819
104812
104805
104798
104790
104783
104776
104770
104763
104756
104750
104743
104737
104730
104724
104718
104713
104707
104701
104696
104690
104685
104680
104675
104670
104666
104661
104657
104652
104648
104644
104640
104636
104633
104629
104626
104623
104620
104618
104615
104613
104611
104610
104609
104608
104607
104607
104607
104608
104608
104610
104611
104613
104616
104619
104622
104626
104629
104634
104638
104643
104648
104653
104658
104663
104668
104674
104679
104684
104688
104693
104697
104701
104705
104708
104711
104713
104715
104716
104718
104718
104718
104718
104718
104717
104715
104714
104711
104709
104706
104703
104700
104697
104693
104690
104686
104682
104677
104673
104669
104665
104660
104656
104652
104648
104644
104640
104636
104632
104629
104625
104622
104619
104616
104613
104611
104609
104607
104605
104603
104602
104601
104600
104599
104598
104598
104598
104598
104598
104598
104599
104599
104600
104601
104602
104602
104603
104604
104605
104606
104607
104608
104609
104609
104610
104610
104611
104611
104611
104611
104611
104610
104610
104609
104608
104607
104606
104605
104603
104601
104599
104598
104595
104593
104591
104588
104586
104583
104581
104578
104575
104572
104569
104566
104564
104561
104558
104555
104552
104549
104547
104544
104542
104539
104537
104534
104532
104530
104528
104526
104525
104523
104522
104520
104519
104518
104517
104517
104516
104516
104516
104516
104516
104517
104517
104518
104519
104521
104522
104524
104526
104528
104530
104532
104535
104538
104541
104544
104547
104551
104554
104558
104562
104565
104569
104573
104576
104580
104583
104587
104590
104593
104596
104598
104600
104603
104604
104606
104607
104608
104609
104609
104609
104609
104608
104607
104607
104605
104604
104602
104601
104599
104597
104595
104592
104590
104588
104586
104584
104581
104579
104577
104576
104574
104572
104571
104570
104569
104568
104567
104567
104567
104567
104567
104568
104569
104570
104572
104574
104576
104578
104581
104584
104587
104590
104593
104597
104601
104605
104609
104614
104619
104623
104628
104633
104638
104643
104649
104654
104659
104665
104670
104676
104681
104687
104693
104699
104705
104711
104717
104723
104729
104736
104742
104749
104755
104762
104769
104776
104783
104791
104798
104806
104813
104821
104829
104837
104845
104854
104862
104870
104879
104887
104895
104904
104912
104920
104928
104935
104943
104950
104956
104963
104969
104974
104979
104984
104988
104991
104994
104996
104998
104999
105000
105000
104999
104997
104996
104993
104990
104986
104982
104977
104972
104966
104960
104953
104946
104939
104931
104922
104914
104905
104895
104886
104876
104866
104855
104844
104834
104823
104811
104800
104789
104777
104765
104754
104742
104730
104718
104706
104694
104682
104670
104658
104646
104634
104623
104611
104600
104588
104577
104566
104555
104544
104533
104523
104513
104503
104494
104484
104475
104467
104458
104450
104443
104436
104429
104423
104417
104411
104407
104402
104399
104395
104393
104391
104390
104389
104389
104390
104391
104394
104397
104401
104405
104411
104417
104424
104432
104441
104451
104462
104474
104486
104500
104514
104529
104546
104562
104580
104598
104617
104637
104656
104677
104697
104717
104738
104758
104777
104797
104816
104834
104851
104868
104884
104899
104913
104926
104938
104949
104959
104968
104977
104984
104990
104996
105000
105004
105007
105009
105010
105011
105011
105010
105009
105007
105005
105002
104998
104994
104989
104984
104978
104972
104966
104959
104952
104944
104936
104928
104919
104910
104900
104891
104881
104870
104860
104849
104838
104827
104815
104804
104792
104780
104768
104756
104744
104732
104720
104708
104696
104684
104672
104660
104648
104636
104625
104614
104603
104592
104582
104572
104562
104553
104544
104535
104527
104520
104512
104506
104499
104494
104489
104484
104480
104476
104473
104470
104468
104467
104466
104466
104466
104467
104468
104470
104472
104475
104478
104482
104486
104491
104496
104502
104507
104513
104520
104527
104533
104540
104548
104555
104562
104570
104578
104585
104593
104600
104608
104615
104622
104629
104637
104643
104650
104657
104663
104669
104676
104682
104687
104693
104698
104704
104709
104714
104719
104723
104728
104732
104736
104741
104745
104748
104752
104756
104759
104763
104766
104770
104773
104776
104779
104782
104784
104787
104790
104792
104795
104797
104799
104801
104803
104805
104807
104809
104811
104812
104813
104815
104816
104817
104818
104818
104819
104819
104819
104819
104819
104819
104819
104818
104817
104816
104815
104814
104813
104811
104809
104807
104805
104803
104800
104797
104795
104792
104788
104785
104782
104778
104774
104771
104767
104763
104758
104754
104750
104745
104741
104736
104732
104727
104722
104718
104713
104708
104704
104699
104695
104690
104686
104681
104677
104673
104669
104666
104662
104659
104655
104653
104650
104647
104645
104643
104641
104640
104639
104638
104637
104637
104638
104638
104639
104640
104642
104644
104647
104649
104653
104656
104660
104665
104669
104675
104680
104686
104692
104698
104705
104712
104719
104727
104734
104742
104750
104758
104765
104773
104781
104788
104796
104803
104810
104817
104823
104830
104835
104841
104846
104851
104855
104858
104862
104865
104867
104869
104870
104871
104872
104872
104872
104871
104870
104868
104866
104864
104861
104858
104855
104851
104847
104842
104838
104833
104827
104822
104816
104810
104803
104797
104790
104783
104776
104768
104761
104753
104745
104737
104729
104721
104713
104704
104696
104687
104679
104670
104662
104653
104645
104636
104628
104619
104611
104603
104595
104587
104579
104571
104564
104556
104549
104542
104535
104528
104522
104516
104510
104504
104499
104494
104489
104485
104480
104477
104473
104470
104467
104465
104463
104462
104460
104460
104459
104460
104460
104461
104463
104465
104467
104470
104474
104478
104482
104487
104493
104499
104506
104513
104520
104529
104537
104547
104556
104567
104577
104589
104600
104612
104625
104638
104651
104664
104678
104691
104705
104719
104733
104747
104761
104774
104787
104800
104813
104825
104836
104847
104858
104867
104877
104885
104893
104900
104906
104912
104916
104920
104924
104926
104928
104929
104930
104930
104929
104928
104926
104923
104920
104916
104912
104907
104902
104896
104890
104883
104876
104869
104861
104853
104845
104836
104827
104818
104809
104799
104789
104779
104769
104759
104748
104738
104727
104716
104705
104694
104683
104673
104662
104651
104640
104629
104618
104608
104597
104587
104577
104567
104557
104548
104538
104529
104520
104511
104503
104495
104487
104480
104472
104465
104459
104453
104447
104442
104437
104432
104428
104424
104420
104417
104415
104413
104411
104410
104409
104409
104409
104410
104411
104412
104415
104417
104421
104425
104429
104434
104439
104446
104452
104459
104467
104476
104485
104495
104505
104516
104527
104539
104552
104565
104579
104593
104608
104624
104639
104655
104672
104689
104706
104723
104740
104757
104775
104792
104808
104825
104841
104857
104872
104887
104900
104914
104926
104938
104949
104959
104968
104976
104984
104990
104996
105001
105005
105008
105011
105012
105013
105014
105013
105012
105010
105008
105005
105002
104998
104994
104989
104984
104978
104972
104965
104959
104952
104944
104937
104929
104921
104913
104905
104897
104888
104879
104871
104862
104854
104845
104836
104828
104819
104811
104802
104794
104786
104778
104770
104762
104754
104747
104740
104733
104726
104719
104713
104707
104701
104695
104689
104684
104679
104674
104669
104664
104660
104655
104651
104647
104644
104640
104637
104633
104630
104627
104624
104621
104618
104615
104613
104610
104608
104605
104603
104600
104598
104596
104594
104592
104590
104588
104586
104584
104583
104581
104579
104578
104577
104575
104574
104573
104572
104571
104571
104570
104570
104570
104570
104570
104570
104571
104571
104572
104573
104575
104576
104578
104580
104582
104584
104587
104589
104592
104595
104598
104602
104605
104609
104613
104617
104621
104625
104630
104634
104638
104643
104647
104652
104656
104661
104665
104669
104674
104678
104682
104685
104689
104692
104695
104698
104700
104703
104705
104706
104708
104709
104710
104710
104710
104710
104709
104708
104707
104705
104703
104700
104698
104695
104692
104688
104684
104680
104675
104671
104666
104661
104655
104650
104644
104638
104632
104626
104619
104613
104606
104600
104593
104586
104580
104573
104566
104559
104553
104546
104540
104533
104527
104521
104515
104509
104504
104498
104493
104488
104483
104479
104475
104471
104468
104464
104462
104459
104457
104455
104454
104453
104452
104452
104452
104453
104454
104456
104458
104460
104463
104467
104470
104475
104479
104484
104490
104496
104502
104509
104516
104524
104532
104540
104548
104557
104566
104575
104584
104593
104603
104612
104621
104630
104639
104648
104656
104665
104673
104680
104687
104694
104700
104706
104711
104716
104720
104724
104727
104730
104732
104734
104735
104736
104736
104735
104734
104733
104731
104729
104726
104723
104719
104716
104711
104707
104702
104697
104692
104686
104680
104674
104668
104662
104655
104648
104642
104635
104628
104621
104614
104607
104600
104593
104586
104579
104572
104566
104559
104552
104546
104540
104534
104528
104522
104516
104511
104506
104501
104496
104492
104488
104484
104480
104476
104473
104470
104468
104465
104463
104461
104460
104458
104457
104457
104456
104456
104456
104457
104458
104459
104460
104462
104464
104466
104468
104471
104474
104478
104481
104485
104489
104494
104499
104504
104509
104515
104520
104527
104533
104540
104547
104554
104562
104569
104577
104586
104594
104603
104612
104621
104631
104641
104650
104661
104671
104681
104692
104703
104713
104724
104735
104746
104757
104768
104779
104790
104800
104811
104821
104831
104841
104851
104860
104869
104877
104885
104893
104900
104906
104912
104918
104923
104927
104931
104934
104936
104938
104939
104940
104940
104939
104938
104936
104934
104931
104927
104923
104918
104913
104907
104901
104894
104887
104879
104871
104862
104853
104843
104833
104823
104813
104802
104790
104779
104767
104755
104742
104730
104717
104704
104691
104677
104664
104650
104637
104623
104610
104596
104582
104569
104556
104543
104530
104517
104504
104492
104480
104469
104457
104446
104436
104426
104417
104408
104399
104391
104384
104377
104370
104365
104359
104355
104351
104348
104346
104344
104343
104343
104343
104344
104347
104350
104354
104358
104364
104371
104378
104387
104397
104408
104420
104433
104448
104463
104480
104498
104517
104538
104559
104582
104606
104631
104657
104684
104712
104739
104768
104796
104825
104853
104880
104907
104933
104958
104981
105004
105025
105044
105062
105079
105094
105107
105119
105129
105138
105146
105152
105158
105161
105164
105166
105167
105167
105166
105164
105161
105157
105153
105148
105143
105137
105130
105123
105116
105108
105100
105091
105082
105072
105063
105053
105042
105032
105021
105010
104999
104988
104976
104965
104953
104941
104929
104917
104905
104893
104881
104869
104857
104845
104832
104820
104808
104796
104784
104772
104761
104749
104737
104726
104714
104703
104692
104681
104670
104660
104649
104639
104629
104619
104609
104600
104590
104581
104573
104564
104556
104548
104540
104533
104526
104519
104513
104507
104501
104496
104491
104486
104482
104478
104474
104471
104469
104466
104465
104463
104462
104462
104462
104462
104463
104465
104467
104469
104472
104476
104480
104485
104490
104496
104502
104509
104517
104525
104533
104542
104552
104562
104573
104585
104596
104609
104621
104635
104648
104662
104676
104691
104705
104720
104735
104749
104764
104778
104793
104807
104820
104834
104846
104859
104870
104881
104892
104902
104910
104919
104926
104933
104939
104944
104948
104952
104955
104957
104959
104959
104960
104959
104958
104956
104953
104950
104947
104943
104938
104933
104927
104921
104915
104908
104901
104893
104885
104877
104869
104860
104851
104841
104832
104822
104812
104802
104792
104782
104772
104761
104751
104740
104730
104719
104709
104699
104688
104678
104668
104658
104648
104639
104629
104620
104611
104602
104593
104585
104577
104569
104561
104554
104547
104541
104535
104529
104523
104518
104513
104509
104505
104501
104498
104495
104493
104491
104489
104488
104487
104487
104487
104488
104488
104490
104492
104494
104497
104500
104503
104507
104511
104516
104521
104527
104533
104539
104546
104553
104560
104568
104576
104585
104594
104603
104612
104622
104631
104642
104652
104662
104673
104683
104694
104705
104716
104727
104738
104749
104760
104771
104781
104792
104802
104812
104822
104831
104841
104850
104858
104866
104874
104881
104888
104895
104901
104906
104911
104916
104919
104923
104926
104928
104930
104931
104931
104931
104931
104930
104928
104926
104924
104921
104917
104913
104908
104903
104898
104892
104885
104879
104871
104864
104856
104848
104839
104830
104820
104811
104801
104791
104780
104769
104759
104747
104736
104724
104713
104701
104689
104677
104665
104653
104640
104628
104616
104603
104591
104579
104567
104555
104543
104532
104520
104509
104498
104487
104476
104466
104456
104447
104438
104429
104420
104412
104405
104397
104391
104385
104379
104374
104369
104365
104361
104358
104356
104354
104353
104353
104353
104354
104355
104358
104361
104365
104369
104375
104381
104388
104396
104405
104415
104426
104437
104450
104464
104478
104494
104511
104528
104547
104567
104587
104609
104631
104654
104678
104703
104727
104753
104778
104803
104829
104854
104878
104902
104925
104947
104969
104989
105007
105025
105041
105056
105070
105082
105092
105102
105110
105116
105122
105126
105129
105131
105131
105131
105130
105128
105125
105121
105116
105111
105104
105098
105090
105082
105073
105064
105054
105044
105033
105022
105010
104998
104986
104973
104960
104947
104933
104919
104905
104891
104876
104862
104847
104832
104817
104801
104786
104771
104755
104740
104725
104710
104694
104679
104665
104650
104635
104621
104607
104593
104580
104567
104554
104541
104529
104518
104506
104496
104485
104475
104466
104457
104448
104440
104433
104425
104419
104413
104408
104403
104398
104395
104392
104389
104387
104386
104385
104385
104385
104387
104389
104391
104394
104398
104403
104409
104415
104422
104430
104438
104448
104458
104470
104482
104495
104509
104524
104539
104556
104574
104593
104613
104633
104655
104678
104701
104725
104751
104776
104803
104830
104857
104884
104912
104939
104967
104994
105020
105046
105071
105096
105119
105141
105162
105181
105200
105216
105232
105246
105258
105269
105279
105287
105294
105300
105304
105307
105309
105310
105310
105309
105307
105304
105300
105295
105289
105283
105276
105268
105260
105251
105242
105232
105221
105210
105199
105187
105174
105162
105149
105135
105122
105108
105094
105079
105065
105050
105035
105020
105004
104989
104973
104958
104942
104927
104911
104895
104880
104864
104849
104834
104819
104804
104789
104774
104760
104746
104732
104719
104706
104693
104681
104669
104657
104646
104635
104625
104615
104605
104596
104587
104579
104572
104564
104558
104552
104546
104541
104536
104532
104528
104525
104523
104520
104519
104518
104517
104517
104518
104519
104521
104523
104526
104529
104532
104537
104541
104546
104552
104558
104565
104572
104579
104587
104595
104603
104612
104621
104631
104640
104650
104660
104670
104680
104691
104701
104711
104722
104732
104742
104752
104762
104771
104781
104790
104799
104808
104816
104824
104832
104839
104846
104852
104858
104863
104869
104873
104877
104881
104884
104887
104890
104892
104893
104894
104895
104895
104895
104894
104893
104891
104890
104887
104885
104881
104878
104874
104870
104866
104861
104856
104850
104844
104838
104832
104826
104819
104812
104804
104797
104789
104781
104773
104765
104756
104748
104739
104730
104721
104712
104703
104694
104684
104675
104665
104656
104647
104637
104628
104618
104609
104600
104591
104582
104573
104564
104555
104547
104538
104530
104522
104515
104507
104500
104493
104487
104480
104474
104469
104463
104458
104454
104449
104446
104442
104439
104436
104434
104433
104431
104430
104430
104430
104431
104432
104434
104436
104439
104442
104446
104450
104455
104461
104467
104473
104480
104488
104496
104505
104514
104523
104533
104544
104554
104565
104577
104588
104600
104612
104624
104636
104648
104660
104672
104683
104695
104706
104716
104727
104736
104745
104754
104762
104770
104777
104783
104789
104794
104798
104802
104805
104808
104810
104811
104812
104812
104812
104811
104809
104807
104805
104802
104799
104795
104791
104787
104782
104777
104772
104766
104761
104755
104748
104742
104735
104728
104721
104714
104707
104700
104693
104685
104678
104670
104663
104656
104648
104641
104634
104627
104620
104613
104606
104599
104592
104586
104580
104573
104567
104562
104556
104551
104546
104541
104536
104531
104527
104523
104519
104516
104512
104509
104506
104504
104501
104499
104497
104507
104508
104509
104509
104509
104509
104509
104509
104509
104510
104510
104510
104510
104510
104511
104511
104511
104512
104512
104512
104512
104512
104513
104513
104513
104513
104513
104513
104514
104514
104514
104514
104514
104514
104515
104515
104515
104515
104515
104515
104516
104516
104516
104516
104516
104516
104516
104516
104516
104517
104517
104517
104517
104517
104517
104517
104517
104517
104517
104517
104517
104517
104517
104517
104517
104516
104516
104516
104516
104516
104516
104516
104516
104515
104515
104515
104515
104515
104514
104514
104514
104514
104513
104513
104513
104512
104512
104512
104511
104511
104511
104510
104510
104510
104509
104509
104509
104508
104508
104508
104507
104507
104506
104506
104505
104505
104505
104504
104504
104503
104503
104502
104502
104501
104501
104501
104500
104500
104499
104499
104498
104497
104497
104496
104496
104495
104495
104494
104494
104493
104493
104492
104491
104491
104490
104490
104489
104488
104488
104487
104487
104486
104485
104485
104484
104483
104483
104482
104481
104481
104480
104479
104479
104478
104477
104477
104476
104475
104475
104474
104473
104473
104472
104471
104471
104470
104469
104468
104468
104467
104466
104466
104465
104464
104464
104463
104462
104462
104461
104460
104460
104459
104459
104458
104457
104457
104456
104456
104455
104454
104454
104453
104453
104452
104452
104451
104451
104450
104450
104449
104449
104448
104448
104448
104447
104447
104446
104446
104446
104445
104445
104445
104444
104444
104444
104444
104443
104443
104443
104443
104443
104442
104442
104442
104442
104442
104442
104442
104442
104442
104442
104442
104442
104442
104442
104442
104442
104442
104442
104442
104442
104442
104442
104442
104443
104443
104443
104443
104443
104444
104444
104444
104444
104445
104445
104445
104446
104446
104446
104446
104447
104447
104447
104448
104448
104449
104449
104449
104450
104450
104450
104451
104451
104452
104452
104452
104453
104453
104454
104454
104455
104455
104455
104456
104456
104457
104457
104457
104458
104458
104459
104459
104459
104460
104460
104460
104461
104461
104462
104462
104462
104463
104463
104463
104464
104464
104464
104465
104465
104465
104465
104466
104466
104466
104467
104467
104467
104467
104468
104468
104468
104468
104468
104469
104469
104469
104469
104469
104470
104470
104470
104470
104470
104471
104471
104471
104471
104471
104471
104472
104472
104472
104472
104472
104472
104472
104473
104473
104473
104473
104473
104473
104473
104474
104474
104474
104474
104474
104474
104474
104475
104475
104475
104475
104475
104475
104475
104476
104476
104476
104476
104476
104476
104477
104477
104477
104477
104477
104477
104478
104478
104478
104478
104478
104479
104479
104479
104479
104479
104479
104480
104480
104480
104480
104480
104480
104481
104481
104481
104481
104481
104481
104482
104482
104482
104482
104482
104482
104482
104483
104483
104483
104483
104483
104483
104483
104483
104483
104483
104483
104483
104483
104483
104483
104483
104483
104483
104483
104483
104483
104483
104483
104483
104483
104483
104483
104483
104483
104483
104483
104482
104482
104482
104482
104482
104482
104481
104481
104481
104481
104480
104480
104480
104480
104479
104479
104479
104479
104478
104478
104478
104477
104477
104477
104476
104476
104476
104475
104475
104474
104474
104474
104473
104473
104472
104472
104472
104471
104471
104470
104470
104470
104469
104469
104468
104468
104468
104467
104467
104466
104466
104465
104465
104465
104464
104464
104463
104463
104463
104462
104462
104462
104461
104461
104460
104460
104460
104459
104459
104459
104458
104458
104458
104457
104457
104457
104457
104456
104456
104456
104456
104455
104455
104455
104455
104455
104454
104454
104454
104454
104454
104454
104454
104454
104453
104453
104453
104453
104453
104453
104453
104453
104453
104453
104453
104453
104453
104453
104453
104454
104454
104454
104454
104454
104454
104454
104454
104454
104455
104455
104455
104455
104455
104456
104456
104456
104456
104456
104457
104457
104457
104457
104458
104458
104458
104458
104458
104459
104459
104459
104460
104460
104460
104460
104461
104461
104461
104461
104462
104462
104462
104462
104463
104463
104463
104463
104464
104464
104464
104464
104464
104465
104465
104465
104465
104465
104466
104466
104466
104466
104466
104466
104467
104467
104467
104467
104467
104467
104467
104467
104467
104467
104468
104468
104468
104468
104468
104468
104468
104468
104468
104468
104468
104468
104468
104468
104468
104468
104468
104468
104467
104467
104467
104467
104467
104467
104467
104467
104467
104467
104467
104467
104466
104466
104466
104466
104466
104466
104466
104466
104465
104465
104465
104465
104465
104465
104465
104464
104464
104464
104464
104464
104464
104464
104463
104463
104463
104463
104463
104463
104463
104463
104462
104462
104462
104462
104462
104462
104462
104462
104462
104461
104461
104461
104461
104461
104461
104461
104461
104461
104461
104461
104461
104461
104461
104461
104460
104460
104460
104460
104460
104460
104460
104460
104460
104460
104460
104460
104460
104460
104460
104461
104461
104461
104461
104461
104461
104461
104461
104461
104461
104461
104461
104461
104461
104461
104462
104462
104462
104462
104462
104462
104462
104462
104463
104463
104463
104463
104463
104463
104463
104464
104464
104464
104464
104464
104464
104465
104465
104465
104465
104465
104465
104466
104466
104466
104466
104466
104467
104467
104467
104467
104467
104468
104468
104468
104468
104468
104469
104469
104469
104469
104469
104470
104470
104470
104470
104470
104471
104471
104471
104471
104471
104472
104472
104472
104472
104472
104472
104473
104473
104473
104473
104473
104473
104474
104474
104474
104474
104474
104474
104474
104475
104475
104475
104475
104475
104475
104475
104475
104475
104475
104476
104476
104476
104476
104476
104476
104476
104476
104476
104476
104476
104476
104476
104476
104476
104476
104476
104476
104476
104476
104476
104476
104476
104476
104476
104475
104475
104475
104475
104475
104475
104475
104475
104475
104474
104474
104474
104474
104474
104474
104474
104473
104473
104473
104473
104473
104473
104472
104472
104472
104472
104472
104471
104471
104471
104471
104471
104470
104470
104470
104470
104469
104469
104469
104469
104468
104468
104468
104468
104467
104467
104467
104467
104467
104466
104466
104466
104466
104465
104465
104465
104465
104464
104464
104464
104464
104463
104463
104463
104463
104462
104462
104462
104462
104462
104461
104461
104461
104461
104461
104460
104460
104460
104460
104460
104459
104459
104459
104459
104459
104458
104458
104458
104458
104458
104458
104457
104457
104457
104457
104457
104457
104457
104456
104456
104456
104456
104456
104456
104456
104456
104456
104455
104455
104455
104455
104455
104455
104455
104455
104455
104455
104455
104454
104454
104454
104454
104454
104454
104454
104454
104454
104454
104454
104454
104454
104454
104454
104454
104454
104454
104454
104454
104454
104454
104454
104454
104454
104454
104454
104454
104454
104454
104454
104454
104454
104454
104454
104454
104454
104454
104454
104455
104455
104455
104455
104455
104455
104455
104455
104455
104455
104456
104456
104456
104456
104456
104456
104456
104456
104457
104457
104457
104457
104457
104457
104458
104458
104458
104458
104458
104459
104459
104459
104459
104459
104460
104460
104460
104460
104461
104461
104461
104461
104462
104462
104462
104462
104463
104463
104463
104463
104464
104464
104464
104464
104465
104465
104465
104466
104466
104466
104467
104467
104467
104467
104468
104468
104468
104469
104469
104469
104470
104470
104470
104471
104471
104471
104472
104472
104472
104473
104473
104473
104474
104474
104474
104474
104475
104475
104475
104476
104476
104476
104477
104477
104477
104477
104478
104478
104478
104479
104479
104479
104479
104480
104480
104480
104480
104481
104481
104481
104481
104481
104482
104482
104482
104482
104482
104483
104483
104483
104483
104483
104483
104483
104483
104484
104484
104484
104484
104484
104484
104484
104484
104484
104484
104484
104484
104484
104484
104484
104484
104484
104484
104484
104483
104483
104483
104483
104483
104483
104483
104482
104482
104482
104482
104482
104481
104481
104481
104481
104481
104480
104480
104480
104479
104479
104479
104479
104478
104478
104478
104477
104477
104477
104476
104476
104475
104475
104475
104474
104474
104474
104473
104473
104472
104472
104472
104471
104471
104470
104470
104470
104469
104469
104468
104468
104467
104467
104467
104466
104466
104465
104465
104464
104464
104464
104463
104463
104462
104462
104462
104461
104461
104460
104460
104460
104459
104459
104459
104458
104458
104458
104457
104457
104457
104456
104456
104456
104455
104455
104455
104455
104454
104454
104454
104453
104453
104453
104453
104453
104452
104452
104452
104452
104452
104451
104451
104451
104451
104451
104451
104451
104451
104450
104450
104450
104450
104450
104450
104450
104450
104450
104450
104450
104450
104450
104450
104450
104450
104450
104450
104450
104450
104450
104450
104450
104450
104450
104450
104451
104451
104451
104451
104451
104451
104451
104451
104451
104451
104452
104452
104452
104452
104452
104452
104453
104453
104453
104453
104453
104453
104454
104454
104454
104454
104454
104454
104455
104455
104455
104455
104455
104456
104456
104456
104456
104456
104457
104457
104457
104457
104457
104458
104458
104458
104458
104458
104459
104459
104459
104459
104460
104460
104460
104460
104460
104461
104461
104461
104461
104462
104462
104462
104462
104462
104463
104463
104463
104463
104464
104464
104464
104464
104464
104465
104465
104465
104465
104465
104466
104466
104466
104466
104467
104467
104467
104467
104467
104468
104468
104468
104468
104468
104469
104469
104469
104469
104469
104470
104470
104470
104470
104470
104471
104471
104471
104471
104471
104471
104472
104472
104472
104472
104472
104472
104473
104473
104473
104473
104473
104473
104473
104474
104474
104474
104474
104474
104474
104474
104474
104475
104475
104475
104475
104475
104475
104475
104475
104475
104475
104475
104475
104475
104476
104476
104476
104476
104476
104476
104476
104476
104476
104476
104476
104476
104476
104476
104476
104476
104476
104476
104476
104476
104475
104475
104475
104475
104475
104475
104475
104475
104475
104475
104475
104475
104474
104474
104474
104474
104474
104474
104474
104473
104473
104473
104473
104473
104473
104473
104472
104472
104472
104472
104472
104471
104471
104471
104471
104471
104470
104470
104470
104470
104470
104469
104469
104469
104469
104468
104468
104468
104468
104468
104467
104467
104467
104467
104467
104466
104466
104466
104466
104465
104465
104465
104465
104465
104464
104464
104464
104464
104464
104463
104463
104463
104463
104463
104463
104462
104462
104462
104462
104462
104462
104461
104461
104461
104461
104461
104461
104461
104461
104461
104460
104460
104460
104460
104460
104460
104460
104460
104460
104460
104460
104460
104460
104460
104460
104460
104460
104460
104460
104460
104460
104460
104460
104460
104460
104460
104460
104460
104460
104460
104460
104460
104460
104460
104460
104460
104461
104461
104461
104461
104461
104461
104461
104461
104461
104462
104462
104462
104462
104462
104462
104462
104462
104463
104463
104463
104463
104463
104463
104463
104464
104464
104464
104464
104464
104464
104464
104465
104465
104465
104465
104465
104465
104465
104466
104466
104466
104466
104466
104466
104466
104467
104467
104467
104467
104467
104467
104467
104467
104468
104468
104468
104468
104468
104468
104468
104468
104468
104468
104468
104469
104469
104469
104469
104469
104469
104469
104469
104469
104469
104469
104469
104469
104469
104469
104469
104469
104469
104469
104469
104469
104469
104469
104469
104469
104469
104469
104469
104469
104469
104469
104469
104469
104469
104469
104469
104469
104469
104469
104469
104469
104469
104469
104469
104469
104469
104468
104468
104468
104468
104468
104468
104468
104468
104468
104468
104468
104468
104468
104468
104467
104467
104467
104467
104467
104467
104467
104467
104467
104467
104467
104467
104466
104466
104466
104466
104466
104466
104466
104466
104466
104466
104466
104466
104465
104465
104465
104465
104465
104465
104465
104465
104465
104465
104465
104465
104464
104464
104464
104464
104464
104464
104464
104464
104464
104464
104464
104464
104464
104464
104464
104463
104463
104463
104463
104463
104463
104463
104463
104463
104463
104463
104463
104463
104463
104463
104463
104463
104462
104462
104462
104462
104462
104462
104462
104462
104462
104462
104462
104462
104462
104462
104462
104462
104462
104462
104462
104462
104462
104462
104462
104462
104462
104462
104462
104462
104462
104462
104462
104462
104462
104462
104461
104461
104461
104461
104461
104461
104461
104461
104461
104461
104461
104461
104461
104462
104462
104462
104462
104462
104462
104462
104462
104462
104462
104462
104462
104462
104462
104462
104462
104462
104462
104462
104462
104462
104462
104462
104462
104462
104462
104462
104462
104463
104463
104463
104463
104463
104463
104463
104463
104463
104463
104463
104463
104463
104464
104464
104464
104464
104464
104464
104464
104464
104464
104464
104465
104465
104465
104465
104465
104465
104465
104465
104465
104466
104466
104466
104466
104466
104466
104466
104466
104466
104467
104467
104467
104467
104467
104467
104467
104467
104468
104468
104468
104468
104468
104468
104468
104468
104469
104469
104469
104469
104469
104469
104469
104469
104469
104470
104470
104470
104470
104470
104470
104470
104470
104470
104470
104471
104471
104471
104471
104471
104471
104471
104471
104471
104471
104471
104471
104471
104471
104471
104471
104471
104472
104472
104472
104472
104472
104472
104472
104472
104472
104472
104472
104472
104472
104472
104472
104472
104471
104471
104471
104471
104471
104471
104471
104471
104471
104471
104471
104471
104471
104471
104471
104470
104470
104470
104470
104470
104470
104470
104470
104470
104469
104469
104469
104469
104469
104469
104469
104469
104468
104468
104468
104468
104468
104468
104467
104467
104467
104467
104467
104467
104466
104466
104466
104466
104466
104465
104465
104465
104465
104465
104465
104464
104464
104464
104464
104464
104464
104463
104463
104463
104463
104463
104462
104462
104462
104462
104462
104462
104461
104461
104461
104461
104461
104461
104460
104460
104460
104460
104460
104460
104460
104459
104459
104459
104459
104459
104459
104459
104459
104459
104458
104458
104458
104458
104458
104458
104458
104458
104458
104458
104458
104458
104458
104458
104457
104457
104457
104457
104457
104457
104457
104457
104457
104457
104457
104457
104457
104457
104457
104457
104457
104458
104458
104458
104458
104458
104458
104458
104458
104458
104458
104458
104458
104458
104459
104459
104459
104459
104459
104459
104459
104459
104460
104460
104460
104460
104460
104460
104460
104461
104461
104461
104461
104461
104462
104462
104462
104462
104462
104462
104463
104463
104463
104463
104463
104464
104464
104464
104464
104465
104465
104465
104465
104465
104466
104466
104466
104466
104467
104467
104467
104467
104467
104468
104468
104468
104468
104469
104469
104469
104469
104469
104470
104470
104470
104470
104470
104471
104471
104471
104471
104471
104472
104472
104472
104472
104472
104473
104473
104473
104473
104473
104473
104474
104474
104474
104474
104474
104474
104474
104475
104475
104475
104475
104475
104475
104475
104475
104475
104475
104476
104476
104476
104476
104476
104476
104476
104476
104476
104476
104476
104476
104476
104476
104476
104476
104476
104476
104476
104476
104476
104476
104476
104476
104476
104476
104476
104476
104476
104475
104475
104475
104475
104475
104475
104475
104475
104475
104475
104474
104474
104474
104474
104474
104474
104474
104473
104473
104473
104473
104473
104473
104473
104472
104472
104472
104472
104472
104471
104471
104471
104471
104471
104470
104470
104470
104470
104470
104469
104469
104469
104469
104469
104468
104468
104468
104468
104468
104467
104467
104467
104467
104466
104466
104466
104466
104466
104465
104465
104465
104465
104464
104464
104464
104464
104464
104463
104463
104463
104463
104463
104462
104462
104462
104462
104461
104461
104461
104461
104461
104461
104460
104460
104460
104460
104460
104459
104459
104459
104459
104459
104459
104458
104458
104458
104458
104458
104458
104458
104458
104457
104457
104457
104457
104457
104457
104457
104457
104457
104456
104456
104456
104456
104456
104456
104456
104456
104456
104456
104456
104456
104456
104456
104456
104456
104456
104456
104456
104456
104456
104456
104456
104456
104456
104456
104456
104456
104456
104456
104456
104456
104456
104456
104456
104456
104456
104456
104456
104456
104456
104456
104457
104457
104457
104457
104457
104457
104457
104457
104457
104458
104458
104458
104458
104458
104458
104458
104458
104459
104459
104459
104459
104459
104459
104460
104460
104460
104460
104460
104460
104461
104461
104461
104461
104461
104461
104462
104462
104462
104462
104462
104463
104463
104463
104463
104463
104463
104464
104464
104464
104464
104464
104465
104465
104465
104465
104465
104465
104466
104466
104466
104466
104466
104467
104467
104467
104467
104467
104467
104468
104468
104468
104468
104468
104468
104468
104469
104469
104469
104469
104469
104469
104469
104470
104470
104470
104470
104470
104470
104470
104470
104470
104471
104471
104471
104471
104471
104471
104471
104471
104471
104471
104471
104471
104471
104472
104472
104472
104472
104472
104472
104472
104472
104472
104472
104472
104472
104472
104472
104472
104472
104472
104472
104472
104472
104472
104472
104472
104472
104472
104472
104472
104472
104472
104472
104472
104471
104471
104471
104471
104471
104471
104471
104471
104471
104471
104471
104471
104471
104471
104471
104471
104470
104470
104470
104470
104470
104470
104470
104470
104470
104470
104470
104469
104469
104469
104469
104469
104469
104469
104469
104469
104469
104468
104468
104468
104468
104468
104468
104468
104468
104468
104468
104467
104467
104467
104467
104467
104467
104467
104467
104467
104466
104466
104466
104466
104466
104466
104466
104466
104466
104466
104466
104465
104465
104465
104465
104465
104465
104465
104465
104465
104465
104465
104465
104464
104464
104464
104464
104464
104464
104464
104464
104464
104464
104464
104464
104464
104464
104463
104463
104463
104463
104463
104463
104463
104463
104463
104463
104463
104463
104463
104463
104463
104463
104463
104463
104463
104463
104463
104463
104463
104463
104463
104463
104463
104463
104462
104462
104462
104462
104462
104462
104462
104462
104462
104462
104462
104462
104462
104462
104462
104463
104463
104463
104463
104463
104463
104463
104463
104463
104463
104463
104463
104463
104463
104463
104463
104463
104463
104463
104463
104463
104463
104463
104463
104463
104463
104464
104464
104464
104464
104464
104464
104464
104464
104464
104464
104464
104464
104464
104464
104465
104465
104465
104465
104465
104465
104465
104465
104465
104465
104465
104465
104466
104466
104466
104466
104466
104466
104466
104466
104466
104466
104466
104467
104467
104467
104467
104467
104467
104467
104467
104467
104467
104468
104468
104468
104468
104468
104468
104468
104468
104468
104468
104468
104468
104469
104469
104469
104469
104469
104469
104469
104469
104469
104469
104469
104469
104469
104469
104469
104469
104469
104470
104470
104470
104470
104470
104470
104470
104470
104470
104470
104470
104470
104470
104470
104470
104470
104470
104470
104470
104470
104470
104470
104470
104470
104470
104470
104470
104469
104469
104469
104469
104469
104469
104469
104469
104469
104469
104469
104469
104469
104469
104469
104468
104468
104468
104468
104468
104468
104468
104468
104468
104468
104467
104467
104467
104467
104467
104467
104467
104467
104467
104466
104466
104466
104466
104466
104466
104466
104465
104465
104465
104465
104465
104465
104465
104465
104464
104464
104464
104464
104464
104464
104464
104464
104463
104463
104463
104463
104463
104463
104463
104463
104462
104462
104462
104462
104462
104462
104462
104462
104462
104462
104462
104461
104461
104461
104461
104461
104461
104461
104461
104461
104461
104461
104461
104461
104461
104461
104460
104460
104460
104460
104460
104460
104460
104460
104460
104460
104460
104460
104460
104460
104460
104460
104460
104460
104460
104460
104460
104460
104460
104461
104461
104461
104461
104461
104461
104461
104461
104461
104461
104461
104461
104461
104461
104461
104461
104462
104462
104462
104462
104462
104462
104462
104462
104462
104462
104462
104463
104463
104463
104463
104463
104463
104463
104463
104463
104463
104464
104464
104464
104464
104464
104464
104464
104464
104464
104464
104465
104465
104465
104465
104465
104465
104465
104465
104465
104466
104466
104466
104466
104466
104466
104466
104466
104466
104466
104466
104467
104467
104467
104467
104467
104467
104467
104467
104467
104467
104467
104467
104467
104468
104468
104468
104468
104468
104468
104468
104468
104468
104468
104468
104468
104468
104468
104468
104468
104468
104468
104468
104468
104468
104468
104468
104468
104468
104468
104468
104468
104469
104469
104469
104469
104469
104469
104469
104469
104469
104469
104468
104468
104468
104468
104468
104468
104468
104468
104468
104468
104468
104468
104468
104468
104468
104468
104468
104468
104468
104468
104468
104468
104468
104468
104468
104468
104468
104468
104468
104468
104468
104468
104467
104467
104467
104467
104467
104467
104467
104467
104467
104467
104467
104467
104467
104467
104467
104467
104467
104467
104466
104466
104466
104466
104466
104466
104466
104466
104466
104466
104466
104466
104466
104466
104466
104466
104465
104465
104465
104465
104465
104465
104465
104465
104465
104465
104465
104465
104465
104465
104465
104465
104464
104464
104464
104464
104464
104464
104464
104464
104464
104464
104464
104464
104464
104464
104464
104464
104464
104464
104464
104464
104464
104463
104463
104463
104463
104463
104463
104463
104463
104463
104463
104463
104463
104463
104463
104463
104463
104463
104463
104463
104463
104463
104463
104463
104463
104463
104463
104463
104463
104463
104463
104463
104463
104463
104463
104463
104463
104463
104463
104463
104463
104463
104463
104463
104463
104463
104463
104463
104463
104463
104463
104463
104463
104464
104464
104464
104464
104464
104464
104464
104464
104464
104464
104464
104464
104464
104464
104464
104464
104464
104465
104465
104465
104465
104465
104465
104465
104465
104465
104465
104465
104465
104466
104466
104466
104466
104466
104466
104466
104466
104466
104466
104466
104466
104467
104467
104467
104467
104467
104467
104467
104467
104467
104467
104467
104468
104468
104468
104468
104468
104468
104468
104468
104468
104468
104468
104469
104469
104469
104469
104469
104469
104469
104469
104469
104469
104469
104469
104469
104469
104470
104470
104470
104470
104470
104470
104470
104470
104470
104470
104470
104470
104470
104470
104470
104470
104470
104470
104470
104470
104470
104470
104470
104470
104470
104470
104470
104470
104470
104470
104470
104470
104470
104470
104470
104470
104470
104470
104470
104470
104470
104470
104470
104470
104470
104470
104470
104470
104470
104470
104470
104470
104469
104469
104469
104469
104469
104469
104469
104469
104469
104469
104469
104469
104468
104468
104468
104468
104468
104468
104468
104468
104468
104468
104467
104467
104467
104467
104467
104467
104467
104467
104467
104466
104466
104466
104466
104466
104466
104466
104466
104466
104465
104465
104465
104465
104465
104465
104465
104465
104464
104464
104464
104464
104464
104464
104464
104464
104464
104463
104463
104463
104463
104463
104463
104463
104463
104463
104462
104462
104462
104462
104462
104462
104462
104462
104462
104462
104462
104462
104461
104461
104461
104461
104461
104461
104461
104461
104461
104461
104461
104461
104461
104461
104461
104461
104461
104460
104460
104460
104460
104460
104460
104460
104460
104460
104460
104460
104460
104460
104460
104460
104460
104460
104460
104460
104460
104460
104460
104460
104460
104460
104460
104460
104460
104461
104461
104461
104461
104461
104461
104461
104461
104461
104461
104461
104461
104461
104461
104461
104461
104461
104461
104461
104462
104462
104462
104462
104462
104462
104462
104462
104462
104462
104462
104462
104463
104463
104463
104463
104463
104463
104463
104463
104463
104463
104463
104464
104464
104464
104464
104464
104464
104464
104464
104464
104464
104465
104465
104465
104465
104465
104465
104465
104465
104465
104465
104465
104466
104466
104466
104466
104466
104466
104466
104466
104466
104466
104466
104467
104467
104467
104467
104467
104467
104467
104467
104467
104467
104467
104467
104467
104468
104468
104468
104468
104468
104468
104468
104468
104468
104468
104468
104468
104468
104468
104468
104468
104468
104468
104468
104468
104468
104469
104469
104469
104469
104469
104469
104469
104469
104469
104469
104469
104469
104469
104469
104469
104469
104469
104469
104469
104469
104469
104469
104469
104469
104469
104469
104469
104469
104469
104469
104469
104469
104469
104468
104468
104468
104468
104468
104468
104468
104468
104468
104468
104468
104468
104468
104468
104468
104468
104468
104468
104468
104468
104468
104468
104467
104467
104467
104467
104467
104467
104467
104467
104467
104467
104467
104467
104467
104467
104467
104466
104466
104466
104466
104466
104466
104466
104466
104466
104466
104466
104466
104466
104465
104465
104465
104465
104465
104465
104465
104465
104465
104465
104465
104465
104465
104464
104464
104464
104464
104464
104464
104464
104464
104464
104464
104464
104464
104464
104464
104464
104463
104463
104463
104463
104463
104463
104463
104463
104463
104463
104463
104463
104463
104463
104463
104463
104463
104463
104463
104463
104463
104463
104463
104463
104463
104463
104463
104463
104463
104463
104463
104463
104463
104463
104463
104463
104463
104463
104463
104463
104463
104463
104463
104463
104463
104463
104463
104463
104463
104463
104463
104463
104463
104463
104463
104463
104463
104463
104463
104463
104464
104464
104464
104464
104464
104464
104464
104464
104464
104464
104464
104464
104464
104465
104465
104465
104465
104465
104465
104465
104465
104465
104465
104465
104466
104466
104466
104466
104466
104466
104466
104466
104466
104467
104467
104467
104467
104467
104467
104467
104467
104467
104467
104468
104468
104468
104468
104468
104468
104468
104468
104468
104468
104469
104469
104469
104469
104469
104469
104469
104469
104469
104469
104469
104470
104470
104470
104470
104470
104470
104470
104470
104470
104470
104470
104470
104470
104470
104470
104470
104470
104471
104471
104471
104471
104471
104471
104471
104471
104471
104471
104471
104471
104471
104471
104471
104471
104471
104471
104471
104471
104471
104471
104471
104471
104471
104471
104471
104470
104470
104470
104470
104470
104470
104470
104470
104470
104470
104470
104470
104470
104470
104470
104470
104469
104469
104469
104469
104469
104469
104469
104469
104469
104469
104469
104468
104468
104468
104468
104468
104468
104468
104468
104468
104467
104467
104467
104467
104467
104467
104467
104467
104466
104466
104466
104466
104466
104466
104466
104466
104465
104465
104465
104465
104465
104465
104465
104465
104465
104464
104464
104464
104464
104464
104464
104464
104464
104463
104463
104463
104463
104463
104463
104463
104463
104463
104462
104462
104462
104462
104462
104462
104462
104462
104462
104462
104462
104462
104461
104461
104461
104461
104461
104461
104461
104461
104461
104461
104461
104461
104461
104461
104461
104460
104460
104460
104460
104460
104460
104460
104460
104460
104460
104460
104460
104460
104460
104460
104460
104460
104460
104460
104460
104460
104460
104460
104460
104460
104460
104460
104460
104460
104460
104460
104460
104460
104460
104460
104460
104460
104460
104460
104460
104461
104461
104461
104461
104461
104461
104461
104461
104461
104461
104461
104461
104461
104461
104461
104461
104461
104461
104462
104462
104462
104462
104462
104462
104462
104462
104462
104462
104462
104462
104462
104463
104463
104463
104463
104463
104463
104463
104463
104463
104463
104463
104464
104464
104464
104464
104464
104464
104464
104464
104464
104464
104464
104465
104465
104465
104465
104465
104465
104465
104465
104465
104465
104466
104466
104466
104466
104466
104466
104466
104466
104466
104466
104466
104467
104467
104467
104467
104467
104467
104467
104467
104467
104467
104467
104467
104468
104468
104468
104468
104468
104468
104468
104468
104468
104468
104468
104468
104468
104468
104469
104469
104469
104469
104469
104469
104469
104469
104469
104469
104469
104469
104469
104469
104469
104469
104469
104469
104469
104469
104469
104469
104469
104469
104469
104470
104470
104470
104470
104470
104470
104470
104470
104470
104470
104470
104470
104470
104470
104470
104470
104470
104469
104469
104469
104469
104469
104469
104469
104469
104469
104469
104469
104469
104469
104469
104469
104469
104469
104469
104469
104469
104469
104469
104469
104469
104468
104468
104468
104468
104468
104468
104468
104468
104468
104468
104468
104468
104468
104468
104467
104467
104467
104467
104467
104467
104467
104467
104467
104467
104467
104467
104466
104466
104466
104466
104466
104466
104466
104466
104466
104466
104466
104465
104465
104465
104465
104465
104465
104465
104465
104465
104465
104465
104464
104464
104464
104464
104464
104464
104464
104464
104464
104464
104464
104464
104464
104463
104463
104463
104463
104463
104463
104463
104463
104463
104463
104463
104463
104463
104463
104463
104463
104463
104463
104462
104462
104462
104462
104462
104462
104462
104462
104462
104462
104462
104462
104462
104462
104462
104462
104462
104462
104462
104462
104462
104462
104462
104462
104462
104462
104462
104462
104462
104462
104462
104462
104462
104462
104463
104463
104463
104463
104463
104463
104463
104463
104463
104463
104463
104463
104463
104463
104463
104463
104463
104463
104464
104464
104464
104464
104464
104464
104464
104464
104464
104464
104464
104464
104464
104465
104465
104465
104465
104465
104465
104465
104465
104465
104465
104465
104466
104466
104466
104466
104466
104466
104466
104466
104466
104466
104466
104467
104467
104467
104467
104467
104467
104467
104467
104467
104467
104467
104468
104468
104468
104468
104468
104468
104468
104468
104468
104468
104468
104468
104468
104469
104469
104469
104469
104469
104469
104469
104469
104469
104469
104469
104469
104469
104469
104469
104469
104469
104469
104469
104470
104470
104470
104470
104470
104470
104470
104470
104470
104470
104470
104470
104470
104470
104470
104470
104470
104470
104470
104470
104470
104470
104470
104470
104470
104470
104470
104470
104470
104469
104469
104469
104469
104469
104469
104469
104469
104469
104469
104469
104469
104469
104469
104469
104469
104469
104469
104469
104469
104468
104468
104468
104468
104468
104468
104468
104468
104468
104468
104468
104468
104467
104467
104467
104467
104467
104467
104467
104467
104467
104467
104467
104467
104466
104466
104466
104466
104466
104466
104466
104466
104466
104466
104465
104465
104465
104465
104465
104465
104465
104465
104465
104465
104464
104464
104464
104464
104464
104464
104464
104464
104464
104464
104464
104464
104463
104463
104463
104463
104463
104463
104463
104463
104463
104463
104463
104463
104463
104462
104462
104462
104462
104462
104462
104462
104462
104462
104462
104462
104462
104462
104462
104462
104462
104462
104462
104462
104462
104461
104461
104461
104461
104461
104461
104461
104461
104461
104461
104461
104461
104461
104461
104461
104461
104461
104461
104461
104461
104461
104461
104461
104461
104461
104461
104461
104461
104461
104461
104461
104461
104461
104462
104462
104462
104462
104462
104462
104462
104462
104462
104462
104462
104462
104462
104462
104462
104462
104462
104462
104462
104462
104462
104463
104463
104463
104463
104463
104463
104463
104463
104463
104463
104463
104463
104463
104463
104463
104464
104464
104464
104464
104464
104464
104464
104464
104464
104464
104464
104464
104464
104464
104465
104465
104465
104465
104465
104465
104465
104465
104465
104465
104465
104465
104465
104466
104466
104466
104466
104466
104466
104466
104466
104466
104466
104466
104466
104466
104466
104466
104467
104467
104467
104467
104467
104467
104467
104467
104467
104467
104467
104467
104467
104467
104467
104467
104467
104467
104467
104468
104468
104468
104468
104468
104468
104468
104468
104468
104468
104468
104468
104468
104468
104468
104468
104468
104468
104468
104468
104468
104468
104468
104468
104468
104468
104468
104468
104468
104468
104468
104468
104468
104468
104468
104468
104468
104468
104468
104468
104468
104468
104468
104468
104468
104468
104468
104468
104468
104468
104468
104468
104467
104467
104467
104467
104467
104467
104467
104467
104467
104467
104467
104467
104467
104467
104467
104467
104467
104467
104467
104467
104467
104467
104467
104466
104466
104466
104466
104466
104466
104466
104466
104466
104466
104466
104466
104466
104466
104466
104466
104466
104466
104465
104465
104465
104465
104465
104465
104465
104465
104465
104465
104465
104465
104465
104465
104465
104465
104465
104465
104465
104465
104465
104465
104465
104464
104464
104464
104464
104464
104464
104464
104464
104464
104464
104464
104464
104464
104464
104464
104464
104464
104464
104464
104464
104464
104464
104464
104464
104464
104464
104464
104464
104464
104464
104464
104464
104464
104464
104464
104464
104464
104464
104464
104464
104464
104464
104464
104464
104464
104464
104464
104464
104464
104464
104464
104464
104464
104464
104465
104465
104465
104465
104465
104465
104465
104465
104465
104465
104465
104465
104465
104465
104465
104465
104465
104465
104465
104465
104465
104466
104466
104466
104466
104466
104466
104466
104466
104466
104466
104466
104466
104466
104466
104466
104466
104466
104467
104467
104467
104467
104467
104467
104467
104467
104467
104467
104467
104467
104467
104467
104467
104467
104467
104467
104468
104468
104468
104468
104468
104468
104468
104468
104468
104468
104468
104468
104468
104468
104468
104468
104468
104468
104468
104468
104468
104468
104468
104468
104468
104468
104468
104469
104469
104469
104469
104469
104469
104469
104469
104469
104469
104469
104469
104469
104469
104469
104469
104469
104469
104469
104469
104469
104469
104469
104469
104469
104469
104468
104468
104468
104468
104468
104468
104468
104468
104468
104468
104468
104468
104468
104468
104468
104468
104468
104468
104468
104468
104468
104468
104468
104468
104468
104467
104467
104467
104467
104467
104467
104467
104467
104467
104467
104467
104467
104467
104467
104467
104467
104466
104466
104466
104466
104466
104466
104466
104466
104466
104466
104466
104466
104466
104465
104465
104465
104465
104465
104465
104465
104465
104465
104465
104465
104465
104465
104464
104464
104464
104464
104464
104464
104464
104464
104464
104464
104464
104464
104464
104464
104463
104463
104463
104463
104463
104463
104463
104463
104463
104463
104463
104463
104463
104463
104463
104463
104462
104462
104462
104462
104462
104462
104462
104462
104462
104462
104462
104462
104462
104462
104462
104462
104462
104462
104462
104462
104462
104462
104462
104462
104462
104462
104462
104462
104462
104462
104462
104462
104462
104462
104462
104462
104462
104462
104462
104462
104462
104462
104462
104462
104462
104462
104462
104462
104462
104462
104462
104462
104462
104462
104462
104462
104462
104462
104462
104462
104462
104462
104462
104462
104462
104462
104462
104463
104463
104463
104463
104463
104463
104463
104463
104463
104463
104463
104463
104463
104463
104463
104463
104463
104464
104464
104464
104464
104464
104464
104464
104464
104464
104464
104464
104464
104464
104464
104464
104465
104465
104465
104465
104465
104465
104465
104465
104465
104465
104465
104465
104465
104466
104466
104466
104466
104466
104466
104466
104466
104466
104466
104466
104466
104466
104466
104466
104467
104467
104467
104467
104467
104467
104467
104467
104467
104467
104467
104467
104467
104467
104467
104467
104467
104467
104467
104467
104468
104468
104468
104468
104468
104468
104468
104468
104468
104468
104468
104468
104468
104468
104468
104468
104468
104468
104468
104468
104468
104468
104468
104468
104468
104468
104468
104468
104468
104468
104468
104468
104468
104468
104468
104468
104468
104468
104468
104468
104468
104468
104468
104468
104468
104468
104468
104468
104468
104468
104468
104468
104468
104468
104468
104468
104468
104468
104467
104467
104467
104467
104467
104467
104467
104467
104467
104467
104467
104467
104467
104467
104467
104467
104467
104467
104467
104467
104467
104467
104467
104466
104466
104466
104466
104466
104466
104466
104466
104466
104466
104466
104466
104466
104466
104466
104466
104466
104466
104466
104466
104466
104465
104465
104465
104465
104465
104465
104465
104465
104465
104465
104465
104465
104465
104465
104465
104465
104465
104465
104465
104465
104465
104465
104465
104465
104465
104465
104465
104464
104464
104464
104464
104464
104464
104464
104464
104464
104464
104464
104464
104464
104464
104464
104464
104464
104464
104464
104464
104464
104464
104464
104464
104464
104464
104464
104464
104464
104464
104464
104464
104464
104464
104464
104464
104464
104464
104464
104464
104464
104464
104464
104464
104464
104464
104464
104465
104465
104465
104465
104465
104465
104465
104465
104465
104465
104465
104465
104465
104465
104465
104465
104465
104465
104465
104465
104465
104465
104465
104465
104465
104465
104465
104465
104465
104466
104466
104466
104466
104466
104466
104466
104466
104466
104466
104466
104466
104466
104466
104466
104466
104466
104466
104466
104466
104466
104466
104466
104466
104467
104467
104467
104467
104467
104467
104467
104467
104467
104467
104467
104467
104467
104467
104467
104467
104467
104467
104467
104467
104467
104467
104467
104467
104467
104467
104467
104467
104467
104467
104467
104467
104467
104467
104467
104467
104468
104468
104468
104468
104468
104468
104468
104468
104468
104468
104468
104468
104468
104468
104468
104468
104468
104468
104468
104468
104468
104468
104468
104468
104467
104467
104467
104467
104467
104467
104467
104467
104467
104467
104467
104467
104467
104467
104467
104467
104467
104467
104467
104467
104467
104467
104467
104467
104467
104467
104467
104467
104467
104467
104467
104467
104467
104467
104467
104467
104466
104466
104466
104466
104466
104466
104466
104466
104466
104466
104466
104466
104466
104466
104466
104466
104466
104466
104466
104466
104466
104466
104465
104465
104465
104465
104465
104465
104465
104465
104465
104465
104465
104465
104465
104465
104465
104465
104465
104465
104465
104465
104465
104465
104465
104464
104464
104464
104464
104464
104464
104464
104464
104464
104464
104464
104464
104464
104464
104464
104464
104464
104464
104464
104464
104464
104464
104464
104464
104464
104464
104464
104464
104464
104464
104463
104463
104463
104463
104463
104463
104463
104463
104463
104463
104463
104463
104463
104463
104463
104463
104463
104463
104463
104463
104463
104463
104463
104463
104463
104463
104463
104463
104463
104463
104463
104463
104463
104463
104463
104463
104463
104463
104463
104463
104463
104463
104463
104463
104463
104463
104463
104463
104463
104463
104463
104463
104463
104464
104464
104464
104464
104464
104464
104464
104464
104464
104464
104464
104464
104464
104464
104464
104464
104464
104464
104464
104464
104464
104464
104464
104464
104464
104464
104464
104464
104464
104464
104464
104464
104464
104465
104465
104465
104465
104465
104465
104465
104465
104465
104465
104465
104465
104465
104465
104465
104465
104465
104465
104465
104465
104465
104465
104465
104465
104465
104465
104465
104465
104466
104466
104466
104466
104466
104466
104466
104466
104466
104466
104466
104466
104466
104466
104466
104466
104466
104466
104466
104466
104466
104466
104466
104466
104466
104466
104466
104466
104466
104466
104466
104466
104466
104466
104466
104466
104466
104466
104466
104466
104466
104466
104466
104466
104466
104466
104466
104466
104466
104466
104466
104466
104466
104466
104466
104466
104466
104466
104466
104466
104466
104466
104466
104466
104466
104466
104466
104466
104466
104466
104466
104466
104466
104466
104466
104466
104466
104466
104466
104466
104466
104466
104466
104466
104466
104466
104466
104466
104466
104466
104466
104466
104466
104466
104466
104466
104466
104466
104466
104466
104466
104466
104466
104466
104466
104466
104466
104466
104466
104466
104466
104466
104466
104466
104466
104466
104466
104466
104466
104465
104465
104465
104465
104465
104465
104465
104465
104465
104465
104465
104465
104465
104465
104465
104465
104465
104465
104465
104465
104465
104465
104465
104465
104465
104465
104465
104465
104465
104465
104465
104465
104465
104465
104465
104465
104465
104465
104465
104465
104465
104465
104465
104465
104465
104465
104465
104465
104465
104465
104465
104465
104465
104465
104465
104465
104465
104465
104466
104466
104466
104466
104466
104466
104466
104466
104466
104466
104466
104466
104466
104466
104466
104466
104466
104466
104466
104466
104466
104466
104466
104466
104466
104466
104466
104466
104466
104466
104466
104466
104466
104466
104466
104466
104467
104467
104467
104467
104467
104467
104467
104467
104467
104467
104467
104467
104467
104467
104467
104467
104467
104467
104467
104467
104467
104467
104467
104467
104467
104467
104467
104467
104467
104467
104467
104467
104467
104467
104467
104467
104467
104467
104468
104468
104468
104468
104468
104468
104468
104468
104468
104468
104468
104468
104468
104468
104468
104468
104468
104468
104468
104468
104468
104468
104468
104468
104468
104468
104468
104468
104468
104468
104468
104468
104468
104468
104468
104467
104467
104467
104467
104467
104467
104467
104467
104467
104467
104467
104467
104467
104467
104467
104467
104467
104467
104467
104467
104467
104467
104467
104467
104467
104467
104467
104467
104467
104467
104467
104466
104466
104466
104466
104466
104466
104466
104466
104466
104466
104466
104466
104466
104466
104466
104466
104466
104466
104466
104466
104465
104465
104465
104465
104465
104465
104465
104465
104465
104465
104465
104465
104465
104465
104465
104465
104465
104465
104465
104464
104464
104464
104464
104464
104464
104464
104464
104464
104464
104464
104464
104464
104464
104464
104464
104464
104464
104464
104464
104464
104463
104463
104463
104463
104463
104463
104463
104463
104463
104463
104463
104463
104463
104463
104463
104463
104463
104463
104463
104463
104463
104463
104463
104463
104463
104463
104463
104463
104463
104463
104463
104463
104463
104463
104463
104463
104463
104463
104463
104463
104463
104463
104463
104463
104463
104463
104463
104463
104463
104463
104463
104463
104463
104463
104463
104463
104463
104463
104463
104463
104463
104463
104463
104463
104463
104463
104463
104463
104463
104463
104463
104463
104463
104463
104463
104463
104464
104464
104464
104464
104464
104464
104464
104464
104464
104464
104464
104464
104464
104464
104464
104464
104464
104464
104464
104464
104464
104464
104465
104465
104465
104465
104465
104465
104465
104465
104465
104465
104465
104465
104465
104465
104465
104465
104465
104465
104465
104465
104466
104466
104466
104466
104466
104466
104466
104466
104466
104466
104466
104466
104466
104466
104466
104466
104466
104466
104466
104466
104466
104466
104466
104467
104467
104467
104467
104467
104467
104467
104467
104467
104467
104467
104467
104467
104467
104467
104467
104467
104467
104467
104467
104467
104467
104467
104467
104467
104467
104467
104467
104467
104467
104467
104467
104467
104467
104467
104467
104467
104467
104467
104467
104467
104467
104467
104467
104467
104467
104467
104467
104467
104467
104467
104467
104467
104467
104467
104467
104467
104467
104467
104467
104467
104467
104467
104467
104467
104467
104467
104467
104467
104467
104467
104467
104467
104467
104467
104467
104466
104466
104466
104466
104466
104466
104466
104466
104466
104466
104466
104466
104466
104466
104466
104466
104466
104466
104466
104466
104466
104466
104466
104466
104466
104466
104466
104465
104465
104465
104465
104465
104465
104465
104465
104465
104465
104465
104465
104465
104465
104465
104465
104465
104465
104465
104465
104465
104465
104465
104465
104465
104465
104465
104465
104465
104465
104464
104464
104464
104464
104464
104464
104464
104464
104464
104464
104464
104464
104464
104464
104464
104464
104464
104464
104464
104464
104464
104464
104464
104464
104464
104464
104464
104464
104464
104464
104464
104464
104464
104464
104464
104464
104464
104464
104464
104464
104464
104464
104464
104464
104464
104464
104464
104464
104464
104464
104464
104464
104464
104465
104465
104465
104465
104465
104465
104465
104465
104465
104465
104465
104465
104465
104465
104465
104465
104465
104465
104465
104465
104465
104465
104465
104465
104465
104465
104465
104466
104466
104466
104466
104466
104466
104466
104466
104466
104466
104466
104466
104466
104466
104466
104466
104466
104466
104466
104466
104466
104467
104467
104467
104467
104467
104467
104467
104467
104467
104467
104467
104467
104467
104467
104467
104467
104467
104467
104467
104467
104467
104467
104468
104468
104468
104468
104468
104468
104468
104468
104468
104468
104468
104468
104468
104468
104468
104468
104468
104468
104468
104468
104468
104468
104468
104468
104468
104468
104468
104468
104468
104468
104468
104468
104468
104468
104468
104468
104468
104468
104468
104468
104468
104468
104468
104468
104468
104468
104468
104468
104468
104468
104468
104468
104468
104468
104468
104468
104468
104468
104468
104468
104468
104468
104468
104468
104468
104468
104468
104468
104468
104468
104468
104468
104468
104467
104467
104467
104467
104467
104467
104467
104467
104467
104467
104467
104467
104467
104467
104467
104467
104467
104467
104467
104466
104466
104466
104466
104466
104466
104466
104466
104466
104466
104466
104466
104466
104466
104466
104466
104465
104465
104465
104465
104465
104465
104465
104465
104465
104465
104465
104465
104465
104465
104465
104465
104464
104464
104464
104464
104464
104464
104464
104464
104464
104464
104464
104464
104464
104464
104464
104464
104464
104463
104463
104463
104463
104463
104463
104463
104463
104463
104463
104463
104463
104463
104463
104463
104463
104463
104463
104463
104463
104463
104463
104463
104463
104462
104462
104462
104462
104462
104462
104462
104462
104462
104462
104462
104462
104462
104462
104462
104462
104462
104462
104462
104462
104462
104462
104462
104462
104462
104462
104462
104462
104462
104462
104462
104462
104462
104462
104462
104462
104462
104462
104462
104462
104462
104463
104463
104463
104463
104463
104463
104463
104463
104463
104463
104463
104463
104463
104463
104463
104463
104463
104463
104463
104463
104463
104463
104463
104463
104463
104463
104464
104464
104464
104464
104464
104464
104464
104464
104464
104464
104464
104464
104464
104464
104464
104464
104464
104464
104464
104465
104465
104465
104465
104465
104465
104465
104465
104465
104465
104465
104465
104465
104465
104465
104465
104465
104465
104466
104466
104466
104466
104466
104466
104466
104466
104466
104466
104466
104466
104466
104466
104466
104466
104466
104466
104466
104466
104466
104467
104467
104467
104467
104467
104467
104467
104467
104467
104467
104467
104467
104467
104467
104467
104467
104467
104467
104467
104467
104467
104467
104467
104467
104467
104467
104467
104467
104467
104467
104467
104467
104467
104467
104467
104467
104467
104467
104467
104467
104467
104467
104467
104467
104467
104467
104467
104467
104467
104467
104467
104467
104467
104467
104467
104467
104467
104467
104467
104467
104467
104467
104467
104467
104467
104467
104467
104467
104467
104467
104467
104467
104467
104467
104467
104467
104467
104467
104467
104467
104467
104467
104467
104467
104467
104467
104467
104467
104467
104467
104467
104467
104466
104466
104466
104466
104466
104466
104466
104466
104466
104466
104466
104466
104466
104466
104466
104466
104466
104466
104466
104466
104466
104466
104466
104466
104466
104466
104466
104466
104466
104466
104465
104465
104465
104465
104465
104465
104465
104465
104465
104465
104465
104465
104465
104465
104465
104465
104465
104465
104465
104465
104465
104465
104465
104465
104465
104465
104465
104465
104465
104465
104465
104465
104465
104465
104465
104465
104465
104465
104465
104465
104465
104465
104465
104465
104465
104465
104465
104465
104465
104465
104465
104465
104465
104465
104465
104465
104465
104465
104465
104465
104465
104465
104465
104465
104465
104465
104465
104465
104465
104465
104465
104465
104465
104465
104465
104465
104465
104465
104465
104465
104465
104465
104465
104465
104465
104465
104465
104465
104465
104465
104465
104465
104465
104465
104466
104466
104466
104466
104466
104466
104466
104466
104466
104466
104466
104466
104466
104466
104466
104466
104466
104466
104466
104466
104466
104466
104466
104466
104466
104466
104466
104466
104466
104466
104466
104466
104466
104467
104467
104467
104467
104467
104467
104467
104467
104467
104467
104467
104467
104467
104467
104467
104467
104467
104467
104467
104467
104467
104467
104467
104467
104467
104467
104467
104467
104467
104467
104467
104467
104467
104467
104467
104467
104467
104467
104467
104467
104467
104467
104467
104467
104467
104467
104467
104467
104467
104467
104467
104467
104467
104467
104467
104467
104467
104467
104467
104467
104467
104467
104467
104467
104467
104467
104467
104467
104467
104467
104467
104467
104467
104467
104467
104467
104467
104467
104467
104467
104466
104466
104466
104466
104466
104466
104466
104466
104466
104466
104466
104466
104466
104466
104466
104466
104466
104466
104466
104466
104466
104466
104466
104466
104466
104466
104466
104466
104465
104465
104465
104465
104465
104465
104465
104465
104465
104465
104465
104465
104465
104465
104465
104465
104465
104465
104465
104465
104465
104465
104465
104465
104465
104465
104464
104464
104464
104464
104464
104464
104464
104464
104464
104464
104464
104464
104464
104464
104464
104464
104464
104464
104464
104464
104464
104464
104464
104464
104464
104464
104464
104464
104464
104464
104464
104464
104464
104464
104464
104464
104464
104464
104464
104464
104464
104464
104464
104464
104464
104464
104464
104464
104464
104464
104464
104464
104464
104464
104464
104464
104464
104464
104464
104464
104464
104464
104464
104464
104464
104464
104464
104464
104464
104464
104464
104464
104464
104464
104464
104464
104464
104464
104464
104464
104464
104464
104464
104464
104464
104464
104464
104464
104464
104464
104464
104464
104464
104464
104464
104464
104464
104464
104464
104464
104464
104464
104464
104464
104464
104464
104464
104465
104465
104465
104465
104465
104465
104465
104465
104465
104465
104465
104465
104465
104465
104465
104465
104465
104465
104465
104465
104465
104465
104465
104465
104465
104465
104465
104465
104465
104465
104465
104465
104465
104466
104466
104466
104466
104466
104466
104466
104466
104466
104466
104466
104466
104466
104466
104466
104466
104466
104466
104466
104466
104466
104466
104466
104466
104466
104466
104466
104466
104466
104466
104466
104466
104466
104466
104466
104466
104466
104466
104466
104466
104466
104466
104466
104466
104466
104466
104466
104466
104466
104466
104466
104466
104466
104466
104466
104466
104466
104466
104466
104466
104466
104466
104466
104466
104466
104466
104466
104466
104466
104466
104466
104466
104466
104466
104466
104466
104466
104466
104466
104466
104466
104466
104466
104466
104466
104466
104466
104466
104466
104466
104466
104466
104466
104466
104466
104466
104466
104466
104466
104466
104466
104466
104466
104466
104466
104466
104466
104466
104466
104466
104466
104466
104466
104466
104466
104466
104466
104466
104466
104466
104466
104466
104466
104466
104466
104465
104465
104465
104465
104465
104465
104465
104465
104465
104465
104465
104465
104465
104465
104465
104465
104465
104465
104465
104465
104465
104465
104465
104465
104465
104465
104465
104465
104465
104465
104465
104465
104465
104465
104465
104465
104465
104465
104465
104465
104465
104465
104465
104465
104465
104465
104465
104465
104465
104465
104465
104465
104465
104465
104465
104465
104465
104465
104466
104466
104466
104466
104466
104466
104466
104466
104466
104466
104466
104466
104466
104466
104466
104466
104466
104466
104466
104466
104466
104466
104466
104466
104466
104466
104466
104466
104466
104466
104466
104466
104466
104466
104466
104466
104466
104466
104466
104466
104466
104466
104466
104466
104466
104466
104467
104467
104467
104467
104467
104467
104467
104467
104467
104467
104467
104467
104467
104467
104467
104467
104467
104467
104467
104467
104467
104467
104467
104467
104467
104467
104467
104467
104467
104467
104467
104467
104467
104467
104467
104467
104467
104467
104467
104467
104467
104467
104467
104467
104467
104467
104467
104467
104467
104467
104467
104467
104467
104467
104467
104467
104467
104467
104467
104467
104467
104467
104467
104467
104467
104467
104467
104467
104467
104467
104467
104467
104467
104467
104467
104467
104467
104467
104467
104467
104467
104467
104467
104467
104467
104467
104467
104467
104467
104467
104466
104466
104466
104466
104466
104466
104466
104466
104466
104466
104466
104466
104466
104466
104466
104466
104466
104466
104466
104466
104466
104466
104466
104466
104466
104466
104466
104466
104466
104466
104465
104465
104465
104465
104465
104465
104465
104465
104465
104465
104465
104465
104465
104465
104465
104465
104465
104465
104465
104465
104465
104465
104465
104465
104465
104465
104465
104464
104464
104464
104464
104464
104464
104464
104464
104464
104464
104464
104464
104464
104464
104464
104464
104464
104464
104464
104464
104464
104464
104464
104464
104464
104464
104464
104464
104464
104464
104464
104464
104464
104464
104464
104464
104464
104464
104464
104464
104464
104463
104463
104463
104463
104463
104463
104463
104463
104463
104463
104463
104463
104463
104463
104463
104463
104463
104463
104463
104463
104463
104463
104463
104463
104463
104463
104463
104463
104463
104463
104463
104463
104464
104464
104464
104464
104464
104464
104464
104464
104464
104464
104464
104464
104464
104464
104464
104464
104464
104464
104464
104464
104464
104464
104464
104464
104464
104464
104464
104464
104464
104464
104464
104464
104464
104464
104464
104464
104464
104464
104464
104464
104464
104464
104464
104464
104465
104465
104465
104465
104465
104465
104465
104465
104465
104465
104465
104465
104465
104465
104465
104465
104465
104465
104465
104465
104465
104465
104465
104465
104465
104465
104465
104465
104465
104465
104465
104466
104466
104466
104466
104466
104466
104466
104466
104466
104466
104466
104466
104466
104466
104466
104466
104466
104466
104466
104466
104466
104466
104466
104466
104466
104466
104466
104466
104466
104466
104466
104466
104466
104466
104466
104466
104466
104466
104466
104466
104466
104466
104466
104466
104466
104466
104466
104467
104467
104467
104467
104467
104467
104467
104467
104467
104467
104467
104467
104467
104467
104467
104467
104467
104467
104467
104467
104467
104467
104467
104467
104467
104467
104467
104467
104467
104467
104467
104467
104467
104467
104467
104467
104466
104466
104466
104466
104466
104466
104466
104466
104466
104466
104466
104466
104466
104466
104466
104466
104466
104466
104466
104466
104466
104466
104466
104466
104466
104466
104466
104466
104466
104466
104466
104466
104466
104466
104466
104466
104466
104466
104466
104466
104466
104466
104466
104466
104466
104466
104466
104466
104466
104466
104466
104466
104466
104466
104466
104466
104466
104466
104466
104466
104466
104466
104466
104466
104466
104466
104466
104466
104466
104466
104466
104466
104466
104466
104465
104465
104465
104465
104465
104465
104465
104465
104465
104465
104465
104465
104465
104465
104465
104465
104465
104465
104465
104465
104465
104465
104465
104465
104465
104465
104465
104465
104465
104465
104465
104465
104465
104465
104465
104465
104465
104465
104465
104465
104465
104466
104466
104466
104466
104466
104466
104466
104466
104466
104466
104466
104466
104466
104466
104466
104466
104466
104466
104466
104466
104466
104466
104466
104466
104466
104466
104466
104466
104466
104466
104466
104466
104466
104466
104466
104466
104466
104466
104466
104466
104466
104466
104466
104466
104466
104466
104466
104466
104466
104466
104466
104466
104466
104466
104466
104466
104466
104466
104466
104466
104466
104466
104466
104466
104466
104466
104466
104466
104466
104466
104466
104466
104466
104466
104466
104466
104466
104466
104466
104466
104466
104466
104466
104466
104466
104466
104466
104466
104466
104466
104466
104466
104466
104466
104466
104466
104466
104466
104466
104466
104466
104466
104466
104466
104466
104466
104466
104466
104466
104466
104466
104466
104466
104466
104466
104466
104466
104466
104466
104466
104466
104466
104466
104466
104466
104466
104466
104466
104466
104466
104466
104466
104466
104466
104466
104466
104466
104466
104466
104466
104466
104466
104466
104466
104466
104466
104466
104466
104466
104466
104466
104466
104466
104466
104466
104466
104466
104466
104466
104466
104466
104466
104465
104465
104465
104465
104465
104465
104465
104465
104465
104465
104465
104465
104465
104465
104465
104465
104465
104465
104465
104465
104465
104465
104465
104465
104465
104465
104465
104465
104465
104465
104465
104465
