
Objective value: 
5065.79
89545.5
97438.9
93553
95581.7
97744.8
99022.9
99863.5
100444
100908
101331
101774
102282
102876
103545
104256
104964
105630
106217
106697
107048
107261
107335
107281
107118
106871
106569
106241
105911
105601
105326
105096
104916
104788
104711
104682
104691
104732
104794
104869
104950
105030
105103
105167
105217
105250
105267
105265
105248
105218
105180
105137
105092
105048
105005
104964
104927
104891
104859
104832
104809
104793
104784
104782
104787
104796
104808
104820
104830
104835
104836
104831
104821
104807
104789
104767
104741
104713
104681
104647
104612
104577
104542
104509
104480
104454
104432
104414
104400
104390
104383
104379
104379
104382
104388
104397
104408
104421
104435
104449
104462
104473
104482
104489
104492
104492
104489
104483
104473
104462
104449
104434
104419
104403
104387
104372
104357
104343
104329
104315
104300
104286
104270
104253
104234
104214
104193
104171
104148
104126
104105
104086
104069
104054
104043
104035
104030
104030
104032
104039
104049
104062
104077
104095
104114
104135
104155
104176
104196
104214
104231
104246
104258
104269
104277
104282
104286
104287
104286
104284
104280
104275
104268
104260
104252
104242
104233
104223
104213
104203
104194
104185
104177
104170
104164
104159
104155
104152
104150
104148
104146
104145
104143
104141
104138
104135
104131
104127
104122
104117
104111
104104
104098
104091
104084
104077
104071
104065
104059
104054
104049
104046
104043
104041
104040
104040
104041
104043
104045
104049
104053
104057
104062
104067
104073
104079
104084
104089
104094
104099
104103
104106
104109
104110
104111
104110
104109
104106
104102
104097
104090
104083
104075
104065
104054
104043
104031
104018
104005
103991
103977
103963
103948
103934
103920
103907
103893
103881
103869
103858
103848
103839
103831
103824
103818
103814
103811
103809
103808
103809
103810
103813
103816
103820
103824
103829
103833
103838
103842
103846
103849
103852
103853
103854
103854
103852
103850
103846
103841
103836
103829
103822
103814
103805
103796
103786
103776
103766
103755
103744
103734
103724
103714
103704
103694
103686
103677
103669
103662
103655
103649
103644
103639
103635
103631
103628
103626
103624
103623
103622
103621
103621
103622
103622
103623
103625
103626
103628
103630
103632
103634
103636
103638
103640
103641
103642
103643
103644
103644
103644
103643
103641
103639
103637
103634
103630
103627
103622
103617
103612
103607
103601
103594
103588
103581
103573
103566
103558
103550
103542
103534
103526
103518
103510
103501
103493
103485
103477
103469
103462
103455
103448
103441
103435
103429
103423
103418
103414
103410
103406
103404
103401
103400
103399
103398
103398
103399
103400
103402
103404
103407
103410
103413
103417
103421
103426
103430
103435
103440
103444
103449
103454
103459
103463
103468
103472
103477
103481
103485
103489
103493
103497
103501
103504
103508
103511
103515
103518
103522
103526
103529
103533
103537
103540
103544
103548
103552
103555
103559
103563
103566
103570
103573
103576
103579
103582
103584
103586
103588
103589
103590
103591
103591
103590
103589
103587
103585
103583
103580
103576
103572
103567
103562
103557
103551
103544
103537
103530
103522
103514
103505
103496
103487
103478
103469
103459
103449
103439
103430
103420
103410
103400
103391
103382
103373
103364
103356
103348
103340
103333
103327
103321
103316
103311
103307
103303
103301
103299
103297
103297
103297
103298
103300
103303
103306
103310
103315
103321
103327
103335
103343
103351
103361
103371
103381
103392
103404
103416
103429
103441
103454
103468
103481
103495
103508
103521
103535
103548
103561
103573
103586
103598
103609
103621
103631
103642
103652
103662
103671
103680
103688
103696
103704
103711
103718
103725
103731
103737
103743
103749
103754
103759
103763
103768
103772
103776
103779
103783
103786
103789
103792
103795
103798
103800
103803
103805
103807
103809
103811
103813
103815
103817
103819
103820
103822
103824
103825
103827
103829
103830
103831
103832
103834
103834
103835
103836
103836
103836
103836
103836
103835
103834
103833
103832
103830
103828
103825
103822
103819
103815
103812
103807
103803
103798
103793
103788
103782
103776
103770
103764
103757
103751
103744
103737
103730
103723
103716
103709
103702
103695
103688
103681
103674
103667
103660
103653
103647
103640
103634
103627
103621
103615
103609
103604
103598
103593
103587
103582
103577
103572
103567
103562
103558
103553
103549
103545
103541
103537
103533
103529
103526
103522
103519
103516
103513
103511
103508
103506
103505
103503
103502
103501
103500
103500
103500
103501
103501
103503
103504
103506
103509
103512
103515
103518
103522
103526
103530
103535
103540
103545
103550
103555
103560
103566
103571
103576
103580
103585
103589
103593
103597
103600
103603
103606
103608
103609
103611
103612
103612
103612
103612
103611
103610
103608
103607
103604
103602
103599
103596
103593
103590
103587
103583
103579
103575
103571
103567
103563
103559
103555
103551
103547
103543
103539
103536
103532
103528
103525
103522
103519
103516
103513
103511
103509
103507
103505
103503
103501
103500
103499
103498
103497
103497
103496
103496
103496
103496
103496
103496
103496
103497
103497
103498
103498
103499
103499
103500
103500
103501
103501
103501
103502
103502
103502
103502
103502
103501
103501
103500
103500
103499
103498
103497
103495
103494
103492
103490
103489
103487
103485
103482
103480
103478
103475
103473
103470
103468
103465
103462
103460
103457
103454
103452
103449
103446
103444
103441
103439
103437
103434
103432
103430
103428
103426
103424
103422
103421
103419
103418
103417
103415
103414
103414
103413
103412
103412
103412
103412
103412
103412
103413
103414
103414
103416
103417
103418
103420
103422
103424
103426
103429
103431
103434
103437
103440
103443
103447
103450
103454
103457
103461
103465
103468
103472
103475
103479
103482
103485
103488
103491
103493
103496
103498
103499
103501
103502
103503
103504
103504
103504
103504
103503
103503
103502
103501
103499
103498
103496
103494
103492
103490
103488
103486
103484
103482
103480
103478
103476
103474
103472
103470
103469
103467
103466
103465
103464
103464
103463
103463
103463
103464
103464
103465
103466
103468
103470
103471
103474
103476
103479
103482
103485
103488
103492
103496
103500
103504
103508
103512
103517
103521
103526
103531
103536
103541
103546
103551
103556
103562
103567
103572
103578
103583
103589
103595
103601
103606
103612
103618
103625
103631
103637
103644
103650
103657
103664
103671
103678
103686
103693
103701
103709
103716
103724
103733
103741
103749
103758
103766
103774
103783
103791
103799
103807
103815
103823
103831
103838
103845
103851
103857
103863
103868
103873
103877
103881
103884
103887
103889
103890
103891
103891
103890
103889
103887
103885
103882
103879
103875
103870
103865
103860
103854
103847
103840
103833
103825
103817
103808
103799
103790
103781
103771
103761
103751
103740
103729
103718
103707
103696
103685
103673
103662
103650
103638
103626
103614
103602
103590
103578
103567
103555
103543
103531
103519
103508
103496
103485
103473
103462
103451
103440
103430
103419
103409
103399
103390
103380
103371
103363
103354
103346
103339
103331
103325
103318
103312
103307
103302
103298
103294
103291
103288
103286
103285
103284
103284
103285
103287
103289
103292
103296
103301
103306
103312
103320
103328
103337
103347
103358
103370
103382
103396
103411
103426
103443
103460
103478
103496
103516
103535
103556
103576
103597
103618
103638
103659
103679
103699
103718
103737
103754
103771
103787
103802
103817
103830
103842
103853
103863
103872
103880
103887
103893
103899
103903
103906
103909
103911
103912
103913
103912
103911
103910
103908
103905
103902
103898
103893
103888
103883
103877
103871
103864
103857
103849
103841
103833
103824
103815
103806
103796
103787
103776
103766
103755
103744
103733
103722
103710
103699
103687
103675
103663
103651
103638
103626
103614
103602
103590
103577
103565
103554
103542
103530
103519
103508
103497
103486
103476
103466
103456
103447
103438
103430
103422
103414
103407
103401
103394
103389
103384
103379
103375
103372
103369
103366
103364
103363
103362
103362
103363
103364
103365
103367
103370
103373
103376
103380
103385
103390
103395
103401
103407
103413
103420
103427
103434
103441
103449
103457
103464
103472
103480
103488
103496
103504
103512
103519
103527
103535
103542
103549
103556
103563
103570
103577
103583
103589
103595
103601
103607
103613
103618
103623
103628
103633
103638
103642
103647
103651
103655
103659
103663
103667
103670
103674
103677
103680
103683
103686
103689
103692
103695
103697
103700
103702
103704
103706
103708
103710
103712
103713
103715
103716
103717
103719
103720
103720
103721
103722
103722
103722
103722
103722
103722
103722
103721
103720
103720
103719
103717
103716
103714
103713
103711
103709
103706
103704
103701
103699
103696
103693
103690
103686
103683
103679
103675
103671
103667
103663
103659
103654
103650
103645
103641
103636
103631
103627
103622
103617
103612
103607
103602
103597
103593
103588
103583
103579
103574
103570
103565
103561
103557
103553
103550
103546
103543
103540
103537
103534
103532
103530
103528
103527
103525
103525
103524
103524
103524
103525
103525
103527
103528
103530
103533
103536
103539
103543
103547
103551
103556
103561
103567
103573
103579
103586
103593
103600
103607
103615
103623
103631
103639
103647
103655
103663
103672
103680
103688
103695
103703
103710
103717
103724
103731
103737
103742
103748
103752
103757
103761
103764
103767
103770
103772
103773
103774
103775
103775
103775
103774
103773
103771
103769
103767
103764
103761
103757
103754
103749
103745
103740
103735
103729
103723
103717
103711
103704
103698
103691
103683
103676
103668
103661
103653
103645
103636
103628
103620
103611
103603
103594
103585
103576
103568
103559
103550
103541
103533
103524
103515
103507
103498
103490
103482
103474
103466
103458
103451
103443
103436
103429
103422
103416
103410
103404
103398
103393
103388
103383
103379
103375
103371
103368
103365
103362
103360
103358
103357
103356
103355
103355
103356
103357
103358
103360
103362
103365
103369
103373
103377
103382
103388
103394
103400
103408
103415
103424
103433
103442
103452
103462
103473
103485
103497
103509
103522
103535
103549
103563
103577
103591
103605
103620
103634
103649
103663
103677
103691
103705
103718
103730
103742
103754
103765
103775
103785
103794
103802
103809
103816
103822
103827
103831
103835
103838
103840
103841
103842
103842
103841
103840
103838
103835
103832
103828
103824
103819
103814
103808
103802
103795
103788
103780
103773
103764
103756
103747
103738
103729
103719
103709
103699
103689
103678
103668
103657
103646
103635
103624
103613
103602
103591
103579
103568
103557
103546
103535
103524
103513
103502
103492
103481
103471
103461
103451
103441
103432
103423
103414
103405
103397
103389
103381
103373
103366
103360
103353
103347
103342
103337
103332
103327
103323
103320
103317
103314
103312
103310
103309
103308
103308
103308
103309
103310
103312
103314
103317
103320
103324
103328
103333
103339
103345
103352
103359
103367
103376
103385
103395
103405
103416
103428
103440
103453
103466
103480
103494
103509
103525
103541
103557
103573
103590
103607
103625
103642
103659
103676
103693
103710
103727
103743
103758
103773
103788
103802
103815
103827
103839
103849
103859
103868
103876
103884
103890
103896
103900
103904
103908
103910
103912
103913
103913
103912
103911
103909
103907
103904
103901
103897
103892
103888
103882
103877
103871
103864
103858
103851
103843
103836
103828
103820
103812
103804
103795
103787
103778
103770
103761
103752
103744
103735
103726
103718
103709
103701
103692
103684
103676
103668
103660
103653
103645
103638
103631
103624
103617
103610
103604
103598
103592
103586
103580
103575
103570
103565
103560
103555
103551
103546
103542
103538
103534
103530
103527
103523
103520
103517
103514
103511
103508
103505
103502
103500
103497
103495
103492
103490
103488
103485
103483
103481
103479
103478
103476
103474
103473
103471
103470
103469
103468
103467
103466
103465
103465
103465
103464
103464
103465
103465
103465
103466
103467
103468
103469
103471
103473
103475
103477
103479
103482
103485
103488
103491
103494
103498
103502
103506
103510
103514
103518
103523
103528
103532
103537
103542
103547
103552
103557
103562
103567
103572
103576
103581
103585
103590
103594
103598
103602
103605
103608
103611
103614
103616
103618
103620
103621
103622
103623
103623
103623
103623
103622
103621
103619
103618
103615
103613
103610
103607
103603
103599
103595
103591
103586
103581
103576
103570
103564
103559
103553
103546
103540
103533
103527
103520
103513
103506
103499
103492
103485
103478
103471
103464
103456
103450
103443
103436
103429
103423
103416
103410
103404
103398
103393
103387
103382
103378
103373
103369
103365
103361
103358
103355
103352
103350
103348
103347
103346
103345
103345
103345
103346
103347
103349
103351
103353
103356
103360
103363
103368
103372
103378
103383
103389
103396
103402
103410
103417
103425
103433
103441
103450
103459
103468
103477
103486
103495
103504
103513
103522
103531
103540
103548
103556
103564
103571
103578
103585
103591
103596
103601
103606
103610
103614
103617
103619
103621
103623
103624
103624
103624
103624
103623
103622
103620
103618
103615
103612
103608
103605
103601
103596
103591
103587
103581
103576
103570
103564
103558
103552
103546
103539
103533
103526
103520
103513
103506
103500
103493
103486
103480
103473
103467
103460
103454
103448
103442
103436
103430
103424
103419
103414
103409
103404
103399
103395
103391
103387
103383
103380
103377
103374
103371
103369
103367
103365
103363
103362
103361
103360
103360
103360
103360
103360
103361
103362
103363
103364
103366
103368
103371
103373
103376
103380
103383
103387
103391
103395
103400
103405
103410
103415
103421
103427
103433
103440
103446
103453
103461
103468
103476
103484
103492
103501
103510
103519
103528
103537
103547
103557
103567
103577
103587
103597
103608
103618
103629
103640
103650
103661
103671
103682
103692
103702
103712
103722
103732
103741
103750
103759
103767
103775
103782
103789
103795
103801
103806
103811
103815
103819
103822
103824
103826
103827
103828
103828
103827
103826
103824
103821
103818
103815
103811
103806
103801
103795
103789
103782
103775
103767
103759
103751
103742
103732
103723
103713
103702
103691
103680
103669
103657
103645
103633
103621
103608
103595
103582
103569
103556
103543
103529
103516
103503
103489
103476
103463
103449
103437
103424
103411
103399
103387
103375
103364
103352
103342
103331
103322
103312
103303
103295
103287
103279
103273
103266
103261
103255
103251
103247
103244
103241
103239
103238
103238
103238
103239
103241
103244
103248
103252
103258
103264
103271
103280
103289
103299
103311
103324
103337
103352
103368
103385
103404
103423
103444
103466
103489
103513
103538
103563
103590
103617
103644
103671
103699
103726
103753
103779
103805
103829
103852
103874
103895
103915
103933
103949
103965
103978
103991
104001
104011
104019
104026
104031
104036
104039
104041
104043
104043
104042
104041
104039
104036
104032
104028
104023
104017
104011
104004
103997
103990
103982
103974
103965
103956
103946
103937
103927
103917
103906
103896
103885
103874
103863
103851
103840
103828
103816
103805
103793
103781
103769
103757
103745
103733
103721
103709
103697
103685
103673
103662
103650
103638
103627
103615
103604
103593
103582
103571
103560
103549
103539
103529
103518
103509
103499
103490
103480
103471
103463
103454
103446
103438
103431
103423
103416
103410
103403
103397
103392
103386
103382
103377
103373
103369
103366
103363
103360
103358
103357
103355
103355
103354
103355
103355
103357
103358
103360
103363
103367
103370
103375
103380
103385
103391
103398
103405
103413
103421
103430
103439
103449
103460
103471
103483
103495
103507
103520
103534
103547
103562
103576
103591
103605
103620
103635
103650
103665
103680
103694
103708
103722
103735
103748
103760
103772
103783
103794
103803
103812
103820
103828
103835
103841
103846
103850
103854
103857
103859
103860
103861
103861
103860
103859
103857
103854
103851
103848
103844
103839
103834
103828
103822
103816
103809
103801
103794
103786
103778
103769
103760
103751
103742
103732
103723
103713
103703
103693
103682
103672
103661
103651
103640
103630
103619
103609
103598
103588
103578
103567
103557
103547
103538
103528
103519
103510
103501
103492
103483
103475
103467
103460
103452
103445
103439
103432
103426
103421
103415
103410
103406
103402
103398
103394
103391
103389
103387
103385
103384
103383
103382
103382
103382
103383
103384
103386
103388
103391
103393
103397
103400
103405
103409
103414
103420
103425
103432
103438
103445
103452
103460
103468
103476
103485
103494
103503
103512
103522
103532
103542
103552
103563
103574
103584
103595
103606
103617
103627
103638
103649
103660
103670
103681
103691
103701
103710
103720
103729
103738
103746
103754
103762
103769
103776
103782
103788
103793
103798
103803
103806
103810
103812
103814
103816
103817
103818
103818
103817
103816
103814
103812
103810
103806
103803
103799
103794
103789
103783
103777
103771
103764
103757
103750
103742
103733
103725
103716
103706
103697
103687
103677
103666
103656
103645
103634
103623
103611
103600
103588
103576
103564
103552
103540
103528
103516
103504
103492
103480
103468
103456
103444
103433
103421
103410
103399
103388
103378
103367
103357
103348
103338
103329
103321
103313
103305
103298
103291
103284
103278
103273
103268
103264
103260
103257
103254
103252
103250
103250
103250
103250
103251
103253
103256
103260
103264
103269
103275
103281
103289
103298
103307
103317
103329
103341
103355
103369
103385
103401
103419
103438
103457
103478
103500
103523
103547
103572
103597
103623
103650
103677
103704
103731
103758
103785
103811
103836
103861
103884
103907
103928
103948
103966
103984
103999
104013
104026
104037
104046
104054
104061
104066
104070
104073
104075
104076
104075
104073
104071
104067
104063
104058
104052
104045
104038
104030
104021
104012
104002
103992
103981
103970
103958
103946
103933
103920
103907
103893
103879
103865
103851
103836
103821
103805
103790
103774
103759
103743
103727
103711
103695
103679
103662
103646
103630
103614
103599
103583
103567
103552
103537
103522
103508
103493
103479
103466
103453
103440
103428
103416
103404
103393
103382
103372
103363
103354
103345
103337
103329
103322
103316
103310
103305
103300
103296
103292
103289
103287
103285
103284
103284
103284
103285
103287
103289
103292
103296
103300
103306
103312
103318
103326
103335
103344
103354
103366
103378
103391
103405
103420
103436
103453
103472
103491
103511
103532
103555
103578
103602
103627
103653
103680
103708
103736
103764
103793
103822
103851
103880
103909
103937
103964
103991
104016
104041
104064
104087
104107
104127
104144
104161
104175
104189
104200
104211
104219
104227
104233
104237
104241
104243
104244
104244
104243
104241
104238
104234
104229
104223
104217
104210
104202
104194
104185
104175
104165
104154
104143
104131
104119
104107
104094
104081
104068
104054
104040
104025
104011
103996
103981
103966
103950
103935
103919
103903
103888
103872
103856
103840
103824
103808
103793
103777
103761
103746
103731
103716
103701
103686
103672
103658
103644
103631
103618
103605
103592
103580
103569
103558
103547
103536
103526
103517
103508
103499
103491
103484
103477
103470
103464
103458
103453
103449
103444
103441
103438
103435
103433
103432
103431
103431
103431
103431
103433
103434
103437
103439
103443
103446
103451
103456
103461
103467
103473
103479
103487
103494
103502
103510
103519
103528
103537
103547
103556
103566
103576
103587
103597
103608
103618
103629
103639
103650
103660
103670
103680
103690
103700
103709
103718
103727
103735
103743
103751
103758
103765
103771
103777
103782
103787
103792
103796
103800
103803
103805
103808
103809
103811
103811
103812
103812
103811
103810
103808
103807
103804
103802
103798
103795
103791
103787
103782
103777
103772
103767
103761
103755
103748
103741
103734
103727
103719
103712
103704
103696
103687
103679
103670
103661
103652
103643
103633
103624
103615
103605
103595
103586
103576
103566
103556
103547
103537
103527
103518
103508
103499
103489
103480
103471
103462
103453
103445
103436
103428
103420
103412
103405
103398
103391
103384
103378
103372
103366
103361
103356
103352
103347
103344
103340
103338
103335
103333
103332
103331
103330
103330
103330
103331
103333
103335
103337
103340
103344
103348
103353
103358
103364
103370
103377
103384
103392
103400
103409
103419
103428
103439
103449
103460
103471
103483
103494
103506
103518
103530
103542
103554
103566
103577
103589
103600
103610
103621
103630
103640
103648
103657
103664
103671
103678
103684
103689
103693
103697
103700
103703
103705
103706
103707
103708
103707
103706
103705
103703
103701
103698
103695
103692
103688
103683
103679
103674
103669
103663
103657
103651
103645
103638
103632
103625
103618
103611
103604
103597
103589
103582
103574
103567
103560
103552
103545
103537
103530
103523
103516
103509
103502
103495
103488
103482
103475
103469
103463
103457
103452
103446
103441
103436
103431
103426
103422
103418
103414
103410
103407
103404
103401
103398
103396
103394
103392
103401
103403
103403
103404
103404
103404
103404
103404
103405
103405
103405
103405
103405
103406
103406
103406
103407
103407
103407
103407
103408
103408
103408
103408
103408
103409
103409
103409
103409
103409
103410
103410
103410
103410
103410
103411
103411
103411
103411
103411
103411
103412
103412
103412
103412
103412
103412
103412
103412
103413
103413
103413
103413
103413
103413
103413
103413
103413
103413
103413
103413
103413
103413
103413
103413
103413
103413
103413
103412
103412
103412
103412
103412
103412
103412
103411
103411
103411
103411
103410
103410
103410
103410
103409
103409
103409
103409
103408
103408
103408
103407
103407
103407
103406
103406
103406
103405
103405
103404
103404
103404
103403
103403
103403
103402
103402
103401
103401
103400
103400
103400
103399
103399
103398
103398
103397
103397
103396
103396
103395
103395
103394
103394
103393
103393
103392
103392
103391
103390
103390
103389
103389
103388
103388
103387
103386
103386
103385
103385
103384
103383
103383
103382
103382
103381
103380
103380
103379
103378
103378
103377
103376
103376
103375
103375
103374
103373
103373
103372
103371
103371
103370
103369
103368
103368
103367
103366
103366
103365
103364
103364
103363
103363
103362
103361
103361
103360
103359
103359
103358
103357
103357
103356
103356
103355
103354
103354
103353
103353
103352
103352
103351
103351
103350
103350
103349
103349
103348
103348
103347
103347
103346
103346
103346
103345
103345
103344
103344
103344
103343
103343
103343
103343
103342
103342
103342
103342
103341
103341
103341
103341
103341
103340
103340
103340
103340
103340
103340
103340
103340
103340
103340
103340
103340
103340
103340
103340
103340
103340
103340
103340
103340
103341
103341
103341
103341
103341
103341
103342
103342
103342
103342
103343
103343
103343
103343
103344
103344
103344
103345
103345
103345
103346
103346
103346
103347
103347
103347
103348
103348
103349
103349
103349
103350
103350
103350
103351
103351
103352
103352
103352
103353
103353
103354
103354
103354
103355
103355
103356
103356
103356
103357
103357
103358
103358
103358
103359
103359
103359
103360
103360
103360
103361
103361
103361
103362
103362
103362
103363
103363
103363
103363
103364
103364
103364
103365
103365
103365
103365
103366
103366
103366
103366
103366
103367
103367
103367
103367
103367
103368
103368
103368
103368
103368
103368
103369
103369
103369
103369
103369
103369
103369
103370
103370
103370
103370
103370
103370
103370
103371
103371
103371
103371
103371
103371
103371
103372
103372
103372
103372
103372
103372
103372
103373
103373
103373
103373
103373
103373
103374
103374
103374
103374
103374
103374
103374
103375
103375
103375
103375
103375
103376
103376
103376
103376
103376
103376
103377
103377
103377
103377
103377
103377
103378
103378
103378
103378
103378
103378
103379
103379
103379
103379
103379
103379
103379
103380
103380
103380
103380
103380
103380
103380
103380
103380
103380
103381
103381
103381
103381
103381
103381
103381
103381
103381
103381
103381
103381
103381
103381
103381
103381
103381
103380
103380
103380
103380
103380
103380
103380
103380
103380
103379
103379
103379
103379
103379
103378
103378
103378
103378
103378
103377
103377
103377
103376
103376
103376
103376
103375
103375
103375
103374
103374
103374
103373
103373
103373
103372
103372
103371
103371
103371
103370
103370
103369
103369
103369
103368
103368
103367
103367
103367
103366
103366
103365
103365
103365
103364
103364
103363
103363
103362
103362
103362
103361
103361
103360
103360
103360
103359
103359
103359
103358
103358
103358
103357
103357
103357
103356
103356
103356
103355
103355
103355
103354
103354
103354
103354
103353
103353
103353
103353
103353
103352
103352
103352
103352
103352
103352
103351
103351
103351
103351
103351
103351
103351
103351
103351
103351
103351
103351
103351
103351
103351
103351
103351
103351
103351
103351
103351
103351
103352
103352
103352
103352
103352
103352
103352
103353
103353
103353
103353
103353
103353
103354
103354
103354
103354
103355
103355
103355
103355
103356
103356
103356
103356
103357
103357
103357
103357
103358
103358
103358
103358
103359
103359
103359
103360
103360
103360
103360
103361
103361
103361
103361
103362
103362
103362
103362
103362
103363
103363
103363
103363
103363
103364
103364
103364
103364
103364
103364
103365
103365
103365
103365
103365
103365
103365
103365
103366
103366
103366
103366
103366
103366
103366
103366
103366
103366
103366
103366
103366
103366
103366
103366
103366
103366
103366
103366
103366
103366
103366
103365
103365
103365
103365
103365
103365
103365
103365
103365
103365
103365
103364
103364
103364
103364
103364
103364
103364
103363
103363
103363
103363
103363
103363
103363
103363
103362
103362
103362
103362
103362
103362
103362
103361
103361
103361
103361
103361
103361
103361
103361
103360
103360
103360
103360
103360
103360
103360
103360
103360
103359
103359
103359
103359
103359
103359
103359
103359
103359
103359
103359
103359
103359
103359
103359
103359
103359
103359
103359
103359
103359
103359
103359
103359
103359
103359
103359
103359
103359
103359
103359
103359
103359
103359
103359
103359
103359
103359
103359
103359
103359
103359
103360
103360
103360
103360
103360
103360
103360
103360
103360
103361
103361
103361
103361
103361
103361
103361
103362
103362
103362
103362
103362
103362
103362
103363
103363
103363
103363
103363
103364
103364
103364
103364
103364
103364
103365
103365
103365
103365
103365
103366
103366
103366
103366
103366
103367
103367
103367
103367
103367
103368
103368
103368
103368
103368
103368
103369
103369
103369
103369
103369
103370
103370
103370
103370
103370
103370
103371
103371
103371
103371
103371
103371
103371
103372
103372
103372
103372
103372
103372
103372
103372
103373
103373
103373
103373
103373
103373
103373
103373
103373
103373
103373
103373
103373
103373
103373
103373
103373
103373
103373
103373
103373
103373
103373
103373
103373
103373
103373
103373
103373
103373
103373
103373
103373
103373
103373
103373
103372
103372
103372
103372
103372
103372
103372
103372
103371
103371
103371
103371
103371
103371
103370
103370
103370
103370
103370
103369
103369
103369
103369
103369
103368
103368
103368
103368
103368
103367
103367
103367
103367
103366
103366
103366
103366
103365
103365
103365
103365
103365
103364
103364
103364
103364
103363
103363
103363
103363
103362
103362
103362
103362
103361
103361
103361
103361
103361
103360
103360
103360
103360
103359
103359
103359
103359
103359
103358
103358
103358
103358
103358
103357
103357
103357
103357
103357
103357
103356
103356
103356
103356
103356
103356
103355
103355
103355
103355
103355
103355
103355
103354
103354
103354
103354
103354
103354
103354
103354
103353
103353
103353
103353
103353
103353
103353
103353
103353
103353
103353
103352
103352
103352
103352
103352
103352
103352
103352
103352
103352
103352
103352
103352
103352
103352
103352
103352
103352
103352
103352
103352
103352
103352
103352
103352
103352
103352
103352
103352
103352
103352
103352
103352
103352
103352
103352
103352
103352
103352
103352
103352
103352
103353
103353
103353
103353
103353
103353
103353
103353
103353
103353
103354
103354
103354
103354
103354
103354
103354
103355
103355
103355
103355
103355
103355
103356
103356
103356
103356
103356
103356
103357
103357
103357
103357
103358
103358
103358
103358
103358
103359
103359
103359
103359
103360
103360
103360
103360
103361
103361
103361
103361
103362
103362
103362
103363
103363
103363
103363
103364
103364
103364
103365
103365
103365
103366
103366
103366
103366
103367
103367
103367
103368
103368
103368
103369
103369
103369
103370
103370
103370
103371
103371
103371
103371
103372
103372
103372
103373
103373
103373
103374
103374
103374
103374
103375
103375
103375
103376
103376
103376
103376
103377
103377
103377
103377
103378
103378
103378
103378
103379
103379
103379
103379
103379
103379
103380
103380
103380
103380
103380
103380
103381
103381
103381
103381
103381
103381
103381
103381
103381
103381
103381
103381
103381
103381
103381
103381
103381
103381
103381
103381
103381
103381
103381
103381
103381
103381
103381
103381
103380
103380
103380
103380
103380
103380
103379
103379
103379
103379
103378
103378
103378
103378
103377
103377
103377
103377
103376
103376
103376
103375
103375
103375
103374
103374
103374
103373
103373
103373
103372
103372
103372
103371
103371
103370
103370
103370
103369
103369
103368
103368
103368
103367
103367
103366
103366
103365
103365
103365
103364
103364
103363
103363
103363
103362
103362
103361
103361
103361
103360
103360
103359
103359
103359
103358
103358
103358
103357
103357
103357
103356
103356
103356
103355
103355
103355
103354
103354
103354
103353
103353
103353
103353
103352
103352
103352
103352
103351
103351
103351
103351
103350
103350
103350
103350
103350
103350
103349
103349
103349
103349
103349
103349
103349
103349
103348
103348
103348
103348
103348
103348
103348
103348
103348
103348
103348
103348
103348
103348
103348
103348
103348
103348
103348
103348
103348
103348
103348
103348
103349
103349
103349
103349
103349
103349
103349
103349
103349
103349
103350
103350
103350
103350
103350
103350
103350
103351
103351
103351
103351
103351
103351
103352
103352
103352
103352
103352
103352
103353
103353
103353
103353
103353
103354
103354
103354
103354
103354
103355
103355
103355
103355
103355
103356
103356
103356
103356
103356
103357
103357
103357
103357
103358
103358
103358
103358
103358
103359
103359
103359
103359
103359
103360
103360
103360
103360
103361
103361
103361
103361
103361
103362
103362
103362
103362
103363
103363
103363
103363
103363
103364
103364
103364
103364
103364
103365
103365
103365
103365
103365
103366
103366
103366
103366
103366
103367
103367
103367
103367
103367
103368
103368
103368
103368
103368
103369
103369
103369
103369
103369
103369
103370
103370
103370
103370
103370
103370
103371
103371
103371
103371
103371
103371
103371
103371
103372
103372
103372
103372
103372
103372
103372
103372
103372
103373
103373
103373
103373
103373
103373
103373
103373
103373
103373
103373
103373
103373
103373
103373
103373
103373
103373
103373
103373
103373
103373
103373
103373
103373
103373
103373
103373
103373
103373
103373
103373
103373
103373
103373
103373
103373
103372
103372
103372
103372
103372
103372
103372
103372
103372
103371
103371
103371
103371
103371
103371
103370
103370
103370
103370
103370
103370
103369
103369
103369
103369
103369
103368
103368
103368
103368
103368
103367
103367
103367
103367
103367
103366
103366
103366
103366
103366
103365
103365
103365
103365
103364
103364
103364
103364
103364
103363
103363
103363
103363
103363
103362
103362
103362
103362
103362
103361
103361
103361
103361
103361
103360
103360
103360
103360
103360
103360
103359
103359
103359
103359
103359
103359
103359
103359
103358
103358
103358
103358
103358
103358
103358
103358
103358
103358
103358
103358
103358
103358
103357
103357
103357
103357
103357
103357
103357
103357
103357
103357
103357
103357
103357
103358
103358
103358
103358
103358
103358
103358
103358
103358
103358
103358
103358
103358
103358
103358
103359
103359
103359
103359
103359
103359
103359
103359
103359
103360
103360
103360
103360
103360
103360
103360
103361
103361
103361
103361
103361
103361
103361
103362
103362
103362
103362
103362
103362
103362
103363
103363
103363
103363
103363
103363
103363
103364
103364
103364
103364
103364
103364
103364
103364
103365
103365
103365
103365
103365
103365
103365
103365
103365
103366
103366
103366
103366
103366
103366
103366
103366
103366
103366
103366
103366
103367
103367
103367
103367
103367
103367
103367
103367
103367
103367
103367
103367
103367
103367
103367
103367
103367
103367
103367
103367
103367
103367
103367
103367
103367
103367
103367
103367
103367
103367
103367
103367
103367
103367
103367
103367
103367
103366
103366
103366
103366
103366
103366
103366
103366
103366
103366
103366
103366
103366
103366
103366
103366
103365
103365
103365
103365
103365
103365
103365
103365
103365
103365
103365
103365
103365
103364
103364
103364
103364
103364
103364
103364
103364
103364
103364
103364
103364
103363
103363
103363
103363
103363
103363
103363
103363
103363
103363
103363
103363
103363
103362
103362
103362
103362
103362
103362
103362
103362
103362
103362
103362
103362
103362
103362
103362
103361
103361
103361
103361
103361
103361
103361
103361
103361
103361
103361
103361
103361
103361
103361
103361
103361
103361
103361
103360
103360
103360
103360
103360
103360
103360
103360
103360
103360
103360
103360
103360
103360
103360
103360
103360
103360
103360
103360
103360
103360
103360
103360
103360
103360
103360
103360
103360
103360
103360
103360
103360
103360
103360
103360
103360
103360
103360
103360
103360
103360
103360
103360
103360
103360
103360
103360
103360
103360
103360
103360
103360
103360
103360
103360
103360
103360
103360
103360
103360
103360
103360
103360
103360
103360
103360
103360
103360
103360
103360
103360
103360
103360
103361
103361
103361
103361
103361
103361
103361
103361
103361
103361
103361
103361
103361
103362
103362
103362
103362
103362
103362
103362
103362
103362
103362
103362
103363
103363
103363
103363
103363
103363
103363
103363
103363
103364
103364
103364
103364
103364
103364
103364
103364
103365
103365
103365
103365
103365
103365
103365
103365
103365
103366
103366
103366
103366
103366
103366
103366
103366
103367
103367
103367
103367
103367
103367
103367
103367
103367
103367
103368
103368
103368
103368
103368
103368
103368
103368
103368
103368
103368
103369
103369
103369
103369
103369
103369
103369
103369
103369
103369
103369
103369
103369
103369
103369
103369
103369
103369
103369
103369
103369
103369
103369
103369
103369
103369
103369
103369
103369
103369
103369
103369
103369
103369
103369
103369
103369
103369
103369
103369
103368
103368
103368
103368
103368
103368
103368
103368
103368
103368
103367
103367
103367
103367
103367
103367
103367
103367
103366
103366
103366
103366
103366
103366
103365
103365
103365
103365
103365
103365
103365
103364
103364
103364
103364
103364
103363
103363
103363
103363
103363
103363
103362
103362
103362
103362
103362
103361
103361
103361
103361
103361
103361
103360
103360
103360
103360
103360
103360
103359
103359
103359
103359
103359
103359
103358
103358
103358
103358
103358
103358
103357
103357
103357
103357
103357
103357
103357
103357
103356
103356
103356
103356
103356
103356
103356
103356
103356
103356
103356
103355
103355
103355
103355
103355
103355
103355
103355
103355
103355
103355
103355
103355
103355
103355
103355
103355
103355
103355
103355
103355
103355
103355
103355
103355
103355
103355
103355
103355
103355
103356
103356
103356
103356
103356
103356
103356
103356
103356
103356
103356
103357
103357
103357
103357
103357
103357
103357
103358
103358
103358
103358
103358
103358
103359
103359
103359
103359
103359
103360
103360
103360
103360
103360
103361
103361
103361
103361
103361
103362
103362
103362
103362
103362
103363
103363
103363
103363
103364
103364
103364
103364
103364
103365
103365
103365
103365
103366
103366
103366
103366
103366
103367
103367
103367
103367
103368
103368
103368
103368
103368
103369
103369
103369
103369
103369
103370
103370
103370
103370
103370
103371
103371
103371
103371
103371
103371
103372
103372
103372
103372
103372
103372
103372
103372
103373
103373
103373
103373
103373
103373
103373
103373
103373
103373
103374
103374
103374
103374
103374
103374
103374
103374
103374
103374
103374
103374
103374
103374
103374
103374
103374
103374
103374
103374
103374
103374
103374
103374
103374
103374
103373
103373
103373
103373
103373
103373
103373
103373
103373
103373
103373
103372
103372
103372
103372
103372
103372
103372
103371
103371
103371
103371
103371
103371
103371
103370
103370
103370
103370
103370
103369
103369
103369
103369
103369
103369
103368
103368
103368
103368
103367
103367
103367
103367
103367
103366
103366
103366
103366
103366
103365
103365
103365
103365
103364
103364
103364
103364
103364
103363
103363
103363
103363
103362
103362
103362
103362
103362
103361
103361
103361
103361
103361
103360
103360
103360
103360
103360
103359
103359
103359
103359
103359
103358
103358
103358
103358
103358
103358
103357
103357
103357
103357
103357
103357
103356
103356
103356
103356
103356
103356
103356
103355
103355
103355
103355
103355
103355
103355
103355
103355
103354
103354
103354
103354
103354
103354
103354
103354
103354
103354
103354
103354
103354
103354
103354
103354
103354
103354
103354
103354
103354
103354
103354
103354
103354
103354
103354
103354
103354
103354
103354
103354
103354
103354
103354
103354
103354
103354
103354
103354
103354
103354
103354
103355
103355
103355
103355
103355
103355
103355
103355
103355
103356
103356
103356
103356
103356
103356
103356
103356
103357
103357
103357
103357
103357
103357
103358
103358
103358
103358
103358
103358
103358
103359
103359
103359
103359
103359
103360
103360
103360
103360
103360
103360
103361
103361
103361
103361
103361
103362
103362
103362
103362
103362
103362
103363
103363
103363
103363
103363
103363
103364
103364
103364
103364
103364
103364
103365
103365
103365
103365
103365
103365
103366
103366
103366
103366
103366
103366
103366
103367
103367
103367
103367
103367
103367
103367
103367
103368
103368
103368
103368
103368
103368
103368
103368
103368
103368
103369
103369
103369
103369
103369
103369
103369
103369
103369
103369
103369
103369
103369
103369
103369
103369
103369
103369
103369
103369
103369
103369
103369
103369
103369
103369
103369
103369
103369
103369
103369
103369
103369
103369
103369
103369
103369
103369
103369
103369
103369
103369
103369
103369
103369
103369
103369
103369
103369
103369
103368
103368
103368
103368
103368
103368
103368
103368
103368
103368
103368
103368
103367
103367
103367
103367
103367
103367
103367
103367
103367
103367
103367
103366
103366
103366
103366
103366
103366
103366
103366
103366
103366
103365
103365
103365
103365
103365
103365
103365
103365
103365
103365
103364
103364
103364
103364
103364
103364
103364
103364
103364
103364
103364
103363
103363
103363
103363
103363
103363
103363
103363
103363
103363
103363
103362
103362
103362
103362
103362
103362
103362
103362
103362
103362
103362
103362
103362
103362
103361
103361
103361
103361
103361
103361
103361
103361
103361
103361
103361
103361
103361
103361
103361
103361
103361
103361
103361
103361
103361
103360
103360
103360
103360
103360
103360
103360
103360
103360
103360
103360
103360
103360
103360
103360
103360
103360
103360
103360
103360
103360
103360
103360
103360
103360
103360
103360
103360
103360
103360
103360
103360
103360
103360
103360
103361
103361
103361
103361
103361
103361
103361
103361
103361
103361
103361
103361
103361
103361
103361
103361
103361
103361
103361
103361
103361
103362
103362
103362
103362
103362
103362
103362
103362
103362
103362
103362
103362
103362
103363
103363
103363
103363
103363
103363
103363
103363
103363
103363
103363
103364
103364
103364
103364
103364
103364
103364
103364
103364
103364
103364
103365
103365
103365
103365
103365
103365
103365
103365
103365
103365
103366
103366
103366
103366
103366
103366
103366
103366
103366
103366
103366
103366
103366
103367
103367
103367
103367
103367
103367
103367
103367
103367
103367
103367
103367
103367
103367
103367
103367
103367
103367
103367
103367
103367
103368
103368
103368
103368
103368
103368
103368
103368
103368
103368
103368
103368
103368
103367
103367
103367
103367
103367
103367
103367
103367
103367
103367
103367
103367
103367
103367
103367
103367
103367
103367
103367
103366
103366
103366
103366
103366
103366
103366
103366
103366
103366
103366
103365
103365
103365
103365
103365
103365
103365
103365
103365
103364
103364
103364
103364
103364
103364
103364
103364
103363
103363
103363
103363
103363
103363
103363
103363
103362
103362
103362
103362
103362
103362
103362
103362
103361
103361
103361
103361
103361
103361
103361
103361
103360
103360
103360
103360
103360
103360
103360
103360
103360
103360
103360
103359
103359
103359
103359
103359
103359
103359
103359
103359
103359
103359
103359
103359
103359
103359
103359
103358
103358
103358
103358
103358
103358
103358
103358
103358
103358
103358
103358
103358
103358
103358
103358
103358
103358
103358
103358
103358
103358
103359
103359
103359
103359
103359
103359
103359
103359
103359
103359
103359
103359
103359
103359
103359
103359
103359
103360
103360
103360
103360
103360
103360
103360
103360
103360
103360
103360
103361
103361
103361
103361
103361
103361
103361
103361
103361
103361
103362
103362
103362
103362
103362
103362
103362
103362
103362
103362
103363
103363
103363
103363
103363
103363
103363
103363
103363
103363
103364
103364
103364
103364
103364
103364
103364
103364
103364
103364
103364
103365
103365
103365
103365
103365
103365
103365
103365
103365
103365
103365
103365
103365
103365
103365
103366
103366
103366
103366
103366
103366
103366
103366
103366
103366
103366
103366
103366
103366
103366
103366
103366
103366
103366
103366
103366
103366
103366
103366
103366
103366
103366
103366
103366
103366
103366
103366
103366
103366
103366
103366
103366
103366
103366
103366
103366
103366
103366
103366
103366
103366
103366
103366
103366
103366
103366
103366
103366
103366
103366
103366
103366
103366
103365
103365
103365
103365
103365
103365
103365
103365
103365
103365
103365
103365
103365
103365
103365
103365
103365
103365
103365
103365
103364
103364
103364
103364
103364
103364
103364
103364
103364
103364
103364
103364
103364
103364
103364
103364
103363
103363
103363
103363
103363
103363
103363
103363
103363
103363
103363
103363
103363
103363
103363
103363
103362
103362
103362
103362
103362
103362
103362
103362
103362
103362
103362
103362
103362
103362
103362
103362
103362
103362
103361
103361
103361
103361
103361
103361
103361
103361
103361
103361
103361
103361
103361
103361
103361
103361
103361
103361
103361
103361
103361
103361
103361
103361
103361
103361
103361
103361
103361
103361
103361
103361
103361
103361
103361
103361
103361
103361
103361
103361
103361
103361
103361
103361
103361
103361
103361
103361
103361
103361
103361
103361
103361
103361
103361
103361
103361
103361
103361
103361
103361
103361
103361
103361
103361
103361
103361
103361
103362
103362
103362
103362
103362
103362
103362
103362
103362
103362
103362
103362
103362
103362
103362
103363
103363
103363
103363
103363
103363
103363
103363
103363
103363
103363
103363
103364
103364
103364
103364
103364
103364
103364
103364
103364
103364
103364
103365
103365
103365
103365
103365
103365
103365
103365
103365
103365
103365
103366
103366
103366
103366
103366
103366
103366
103366
103366
103366
103366
103367
103367
103367
103367
103367
103367
103367
103367
103367
103367
103367
103367
103367
103367
103367
103367
103368
103368
103368
103368
103368
103368
103368
103368
103368
103368
103368
103368
103368
103368
103368
103368
103368
103368
103368
103368
103368
103368
103368
103368
103368
103368
103368
103368
103368
103368
103368
103368
103368
103368
103368
103368
103368
103368
103368
103368
103368
103368
103368
103368
103367
103367
103367
103367
103367
103367
103367
103367
103367
103367
103367
103367
103367
103367
103366
103366
103366
103366
103366
103366
103366
103366
103366
103366
103366
103365
103365
103365
103365
103365
103365
103365
103365
103365
103364
103364
103364
103364
103364
103364
103364
103364
103364
103363
103363
103363
103363
103363
103363
103363
103363
103362
103362
103362
103362
103362
103362
103362
103362
103362
103361
103361
103361
103361
103361
103361
103361
103361
103361
103361
103360
103360
103360
103360
103360
103360
103360
103360
103360
103360
103360
103360
103359
103359
103359
103359
103359
103359
103359
103359
103359
103359
103359
103359
103359
103359
103359
103359
103359
103359
103359
103358
103358
103358
103358
103358
103358
103358
103358
103358
103358
103358
103358
103358
103358
103358
103358
103358
103358
103358
103358
103358
103358
103358
103359
103359
103359
103359
103359
103359
103359
103359
103359
103359
103359
103359
103359
103359
103359
103359
103359
103359
103359
103359
103359
103360
103360
103360
103360
103360
103360
103360
103360
103360
103360
103360
103360
103360
103361
103361
103361
103361
103361
103361
103361
103361
103361
103361
103361
103362
103362
103362
103362
103362
103362
103362
103362
103362
103362
103362
103363
103363
103363
103363
103363
103363
103363
103363
103363
103363
103363
103363
103364
103364
103364
103364
103364
103364
103364
103364
103364
103364
103364
103364
103365
103365
103365
103365
103365
103365
103365
103365
103365
103365
103365
103365
103365
103365
103365
103365
103366
103366
103366
103366
103366
103366
103366
103366
103366
103366
103366
103366
103366
103366
103366
103366
103366
103366
103366
103366
103366
103366
103366
103366
103366
103366
103366
103366
103366
103366
103366
103366
103366
103366
103366
103366
103366
103366
103366
103366
103366
103366
103366
103366
103366
103366
103366
103366
103366
103366
103366
103366
103366
103366
103366
103366
103366
103366
103366
103366
103365
103365
103365
103365
103365
103365
103365
103365
103365
103365
103365
103365
103365
103365
103365
103365
103365
103364
103364
103364
103364
103364
103364
103364
103364
103364
103364
103364
103364
103364
103364
103363
103363
103363
103363
103363
103363
103363
103363
103363
103363
103363
103363
103363
103363
103362
103362
103362
103362
103362
103362
103362
103362
103362
103362
103362
103362
103362
103362
103361
103361
103361
103361
103361
103361
103361
103361
103361
103361
103361
103361
103361
103361
103361
103361
103361
103361
103361
103361
103361
103360
103360
103360
103360
103360
103360
103360
103360
103360
103360
103360
103360
103360
103360
103360
103360
103360
103360
103360
103360
103360
103360
103360
103360
103360
103360
103360
103360
103361
103361
103361
103361
103361
103361
103361
103361
103361
103361
103361
103361
103361
103361
103361
103361
103361
103361
103361
103362
103362
103362
103362
103362
103362
103362
103362
103362
103362
103362
103362
103363
103363
103363
103363
103363
103363
103363
103363
103363
103363
103363
103364
103364
103364
103364
103364
103364
103364
103364
103364
103365
103365
103365
103365
103365
103365
103365
103365
103365
103365
103366
103366
103366
103366
103366
103366
103366
103366
103366
103366
103367
103367
103367
103367
103367
103367
103367
103367
103367
103367
103367
103367
103368
103368
103368
103368
103368
103368
103368
103368
103368
103368
103368
103368
103368
103368
103368
103368
103368
103368
103368
103368
103368
103369
103369
103369
103369
103369
103369
103369
103369
103369
103369
103369
103369
103369
103368
103368
103368
103368
103368
103368
103368
103368
103368
103368
103368
103368
103368
103368
103368
103368
103368
103368
103368
103368
103368
103367
103367
103367
103367
103367
103367
103367
103367
103367
103367
103367
103366
103366
103366
103366
103366
103366
103366
103366
103366
103366
103365
103365
103365
103365
103365
103365
103365
103365
103364
103364
103364
103364
103364
103364
103364
103364
103363
103363
103363
103363
103363
103363
103363
103363
103363
103362
103362
103362
103362
103362
103362
103362
103362
103361
103361
103361
103361
103361
103361
103361
103361
103361
103361
103360
103360
103360
103360
103360
103360
103360
103360
103360
103360
103360
103359
103359
103359
103359
103359
103359
103359
103359
103359
103359
103359
103359
103359
103359
103359
103358
103358
103358
103358
103358
103358
103358
103358
103358
103358
103358
103358
103358
103358
103358
103358
103358
103358
103358
103358
103358
103358
103358
103358
103358
103358
103358
103358
103358
103358
103358
103358
103358
103358
103358
103358
103358
103358
103358
103358
103358
103358
103358
103359
103359
103359
103359
103359
103359
103359
103359
103359
103359
103359
103359
103359
103359
103359
103359
103359
103360
103360
103360
103360
103360
103360
103360
103360
103360
103360
103360
103360
103360
103361
103361
103361
103361
103361
103361
103361
103361
103361
103361
103361
103362
103362
103362
103362
103362
103362
103362
103362
103362
103362
103362
103363
103363
103363
103363
103363
103363
103363
103363
103363
103363
103363
103364
103364
103364
103364
103364
103364
103364
103364
103364
103364
103364
103365
103365
103365
103365
103365
103365
103365
103365
103365
103365
103365
103365
103365
103366
103366
103366
103366
103366
103366
103366
103366
103366
103366
103366
103366
103366
103366
103366
103367
103367
103367
103367
103367
103367
103367
103367
103367
103367
103367
103367
103367
103367
103367
103367
103367
103367
103367
103367
103367
103367
103367
103367
103367
103367
103367
103367
103367
103367
103367
103367
103367
103367
103367
103367
103367
103367
103367
103367
103367
103367
103367
103367
103367
103367
103367
103367
103367
103367
103367
103367
103367
103367
103367
103367
103366
103366
103366
103366
103366
103366
103366
103366
103366
103366
103366
103366
103366
103366
103366
103366
103365
103365
103365
103365
103365
103365
103365
103365
103365
103365
103365
103365
103364
103364
103364
103364
103364
103364
103364
103364
103364
103364
103364
103363
103363
103363
103363
103363
103363
103363
103363
103363
103363
103363
103362
103362
103362
103362
103362
103362
103362
103362
103362
103362
103362
103362
103362
103361
103361
103361
103361
103361
103361
103361
103361
103361
103361
103361
103361
103361
103361
103361
103360
103360
103360
103360
103360
103360
103360
103360
103360
103360
103360
103360
103360
103360
103360
103360
103360
103360
103360
103360
103360
103360
103360
103360
103360
103360
103360
103360
103360
103360
103360
103360
103360
103360
103360
103360
103360
103360
103360
103360
103360
103360
103360
103360
103360
103360
103360
103360
103361
103361
103361
103361
103361
103361
103361
103361
103361
103361
103361
103361
103361
103361
103361
103361
103362
103362
103362
103362
103362
103362
103362
103362
103362
103362
103362
103363
103363
103363
103363
103363
103363
103363
103363
103363
103363
103363
103364
103364
103364
103364
103364
103364
103364
103364
103364
103364
103364
103365
103365
103365
103365
103365
103365
103365
103365
103365
103365
103365
103366
103366
103366
103366
103366
103366
103366
103366
103366
103366
103366
103366
103366
103366
103367
103367
103367
103367
103367
103367
103367
103367
103367
103367
103367
103367
103367
103367
103367
103367
103367
103367
103367
103367
103367
103367
103367
103367
103368
103368
103368
103368
103368
103368
103368
103368
103368
103368
103368
103368
103368
103367
103367
103367
103367
103367
103367
103367
103367
103367
103367
103367
103367
103367
103367
103367
103367
103367
103367
103367
103367
103367
103367
103367
103367
103367
103366
103366
103366
103366
103366
103366
103366
103366
103366
103366
103366
103366
103366
103365
103365
103365
103365
103365
103365
103365
103365
103365
103365
103365
103365
103364
103364
103364
103364
103364
103364
103364
103364
103364
103364
103364
103363
103363
103363
103363
103363
103363
103363
103363
103363
103363
103362
103362
103362
103362
103362
103362
103362
103362
103362
103362
103362
103362
103361
103361
103361
103361
103361
103361
103361
103361
103361
103361
103361
103361
103361
103360
103360
103360
103360
103360
103360
103360
103360
103360
103360
103360
103360
103360
103360
103360
103360
103360
103360
103360
103360
103359
103359
103359
103359
103359
103359
103359
103359
103359
103359
103359
103359
103359
103359
103359
103359
103359
103359
103359
103359
103359
103359
103359
103359
103359
103359
103359
103359
103359
103359
103359
103359
103359
103359
103360
103360
103360
103360
103360
103360
103360
103360
103360
103360
103360
103360
103360
103360
103360
103360
103360
103360
103360
103360
103360
103360
103361
103361
103361
103361
103361
103361
103361
103361
103361
103361
103361
103361
103361
103361
103361
103362
103362
103362
103362
103362
103362
103362
103362
103362
103362
103362
103362
103362
103362
103363
103363
103363
103363
103363
103363
103363
103363
103363
103363
103363
103363
103363
103363
103364
103364
103364
103364
103364
103364
103364
103364
103364
103364
103364
103364
103364
103364
103364
103364
103365
103365
103365
103365
103365
103365
103365
103365
103365
103365
103365
103365
103365
103365
103365
103365
103365
103365
103365
103365
103365
103365
103365
103365
103365
103365
103365
103366
103366
103366
103366
103366
103366
103366
103366
103366
103366
103366
103366
103366
103366
103366
103366
103366
103366
103366
103366
103366
103366
103366
103366
103366
103365
103365
103365
103365
103365
103365
103365
103365
103365
103365
103365
103365
103365
103365
103365
103365
103365
103365
103365
103365
103365
103365
103365
103365
103365
103365
103365
103365
103365
103364
103364
103364
103364
103364
103364
103364
103364
103364
103364
103364
103364
103364
103364
103364
103364
103364
103364
103364
103363
103363
103363
103363
103363
103363
103363
103363
103363
103363
103363
103363
103363
103363
103363
103363
103363
103363
103363
103363
103362
103362
103362
103362
103362
103362
103362
103362
103362
103362
103362
103362
103362
103362
103362
103362
103362
103362
103362
103362
103362
103362
103362
103362
103362
103362
103362
103362
103362
103362
103362
103362
103362
103362
103362
103362
103362
103362
103362
103362
103362
103362
103362
103362
103362
103362
103362
103362
103362
103362
103362
103362
103362
103362
103362
103362
103362
103362
103362
103362
103362
103362
103362
103362
103362
103362
103362
103362
103362
103362
103362
103362
103363
103363
103363
103363
103363
103363
103363
103363
103363
103363
103363
103363
103363
103363
103363
103363
103363
103363
103363
103364
103364
103364
103364
103364
103364
103364
103364
103364
103364
103364
103364
103364
103364
103364
103364
103365
103365
103365
103365
103365
103365
103365
103365
103365
103365
103365
103365
103365
103365
103365
103365
103365
103366
103366
103366
103366
103366
103366
103366
103366
103366
103366
103366
103366
103366
103366
103366
103366
103366
103366
103366
103366
103366
103366
103366
103366
103366
103366
103366
103366
103366
103367
103367
103367
103367
103367
103367
103367
103367
103367
103367
103367
103367
103367
103367
103367
103367
103367
103367
103366
103366
103366
103366
103366
103366
103366
103366
103366
103366
103366
103366
103366
103366
103366
103366
103366
103366
103366
103366
103366
103366
103366
103366
103366
103366
103366
103366
103365
103365
103365
103365
103365
103365
103365
103365
103365
103365
103365
103365
103365
103365
103365
103365
103364
103364
103364
103364
103364
103364
103364
103364
103364
103364
103364
103364
103364
103363
103363
103363
103363
103363
103363
103363
103363
103363
103363
103363
103363
103363
103362
103362
103362
103362
103362
103362
103362
103362
103362
103362
103362
103362
103362
103361
103361
103361
103361
103361
103361
103361
103361
103361
103361
103361
103361
103361
103361
103361
103361
103360
103360
103360
103360
103360
103360
103360
103360
103360
103360
103360
103360
103360
103360
103360
103360
103360
103360
103360
103360
103360
103360
103360
103360
103360
103360
103360
103360
103359
103359
103359
103359
103359
103359
103359
103359
103359
103359
103359
103359
103359
103359
103359
103359
103359
103360
103360
103360
103360
103360
103360
103360
103360
103360
103360
103360
103360
103360
103360
103360
103360
103360
103360
103360
103360
103360
103360
103360
103360
103360
103360
103360
103360
103361
103361
103361
103361
103361
103361
103361
103361
103361
103361
103361
103361
103361
103361
103361
103361
103362
103362
103362
103362
103362
103362
103362
103362
103362
103362
103362
103362
103362
103362
103362
103363
103363
103363
103363
103363
103363
103363
103363
103363
103363
103363
103363
103363
103363
103364
103364
103364
103364
103364
103364
103364
103364
103364
103364
103364
103364
103364
103364
103364
103364
103365
103365
103365
103365
103365
103365
103365
103365
103365
103365
103365
103365
103365
103365
103365
103365
103365
103365
103365
103365
103365
103365
103365
103366
103366
103366
103366
103366
103366
103366
103366
103366
103366
103366
103366
103366
103366
103366
103366
103366
103366
103366
103366
103366
103366
103366
103366
103366
103366
103366
103366
103366
103366
103366
103366
103366
103366
103366
103366
103366
103366
103366
103366
103366
103365
103365
103365
103365
103365
103365
103365
103365
103365
103365
103365
103365
103365
103365
103365
103365
103365
103365
103365
103365
103365
103365
103365
103365
103365
103365
103364
103364
103364
103364
103364
103364
103364
103364
103364
103364
103364
103364
103364
103364
103364
103364
103364
103364
103364
103364
103364
103363
103363
103363
103363
103363
103363
103363
103363
103363
103363
103363
103363
103363
103363
103363
103363
103363
103363
103363
103363
103363
103363
103363
103363
103362
103362
103362
103362
103362
103362
103362
103362
103362
103362
103362
103362
103362
103362
103362
103362
103362
103362
103362
103362
103362
103362
103362
103362
103362
103362
103362
103362
103362
103362
103362
103362
103362
103362
103362
103362
103362
103362
103362
103362
103362
103362
103362
103362
103362
103362
103362
103362
103362
103362
103362
103362
103362
103362
103362
103362
103362
103362
103362
103362
103362
103362
103362
103362
103362
103363
103363
103363
103363
103363
103363
103363
103363
103363
103363
103363
103363
103363
103363
103363
103363
103363
103363
103363
103363
103363
103363
103363
103363
103363
103363
103364
103364
103364
103364
103364
103364
103364
103364
103364
103364
103364
103364
103364
103364
103364
103364
103364
103364
103364
103364
103364
103364
103364
103364
103364
103365
103365
103365
103365
103365
103365
103365
103365
103365
103365
103365
103365
103365
103365
103365
103365
103365
103365
103365
103365
103365
103365
103365
103365
103365
103365
103365
103365
103365
103365
103365
103365
103365
103365
103365
103365
103365
103365
103365
103365
103365
103365
103365
103365
103365
103365
103365
103365
103365
103365
103365
103365
103365
103365
103365
103365
103365
103365
103365
103365
103365
103365
103365
103365
103365
103365
103365
103365
103365
103365
103365
103365
103365
103365
103365
103365
103365
103365
103365
103365
103365
103365
103365
103365
103364
103364
103364
103364
103364
103364
103364
103364
103364
103364
103364
103364
103364
103364
103364
103364
103364
103364
103364
103364
103364
103364
103364
103364
103364
103363
103363
103363
103363
103363
103363
103363
103363
103363
103363
103363
103363
103363
103363
103363
103363
103363
103363
103363
103363
103363
103363
103363
103362
103362
103362
103362
103362
103362
103362
103362
103362
103362
103362
103362
103362
103362
103362
103362
103362
103362
103362
103362
103362
103362
103362
103362
103362
103362
103362
103362
103362
103362
103361
103361
103361
103361
103361
103361
103361
103361
103361
103361
103361
103361
103361
103361
103361
103361
103361
103361
103361
103361
103361
103361
103361
103361
103361
103361
103361
103361
103361
103361
103361
103361
103361
103361
103361
103361
103361
103361
103361
103361
103361
103361
103361
103361
103361
103361
103361
103361
103361
103361
103361
103361
103361
103361
103361
103361
103361
103361
103362
103362
103362
103362
103362
103362
103362
103362
103362
103362
103362
103362
103362
103362
103362
103362
103362
103362
103362
103362
103362
103362
103362
103362
103362
103362
103362
103362
103362
103362
103362
103362
103362
103362
103363
103363
103363
103363
103363
103363
103363
103363
103363
103363
103363
103363
103363
103363
103363
103363
103363
103363
103363
103363
103363
103363
103363
103363
103363
103363
103363
103363
103363
103363
103363
103364
103364
103364
103364
103364
103364
103364
103364
103364
103364
103364
103364
103364
103364
103364
103364
103364
103364
103364
103364
103364
103364
103364
103364
103364
103364
103364
103364
103364
103364
103364
103364
103364
103364
103364
103364
103364
103364
103364
103364
103364
103364
103364
103364
103364
103364
103364
103364
103364
103364
103364
103364
103364
103364
103364
103364
103364
103364
103364
103364
103364
103364
103364
103364
103364
103364
103364
103364
103364
103364
103364
103364
103364
103364
103364
103364
103364
103364
103364
103364
103364
103364
103364
103364
103364
103364
103364
103364
103364
103364
103363
103363
103363
103363
103363
103363
103363
103363
103363
103363
103363
103363
103363
103363
103363
103363
103363
103363
103363
103363
103363
103363
103363
103363
103363
103363
103363
103363
103363
103363
103363
103363
103363
103363
103363
103363
103363
103363
103363
103363
103363
103363
103363
103363
103363
103363
103363
103363
103363
103363
103363
103363
103363
103363
103363
103363
103363
103363
103363
103363
103363
103363
103363
103363
103363
103363
103363
103363
103363
103363
103363
103363
103363
103363
103363
103363
103363
103363
103363
103363
103363
103363
103363
103363
103363
103363
103363
103363
103363
103363
103363
103363
103363
103363
103364
103364
103364
103364
103364
103364
103364
103364
103364
103364
103364
103364
103364
103364
103364
103364
103364
103364
103364
103364
103364
103364
103364
103364
103364
103364
103364
103364
103364
103364
103364
103365
103365
103365
103365
103365
103365
103365
103365
103365
103365
103365
103365
103365
103365
103365
103365
103365
103365
103365
103365
103365
103365
103365
103365
103365
103365
103365
103365
103365
103365
103365
103365
103365
103365
103365
103365
103365
103365
103365
103365
103365
103365
103365
103365
103365
103365
103365
103365
103365
103365
103365
103365
103365
103365
103365
103365
103365
103365
103365
103365
103365
103365
103365
103365
103365
103365
103365
103365
103365
103365
103365
103365
103365
103365
103365
103365
103365
103365
103365
103365
103365
103365
103365
103365
103365
103365
103365
103365
103365
103365
103365
103365
103365
103364
103364
103364
103364
103364
103364
103364
103364
103364
103364
103364
103364
103364
103364
103364
103364
103364
103364
103364
103364
103364
103363
103363
103363
103363
103363
103363
103363
103363
103363
103363
103363
103363
103363
103363
103363
103363
103363
103363
103363
103362
103362
103362
103362
103362
103362
103362
103362
103362
103362
103362
103362
103362
103362
103362
103362
103362
103362
103362
103362
103362
103361
103361
103361
103361
103361
103361
103361
103361
103361
103361
103361
103361
103361
103361
103361
103361
103361
103361
103361
103361
103361
103361
103361
103361
103361
103361
103361
103361
103361
103361
103361
103361
103361
103361
103361
103361
103361
103361
103361
103361
103361
103361
103361
103361
103361
103361
103361
103361
103361
103361
103361
103361
103361
103361
103361
103361
103361
103361
103361
103361
103361
103361
103361
103361
103361
103361
103361
103361
103361
103361
103361
103361
103361
103361
103361
103361
103361
103361
103361
103361
103362
103362
103362
103362
103362
103362
103362
103362
103362
103362
103362
103362
103362
103362
103362
103362
103362
103362
103362
103362
103362
103362
103363
103363
103363
103363
103363
103363
103363
103363
103363
103363
103363
103363
103363
103363
103363
103363
103363
103363
103363
103363
103363
103363
103364
103364
103364
103364
103364
103364
103364
103364
103364
103364
103364
103364
103364
103364
103364
103364
103364
103364
103364
103364
103364
103364
103364
103364
103364
103364
103364
103364
103365
103365
103365
103365
103365
103365
103365
103365
103365
103365
103365
103365
103365
103365
103365
103365
103365
103365
103365
103365
103365
103365
103365
103365
103365
103365
103365
103365
103365
103365
103365
103365
103365
103365
103365
103365
103365
103365
103365
103365
103365
103365
103365
103365
103365
103365
103365
103365
103365
103365
103365
103365
103364
103364
103364
103364
103364
103364
103364
103364
103364
103364
103364
103364
103364
103364
103364
103364
103364
103364
103364
103364
103364
103364
103364
103364
103364
103364
103364
103364
103364
103364
103364
103363
103363
103363
103363
103363
103363
103363
103363
103363
103363
103363
103363
103363
103363
103363
103363
103363
103363
103363
103363
103363
103363
103363
103363
103363
103363
103363
103363
103363
103362
103362
103362
103362
103362
103362
103362
103362
103362
103362
103362
103362
103362
103362
103362
103362
103362
103362
103362
103362
103362
103362
103362
103362
103362
103362
103362
103362
103362
103362
103362
103362
103362
103362
103362
103362
103362
103362
103362
103362
103362
103362
103362
103362
103362
103362
103362
103362
103362
103362
103362
103362
103362
103362
103362
103362
103362
103362
103362
103362
103362
103362
103362
103362
103362
103362
103362
103362
103362
103362
103362
103363
103363
103363
103363
103363
103363
103363
103363
103363
103363
103363
103363
103363
103363
103363
103363
103363
103363
103363
103363
103363
103363
103363
103363
103364
103364
103364
103364
103364
103364
103364
103364
103364
103364
103364
103364
103364
103364
103364
103364
103364
103364
103364
103364
103364
103365
103365
103365
103365
103365
103365
103365
103365
103365
103365
103365
103365
103365
103365
103365
103365
103365
103365
103365
103365
103365
103365
103365
103366
103366
103366
103366
103366
103366
103366
103366
103366
103366
103366
103366
103366
103366
103366
103366
103366
103366
103366
103366
103366
103366
103366
103366
103366
103366
103366
103366
103366
103366
103366
103366
103366
103366
103366
103366
103366
103366
103366
103366
103366
103366
103366
103366
103366
103366
103366
103366
103366
103366
103366
103366
103366
103366
103366
103366
103366
103366
103366
103366
103366
103366
103366
103365
103365
103365
103365
103365
103365
103365
103365
103365
103365
103365
103365
103365
103365
103365
103365
103365
103365
103365
103365
103365
103364
103364
103364
103364
103364
103364
103364
103364
103364
103364
103364
103364
103364
103364
103364
103364
103363
103363
103363
103363
103363
103363
103363
103363
103363
103363
103363
103363
103363
103363
103363
103363
103362
103362
103362
103362
103362
103362
103362
103362
103362
103362
103362
103362
103362
103362
103362
103362
103362
103361
103361
103361
103361
103361
103361
103361
103361
103361
103361
103361
103361
103361
103361
103361
103361
103361
103361
103361
103361
103361
103361
103361
103361
103360
103360
103360
103360
103360
103360
103360
103360
103360
103360
103360
103360
103360
103360
103360
103360
103360
103360
103360
103360
103360
103360
103360
103360
103360
103360
103360
103360
103360
103360
103360
103360
103360
103360
103360
103360
103360
103360
103360
103360
103360
103360
103360
103360
103360
103360
103360
103361
103361
103361
103361
103361
103361
103361
103361
103361
103361
103361
103361
103361
103361
103361
103361
103361
103361
103361
103361
103361
103361
103361
103361
103361
103362
103362
103362
103362
103362
103362
103362
103362
103362
103362
103362
103362
103362
103362
103362
103362
103362
103362
103362
103363
103363
103363
103363
103363
103363
103363
103363
103363
103363
103363
103363
103363
103363
103363
103363
103363
103363
103363
103364
103364
103364
103364
103364
103364
103364
103364
103364
103364
103364
103364
103364
103364
103364
103364
103364
103364
103364
103364
103364
103364
103364
103365
103365
103365
103365
103365
103365
103365
103365
103365
103365
103365
103365
103365
103365
103365
103365
103365
103365
103365
103365
103365
103365
103365
103365
103365
103365
103365
103365
103365
103365
103365
103365
103365
103365
103365
103365
103365
103365
103365
103365
103365
103365
103365
103365
103365
103365
103365
103365
103365
103365
103365
103365
103365
103365
103365
103365
103365
103365
103365
103365
103365
103365
103365
103365
103365
103365
103365
103365
103365
103365
103365
103365
103365
103365
103365
103364
103364
103364
103364
103364
103364
103364
103364
103364
103364
103364
103364
103364
103364
103364
103364
103364
103364
103364
103364
103364
103364
103364
103364
103364
103364
103364
103364
103364
103364
103363
103363
103363
103363
103363
103363
103363
103363
103363
103363
103363
103363
103363
103363
103363
103363
103363
103363
103363
103363
103363
103363
103363
103363
103363
103363
103363
103363
103363
103363
103363
103363
103363
103363
103363
103363
103363
103363
103362
103362
103362
103362
103362
103362
103362
103362
103362
103362
103362
103362
103362
103362
103362
103362
103362
103362
103362
103362
103362
103362
103362
103362
103362
103362
103362
103362
103362
103362
103362
103362
103362
103362
103362
103362
103362
103363
103363
103363
103363
103363
103363
103363
103363
103363
103363
103363
103363
103363
103363
103363
103363
103363
103363
103363
103363
103363
103363
103363
103363
103363
103363
103363
103363
103363
103363
103363
103363
103363
103363
103363
103363
103363
103363
103363
103364
103364
103364
103364
103364
103364
103364
103364
103364
103364
103364
103364
103364
103364
103364
103364
103364
103364
103364
103364
103364
103364
103364
103364
103364
103364
103364
103364
103364
103364
103364
103364
103365
103365
103365
103365
103365
103365
103365
103365
103365
103365
103365
103365
103365
103365
103365
103365
103365
103365
103365
103365
103365
103365
103365
103365
103365
103365
103365
103365
103365
103365
103365
103365
103365
103365
103365
103365
103365
103365
103365
103365
103365
103365
103365
103365
103365
103365
103365
103365
103365
103365
103365
103365
103365
103365
103365
103365
103365
103365
103365
103365
103365
103365
103365
103365
103365
103365
103365
103365
103365
103365
103364
103364
103364
103364
103364
103364
103364
103364
103364
103364
103364
103364
103364
103364
103364
103364
103364
103364
103364
103364
103364
103364
103364
103364
103364
103364
103364
103364
103364
103363
103363
103363
103363
103363
103363
103363
103363
103363
103363
103363
103363
103363
103363
103363
103363
103363
103363
103363
103363
103363
103363
103363
103363
103363
103363
103363
103362
103362
103362
103362
103362
103362
103362
103362
103362
103362
103362
103362
103362
103362
103362
103362
103362
103362
103362
103362
103362
103362
103362
103362
103362
103362
103362
103362
103362
103362
103362
103362
103362
103362
103362
103362
103362
103362
103362
103362
103362
103361
103361
103361
103361
103361
103361
103361
103361
103361
103361
103361
103361
103361
103361
103361
103361
103361
103361
103361
103361
103361
103361
103361
103361
103361
103361
103361
103361
103362
103362
103362
103362
103362
103362
103362
103362
103362
103362
103362
103362
103362
103362
103362
103362
103362
103362
103362
103362
103362
103362
103362
103362
103362
103362
103362
103362
103362
103362
103362
103362
103362
103362
103362
103362
103362
103362
103362
103362
103362
103362
103362
103362
103362
103362
103363
103363
103363
103363
103363
103363
103363
103363
103363
103363
103363
103363
103363
103363
103363
103363
103363
103363
103363
103363
103363
103363
103363
103363
103363
103363
103363
103363
103363
103363
103363
103363
103363
103363
103363
103363
103364
103364
103364
103364
103364
103364
103364
103364
103364
103364
103364
103364
103364
103364
103364
103364
103364
103364
103364
103364
103364
103364
103364
103364
103364
103364
103364
103364
103364
103364
103364
103364
103364
103364
103364
103364
103364
103364
103364
103364
103364
103364
103364
103364
103364
103364
103364
103364
103364
103364
103364
103364
103364
103364
103364
103364
103364
103364
103364
103364
103364
103364
103364
103364
103364
103364
103364
103364
103364
103364
103364
103364
103364
103364
103364
103364
103364
103364
103364
103364
103364
103364
103364
103364
103364
103364
103364
103364
103364
103364
103364
103363
103363
103363
103363
103363
103363
103363
103363
103363
103363
103363
103363
103363
103363
103363
103363
103363
103363
103363
103363
103363
103363
103363
103363
103363
103363
103363
103363
103363
103363
103363
103363
103363
103363
103363
103363
103363
103363
103363
103363
103363
103363
103363
103363
103363
103363
103363
103363
103363
103363
103363
103363
103363
103363
103363
103363
103363
103363
103363
103363
103363
103363
103363
103363
103363
103363
103363
103363
103363
103363
103363
103363
103363
103363
103363
103363
103363
103363
103363
103363
103363
103363
103363
103363
103363
103363
103363
103363
103363
103363
103363
103363
103363
103363
103363
103364
103364
103364
103364
103364
103364
103364
103364
103364
103364
103364
103364
103364
103364
103364
103364
103364
103364
103364
103364
103364
103364
103364
103364
103364
103364
103364
103364
103364
103364
103364
103364
103364
103364
103364
103364
103364
103364
103364
103364
103364
103365
103365
103365
103365
103365
103365
103365
103365
103365
103365
103365
103365
103365
103365
103365
103365
103365
103365
103365
103365
103365
103365
103365
103365
103365
103365
103365
103365
103365
103365
103365
103365
103365
103365
103365
103365
103365
103365
103365
103365
103365
103365
103365
103365
103365
103365
103365
103365
103365
103365
103365
103365
103365
103365
103365
103365
103365
103365
103365
103365
103365
103365
103365
103365
103365
103365
103365
103365
103365
103365
103365
103365
103365
103365
103365
103365
103365
103365
103364
103364
103364
103364
103364
103364
103364
103364
103364
103364
103364
103364
103364
103364
103364
103364
103364
103364
103364
103364
103364
103364
103364
103364
103364
103364
103364
103364
103364
103364
103363
103363
103363
103363
103363
103363
103363
103363
103363
103363
103363
103363
103363
103363
103363
103363
103363
103363
103363
103363
103363
103363
103363
103363
103363
103363
103363
103362
103362
103362
103362
103362
103362
103362
103362
103362
103362
103362
103362
103362
103362
103362
103362
103362
103362
103362
103362
103362
103362
103362
103362
103362
103362
103362
103362
103362
103362
103362
103362
103362
103362
103362
103362
103361
103361
103361
103361
103361
103361
103361
103361
103361
103361
103361
103361
103361
103361
103361
103361
103361
103361
103361
103361
103361
103361
103361
103361
103361
103361
103361
103361
103361
103361
103361
103361
103361
103361
103361
103361
103361
103361
103361
103361
103361
103361
103361
103361
103361
103361
103361
103361
103361
103361
103361
103361
103362
103362
103362
103362
103362
103362
103362
103362
103362
103362
103362
103362
103362
103362
103362
103362
103362
103362
103362
103362
103362
103362
103362
103362
103362
103362
103362
103362
103362
103362
103362
103362
103362
103362
103362
103362
103362
103362
103362
103363
103363
103363
103363
103363
103363
103363
103363
103363
103363
103363
103363
103363
103363
103363
103363
103363
103363
103363
103363
103363
103363
103363
103363
103363
103363
103363
103363
103363
103363
103363
103363
103363
103364
103364
103364
103364
103364
103364
103364
103364
103364
103364
103364
103364
103364
103364
103364
103364
103364
103364
103364
103364
103364
103364
103364
103364
103364
103364
103364
103364
103364
103364
103364
103364
103364
103364
103364
103364
103364
103364
103364
103364
103364
103364
103364
103364
103364
103364
103364
103364
103364
103364
103364
103364
103364
103364
103364
103364
103364
103364
103364
103364
103364
103364
103364
103364
103364
103364
103364
103364
103364
103364
103364
103364
103364
103364
103364
103364
103364
103364
103364
103364
103364
103364
103364
103364
103364
103364
103364
103364
103364
103364
103364
103364
103364
103364
103364
103364
103364
103364
103364
103364
103364
103364
103364
103364
103364
103364
103364
103364
103364
103364
103364
103364
103364
103364
103364
103364
103364
103364
103364
103364
103364
103364
103364
103364
103363
103363
103363
103363
103363
103363
103363
103363
103363
103363
103363
103363
103363
103363
103363
103363
103363
103363
103363
103363
103363
103363
103363
103363
103363
103363
103363
103363
103363
103363
103363
103363
103363
103363
103363
103363
103363
103363
103363
103363
103363
103363
103363
103363
103363
103363
103363
103363
103363
103363
103363
103363
103363
103363
103363
103363
103363
103363
103363
103363
103363
103363
103363
103363
103363
103363
103363
103363
103363
103363
103363
103363
103363
103363
103363
103363
103363
103363
103363
103363
103363
103363
103363
103363
103363
103363
103363
103363
103363
103363
103363
103364
103364
103364
103364
103364
103364
103364
103364
103364
103364
103364
103364
103364
103364
103364
103364
103364
103364
103364
103364
103364
103364
103364
103364
103364
103364
103364
103364
103364
103364
103364
103364
103364
103364
103364
103364
103364
103364
103364
103364
103364
103364
103364
103364
103364
103364
103364
103364
103364
103364
103364
103364
103364
103364
103364
103364
103364
103364
103364
103364
103364
103364
103364
103364
103364
103364
103364
103364
103364
103364
103364
103364
103364
103364
103364
103364
103364
103364
103364
103364
103364
103364
103364
103364
103364
103364
103364
103364
103364
103364
103364
103364
103364
103364
103364
103364
103364
103364
103364
103364
103364
103364
103364
103364
103364
103364
103364
103364
103364
103364
103364
103364
103364
103364
103364
103364
103364
103364
103364
103364
103364
103364
103364
103364
103364
103364
103364
103364
103364
103364
103364
103364
103363
103363
103363
103363
103363
103363
103363
103363
103363
103363
103363
103363
103363
103363
103363
103363
103363
103363
103363
103363
103363
103363
103363
103363
103363
103363
103363
103363
103363
103363
103363
103363
103363
103363
103363
103363
103363
103363
103363
103363
103363
103363
