
Objective value: 
6731.54
91653.4
99674.4
97942.9
99111.5
100088
100675
101044
101325
101558
101777
102022
102321
102686
103103
103543
103971
104358
104679
104918
105066
105121
105088
104978
104808
104593
104354
104107
103870
103654
103468
103313
103191
103105
103057
103047
103071
103124
103198
103287
103386
103486
103583
103670
103743
103798
103833
103847
103844
103825
103794
103755
103710
103664
103617
103574
103534
103500
103472
103451
103438
103433
103436
103447
103464
103485
103509
103532
103554
103573
103587
103596
103600
103599
103593
103582
103568
103551
103531
103509
103487
103464
103443
103424
103407
103393
103381
103372
103365
103360
103357
103357
103360
103366
103374
103384
103396
103409
103422
103435
103447
103457
103465
103471
103473
103473
103470
103466
103459
103451
103443
103434
103426
103418
103412
103406
103403
103400
103399
103398
103397
103396
103393
103389
103383
103376
103369
103360
103352
103344
103337
103330
103325
103321
103318
103318
103319
103321
103325
103331
103338
103346
103355
103365
103375
103385
103395
103404
103413
103421
103429
103436
103441
103446
103450
103452
103453
103453
103452
103450
103447
103443
103438
103433
103428
103422
103416
103411
103405
103401
103398
103395
103393
103392
103393
103394
103395
103397
103399
103401
103403
103403
103403
103402
103400
103397
103394
103389
103384
103379
103373
103367
103361
103355
103349
103343
103338
103333
103329
103325
103322
103320
103318
103318
103318
103318
103319
103321
103324
103327
103330
103334
103338
103342
103346
103350
103353
103357
103360
103363
103365
103366
103367
103368
103368
103367
103366
103364
103361
103358
103355
103351
103347
103342
103337
103331
103325
103318
103312
103305
103297
103290
103282
103274
103266
103258
103251
103244
103236
103230
103224
103218
103213
103208
103204
103201
103198
103195
103194
103193
103192
103191
103191
103191
103191
103191
103191
103191
103190
103189
103188
103186
103184
103181
103178
103174
103170
103165
103160
103155
103149
103143
103137
103131
103125
103118
103112
103107
103101
103096
103091
103086
103082
103079
103075
103072
103070
103068
103066
103065
103064
103063
103063
103063
103063
103064
103065
103066
103067
103069
103071
103073
103076
103078
103081
103084
103087
103091
103094
103098
103101
103104
103107
103110
103112
103115
103116
103118
103119
103119
103119
103118
103117
103116
103113
103111
103108
103105
103101
103097
103093
103088
103083
103078
103073
103068
103062
103056
103050
103045
103039
103033
103027
103021
103015
103009
103003
102997
102992
102986
102981
102975
102970
102965
102960
102956
102952
102947
102944
102940
102937
102934
102931
102929
102927
102925
102924
102922
102922
102921
102921
102921
102921
102921
102921
102922
102922
102923
102924
102925
102926
102926
102927
102928
102929
102930
102931
102933
102934
102935
102936
102938
102939
102941
102943
102945
102947
102949
102952
102954
102957
102960
102963
102966
102969
102972
102975
102978
102981
102984
102987
102990
102992
102995
102997
102999
103001
103002
103004
103005
103005
103006
103006
103006
103006
103005
103004
103003
103001
102999
102997
102995
102992
102989
102985
102982
102978
102973
102969
102964
102959
102954
102949
102943
102937
102931
102925
102919
102913
102907
102901
102895
102889
102883
102877
102871
102866
102860
102855
102850
102846
102842
102838
102834
102831
102829
102826
102825
102823
102822
102822
102822
102823
102824
102826
102828
102831
102834
102839
102843
102848
102854
102860
102867
102875
102883
102891
102900
102910
102919
102930
102940
102951
102963
102974
102986
102997
103009
103021
103033
103045
103056
103068
103079
103090
103101
103112
103122
103132
103141
103150
103159
103167
103174
103181
103188
103194
103200
103205
103209
103213
103217
103220
103222
103224
103226
103227
103227
103227
103227
103226
103225
103224
103222
103220
103217
103215
103212
103209
103206
103202
103199
103195
103191
103187
103183
103179
103175
103171
103166
103162
103158
103153
103149
103144
103139
103135
103130
103125
103120
103115
103110
103104
103099
103093
103087
103081
103075
103069
103062
103056
103049
103042
103036
103029
103021
103014
103007
102999
102992
102984
102977
102969
102962
102954
102947
102939
102932
102925
102917
102910
102903
102897
102890
102884
102878
102872
102866
102861
102856
102851
102847
102842
102839
102835
102832
102829
102827
102824
102823
102821
102820
102820
102819
102819
102820
102820
102822
102823
102825
102827
102830
102832
102836
102839
102843
102847
102851
102856
102861
102866
102871
102877
102883
102889
102895
102901
102907
102914
102920
102927
102933
102940
102946
102952
102959
102965
102971
102976
102982
102987
102992
102997
103002
103006
103011
103014
103018
103021
103024
103027
103030
103032
103034
103035
103037
103038
103038
103039
103039
103039
103039
103038
103037
103036
103035
103034
103032
103030
103028
103026
103023
103021
103018
103015
103012
103009
103005
103002
102998
102994
102991
102987
102983
102979
102975
102971
102967
102962
102958
102954
102950
102945
102941
102937
102932
102928
102924
102920
102915
102911
102907
102903
102899
102894
102890
102886
102882
102878
102874
102871
102867
102863
102859
102855
102852
102848
102845
102841
102838
102834
102831
102828
102824
102821
102818
102815
102812
102809
102806
102803
102800
102797
102795
102792
102789
102787
102785
102782
102780
102778
102776
102774
102772
102771
102769
102768
102767
102766
102765
102765
102764
102764
102764
102764
102764
102764
102765
102766
102767
102768
102769
102771
102773
102775
102777
102779
102782
102785
102788
102791
102794
102798
102801
102805
102809
102813
102817
102821
102826
102830
102835
102840
102844
102849
102854
102859
102865
102870
102875
102881
102886
102892
102897
102903
102909
102915
102920
102926
102932
102938
102943
102949
102955
102961
102966
102972
102977
102983
102988
102993
102998
103003
103008
103012
103017
103021
103025
103029
103032
103035
103038
103041
103044
103046
103048
103050
103051
103052
103053
103054
103054
103055
103055
103055
103054
103053
103053
103052
103050
103049
103047
103045
103043
103041
103039
103036
103034
103031
103028
103025
103022
103019
103016
103012
103009
103005
103002
102998
102994
102991
102987
102983
102979
102975
102971
102968
102964
102960
102956
102953
102949
102946
102942
102939
102936
102933
102930
102927
102924
102922
102920
102917
102916
102914
102913
102911
102910
102910
102909
102909
102909
102910
102911
102912
102913
102915
102917
102919
102922
102925
102928
102932
102936
102941
102945
102950
102955
102961
102967
102972
102979
102985
102991
102998
103004
103011
103018
103024
103031
103037
103043
103049
103055
103061
103066
103071
103076
103080
103084
103087
103091
103093
103096
103097
103099
103100
103101
103101
103101
103100
103099
103098
103096
103094
103092
103089
103086
103083
103079
103075
103071
103067
103062
103057
103052
103047
103042
103036
103030
103024
103018
103012
103006
103000
102993
102987
102980
102974
102967
102961
102954
102948
102941
102935
102928
102922
102916
102910
102904
102898
102893
102887
102882
102877
102872
102867
102862
102858
102854
102850
102847
102844
102841
102838
102836
102833
102832
102830
102829
102829
102828
102828
102829
102829
102830
102832
102834
102836
102839
102841
102845
102848
102852
102857
102862
102867
102872
102877
102883
102889
102896
102902
102909
102916
102923
102930
102937
102944
102951
102958
102965
102972
102978
102985
102992
102998
103004
103010
103015
103021
103026
103030
103035
103039
103043
103046
103049
103052
103055
103057
103059
103061
103062
103063
103064
103064
103064
103064
103063
103063
103061
103060
103058
103056
103054
103052
103049
103046
103042
103039
103035
103031
103027
103022
103017
103012
103007
103001
102996
102990
102984
102978
102972
102965
102959
102952
102945
102938
102931
102924
102917
102910
102903
102896
102889
102883
102876
102869
102863
102856
102850
102844
102838
102833
102827
102822
102817
102813
102809
102805
102801
102798
102796
102793
102791
102790
102789
102788
102788
102788
102789
102791
102793
102795
102798
102802
102806
102810
102816
102821
102828
102835
102843
102851
102860
102869
102879
102890
102901
102913
102925
102937
102951
102964
102978
102992
103006
103021
103035
103050
103064
103079
103093
103107
103121
103134
103147
103160
103171
103183
103194
103204
103213
103222
103231
103238
103245
103252
103258
103263
103268
103272
103276
103279
103281
103283
103285
103286
103287
103287
103287
103287
103286
103285
103284
103282
103281
103278
103276
103273
103271
103268
103265
103261
103258
103254
103251
103247
103243
103239
103235
103231
103227
103222
103218
103214
103210
103206
103201
103197
103193
103189
103184
103180
103176
103172
103167
103163
103159
103154
103150
103146
103142
103137
103133
103129
103124
103120
103115
103111
103106
103101
103097
103092
103087
103082
103077
103072
103067
103061
103056
103051
103045
103040
103034
103029
103023
103018
103012
103006
103000
102995
102989
102983
102978
102972
102967
102961
102956
102950
102945
102940
102935
102930
102925
102921
102917
102912
102908
102905
102901
102898
102895
102892
102889
102887
102885
102884
102882
102881
102880
102880
102880
102880
102881
102882
102884
102886
102888
102891
102894
102897
102901
102905
102910
102915
102921
102927
102934
102941
102948
102956
102964
102972
102981
102990
103000
103010
103020
103030
103041
103052
103063
103074
103085
103096
103107
103119
103130
103140
103151
103161
103172
103181
103191
103200
103208
103216
103224
103231
103238
103244
103249
103254
103258
103262
103265
103268
103270
103271
103272
103273
103272
103272
103271
103269
103267
103264
103261
103258
103254
103250
103245
103240
103234
103229
103223
103216
103209
103202
103195
103188
103180
103172
103164
103155
103147
103138
103129
103120
103111
103102
103093
103083
103074
103065
103055
103046
103036
103027
103018
103009
103000
102991
102982
102974
102966
102957
102950
102942
102935
102927
102921
102914
102908
102902
102896
102891
102886
102882
102878
102874
102871
102868
102865
102863
102862
102861
102860
102860
102860
102860
102862
102863
102865
102868
102871
102875
102879
102883
102889
102894
102900
102907
102914
102921
102929
102937
102946
102955
102964
102974
102984
102994
103005
103015
103026
103037
103048
103059
103070
103081
103092
103103
103114
103125
103135
103145
103155
103164
103173
103182
103191
103199
103207
103214
103221
103227
103233
103239
103244
103249
103253
103257
103261
103264
103267
103269
103271
103273
103274
103275
103275
103275
103275
103275
103274
103273
103271
103270
103267
103265
103263
103260
103257
103253
103250
103246
103242
103238
103233
103229
103224
103219
103214
103209
103203
103198
103192
103187
103181
103175
103169
103163
103157
103152
103146
103140
103134
103128
103122
103116
103111
103105
103100
103095
103090
103085
103080
103075
103071
103067
103063
103059
103056
103052
103050
103047
103045
103043
103041
103040
103039
103039
103039
103039
103040
103041
103043
103045
103047
103050
103053
103057
103061
103066
103071
103076
103082
103088
103095
103102
103109
103116
103124
103132
103140
103148
103156
103164
103173
103181
103188
103196
103203
103210
103217
103223
103229
103234
103239
103243
103247
103250
103253
103255
103256
103258
103258
103258
103257
103256
103255
103253
103250
103248
103244
103241
103237
103232
103228
103223
103217
103212
103206
103200
103193
103187
103180
103173
103166
103159
103152
103145
103137
103130
103123
103115
103108
103101
103093
103086
103079
103072
103065
103058
103052
103045
103039
103033
103028
103022
103017
103012
103007
103002
102998
102994
102991
102987
102985
102982
102980
102978
102976
102975
102974
102973
102973
102973
102973
102973
102974
102976
102977
102979
102981
102983
102985
102988
102990
102993
102996
102999
103003
103006
103009
103012
103016
103019
103022
103025
103028
103031
103033
103036
103038
103040
103042
103044
103046
103047
103049
103050
103051
103052
103052
103053
103053
103053
103053
103053
103053
103053
103053
103052
103052
103051
103050
103050
103049
103048
103047
103047
103046
103045
103044
103043
103043
103042
103041
103041
103040
103039
103039
103038
103038
103038
103037
103037
103037
103036
103036
103036
103035
103035
103035
103034
103034
103034
103033
103033
103032
103031
103031
103030
103029
103028
103027
103025
103024
103022
103021
103019
103017
103014
103012
103010
103007
103004
103001
102998
102995
102991
102988
102984
102980
102976
102972
102968
102964
102959
102955
102950
102946
102941
102936
102931
102926
102922
102917
102912
102907
102902
102897
102892
102887
102882
102877
102872
102867
102863
102858
102854
102849
102845
102841
102837
102833
102830
102826
102823
102820
102817
102814
102811
102809
102807
102805
102803
102802
102801
102800
102800
102799
102799
102800
102800
102801
102802
102804
102806
102808
102811
102814
102817
102821
102825
102829
102834
102839
102844
102850
102856
102863
102870
102877
102884
102892
102901
102909
102918
102927
102937
102946
102956
102966
102977
102987
102997
103008
103019
103029
103040
103050
103061
103071
103081
103091
103100
103109
103118
103127
103135
103143
103150
103157
103163
103169
103174
103179
103184
103188
103191
103194
103196
103198
103200
103201
103201
103201
103200
103199
103198
103196
103194
103191
103188
103185
103181
103177
103173
103168
103163
103157
103152
103146
103139
103133
103126
103119
103112
103104
103097
103089
103081
103073
103065
103057
103048
103040
103031
103023
103014
103005
102997
102988
102979
102971
102962
102954
102945
102937
102929
102920
102913
102905
102897
102890
102883
102876
102869
102862
102856
102850
102844
102838
102833
102828
102824
102819
102815
102812
102809
102806
102803
102801
102799
102798
102796
102796
102796
102796
102796
102797
102799
102801
102803
102806
102809
102813
102817
102822
102827
102833
102839
102846
102853
102860
102868
102877
102885
102895
102904
102914
102925
102936
102947
102958
102969
102981
102993
103005
103017
103029
103041
103053
103065
103076
103087
103098
103109
103119
103129
103139
103148
103156
103164
103171
103178
103184
103190
103195
103200
103204
103207
103210
103212
103214
103215
103215
103215
103215
103214
103212
103210
103208
103205
103202
103198
103194
103189
103184
103179
103173
103167
103161
103154
103147
103140
103133
103125
103117
103109
103100
103091
103083
103074
103064
103055
103046
103036
103027
103017
103007
102998
102988
102978
102968
102959
102949
102940
102930
102921
102912
102903
102895
102886
102878
102870
102862
102855
102848
102841
102835
102829
102823
102818
102813
102808
102804
102801
102797
102795
102793
102791
102790
102789
102789
102790
102791
102793
102795
102798
102802
102806
102811
102816
102822
102829
102837
102845
102854
102864
102874
102885
102896
102908
102921
102934
102947
102961
102975
102989
103004
103019
103033
103048
103062
103076
103090
103103
103116
103129
103140
103152
103162
103172
103182
103190
103198
103205
103212
103218
103223
103228
103232
103235
103238
103240
103242
103243
103244
103244
103244
103244
103243
103241
103240
103238
103235
103233
103230
103226
103223
103219
103215
103211
103207
103202
103197
103192
103187
103182
103177
103172
103166
103161
103155
103149
103144
103138
103132
103126
103121
103115
103109
103103
103098
103092
103086
103081
103075
103070
103064
103059
103053
103048
103043
103038
103033
103028
103023
103019
103014
103010
103006
103001
102997
102994
102990
102986
102983
102979
102976
102973
102970
102968
102965
102963
102961
102959
102957
102955
102954
102953
102952
102951
102950
102950
102950
102950
102950
102951
102952
102953
102954
102956
102958
102960
102963
102965
102968
102972
102975
102979
102983
102988
102992
102997
103003
103008
103014
103020
103027
103033
103040
103047
103054
103062
103069
103077
103085
103093
103101
103109
103117
103125
103133
103141
103149
103157
103164
103172
103179
103186
103192
103199
103205
103210
103216
103221
103225
103230
103234
103237
103240
103243
103245
103247
103248
103249
103250
103250
103250
103249
103248
103247
103245
103243
103241
103238
103235
103232
103228
103224
103220
103215
103210
103205
103200
103194
103188
103182
103175
103169
103162
103155
103148
103141
103133
103126
103118
103110
103102
103094
103086
103078
103070
103062
103053
103045
103037
103028
103020
103012
103004
102996
102988
102980
102972
102964
102957
102949
102942
102935
102928
102921
102915
102909
102903
102897
102891
102886
102881
102876
102872
102867
102864
102860
102857
102854
102851
102849
102847
102846
102844
102844
102843
102843
102844
102844
102846
102847
102849
102852
102855
102858
102862
102866
102871
102876
102881
102887
102894
102901
102908
102915
102924
102932
102941
102950
102960
102970
102980
102991
103002
103013
103024
103036
103047
103059
103071
103083
103095
103107
103118
103130
103141
103153
103164
103175
103185
103195
103205
103214
103223
103231
103239
103247
103253
103260
103266
103271
103276
103280
103284
103287
103290
103292
103293
103294
103295
103295
103294
103294
103292
103290
103288
103285
103282
103279
103275
103270
103266
103261
103255
103250
103244
103237
103231
103224
103217
103209
103201
103194
103185
103177
103169
103160
103151
103142
103133
103124
103114
103105
103095
103086
103076
103067
103057
103048
103038
103029
103019
103010
103001
102991
102983
102974
102965
102957
102948
102940
102933
102925
102918
102911
102904
102898
102892
102886
102881
102876
102871
102867
102863
102860
102857
102854
102852
102851
102850
102849
102849
102850
102851
102852
102855
102857
102861
102865
102870
102875
102881
102888
102896
102904
102914
102924
102935
102946
102959
102972
102986
103001
103017
103034
103052
103070
103089
103109
103129
103150
103171
103192
103214
103235
103257
103278
103299
103319
103338
103357
103374
103391
103407
103421
103435
103447
103458
103468
103477
103485
103492
103498
103503
103507
103510
103512
103513
103513
103513
103512
103510
103508
103505
103501
103497
103492
103487
103481
103475
103468
103461
103453
103445
103437
103428
103419
103409
103400
103390
103379
103369
103358
103347
103336
103325
103313
103302
103290
103278
103267
103255
103243
103231
103220
103208
103196
103185
103174
103162
103151
103141
103130
103120
103110
103100
103090
103081
103072
103064
103055
103048
103040
103033
103026
103020
103014
103008
103003
102999
102995
102991
102988
102985
102983
102981
102980
102979
102979
102979
102980
102981
102983
102985
102988
102992
102996
103001
103006
103011
103018
103024
103032
103040
103048
103057
103066
103076
103086
103096
103107
103118
103129
103141
103152
103164
103176
103188
103200
103212
103224
103235
103247
103258
103269
103280
103290
103300
103309
103318
103327
103335
103342
103349
103356
103362
103367
103372
103377
103381
103384
103387
103389
103391
103392
103393
103394
103394
103393
103392
103391
103389
103387
103384
103381
103377
103373
103369
103365
103360
103355
103349
103343
103337
103331
103324
103317
103310
103303
103295
103287
103279
103271
103263
103254
103246
103237
103228
103219
103210
103201
103191
103182
103173
103163
103154
103145
103135
103126
103117
103108
103099
103090
103081
103072
103064
103055
103047
103039
103031
103024
103016
103009
103002
102996
102989
102983
102977
102972
102967
102962
102958
102953
102950
102946
102943
102941
102938
102936
102935
102934
102933
102933
102933
102933
102934
102935
102937
102939
102941
102944
102948
102951
102955
102959
102964
102969
102974
102980
102986
102992
102998
103004
103011
103018
103025
103032
103039
103046
103053
103060
103066
103073
103080
103086
103093
103099
103105
103111
103116
103122
103127
103131
103136
103140
103144
103148
103151
103154
103157
103159
103161
103163
103165
103166
103168
103168
103169
103169
103169
103169
103169
103168
103168
103167
103165
103164
103162
103161
103159
103157
103154
103152
103149
103146
103144
103140
103137
103134
103131
103127
103123
103120
103116
103112
103108
103103
103099
103095
103090
103086
103081
103076
103072
103067
103062
103057
103052
103047
103042
103037
103032
103026
103021
103016
103011
103005
103000
102995
102990
102984
102979
102974
102969
102964
102959
102954
102949
102944
102939
102935
102930
102926
102921
102917
102913
102909
102905
102902
102898
102895
102892
102889
102887
102885
102883
102881
102879
102878
102877
102876
102876
102876
102876
102877
102878
102879
102880
102882
102885
102888
102891
102894
102898
102903
102907
102913
102918
102924
102931
102937
102944
102952
102960
102968
102976
102985
102994
103003
103012
103022
103032
103041
103051
103060
103070
103079
103089
103098
103106
103115
103123
103131
103138
103145
103151
103157
103163
103168
103172
103176
103179
103182
103185
103186
103188
103188
103189
103188
103188
103187
103185
103183
103181
103178
103175
103171
103167
103163
103158
103153
103148
103143
103137
103131
103125
103118
103111
103105
103098
103090
103083
103075
103068
103060
103052
103044
103036
103028
103020
103012
103004
102996
102988
102980
102972
102965
102957
102949
102942
102934
102927
102920
102913
102906
102900
102893
102887
102881
102875
102870
102865
102860
102855
102850
102846
102842
102839
102851
102850
102849
102848
102847
102845
102844
102843
102841
102840
102839
102837
102836
102835
102834
102833
102831
102830
102829
102828
102827
102825
102824
102823
102822
102821
102819
102818
102817
102816
102815
102813
102812
102811
102810
102809
102808
102807
102806
102805
102804
102803
102802
102801
102800
102799
102798
102797
102796
102795
102794
102793
102792
102792
102791
102790
102789
102788
102787
102786
102785
102785
102784
102783
102782
102781
102781
102780
102779
102778
102778
102777
102776
102775
102775
102774
102773
102772
102772
102771
102770
102770
102769
102768
102768
102767
102766
102766
102765
102764
102764
102763
102763
102762
102761
102761
102760
102760
102759
102758
102758
102757
102757
102756
102756
102755
102755
102754
102753
102753
102752
102752
102751
102751
102750
102750
102749
102749
102748
102748
102747
102746
102746
102745
102745
102744
102744
102743
102743
102742
102742
102741
102741
102740
102740
102739
102739
102738
102738
102737
102737
102736
102735
102735
102734
102734
102733
102733
102732
102732
102731
102731
102730
102730
102729
102729
102728
102728
102727
102727
102726
102726
102725
102725
102724
102724
102723
102723
102722
102722
102722
102721
102721
102720
102720
102719
102719
102718
102718
102718
102717
102717
102716
102716
102716
102715
102715
102715
102714
102714
102714
102713
102713
102713
102712
102712
102712
102711
102711
102711
102710
102710
102710
102710
102709
102709
102709
102709
102708
102708
102708
102708
102707
102707
102707
102707
102707
102706
102706
102706
102706
102706
102706
102705
102705
102705
102705
102705
102705
102704
102704
102704
102704
102704
102704
102703
102703
102703
102703
102703
102703
102703
102702
102702
102702
102702
102702
102702
102701
102701
102701
102701
102701
102701
102701
102700
102700
102700
102700
102700
102699
102699
102699
102699
102699
102698
102698
102698
102698
102698
102697
102697
102697
102697
102696
102696
102696
102696
102695
102695
102695
102694
102694
102694
102694
102693
102693
102693
102692
102692
102692
102691
102691
102690
102690
102690
102689
102689
102689
102688
102688
102687
102687
102686
102686
102686
102685
102685
102684
102684
102683
102683
102682
102682
102682
102681
102681
102680
102680
102679
102679
102678
102678
102677
102677
102676
102676
102675
102675
102674
102674
102673
102673
102672
102672
102671
102671
102670
102670
102669
102669
102668
102668
102667
102667
102666
102666
102665
102665
102665
102664
102664
102663
102663
102662
102662
102661
102661
102660
102660
102660
102659
102659
102658
102658
102658
102657
102657
102656
102656
102656
102655
102655
102655
102654
102654
102654
102653
102653
102653
102652
102652
102652
102651
102651
102651
102651
102650
102650
102650
102650
102649
102649
102649
102649
102648
102648
102648
102648
102648
102647
102647
102647
102647
102647
102646
102646
102646
102646
102646
102646
102645
102645
102645
102645
102645
102645
102645
102644
102644
102644
102644
102644
102644
102644
102644
102644
102643
102643
102643
102643
102643
102643
102643
102643
102643
102643
102642
102642
102642
102642
102642
102642
102642
102642
102642
102642
102642
102642
102642
102642
102641
102641
102641
102641
102641
102641
102641
102641
102641
102641
102641
102641
102641
102641
102641
102641
102641
102641
102641
102641
102641
102641
102641
102641
102641
102641
102641
102641
102641
102641
102641
102641
102641
102641
102641
102641
102641
102641
102641
102641
102641
102641
102641
102641
102641
102641
102641
102641
102641
102642
102642
102642
102642
102642
102642
102642
102642
102642
102642
102643
102643
102643
102643
102643
102643
102643
102643
102643
102644
102644
102644
102644
102644
102644
102644
102645
102645
102645
102645
102645
102645
102646
102646
102646
102646
102646
102646
102647
102647
102647
102647
102647
102648
102648
102648
102648
102648
102648
102649
102649
102649
102649
102649
102650
102650
102650
102650
102650
102651
102651
102651
102651
102651
102651
102652
102652
102652
102652
102652
102652
102653
102653
102653
102653
102653
102653
102654
102654
102654
102654
102654
102654
102654
102655
102655
102655
102655
102655
102655
102655
102655
102655
102655
102655
102656
102656
102656
102656
102656
102656
102656
102656
102656
102656
102656
102656
102656
102656
102656
102656
102656
102656
102656
102656
102655
102655
102655
102655
102655
102655
102655
102655
102655
102654
102654
102654
102654
102654
102654
102653
102653
102653
102653
102653
102652
102652
102652
102652
102651
102651
102651
102651
102650
102650
102650
102649
102649
102649
102648
102648
102648
102647
102647
102647
102646
102646
102646
102645
102645
102644
102644
102644
102643
102643
102642
102642
102642
102641
102641
102640
102640
102640
102639
102639
102638
102638
102637
102637
102637
102636
102636
102635
102635
102634
102634
102634
102633
102633
102632
102632
102631
102631
102631
102630
102630
102629
102629
102629
102628
102628
102627
102627
102627
102626
102626
102625
102625
102625
102624
102624
102624
102623
102623
102623
102622
102622
102622
102621
102621
102621
102621
102620
102620
102620
102620
102619
102619
102619
102619
102618
102618
102618
102618
102618
102618
102617
102617
102617
102617
102617
102617
102617
102616
102616
102616
102616
102616
102616
102616
102616
102616
102616
102616
102616
102616
102616
102616
102616
102616
102616
102616
102616
102616
102616
102617
102617
102617
102617
102617
102617
102617
102617
102618
102618
102618
102618
102618
102618
102619
102619
102619
102619
102619
102620
102620
102620
102620
102621
102621
102621
102621
102622
102622
102622
102622
102623
102623
102623
102624
102624
102624
102624
102625
102625
102625
102626
102626
102626
102627
102627
102627
102628
102628
102628
102629
102629
102629
102629
102630
102630
102630
102631
102631
102631
102632
102632
102632
102633
102633
102633
102634
102634
102634
102635
102635
102635
102635
102636
102636
102636
102637
102637
102637
102637
102638
102638
102638
102638
102639
102639
102639
102639
102640
102640
102640
102640
102641
102641
102641
102641
102641
102642
102642
102642
102642
102642
102642
102643
102643
102643
102643
102643
102643
102643
102644
102644
102644
102644
102644
102644
102644
102644
102644
102644
102644
102644
102644
102644
102645
102645
102645
102645
102645
102645
102645
102645
102645
102645
102644
102644
102644
102644
102644
102644
102644
102644
102644
102644
102644
102644
102644
102644
102644
102643
102643
102643
102643
102643
102643
102643
102643
102643
102642
102642
102642
102642
102642
102642
102641
102641
102641
102641
102641
102641
102640
102640
102640
102640
102640
102640
102639
102639
102639
102639
102639
102638
102638
102638
102638
102638
102637
102637
102637
102637
102637
102636
102636
102636
102636
102636
102635
102635
102635
102635
102635
102634
102634
102634
102634
102634
102633
102633
102633
102633
102632
102632
102632
102632
102632
102631
102631
102631
102631
102631
102630
102630
102630
102630
102630
102630
102629
102629
102629
102629
102629
102628
102628
102628
102628
102628
102628
102627
102627
102627
102627
102627
102627
102626
102626
102626
102626
102626
102626
102626
102626
102625
102625
102625
102625
102625
102625
102625
102625
102624
102624
102624
102624
102624
102624
102624
102624
102624
102624
102624
102623
102623
102623
102623
102623
102623
102623
102623
102623
102623
102623
102623
102623
102623
102623
102623
102623
102623
102623
102623
102623
102623
102623
102623
102623
102623
102623
102623
102623
102623
102623
102623
102623
102623
102623
102623
102623
102623
102623
102623
102623
102623
102624
102624
102624
102624
102624
102624
102624
102624
102624
102624
102624
102625
102625
102625
102625
102625
102625
102625
102625
102625
102626
102626
102626
102626
102626
102626
102626
102627
102627
102627
102627
102627
102627
102627
102628
102628
102628
102628
102628
102628
102628
102629
102629
102629
102629
102629
102629
102630
102630
102630
102630
102630
102630
102630
102631
102631
102631
102631
102631
102631
102631
102631
102632
102632
102632
102632
102632
102632
102632
102632
102633
102633
102633
102633
102633
102633
102633
102633
102633
102633
102633
102634
102634
102634
102634
102634
102634
102634
102634
102634
102634
102634
102634
102634
102634
102634
102634
102634
102634
102634
102634
102634
102634
102634
102634
102634
102634
102634
102634
102634
102634
102634
102634
102634
102634
102634
102634
102634
102634
102634
102634
102634
102634
102634
102634
102634
102634
102634
102634
102634
102634
102634
102634
102634
102634
102634
102633
102633
102633
102633
102633
102633
102633
102633
102633
102633
102633
102633
102633
102633
102633
102633
102633
102633
102633
102633
102632
102632
102632
102632
102632
102632
102632
102632
102632
102632
102632
102632
102632
102632
102632
102632
102632
102632
102632
102632
102632
102632
102632
102631
102631
102631
102631
102631
102631
102631
102631
102631
102631
102631
102631
102631
102631
102631
102631
102631
102631
102631
102631
102631
102631
102631
102631
102631
102631
102631
102631
102631
102631
102631
102631
102631
102631
102631
102631
102631
102631
102631
102631
102630
102630
102630
102630
102630
102630
102630
102630
102630
102630
102630
102630
102630
102630
102630
102630
102630
102630
102630
102630
102630
102630
102630
102630
102630
102630
102630
102630
102630
102630
102630
102630
102630
102630
102630
102630
102629
102629
102629
102629
102629
102629
102629
102629
102629
102629
102629
102629
102629
102629
102629
102629
102629
102629
102629
102629
102629
102629
102629
102629
102629
102629
102629
102629
102629
102629
102629
102629
102629
102628
102628
102628
102628
102628
102628
102628
102628
102628
102628
102628
102628
102628
102628
102628
102628
102628
102628
102628
102628
102628
102628
102628
102628
102628
102628
102628
102628
102628
102628
102628
102628
102628
102628
102628
102628
102628
102628
102628
102628
102628
102628
102628
102628
102628
102628
102628
102628
102628
102628
102628
102628
102628
102628
102628
102628
102628
102628
102628
102628
102628
102628
102628
102628
102628
102628
102628
102628
102628
102628
102628
102628
102628
102628
102628
102628
102628
102628
102628
102628
102628
102628
102628
102628
102628
102628
102628
102628
102628
102628
102628
102628
102628
102628
102628
102628
102628
102628
102628
102628
102628
102628
102628
102628
102628
102628
102628
102628
102628
102628
102628
102627
102627
102627
102627
102627
102627
102627
102627
102627
102627
102627
102627
102627
102627
102627
102627
102627
102627
102627
102627
102627
102627
102627
102627
102627
102627
102627
102627
102627
102627
102627
102627
102627
102627
102627
102627
102627
102627
102627
102627
102627
102627
102627
102627
102627
102627
102627
102627
102627
102627
102627
102627
102627
102627
102627
102627
102627
102627
102627
102627
102627
102627
102627
102627
102627
102627
102627
102628
102628
102628
102628
102628
102628
102628
102628
102628
102628
102628
102628
102629
102629
102629
102629
102629
102629
102629
102629
102629
102630
102630
102630
102630
102630
102630
102630
102630
102631
102631
102631
102631
102631
102631
102631
102632
102632
102632
102632
102632
102632
102632
102633
102633
102633
102633
102633
102633
102633
102634
102634
102634
102634
102634
102634
102634
102634
102635
102635
102635
102635
102635
102635
102635
102635
102636
102636
102636
102636
102636
102636
102636
102636
102636
102637
102637
102637
102637
102637
102637
102637
102637
102637
102637
102637
102637
102637
102637
102638
102638
102638
102638
102638
102638
102638
102638
102638
102638
102638
102638
102638
102638
102638
102638
102638
102638
102638
102638
102638
102638
102638
102638
102638
102637
102637
102637
102637
102637
102637
102637
102637
102637
102637
102637
102637
102637
102636
102636
102636
102636
102636
102636
102636
102636
102635
102635
102635
102635
102635
102635
102635
102635
102634
102634
102634
102634
102634
102634
102633
102633
102633
102633
102633
102633
102632
102632
102632
102632
102632
102631
102631
102631
102631
102631
102631
102630
102630
102630
102630
102630
102629
102629
102629
102629
102629
102629
102628
102628
102628
102628
102628
102627
102627
102627
102627
102627
102627
102626
102626
102626
102626
102626
102626
102625
102625
102625
102625
102625
102625
102625
102624
102624
102624
102624
102624
102624
102624
102624
102623
102623
102623
102623
102623
102623
102623
102623
102623
102623
102622
102622
102622
102622
102622
102622
102622
102622
102622
102622
102622
102622
102622
102622
102622
102622
102622
102622
102622
102622
102622
102621
102621
102621
102621
102621
102621
102621
102622
102622
102622
102622
102622
102622
102622
102622
102622
102622
102622
102622
102622
102622
102622
102622
102622
102622
102622
102622
102622
102622
102623
102623
102623
102623
102623
102623
102623
102623
102623
102623
102623
102624
102624
102624
102624
102624
102624
102624
102624
102624
102625
102625
102625
102625
102625
102625
102625
102625
102626
102626
102626
102626
102626
102626
102626
102626
102627
102627
102627
102627
102627
102627
102627
102628
102628
102628
102628
102628
102628
102628
102629
102629
102629
102629
102629
102629
102629
102630
102630
102630
102630
102630
102630
102630
102631
102631
102631
102631
102631
102631
102631
102632
102632
102632
102632
102632
102632
102632
102632
102633
102633
102633
102633
102633
102633
102633
102633
102634
102634
102634
102634
102634
102634
102634
102634
102634
102635
102635
102635
102635
102635
102635
102635
102635
102635
102635
102636
102636
102636
102636
102636
102636
102636
102636
102636
102636
102636
102636
102636
102636
102636
102636
102637
102637
102637
102637
102637
102637
102637
102637
102637
102637
102637
102637
102637
102637
102637
102637
102637
102637
102637
102637
102637
102637
102637
102637
102637
102637
102637
102637
102637
102637
102636
102636
102636
102636
102636
102636
102636
102636
102636
102636
102636
102636
102636
102636
102636
102635
102635
102635
102635
102635
102635
102635
102635
102635
102634
102634
102634
102634
102634
102634
102634
102634
102633
102633
102633
102633
102633
102633
102633
102632
102632
102632
102632
102632
102632
102632
102631
102631
102631
102631
102631
102631
102630
102630
102630
102630
102630
102630
102629
102629
102629
102629
102629
102629
102629
102628
102628
102628
102628
102628
102628
102627
102627
102627
102627
102627
102627
102626
102626
102626
102626
102626
102626
102626
102625
102625
102625
102625
102625
102625
102625
102625
102624
102624
102624
102624
102624
102624
102624
102624
102624
102624
102623
102623
102623
102623
102623
102623
102623
102623
102623
102623
102623
102623
102623
102623
102623
102623
102623
102623
102623
102623
102623
102623
102623
102623
102623
102623
102623
102623
102623
102623
102623
102623
102623
102623
102623
102623
102623
102623
102623
102623
102623
102623
102623
102623
102623
102624
102624
102624
102624
102624
102624
102624
102624
102624
102624
102625
102625
102625
102625
102625
102625
102625
102625
102626
102626
102626
102626
102626
102626
102626
102627
102627
102627
102627
102627
102627
102628
102628
102628
102628
102628
102628
102629
102629
102629
102629
102629
102629
102629
102630
102630
102630
102630
102630
102630
102631
102631
102631
102631
102631
102631
102631
102632
102632
102632
102632
102632
102632
102632
102633
102633
102633
102633
102633
102633
102633
102634
102634
102634
102634
102634
102634
102634
102634
102634
102634
102635
102635
102635
102635
102635
102635
102635
102635
102635
102635
102635
102635
102635
102635
102636
102636
102636
102636
102636
102636
102636
102636
102636
102636
102636
102636
102636
102636
102636
102636
102636
102636
102636
102636
102636
102636
102636
102636
102636
102636
102636
102636
102636
102636
102636
102635
102635
102635
102635
102635
102635
102635
102635
102635
102635
102635
102635
102635
102635
102635
102635
102634
102634
102634
102634
102634
102634
102634
102634
102634
102634
102634
102633
102633
102633
102633
102633
102633
102633
102633
102633
102633
102632
102632
102632
102632
102632
102632
102632
102632
102632
102631
102631
102631
102631
102631
102631
102631
102631
102631
102630
102630
102630
102630
102630
102630
102630
102630
102630
102629
102629
102629
102629
102629
102629
102629
102629
102629
102629
102628
102628
102628
102628
102628
102628
102628
102628
102628
102628
102627
102627
102627
102627
102627
102627
102627
102627
102627
102627
102627
102627
102627
102626
102626
102626
102626
102626
102626
102626
102626
102626
102626
102626
102626
102626
102626
102626
102626
102626
102626
102626
102626
102626
102626
102625
102625
102625
102625
102625
102625
102625
102625
102625
102625
102625
102625
102625
102625
102625
102625
102625
102625
102625
102625
102625
102625
102625
102626
102626
102626
102626
102626
102626
102626
102626
102626
102626
102626
102626
102626
102626
102626
102626
102626
102626
102626
102626
102626
102626
102626
102627
102627
102627
102627
102627
102627
102627
102627
102627
102627
102627
102627
102627
102627
102627
102628
102628
102628
102628
102628
102628
102628
102628
102628
102628
102628
102628
102628
102629
102629
102629
102629
102629
102629
102629
102629
102629
102629
102629
102629
102629
102629
102629
102630
102630
102630
102630
102630
102630
102630
102630
102630
102630
102630
102630
102630
102630
102630
102630
102630
102630
102630
102630
102631
102631
102631
102631
102631
102631
102631
102631
102631
102631
102631
102631
102631
102631
102631
102631
102631
102631
102631
102631
102631
102631
102631
102631
102631
102631
102631
102631
102631
102631
102631
102631
102631
102631
102631
102631
102631
102631
102631
102631
102631
102631
102631
102631
102631
102631
102631
102631
102631
102631
102631
102631
102631
102631
102631
102631
102631
102630
102630
102630
102630
102630
102630
102630
102630
102630
102630
102630
102630
102630
102630
102630
102630
102630
102630
102630
102630
102630
102630
102630
102630
102630
102630
102630
102630
102630
102630
102630
102630
102630
102630
102630
102630
102630
102630
102630
102630
102630
102630
102630
102630
102630
102630
102630
102630
102630
102630
102630
102630
102630
102630
102630
102630
102630
102630
102630
102630
102630
102630
102630
102630
102630
102630
102630
102630
102630
102630
102630
102630
102630
102630
102630
102630
102630
102630
102630
102630
102630
102630
102630
102630
102630
102630
102630
102630
102630
102630
102630
102630
102630
102630
102630
102630
102630
102630
102630
102630
102630
102630
102630
102630
102630
102630
102630
102630
102630
102630
102630
102630
102630
102630
102630
102630
102631
102631
102631
102631
102631
102631
102631
102631
102631
102631
102631
102631
102631
102631
102631
102631
102631
102631
102631
102631
102631
102631
102631
102631
102631
102631
102631
102631
102631
102631
102631
102631
102631
102631
102631
102631
102631
102631
102631
102631
102631
102631
102631
102631
102631
102631
102631
102631
102631
102632
102632
102632
102632
102632
102632
102632
102632
102632
102632
102632
102632
102632
102632
102632
102632
102632
102632
102632
102632
102632
102632
102632
102632
102632
102632
102632
102632
102632
102632
102632
102632
102632
102632
102632
102632
102632
102632
102632
102632
102632
102632
102632
102632
102632
102632
102632
102632
102632
102631
102631
102631
102631
102631
102631
102631
102631
102631
102631
102631
102631
102631
102631
102631
102631
102631
102631
102631
102631
102631
102631
102631
102631
102631
102631
102631
102631
102631
102631
102631
102630
102630
102630
102630
102630
102630
102630
102630
102630
102630
102630
102630
102630
102630
102630
102630
102630
102630
102629
102629
102629
102629
102629
102629
102629
102629
102629
102629
102629
102629
102629
102629
102629
102628
102628
102628
102628
102628
102628
102628
102628
102628
102628
102628
102628
102628
102628
102628
102627
102627
102627
102627
102627
102627
102627
102627
102627
102627
102627
102627
102627
102627
102627
102627
102627
102626
102626
102626
102626
102626
102626
102626
102626
102626
102626
102626
102626
102626
102626
102626
102626
102626
102626
102626
102626
102626
102626
102626
102626
102626
102626
102626
102626
102626
102626
102626
102626
102626
102626
102626
102626
102626
102626
102626
102626
102626
102626
102626
102626
102626
102626
102626
102626
102626
102626
102626
102626
102626
102626
102626
102626
102626
102626
102627
102627
102627
102627
102627
102627
102627
102627
102627
102627
102627
102627
102627
102627
102628
102628
102628
102628
102628
102628
102628
102628
102628
102628
102628
102628
102629
102629
102629
102629
102629
102629
102629
102629
102629
102629
102629
102630
102630
102630
102630
102630
102630
102630
102630
102630
102630
102631
102631
102631
102631
102631
102631
102631
102631
102631
102631
102631
102632
102632
102632
102632
102632
102632
102632
102632
102632
102632
102632
102632
102633
102633
102633
102633
102633
102633
102633
102633
102633
102633
102633
102633
102633
102633
102633
102633
102633
102633
102633
102634
102634
102634
102634
102634
102634
102634
102634
102634
102634
102634
102634
102634
102634
102634
102634
102634
102634
102634
102634
102634
102634
102634
102634
102634
102634
102634
102634
102634
102634
102634
102633
102633
102633
102633
102633
102633
102633
102633
102633
102633
102633
102633
102633
102633
102633
102633
102633
102633
102633
102632
102632
102632
102632
102632
102632
102632
102632
102632
102632
102632
102632
102631
102631
102631
102631
102631
102631
102631
102631
102631
102631
102631
102631
102630
102630
102630
102630
102630
102630
102630
102630
102630
102630
102630
102629
102629
102629
102629
102629
102629
102629
102629
102629
102629
102629
102628
102628
102628
102628
102628
102628
102628
102628
102628
102628
102628
102628
102627
102627
102627
102627
102627
102627
102627
102627
102627
102627
102627
102627
102627
102627
102627
102627
102626
102626
102626
102626
102626
102626
102626
102626
102626
102626
102626
102626
102626
102626
102626
102626
102626
102626
102626
102626
102626
102626
102626
102626
102626
102626
102626
102626
102626
102626
102626
102626
102626
102626
102626
102626
102626
102626
102626
102626
102626
102626
102626
102626
102626
102626
102626
102626
102626
102627
102627
102627
102627
102627
102627
102627
102627
102627
102627
102627
102627
102627
102627
102627
102627
102627
102628
102628
102628
102628
102628
102628
102628
102628
102628
102628
102628
102628
102628
102629
102629
102629
102629
102629
102629
102629
102629
102629
102629
102629
102629
102630
102630
102630
102630
102630
102630
102630
102630
102630
102630
102630
102630
102631
102631
102631
102631
102631
102631
102631
102631
102631
102631
102631
102631
102632
102632
102632
102632
102632
102632
102632
102632
102632
102632
102632
102632
102632
102632
102632
102633
102633
102633
102633
102633
102633
102633
102633
102633
102633
102633
102633
102633
102633
102633
102633
102633
102633
102633
102633
102633
102633
102633
102633
102633
102633
102634
102634
102634
102634
102634
102634
102634
102634
102634
102634
102634
102634
102634
102634
102634
102634
102634
102634
102634
102634
102633
102633
102633
102633
102633
102633
102633
102633
102633
102633
102633
102633
102633
102633
102633
102633
102633
102633
102633
102633
102633
102633
102633
102633
102633
102633
102632
102632
102632
102632
102632
102632
102632
102632
102632
102632
102632
102632
102632
102632
102632
102631
102631
102631
102631
102631
102631
102631
102631
102631
102631
102631
102631
102631
102630
102630
102630
102630
102630
102630
102630
102630
102630
102630
102630
102630
102630
102629
102629
102629
102629
102629
102629
102629
102629
102629
102629
102629
102629
102629
102629
102628
102628
102628
102628
102628
102628
102628
102628
102628
102628
102628
102628
102628
102628
102628
102628
102628
102628
102627
102627
102627
102627
102627
102627
102627
102627
102627
102627
102627
102627
102627
102627
102627
102627
102627
102627
102627
102627
102627
102627
102627
102627
102627
102627
102627
102627
102627
102627
102627
102627
102627
102627
102627
102627
102627
102627
102627
102627
102627
102627
102627
102627
102627
102627
102627
102627
102627
102627
102627
102627
102627
102627
102627
102627
102627
102627
102627
102627
102627
102627
102627
102627
102627
102627
102627
102627
102627
102627
102627
102627
102628
102628
102628
102628
102628
102628
102628
102628
102628
102628
102628
102628
102628
102628
102628
102628
102628
102628
102628
102628
102628
102628
102628
102628
102629
102629
102629
102629
102629
102629
102629
102629
102629
102629
102629
102629
102629
102629
102629
102629
102629
102629
102629
102629
102629
102629
102629
102629
102630
102630
102630
102630
102630
102630
102630
102630
102630
102630
102630
102630
102630
102630
102630
102630
102630
102630
102630
102630
102630
102630
102630
102630
102630
102630
102630
102630
102630
102630
102630
102630
102630
102630
102630
102630
102630
102631
102631
102631
102631
102631
102631
102631
102631
102631
102631
102631
102631
102631
102631
102631
102631
102631
102631
102631
102631
102631
102631
102631
102631
102631
102631
102631
102631
102631
102631
102631
102631
102631
102631
102631
102631
102631
102631
102631
102631
102631
102631
102631
102631
102630
102630
102630
102630
102630
102630
102630
102630
102630
102630
102630
102630
102630
102630
102630
102630
102630
102630
102630
102630
102630
102630
102630
102630
102630
102630
102630
102630
102630
102630
102630
102630
102630
102630
102630
102630
102630
102630
102630
102630
102630
102630
102630
102630
102630
102630
102630
102630
102630
102630
102630
102630
102629
102629
102629
102629
102629
102629
102629
102629
102629
102629
102629
102629
102629
102629
102629
102629
102629
102629
102629
102629
102629
102629
102629
102629
102629
102629
102629
102629
102629
102629
102629
102629
102629
102629
102629
102629
102629
102629
102629
102629
102629
102629
102629
102629
102629
102629
102629
102629
102629
102629
102629
102629
102629
102629
102630
102630
102630
102630
102630
102630
102630
102630
102630
102630
102630
102630
102630
102630
102630
102630
102630
102630
102630
102630
102630
102630
102630
102630
102630
102630
102630
102630
102630
102630
102631
102631
102631
102631
102631
102631
102631
102631
102631
102631
102631
102631
102631
102631
102631
102631
102631
102631
102631
102631
102631
102631
102631
102631
102631
102632
102632
102632
102632
102632
102632
102632
102632
102632
102632
102632
102632
102632
102632
102632
102632
102632
102632
102632
102632
102632
102632
102632
102632
102632
102632
102632
102632
102632
102632
102632
102632
102632
102632
102632
102632
102632
102632
102632
102632
102632
102632
102632
102632
102632
102632
102632
102632
102632
102632
102632
102632
102632
102632
102632
102632
102632
102632
102632
102632
102632
102632
102632
102632
102632
102631
102631
102631
102631
102631
102631
102631
102631
102631
102631
102631
102631
102631
102631
102631
102631
102631
102631
102630
102630
102630
102630
102630
102630
102630
102630
102630
102630
102630
102630
102630
102630
102629
102629
102629
102629
102629
102629
102629
102629
102629
102629
102629
102629
102629
102629
102628
102628
102628
102628
102628
102628
102628
102628
102628
102628
102628
102628
102628
102628
102627
102627
102627
102627
102627
102627
102627
102627
102627
102627
102627
102627
102627
102627
102627
102627
102627
102627
102627
102627
102627
102626
102626
102626
102626
102626
102626
102626
102626
102626
102626
102626
102626
102626
102626
102626
102626
102626
102626
102626
102626
102626
102626
102626
102626
102626
102626
102626
102626
102626
102626
102626
102626
102626
102626
102626
102626
102626
102626
102626
102626
102626
102627
102627
102627
102627
102627
102627
102627
102627
102627
102627
102627
102627
102627
102627
102627
102627
102627
102627
102627
102627
102627
102628
102628
102628
102628
102628
102628
102628
102628
102628
102628
102628
102628
102628
102628
102628
102629
102629
102629
102629
102629
102629
102629
102629
102629
102629
102629
102629
102629
102629
102630
102630
102630
102630
102630
102630
102630
102630
102630
102630
102630
102630
102630
102630
102630
102631
102631
102631
102631
102631
102631
102631
102631
102631
102631
102631
102631
102631
102631
102631
102631
102631
102632
102632
102632
102632
102632
102632
102632
102632
102632
102632
102632
102632
102632
102632
102632
102632
102632
102632
102632
102632
102632
102632
102632
102632
102632
102632
102632
102632
102633
102633
102633
102633
102633
102633
102633
102633
102633
102633
102633
102633
102633
102633
102633
102633
102633
102633
102633
102633
102633
102633
102633
102633
102633
102633
102632
102632
102632
102632
102632
102632
102632
102632
102632
102632
102632
102632
102632
102632
102632
102632
102632
102632
102632
102632
102632
102632
102632
102632
102632
102632
102632
102632
102632
102631
102631
102631
102631
102631
102631
102631
102631
102631
102631
102631
102631
102631
102631
102631
102631
102631
102631
102630
102630
102630
102630
102630
102630
102630
102630
102630
102630
102630
102630
102630
102630
102630
102630
102629
102629
102629
102629
102629
102629
102629
102629
102629
102629
102629
102629
102629
102629
102629
102629
102628
102628
102628
102628
102628
102628
102628
102628
102628
102628
102628
102628
102628
102628
102628
102628
102628
102628
102627
102627
102627
102627
102627
102627
102627
102627
102627
102627
102627
102627
102627
102627
102627
102627
102627
102627
102627
102627
102627
102627
102627
102627
102627
102627
102627
102627
102627
102627
102627
102627
102627
102627
102627
102627
102627
102627
102627
102627
102627
102627
102627
102627
102627
102627
102627
102627
102627
102627
102627
102627
102627
102627
102627
102627
102627
102627
102627
102627
102627
102627
102627
102627
102627
102627
102627
102627
102627
102627
102628
102628
102628
102628
102628
102628
102628
102628
102628
102628
102628
102628
102628
102628
102628
102628
102628
102629
102629
102629
102629
102629
102629
102629
102629
102629
102629
102629
102629
102629
102630
102630
102630
102630
102630
102630
102630
102630
102630
102630
102630
102630
102630
102631
102631
102631
102631
102631
102631
102631
102631
102631
102631
102631
102631
102631
102631
102632
102632
102632
102632
102632
102632
102632
102632
102632
102632
102632
102632
102632
102632
102632
102632
102633
102633
102633
102633
102633
102633
102633
102633
102633
102633
102633
102633
102633
102633
102633
102633
102633
102633
102633
102633
102633
102633
102633
102633
102633
102633
102633
102633
102633
102634
102634
102634
102634
102634
102634
102634
102634
102634
102634
102634
102633
102633
102633
102633
102633
102633
102633
102633
102633
102633
102633
102633
102633
102633
102633
102633
102633
102633
102633
102633
102633
102633
102633
102633
102633
102633
102633
102633
102633
102632
102632
102632
102632
102632
102632
102632
102632
102632
102632
102632
102632
102632
102632
102632
102632
102631
102631
102631
102631
102631
102631
102631
102631
102631
102631
102631
102631
102631
102631
102630
102630
102630
102630
102630
102630
102630
102630
102630
102630
102630
102630
102629
102629
102629
102629
102629
102629
102629
102629
102629
102629
102629
102629
102629
102629
102628
102628
102628
102628
102628
102628
102628
102628
102628
102628
102628
102628
102628
102628
102628
102627
102627
102627
102627
102627
102627
102627
102627
102627
102627
102627
102627
102627
102627
102627
102627
102627
102627
102627
102627
102627
102627
102627
102627
102626
102626
102626
102626
102626
102626
102626
102626
102626
102626
102626
102626
102626
102626
102626
102626
102626
102626
102626
102626
102626
102626
102626
102626
102626
102626
102626
102626
102626
102626
102626
102626
102626
102626
102626
102626
102626
102626
102627
102627
102627
102627
102627
102627
102627
102627
102627
102627
102627
102627
102627
102627
102627
102627
102627
102627
102627
102627
102627
102627
102627
102627
102627
102627
102628
102628
102628
102628
102628
102628
102628
102628
102628
102628
102628
102628
102628
102628
102628
102628
102628
102628
102628
102629
102629
102629
102629
102629
102629
102629
102629
102629
102629
102629
102629
102629
102629
102629
102629
102629
102629
102629
102630
102630
102630
102630
102630
102630
102630
102630
102630
102630
102630
102630
102630
102630
102630
102630
102630
102630
102630
102630
102630
102630
102631
102631
102631
102631
102631
102631
102631
102631
102631
102631
102631
102631
102631
102631
102631
102631
102631
102631
102631
102631
102631
102631
102631
102631
102631
102631
102631
102631
102631
102631
102631
102631
102631
102631
102631
102631
102631
102631
102631
102631
102631
102631
102631
102631
102631
102631
102631
102631
102631
102631
102631
102631
102631
102631
102631
102631
102631
102631
102631
102631
102631
102631
102631
102631
102631
102631
102631
102631
102631
102631
102631
102631
102631
102631
102631
102631
102631
102631
102631
102631
102631
102631
102631
102631
102631
102631
102631
102631
102631
102631
102631
102631
102631
102631
102631
102631
102631
102630
102630
102630
102630
102630
102630
102630
102630
102630
102630
102630
102630
102630
102630
102630
102630
102630
102630
102630
102630
102630
102630
102630
102630
102630
102630
102630
102630
102630
102630
102630
102630
102630
102630
102630
102630
102630
102630
102630
102630
102630
102630
102630
102630
102630
102630
102630
102630
102630
102630
102630
102630
102630
102630
102630
102630
102630
102630
102630
102630
102630
102630
102630
102630
102630
102630
102630
102630
102630
102630
102630
102630
102630
102630
102630
102630
102630
102630
102630
102630
102630
102630
102630
102630
102630
102630
102630
102630
102630
102630
102630
102630
102630
102630
102630
102630
102630
102630
102630
102630
102630
102630
102630
102630
102630
102630
102630
102630
102630
102630
102630
102630
102630
102630
102630
102630
102630
102630
102630
102630
102630
102630
102630
102630
102630
102630
102630
102630
102630
102630
102630
102630
102630
102630
102630
102630
102630
102630
102630
102630
102630
102630
102630
102630
102630
102630
102630
102630
102630
102630
102630
102630
102630
102630
102630
102630
102630
102630
102630
102630
102630
102630
102630
102630
102630
102630
102630
102630
102630
102630
102630
102630
102630
102630
102630
102630
102630
102630
102630
102630
102630
102630
102630
102630
102630
102630
102630
102630
102630
102630
102630
102630
102630
102630
102630
102630
102630
102630
102629
102629
102629
102629
102629
102629
102629
102629
102629
102629
102629
102629
102629
102629
102629
102629
102629
102629
102629
102629
102629
102629
102629
102629
102629
102629
102629
102629
102629
102629
102629
102629
102629
102629
102629
102629
102629
102629
102629
102629
102629
102629
102629
102629
102629
102629
102629
102629
102629
102629
102629
102629
102628
102628
102628
102628
102628
102628
102628
102628
102628
102628
102628
102628
102628
102628
102628
102628
102628
102628
102628
102628
102628
102628
102628
102628
102628
102628
102628
102628
102628
102628
102628
102628
102628
102628
102628
102628
102628
102628
102628
102628
102628
102628
102629
102629
102629
102629
102629
102629
102629
102629
102629
102629
102629
102629
102629
102629
102629
102629
102629
102629
102629
102629
102629
102629
102629
102629
102629
102629
102629
102629
102629
102629
102629
102629
102629
102629
102629
102629
102629
102629
102629
102629
102629
102629
102629
102629
102629
102629
102630
102630
102630
102630
102630
102630
102630
102630
102630
102630
102630
102630
102630
102630
102630
102630
102630
102630
102630
102630
102630
102630
102630
102630
102630
102630
102630
102630
102630
102630
102630
102630
102630
102630
102630
102630
102630
102631
102631
102631
102631
102631
102631
102631
102631
102631
102631
102631
102631
102631
102631
102631
102631
102631
102631
102631
102631
102631
102631
102631
102631
102631
102631
102631
102631
102631
102631
102631
102631
102631
102631
102631
102631
102631
102631
102631
102631
102631
102631
102631
102631
102631
102631
102631
102631
102631
102631
102631
102631
102631
102631
102631
102631
102631
102631
102631
102631
102631
102631
102631
102631
102631
102631
102631
102631
102631
102631
102631
102631
102631
102630
102630
102630
102630
102630
102630
102630
102630
102630
102630
102630
102630
102630
102630
102630
102630
102630
102630
102630
102630
102630
102630
102630
102630
102630
102630
102630
102630
102630
102630
102629
102629
102629
102629
102629
102629
102629
102629
102629
102629
102629
102629
102629
102629
102629
102629
102629
102629
102629
102629
102629
102629
102629
102629
102629
102629
102629
102628
102628
102628
102628
102628
102628
102628
102628
102628
102628
102628
102628
102628
102628
102628
102628
102628
102628
102628
102628
102628
102628
102628
102628
102628
102628
102628
102628
102628
102628
102628
102628
102628
102628
102628
102628
102628
102628
102628
102628
102628
102628
102628
102628
102628
102628
102628
102628
102628
102628
102628
102628
102628
102628
102628
102628
102628
102628
102628
102628
102628
102628
102628
102628
102628
102628
102628
102628
102628
102628
102628
102628
102628
102628
102628
102628
102628
102629
102629
102629
102629
102629
102629
102629
102629
102629
102629
102629
102629
102629
102629
102629
102629
102629
102629
102629
102629
102629
102629
102630
102630
102630
102630
102630
102630
102630
102630
102630
102630
102630
102630
102630
102630
102630
102630
102630
102630
102630
102631
102631
102631
102631
102631
102631
102631
102631
102631
102631
102631
102631
102631
102631
102631
102631
102631
102631
102631
102631
102631
102632
102632
102632
102632
102632
102632
102632
102632
102632
102632
102632
102632
102632
102632
102632
102632
102632
102632
102632
102632
102632
102632
102632
102632
102632
102632
102632
102632
102632
102632
102632
102632
102632
102632
102632
102632
102632
102632
102632
102632
102632
102632
102632
102632
102632
102632
102632
102632
102632
102632
102632
102632
102632
102632
102632
102632
102632
102632
102632
102632
102632
102632
102632
102632
102632
102632
102632
102632
102632
102632
102632
102632
102632
102632
102632
102632
102632
102632
102632
102632
102632
102632
102632
102632
102632
102631
102631
102631
102631
102631
102631
102631
102631
102631
102631
102631
102631
102631
102631
102631
102631
102631
102631
102631
102631
102630
102630
102630
102630
102630
102630
102630
102630
102630
102630
102630
102630
102630
102630
102630
102630
102630
102630
102629
102629
102629
102629
102629
102629
102629
102629
102629
102629
102629
102629
102629
102629
102629
102629
102629
102629
102629
102629
102628
102628
102628
102628
102628
102628
102628
102628
102628
102628
102628
102628
102628
102628
102628
102628
102628
102628
102628
102628
102628
102628
102628
102628
102628
102627
102627
102627
102627
102627
102627
102627
102627
102627
102627
102627
102627
102627
102627
102627
102627
102627
102627
102627
102627
102627
102627
102627
102627
102627
102627
102627
102627
102627
102627
102627
102627
102627
102627
102627
102627
102627
102627
102627
102627
102627
102627
102627
102627
102627
102627
102627
102627
102627
102627
102627
102627
102627
102627
102627
102627
102627
102627
102627
102627
102627
102627
102627
102627
102628
102628
102628
102628
102628
102628
102628
102628
102628
102628
102628
102628
102628
102628
102628
102628
102628
102628
102628
102628
102628
102628
102628
102628
102628
102628
102628
102628
102629
102629
102629
102629
102629
102629
102629
102629
102629
102629
102629
102629
102629
102629
102629
102629
102629
102629
102629
102629
102629
102629
102629
102629
102630
102630
102630
102630
102630
102630
102630
102630
102630
102630
102630
102630
102630
102630
102630
102630
102630
102630
102630
102630
102630
102630
102630
102630
102630
102630
102630
102631
102631
102631
102631
102631
102631
102631
102631
102631
102631
102631
102631
102631
102631
102631
102631
102631
102631
102631
102631
102631
102631
102631
102631
102631
102631
102631
102631
102631
102631
102631
102631
102631
102631
102631
102631
102631
102631
102631
102631
102631
102631
102631
102631
102631
102631
102631
102631
102631
102631
102631
102631
102631
102631
102631
102631
102631
102631
102631
102631
102631
102631
102631
102631
102631
102631
102631
102631
102631
102631
102631
102631
102631
102631
102631
102631
102631
102631
102631
102631
102631
102631
102631
102631
102631
102631
102631
102631
102631
102631
102631
102631
102631
102631
102631
102631
102631
102631
102631
102631
102631
102630
102630
102630
102630
102630
102630
102630
102630
102630
102630
102630
102630
102630
102630
102630
102630
102630
102630
102630
102630
102630
102630
102630
102630
102630
102630
102630
102630
102630
102630
102630
102630
102630
102630
102630
102630
102630
102630
102630
102630
102630
102630
102630
102630
102630
102630
102630
102630
102630
102629
102629
102629
102629
102629
102629
102629
102629
102629
102629
102629
102629
102629
102629
102629
102629
102629
102629
102629
102629
102629
102629
102629
102629
102629
102629
102629
102629
102629
102629
102629
102629
102629
102629
102629
102629
102629
102629
102629
102629
102629
102629
102629
102629
102629
102629
102629
102629
102629
102629
102629
102629
102629
102629
102629
102629
102629
102629
102629
102629
102629
102629
102629
102629
102629
102629
102629
102629
102629
102629
102629
102629
102629
102629
102629
102630
102630
102630
102630
102630
102630
102630
102630
102630
102630
102630
102630
102630
102630
102630
102630
102630
102630
102630
102630
102630
102630
102630
102630
102630
102630
102630
102630
102630
102630
102630
102630
102630
102630
102630
102630
102630
102630
102630
102630
102630
102630
102630
102630
102630
102630
102630
102630
102630
102630
102630
102630
102630
102630
102630
102630
102630
102630
102630
102630
102630
102630
102630
102630
102630
102630
102630
102630
102630
102630
102630
102630
102630
102630
102630
102630
102630
102630
102630
102630
102630
102630
102630
102630
102630
102630
102630
102630
102630
102630
102630
102630
102630
102630
102630
102630
102630
102630
102630
102630
102630
102630
102630
102630
102630
102630
102630
102630
102630
102630
102630
102630
102630
102630
102630
102630
102630
102630
102630
102630
102630
102630
102630
102630
102630
102630
102630
102630
102630
102630
102630
102630
102630
102630
102630
102630
102630
102630
102630
102630
102630
102630
102630
102630
102629
102629
102629
102629
102629
102629
102629
102629
102629
102629
102629
102629
102629
102629
102629
102629
102629
102629
102629
102629
102629
102629
102629
102629
102629
102629
102629
102629
102629
102629
102629
102629
102629
102629
102629
102629
102629
102629
102629
102629
102629
102629
102629
102629
102629
102630
102630
102630
102630
102630
102630
102630
102630
102630
102630
102630
102630
102630
102630
102630
102630
102630
102630
102630
102630
102630
102630
102630
102630
102630
102630
102630
102630
102630
102630
102630
102630
102630
102630
102630
102630
102630
102630
102630
102630
102630
102630
102630
102630
102630
102630
102630
102630
102630
102630
102630
102630
102630
102630
102630
102630
102630
102630
102630
102630
102630
102630
102630
102630
102630
102630
102630
102630
102630
102630
102630
102630
102630
102630
102630
102630
102630
102630
102630
102630
102630
102630
102630
102630
102630
102630
102630
102630
102630
102630
102630
102630
102630
102630
102630
102630
102630
102630
102630
102630
102630
102630
102630
102630
102630
102630
102630
102630
102630
102630
102630
102630
102630
102630
102630
102629
102629
102629
102629
102629
102629
102629
102629
102629
102629
102629
102629
102629
102629
102629
102629
102629
102629
102629
102629
102629
102629
102629
102629
102629
102629
102629
102629
102629
102629
102629
102629
102629
102629
102629
102629
102629
102629
102629
102629
102629
102629
102629
102629
102629
102629
102629
102629
102629
102629
102629
102629
102629
102629
102629
102629
102629
102629
102629
102629
102629
102628
102628
102628
102628
102628
102628
102628
102628
102628
102628
102628
102628
102628
102628
102628
102628
102628
102628
102628
102628
102628
102628
102628
102628
102628
102628
102628
102628
102628
102628
102628
102628
102628
102628
102628
102628
102628
102629
102629
102629
102629
102629
102629
102629
102629
102629
102629
102629
102629
102629
102629
102629
102629
102629
102629
102629
102629
102629
102629
102629
102629
102629
102629
102629
102629
102629
102629
102629
102629
102629
102629
102629
102629
102629
102629
102629
102629
102629
102629
102630
102630
102630
102630
102630
102630
102630
102630
102630
102630
102630
102630
102630
102630
102630
102630
102630
102630
102630
102630
102630
102630
102630
102630
102630
102630
102631
102631
102631
102631
102631
102631
102631
102631
102631
102631
102631
102631
102631
102631
102631
102631
102631
102631
102631
102631
102631
102631
102631
102631
102631
102631
102631
102631
102632
102632
102632
102632
102632
102632
102632
102632
102632
102632
102632
102632
102632
102632
102632
102632
102632
102632
102632
102632
102632
102632
102632
102632
102632
102632
102632
102632
102632
102632
102632
102632
102632
102632
102632
102632
102632
102632
102632
102632
102632
102632
102632
102632
102632
102632
102632
102632
102632
102632
102632
102632
102632
102632
102632
102632
102632
102632
102632
102632
102632
102632
102632
102632
102632
102632
102632
102632
102632
102632
102632
102632
102632
102632
102632
102632
102632
102632
102632
102631
102631
102631
102631
102631
102631
102631
102631
102631
102631
102631
102631
102631
102631
102631
102631
102631
102631
102631
102631
102631
102631
102631
102631
102630
102630
102630
102630
102630
102630
102630
102630
102630
102630
102630
102630
102630
102630
102630
102630
102630
102630
102630
102630
102629
102629
102629
102629
102629
102629
102629
102629
102629
102629
102629
102629
102629
102629
102629
102629
102629
102629
102629
102628
102628
102628
102628
102628
102628
102628
102628
102628
102628
102628
102628
102628
102628
102628
102628
102628
102628
102628
102628
102628
102628
102628
102628
102627
102627
102627
102627
102627
102627
102627
102627
102627
102627
102627
102627
102627
102627
102627
102627
102627
102627
102627
102627
102627
102627
102627
102627
102627
102627
102627
102627
102627
102627
102627
102627
102627
102627
102627
102627
102627
102627
102627
102627
102627
102627
102627
102627
102627
102627
102627
102627
102627
102627
102627
102627
102627
102627
102627
102627
102627
102627
102627
102627
102627
102627
102627
102627
102627
102627
102627
102627
102627
102628
102628
102628
102628
102628
102628
102628
102628
102628
102628
102628
102628
102628
102628
102628
102628
102628
102628
102628
102628
102628
102628
102628
102628
102629
102629
102629
102629
102629
102629
102629
102629
102629
102629
102629
102629
102629
102629
102629
102629
102629
102629
102629
102630
102630
102630
102630
102630
102630
102630
102630
102630
102630
102630
102630
102630
102630
102630
102630
102630
102630
102630
102630
102631
102631
102631
102631
102631
102631
102631
102631
102631
102631
102631
102631
102631
102631
102631
102631
102631
102631
102631
102631
102631
102631
102631
102631
102631
102631
102632
102632
102632
102632
102632
102632
102632
102632
102632
102632
102632
102632
102632
102632
102632
102632
102632
102632
102632
102632
102632
102632
102632
102632
102632
102632
102632
102632
102632
102632
102632
102632
102632
102632
102632
102632
102632
102632
102632
102632
102632
102632
102632
102632
102632
102632
102632
102632
102632
102632
102632
102632
102632
102632
102632
102632
102631
102631
102631
102631
102631
102631
102631
102631
102631
102631
102631
102631
102631
102631
102631
102631
102631
102631
102631
102631
102631
102631
102631
102631
102631
102631
102631
102631
102631
102630
102630
102630
102630
102630
102630
102630
102630
102630
102630
102630
102630
102630
102630
102630
102630
102630
102630
102630
102630
102630
102630
102630
102629
102629
102629
102629
102629
102629
102629
102629
102629
102629
102629
102629
102629
102629
102629
102629
102629
102629
102629
102629
102629
102629
102629
102629
102629
102629
102629
102629
102629
102628
102628
102628
102628
102628
102628
102628
102628
102628
102628
102628
102628
102628
102628
102628
102628
102628
102628
102628
102628
102628
102628
102628
102628
102628
102628
102628
102628
102628
102628
102628
102628
102628
102628
102628
102628
102628
102628
102628
102628
102628
102628
102628
102628
102628
102628
102628
102628
102628
102628
102628
102628
102628
102628
102628
102628
102628
102628
102628
102628
102628
102628
102628
102628
102628
102628
102628
102629
102629
102629
102629
102629
102629
102629
102629
102629
102629
102629
102629
102629
102629
102629
102629
102629
102629
102629
102629
102629
102629
102629
102629
102629
102629
102629
102629
102629
102629
102629
102630
102630
102630
102630
102630
102630
102630
102630
102630
102630
102630
102630
102630
102630
102630
102630
102630
102630
102630
102630
102630
102630
102630
102630
102630
102630
102630
102630
102630
102631
102631
102631
102631
102631
102631
102631
102631
102631
102631
102631
102631
102631
102631
102631
102631
102631
102631
102631
102631
102631
102631
102631
102631
102631
102631
102631
102631
102631
102631
102631
102631
102631
102631
102631
102631
102631
102631
102631
102631
102631
102631
102631
102631
102631
102631
102631
102631
102631
102631
102631
102631
102631
102631
102631
102631
102631
102631
102631
102631
102631
102631
102631
102631
102631
102631
102631
102631
102631
102631
102631
102631
102631
102631
102631
102631
102631
102631
102631
102631
102631
102631
102631
102631
102631
102631
102631
102631
102631
102631
102631
102631
102631
102631
102631
102631
102631
102631
102631
102631
102631
102631
102631
102631
102631
102631
102630
102630
102630
102630
102630
102630
102630
102630
102630
102630
102630
102630
102630
102630
