
Objective value: 
1333.22
88354.7
99657.5
97552.8
99328.4
100901
101832
102338
102668
102950
103245
103586
103993
104469
104997
105545
106078
106561
106968
107280
107486
107581
107570
107464
107282
107045
106778
106501
106235
105994
105787
105621
105497
105414
105369
105356
105369
105402
105450
105508
105572
105638
105705
105769
105828
105880
105921
105948
105958
105955
105941
105920
105894
105865
105835
105803
105771
105738
105705
105673
105642
105615
105594
105578
105571
105571
105577
105589
105604
105620
105634
105647
105657
105664
105669
105671
105670
105664
105654
105641
105623
105603
105580
105557
105535
105513
105494
105477
105462
105447
105434
105422
105413
105408
105406
105409
105415
105424
105436
105449
105463
105477
105490
105501
105510
105516
105519
105519
105517
105511
105504
105494
105484
105472
105461
105449
105437
105425
105414
105403
105392
105380
105369
105356
105343
105329
105314
105298
105281
105264
105247
105230
105214
105199
105186
105175
105167
105162
105160
105161
105165
105172
105182
105196
105211
105228
105247
105266
105286
105305
105322
105339
105353
105365
105375
105381
105386
105388
105388
105386
105382
105377
105370
105363
105354
105345
105336
105326
105316
105307
105297
105289
105280
105273
105266
105260
105254
105250
105246
105244
105242
105240
105239
105239
105238
105238
105237
105236
105235
105234
105233
105231
105228
105226
105223
105221
105218
105216
105214
105212
105211
105211
105211
105212
105214
105216
105220
105224
105229
105235
105241
105247
105254
105260
105267
105274
105280
105286
105292
105297
105302
105307
105311
105315
105319
105322
105325
105327
105329
105330
105330
105330
105329
105327
105324
105321
105317
105312
105307
105301
105295
105288
105281
105273
105266
105258
105250
105243
105235
105228
105221
105215
105210
105205
105201
105197
105195
105193
105192
105193
105194
105195
105198
105201
105204
105208
105212
105216
105220
105223
105226
105229
105230
105231
105230
105229
105226
105223
105219
105213
105207
105200
105192
105184
105174
105165
105155
105144
105134
105123
105112
105101
105090
105080
105069
105059
105049
105040
105031
105022
105014
105007
105000
104993
104987
104982
104977
104973
104969
104966
104963
104961
104959
104958
104957
104956
104955
104955
104955
104955
104956
104956
104956
104956
104956
104956
104955
104955
104953
104952
104950
104947
104944
104941
104937
104933
104928
104923
104918
104912
104906
104900
104894
104887
104880
104874
104867
104860
104853
104846
104839
104832
104826
104819
104812
104806
104799
104793
104787
104781
104775
104770
104764
104759
104755
104750
104746
104743
104740
104737
104735
104733
104732
104732
104732
104732
104733
104735
104738
104741
104744
104748
104753
104758
104763
104769
104775
104781
104788
104795
104802
104809
104817
104824
104831
104838
104846
104853
104860
104867
104874
104881
104887
104894
104901
104907
104914
104920
104927
104933
104939
104945
104952
104958
104964
104970
104976
104981
104987
104992
104997
105002
105006
105010
105014
105017
105020
105023
105025
105027
105028
105029
105029
105029
105028
105026
105024
105021
105018
105014
105010
105005
104999
104993
104986
104978
104970
104961
104952
104942
104932
104921
104909
104898
104885
104873
104860
104847
104834
104820
104807
104793
104779
104765
104752
104738
104725
104711
104698
104686
104674
104662
104650
104639
104629
104619
104609
104601
104592
104585
104578
104571
104566
104561
104556
104553
104550
104547
104546
104545
104544
104545
104546
104547
104549
104552
104556
104560
104564
104569
104574
104580
104586
104592
104599
104605
104612
104619
104626
104633
104640
104647
104654
104661
104668
104674
104680
104687
104692
104698
104704
104709
104714
104719
104723
104728
104732
104736
104739
104743
104746
104749
104752
104755
104757
104759
104762
104764
104766
104768
104769
104771
104773
104775
104776
104778
104780
104782
104784
104786
104788
104791
104793
104796
104799
104802
104805
104809
104813
104816
104820
104824
104829
104833
104837
104842
104847
104851
104856
104861
104865
104870
104874
104879
104883
104887
104892
104896
104899
104903
104907
104910
104913
104916
104919
104921
104924
104926
104928
104930
104932
104933
104935
104936
104938
104939
104940
104941
104942
104943
104943
104944
104945
104945
104946
104947
104947
104948
104948
104949
104949
104950
104950
104951
104951
104952
104952
104952
104953
104953
104954
104954
104954
104955
104955
104956
104956
104957
104957
104958
104959
104959
104960
104961
104962
104964
104965
104966
104968
104970
104972
104974
104977
104980
104983
104986
104989
104993
104997
105001
105005
105010
105014
105019
105024
105029
105034
105039
105044
105048
105053
105057
105061
105065
105068
105071
105074
105076
105078
105079
105079
105079
105079
105078
105076
105074
105072
105068
105065
105060
105056
105051
105045
105039
105032
105026
105018
105011
105003
104995
104987
104978
104969
104961
104952
104943
104933
104924
104915
104906
104897
104888
104879
104870
104862
104853
104845
104837
104830
104822
104815
104808
104802
104796
104790
104785
104780
104775
104771
104767
104764
104760
104758
104756
104754
104752
104751
104750
104750
104750
104751
104751
104753
104754
104756
104758
104760
104763
104765
104768
104771
104775
104778
104781
104785
104789
104792
104796
104800
104803
104807
104811
104814
104818
104821
104824
104827
104830
104833
104836
104839
104842
104844
104847
104849
104851
104853
104855
104857
104859
104861
104863
104865
104866
104868
104870
104871
104873
104874
104875
104877
104878
104879
104881
104882
104883
104885
104886
104887
104888
104889
104891
104892
104893
104894
104896
104897
104898
104899
104901
104902
104903
104905
104906
104907
104909
104910
104912
104913
104915
104916
104918
104919
104921
104922
104924
104925
104926
104928
104929
104930
104930
104931
104932
104932
104932
104931
104931
104930
104929
104927
104925
104923
104920
104917
104914
104910
104906
104901
104896
104891
104885
104879
104873
104866
104860
104852
104845
104837
104829
104821
104813
104805
104797
104788
104780
104771
104763
104755
104746
104738
104730
104722
104715
104707
104700
104693
104686
104679
104673
104667
104662
104656
104651
104647
104642
104638
104635
104631
104628
104626
104623
104621
104619
104618
104616
104615
104615
104614
104614
104614
104614
104614
104615
104616
104616
104617
104619
104620
104621
104623
104625
104627
104629
104631
104634
104636
104639
104642
104645
104648
104651
104655
104658
104662
104666
104671
104675
104680
104685
104690
104695
104701
104707
104713
104719
104725
104732
104739
104746
104753
104761
104768
104776
104783
104791
104799
104807
104815
104823
104831
104839
104847
104855
104863
104870
104878
104885
104892
104899
104906
104912
104918
104924
104930
104935
104940
104944
104948
104952
104956
104959
104962
104964
104967
104969
104970
104971
104972
104973
104973
104973
104973
104972
104971
104970
104969
104967
104965
104963
104961
104958
104955
104952
104949
104946
104942
104939
104935
104931
104927
104923
104919
104914
104910
104905
104901
104896
104891
104887
104882
104877
104872
104868
104863
104859
104854
104850
104846
104842
104838
104835
104831
104828
104825
104822
104820
104818
104816
104815
104814
104813
104813
104813
104814
104815
104817
104819
104822
104825
104829
104833
104838
104844
104850
104856
104864
104872
104880
104889
104898
104908
104919
104930
104941
104953
104964
104976
104989
105001
105013
105025
105037
105049
105060
105071
105082
105092
105102
105111
105119
105126
105133
105140
105145
105150
105154
105157
105160
105162
105164
105164
105164
105164
105163
105161
105159
105156
105153
105149
105145
105140
105135
105130
105124
105118
105111
105105
105097
105090
105082
105074
105066
105057
105048
105039
105030
105021
105011
105001
104991
104981
104971
104961
104950
104940
104929
104919
104908
104897
104886
104876
104865
104854
104844
104833
104823
104812
104802
104792
104782
104772
104763
104754
104745
104736
104727
104719
104711
104704
104697
104690
104683
104677
104672
104667
104662
104658
104654
104651
104648
104646
104645
104643
104643
104643
104644
104645
104647
104649
104652
104656
104660
104665
104671
104677
104684
104691
104699
104707
104716
104725
104735
104745
104755
104766
104777
104789
104800
104811
104823
104835
104846
104858
104869
104880
104891
104901
104912
104922
104931
104940
104949
104957
104965
104973
104980
104986
104992
104998
105003
105007
105012
105015
105019
105022
105024
105027
105028
105030
105031
105032
105032
105033
105033
105032
105032
105031
105030
105028
105027
105025
105023
105021
105019
105017
105014
105011
105009
105006
105003
105000
104996
104993
104989
104986
104982
104979
104975
104971
104967
104963
104959
104955
104951
104946
104942
104938
104933
104929
104924
104919
104915
104910
104905
104900
104895
104890
104885
104880
104875
104870
104864
104859
104853
104848
104842
104837
104831
104825
104820
104814
104808
104802
104796
104790
104785
104779
104773
104767
104761
104756
104750
104744
104739
104733
104728
104723
104717
104712
104707
104703
104698
104693
104689
104685
104681
104677
104674
104671
104668
104665
104663
104660
104658
104657
104656
104655
104654
104654
104654
104654
104655
104656
104657
104659
104661
104663
104666
104669
104673
104677
104681
104685
104690
104696
104701
104707
104713
104719
104726
104733
104740
104747
104755
104762
104770
104778
104786
104794
104802
104809
104817
104825
104833
104841
104849
104856
104863
104871
104878
104884
104891
104897
104904
104909
104915
104920
104925
104930
104934
104939
104942
104946
104949
104952
104955
104957
104959
104961
104962
104963
104964
104964
104964
104964
104964
104963
104962
104961
104960
104958
104956
104954
104952
104949
104946
104943
104940
104937
104933
104930
104926
104922
104918
104914
104909
104905
104901
104896
104892
104887
104882
104878
104873
104869
104864
104859
104855
104851
104846
104842
104838
104834
104830
104826
104823
104819
104816
104813
104810
104807
104805
104803
104801
104800
104798
104797
104796
104796
104796
104796
104797
104798
104799
104801
104803
104805
104808
104811
104815
104819
104823
104828
104834
104839
104845
104852
104859
104866
104874
104882
104891
104900
104909
104918
104928
104938
104948
104959
104969
104980
104991
105001
105012
105023
105033
105044
105054
105063
105073
105082
105090
105099
105106
105113
105120
105126
105131
105136
105140
105144
105146
105149
105150
105151
105151
105151
105150
105148
105146
105143
105140
105136
105131
105126
105121
105115
105109
105102
105094
105087
105079
105070
105062
105053
105043
105034
105024
105014
105003
104993
104982
104971
104960
104949
104938
104926
104915
104903
104892
104880
104869
104858
104846
104835
104824
104813
104802
104791
104780
104770
104760
104750
104740
104731
104721
104712
104704
104695
104687
104679
104672
104665
104658
104651
104645
104640
104634
104629
104625
104621
104617
104614
104611
104608
104606
104605
104604
104603
104603
104603
104604
104605
104607
104609
104612
104615
104618
104623
104627
104632
104638
104644
104651
104658
104665
104673
104682
104691
104700
104710
104721
104731
104742
104754
104766
104778
104790
104803
104816
104829
104842
104856
104869
104883
104897
104910
104923
104937
104950
104963
104975
104988
104999
105011
105022
105033
105043
105052
105061
105070
105077
105085
105091
105097
105103
105108
105112
105115
105118
105120
105122
105123
105124
105124
105124
105123
105121
105119
105117
105114
105111
105107
105103
105099
105094
105089
105084
105078
105073
105067
105060
105054
105047
105041
105034
105027
105020
105013
105006
104999
104992
104985
104978
104971
104964
104957
104950
104943
104937
104931
104924
104918
104912
104907
104901
104896
104891
104886
104881
104876
104872
104868
104864
104860
104856
104853
104849
104846
104843
104841
104838
104835
104833
104831
104828
104826
104824
104822
104820
104819
104817
104815
104813
104811
104810
104808
104806
104805
104803
104801
104799
104797
104796
104794
104792
104790
104788
104786
104784
104782
104780
104778
104776
104775
104773
104771
104769
104767
104765
104763
104761
104760
104758
104756
104755
104754
104752
104751
104750
104749
104748
104747
104746
104745
104745
104744
104744
104744
104743
104743
104744
104744
104744
104745
104745
104746
104747
104748
104749
104750
104752
104753
104754
104756
104758
104759
104761
104763
104765
104767
104769
104771
104773
104775
104777
104779
104782
104784
104786
104788
104790
104792
104794
104796
104798
104799
104801
104803
104804
104806
104807
104809
104810
104811
104812
104813
104814
104815
104816
104817
104817
104818
104819
104819
104820
104820
104821
104821
104822
104822
104823
104823
104824
104824
104825
104826
104826
104827
104828
104829
104831
104832
104833
104835
104837
104839
104841
104844
104846
104849
104852
104856
104859
104863
104867
104872
104876
104881
104886
104892
104897
104903
104910
104916
104923
104930
104937
104944
104952
104960
104967
104975
104983
104991
104999
105007
105015
105023
105031
105038
105046
105053
105059
105066
105072
105078
105083
105088
105092
105096
105100
105102
105105
105107
105108
105109
105109
105109
105108
105106
105105
105102
105099
105096
105092
105087
105082
105077
105071
105065
105058
105051
105043
105036
105027
105019
105010
105001
104991
104981
104971
104961
104950
104940
104929
104918
104906
104895
104883
104871
104860
104848
104836
104824
104812
104800
104788
104776
104764
104752
104740
104728
104717
104705
104694
104683
104671
104661
104650
104639
104629
104619
104609
104600
104591
104582
104573
104565
104557
104549
104541
104534
104528
104521
104515
104509
104504
104499
104494
104490
104486
104483
104480
104477
104475
104473
104472
104471
104470
104470
104471
104472
104473
104475
104477
104479
104483
104486
104490
104495
104500
104505
104512
104518
104525
104533
104541
104550
104559
104569
104579
104590
104601
104613
104626
104639
104653
104667
104681
104696
104712
104728
104745
104762
104779
104797
104815
104833
104852
104871
104890
104909
104928
104947
104966
104985
105004
105022
105040
105057
105075
105091
105107
105122
105137
105151
105164
105176
105188
105199
105209
105218
105226
105233
105240
105245
105250
105254
105258
105260
105262
105263
105263
105262
105261
105259
105256
105253
105250
105245
105240
105235
105229
105222
105215
105208
105200
105191
105183
105174
105164
105154
105144
105133
105123
105111
105100
105088
105077
105065
105052
105040
105027
105015
105002
104989
104976
104963
104950
104937
104924
104911
104899
104886
104873
104861
104848
104836
104824
104813
104801
104790
104779
104768
104758
104748
104738
104728
104719
104711
104703
104695
104687
104680
104673
104667
104661
104656
104651
104647
104643
104639
104636
104633
104631
104629
104628
104627
104627
104627
104627
104628
104629
104631
104633
104636
104638
104641
104645
104648
104652
104656
104661
104665
104670
104675
104679
104684
104689
104694
104699
104704
104709
104713
104718
104723
104727
104731
104735
104739
104742
104746
104749
104752
104754
104757
104759
104761
104763
104764
104766
104767
104768
104769
104769
104770
104770
104770
104770
104770
104769
104769
104768
104767
104767
104766
104765
104764
104763
104762
104761
104760
104759
104758
104757
104756
104755
104754
104753
104753
104752
104752
104751
104751
104750
104750
104750
104750
104751
104751
104751
104752
104753
104754
104755
104756
104757
104759
104761
104762
104764
104767
104769
104771
104774
104777
104780
104783
104786
104789
104793
104797
104800
104804
104809
104813
104817
104822
104826
104831
104836
104841
104846
104851
104856
104861
104867
104872
104878
104884
104889
104895
104901
104907
104912
104918
104924
104930
104936
104942
104947
104953
104959
104964
104970
104975
104980
104985
104990
104995
105000
105004
105008
105012
105016
105019
105022
105025
105027
105030
105031
105033
105034
105035
105035
105035
105035
105034
105033
105032
105030
105027
105025
105022
105018
105014
105010
105005
105000
104994
104989
104982
104976
104969
104961
104954
104946
104937
104929
104920
104911
104901
104891
104881
104871
104860
104850
104839
104827
104816
104804
104793
104781
104769
104757
104745
104732
104720
104708
104695
104683
104670
104658
104646
104633
104621
104609
104597
104586
104574
104562
104551
104540
104529
104519
104509
104499
104489
104479
104470
104462
104453
104445
104438
104430
104423
104417
104411
104405
104400
104396
104391
104388
104384
104381
104379
104377
104376
104375
104375
104376
104377
104378
104380
104383
104387
104391
104395
104401
104406
104413
104420
104428
104437
104446
104457
104467
104479
104491
104504
104518
104532
104548
104564
104581
104598
104616
104635
104655
104675
104696
104718
104740
104763
104787
104811
104835
104860
104885
104911
104937
104962
104989
105015
105041
105067
105092
105118
105143
105168
105192
105216
105239
105262
105284
105305
105325
105344
105363
105380
105397
105413
105427
105441
105454
105466
105476
105486
105495
105503
105510
105515
105520
105525
105528
105530
105532
105532
105532
105531
105530
105527
105524
105520
105516
105511
105505
105499
105492
105484
105476
105467
105458
105448
105438
105427
105416
105405
105393
105380
105367
105354
105340
105326
105312
105297
105283
105267
105252
105236
105220
105204
105187
105171
105154
105137
105120
105102
105085
105068
105050
105033
105015
104998
104980
104963
104946
104929
104912
104896
104879
104863
104847
104832
104817
104802
104788
104774
104760
104747
104734
104722
104710
104699
104688
104678
104668
104659
104650
104642
104635
104628
104621
104615
104610
104605
104601
104597
104594
104592
104590
104589
104589
104589
104590
104591
104593
104596
104600
104604
104609
104614
104620
104627
104634
104642
104650
104659
104669
104679
104690
104701
104713
104725
104738
104751
104764
104777
104791
104805
104819
104833
104847
104861
104874
104888
104901
104915
104928
104940
104953
104964
104976
104987
104998
105008
105017
105026
105035
105043
105051
105058
105065
105071
105077
105082
105087
105091
105095
105098
105101
105104
105106
105108
105110
105111
105112
105113
105113
105113
105113
105112
105111
105110
105109
105108
105106
105105
105103
105101
105098
105096
105094
105091
105089
105086
105083
105080
105078
105075
105072
105069
105066
105063
105060
105057
105054
105051
105049
105046
105043
105040
105038
105035
105032
105030
105027
105025
105022
105020
105018
105016
105014
105011
105009
105007
105006
105004
105002
105000
104998
104997
104995
104993
104991
104990
104988
104986
104985
104983
104981
104979
104978
104976
104974
104972
104970
104967
104965
104963
104960
104958
104955
104952
104949
104946
104943
104940
104936
104933
104929
104925
104921
104917
104912
104908
104903
104898
104893
104887
104882
104876
104870
104864
104858
104851
104845
104838
104831
104824
104817
104809
104802
104794
104786
104778
104770
104762
104753
104745
104736
104728
104719
104710
104701
104692
104683
104674
104665
104656
104646
104637
104628
104619
104610
104601
104592
104583
104574
104566
104557
104549
104540
104532
104524
104516
104509
104501
104494
104487
104481
104474
104468
104462
104457
104452
104447
104442
104438
104434
104431
104428
104425
104423
104422
104420
104419
104419
104419
104420
104421
104422
104424
104427
104430
104434
104439
104444
104449
104455
104462
104470
104478
104486
104496
104506
104517
104528
104540
104553
104567
104581
104596
104611
104627
104644
104662
104680
104698
104717
104737
104757
104777
104798
104819
104840
104862
104883
104905
104926
104947
104968
104988
105009
105028
105047
105066
105084
105101
105118
105134
105149
105163
105176
105189
105201
105212
105222
105231
105240
105247
105254
105260
105266
105270
105274
105277
105280
105281
105283
105283
105283
105282
105281
105279
105277
105274
105270
105266
105262
105257
105252
105246
105240
105233
105227
105219
105212
105204
105195
105187
105178
105168
105159
105149
105139
105128
105118
105107
105096
105084
105073
105061
105049
105037
105025
105012
105000
104987
104974
104961
104948
104935
104921
104908
104895
104881
104868
104854
104840
104827
104813
104800
104786
104773
104759
104746
104733
104719
104706
104693
104681
104668
104655
104643
104631
104619
104608
104596
104585
104574
104564
104553
104543
104534
104524
104515
104507
104499
104491
104483
104476
104469
104463
104457
104452
104447
104442
104438
104435
104432
104429
104427
104426
104425
104424
104425
104425
104427
104428
104431
104434
104438
104442
104447
104453
104459
104466
104473
104482
104491
104500
104511
104522
104534
104546
104559
104573
104587
104602
104618
104634
104651
104668
104686
104704
104722
104741
104760
104779
104799
104818
104838
104857
104876
104895
104914
104933
104951
104968
104986
105002
105019
105034
105049
105063
105077
105090
105102
105114
105125
105136
105145
105154
105163
105171
105178
105185
105191
105196
105201
105205
105209
105213
105216
105218
105220
105222
105223
105224
105224
105224
105224
105223
105223
105221
105220
105218
105216
105214
105211
105208
105205
105202
105199
105195
105191
105187
105183
105179
105175
105170
105165
105160
105155
105150
105145
105140
105134
105129
105123
105118
105112
105106
105100
105094
105088
105082
105076
105069
105073
105071
105067
105064
105060
105056
105053
105049
105046
105042
105039
105035
105032
105029
105025
105022
105019
105016
105012
105009
105006
105003
105000
104996
104993
104990
104987
104984
104981
104978
104975
104972
104968
104965
104962
104959
104956
104953
104950
104948
104945
104942
104939
104936
104933
104930
104927
104924
104921
104919
104916
104913
104910
104907
104904
104902
104899
104896
104893
104890
104888
104885
104882
104879
104877
104874
104871
104868
104866
104863
104860
104858
104855
104852
104849
104847
104844
104841
104839
104836
104833
104831
104828
104825
104823
104820
104817
104815
104812
104809
104807
104804
104802
104799
104796
104794
104791
104789
104786
104783
104781
104778
104776
104773
104771
104768
104766
104763
104761
104758
104756
104753
104751
104748
104746
104743
104741
104739
104736
104734
104731
104729
104727
104724
104722
104720
104717
104715
104713
104711
104708
104706
104704
104702
104699
104697
104695
104693
104691
104688
104686
104684
104682
104680
104678
104676
104673
104671
104669
104667
104665
104663
104661
104659
104657
104655
104653
104651
104649
104647
104645
104643
104641
104639
104637
104636
104634
104632
104630
104628
104626
104624
104623
104621
104619
104617
104615
104614
104612
104610
104609
104607
104605
104604
104602
104600
104599
104597
104596
104594
104593
104591
104590
104588
104587
104585
104584
104582
104581
104580
104578
104577
104576
104574
104573
104572
104571
104570
104568
104567
104566
104565
104564
104563
104562
104561
104560
104559
104558
104557
104556
104555
104554
104553
104552
104552
104551
104550
104549
104548
104548
104547
104546
104546
104545
104544
104544
104543
104542
104542
104541
104541
104540
104540
104539
104539
104538
104538
104538
104537
104537
104536
104536
104536
104535
104535
104535
104534
104534
104534
104534
104533
104533
104533
104533
104532
104532
104532
104532
104532
104531
104531
104531
104531
104531
104531
104530
104530
104530
104530
104530
104530
104530
104530
104529
104529
104529
104529
104529
104529
104529
104529
104529
104529
104529
104529
104528
104528
104528
104528
104528
104528
104528
104528
104528
104528
104528
104528
104528
104527
104527
104527
104527
104527
104527
104527
104527
104527
104527
104527
104527
104526
104526
104526
104526
104526
104526
104526
104526
104526
104525
104525
104525
104525
104525
104525
104525
104525
104525
104524
104524
104524
104524
104524
104524
104524
104524
104523
104523
104523
104523
104523
104523
104523
104523
104523
104522
104522
104522
104522
104522
104522
104522
104522
104522
104522
104521
104521
104521
104521
104521
104521
104521
104521
104521
104521
104521
104521
104521
104521
104521
104521
104521
104520
104520
104520
104520
104520
104520
104520
104520
104520
104520
104520
104520
104520
104520
104520
104520
104520
104520
104520
104520
104520
104520
104520
104520
104520
104520
104520
104520
104520
104520
104520
104520
104520
104519
104519
104519
104519
104519
104519
104519
104519
104519
104519
104519
104518
104518
104518
104518
104518
104518
104518
104517
104517
104517
104517
104517
104516
104516
104516
104516
104516
104515
104515
104515
104514
104514
104514
104514
104513
104513
104513
104512
104512
104512
104511
104511
104511
104510
104510
104510
104509
104509
104508
104508
104508
104507
104507
104506
104506
104505
104505
104505
104504
104504
104503
104503
104502
104502
104501
104501
104500
104500
104499
104499
104498
104498
104498
104497
104497
104496
104496
104495
104495
104494
104494
104493
104493
104492
104492
104491
104491
104490
104490
104489
104489
104488
104488
104487
104487
104487
104486
104486
104485
104485
104484
104484
104483
104483
104483
104482
104482
104481
104481
104481
104480
104480
104479
104479
104479
104478
104478
104478
104477
104477
104477
104476
104476
104476
104475
104475
104475
104474
104474
104474
104473
104473
104473
104473
104472
104472
104472
104472
104471
104471
104471
104471
104470
104470
104470
104470
104470
104469
104469
104469
104469
104469
104468
104468
104468
104468
104468
104468
104467
104467
104467
104467
104467
104467
104466
104466
104466
104466
104466
104466
104465
104465
104465
104465
104465
104465
104465
104464
104464
104464
104464
104464
104464
104463
104463
104463
104463
104463
104463
104463
104462
104462
104462
104462
104462
104462
104461
104461
104461
104461
104461
104460
104460
104460
104460
104460
104460
104459
104459
104459
104459
104459
104458
104458
104458
104458
104458
104457
104457
104457
104457
104456
104456
104456
104456
104456
104455
104455
104455
104455
104455
104454
104454
104454
104454
104454
104453
104453
104453
104453
104453
104452
104452
104452
104452
104452
104451
104451
104451
104451
104451
104451
104450
104450
104450
104450
104450
104450
104450
104449
104449
104449
104449
104449
104449
104449
104449
104449
104449
104449
104449
104448
104448
104448
104448
104448
104448
104448
104448
104448
104448
104448
104449
104449
104449
104449
104449
104449
104449
104449
104449
104449
104449
104450
104450
104450
104450
104450
104450
104451
104451
104451
104451
104451
104452
104452
104452
104453
104453
104453
104453
104454
104454
104454
104455
104455
104455
104456
104456
104456
104457
104457
104458
104458
104458
104459
104459
104460
104460
104461
104461
104461
104462
104462
104463
104463
104464
104464
104465
104465
104466
104466
104467
104467
104468
104468
104469
104470
104470
104471
104471
104472
104472
104473
104473
104474
104474
104475
104476
104476
104477
104477
104478
104478
104479
104479
104480
104480
104481
104481
104482
104483
104483
104484
104484
104485
104485
104486
104486
104487
104487
104488
104488
104488
104489
104489
104490
104490
104491
104491
104492
104492
104492
104493
104493
104493
104494
104494
104495
104495
104495
104495
104496
104496
104496
104497
104497
104497
104497
104498
104498
104498
104498
104498
104498
104499
104499
104499
104499
104499
104499
104499
104499
104499
104499
104499
104499
104499
104499
104499
104499
104499
104499
104499
104499
104499
104499
104499
104499
104499
104498
104498
104498
104498
104498
104498
104497
104497
104497
104497
104496
104496
104496
104496
104495
104495
104495
104494
104494
104494
104493
104493
104493
104492
104492
104492
104491
104491
104490
104490
104490
104489
104489
104488
104488
104487
104487
104486
104486
104486
104485
104485
104484
104484
104483
104483
104482
104482
104481
104481
104480
104480
104479
104479
104478
104478
104477
104476
104476
104475
104475
104474
104474
104473
104473
104472
104472
104471
104471
104470
104470
104469
104468
104468
104467
104467
104466
104466
104465
104465
104464
104464
104463
104463
104462
104462
104461
104461
104460
104460
104459
104459
104458
104458
104457
104457
104456
104456
104455
104455
104454
104454
104453
104453
104452
104452
104451
104451
104451
104450
104450
104449
104449
104448
104448
104448
104447
104447
104446
104446
104446
104445
104445
104445
104444
104444
104444
104443
104443
104443
104442
104442
104442
104441
104441
104441
104441
104440
104440
104440
104440
104439
104439
104439
104439
104439
104438
104438
104438
104438
104438
104437
104437
104437
104437
104437
104437
104437
104437
104437
104436
104436
104436
104436
104436
104436
104436
104436
104436
104436
104436
104436
104436
104436
104436
104436
104437
104437
104437
104437
104437
104437
104437
104437
104437
104438
104438
104438
104438
104438
104439
104439
104439
104439
104439
104440
104440
104440
104440
104441
104441
104441
104442
104442
104442
104443
104443
104443
104444
104444
104444
104445
104445
104445
104446
104446
104447
104447
104447
104448
104448
104449
104449
104450
104450
104450
104451
104451
104452
104452
104453
104453
104454
104454
104455
104455
104456
104456
104457
104457
104458
104458
104459
104459
104460
104460
104461
104461
104462
104462
104463
104463
104464
104464
104465
104465
104466
104466
104467
104467
104468
104468
104469
104469
104470
104470
104471
104471
104472
104472
104473
104473
104474
104474
104475
104475
104475
104476
104476
104477
104477
104477
104478
104478
104479
104479
104479
104480
104480
104480
104481
104481
104481
104482
104482
104482
104483
104483
104483
104483
104484
104484
104484
104484
104485
104485
104485
104485
104486
104486
104486
104486
104486
104486
104487
104487
104487
104487
104487
104487
104487
104487
104487
104488
104488
104488
104488
104488
104488
104488
104488
104488
104488
104488
104488
104488
104488
104488
104488
104488
104488
104488
104488
104488
104488
104487
104487
104487
104487
104487
104487
104487
104487
104487
104487
104487
104486
104486
104486
104486
104486
104486
104486
104486
104485
104485
104485
104485
104485
104485
104484
104484
104484
104484
104484
104484
104484
104483
104483
104483
104483
104483
104483
104482
104482
104482
104482
104482
104481
104481
104481
104481
104481
104481
104480
104480
104480
104480
104480
104479
104479
104479
104479
104479
104479
104478
104478
104478
104478
104478
104477
104477
104477
104477
104477
104477
104476
104476
104476
104476
104476
104475
104475
104475
104475
104475
104474
104474
104474
104474
104474
104473
104473
104473
104473
104473
104472
104472
104472
104472
104472
104471
104471
104471
104471
104471
104470
104470
104470
104470
104470
104469
104469
104469
104469
104468
104468
104468
104468
104468
104467
104467
104467
104467
104466
104466
104466
104466
104465
104465
104465
104465
104464
104464
104464
104464
104464
104463
104463
104463
104463
104462
104462
104462
104462
104461
104461
104461
104461
104460
104460
104460
104460
104459
104459
104459
104459
104458
104458
104458
104458
104457
104457
104457
104457
104456
104456
104456
104456
104455
104455
104455
104455
104454
104454
104454
104454
104453
104453
104453
104453
104453
104452
104452
104452
104452
104452
104451
104451
104451
104451
104450
104450
104450
104450
104450
104450
104449
104449
104449
104449
104449
104448
104448
104448
104448
104448
104448
104448
104447
104447
104447
104447
104447
104447
104447
104446
104446
104446
104446
104446
104446
104446
104446
104446
104445
104445
104445
104445
104445
104445
104445
104445
104445
104445
104445
104445
104445
104445
104445
104445
104445
104444
104444
104444
104444
104444
104444
104444
104444
104444
104444
104444
104444
104444
104444
104445
104445
104445
104445
104445
104445
104445
104445
104445
104445
104445
104445
104445
104445
104445
104445
104446
104446
104446
104446
104446
104446
104446
104446
104447
104447
104447
104447
104447
104447
104448
104448
104448
104448
104448
104449
104449
104449
104449
104449
104450
104450
104450
104450
104451
104451
104451
104451
104452
104452
104452
104453
104453
104453
104453
104454
104454
104454
104455
104455
104455
104456
104456
104456
104457
104457
104458
104458
104458
104459
104459
104459
104460
104460
104461
104461
104462
104462
104462
104463
104463
104464
104464
104465
104465
104465
104466
104466
104467
104467
104468
104468
104469
104469
104470
104470
104471
104471
104472
104472
104473
104473
104474
104474
104475
104475
104476
104476
104476
104477
104477
104478
104478
104479
104479
104480
104480
104481
104481
104482
104482
104483
104483
104484
104484
104485
104485
104485
104486
104486
104487
104487
104488
104488
104488
104489
104489
104490
104490
104490
104491
104491
104491
104492
104492
104492
104493
104493
104493
104494
104494
104494
104495
104495
104495
104495
104496
104496
104496
104496
104496
104497
104497
104497
104497
104497
104497
104497
104498
104498
104498
104498
104498
104498
104498
104498
104498
104498
104498
104498
104498
104498
104498
104498
104498
104498
104498
104497
104497
104497
104497
104497
104497
104497
104496
104496
104496
104496
104496
104495
104495
104495
104495
104494
104494
104494
104493
104493
104493
104492
104492
104492
104491
104491
104491
104490
104490
104489
104489
104489
104488
104488
104487
104487
104486
104486
104485
104485
104484
104484
104483
104483
104482
104482
104481
104481
104480
104480
104479
104479
104478
104478
104477
104477
104476
104475
104475
104474
104474
104473
104473
104472
104471
104471
104470
104470
104469
104469
104468
104467
104467
104466
104466
104465
104465
104464
104464
104463
104462
104462
104461
104461
104460
104460
104459
104459
104458
104458
104457
104456
104456
104455
104455
104454
104454
104453
104453
104452
104452
104452
104451
104451
104450
104450
104449
104449
104448
104448
104447
104447
104447
104446
104446
104445
104445
104445
104444
104444
104444
104443
104443
104442
104442
104442
104441
104441
104441
104441
104440
104440
104440
104439
104439
104439
104439
104438
104438
104438
104438
104438
104437
104437
104437
104437
104437
104436
104436
104436
104436
104436
104436
104436
104436
104435
104435
104435
104435
104435
104435
104435
104435
104435
104435
104435
104435
104435
104435
104435
104435
104435
104435
104435
104435
104435
104435
104435
104435
104435
104436
104436
104436
104436
104436
104436
104436
104437
104437
104437
104437
104437
104437
104438
104438
104438
104438
104439
104439
104439
104439
104440
104440
104440
104440
104441
104441
104441
104442
104442
104442
104443
104443
104443
104444
104444
104445
104445
104445
104446
104446
104446
104447
104447
104448
104448
104449
104449
104449
104450
104450
104451
104451
104452
104452
104453
104453
104454
104454
104455
104455
104456
104456
104457
104457
104458
104458
104459
104459
104460
104460
104461
104461
104462
104462
104463
104463
104464
104464
104465
104465
104466
104467
104467
104468
104468
104469
104469
104470
104470
104471
104471
104472
104472
104473
104473
104474
104474
104475
104475
104476
104476
104477
104477
104478
104478
104479
104479
104479
104480
104480
104481
104481
104482
104482
104482
104483
104483
104484
104484
104484
104485
104485
104485
104486
104486
104486
104487
104487
104487
104488
104488
104488
104488
104489
104489
104489
104489
104490
104490
104490
104490
104490
104491
104491
104491
104491
104491
104491
104492
104492
104492
104492
104492
104492
104492
104492
104492
104492
104492
104492
104492
104492
104492
104492
104492
104492
104492
104492
104492
104492
104492
104492
104492
104492
104492
104492
104491
104491
104491
104491
104491
104491
104491
104490
104490
104490
104490
104490
104489
104489
104489
104489
104489
104488
104488
104488
104488
104487
104487
104487
104487
104486
104486
104486
104485
104485
104485
104485
104484
104484
104484
104483
104483
104483
104482
104482
104482
104481
104481
104481
104480
104480
104480
104479
104479
104479
104478
104478
104478
104477
104477
104477
104476
104476
104476
104475
104475
104475
104474
104474
104474
104473
104473
104473
104472
104472
104472
104471
104471
104471
104470
104470
104470
104469
104469
104469
104468
104468
104468
104467
104467
104467
104466
104466
104466
104465
104465
104465
104464
104464
104464
104464
104463
104463
104463
104462
104462
104462
104462
104461
104461
104461
104461
104460
104460
104460
104460
104459
104459
104459
104459
104458
104458
104458
104458
104458
104457
104457
104457
104457
104456
104456
104456
104456
104456
104455
104455
104455
104455
104455
104455
104454
104454
104454
104454
104454
104454
104453
104453
104453
104453
104453
104453
104453
104452
104452
104452
104452
104452
104452
104452
104451
104451
104451
104451
104451
104451
104451
104451
104451
104450
104450
104450
104450
104450
104450
104450
104450
104450
104450
104450
104449
104449
104449
104449
104449
104449
104449
104449
104449
104449
104449
104449
104449
104449
104449
104449
104449
104449
104449
104448
104448
104448
104448
104448
104448
104448
104448
104448
104448
104448
104448
104448
104448
104448
104448
104448
104448
104448
104448
104448
104448
104448
104448
104448
104449
104449
104449
104449
104449
104449
104449
104449
104449
104449
104449
104449
104449
104449
104449
104449
104450
104450
104450
104450
104450
104450
104450
104450
104450
104451
104451
104451
104451
104451
104451
104451
104452
104452
104452
104452
104452
104452
104453
104453
104453
104453
104453
104453
104454
104454
104454
104454
104454
104455
104455
104455
104455
104456
104456
104456
104456
104456
104457
104457
104457
104457
104458
104458
104458
104459
104459
104459
104459
104460
104460
104460
104460
104461
104461
104461
104462
104462
104462
104463
104463
104463
104463
104464
104464
104464
104465
104465
104465
104466
104466
104466
104467
104467
104467
104468
104468
104468
104469
104469
104469
104470
104470
104470
104471
104471
104471
104472
104472
104472
104473
104473
104473
104474
104474
104474
104475
104475
104475
104475
104476
104476
104476
104477
104477
104477
104478
104478
104478
104479
104479
104479
104479
104480
104480
104480
104481
104481
104481
104481
104482
104482
104482
104482
104483
104483
104483
104483
104484
104484
104484
104484
104485
104485
104485
104485
104485
104486
104486
104486
104486
104486
104486
104487
104487
104487
104487
104487
104487
104487
104487
104488
104488
104488
104488
104488
104488
104488
104488
104488
104488
104488
104488
104488
104488
104488
104488
104488
104488
104488
104488
104488
104488
104488
104488
104488
104488
104488
104488
104488
104488
104488
104488
104487
104487
104487
104487
104487
104487
104487
104486
104486
104486
104486
104486
104485
104485
104485
104485
104485
104484
104484
104484
104484
104483
104483
104483
104483
104482
104482
104482
104481
104481
104481
104480
104480
104480
104479
104479
104479
104478
104478
104478
104477
104477
104477
104476
104476
104475
104475
104475
104474
104474
104473
104473
104473
104472
104472
104471
104471
104471
104470
104470
104469
104469
104468
104468
104468
104467
104467
104466
104466
104465
104465
104465
104464
104464
104463
104463
104462
104462
104462
104461
104461
104460
104460
104459
104459
104459
104458
104458
104457
104457
104456
104456
104456
104455
104455
104454
104454
104454
104453
104453
104453
104452
104452
104451
104451
104451
104450
104450
104450
104449
104449
104449
104448
104448
104448
104447
104447
104447
104447
104446
104446
104446
104446
104445
104445
104445
104445
104444
104444
104444
104444
104444
104443
104443
104443
104443
104443
104443
104442
104442
104442
104442
104442
104442
104442
104442
104441
104441
104441
104441
104441
104441
104441
104441
104441
104441
104441
104441
104441
104441
104441
104441
104441
104441
104441
104441
104441
104441
104441
104442
104442
104442
104442
104442
104442
104442
104442
104443
104443
104443
104443
104443
104443
104443
104444
104444
104444
104444
104444
104445
104445
104445
104445
104446
104446
104446
104446
104447
104447
104447
104447
104448
104448
104448
104449
104449
104449
104450
104450
104450
104450
104451
104451
104451
104452
104452
104453
104453
104453
104454
104454
104454
104455
104455
104455
104456
104456
104457
104457
104457
104458
104458
104458
104459
104459
104460
104460
104460
104461
104461
104462
104462
104462
104463
104463
104464
104464
104465
104465
104465
104466
104466
104467
104467
104467
104468
104468
104469
104469
104469
104470
104470
104471
104471
104471
104472
104472
104473
104473
104473
104474
104474
104475
104475
104475
104476
104476
104476
104477
104477
104478
104478
104478
104479
104479
104479
104480
104480
104480
104481
104481
104481
104482
104482
104482
104482
104483
104483
104483
104484
104484
104484
104484
104485
104485
104485
104485
104486
104486
104486
104486
104486
104487
104487
104487
104487
104487
104487
104488
104488
104488
104488
104488
104488
104488
104488
104488
104489
104489
104489
104489
104489
104489
104489
104489
104489
104489
104489
104489
104489
104489
104489
104489
104489
104489
104489
104489
104489
104489
104489
104488
104488
104488
104488
104488
104488
104488
104488
104488
104487
104487
104487
104487
104487
104486
104486
104486
104486
104486
104485
104485
104485
104485
104485
104484
104484
104484
104484
104483
104483
104483
104482
104482
104482
104482
104481
104481
104481
104480
104480
104480
104479
104479
104479
104478
104478
104478
104477
104477
104477
104476
104476
104476
104475
104475
104475
104474
104474
104474
104473
104473
104473
104472
104472
104471
104471
104471
104470
104470
104470
104469
104469
104469
104468
104468
104467
104467
104467
104466
104466
104466
104465
104465
104465
104464
104464
104464
104463
104463
104463
104462
104462
104462
104461
104461
104461
104460
104460
104460
104460
104459
104459
104459
104458
104458
104458
104458
104457
104457
104457
104457
104456
104456
104456
104456
104455
104455
104455
104455
104454
104454
104454
104454
104454
104453
104453
104453
104453
104453
104452
104452
104452
104452
104452
104452
104451
104451
104451
104451
104451
104451
104451
104451
104450
104450
104450
104450
104450
104450
104450
104450
104450
104449
104449
104449
104449
104449
104449
104449
104449
104449
104449
104449
104449
104449
104449
104449
104449
104449
104449
104449
104448
104448
104448
104448
104448
104448
104448
104448
104448
104448
104448
104448
104448
104449
104449
104449
104449
104449
104449
104449
104449
104449
104449
104449
104449
104449
104449
104449
104449
104449
104449
104449
104449
104450
104450
104450
104450
104450
104450
104450
104450
104450
104450
104450
104451
104451
104451
104451
104451
104451
104451
104451
104451
104452
104452
104452
104452
104452
104452
104452
104453
104453
104453
104453
104453
104453
104454
104454
104454
104454
104454
104454
104455
104455
104455
104455
104455
104456
104456
104456
104456
104456
104456
104457
104457
104457
104457
104458
104458
104458
104458
104458
104459
104459
104459
104459
104460
104460
104460
104460
104460
104461
104461
104461
104461
104462
104462
104462
104462
104463
104463
104463
104463
104464
104464
104464
104464
104465
104465
104465
104466
104466
104466
104466
104467
104467
104467
104467
104468
104468
104468
104468
104469
104469
104469
104469
104470
104470
104470
104471
104471
104471
104471
104472
104472
104472
104472
104473
104473
104473
104473
104474
104474
104474
104474
104475
104475
104475
104475
104476
104476
104476
104476
104476
104477
104477
104477
104477
104478
104478
104478
104478
104478
104479
104479
104479
104479
104479
104480
104480
104480
104480
104480
104480
104481
104481
104481
104481
104481
104481
104482
104482
104482
104482
104482
104482
104482
104482
104483
104483
104483
104483
104483
104483
104483
104483
104483
104483
104483
104484
104484
104484
104484
104484
104484
104484
104484
104484
104484
104484
104484
104484
104484
104484
104484
104484
104484
104484
104484
104484
104484
104484
104484
104484
104484
104484
104484
104483
104483
104483
104483
104483
104483
104483
104483
104483
104483
104483
104482
104482
104482
104482
104482
104482
104482
104481
104481
104481
104481
104481
104481
104480
104480
104480
104480
104480
104480
104479
104479
104479
104479
104478
104478
104478
104478
104478
104477
104477
104477
104477
104476
104476
104476
104476
104475
104475
104475
104475
104474
104474
104474
104473
104473
104473
104473
104472
104472
104472
104471
104471
104471
104470
104470
104470
104470
104469
104469
104469
104468
104468
104468
104467
104467
104467
104466
104466
104466
104465
104465
104465
104464
104464
104464
104463
104463
104463
104462
104462
104462
104461
104461
104461
104460
104460
104460
104460
104459
104459
104459
104458
104458
104458
104457
104457
104457
104456
104456
104456
104455
104455
104455
104455
104454
104454
104454
104453
104453
104453
104453
104452
104452
104452
104452
104451
104451
104451
104451
104450
104450
104450
104450
104449
104449
104449
104449
104449
104448
104448
104448
104448
104448
104448
104447
104447
104447
104447
104447
104447
104447
104446
104446
104446
104446
104446
104446
104446
104446
104446
104446
104445
104445
104445
104445
104445
104445
104445
104445
104445
104445
104445
104445
104445
104445
104445
104445
104445
104445
104445
104445
104445
104446
104446
104446
104446
104446
104446
104446
104446
104446
104446
104447
104447
104447
104447
104447
104447
104448
104448
104448
104448
104448
104448
104449
104449
104449
104449
104450
104450
104450
104450
104450
104451
104451
104451
104451
104452
104452
104452
104453
104453
104453
104453
104454
104454
104454
104455
104455
104455
104456
104456
104456
104457
104457
104457
104458
104458
104458
104459
104459
104459
104460
104460
104460
104461
104461
104461
104462
104462
104462
104463
104463
104463
104464
104464
104464
104465
104465
104466
104466
104466
104467
104467
104467
104468
104468
104468
104469
104469
104469
104470
104470
104470
104471
104471
104471
104472
104472
104472
104473
104473
104473
104474
104474
104474
104474
104475
104475
104475
104476
104476
104476
104476
104477
104477
104477
104477
104478
104478
104478
104478
104479
104479
104479
104479
104480
104480
104480
104480
104480
104481
104481
104481
104481
104481
104481
104482
104482
104482
104482
104482
104482
104482
104482
104483
104483
104483
104483
104483
104483
104483
104483
104483
104483
104483
104483
104483
104484
104484
104484
104484
104484
104484
104484
104484
104484
104484
104484
104483
104483
104483
104483
104483
104483
104483
104483
104483
104483
104483
104483
104483
104483
104482
104482
104482
104482
104482
104482
104482
104482
104481
104481
104481
104481
104481
104481
104480
104480
104480
104480
104480
104480
104479
104479
104479
104479
104479
104478
104478
104478
104478
104477
104477
104477
104477
104476
104476
104476
104476
104475
104475
104475
104475
104474
104474
104474
104474
104473
104473
104473
104473
104472
104472
104472
104471
104471
104471
104471
104470
104470
104470
104469
104469
104469
104469
104468
104468
104468
104467
104467
104467
104467
104466
104466
104466
104465
104465
104465
104465
104464
104464
104464
104464
104463
104463
104463
104463
104462
104462
104462
104461
104461
104461
104461
104460
104460
104460
104460
104460
104459
104459
104459
104459
104458
104458
104458
104458
104458
104457
104457
104457
104457
104457
104456
104456
104456
104456
104456
104456
104455
104455
104455
104455
104455
104455
104455
104454
104454
104454
104454
104454
104454
104454
104454
104454
104454
104453
104453
104453
104453
104453
104453
104453
104453
104453
104453
104453
104453
104453
104453
104453
104453
104453
104453
104453
104453
104453
104453
104453
104453
104453
104453
104453
104453
104453
104453
104453
104453
104453
104453
104453
104453
104453
104453
104453
104453
104453
104453
104454
104454
104454
104454
104454
104454
104454
104454
104454
104454
104454
104455
104455
104455
104455
104455
104455
104455
104455
104456
104456
104456
104456
104456
104456
104456
104456
104457
104457
104457
104457
104457
104457
104457
104458
104458
104458
104458
104458
104458
104459
104459
104459
104459
104459
104459
104459
104460
104460
104460
104460
104460
104460
104461
104461
104461
104461
104461
104461
104461
104462
104462
104462
104462
104462
104462
104463
104463
104463
104463
104463
104463
104463
104464
104464
104464
104464
104464
104464
104465
104465
104465
104465
104465
104465
104465
104466
104466
104466
104466
104466
104466
104466
104467
104467
104467
104467
104467
104467
104467
104467
104468
104468
104468
104468
104468
104468
104468
104468
104469
104469
104469
104469
104469
104469
104469
104469
104470
104470
104470
104470
104470
104470
104470
104470
104470
104470
104471
104471
104471
104471
104471
104471
104471
104471
104471
104471
104472
104472
104472
104472
104472
104472
104472
104472
104472
104472
104472
104473
104473
104473
104473
104473
104473
104473
104473
104473
104473
104473
104473
104473
104473
104474
104474
104474
104474
104474
104474
104474
104474
104474
104474
104474
104474
104474
104474
104474
104474
104474
104474
104474
104475
104475
104475
104475
104475
104475
104475
104475
104475
104475
104475
104475
104475
104475
104475
104475
104475
104475
104475
104475
104475
104475
104475
104475
104475
104475
104475
104475
104475
104475
104475
104475
104475
104475
104475
104475
104475
104474
104474
104474
104474
104474
104474
104474
104474
104474
104474
104474
104474
104474
104474
104474
104474
104474
104473
104473
104473
104473
104473
104473
104473
104473
104473
104473
104473
104472
104472
104472
104472
104472
104472
104472
104472
104472
104471
104471
104471
104471
104471
104471
104471
104471
104470
104470
104470
104470
104470
104470
104470
104469
104469
104469
104469
104469
104469
104468
104468
104468
104468
104468
104468
104468
104467
104467
104467
104467
104467
104467
104466
104466
104466
104466
104466
104466
104465
104465
104465
104465
104465
104465
104464
104464
104464
104464
104464
104464
104463
104463
104463
104463
104463
104462
104462
104462
104462
104462
104462
104461
104461
104461
104461
104461
104461
104461
104460
104460
104460
104460
104460
104460
104459
104459
104459
104459
104459
104459
104459
104458
104458
104458
104458
104458
104458
104458
104457
104457
104457
104457
104457
104457
104457
104457
104456
104456
104456
104456
104456
104456
104456
104456
104456
104456
104455
104455
104455
104455
104455
104455
104455
104455
104455
104455
104455
104455
104455
104454
104454
104454
104454
104454
104454
104454
104454
104454
104454
104454
104454
104454
104454
104454
104454
104454
104454
104454
104454
104454
104454
104454
104454
104454
104454
104454
104454
104454
104454
104454
104454
104454
104454
104454
104454
104454
104455
104455
104455
104455
104455
104455
104455
104455
104455
104455
104455
104455
104455
104456
104456
104456
104456
104456
104456
104456
104456
104456
104457
104457
104457
104457
104457
104457
104457
104458
104458
104458
104458
104458
104458
104458
104459
104459
104459
104459
104459
104459
104460
104460
104460
104460
104460
104461
104461
104461
104461
104461
104462
104462
104462
104462
104462
104463
104463
104463
104463
104463
104464
104464
104464
104464
104464
104465
104465
104465
104465
104466
104466
104466
104466
104466
104467
104467
104467
104467
104468
104468
104468
104468
104469
104469
104469
104469
104469
104470
104470
104470
104470
104471
104471
104471
104471
104471
104472
104472
104472
104472
104472
104473
104473
104473
104473
104473
104474
104474
104474
104474
104474
104475
104475
104475
104475
104475
104475
104476
104476
104476
104476
104476
104476
104477
104477
104477
104477
104477
104477
104477
104478
104478
104478
104478
104478
104478
104478
104478
104478
104478
104479
104479
104479
104479
104479
104479
104479
104479
104479
104479
104479
104479
104479
104479
104479
104479
104479
104479
104479
104479
104479
104479
104479
104479
104479
104479
104479
104479
104479
104479
104479
104479
104479
104479
104479
104479
104479
104479
104478
104478
104478
104478
104478
104478
104478
104478
104478
104477
104477
104477
104477
104477
104477
104477
104477
104476
104476
104476
104476
104476
104476
104475
104475
104475
104475
104475
104474
104474
104474
104474
104474
104473
104473
104473
104473
104473
104472
104472
104472
104472
104471
104471
104471
104471
104471
104470
104470
104470
104470
104469
104469
104469
104469
104468
104468
104468
104468
104468
104467
104467
104467
104467
104466
104466
104466
104466
104465
104465
104465
104465
104464
104464
104464
104464
104463
104463
104463
104463
104463
104462
104462
104462
104462
104461
104461
104461
104461
104461
104460
104460
104460
104460
104460
104459
104459
104459
104459
104459
104458
104458
104458
104458
104458
104458
104457
104457
104457
104457
104457
104457
104456
104456
104456
104456
104456
104456
104456
104456
104455
104455
104455
104455
104455
104455
104455
104455
104455
104454
104454
104454
104454
104454
104454
104454
104454
104454
104454
104454
104454
104454
104454
104454
104454
104454
104454
104454
104454
104454
104454
104454
104454
104454
104454
104454
104454
104454
104454
104454
104454
104454
104454
104454
104454
104454
104454
104454
104454
104454
104454
104454
104454
104454
104455
104455
104455
104455
104455
104455
104455
104455
104455
104455
104456
104456
104456
104456
104456
104456
104456
104456
104456
104457
104457
104457
104457
104457
104457
104457
104458
104458
104458
104458
104458
104458
104458
104459
104459
104459
104459
104459
104459
104459
104460
104460
104460
104460
104460
104460
104461
104461
104461
104461
104461
104461
104462
104462
104462
104462
104462
104462
104463
104463
104463
104463
104463
104463
104464
104464
104464
104464
104464
104464
104465
104465
104465
104465
104465
104465
104466
104466
104466
104466
104466
104466
104467
104467
104467
104467
104467
104467
104467
104468
104468
104468
104468
104468
104468
104468
104469
104469
104469
104469
104469
104469
104469
104470
104470
104470
104470
104470
104470
104470
104470
104470
104471
104471
104471
104471
104471
104471
104471
104471
104471
104471
104471
104472
104472
104472
104472
104472
104472
104472
104472
104472
104472
104472
104472
104472
104472
104473
104473
104473
104473
104473
104473
104473
104473
104473
104473
104473
104473
104473
104473
104473
104473
104473
104473
104473
104473
104473
104473
104473
104473
104473
104473
104473
104473
104473
104473
104473
104473
104473
104473
104473
104473
104473
104473
104473
104473
104473
104473
104473
104473
104473
104473
104473
104473
104473
104473
104473
104473
104473
104473
104472
104472
104472
104472
104472
104472
104472
104472
104472
104472
104472
104472
104472
104472
104472
104472
104471
104471
104471
104471
104471
104471
104471
104471
104471
104471
104471
104471
104471
104471
104470
104470
104470
104470
104470
104470
104470
104470
104470
104470
104470
104469
104469
104469
104469
104469
104469
104469
104469
104469
104469
104469
104468
104468
104468
104468
104468
104468
104468
104468
104468
104468
104468
104467
104467
104467
104467
104467
104467
104467
104467
104467
104467
104467
104466
104466
104466
104466
104466
104466
104466
104466
104466
104466
104466
104465
104465
104465
104465
104465
104465
104465
104465
104465
104465
104465
104465
104464
104464
104464
104464
104464
104464
104464
104464
104464
104464
104464
104464
104463
104463
104463
104463
104463
104463
104463
104463
104463
104463
104463
104463
104463
104463
104462
104462
104462
104462
104462
104462
104462
104462
104462
104462
104462
104462
104462
104462
104462
104462
104462
104461
104461
104461
104461
104461
104461
104461
104461
104461
104461
104461
104461
104461
104461
104461
104461
104461
104461
104461
104461
104461
104461
104461
104461
104461
104460
104460
104460
104460
104460
104460
104460
104460
104460
104460
104460
104460
104460
104460
104460
104460
104460
104460
104460
104460
104460
104460
104460
104460
104460
104460
104460
104460
104460
104460
104460
104460
104460
104460
104460
104460
104460
104460
104460
104460
104460
104460
104460
104460
104460
104460
104460
104460
104460
104461
104461
104461
104461
104461
104461
104461
104461
104461
104461
104461
104461
104461
104461
104461
104461
104461
104461
104461
104461
104461
104461
104461
104462
104462
104462
104462
104462
104462
104462
104462
104462
104462
104462
104462
104462
104462
104462
104463
104463
104463
104463
104463
104463
104463
104463
104463
104463
104463
104463
104463
104464
104464
104464
104464
104464
104464
104464
104464
104464
104464
104464
104465
104465
104465
104465
104465
104465
104465
104465
104465
104465
104465
104466
104466
104466
104466
104466
104466
104466
104466
104466
104466
104467
104467
104467
104467
104467
104467
104467
104467
104467
104467
104467
104468
104468
104468
104468
104468
104468
104468
104468
104468
104468
104468
104469
104469
104469
104469
104469
104469
104469
104469
104469
104469
104469
104469
104470
104470
104470
104470
104470
104470
104470
104470
104470
104470
104470
104470
104470
104470
104471
104471
104471
104471
104471
104471
104471
104471
104471
104471
104471
104471
104471
104471
104471
104471
104471
104471
104471
104471
104471
104471
104471
104471
104471
104471
104471
104471
104471
104471
104471
104471
104471
104471
104471
104471
104471
104471
104471
104471
104471
104471
104471
104471
104471
104471
104471
104471
104471
104471
104471
104471
104471
104471
104471
104471
104471
104471
104471
104471
104471
104471
104470
104470
104470
104470
104470
104470
104470
104470
104470
104470
104470
104470
104470
104469
104469
104469
104469
104469
104469
104469
104469
104469
104469
104469
104468
104468
104468
104468
104468
104468
104468
104468
104468
104467
104467
104467
104467
104467
104467
104467
104467
104467
104466
104466
104466
104466
104466
104466
104466
104466
104465
104465
104465
104465
104465
104465
104465
104465
104465
104464
104464
104464
104464
104464
104464
104464
104464
104463
104463
104463
104463
104463
104463
104463
104463
104463
104462
104462
104462
104462
104462
104462
104462
104462
104462
104462
104461
104461
104461
104461
104461
104461
104461
104461
104461
104461
104461
104461
104460
104460
104460
104460
104460
104460
104460
104460
104460
104460
104460
104460
104460
104460
104460
104460
104460
104460
104459
104459
104459
104459
104459
104459
104459
104459
104459
104459
104459
104459
104459
104459
104459
104459
104459
104459
104459
104459
104459
104459
104459
104459
104459
104459
104459
104459
104459
104460
104460
104460
104460
104460
104460
104460
104460
104460
104460
104460
104460
104460
104460
104460
104460
104460
104460
104460
104461
104461
104461
104461
104461
104461
104461
104461
104461
104461
104461
104461
104462
104462
104462
104462
104462
104462
104462
104462
104462
104462
104463
104463
104463
104463
104463
104463
104463
104463
104463
104464
104464
104464
104464
104464
104464
104464
104464
104464
104465
104465
104465
104465
104465
104465
104465
104465
104465
104466
104466
104466
104466
104466
104466
104466
104466
104466
104467
104467
104467
104467
104467
104467
104467
104467
104467
104467
104468
104468
104468
104468
104468
104468
104468
104468
104468
104468
104469
104469
104469
104469
104469
104469
104469
104469
104469
104469
104469
104469
104470
104470
104470
104470
104470
104470
104470
104470
104470
104470
104470
104470
104470
104470
104470
104470
104470
104470
104471
104471
104471
104471
104471
104471
104471
104471
104471
104471
104471
104471
104471
104471
104471
104471
104471
104471
104471
104471
104471
104471
104471
104471
104471
104471
104471
104471
104471
104471
104471
104471
104471
104471
104471
104471
104471
104471
104471
104471
104471
104471
104471
104471
104471
104470
104470
104470
104470
104470
104470
104470
104470
104470
104470
104470
104470
104470
104470
104470
104470
104470
104470
104470
104470
104469
104469
104469
104469
104469
104469
104469
104469
104469
104469
104469
104469
104469
104469
104469
104468
104468
104468
104468
104468
104468
104468
104468
104468
104468
104468
104468
104468
104467
104467
104467
104467
104467
104467
104467
104467
104467
104467
104467
104467
104467
104466
104466
104466
104466
104466
104466
104466
104466
104466
104466
104466
104466
104466
104465
104465
104465
104465
104465
104465
104465
104465
104465
104465
104465
104465
104465
104464
104464
104464
104464
104464
104464
104464
104464
104464
104464
104464
104464
104464
104464
104464
104464
104463
104463
104463
104463
104463
104463
104463
104463
104463
104463
104463
104463
104463
104463
104463
104463
104463
104463
104463
104463
104462
104462
104462
104462
104462
104462
104462
104462
104462
104462
104462
104462
104462
104462
104462
104462
104462
104462
104462
104462
104462
104462
104462
104462
104462
104462
104462
104462
104462
104462
104462
104462
104462
104462
104462
104462
104462
104462
104462
104462
104462
104462
104462
104462
104462
104462
104462
104462
104462
104462
104462
104462
104462
104462
104462
104462
104462
104462
104462
104462
104462
104462
104462
104462
104462
104462
104462
104462
104462
104462
104462
104462
104462
104462
104462
104462
104462
104462
104462
104462
104462
104462
104462
104462
104462
104462
104462
104462
104463
104463
104463
104463
104463
104463
104463
104463
104463
104463
104463
104463
104463
104463
104463
104463
104463
104463
104463
104463
104463
104463
104463
104463
104463
104463
104463
104464
104464
104464
104464
104464
104464
104464
104464
104464
104464
104464
104464
104464
104464
104464
104464
104464
104464
104464
104464
104464
104464
104465
104465
104465
104465
104465
104465
104465
104465
104465
104465
104465
104465
104465
104465
104465
104465
104465
104465
104465
104465
104465
104465
104465
104466
104466
104466
104466
104466
104466
104466
104466
104466
104466
104466
104466
104466
104466
104466
104466
104466
104466
104466
104466
104466
104466
104466
104467
104467
104467
104467
104467
104467
104467
104467
104467
104467
104467
104467
104467
104467
104467
104467
104467
104467
104467
104467
104467
104467
104467
104467
104467
104467
104468
104468
104468
104468
104468
104468
104468
104468
104468
104468
104468
104468
104468
104468
104468
104468
104468
104468
104468
104468
104468
104468
104468
104468
104468
104468
104468
104468
104468
104468
104468
104468
104468
104468
104469
104469
104469
104469
104469
104469
104469
104469
104469
104469
104469
104469
104469
104469
104469
104469
104469
104469
104469
104469
104469
104469
104469
104469
104469
104469
104469
104469
104469
104469
104469
104469
104469
104469
104469
104469
104469
104469
104469
104469
104469
104469
104469
104469
104469
104469
104469
104469
104469
104469
104469
104469
104469
104469
104469
104469
104469
104469
104469
104469
104469
104469
104469
104469
104469
104469
104469
104468
104468
104468
104468
104468
104468
104468
104468
104468
104468
104468
104468
104468
104468
104468
104468
104468
104468
104468
104468
104468
104468
104468
104468
104468
104467
104467
104467
104467
104467
104467
104467
104467
104467
104467
104467
104467
104467
104467
104467
104467
104467
104467
104466
104466
104466
104466
104466
104466
104466
104466
104466
104466
104466
104466
104466
104466
104466
104465
104465
104465
104465
104465
104465
104465
104465
104465
104465
104465
104465
104465
104465
104465
104464
104464
104464
104464
104464
104464
104464
104464
104464
104464
104464
104464
104464
104464
104464
104463
104463
104463
104463
104463
104463
104463
104463
104463
104463
104463
104463
104463
104463
104463
104463
104463
104462
104462
104462
104462
104462
104462
104462
104462
104462
104462
104462
104462
104462
104462
104462
104462
104462
104462
104462
104462
104462
104462
104462
104462
104462
104462
104462
104462
104462
104462
104462
104462
104462
104462
104461
104461
104461
104461
104461
104461
104461
104461
104462
104462
104462
104462
104462
104462
104462
104462
104462
104462
104462
104462
104462
104462
104462
104462
104462
104462
104462
104462
104462
104462
104462
104462
104462
104462
104462
104462
104462
104462
104462
104462
104462
104463
104463
104463
104463
104463
104463
104463
104463
104463
104463
104463
104463
104463
104463
104463
104463
104463
104464
104464
104464
104464
104464
104464
104464
104464
104464
104464
104464
104464
104464
104465
104465
104465
104465
104465
104465
104465
104465
104465
104465
104465
104465
104465
104466
104466
104466
104466
104466
104466
104466
104466
104466
104466
104466
104466
104466
104467
104467
104467
104467
104467
104467
104467
104467
104467
104467
104467
104467
104467
104467
104467
104468
104468
104468
104468
104468
104468
104468
104468
104468
104468
104468
104468
104468
104468
104468
104468
104468
104468
104469
104469
104469
104469
104469
104469
104469
104469
104469
104469
104469
104469
104469
104469
104469
104469
104469
104469
104469
104469
104469
104469
104469
104469
104469
104469
104469
104469
104469
104469
104469
104469
104469
104469
104469
104469
104469
104469
104469
104469
104469
104469
104469
104469
104469
104469
104469
104469
104469
104469
104469
104469
104469
104469
104469
104469
104469
104469
104468
104468
104468
104468
104468
104468
104468
104468
104468
104468
104468
104468
104468
104468
104468
104468
104468
104468
104468
104467
104467
104467
104467
104467
104467
104467
104467
104467
104467
104467
104467
104467
104467
104466
104466
104466
104466
104466
104466
104466
104466
104466
104466
104466
104466
104466
104466
104465
104465
104465
104465
104465
104465
104465
104465
104465
104465
104465
104465
104465
104465
104464
104464
104464
104464
104464
104464
104464
104464
104464
104464
104464
104464
104464
104464
104464
104463
104463
104463
104463
104463
104463
104463
104463
104463
104463
104463
104463
104463
104463
104463
104463
104463
104463
104463
104463
104462
104462
104462
104462
104462
104462
104462
104462
104462
104462
104462
104462
104462
104462
104462
104462
104462
104462
104462
104462
104462
104462
104462
104462
104462
104462
104462
104462
104462
104462
104462
104462
104462
104462
104462
104462
104462
104462
104462
104462
104462
104462
104462
104462
104462
104462
104462
104462
104462
104462
104462
104462
104462
104462
104462
104463
104463
104463
104463
104463
104463
104463
104463
104463
104463
104463
104463
104463
104463
104463
104463
104463
104463
104463
104463
104464
104464
104464
104464
104464
104464
104464
104464
104464
104464
104464
104464
104464
104464
104464
104465
104465
104465
104465
104465
104465
104465
104465
104465
104465
104465
104465
104465
104465
104466
104466
104466
104466
104466
104466
104466
104466
104466
104466
104466
104466
104466
104466
104466
104467
104467
104467
104467
104467
104467
104467
104467
104467
104467
104467
104467
104467
104467
104467
104468
104468
104468
104468
104468
104468
104468
104468
104468
104468
104468
104468
104468
104468
104468
104468
104468
104468
104468
104469
104469
104469
104469
104469
104469
104469
104469
104469
104469
104469
104469
104469
104469
104469
104469
104469
104469
104469
104469
104469
104469
104469
104469
104469
104469
104469
104469
104469
104469
104469
104469
104469
104469
104469
104469
104469
104469
104469
104469
104469
104469
104469
104469
104469
104469
104469
104469
104469
104469
104469
104469
104469
104469
104469
104469
104469
104469
104469
104469
104469
104469
104469
104469
104469
104469
104469
104468
104468
104468
104468
104468
104468
104468
104468
104468
104468
104468
104468
104468
104468
104468
104468
104468
104468
104468
104468
104468
104468
104467
104467
104467
104467
104467
104467
104467
104467
104467
104467
104467
104467
104467
104467
104467
104467
104467
104466
104466
104466
104466
104466
104466
104466
104466
104466
104466
104466
104466
104466
104466
104466
104466
104466
104465
104465
104465
104465
104465
104465
104465
104465
104465
104465
104465
104465
104465
104465
104465
104465
104465
104465
104465
104464
104464
104464
104464
104464
104464
104464
104464
104464
104464
104464
104464
104464
104464
104464
104464
104464
104464
104464
104464
104464
104464
104464
104463
104463
104463
104463
104463
104463
104463
104463
104463
104463
104463
104463
104463
104463
104463
104463
104463
104463
104463
104463
104463
104463
104463
104463
104463
104463
104463
104463
104463
104463
104463
104463
104463
104463
104463
104463
104463
104463
104463
104463
104463
104463
104463
104463
104463
104463
104463
104463
104463
104463
104463
104463
104463
104463
104463
104463
104463
104463
104463
104463
104463
104463
104463
104463
104463
104463
104463
104463
104463
104463
104463
104463
104463
104463
104463
104463
104463
104463
104463
104463
104463
104463
104463
104463
104463
104463
104463
104463
104463
104463
104463
104463
104463
104463
104463
104463
104463
104463
104463
104463
104463
104463
104463
104463
104463
104463
104463
104463
104463
104463
104463
104463
104464
104464
104464
104464
104464
104464
104464
104464
104464
104464
104464
104464
104464
104464
104464
104464
104464
104464
104464
104464
104464
104464
104464
104464
104464
104464
104464
104464
104464
104464
104464
104464
104464
104464
104465
104465
104465
104465
104465
104465
104465
104465
104465
104465
104465
104465
104465
104465
104465
104465
104465
104465
104465
104465
104465
104465
104465
104465
104465
104465
104465
104465
104465
104466
104466
104466
104466
104466
104466
104466
104466
104466
104466
104466
104466
104466
104466
104466
104466
104466
104466
104466
104466
104466
104466
104466
104466
104466
104466
104467
104467
104467
104467
104467
104467
104467
104467
104467
104467
104467
104467
104467
104467
104467
104467
104467
104467
104467
104467
