
Dual Residual: 
985.866
1803.75
181.091
92.8142
42.3117
43.8662
39.776
29.304
21.528
17.4729
14.9004
14.5263
14.5928
13.9775
13.0032
11.6587
10.4975
10.3315
11.0119
11.5825
11.3517
10.2524
8.7813
7.79961
7.8648
8.52919
8.95036
8.59939
7.54463
6.03509
4.61669
3.95681
4.18759
4.66066
4.84602
4.58705
3.97013
3.27851
2.99124
3.42068
4.26773
5.10775
5.7095
6.00906
6.07663
6.08045
6.2058
6.53312
6.98268
7.39014
7.61824
7.61863
7.44118
7.20432
7.03122
6.97335
6.97743
6.92813
6.72313
6.32446
5.77327
5.17482
4.65413
4.27899
4.01155
3.72926
3.31105
2.69898
1.91952
1.1185
0.831595
1.39297
2.0606
2.57955
2.92686
3.16827
3.41298
3.75016
4.19173
4.67586
5.11984
5.4654
5.69697
5.83918
5.93856
6.03591
6.14286
6.23726
6.27943
6.23614
6.0979
5.88255
5.62554
5.36095
5.10265
4.83701
4.53263
4.16024
3.71046
3.20188
2.67821
2.19571
1.80114
1.50617
1.28332
1.10824
1.02422
1.13854
1.47418
1.93829
2.43602
2.90661
3.32023
3.67252
3.97697
4.25337
4.51555
4.76389
4.98613
5.16515
5.28795
5.35135
5.36218
5.33248
5.27256
5.18549
5.06624
4.90556
4.6962
4.43789
4.13862
3.81172
3.4701
3.12046
2.76062
2.38179
1.97458
1.53554
1.07186
0.608206
0.269857
0.492403
0.900108
1.30054
1.68017
2.04426
2.39944
2.74747
3.08349
3.39822
3.6819
3.92781
4.1339
4.30209
4.43598
4.5381
4.6083
4.64385
4.64108
4.59761
4.51369
4.39237
4.23815
4.05509
3.84539
3.60903
3.34492
3.05266
2.73413
2.39411
2.03955
1.67804
1.31627
0.960089
0.620354
0.351467
0.379874
0.673828
1.0249
1.38324
1.73291
2.06533
2.37567
2.66187
2.92363
3.16105
3.3736
3.55966
3.71679
3.84249
3.93508
3.99404
4.01998
4.01407
3.97738
3.91049
3.81351
3.68646
3.52992
3.34533
3.13507
2.90206
2.64921
2.37894
2.09307
1.79312
1.48095
1.15959
0.834542
0.518451
0.267977
0.32348
0.597336
0.900728
1.20309
1.49733
1.78017
2.04891
2.30082
2.53312
2.74334
2.92954
3.09042
3.22522
3.33349
3.41478
3.46863
3.49454
3.49217
3.46155
3.40316
3.31791
3.20698
3.07167
2.91324
2.73293
2.53207
2.31222
2.07527
1.8235
1.55942
1.28565
1.00471
0.719159
0.432253
0.156732
0.178915
0.453829
0.733364
1.0067
1.27025
1.52145
1.75822
1.97883
2.18185
2.36596
2.52992
2.67256
2.79276
2.88963
2.96251
3.01102
3.03506
3.03474
3.01033
2.96219
2.89085
2.79699
2.6815
2.5455
2.39035
2.21757
2.02879
1.82572
1.61015
1.38397
1.14935
0.908914
0.666425
0.429611
0.2297
0.222789
0.414582
0.642115
0.871955
1.09644
1.31209
1.51654
1.70785
1.88434
2.04455
2.18724
2.31136
2.41608
2.50074
2.56482
2.60795
2.62994
2.63073
2.61047
2.5695
2.50835
2.4277
2.32838
2.21134
2.07767
1.92856
1.76537
1.5896
1.40288
1.20703
1.00404
0.796314
0.587237
0.383837
0.213623
0.201938
0.361546
0.55713
0.756266
0.951285
1.1388
1.31664
1.48312
1.63681
1.77649
1.9011
2.00969
2.10149
2.17585
2.2323
2.27052
2.29034
2.29176
2.2749
2.24004
2.1876
2.11811
2.03227
1.93088
1.8149
1.68538
1.54346
1.39039
1.22747
1.05609
0.877716
0.693883
0.506262
0.316892
0.130716
0.084755
0.263146
0.446718
0.626346
0.799888
0.965818
1.1228
1.2696
1.40512
1.52835
1.6384
1.73448
1.81595
1.88229
1.93308
1.96804
1.98703
1.99003
1.97714
1.94861
1.9048
1.84621
1.77344
1.68721
1.58834
1.47777
1.35654
1.22577
1.08674
0.940826
0.789638
0.635168
0.480376
0.331313
0.207424
0.177006
0.271523
0.40931
0.555423
0.700643
0.841324
0.975374
1.1013
1.2179
1.32418
1.41926
1.50241
1.57302
1.63059
1.67475
1.70523
1.72188
1.72468
1.71371
1.68917
1.65135
1.60067
1.53765
1.46289
1.37711
1.2811
1.17574
1.06199
0.940916
0.813661
0.68152
0.546043
0.409397
0.275821
0.159875
0.129244
0.22096
0.346326
0.476315
0.604446
0.728128
0.845791
0.95625
1.05852
1.15176
1.23524
1.30834
1.37051
1.42134
1.46049
1.48774
1.50295
1.50609
1.49723
1.47653
1.44425
1.40073
1.34642
1.28184
1.20758
1.12432
1.0328
0.933833
0.828282
0.71707
0.60118
0.481672
0.35976
0.237138
0.118392
0.0579201
0.154337
0.272035
0.389329
0.503372
0.61282
0.716669
0.814063
0.904237
0.98651
1.06028
1.12501
1.18026
1.22566
1.26093
1.28587
1.30038
1.30442
1.29805
1.28143
1.25477
1.21839
1.17267
1.11808
1.05517
0.984541
0.906887
0.822975
0.733659
0.639916
0.542901
0.444122
0.345888
0.252755
0.176682
0.148695
0.190481
0.269659
0.360132
0.452636
0.543494
0.630784
0.713255
0.789971
0.860182
0.923262
0.978686
1.02602
1.06491
1.09508
1.11635
1.12859
1.13177
1.12593
1.11118
1.0877
1.05575
1.01566
0.9678
0.912634
0.850668
0.782469
0.708657
0.629907
0.546957
0.460626
0.371873
0.28198
0.193248
0.112855
0.0778799
0.1309
0.212574
0.298229
0.382923
0.464845
0.542933
0.616398
0.684587
0.74694
0.802967
0.852249
0.894429
0.929216
0.956384
0.97577
0.987278
0.990877
0.986601
0.974546
0.954872
0.9278
0.893608
0.852632
0.805262
0.751938
0.693149
0.629432
0.56137
0.489601
0.414825
0.337858
0.259754
0.18229
0.110383
0.0683342
0.102879
0.171473
0.24536
0.318889
0.390207
0.458312
0.522483
0.582139
0.636783
0.685985
0.729376
0.766642
0.79753
0.821838
0.839427
0.850211
0.854163
0.851312
0.841745
0.825604
0.803085
0.774438
0.739968
0.700029
0.655028
0.605426
0.551746
0.494578
0.434614
0.372699
0.309968
0.248175
0.190594
0.144453
0.124381
0.141669
0.185146
0.239604
0.297491
0.35546
0.411781
0.465391
0.515541
0.561654
0.603266
0.639994
0.671524
0.697603
0.718034
0.732674
0.741432
0.744271
0.741204
0.732292
0.717646
0.697422
0.671823
0.641092
0.605517
0.565421
0.521164
0.473142
0.421783
0.367551
0.310949
0.252547
0.193041
0.133526
0.0769644
0.0418707
0.0726343
0.127304
0.184472
0.240878
0.295423
0.347457
0.396486
0.442093
0.483912
0.521625
0.554953
0.583659
0.607548
0.626467
0.640303
0.648989
0.652497
0.650846
0.644093
0.632338
0.615724
0.59443
0.568675
0.538717
0.504849
0.4674
0.426739
0.383276
0.337475
0.289876
0.241159
0.192292
0.144996
0.103265
0.0779486
0.085176
0.11837
0.161193
0.206513
0.25168
0.295449
0.337078
0.376042
0.411934
0.444422
0.473227
0.498121
0.518917
0.535468
0.547671
0.555458
0.558803
0.557717
0.55225
0.542489
0.528559
0.51062
0.488871
0.463544
0.434911
0.403282
0.369013
0.332515
0.294279
0.254917
0.215266
0.17661
0.141199
0.113345
0.10026
0.107444
0.131066
0.163334
0.199118
0.23577
0.271861
0.306519
0.33915
0.369313
0.396659
0.420907
0.441829
0.459241
0.472999
0.482999
0.489169
0.491476
0.489918
0.484529
0.475373
0.462544
0.446168
0.426399
0.403416
0.377425
0.348654
0.317354
0.283794
0.248262
0.211064
0.172525
0.133002
0.0929221
0.0530451
0.0183241
0.0346737
0.0728689
0.111602
0.149471
0.18599
0.22082
0.253674
0.284297
0.312457
0.337948
0.36059
0.380226
0.396727
0.40999
0.419938
0.426525
0.42973
0.429562
0.426058
0.419281
0.409324
0.396305
0.380372
0.361697
0.34048
0.31695
0.291369
0.264036
0.235302
0.205596
0.175481
0.145777
0.117844
0.0942013
0.0793998
0.0786924
0.0920526
0.114052
0.13995
0.167143
0.194263
0.220513
0.245376
0.26848
0.289541
0.308332
0.324672
0.338416
0.349452
0.357697
0.363096
0.365622
0.365276
0.362084
0.356097
0.347393
0.336075
0.32227
0.306131
0.287836
0.267596
0.24565
0.222281
0.197833
0.172741
0.147603
0.123322
0.101407
0.084466
0.0763282
0.0797626
0.0932084
0.112657
0.134944
0.158216
0.181411
0.203872
0.225152
0.244923
0.262931
0.278974
0.292887
0.304538
0.313825
0.320669
0.32502
0.326847
0.326144
0.322928
0.317235
0.309124
0.298672
0.285976
0.27115
0.254325
0.235646
0.215275
0.193385
0.17016
0.145796
0.120497
0.0944816
0.0679865
0.0413222
0.0154814
0.0151452
0.0405188
0.066319
0.0915391
0.115888
0.139153
0.161152
0.181717
0.200698
0.217959
0.233379
0.246853
0.258297
0.267639
0.274829
0.279834
0.282638
0.283248
0.281686
0.277995
0.272236
0.264489
0.254855
0.243452
0.230422
0.215926
0.200156
0.183333
0.165726
0.147669
0.129599
0.112129
0.0961641
0.0830616
0.0746623
0.072704
0.07754
0.0877544
0.101329
0.116629
0.132559
0.148408
0.163698
0.178092
0.191338
0.203244
0.213659
0.222463
0.229566
0.234898
0.238413
0.240084
0.239903
0.237882
0.234049
0.22845
0.22115
0.212228
0.201784
0.189934
0.176815
0.162588
0.147443
0.131613
0.115397
0.0992069
0.0836629
0.0697711
0.0591872
0.0541772
0.0562912
0.0646729
0.0770138
0.0913549
0.106477
0.121655
0.136431
0.150494
0.163613
0.175615
0.186356
0.195725
0.203629
0.209997
0.214774
0.217922
0.219419
0.219259
0.21745
0.214013
0.208985
0.202415
0.194365
0.18491
0.174136
0.162141
0.149032
0.13493
0.119967
0.104287
0.0880613
0.0714974
0.0549006
0.0388628
0.0251069
0.0195981
0.0275979
0.0416419
0.0570478
0.0725252
0.0875995
0.102019
0.115613
0.128251
0.139824
0.15024
0.159425
0.167315
0.17386
0.179024
0.182782
0.185124
0.186052
0.18558
0.183737
0.180565
0.17612
0.17047
0.163699
0.155909
0.147216
0.137761
0.127708
0.117257
0.106657
0.0962205
0.0863578
0.0776028
0.0706236
0.0661519
0.0647681
0.0666146
0.0712975
0.0780955
0.0862507
0.0951269
0.104239
0.113226
0.12182
0.129816
0.137056
0.143418
0.148803
0.153136
0.156361
0.158437
0.159338
0.159052
0.157581
0.154938
0.15115
0.146253
0.140297
0.133344
0.125466
0.116751
0.107302
0.0972391
0.0867134
0.0759177
0.0651198
0.054726
0.0454072
0.038292
0.0349649
0.0365185
0.0423235
0.0507602
0.0605024
0.0707462
0.08102
0.0910286
0.10057
0.109497
0.117694
0.125069
0.131548
0.13707
0.141588
0.145065
0.147475
0.148804
0.149047
0.148208
0.146302
0.143352
0.139393
0.134465
0.12862
0.121918
0.114427
0.106228
0.0974085
0.0880731
0.0783436
0.0683715
0.0583585
0.0486023
0.0395955
0.0322209
0.0279365
0.0281638
0.032661
0.0397938
0.0481559
0.0569406
0.0657067
0.0741932
0.0822298
0.0896956
0.0964998
0.102572
0.107857
0.112312
0.115906
0.11862
0.120442
0.121371
0.121416
0.120596
0.118938
0.116482
0.113275
0.109378
0.104862
0.0998125
0.0943315
0.0885393
0.0825802
0.0766281
0.0708932
0.0656274
0.0611225
0.0576908
0.0556181
0.0550905
0.0561296
0.0585813
0.0621679
0.0665656
0.0714641
0.0765946
0.0817362
0.0867107
0.0913754
0.095616
0.0993407
0.102476
0.104964
0.10676
0.10783
0.108153
0.107715
0.106512
0.10455
0.101841
0.0984059
0.0942733
0.0894794
0.0840676
0.0780895
0.0716057
0.0646872
0.0574202
0.0499131
0.0423148
0.0348533
0.0279284
0.0223128
0.0193706
0.0203471
0.0247231
0.0309698
0.038019
0.0453194
0.0525784
0.0596211
0.0663292
0.0726151
0.07841
0.0836581
0.0883133
0.0923383
0.0957031
0.0983849
0.100368
0.101643
0.102207
0.102064
0.101225
0.0997065
0.0975318
0.0947309
0.09134
0.0874023
0.0829684
0.0780967
0.0728549
0.0673225
0.0615938
0.0557839
0.0500384
0.0445467
0.0395609
0.0354109
0.0324896
0.0311598
0.0315814
0.0335997
0.0368305
0.0408432
0.0452753
0.0498559
0.0543903
0.0587377
0.0627952
0.0664855
0.0697507
0.072547
0.0748426
0.0766156
0.0778531
0.0785501
0.0787098
0.0783427
0.0774669
0.0761084
0.0743009
0.0720869
0.0695179
0.0666555
0.0635732
0.0603573
0.0571095
0.0539477
0.0510066
0.048434
0.0463827
0.0449929
0.0443692
0.0445575
0.0455333
0.0472074
0.0494471
0.0521007
0.055017
0.0580576
0.0611011
0.0640439
0.0667987
0.0692929
0.0714663
0.0732692
0.0746618
0.0756122
0.0760962
0.0760967
0.0756027
0.0746093
0.0731172
0.0711324
0.0686659
0.0657337
0.0623559
0.0585573
0.0543669
0.0498176
0.0449469
0.039797
0.0344165
0.0288645
0.0232195
0.0176098
0.012318
0.00822327
0.00769313
0.0112082
0.0162478
0.0216632
0.027105
0.0324291
0.0375545
0.0424247
0.0469955
0.0512302
0.0550978
0.058572
0.0616309
0.0642568
0.0664363
0.0681601
0.0694233
0.070225
0.0705688
0.0704627
0.0699189
0.0689543
0.0675899
0.0658519
0.0637707
0.0613824
0.0587282
0.0558555
0.0528187
0.0496803
0.0465121
0.0433972
0.0404308
0.0377204
0.0353829
0.0335359
0.0322814
0.0316843
0.031754
0.0324387
0.0336374
0.0352232
0.0370649
0.0390416
0.0410491
0.0430014
0.044829
0.046477
0.0479024
0.0490727
0.0499645
0.0505619
0.0508565
0.0508462
0.0505355
0.049935
0.0490615
0.0479381
0.0465948
0.0450688
0.0434051
0.0416573
0.039888
0.0381692
0.0365812
0.0352098
0.0341412
0.0334526
0.0332017
0.0334165
0.03409
0.035182
0.0366277
0.0383475
0.0402578
0.0422774
0.0443315
0.0463535
0.0482854
0.0500768
0.0516848
0.053073
0.0542111
0.0550738
0.055641
0.055897
0.0558305
0.0554338
0.0547035
0.0536393
0.0522446
0.0505259
0.0484926
0.0461571
0.0435345
0.0406423
0.0375003
0.0341303
0.0305562
0.0268036
0.0228997
0.0188738
0.0147578
0.0105902
0.00643426
0.00258074
0.00283936
0.00668944
0.0107201
0.0146937
0.0185538
0.0222669
0.0258061
0.0291483
0.0322728
0.0351612
0.0377979
0.0401693
0.0422647
0.0440756
0.0455966
0.0468248
0.0477601
0.0484053
0.0487661
0.0488511
0.0486718
0.0482428
0.0475815
0.0467085
0.0456473
0.0444247
0.0430705
0.0416174
0.0401015
0.0385616
0.0370386
0.0355754
0.0342151
0.032999
0.0319646
0.0311418
0.0305502
0.0301966
0.0300737
0.0301605
0.0304253
0.0308283
0.031326
0.0318743
0.0324309
0.0329572
0.0334193
0.0337883
0.0340406
0.0341581
0.0341273
0.0339399
0.0335923
0.033086
0.0324269
0.0316261
0.0306999
0.0296703
0.0285652
0.0274193
0.0262744
0.0251795
0.0241902
0.0233664
0.0227678
0.0224475
0.0224433
0.0227715
0.0234234
0.0243684
0.0255597
0.0269426
0.0284604
0.0300588
0.0316882
0.0333046
0.0348689
0.0363476
0.0377115
0.0389355
0.0399981
0.0408814
0.0415705
0.0420532
0.0423202
0.0423648
0.0421826
0.0417717
0.0411325
0.0402676
0.0391815
0.0378809
0.0363747
0.0346733
0.0327892
0.0307368
0.0285323
0.026194
0.0237429
0.0212029
0.018603
0.0159799
0.0133852
0.0109011
0.00867581
0.00699489
0.0063102
0.00689285
0.00843589
0.0104669
0.0126939
0.0149688
0.0172133
0.0193809
0.0214415
0.0233738
0.0251622
0.0267952
0.0282643
0.0295638
0.0306904
0.0316428
0.0324221
0.0330313
0.0334755
0.0337618
0.0338988
0.0338974
0.0337697
0.0335298
0.0331929
0.0327756
0.0322953
0.0317703
0.031219
0.0306593
0.0301089
0.0295836
0.0290973
0.0286612
0.028283
0.027967
0.0277131
0.0275177
0.0273731
0.0272687
0.0271915
0.0271266
0.0270583
0.0269706
0.0268483
0.0266769
0.0264435
0.026137
0.0257485
0.0252713
0.024701
0.0240363
0.0232784
0.0224317
0.0215041
0.0205074
0.0194579
0.0183774
0.0172939
0.0162435
0.0152707
0.0144285
0.0137763
0.0133729
0.0132654
0.0134779
0.014004
0.0148104
0.0158469
0.0170578
0.0183896
0.019795
0.0212334
0.0226705
0.0240777
0.0254304
0.0267082
0.0278932
0.0289706
0.0299274
0.0307529
0.0314382
0.0319762
0.0323613
0.0325897
0.032659
0.0325683
0.0323183
0.0319109
0.0313496
0.0306392
0.0297858
0.0287967
0.0276809
0.0264483
0.0251105
0.0236803
0.0221723
0.0206031
0.0189916
0.0173601
0.0157351
0.0141496
0.0126458
0.0112784
0.0101175
0.00924677
0.00874804
0.00867005
0.00899963
0.00966542
0.0105713
0.0116271
0.0127622
0.0139246
0.0150776
0.0161951
0.017259
0.0182563
0.0191783
0.0200196
0.0207771
0.0214499
0.0220389
0.0225465
0.0229764
0.0233336
0.0236238
0.0238535
0.0240299
0.0241604
0.0242524
0.0243133
0.02435
0.0243689
0.0243753
0.0243736
0.0243669
0.0243569
0.0243439
0.0243268
0.0243032
0.0242693
0.0242204
0.024151
0.0240547
0.023925
0.0237551
0.0235384
0.0232683
0.0229389
0.022545
0.022082
0.0215461
0.0209349
0.0202467
0.0194813
0.0186397
0.0177245
0.0167398
0.0156918
0.0145891
0.0134432
0.01227
0.0110911
0.00993696
0.00885127
0.00789616
0.00715593
0.00672861
0.00669306
0.00706444
0.00778519
0.00876284
0.00990944
0.0111568
0.0124554
0.0137698
0.0150736
0.0163464
0.017572
0.0187374
0.0198313
0.0208446
0.0217692
0.0225985
0.0233271
0.0239504
0.024465
0.0248684
0.0251592
0.0253366
0.0254012
0.025354
0.0251973
0.0249338
0.0245675
0.0241029
0.0235454
0.0229012
0.0221771
0.0213808
0.0205207
0.019606
0.0186466
0.0176534
0.0166382
0.015614
0.0145951
0.0135973
0.0126385
0.0117384
0.0109188
0.0102032
0.00961506
0.00917552
0.00889952
0.00879232
0.00884748
0.00904787
0.00936928
0.0097848
0.0102686
0.0107979
0.011354
0.0119222
0.0124915
0.0130536
0.0136029
0.0141357
0.0146496
0.0151437
0.0156177
0.0160719
0.0165072
0.0169243
0.0173241
0.0177072
0.018074
0.0184246
0.0187585
0.0190746
0.0193715
0.0196473
0.0198994
0.0201249
0.0203207
0.0204831
0.0206085
0.0206928
0.0207323
0.0207231
0.0206614
0.0205437
0.0203669
0.0201281
0.0198248
0.0194551
0.0190174
0.0185107
0.0179348
0.0172899
0.0165766
0.0157966
0.0149518
0.0140451
0.0130799
0.0120605
0.0109921
0.00988093
0.0087348
0.00756397
0.00638304
0.00521533
0.00410432
0.00314379
0.00254018
0.00257361
0.00322442
0.00420748
0.00532937
0.006503
0.00768737
0.00885994
0.0100062
0.0111158
0.0121804
0.0131932
0.0141486
0.0150414
0.0158674
0.016623
0.0173052
0.0179115
0.0184399
0.0188893
0.0192588
0.0195483
0.019758
0.0198888
0.0199421
0.0199197
0.0198239
0.0196575
0.0194236
0.0191257
0.0187679
0.0183542
0.0178893
0.0173779
0.0168251
0.0162361
0.0156165
0.0149718
0.0143079
0.0136308
0.012947
0.0122628
0.0115852
0.0109216
0.0102796
0.00966769
0.00909498
0.00857119
0.00810665
0.00771186
0.00739684
0.00717017
0.00703782
0.0070021
0.0070612
0.00720938
0.00743793
0.00773637
0.00809376
0.0084995
0.00894392
0.00941842
0.00991554
0.0104288
0.0109524
0.0114813
0.0120109
0.0125368
0.0130551
0.0135619
0.0140533
0.0145256
0.0149753
0.0153986
0.015792
0.0161521
0.0164755
0.0167588
0.0169991
0.0171934
0.0173388
0.0174329
0.0174735
0.0174584
0.0173861
0.0172552
0.0170646
0.0168136
0.016502
0.0161298
0.0156974
0.0152057
0.0146559
0.0140494
0.0133884
0.0126749
0.0119118
0.0111019
0.0102484
0.00935507
0.00842558
0.00746409
0.00647499
0.00546301
0.00443333
0.00339219
0.00234875
0.00132648
0.000521487
0.0010246
0.00201232
0.00303131
0.0040435
0.00503794
0.00600835
0.00694989
0.00785839
0.00873011
0.0095617
0.0103501
0.0110926
0.0117868
0.0124307
0.0130224
0.0135606
0.0140442
0.0144723
0.0148445
0.0151606
0.0154209
0.0156256
0.0157754
0.0158714
0.0159146
0.0159064
0.0158485
0.0157425
0.0155903
0.0153939
0.0151555
0.0148772
0.0145614
0.0142103
0.0138264
0.013412
0.0129696
0.0125017
0.0120108
0.0114994
0.0109702
0.0104261
0.00987022
0.00930579
0.00873671
0.00816743
0.00760332
0.007051
0.00651876
0.00601709
0.00555928
0.00516166
0.00484329
0.00462408
0.00452112
0.00454392
0.0046911
0.00495095
0.00530526
0.00573393
0.00621818
0.00674191
0.00729187
0.00785729
0.00842938
0.00900082
0.00956543
0.0101178
0.0106533
0.0111677
0.011657
0.0121178
0.0125468
0.012941
0.0132978
0.0136146
0.0138891
0.0141193
0.0143034
0.0144398
0.0145273
0.0145647
0.0145514
0.0144867
0.0143705
0.0142028
0.0139839
0.0137143
0.0133949
0.0130269
0.0126116
0.0121506
0.0116458
0.0110994
0.0105137
0.00989133
0.00923505
0.00854792
0.00783324
0.00709457
0.00633586
0.00556156
0.00477702
0.00398924
0.00320882
0.00245536
0.00177475
0.00129443
0.00126497
0.00170165
0.00234806
0.00306359
0.00379824
0.00453159
0.00525329
0.00595698
0.00663827
0.00729374
0.00792067
0.00851676
0.00908007
0.00960894
0.010102
0.010558
0.0109761
0.0113554
0.0116954
0.0119956
0.0122559
0.0124761
0.0126563
0.0127966
0.0128972
0.0129587
0.0129814
0.0129659
0.0129128
0.012823
0.012697
0.0125358
0.0123403
0.0121113
0.0118499
0.011557
0.0112339
0.0108815
0.0105011
0.0100941
0.00966185
0.00920583
0.00872775
0.0082295
0.00771321
0.00718141
0.00663707
0.00608389
0.00552661
0.00497151
0.00442733
0.00390671
0.0034284
0.00302018
0.00272045
0.00257236
0.00260458
0.00281122
0.00315657
0.00359773
0.00409957
0.00463726
0.00519389
0.00575773
0.00632031
0.00687519
0.00741728
0.00794235
0.00844678
0.00892743
0.00938148
0.00980642
0.0102
0.0105601
0.010885
0.011173
0.0114228
0.011633
0.0118026
0.0119309
0.0120173
0.0120612
0.0120625
0.0120212
0.0119374
0.0118116
0.0116443
0.0114363
0.0111886
0.0109024
0.0105789
0.0102196
0.00982626
0.00940069
0.00894487
0.00846094
0.00795123
0.00741823
0.00686462
0.00629336
0.00570771
0.00511143
0.00450908
0.00390652
0.00331214
0.00273931
0.00221194
0.00177631
0.00151573
0.00152073
0.0017839
0.00220833
0.00271213
0.00325103
0.00380248
0.00435415
0.00489859
0.0054308
0.00594721
0.00644505
0.00692208
0.00737644
0.00780655
0.00821104
0.00858871
0.00893853
0.00925959
0.0095511
0.00981238
0.0100428
0.010242
0.0104095
0.010545
0.0106483
0.0107192
0.0107577
0.0107637
0.0107374
0.0106788
0.0105883
0.0104661
0.0103126
0.0101283
0.00991373
0.00966945
0.00939623
0.00909484
0.0087662
0.00841129
0.00803123
0.00762722
0.0072006
0.00675287
0.00628567
0.00580086
0.00530056
0.00478727
0.00426403
0.0037348
0.00320513
0.00268362
0.00218529
0.0017393
0.00140471
0.00127771
0.00141647
0.00175727
0.00220473
0.00270157
0.00321948
0.00374376
0.0042658
0.00477997
0.00528213
0.00576903
0.00623795
0.00668653
0.00711268
0.00751452
0.00789036
0.00823865
0.00855803
0.00884727
0.0091053
0.00933117
0.00952412
0.0096835
0.00980883
0.00989977
0.00995613
0.00997787
0.00996508
0.00991802
0.00983705
0.00972271
0.00957564
0.00939664
0.00918661
0.00894657
0.00867768
0.0083812
0.0080585
0.00771104
0.00734042
0.00694832
0.00653654
0.00610703
0.00566186
0.00520333
0.00473399
0.00425681
0.00377541
0.0032945
0.00282079
0.00236479
0.00194462
0.00159341
0.00136789
0.00133311
0.00149968
0.00180875
0.00219612
0.00262204
0.00306498
0.00351294
0.00395869
0.00439743
0.00482574
0.005241
0.00564107
0.00602417
0.00638875
0.00673343
0.007057
0.00735835
0.00763648
0.00789051
0.00811961
0.00832308
0.00850026
0.0086506
0.00877362
0.00886894
0.00893623
0.00897527
0.00898591
0.00896809
0.00892184
0.00884725
0.00874454
0.00861399
0.00845597
0.00827095
0.0080595
0.00782226
0.00755996
0.00727345
0.00696363
0.00663153
0.00627825
0.00590497
0.00551298
0.00510366
0.00467848
0.00423904
0.00378707
0.0033245
0.00285357
0.00237709
0.0018991
0.00142684
0.000978171
0.000617173
0.000559096
0.000865575
0.00129656
0.00175826
0.00222647
0.00269229
0.00315116
0.00360006
0.00403668
0.00445906
0.00486547
0.00525436
0.00562428
0.00597391
0.00630205
0.00660756
0.00688946
0.00714682
0.00737886
0.00758487
0.00776426
0.00791655
0.00804135
0.00813841
0.00820754
0.0082487
0.00826192
0.00824735
0.00820524
0.00813593
0.00803986
0.00791758
0.00776969
0.00759691
0.00740003
0.00717994
0.00693758
0.00667398
0.00639026
0.00608759
0.00576722
0.00543051
0.00507887
0.00471386
0.00433715
0.00395059
0.00355634
0.00315697
0.00275579
0.00235744
0.00196916
0.00160362
0.00128512
0.00106044
0.000996324
0.00111938
0.0013776
0.00170717
0.00207024
0.0024476
0.00282906
0.00320862
0.00358237
0.00394748
0.00430176
0.00464342
0.00497091
0.00528286
0.00557805
0.00585538
0.00611383
0.0063525
0.00657053
0.00676719
0.00694178
0.00709371
0.00722246
0.00732759
0.00740873
0.00746561
0.00749802
0.00750584
0.00748905
0.00744768
0.00738186
0.00729183
0.00717787
0.00704037
0.00687979
0.00669668
0.00649168
0.00626548
0.00601887
0.0057527
0.00546791
0.0051655
0.00484651
0.0045121
0.00416343
0.00380177
0.00342841
0.00304472
0.00265215
0.00225224
0.0018467
0.00143761
0.00102815
0.000626008
0.000277138
0.000335666
0.000703893
0.00110291
0.00150404
0.00190129
0.00229191
0.00267403
0.0030461
0.00340673
0.00375466
0.00408869
0.00440772
0.0047107
0.00499666
0.00526471
0.00551402
0.00574382
0.00595346
0.00614232
0.00630989
0.00645571
0.00657943
0.00668074
0.00675946
0.00681543
0.00684862
0.00685905
0.00684682
0.0068121
0.00675515
0.00667628
0.00657589
0.00645445
0.00631247
0.00615055
0.00596934
0.00576957
0.00555201
0.00531749
0.00506691
0.00480122
0.00452144
0.00422865
0.00392401
0.00360875
0.00328425
0.00295204
0.00261389
0.00227203
0.00192948
0.00159088
0.00126453
0.000967876
0.00074171
0.00066445
0.000780834
0.00102471
0.00132451
0.00164651
0.00197619
0.00230642
0.0026331
0.00295351
0.00326564
0.00356787
0.00385882
0.00413728
0.00440215
0.00465245
0.00488725
0.00510573
0.00530712
0.00549073
0.00565593
0.00580217
0.00592896
0.00603588
0.00612259
0.00618881
0.00623433
0.00625904
0.00626286
0.00624582
0.006208
0.00614957
0.00607076
0.00597187
0.00585327
0.00571543
0.00555883
0.00538407
0.00519179
0.00498268
0.00475752
0.00451711
0.00426234
0.00399413
0.00371345
0.00342133
0.00311883
0.00280707
0.00248724
0.00216059
0.00182848
0.00149252
0.0011548
0.00081903
0.000495671
0.000247575
0.000342684
0.000640834
0.000966642
0.00129575
0.00162229
0.00194365
0.00225811
0.00256435
0.00286119
0.00314759
0.00342257
0.00368523
0.00393471
0.00417022
0.00439104
0.00459649
0.00478596
0.00495888
0.00511477
0.00525318
0.00537373
0.00547612
0.00556008
0.00562544
0.00567204
0.00569984
0.00570882
0.00569904
0.00567061
0.0056237
0.00555856
0.00547546
0.00537476
0.00525687
0.00512223
0.00497135
0.00480481
0.00462321
0.00442721
0.00421753
0.00399492
0.00376018
0.00351417
0.0032578
0.00299203
0.00271789
0.00243651
0.00214916
0.00185733
0.00156292
0.00126872
0.000979671
0.000707044
0.000484197
0.000406361
0.000539581
0.00078047
0.00105509
0.0013398
0.00162608
0.00190987
0.00218878
0.00246112
0.00272553
0.00298088
0.00322614
0.00346041
0.00368283
0.00389261
0.00408905
0.00427147
0.00443927
0.00459189
0.00472885
0.00484971
0.00495408
0.00504166
0.00511218
0.00516544
0.0052013
0.00521969
0.0052206
0.00520406
0.00517018
0.00511914
0.00505115
0.00496649
0.00486552
0.00474862
0.00461625
0.00446891
0.00430715
0.00413158
0.00394286
0.00374167
0.00352875
0.00330489
0.00307091
0.00282767
0.00257608
0.00231709
0.00205171
0.00178105
0.00150635
0.00122917
0.000951766
0.000678539
0.000422697
0.000250121
0.000334351
0.000569104
0.000833187
0.00110275
0.00137144
0.00163648
0.00189621
0.0021494
0.00239499
0.00263209
0.00285985
0.00307751
0.00328435
0.0034797
0.00366295
0.00383352
0.0039909
0.0041346
0.00426421
0.00437934
0.00447966
0.00456491
0.00463485
0.0046893
0.00472814
0.0047513
0.00475876
0.00475054
0.00472673
0.00468744
0.00463288
0.00456325
0.00447884
0.00437998
0.00426703
0.00414042
0.00400059
0.00384807
0.00368338
0.00350712
0.00331992
0.00312242
0.00291534
0.00269941
0.00247541
0.00224415
0.0020065
0.00176341
0.00151592
0.00126525
0.00101306
0.000762068
0.000518574
0.000306115
0.000237028
0.000394449
0.000623984
0.000867835
0.00111395
0.00135828
0.00159879
0.00183409
0.00206311
0.00228495
0.00249875
0.00270376
0.00289927
0.00308462
0.00325919
0.00342241
0.00357376
0.00371274
0.00383893
0.00395193
0.00405141
0.00413706
0.00420864
0.00426595
0.00430885
0.00433724
0.00435108
0.00435036
0.00433514
0.00430553
0.00426166
0.00420376
0.00413205
0.00404684
0.00394845
0.00383729
0.00371376
0.00357833
0.00343151
0.00327384
0.0031059
0.00292831
0.0027417
0.00254677
0.00234423
0.00213483
0.00191937
0.00169869
0.00147372
0.00124554
0.00101548
0.000785595
0.000559948
0.000350972
0.000217687
0.00029317
0.000486976
0.000705541
0.000929121
0.00115222
0.00137246
0.00158838
0.00179894
0.00200324
0.00220053
0.00239008
0.00257126
0.00274346
0.00290612
0.00305871
0.00320076
0.00333181
0.00345146
0.00355936
0.00365518
0.00373864
0.00380949
0.00386755
0.00391266
0.0039447
0.00396362
0.00396939
0.00396203
0.0039416
0.00390821
0.003862
0.00380317
0.00373196
0.00364862
0.00355348
0.00344688
0.00332921
0.0032009
0.0030624
0.0029142
0.00275684
0.00259086
0.00241685
0.00223543
0.00204723
0.00185292
0.0016532
0.00144882
0.00124056
0.0010293
0.000816122
0.000602607
0.000392234
0.000200173
0.00014965
0.000316445
0.000520905
0.000729947
0.000938193
0.00114368
0.00134525
0.00154202
0.00173322
0.00191817
0.00209623
0.00226679
0.00242929
0.00258321
0.00272805
0.00286334
0.00298866
0.00310362
0.00320787
0.0033011
0.00338303
0.00345343
0.00351209
0.00355887
0.00359366
0.00361637
0.00362698
0.00362549
0.00361196
0.00358647
0.00354915
0.00350017
0.00343975
0.00336812
0.00328557
0.00319241
0.003089
0.00297572
0.00285299
0.00272126
0.00258101
0.00243274
0.00227699
0.00211433
0.00194533
0.00177063
0.00159087
0.00140675
0.00121903
0.00102857
0.000836449
0.00064429
0.000455329
0.00027972
0.00016961
0.000242366
0.000408612
0.00059263
0.000779918
0.000966435
0.00115038
0.00133062
0.00150631
0.00167675
0.00184129
0.00199935
0.0021504
0.00229393
0.00242947
0.00255658
0.00267487
0.00278395
0.00288349
0.00297319
0.00305277
0.00312199
0.00318067
0.00322863
0.00326575
0.00329193
0.00330712
0.0033113
0.00330449
0.00328675
0.00325817
0.00321887
0.00316902
0.00310882
0.00303849
0.0029583
0.00286856
0.00276958
0.00266173
0.00254539
0.00242098
0.00228894
0.00214975
0.00200388
0.00185186
0.00169421
0.0015315
0.00136431
0.00119325
0.00101895
0.000842113
0.000663567
0.000484469
0.000307273
0.000143714
0.000117223
0.000270383
0.000444187
0.000619696
0.000793822
0.000965299
0.0011333
0.00129716
0.00145627
0.00161008
0.00175808
0.00189978
0.00203471
0.00216244
0.00228257
0.00239472
0.00249854
0.00259371
0.00267994
0.00275698
0.0028246
0.00288261
0.00293085
0.00296919
0.00299755
0.00301585
0.00302409
0.00302226
0.0030104
0.0029886
0.00295697
0.00291563
0.00286477
0.00280459
0.00273532
0.00265723
0.00257061
0.00247577
0.00237307
0.00226287
0.00214558
0.00202161
0.00189141
0.00175544
0.00161418
0.00146816
0.00131789
0.00116395
0.00100695
0.000847573
0.000686655
0.000525406
0.000366204
0.000216783
0.000123796
0.000197398
0.000342134
0.000498017
0.000655438
0.00081171
0.000965566
0.00111617
0.00126288
0.00140511
0.00154236
0.00167415
0.00180003
0.00191959
0.00203245
0.00213823
0.00223661
0.00232726
0.00240993
0.00248434
0.00255028
0.00260755
0.00265599
0.00269546
0.00272586
0.00274712
0.00275918
0.00276205
0.00275574
0.00274029
0.0027158
0.00268237
0.00264013
0.00258926
0.00252996
0.00246245
0.00238698
0.00230383
0.0022133
0.00211572
0.00201144
0.00190084
0.00178429
0.00166222
0.00153506
0.00140326
0.00126728
0.0011276
0.000984746
0.000839245
0.000691689
0.000542779
0.000393523
0.000246156
0.000112234
0.000105087
0.000235556
0.000380622
0.000526838
0.000671816
0.000814538
0.000954325
0.00109062
0.00122294
0.00135081
0.00147382
0.00159155
0.00170362
0.00180968
0.00190939
0.00200243
0.00208853
0.0021674
0.00223882
0.00230257
0.00235847
0.00240636
0.0024461
0.0024776
0.00250076
0.00251556
0.00252196
0.00251998
0.00250964
0.00249102
0.0024642
0.0024293
0.00238647
0.00233587
0.00227769
0.00221217
0.00213954
0.00206006
0.00197403
0.00188176
0.00178357
0.00167982
0.00157087
0.00145711
0.00133895
0.00121679
0.0010911
0.000962317
0.000830948
0.000697534
0.00056272
0.000427402
0.00029329
0.000166134
8.83892e-05
0.000162901
0.000288349
0.000420136
0.000552303
0.000683126
0.000811725
0.000937482
0.00105989
0.0011785
0.00129289
0.00140267
0.00150749
0.00160699
0.00170085
0.00178878
0.00187051
0.00194576
0.00201432
0.00207597
0.00213053
0.00217784
0.00221777
0.0022502
0.00227505
0.00229226
0.0023018
0.00230367
0.00229787
0.00228446
0.00226351
0.00223511
0.00219937
0.00215645
0.0021065
0.00204973
0.00198634
0.00191656
0.00184065
0.00175889
0.00167157
0.00157899
0.00148149
0.00137942
0.00127314
0.00116301
0.00104943
0.000932819
0.000813589
0.0006922
0.000569155
0.000445061
0.000320828
0.000198593
9.01448e-05
9.52983e-05
0.000204864
0.000325622
0.000447323
0.000567995
0.00068678
0.00080311
0.000916519
0.00102659
0.00113295
0.00123524
0.00133311
0.00142626
0.00151438
0.0015972
0.00167444
0.00174589
0.0018113
0.0018705
0.00192329
0.00196953
0.00200908
0.00204184
0.00206771
0.00208664
0.00209859
0.00210353
0.00210148
0.00209247
0.00207654
0.00205378
0.00202429
0.00198818
0.00194559
0.00189669
0.00184167
0.00178073
0.00171408
0.00164197
0.00156467
0.00148244
0.00139558
0.00130439
0.0012092
0.00111034
0.00100816
0.000903035
0.000795336
0.000685469
0.000573874
0.000461062
0.000347717
0.000235119
0.000127702
6.51206e-05
0.000137746
0.000245046
0.000355887
0.000466538
0.000575848
0.00068318
0.000788062
0.00089009
0.000988899
0.00108415
0.00117553
0.00126272
0.00134546
0.00142347
0.00149651
0.00156435
0.00162677
0.00168359
0.00173464
0.00177976
0.00181882
0.00185171
0.00187834
0.00189865
0.00191258
0.00192011
0.00192124
0.00191599
0.00190439
0.0018865
0.00186241
0.00183221
0.00179602
0.001754
0.00170629
0.00165308
0.00159456
0.00153094
0.00146246
0.00138936
0.0013119
0.00123036
0.00114502
0.00105619
0.000964179
0.000869316
0.000771941
0.000672411
0.000571108
0.000468456
0.000364974
0.000261461
0.000159868
7.16876e-05
8.45699e-05
0.000177046
0.000277804
0.00037923
0.00047976
0.000578696
0.000675565
0.000769982
0.000861603
0.000950111
0.00103521
0.00111661
0.00119406
0.00126731
0.00133611
0.00140027
0.00145957
0.00151384
0.00156291
0.00160663
0.00164488
0.00167754
0.00170453
0.00172578
0.00174123
0.00175085
0.00175463
0.00175257
0.00174471
0.00173108
0.00171175
0.0016868
0.00165634
0.00162049
0.00157937
0.00153315
0.001482
0.00142611
0.00136566
0.0013009
0.00123203
0.00115931
0.001083
0.00100336
0.000920681
0.000835243
0.000747356
0.000657335
0.000565515
0.000472257
0.000377977
0.000283225
0.000189022
9.90593e-05
5.12416e-05
0.00011865
0.000209361
0.000302178
0.000394599
0.000485792
0.000575272
0.000662664
0.000747642
0.000829905
0.000909176
0.000985191
0.0010577
0.00112647
0.00119128
0.00125194
0.00130823
0.00136
0.00140709
0.00144935
0.00148666
0.00151891
0.001546
0.00156788
0.00158447
0.00159575
0.00160169
0.0016023
0.00159758
0.00158757
0.00157232
0.0015519
0.0015264
0.00149592
0.00146057
0.0014205
0.00137584
0.00132677
0.00127346
0.0012161
0.00115491
0.0010901
0.00102189
0.000950538
0.000876284
0.000799394
0.000720141
0.000638809
0.000555696
0.000471121
0.000385438
0.000299084
0.000212738
0.000128121
5.61417e-05
7.40835e-05
0.000152439
0.000236665
0.00032128
0.000405088
0.000487532
0.000568229
0.000646861
0.000723143
0.000796813
0.000867623
0.00093534
0.000999744
0.00106063
0.0011178
0.00117108
0.0012203
0.00126532
0.00130598
0.00134218
0.00137381
0.00140078
0.001423
0.00144043
0.00145302
0.00146075
0.0014636
0.00146159
0.00145472
0.00144306
0.00142664
0.00140554
0.00137984
0.00134965
0.00131507
0.00127625
0.00123332
0.00118645
0.00113579
0.00108153
0.00102387
0.000963007
0.000899159
0.00083255
0.000763416
0.000691999
0.000618554
0.000543345
0.00046665
0.00038877
0.000310052
0.000230955
0.000152347
7.75397e-05
4.29832e-05
0.000103154
0.000179294
0.000256811
0.000333893
0.000409902
0.000484451
0.000557233
0.000627981
0.000696448
0.000762401
0.000825624
0.00088591
0.000943066
0.000996908
0.00104727
0.00109399
0.00113692
0.00117594
0.00121093
0.00124178
0.00126841
0.00129074
0.00130871
0.00132227
0.0013314
0.00133608
0.00133631
0.0013321
0.00132348
0.00131049
0.0012932
0.00127167
0.001246
0.00121627
0.00118261
0.00114513
0.00110398
0.00105931
0.00101127
0.000960043
0.000905804
0.000848748
0.000789076
0.000726999
0.000662734
0.00059651
0.000528564
0.000459145
0.000388517
0.000316975
0.000244883
0.000172809
0.000102241
4.34526e-05
6.46007e-05
0.000131036
0.000201495
0.000272116
0.000342003
0.000410718
0.000477952
0.000543444
0.00060696
0.000668281
0.000727203
0.000783533
0.000837087
0.000887694
0.000935194
0.000979438
0.00102029
0.00105762
0.00109132
0.00112128
0.00114743
0.00116968
0.00118797
0.00120226
0.00121251
0.0012187
0.00122083
0.00121889
0.00121291
0.00120293
0.00118898
0.00117114
0.00114946
0.00112404
0.00109498
0.00106237
0.00102635
0.000987041
0.000944589
0.000899146
0.000850873
0.000799942
0.000746532
0.000690832
0.000633038
0.000573354
0.000511991
0.000449171
0.000385127
0.000320112
0.000254415
0.00018843
0.000122916
6.09643e-05
3.73021e-05
8.98519e-05
0.000153571
0.000218241
0.000282494
0.000345827
0.000407921
0.000468527
0.000527422
0.000584402
0.000639273
0.000691856
0.000741979
0.000789481
0.000834211
0.000876028
0.000914801
0.000950411
0.00098275
0.00101172
0.00103724
0.00105923
0.00107763
0.00109239
0.00110347
0.00111086
0.00111453
0.00111449
0.00111075
0.00110334
0.00109228
0.00107764
0.00105947
0.00103784
0.00101285
0.000984567
0.000953117
0.000918609
0.000881168
0.000840931
0.00079804
0.000752647
0.000704914
0.000655009
0.000603106
0.00054939
0.000494051
0.000437285
0.0003793
0.000320316
0.00026058
0.000200395
0.000140237
8.13987e-05
3.36778e-05
5.64751e-05
0.000112646
0.000171561
0.000230492
0.000288764
0.000346031
0.000402043
0.000456587
0.000509468
0.000560506
0.000609531
0.000656383
0.000700909
0.000742968
0.000782427
0.000819161
0.000853057
0.000884011
0.000911929
0.000936728
0.000958335
0.00097669
0.000991741
0.00100345
0.00101179
0.00101674
0.0010183
0.00101647
0.00101127
0.00100273
0.000990896
0.000975807
0.000957528
0.000936131
0.000911697
0.000884319
0.000854097
0.000821141
0.000785571
0.000747514
0.000707106
0.00066449
0.000619817
0.000573244
0.000524935
0.00047506
0.000423797
0.000371331
0.000317856
0.000263585
0.000208763
0.000153726
9.91483e-05
4.7948e-05
3.27843e-05
7.81739e-05
0.000131449
0.000185387
0.000238941
0.000291707
0.000343427
0.000393893
0.000442921
0.000490341
0.000535994
0.000579729
0.000621403
0.000660884
0.000698045
0.000732769
0.000764949
0.000794485
0.000821287
0.000845275
0.000866378
0.000884535
0.000899696
0.00091182
0.000920876
0.000926846
0.000929718
0.000929494
0.000926185
0.000919812
0.000910407
0.000898011
0.000882674
0.000864459
0.000843435
0.000819681
0.000793286
0.000764347
0.000732968
0.000699263
0.000663352
0.000625362
0.000585428
0.00054369
0.000500296
0.000455397
0.000409153
0.000361729
0.000313297
0.000264041
0.000214167
0.000163928
0.000113729
6.47057e-05
2.63438e-05
4.94961e-05
9.68449e-05
0.000146074
0.000195236
0.000243814
0.000291534
0.000338192
0.000383612
0.000427635
0.00047011
0.000510896
0.000549861
0.000586879
0.00062183
0.000654606
0.000685102
0.000713225
0.000738889
0.000762015
0.000782535
0.00080039
0.000815529
0.000827909
0.0008375
0.000844278
0.000848231
0.000849353
0.000847652
0.000843141
0.000835847
0.000825801
0.000813046
0.000797635
0.000779627
0.000759091
0.000736104
0.00071075
0.000683123
0.000653321
0.000621452
0.00058763
0.000551973
0.000514609
0.000475668
0.000435289
0.000393612
0.000350787
0.000306967
0.000262317
0.000217014
0.000171265
0.000125359
7.98902e-05
3.76222e-05
2.89135e-05
6.78831e-05
0.000112421
0.000157409
0.000202047
0.000246012
0.000289092
0.000331116
0.000371932
0.000411398
0.000449382
0.000485758
0.000520409
0.000553223
0.000584097
0.000612932
0.000639639
0.000664136
0.000686349
0.00070621
0.000723662
0.000738654
0.000751144
0.000761098
0.000768494
0.000773313
0.000775549
0.000775202
0.000772283
0.000766809
0.000758808
0.000748314
0.000735371
0.000720029
0.000702349
0.000682395
0.000660244
0.000635975
0.000609677
0.000581445
0.000551378
0.000519585
0.000486176
0.00045127
0.00041499
0.000377463
0.000338822
0.000299205
0.000258755
0.000217627
0.000175993
0.000134066
9.21923e-05
5.13899e-05
2.09678e-05
4.34555e-05
8.32562e-05
0.000124364
0.000165362
0.000205851
0.000245609
0.000284471
0.00032229
0.000358935
0.000394281
0.000428211
0.000460615
0.000491387
0.00052043
0.000547653
0.000572969
0.0005963
0.000617576
0.000636732
0.000653711
0.000668463
0.000680947
0.000691129
0.000698983
0.000704489
0.000707639
0.000708428
0.000706862
0.000702954
0.000696725
0.000688204
0.000677426
0.000664435
0.000649281
0.000632023
0.000612724
0.000591456
0.000568297
0.000543329
0.000516643
0.000488334
0.000458501
0.00042725
0.000394692
0.00036094
0.000326113
0.000290337
0.000253739
0.000216456
0.000178638
0.000140459
0.000102165
6.42829e-05
2.94293e-05
2.55352e-05
5.88443e-05
9.60754e-05
0.000133601
0.00017081
0.000207443
0.000243327
0.000278323
0.000312302
0.000345148
0.000376751
0.000407008
0.000435819
0.000463092
0.000488741
0.000512685
0.00053485
0.000555167
0.000573575
0.000590019
0.000604449
0.000616826
0.000627113
0.000635285
0.00064132
0.000645206
0.000646937
0.000646514
0.000643946
0.000639249
0.000632444
0.000623562
0.00061264
0.00059972
0.000584852
0.000568093
0.000549503
0.000529152
0.000507113
0.000483466
0.000458293
0.000431686
0.000403738
0.000374548
0.000344217
0.000312853
0.000280566
0.000247472
0.000213691
0.000179353
0.0001446
0.000109614
7.46945e-05
4.0764e-05
1.70099e-05
3.81447e-05
7.15403e-05
0.000105853
0.000140036
0.000173779
0.000206901
0.000239267
0.000270756
0.000301258
0.00033067
0.000358895
0.000385841
0.000411421
0.000435554
0.000458163
0.000479178
0.000498534
0.000516171
0.000532037
0.000546085
0.000558273
0.000568567
0.00057694
0.000583369
0.000587839
0.000590343
0.000590879
0.000589451
0.00058607
0.000580755
0.000573529
0.000564423
0.000553474
0.000540723
0.00052622
0.000510019
0.000492179
0.000472766
0.000451849
0.000429503
0.000405808
0.000380848
0.00035471
0.000327488
0.000299276
0.000270174
0.000240285
0.000209719
0.000178588
0.000147017
0.000115155
8.32106e-05
5.165e-05
2.29637e-05
2.25856e-05
5.09427e-05
8.20602e-05
0.000113361
0.000144377
0.0001749
0.000204791
0.000233933
0.00026222
0.000289557
0.000315851
0.000341016
0.000364971
0.000387638
0.000408946
0.000428828
0.000447222
0.000464072
0.000479326
0.000492938
0.000504869
0.000515085
0.000523557
0.000530263
0.000535185
0.000538315
0.000539647
0.000539182
0.000536929
0.0005329
0.000527116
0.0005196
0.000510385
0.000499505
0.000487004
0.000472927
0.000457328
0.000440263
0.000421794
0.000401988
0.000380914
0.000358649
0.000335269
0.000310859
0.000285503
0.00025929
0.000232314
0.00020467
0.00017646
0.000147792
0.000118785
8.9594e-05
6.04784e-05
3.22834e-05
1.407e-05
3.34429e-05
6.14315e-05
9.00645e-05
0.000118563
0.000146682
0.000174274
0.000201229
0.000227446
0.000252834
0.000277308
0.000300787
0.000323194
0.000344457
0.000364509
0.000383287
0.000400731
0.000416788
0.000431409
0.000444549
0.000456171
0.000466239
0.000474727
0.00048161
0.000486871
0.000490498
0.000492485
0.000492829
0.000491537
0.000488616
0.000484083
0.000477957
0.000470265
0.000461037
0.00045031
0.000438123
0.000424523
0.000409559
0.000393286
0.000375763
0.000357052
0.00033722
0.000316337
0.000294477
0.000271716
0.000248134
0.000223816
0.000198847
0.000173318
0.000147324
0.000120969
9.43783e-05
6.77313e-05
4.14406e-05
1.78923e-05
1.99953e-05
4.40523e-05
7.00536e-05
9.61606e-05
0.000122013
0.000147446
0.000172343
0.00019661
0.000220159
0.00024291
0.000264786
0.000285716
0.000305633
0.000324471
0.000342172
0.000358681
0.000373945
0.000387918
0.000400557
0.000411825
0.000421689
0.00043012
0.000437095
0.000442596
0.000446609
0.000449126
0.000450143
0.000449663
0.000447691
0.000444238
0.000439323
0.000432965
0.00042519
0.00041603
0.000405519
0.000393698
0.000380608
0.0003663
0.000350823
0.000334234
0.000316593
0.000297961
0.000278404
0.000257991
0.000236795
0.000214888
0.00019235
0.00016926
0.000145702
0.000121768
9.75577e-05
7.32026e-05
4.89289e-05
2.55151e-05
1.18517e-05
2.92722e-05
5.27115e-05
7.66018e-05
0.00010036
0.000123791
0.000146776
0.000169224
0.000191051
0.000212183
0.000232547
0.000252077
0.00027071
0.000288385
0.000305046
0.000320641
0.00033512
0.00034844
0.00036056
0.000371443
0.000381056
0.000389373
0.00039637
0.000402027
0.000406331
0.000409272
0.000410843
0.000411046
0.000409882
0.000407362
0.000403498
0.000398306
0.00039181
0.000384034
0.000375009
0.00036477
0.000353353
0.000340802
0.000327162
0.000312483
0.000296816
0.000280217
0.000262745
0.000244462
0.000225432
0.000205722
0.000185401
0.000164542
0.00014322
0.000121516
9.95158e-05
7.73253e-05
5.50986e-05
3.32029e-05
1.39435e-05
1.77102e-05
3.80568e-05
5.97767e-05
8.15495e-05
0.000103097
0.000124287
0.000145025
0.000165232
0.000184836
0.000203769
0.000221969
0.000239377
0.000255935
0.000271591
0.000286295
0.000300002
0.000312668
0.000324254
0.000334727
0.000344053
0.000352207
0.000359165
0.000364906
0.000369418
0.000372688
0.000374709
0.00037548
0.000375001
0.000373279
0.000370323
0.000366147
0.000360769
0.000354212
0.0003465
0.000337664
0.000327736
0.000316753
0.000304756
0.000291788
0.000277895
0.000263127
0.000247536
0.000231177
0.000214108
0.000196389
0.000178081
0.000159251
0.000139964
0.000120292
0.00010031
8.01041e-05
5.97843e-05
3.95485e-05
2.01171e-05
1.01428e-05
2.55751e-05
4.51942e-05
6.51259e-05
8.49313e-05
0.000104456
0.000123603
0.000142297
0.00016047
0.000178058
0.000195003
0.000211248
0.000226742
0.000241433
0.000255276
0.000268228
0.000280246
0.000291295
0.000301341
0.000310353
0.000318306
0.000325175
0.000330942
0.000335591
0.00033911
0.000341492
0.000342732
0.000342829
0.000341789
0.000339616
0.000336323
0.000331925
0.000326439
0.000319887
0.000312296
0.000303692
0.00029411
0.000283583
0.000272151
0.000259853
0.000246735
0.000232843
0.000218226
0.000202935
0.000187025
0.00017055
0.00015357
0.000136145
0.000118338
0.000100215
8.1851e-05
6.33333e-05
4.47947e-05
2.65636e-05
1.08847e-05
1.56777e-05
3.28446e-05
5.09836e-05
6.91404e-05
8.70994e-05
0.000104754
0.000122027
0.000138853
0.000155171
0.000170928
0.000186069
0.000200546
0.000214312
0.000227323
0.000239537
0.000250917
0.000261427
0.000271035
0.000279711
0.00028743
0.00029417
0.00029991
0.000304636
0.000308335
0.000310997
0.000312619
0.000313196
0.000312732
0.000311231
0.000308702
0.000305156
0.000300608
0.000295078
0.000288586
0.000281158
0.000272822
0.000263607
0.000253549
0.000242682
0.000231047
0.000218685
0.000205639
0.000191955
0.000177682
0.00016287
0.000147571
0.000131838
0.000115729
9.93019e-05
8.26203e-05
6.57561e-05
4.88033e-05
3.1935e-05
1.58212e-05
8.80103e-06
2.23078e-05
3.87216e-05
5.53492e-05
7.18591e-05
8.81281e-05
0.000104078
0.000119646
0.000134775
0.000149414
0.000163513
0.000177026
0.000189909
0.000202121
0.000213622
0.000224378
0.000234353
0.000243518
0.000251844
0.000259307
0.000265885
0.000271558
0.00027631
0.00028013
0.000283006
0.000284934
0.000285908
0.000285931
0.000285003
0.000283133
0.000280328
0.000276603
0.000271971
0.000266451
0.000260066
0.000252838
0.000244795
0.000235966
0.000226384
0.000216083
0.0002051
0.000193473
0.000181244
0.000168456
0.000155154
0.000141385
0.000127197
0.000112641
9.77688e-05
8.26374e-05
6.73082e-05
5.18559e-05
3.63945e-05
2.12191e-05
8.53075e-06
1.38633e-05
2.83192e-05
4.34643e-05
5.86044e-05
7.35718e-05
8.82804e-05
0.000102667
0.000116677
0.000130261
0.000143373
0.000155969
0.000168009
0.000179454
0.000190266
0.000200412
0.000209859
0.000218579
0.000226546
0.000233734
0.000240122
0.000245692
0.000250428
0.000254317
0.000257348
0.000259515
0.000260813
0.000261241
0.0002608
0.000259494
0.000257331
0.000254321
0.000250476
0.000245813
0.000240349
0.000234105
0.000227105
0.000219374
0.000210941
0.000201837
0.000192093
0.000181745
0.000170828
0.000159383
0.000147448
0.000135067
0.000122281
0.000109137
9.5682e-05
8.19646e-05
6.80382e-05
5.39633e-05
3.98199e-05
2.57596e-05
1.24091e-05
7.717e-06
1.94262e-05
3.31532e-05
4.70236e-05
6.07858e-05
7.4342e-05
8.76284e-05
0.000100593
0.000113188
0.000125372
0.000137103
0.000148343
0.000159055
0.000169205
0.000178761
0.000187692
0.000195972
0.000203573
0.000210474
0.000216654
0.000222094
0.000226778
0.000230694
0.000233831
0.000236181
0.000237739
0.000238503
0.000238472
0.00023765
0.000236041
0.000233653
0.000230498
0.000226588
0.000221938
0.000216568
0.000210496
0.000203745
0.000196341
0.000188311
0.000179682
0.000170486
0.000160756
0.000150525
0.000139831
0.00012871
0.000117202
0.000105346
9.31869e-05
8.07668e-05
6.81332e-05
5.53378e-05
4.24437e-05
2.95495e-05
1.69211e-05
6.72927e-06
1.22394e-05
2.43938e-05
3.70371e-05
4.96611e-05
6.21348e-05
7.43887e-05
8.63707e-05
9.80359e-05
0.000109343
0.000120255
0.000130734
0.000140747
0.000150261
0.000159245
0.000167673
0.000175516
0.000182751
0.000189356
0.000195311
0.000200597
0.0002052
0.000209107
0.000212306
0.00021479
0.000216552
0.00021759
0.000217901
0.000217488
0.000216355
0.000214506
0.000211952
0.000208702
0.00020477
0.000200171
0.000194923
0.000189046
0.00018256
0.000175491
0.000167862
0.000159703
0.00015104
0.000141907
0.000132333
0.000122354
0.000112004
0.00010132
9.03388e-05
7.91004e-05
6.7646e-05
5.602e-05
4.42733e-05
3.2474e-05
2.07555e-05
9.70759e-06
6.81917e-06
1.6892e-05
2.83678e-05
3.99371e-05
5.14086e-05
6.27041e-05
7.37713e-05
8.45673e-05
9.50534e-05
0.000105194
0.000114954
0.000124303
0.00013321
0.000141646
0.000149585
0.000157002
0.000163873
0.000170178
0.000175897
0.000181013
0.000185512
0.00018938
0.000192606
0.000195182
0.000197101
0.00019836
0.000198955
0.000198888
0.000198161
0.000196778
0.000194747
0.000192075
0.000188775
0.000184859
0.000180342
0.000175242
0.000169577
0.000163368
0.000156637
0.000149409
0.00014171
0.000133567
0.000125009
0.000116065
0.000106768
9.71497e-05
8.72442e-05
7.70869e-05
6.67146e-05
5.61666e-05
4.54863e-05
3.47273e-05
2.39745e-05
1.3469e-05
5.35999e-06
1.07865e-05
2.09933e-05
3.15463e-05
4.20718e-05
5.24671e-05
6.26757e-05
7.26549e-05
8.23677e-05
9.17799e-05
0.00010086
0.000109577
0.000117904
0.000125813
0.000133279
0.000140279
0.00014679
0.000152793
0.000158269
0.000163201
0.000167575
0.000171379
0.000174601
0.000177233
0.000179267
0.0001807
0.000181527
0.00018175
0.000181368
0.000180385
0.000178806
0.000176639
0.000173892
0.000170577
0.000166707
0.000162297
0.000157362
0.000151922
0.000145995
0.000139604
0.000132771
0.00012552
0.000117878
0.000109871
0.000101527
9.28754e-05
8.39469e-05
7.47729e-05
6.53864e-05
5.58217e-05
4.61162e-05
3.63128e-05
2.64695e-05
1.67037e-05
7.57443e-06
6.0542e-06
1.46674e-05
2.42581e-05
3.39076e-05
4.34693e-05
5.28808e-05
6.20994e-05
7.10896e-05
7.98192e-05
8.82586e-05
9.63794e-05
0.000104155
0.000111561
0.000118573
0.000125168
0.000131327
0.000137029
0.000142258
0.000146998
0.000151234
0.000154954
0.000158147
0.000160804
0.000162919
0.000164485
0.000165501
0.000165963
0.000165873
0.000165232
0.000164045
0.000162317
0.000160055
0.00015727
0.000153972
0.000150174
0.00014589
0.000141136
0.000135929
0.000130288
0.000124235
0.000117789
0.000110974
0.000103815
9.63357e-05
8.85631e-05
8.05244e-05
7.2248e-05
6.37634e-05
5.51014e-05
4.62948e-05
3.73802e-05
2.84029e-05
1.94364e-05
1.07001e-05
4.32533e-06
9.48813e-06
1.80508e-05
2.68582e-05
3.56336e-05
4.42965e-05
5.28011e-05
6.11121e-05
6.9199e-05
7.70335e-05
8.45892e-05
9.1841e-05
9.87654e-05
0.00010534
0.000111544
0.000117358
0.000122763
0.000127743
0.000132283
0.000136368
0.000139988
0.00014313
0.000145787
0.000147952
0.000149617
0.000150781
0.00015144
0.000151594
0.000151244
0.000150393
0.000149045
0.000147207
0.000144886
0.000142092
0.000138836
0.000135129
0.000130987
0.000126423
0.000121455
0.0001161
0.000110378
0.000104309
9.79152e-05
9.1218e-05
8.42414e-05
7.70099e-05
6.95489e-05
6.18848e-05
5.4045e-05
4.60585e-05
3.79564e-05
2.97749e-05
2.15636e-05
1.34262e-05
5.8963e-06
5.38884e-06
1.27188e-05
2.07319e-05
2.87794e-05
3.67491e-05
4.45907e-05
5.22693e-05
5.97555e-05
6.70228e-05
7.40464e-05
8.08029e-05
8.72703e-05
9.34275e-05
9.9255e-05
0.000104734
0.000109848
0.00011458
0.000118917
0.000122844
0.000126351
0.000129427
0.000132063
0.000134251
0.000135987
0.000137265
0.000138083
0.00013844
0.000138336
0.000137773
0.000136754
0.000135285
0.000133372
0.000131021
0.000128244
0.00012505
0.000121452
0.000117463
0.000113097
0.00010837
0.000103299
9.79031e-05
9.22004e-05
8.62113e-05
7.99569e-05
7.34591e-05
6.67408e-05
5.98257e-05
5.27384e-05
4.55048e-05
3.81523e-05
3.07115e-05
2.3221e-05
1.57446e-05
8.48252e-06
3.54656e-06
8.33028e-06
1.55077e-05
2.28573e-05
3.01734e-05
3.73924e-05
4.44772e-05
5.13989e-05
5.8132e-05
6.46531e-05
7.09403e-05
7.69727e-05
8.27309e-05
8.81962e-05
9.33512e-05
9.81797e-05
0.000102667
0.000106798
0.000110561
0.000113945
0.00011694
0.000119536
0.000121727
0.000123506
0.00012487
0.000125814
0.000126338
0.00012644
0.000126122
0.000125386
0.000124236
0.000122678
0.000120717
0.000118362
0.000115622
0.000112508
0.00010903
0.000105202
0.000101037
9.65513e-05
9.17601e-05
8.66806e-05
8.13307e-05
7.57293e-05
6.98962e-05
6.38516e-05
5.7617e-05
5.12144e-05
4.46666e-05
3.79979e-05
3.12345e-05
2.44067e-05
1.75571e-05
1.07774e-05
4.58095e-06
4.80019e-06
1.10149e-05
1.77082e-05
2.44194e-05
3.10619e-05
3.75953e-05
4.3991e-05
5.02248e-05
5.62746e-05
6.21198e-05
6.77411e-05
7.31201e-05
7.82393e-05
8.30824e-05
8.76342e-05
9.18802e-05
9.58074e-05
9.94037e-05
0.000102658
0.000105561
0.000108104
0.000110279
0.000112081
0.000113505
0.000114548
0.000115206
0.00011548
0.000115369
0.000114876
0.000114003
0.000112754
0.000111135
0.000109152
0.000106814
0.000104128
0.000101106
9.77586e-05
9.40977e-05
9.01368e-05
8.589e-05
8.13726e-05
7.66004e-05
7.15905e-05
6.63604e-05
6.09284e-05
5.53137e-05
4.95361e-05
4.36161e-05
3.75754e-05
3.14369e-05
2.52265e-05
1.89767e-05
1.27431e-05
6.70944e-06
2.95997e-06
7.30022e-06
1.33123e-05
1.94447e-05
2.55439e-05
3.15595e-05
3.74615e-05
4.32259e-05
4.88318e-05
5.42596e-05
5.94911e-05
6.45092e-05
6.92974e-05
7.38404e-05
7.81237e-05
8.21339e-05
8.58584e-05
8.92856e-05
9.24053e-05
9.52079e-05
9.76851e-05
9.98299e-05
0.000101636
0.000103099
0.000104214
0.00010498
0.000105395
0.000105458
0.000105171
0.000104536
0.000103555
0.000102235
0.000100579
9.8594e-05
9.62888e-05
9.36716e-05
9.07522e-05
8.75412e-05
8.40505e-05
8.02924e-05
7.62806e-05
7.20292e-05
6.75532e-05
6.28685e-05
5.79914e-05
5.29391e-05
4.77294e-05
4.23807e-05
3.69121e-05
3.13439e-05
2.5698e-05
2.00001e-05
1.42865e-05
8.63893e-06
3.55472e-06
4.27402e-06
9.52771e-06
1.51174e-05
2.07139e-05
2.625e-05
3.16934e-05
3.70204e-05
4.22112e-05
4.72474e-05
5.21119e-05
5.67886e-05
6.12622e-05
6.55183e-05
6.95433e-05
7.33244e-05
7.68498e-05
8.01087e-05
8.30908e-05
8.57874e-05
8.81902e-05
9.02923e-05
9.20876e-05
9.35712e-05
9.47392e-05
9.55887e-05
9.6118e-05
9.63263e-05
9.62141e-05
9.57828e-05
9.50348e-05
9.39738e-05
9.26043e-05
9.09318e-05
8.8963e-05
8.67054e-05
8.41674e-05
8.13585e-05
7.8289e-05
7.49699e-05
7.14132e-05
6.76314e-05
6.36382e-05
5.94474e-05
5.50739e-05
5.0533e-05
4.58407e-05
4.10135e-05
3.60686e-05
3.10242e-05
2.58994e-05
2.0716e-05
1.55015e-05
1.03044e-05
5.29436e-06
2.51428e-06
6.38601e-06
1.1419e-05
1.65353e-05
2.16198e-05
2.66326e-05
3.15491e-05
3.63497e-05
4.10169e-05
4.55346e-05
4.98877e-05
5.40618e-05
5.80434e-05
6.18196e-05
6.53786e-05
6.8709e-05
7.18005e-05
7.46435e-05
7.72294e-05
7.95504e-05
8.15996e-05
8.33711e-05
8.48599e-05
8.60621e-05
8.69745e-05
8.75951e-05
8.79227e-05
8.79573e-05
8.76997e-05
8.71517e-05
8.63162e-05
8.51968e-05
8.37982e-05
8.21261e-05
8.01869e-05
7.79879e-05
7.55373e-05
7.28442e-05
6.99182e-05
6.67701e-05
6.34109e-05
5.98527e-05
5.6108e-05
5.219e-05
4.81124e-05
4.38895e-05
3.95363e-05
3.5068e-05
3.05008e-05
2.58516e-05
2.11386e-05
1.63837e-05
1.16179e-05
6.91423e-06
2.75835e-06
3.80088e-06
8.23179e-06
1.2899e-05
1.75656e-05
2.21796e-05
2.67146e-05
3.11515e-05
3.54737e-05
3.9666e-05
4.37142e-05
4.7605e-05
5.13256e-05
5.4864e-05
5.82089e-05
6.13499e-05
6.42769e-05
6.6981e-05
