
Dual Residual: 
99259
217910
1387.52
658.741
415.301
354.733
304.158
254.575
221.014
206.439
192.423
177.326
153.698
135.967
123.546
117.516
115.069
113.137
110.041
105.729
101.251
97.3074
93.8805
91.9224
91.0742
90.0203
87.9269
84.4013
78.6043
74.0935
70.2416
67.1281
65.8941
66.8556
69.4114
71.644
73.1643
71.274
69.0236
65.6441
60.5261
56.2741
51.7415
48.4642
46.5623
45.3317
44.3888
43.6979
43.6355
44.3679
45.8167
47.225
48.3005
48.8981
48.66
47.5458
45.7501
40.8212
37.2347
35.4561
34.9364
35.4396
36.3064
37.0817
37.4512
37.3538
36.8606
36.077
35.1
34.024
32.8201
31.853
31.1315
30.6785
30.5136
30.6022
30.273
29.9377
29.6594
29.0842
28.13
27.2564
26.3548
25.505
24.7319
24.0544
23.4756
22.9888
22.2164
21.7646
21.684
21.86
22.2005
22.6356
23.1082
23.5601
23.9484
24.2424
24.4329
24.5298
24.5544
24.5331
24.4958
24.4697
24.4435
24.4296
24.4133
24.3734
24.2905
24.1496
23.9428
23.6714
23.3449
22.9825
22.6093
22.2515
21.9311
21.6627
21.4493
21.2756
21.1232
20.9688
20.7905
20.5699
20.2455
19.8962
19.5144
19.0988
18.6563
18.2008
17.7503
17.3218
16.9295
16.5869
16.3065
16.1006
15.99
15.9795
16.0672
16.2465
16.5066
16.8357
17.2214
17.6516
18.1137
18.5269
19.0031
19.4842
19.9452
20.367
20.7353
21.001
21.0749
21.1345
21.1381
21.0726
20.9374
20.7392
20.4867
20.1872
19.8466
19.4696
19.0604
18.6237
18.1648
17.6909
17.2131
16.742
16.2888
15.8659
15.4854
15.1592
14.9018
14.7167
14.6054
14.5658
14.592
14.6747
14.8029
14.9645
15.1468
15.3369
15.5228
15.6941
15.8425
15.9623
16.0503
16.1063
16.1323
16.1323
16.1122
16.0785
16.0386
15.9994
15.9675
15.9486
15.9464
15.9628
15.9976
16.0495
16.1152
16.1905
16.2701
16.3484
16.4198
16.4789
16.5205
16.5406
16.5371
16.5173
16.477
16.4129
16.3228
16.2053
16.0605
15.8901
15.6974
15.4866
15.2629
15.0318
14.3748
14.0268
13.7555
13.535
13.35
13.2007
13.0947
13.0378
13.0299
13.0618
13.1326
13.2486
13.4007
13.5817
13.7828
13.9952
14.2104
14.4215
14.6224
14.8075
14.9717
15.1112
15.2216
15.3001
15.3446
15.354
15.3278
15.2664
15.161
15.0307
14.8758
14.6974
14.4966
14.2748
14.0347
13.7804
13.5193
13.2608
12.992
12.7023
12.4563
12.2362
12.0404
11.8727
11.736
11.6323
11.5639
11.533
11.5405
11.5856
11.6657
11.7772
11.9168
12.0804
12.2623
12.4568
12.6581
12.8607
12.9596
13.1187
13.2818
13.4394
13.5856
13.7181
13.8354
13.9341
14.0094
14.0563
14.0702
14.0473
13.9853
13.883
13.7405
13.5583
13.3382
13.0823
12.7938
12.4765
12.1351
11.7749
11.4021
11.0233
10.6457
10.277
9.9253
9.5988
9.30562
9.05343
8.84903
8.69789
8.60373
8.56816
8.59054
8.66799
8.79571
8.96735
9.17557
9.41249
9.6702
9.94105
10.2179
10.4943
10.7646
11.0239
11.268
11.4934
11.6973
11.8776
12.0323
12.1604
12.2608
12.333
12.3768
12.3922
12.3795
12.3393
12.2723
12.1797
12.0627
11.923
11.7627
11.584
11.3896
11.1827
10.9667
10.7456
10.5234
10.3048
10.0963
9.90184
9.726
9.57291
9.4462
9.3488
9.28276
9.24905
9.24749
9.27672
9.33436
9.41716
9.5213
9.64251
9.77639
9.91844
10.0643
10.2096
10.3506
10.4834
10.6048
10.7118
10.802
10.8731
10.9236
10.9522
10.9584
10.9408
10.9
10.8369
10.7524
10.6478
10.5252
10.3871
10.2365
10.077
9.91253
9.74748
9.5866
9.43489
9.29739
9.17902
9.07669
8.96598
8.92338
8.91752
8.94712
9.01211
9.11075
9.23921
9.39239
9.56464
9.75013
9.94315
10.1382
10.3304
10.5149
10.6877
10.8448
10.9829
11.099
11.1905
11.2553
11.2919
11.2991
11.2764
11.2236
10.9918
10.7341
10.5765
10.4219
10.2508
10.058
9.84666
9.62196
9.38693
9.14209
8.88769
8.62543
8.35873
8.06722
7.80356
7.55756
7.13112
6.89176
6.70461
6.56286
6.46049
6.39496
6.36703
6.37827
6.42748
6.51162
6.62651
6.76794
6.93204
7.11501
7.31274
7.52082
7.7348
7.95049
8.16416
8.37371
8.57542
8.76618
8.9428
9.10264
9.24345
9.36333
9.46078
9.53465
9.58416
9.60885
9.60849
9.58311
9.53296
9.45856
9.36071
9.24045
9.09909
8.93822
8.75967
8.5655
8.3582
8.14042
7.91497
7.68499
7.45386
7.22522
7.00291
6.79096
6.59341
6.41429
6.25736
6.12601
6.02302
5.95037
5.90912
5.89931
5.91998
5.96921
6.04433
6.14207
6.20416
6.28756
6.41549
6.56047
6.71355
6.87084
7.03057
7.19043
7.3471
7.49688
7.63634
7.76272
7.8739
7.96838
8.04518
8.10372
8.14381
8.16554
8.16929
8.15566
8.12544
8.07963
8.01941
7.94613
7.84625
7.72691
7.61757
7.50791
7.39888
7.28975
7.18093
7.07408
6.97125
6.87453
6.78582
6.7069
6.63955
6.58555
6.54652
6.52369
6.51776
6.52882
6.55642
6.59964
6.65712
6.72719
6.8079
6.89722
6.99302
7.09357
7.19768
7.30346
7.40849
7.5106
7.60753
7.69717
7.77762
7.84731
7.90493
7.94943
7.98003
7.99625
7.99787
7.98497
7.95789
7.91722
7.86377
7.79852
7.72264
7.63746
7.54446
7.44526
7.34163
7.23546
7.12871
7.02343
6.92168
6.82546
6.73272
6.62894
6.55006
6.48674
6.43734
6.40251
6.3825
6.37683
6.38503
6.40659
6.44056
6.48543
6.53921
6.59969
6.66468
6.73207
6.79988
6.8663
6.9296
6.98824
7.04086
7.08635
7.12383
7.15265
7.17236
7.18272
7.1836
7.17504
7.1572
7.13037
7.08465
7.0336
6.98375
6.92926
6.86919
6.80371
6.73368
6.66016
6.58409
6.50635
6.42781
6.3495
6.27255
6.1984
6.12905
6.06572
6.00954
5.96145
5.92221
5.89236
5.87219
5.86174
5.86074
5.86867
5.88474
5.90793
5.93706
5.9708
6.00771
6.04632
6.08517
6.12279
6.15785
6.18908
6.21535
6.2357
6.24933
6.25558
6.25401
6.24435
6.22651
6.2006
6.1669
6.12587
6.07815
6.02451
5.96588
5.90333
5.83801
5.77119
5.7042
5.63842
5.57523
5.51601
5.46208
5.41469
5.37493
5.34374
5.32188
5.30985
5.30793
5.31614
5.33423
5.36173
5.39792
5.4419
5.49261
5.54883
5.6093
5.67265
5.73752
5.80256
5.86645
5.92792
5.98582
6.03904
6.08663
6.12773
6.16162
6.18772
6.20559
6.21493
6.21559
6.20756
6.191
6.16621
6.13364
6.09387
5.97094
5.90151
5.83789
5.77296
5.70785
5.64484
5.58495
5.52839
5.47543
5.42664
5.38292
5.34542
5.31546
5.29435
5.2832
5.28277
5.29405
5.31562
5.34636
5.38582
5.43363
5.48889
5.55016
5.6158
5.68425
5.75416
5.82427
5.89329
5.95997
6.02308
6.08148
6.13414
6.18016
6.21871
6.24909
6.27074
6.28323
6.28628
6.27971
6.2635
6.23772
6.20255
6.15829
6.10535
6.04424
5.97556
5.90002
5.81843
5.73169
5.64079
5.54681
5.4509
5.35429
5.2585
5.16478
5.07437
4.98851
4.90841
4.83525
4.77009
4.7139
4.66748
4.63149
4.60635
4.59225
4.58912
4.59665
4.61425
4.64117
4.67644
4.71896
4.76756
4.821
4.87802
4.93738
4.99791
5.0585
5.1181
5.17579
5.23071
5.28213
5.3294
5.37197
5.40938
5.44127
5.46753
5.48798
5.50251
5.51113
5.51392
5.51102
5.50265
5.48913
5.47082
5.44813
5.42155
5.39155
5.35869
5.32351
5.28659
5.2485
5.20982
5.17108
5.1328
5.09545
5.05944
5.02511
4.99274
4.96254
4.93461
4.90901
4.88572
4.86465
4.84563
4.82845
4.81287
4.79859
4.7853
4.77268
4.7604
4.74815
4.73564
4.7226
4.70882
4.69412
4.67838
4.66156
4.64366
4.62474
4.60434
4.58422
4.56377
4.54314
4.52271
4.50312
4.48496
4.46867
4.45478
4.44383
4.43632
4.43273
4.43348
4.43891
4.4493
4.46484
4.48561
4.51157
4.52643
4.55629
4.5929
4.63443
4.67961
4.7277
4.77822
4.83067
4.88439
4.9386
4.9925
5.04531
5.09633
5.14484
5.19019
5.23173
5.2689
5.3012
5.3282
5.34953
5.3649
5.37408
5.37691
5.3733
5.36323
5.34677
5.32405
5.29527
5.2607
5.22068
5.17562
5.126
5.07238
5.01536
4.95562
4.89391
4.831
4.76772
4.70492
4.64347
4.58421
4.52798
4.47556
4.42769
4.385
4.34803
4.31721
4.29285
4.2751
4.26398
4.25938
4.26104
4.26856
4.28147
4.29918
4.32102
4.33894
4.35867
4.3854
4.4145
4.44419
4.47375
4.50237
4.52938
4.55435
4.57703
4.59711
4.6142
4.62788
4.63779
4.64365
4.64531
4.64272
4.63587
4.62482
4.60968
4.59062
4.56791
4.54189
4.51297
4.48233
4.45065
4.41844
4.38626
4.35462
4.32399
4.29483
4.26755
4.24251
4.21997
4.2001
4.18298
4.16857
4.15676
4.14735
4.14006
4.13457
4.13053
4.12753
4.12519
4.1231
4.12089
4.11819
4.11469
4.11008
4.10411
4.09658
4.0873
4.07617
4.0631
4.04809
4.03114
4.01234
3.99182
3.96976
3.94639
3.922
3.89692
3.87153
3.84626
3.82156
3.79791
3.77582
3.7558
3.73835
3.72395
3.71306
3.70606
3.70329
3.70499
3.71134
3.72238
3.73809
3.7583
3.78279
3.81121
3.84314
3.8781
3.91554
3.95488
3.99552
4.03682
4.0782
4.11903
4.15876
4.19684
4.23278
4.26613
4.29649
4.32352
4.34692
4.36647
4.382
4.39339
4.40059
4.40361
4.40249
4.39738
4.38844
4.37591
4.36007
4.34126
4.31987
4.29634
4.27112
4.24474
4.21773
4.19065
4.16408
4.13859
4.11474
4.09309
4.07416
4.05842
4.0463
4.03814
4.03423
4.03475
4.03982
4.04944
4.03355
4.04391
4.06517
4.09154
4.12225
4.15716
4.19554
4.23632
4.27846
4.32107
4.3635
4.40521
4.44625
4.48612
4.52394
4.55933
4.5922
4.6225
4.65002
4.6744
4.69528
4.71239
4.72555
4.73464
4.73961
4.74045
4.7372
4.72999
4.71898
4.70436
4.68632
4.66507
4.64079
4.61371
4.58406
4.55209
4.51803
4.48218
4.44479
4.40615
4.36652
4.32662
4.287
4.24788
4.20913
4.17075
4.13278
4.09525
4.05823
4.02186
3.98631
3.95173
3.91825
3.88592
3.85477
3.8248
3.796
3.76833
3.74176
3.71623
3.69166
3.66795
3.64499
3.62266
3.6009
3.57963
3.55884
3.53856
3.51885
3.4998
3.48152
3.46413
3.44774
3.43244
3.41834
3.4055
3.39398
3.3838
3.37498
3.36752
3.3614
3.35658
3.35302
3.35064
3.34938
3.34915
3.34985
3.35137
3.35358
3.35636
3.35953
3.36293
3.36638
3.36967
3.3726
3.37496
3.37653
3.37711
3.3765
3.3745
3.37096
3.36574
3.35871
3.34978
3.33889
3.32601
3.31114
3.29431
3.27558
3.25505
3.23285
3.20916
3.18417
3.15812
3.1313
3.10401
3.07661
3.04948
3.02303
2.9977
2.97395
2.95223
2.933
2.9167
2.90375
2.89452
2.88934
2.88847
2.89209
2.85236
2.84657
2.85415
2.86953
2.88991
2.91436
2.94302
2.97599
3.0129
3.05305
3.0957
3.14031
3.18643
3.23368
3.28164
3.32988
3.37799
3.42563
3.47248
3.51826
3.56269
3.60552
3.64652
3.68549
3.72229
3.75677
3.78885
3.81846
3.84555
3.87013
3.8922
3.91182
3.92907
3.94406
3.95691
3.96779
3.97687
3.98433
3.99035
3.99513
3.99885
4.00167
4.00376
4.00526
4.0063
4.007
4.00747
4.00778
4.008
4.0082
4.00841
4.00867
4.00899
4.00939
4.0044
3.99764
3.99623
3.99625
3.99664
3.9973
3.99811
3.99891
3.9998
4.00093
4.00235
4.00398
4.0056
4.007
4.00798
4.00839
4.0081
4.00697
4.00486
4.00165
3.99724
3.99155
3.98458
3.97634
3.96687
3.95624
3.94449
3.9317
3.91791
3.90318
3.88755
3.87105
3.85371
3.8355
3.81647
3.79823
3.78093
3.76413
3.74761
3.73089
3.71353
3.69521
3.67573
3.65503
3.63308
3.60989
3.58539
3.55952
3.5322
3.50331
3.47279
3.44055
3.40651
3.37061
3.33281
3.29311
3.25151
3.20808
3.16294
3.11628
3.06834
3.01947
2.97005
2.92055
2.87145
2.82331
2.77667
2.73209
2.69011
2.65124
2.61597
2.5847
2.5578
2.53553
2.5181
2.50561
2.49808
2.49543
2.49749
2.50401
2.51464
2.52898
2.54654
2.56682
2.58922
2.61315
2.638
2.66315
2.688
2.71196
2.73448
2.75507
2.77327
2.78871
2.80105
2.81006
2.81554
2.81739
2.81555
2.81005
2.79869
2.78515
2.76903
2.75009
2.72846
2.70444
2.67833
2.65052
2.62152
2.59187
2.56212
2.53283
2.50455
2.47786
2.45333
2.43154
2.41301
2.39823
2.38759
2.38144
2.38002
2.38347
2.39187
2.4052
2.42334
2.44611
2.47324
2.50442
2.53928
2.57742
2.61842
2.66186
2.7073
2.75431
2.80247
2.85139
2.9007
2.95004
2.9991
3.04759
3.09525
3.14186
3.18722
3.23117
3.27358
3.31433
3.35335
3.39058
3.42596
3.45948
3.49113
3.52091
3.54884
3.57494
3.59922
3.62172
3.64245
3.66146
3.67875
3.69437
3.70834
3.72066
3.73135
3.74041
3.74785
3.75364
3.75777
3.76024
3.76102
3.7601
3.75747
3.75312
3.74706
3.73929
3.72982
3.71868
3.70592
3.69157
3.6757
3.65838
3.6397
3.61974
3.59863
3.57649
3.55346
3.52969
3.50534
3.48059
3.45563
3.43066
3.40588
3.38149
3.35769
3.33469
3.31267
3.29183
3.27231
3.25427
3.23784
3.22311
3.21015
3.199
3.18969
3.18218
3.17644
3.17238
3.16991
3.16888
3.16916
3.17057
3.17292
3.17602
3.17966
3.18363
3.18771
3.1917
3.19537
3.19854
3.20102
3.20262
3.20318
3.20255
3.20061
3.19723
3.19233
3.18583
3.17767
3.16782
3.15626
3.14299
3.12805
3.11146
3.09328
3.07359
3.05248
3.03003
3.00636
2.98159
2.95585
2.92928
2.90203
2.87423
2.84603
2.8176
2.78908
2.76062
2.73238
2.70449
2.67709
2.65029
2.62422
2.599
2.57471
2.55145
2.5293
2.50832
2.48857
2.47011
2.45297
2.43718
2.42277
2.40976
2.39816
2.38797
2.31975
2.28712
2.27131
2.26274
2.25746
2.25431
2.2537
2.25614
2.26155
2.26935
2.27899
2.29017
2.30279
2.31681
2.33213
2.34857
2.36597
2.38421
2.4032
2.42286
2.44308
2.46375
2.48478
2.50603
2.52742
2.54885
2.57021
2.59142
2.6124
2.63308
2.65339
2.67329
2.69276
2.71177
2.73032
2.74842
2.76608
2.78332
2.80015
2.81661
2.83269
2.84839
2.8637
2.8786
2.89306
2.90703
2.92047
2.93334
2.94561
2.95723
2.96817
2.97842
2.98795
2.99677
3.00486
3.01225
3.01894
3.02496
3.03033
3.0351
3.03929
3.04294
3.0461
3.0488
3.05109
3.05299
3.05454
3.05578
3.05672
3.05739
3.05782
3.058
3.05797
3.05771
3.05724
3.05656
3.05567
3.05015
3.04634
3.04433
3.04263
3.04087
3.03899
3.03689
3.0345
3.03187
3.02904
3.02599
3.02263
3.01906
3.01596
3.01315
3.01054
3.008
3.00538
3.00256
2.99944
2.99601
2.99227
2.98823
2.98391
2.97931
2.97442
2.96923
2.96382
2.95844
2.95295
2.94726
2.94121
2.93469
2.92755
2.91968
2.91098
2.90144
2.89107
2.87997
2.86825
2.85606
2.84355
2.83088
2.8182
2.80565
2.79335
2.78139
2.76984
2.75873
2.7481
2.73794
2.72826
2.71905
2.71031
2.70202
2.69419
2.68682
2.67991
2.67343
2.66738
2.66173
2.65641
2.65137
2.64652
2.64175
2.63696
2.63204
2.62685
2.62128
2.61523
2.60862
2.60137
2.59345
2.58482
2.57551
2.56552
2.55492
2.54376
2.53214
2.52013
2.50785
2.49539
2.48287
2.47039
2.45808
2.44604
2.43442
2.42333
2.41291
2.40331
2.39466
2.38713
2.38086
2.37598
2.37264
2.37096
2.37103
2.37292
2.3767
2.38238
2.38996
2.39938
2.4106
2.42351
2.43801
2.45396
2.47122
2.48963
2.50902
2.52923
2.55009
2.57141
2.59303
2.61478
2.63649
2.65766
2.67869
2.69933
2.71937
2.7387
2.75719
2.77473
2.79124
2.80662
2.82082
2.83378
2.84546
2.85581
2.86483
2.87252
2.87889
2.88398
2.88791
2.89075
2.89258
2.89346
2.89347
2.89268
2.89115
2.88894
2.8861
2.88269
2.87877
2.8744
2.86963
2.86453
2.85915
2.85358
2.84787
2.84208
2.83629
2.83056
2.82492
2.81942
2.81412
2.80902
2.80416
2.79957
2.79525
2.79122
2.7875
2.7841
2.78103
2.7783
2.77594
2.77394
2.77232
2.77108
2.77022
2.76973
2.76961
2.76982
2.77035
2.77115
2.7722
2.77343
2.7748
2.77624
2.7777
2.77909
2.78036
2.78142
2.7822
2.78262
2.7826
2.78206
2.78092
2.7791
2.77652
2.77311
2.7688
2.76351
2.75719
2.74979
2.74127
2.73158
2.72071
2.70864
2.69538
2.68094
2.66535
2.64864
2.63086
2.6121
2.59242
2.57192
2.55071
2.52889
2.5066
2.48398
2.46117
2.43833
2.41562
2.39321
2.37129
2.35001
2.32957
2.31014
2.29188
2.27496
2.25955
2.24577
2.23376
2.22362
2.21545
2.20931
2.20524
2.20327
2.20339
2.20557
2.20977
2.2159
2.22389
2.23361
2.24495
2.25777
2.27192
2.28725
2.3036
2.32081
2.33871
2.35715
2.37597
2.39503
2.41417
2.43326
2.45218
2.45782
2.42997
2.43712
2.45008
2.46461
2.47862
2.49198
2.50517
2.51835
2.53122
2.54336
2.5545
2.56463
2.57382
2.58216
2.58967
2.59634
2.60221
2.60734
2.6118
2.61566
2.61897
2.62178
2.62412
2.62605
2.62759
2.62878
2.62964
2.6302
2.63048
2.63053
2.63038
2.63009
2.62971
2.62929
2.6289
2.6286
2.62845
2.6285
2.62879
2.62936
2.63024
2.63141
2.63289
2.63463
2.63661
2.63879
2.64113
2.64358
2.64609
2.64863
2.65115
2.65361
2.65599
2.65825
2.66038
2.66235
2.66415
2.66576
2.66717
2.66837
2.66934
2.67008
2.67056
2.67078
2.6707
2.67031
2.66959
2.6685
2.66702
2.66513
2.66279
2.65998
2.65669
2.65288
2.64855
2.64369
2.63828
2.63232
2.62582
2.61876
2.61117
2.60305
2.59485
2.58754
2.58099
2.57521
2.57015
2.56573
2.56186
2.55846
2.55548
2.55286
2.55051
2.54833
2.54616
2.54388
2.54132
2.53834
2.5348
2.53055
2.52548
2.51947
2.51244
2.50431
2.49503
2.48455
2.47288
2.46001
2.44598
2.43082
2.4146
2.3974
2.37931
2.36045
2.34095
2.32095
2.30061
2.2801
2.25959
2.23929
2.21937
2.20003
2.18146
2.16382
2.1473
2.13202
2.11813
2.10571
2.09485
2.0856
2.07796
2.07194
2.06749
2.06456
2.06307
2.06291
2.06397
2.06612
2.06923
2.07315
2.07775
2.08289
2.08844
2.09429
2.10032
2.10646
2.11261
2.11872
2.12476
2.13008
2.13106
2.13515
2.13996
2.14491
2.15
2.15523
2.16058
2.16613
2.17204
2.17845
2.18542
2.19295
2.20105
2.2097
2.21891
2.22866
2.23895
2.24976
2.26105
2.27277
2.28489
2.29735
2.31014
2.32322
2.33656
2.35013
2.3639
2.37782
2.39185
2.40594
2.42005
2.4341
2.44804
2.46179
2.47529
2.48846
2.50124
2.51356
2.52536
2.53661
2.54725
2.55728
2.56667
2.57542
2.58355
2.59108
2.59803
2.60446
2.6104
2.6159
2.62101
2.62578
2.63027
2.63452
2.63856
2.64244
2.64618
2.6498
2.65333
2.65676
2.66011
2.66337
2.66654
2.6696
2.67253
2.67532
2.67794
2.68037
2.68257
2.68453
2.6862
2.68754
2.68853
2.68912
2.68928
2.68896
2.68814
2.68679
2.68487
2.68236
2.67925
2.67551
2.67115
2.66615
2.66053
2.65429
2.64743
2.63999
2.63197
2.6234
2.6143
2.60469
2.59461
2.58409
2.57314
2.56181
2.55011
2.53808
2.52574
2.51313
2.50026
2.48716
2.47386
2.46036
2.44669
2.43287
2.4189
2.40479
2.39055
2.3762
2.36172
2.34714
2.33245
2.31767
2.30279
2.28785
2.27283
2.25778
2.2427
2.22762
2.21258
2.19761
2.18275
2.16804
2.15352
2.13927
2.12531
2.11172
2.09856
2.08589
2.07377
2.06226
2.05143
2.04135
2.03206
2.02363
2.01611
2.00955
2.00398
1.99943
1.99594
1.99352
1.99217
1.9919
1.99269
1.99453
1.99738
2.00121
2.00598
2.01163
2.01811
2.02536
2.03332
2.04191
2.05106
2.06072
2.07079
2.08123
2.09195
2.10289
2.114
2.1252
2.13646
2.14771
2.15891
2.17003
2.18102
2.19185
2.20251
2.18767
2.15011
2.14994
2.15724
2.16692
2.17676
2.18678
2.19757
2.20927
2.22146
2.23359
2.24534
2.25669
2.26772
2.27849
2.28898
2.29917
2.30906
2.31868
2.32806
2.33724
2.34619
2.35493
2.36345
2.37174
2.37982
2.38772
2.39544
2.40296
2.41028
2.41743
2.42442
2.43128
2.43804
2.44475
2.45143
2.45813
2.46489
2.47172
2.47864
2.48566
2.49276
2.49993
2.50712
2.51429
2.52139
2.52834
2.53509
2.54158
2.54773
2.5535
2.55884
2.5637
2.56804
2.57183
2.57504
2.57765
2.57965
2.58102
2.58176
2.58185
2.58129
2.58008
2.57822
2.5757
2.57251
2.56866
2.56415
2.55896
2.55309
2.54654
2.53931
2.53139
2.52278
2.5135
2.50363
2.49389
2.48429
2.47483
2.46552
2.45632
2.44717
2.43803
2.42887
2.41965
2.41032
2.40081
2.39106
2.38096
2.37044
2.35939
2.34774
2.3354
2.32232
2.30842
2.29366
2.27801
2.26146
2.24399
2.22561
2.20637
2.18629
2.16544
2.14389
2.12174
2.09908
2.07604
2.05274
2.02932
2.00594
1.98274
1.95991
1.9376
1.91599
1.89524
1.87551
1.85695
1.83971
1.82389
1.80959
1.79689
1.78582
1.77641
1.76864
1.76248
1.75786
1.7547
1.75288
1.75229
1.75279
1.75423
1.75647
1.75935
1.76272
1.76645
1.77039
1.77444
1.77848
1.78243
1.7862
1.78975
1.79304
1.79605
1.7988
1.8013
1.8036
1.80576
1.80785
1.80996
1.8122
1.81466
1.81747
1.82075
1.8246
1.82914
1.83448
1.84072
1.84794
1.85623
1.86563
1.87618
1.88793
1.90086
1.91497
1.93023
1.9466
1.964
1.98237
2.00162
2.02165
2.04235
2.06362
2.08535
2.10741
2.1297
2.15211
2.17453
2.19687
2.21812
2.23829
2.25934
2.28032
2.30096
2.3212
2.34097
2.36022
2.37896
2.39721
2.415
2.43233
2.44918
2.46553
2.4814
2.49678
2.51169
2.52615
2.54016
2.55372
2.56685
2.57955
2.59182
2.60368
2.61514
2.62621
2.63689
2.64718
2.65708
2.66657
2.67564
2.68427
2.69242
2.70018
2.70752
2.71436
2.72062
2.72621
2.73105
2.73506
2.73818
2.74037
2.7416
2.74186
2.74116
2.73951
2.73693
2.73345
2.72908
2.72385
2.71778
2.71089
2.70319
2.69469
2.68541
2.67536
2.66456
2.65303
2.64083
2.62798
2.61454
2.60057
2.58611
2.57125
2.55602
2.54047
2.52466
2.50862
2.49235
2.47589
2.45923
2.44236
2.42528
2.40796
2.39038
2.3725
2.35431
2.33578
2.31687
2.29755
2.27781
2.25761
2.23693
2.21575
2.19405
2.1718
2.149
2.12562
2.10165
2.0771
2.05195
2.02622
1.99993
1.97309
1.94576
1.91797
1.88978
1.86125
1.83246
1.80349
1.77443
1.74535
1.71637
1.68756
1.65903
1.63086
1.60317
1.57603
1.54954
1.52379
1.49886
1.47485
1.45184
1.42991
1.40912
1.38956
1.37128
1.35434
1.33879
1.32467
1.31201
1.30084
1.29116
1.283
1.27636
1.27122
1.26759
1.26545
1.26479
1.26561
1.26789
1.27161
1.27677
1.28334
1.29131
1.30066
1.31136
1.32339
1.33672
1.35131
1.36713
1.38412
1.40225
1.42147
1.44171
1.46291
1.48503
1.50077
1.49426
1.51581
1.54254
1.57104
1.59978
1.62863
1.65784
1.68737
1.71696
1.74629
1.77518
1.80363
1.83169
1.85939
1.88671
1.91364
1.94016
1.96631
1.99208
2.0175
2.04257
2.0673
2.09168
2.11572
2.13943
2.16281
2.18585
2.20856
2.23094
2.253
2.27474
2.29616
2.31728
2.3381
2.35862
2.37885
2.39879
2.41842
2.43774
2.45673
2.47537
2.49362
2.51145
2.52881
2.54566
2.56196
2.57765
2.59271
2.60708
2.62073
2.63364
2.64576
2.65709
2.66759
2.67725
2.68607
2.69403
2.70114
2.70739
2.71291
2.71772
2.72183
2.72524
2.72799
2.73006
2.73149
2.73228
2.73247
2.73206
2.73109
2.72956
2.72748
2.72485
2.72168
2.71796
2.71369
2.70887
2.7035
2.69756
2.69104
2.68395
2.67625
2.66795
2.65902
2.64944
2.63922
2.62832
2.61674
2.60446
2.59147
2.57777
2.56334
2.54819
2.53232
2.51573
2.49842
2.48042
2.46172
2.44236
2.42234
2.4017
2.38046
2.35864
2.33628
2.31341
2.29006
2.26626
2.24205
2.21746
2.19252
2.16727
2.14174
2.11595
2.08993
2.06372
2.03733
2.01078
1.98411
1.95731
1.93042
1.90345
1.8764
1.8493
1.82214
1.79495
1.76772
1.74046
1.71319
1.68592
1.65864
1.63139
1.60419
1.57705
1.55
1.52308
1.49632
1.46976
1.44348
1.41751
1.39194
1.36684
1.34229
1.3184
1.29525
1.27295
1.25161
1.23135
1.21228
1.19453
1.1782
1.1634
1.15026
1.13885
1.12928
1.12161
1.11589
1.11217
1.11047
1.11079
1.1131
1.11738
1.12357
1.13159
1.14136
1.15279
1.16578
1.18022
1.196
1.213
1.23113
1.25026
1.2703
1.29116
1.31274
1.33495
1.35773
1.381
1.4047
1.42877
1.45316
1.47783
1.50275
1.52786
1.55315
1.57859
1.60414
1.6298
1.65553
1.68132
1.70715
1.733
1.75884
1.78466
1.81044
1.83615
1.86177
1.88728
1.91265
1.93785
1.96286
1.98765
2.0122
2.03646
2.06042
2.08403
2.10728
2.13013
2.15256
2.17453
2.19602
2.21701
2.23746
2.25737
2.2767
2.29545
2.31359
2.33111
2.34799
2.36424
2.37984
2.3948
2.40909
2.42274
2.43573
2.44807
2.45977
2.47084
2.48127
2.49108
2.50028
2.50888
2.51688
2.52429
2.53113
2.53739
2.5431
2.54825
2.55284
2.55689
2.5604
2.56337
2.56579
2.56767
2.569
2.56978
2.57002
2.56969
2.5688
2.56734
2.5653
2.56268
2.55947
2.55567
2.55127
2.54626
2.54064
2.53441
2.52757
2.52012
2.51206
2.5034
2.49421
2.48317
2.47253
2.46142
2.44982
2.43771
2.42511
2.412
2.39842
2.38436
2.36986
2.35492
2.33959
2.32389
2.30784
2.29148
2.27484
2.25794
2.24081
2.22348
2.20598
2.18833
2.17054
2.15266
2.13469
2.11665
2.09856
2.08044
2.06229
2.04413
2.02597
2.00782
1.9897
1.9716
1.95355
1.93555
1.91762
1.89977
1.88201
1.86436
1.84684
1.82945
1.81223
1.79518
1.77833
1.7617
1.74531
1.72918
1.71333
1.69779
1.68258
1.66773
1.65327
1.63922
1.61846
1.58685
1.57171
1.56005
1.54983
1.54015
1.53103
1.52271
1.51524
1.50848
1.50222
1.49638
1.49099
1.48612
1.48183
1.47815
1.47508
1.47264
1.47088
1.46981
1.46945
1.46982
1.47092
1.47274
1.47529
1.47856
1.48256
1.48726
1.49266
1.49876
1.50555
1.51301
1.52115
1.52995
1.53939
1.54947
1.56017
1.57147
1.58335
1.59578
1.60871
1.62211
1.63594
1.65013
1.66464
1.67942
1.6944
1.70952
1.72473
1.73998
1.75522
1.77041
1.78551
1.80049
1.81531
1.82995
1.84444
1.85885
1.87317
1.88737
1.90145
1.91539
1.92917
1.94277
1.95621
1.96946
1.98253
1.9954
2.00805
2.02048
2.03265
2.04455
2.05616
2.06745
2.07841
2.08902
2.09926
2.10911
2.11856
2.12759
2.13619
2.14434
2.15205
2.15929
2.16606
2.17235
2.17816
2.18348
2.18832
2.19268
2.19655
2.19996
2.2029
2.20539
2.20745
2.20909
2.21032
2.21117
2.21164
2.21176
2.21155
2.21101
2.21017
2.20904
2.20764
2.20597
2.20405
2.20189
2.1995
2.19689
2.19406
2.19101
2.18776
2.1843
2.18064
2.17676
2.17268
2.16838
2.16387
2.15914
2.15419
2.14902
2.14362
2.13798
2.13212
2.12602
2.11969
2.11313
2.10634
2.09932
2.09207
2.08462
2.07696
2.0691
2.06106
2.05285
2.04448
2.03598
2.02736
2.01865
2.00986
2.00102
1.99215
1.98327
1.9744
1.96558
1.95681
1.94813
1.93955
1.93109
1.92277
1.91462
1.90663
1.89884
1.89125
1.88387
1.87671
1.86978
1.8631
1.85665
1.85045
1.84451
1.83881
1.83338
1.8282
1.82266
1.81769
1.81321
1.80906
1.8052
1.80165
1.79839
1.79542
1.79275
1.78891
1.78647
1.78463
1.78318
1.78208
1.78133
1.78089
1.78076
1.78094
1.78141
1.78218
1.78323
1.78457
1.78619
1.7881
1.79029
1.79276
1.79551
1.79854
1.80185
1.8055
1.80946
1.81373
1.81827
1.82305
1.82803
1.83316
1.83841
1.84375
1.84913
1.85454
1.85996
1.86536
1.87075
1.87609
1.88138
1.88661
1.89176
1.8968
1.90173
1.90652
1.91115
1.91561
1.91986
1.92391
1.92773
1.93131
1.93465
1.93774
1.94058
1.94318
1.94554
1.94765
1.94953
1.95117
1.95259
1.95377
1.95473
1.95546
1.95596
1.95623
1.95626
1.95605
1.9556
1.95491
1.95397
1.95279
1.95136
1.9497
1.94779
1.94564
1.94326
1.94065
1.9378
1.93473
1.93144
1.92792
1.92418
1.92023
1.91606
1.91169
1.90712
1.90236
1.89741
1.8923
1.88704
1.88163
1.8761
1.87046
1.86473
1.85893
1.85308
1.8472
1.8413
1.8354
1.82953
1.82369
1.81792
1.81222
1.80661
1.8011
1.79572
1.79047
1.78536
1.78042
1.77564
1.77105
1.76664
1.76243
1.75842
1.75462
1.75103
1.74765
1.74449
1.74156
1.73884
1.73635
1.73408
1.73203
1.73021
1.72862
1.72726
1.72612
1.72522
1.72454
1.72409
1.72387
1.72388
1.72411
1.72457
1.72525
1.72615
1.72727
1.7286
1.73014
1.7319
1.73385
1.73602
1.73838
1.74094
1.74369
1.74663
1.74975
1.75306
1.75654
1.76019
1.76401
1.76799
1.77213
1.77641
1.78085
1.78542
1.78778
1.79181
1.797
1.80253
1.80818
1.81387
1.81962
1.82545
1.83135
1.8373
1.84327
1.84928
1.85532
1.86142
1.86758
1.87379
1.88006
1.8864
1.89281
1.89932
1.90592
1.9126
1.91934
1.92614
1.93299
1.93989
1.94681
1.95376
1.96073
1.9677
1.97466
1.9816
1.9885
1.99535
2.00212
2.00881
2.01539
2.02185
2.02816
2.03432
2.04029
2.04606
2.0516
2.05689
2.06192
2.06667
2.0711
2.07521
2.07898
2.08238
2.08541
2.08806
2.09032
2.09217
2.09361
2.09464
2.09525
2.09545
2.09522
2.09459
2.09353
2.09207
2.0902
2.08792
2.08411
2.08075
2.07721
2.07332
2.06906
2.06441
2.0594
2.05403
2.04831
2.04226
2.03588
2.02918
2.02217
2.01487
2.00727
1.99938
1.99121
1.98276
1.97403
1.96504
1.95579
1.9463
1.93657
1.92661
1.91645
1.90609
1.89554
1.88483
1.87396
1.86295
1.85181
1.84057
1.82923
1.81782
1.80634
1.79482
1.78326
1.77168
1.76008
1.74848
1.73688
1.72529
1.71372
1.70218
1.69072
1.67952
1.66852
1.65769
1.64704
1.63655
1.62623
1.61612
1.60624
1.59664
1.58735
1.5784
1.5698
1.56157
1.55371
1.54622
1.5391
1.53235
1.52599
1.52
1.51441
1.50922
1.50445
1.5001
1.49618
1.49269
1.48965
1.48705
1.48488
1.48316
1.4819
1.48107
1.47177
1.46489
1.46157
1.45965
1.45861
1.45837
1.4588
1.45993
1.46188
1.46476
1.46852
1.473
1.47798
1.48326
1.48871
1.4943
1.50005
1.50601
1.51224
1.5188
1.52575
1.53313
1.54098
1.54931
1.55809
1.56727
1.5768
1.58659
1.59659
1.60675
1.61704
1.62745
1.638
1.64869
1.65956
1.67062
1.68189
1.69336
1.70503
1.71687
1.72886
1.74094
1.75309
1.76527
1.77745
1.78961
1.80174
1.81383
1.82589
1.83792
1.84992
1.86189
1.87382
1.88571
1.89754
1.90928
1.92091
1.9324
1.94373
1.95485
1.96576
1.97641
1.9868
1.99691
2.00671
2.01619
2.02534
2.03414
2.04258
2.05065
2.05833
2.0656
2.07246
2.07889
2.08489
2.09045
2.09557
2.10023
2.10445
2.10821
2.11151
2.11436
2.11675
2.11866
2.12011
2.12109
2.12159
2.12162
2.12116
2.12023
2.11882
2.11693
2.11458
2.11177
2.1085
2.10478
2.10062
2.09602
2.091
2.08555
2.07968
2.0734
2.0667
2.0596
2.05209
2.04418
2.03588
2.02718
2.0181
2.00863
1.9988
1.98859
1.97803
1.96712
1.95588
1.9443
1.93241
1.92022
1.90774
1.89498
1.88197
1.86871
1.85524
1.84156
1.8277
1.81369
1.79953
1.78526
1.77091
1.75615
1.74136
1.72678
1.71224
1.69775
1.68334
1.66902
1.6548
1.6407
1.62675
1.61297
1.59938
1.586
1.57286
1.55999
1.54741
1.53514
1.5232
1.51163
1.50044
1.48965
1.47929
1.46937
1.45992
1.45094
1.44245
1.43448
1.42702
1.4201
1.41373
1.40791
1.40265
1.39797
1.39386
1.39035
1.38742
1.38509
1.38337
1.38224
1.38171
1.38179
1.38247
1.38374
1.3856
1.38804
1.39106
1.39464
1.39878
1.40346
1.40867
1.41439
1.42062
1.42733
1.43451
1.44215
1.45023
1.45873
1.46764
1.47693
1.48659
1.49659
1.50693
1.51758
1.52851
1.53972
1.55117
1.56285
1.57475
1.58682
1.59907
1.61146
1.62398
1.63661
1.64932
1.6621
1.67494
1.6878
1.70067
1.71353
1.72637
1.73915
1.75188
1.76452
1.77708
1.78951
1.80182
1.81397
1.82595
1.83775
1.84934
1.86071
1.87184
1.88272
1.89332
1.90364
1.91366
1.92336
1.93272
1.94174
1.9504
1.95868
1.96657
1.97406
1.98113
1.98777
1.99397
1.99971
2.00499
2.0098
2.01412
2.01795
2.02128
2.02411
2.02642
2.02822
2.0295
2.03025
2.03048
2.03018
2.02935
2.02799
2.02611
2.0237
2.02077
2.01732
2.01336
2.00888
2.00391
1.99843
1.99246
1.98601
1.97908
1.97169
1.96383
1.95553
1.9468
1.93764
1.92806
1.91808
1.90771
1.89697
1.88586
1.87441
1.86262
1.85051
1.83809
1.82539
1.81241
1.79917
1.7857
1.772
1.75809
1.744
1.72974
1.71532
1.70077
1.68611
1.67135
1.65653
1.64164
1.62673
1.61181
1.5969
1.58202
1.5672
1.55247
1.53784
1.52334
1.509
1.49484
1.48088
1.46717
1.45371
1.44054
1.42769
1.41518
1.40304
1.3913
1.37998
1.3691
1.35871
1.34881
1.33944
1.33062
1.32237
1.31471
1.30766
1.30124
1.29547
1.29036
1.28592
1.28217
1.27911
1.27676
1.27511
1.27416
1.27393
1.27441
1.27559
1.27747
1.28004
1.2833
1.28723
1.29182
1.29705
1.30292
1.3094
1.31648
1.32413
1.33235
1.3411
1.35037
1.36013
1.37037
1.38106
1.39218
1.40344
1.41525
1.42751
1.44012
1.45305
1.46628
1.47978
1.49352
1.50749
1.52167
1.53602
1.55054
1.56519
1.57996
1.59482
1.60977
1.62477
1.63981
1.65487
1.66994
1.68499
1.7
1.71496
1.72985
1.74464
1.75933
1.77389
1.78831
1.80256
1.81662
1.83049
1.84413
1.85754
1.87069
1.88357
1.89617
1.90846
1.92044
1.93209
1.94339
1.95433
1.96491
1.9751
1.98489
1.99428
2.00325
2.01178
2.01988
2.02752
2.0347
2.04141
2.04764
2.05337
2.0586
2.06332
2.06752
2.0712
2.07435
2.07696
2.07902
2.08054
2.0815
2.08191
2.08175
2.08103
2.07974
2.07788
2.07545
2.07244
2.06886
2.06469
2.05995
2.05464
2.04874
2.04227
2.03523
2.02762
2.01943
2.01069
2.00138
1.99151
1.98109
1.97012
1.95861
1.94657
1.93399
1.92089
1.90727
1.89315
1.87852
1.86341
1.84781
1.83175
1.81523
1.79826
1.78086
1.76304
1.74481
1.7262
1.70721
1.68788
1.6682
1.64821
1.62793
1.60737
1.58656
1.56553
1.54429
1.52287
1.5013
1.47961
1.45782
1.43597
1.41408
1.3922
1.37034
1.34855
1.32686
1.30532
1.28395
1.2628
1.2419
1.22131
1.20107
1.18121
1.16179
1.14285
1.12443
1.1066
1.0894
1.07287
1.05707
1.04204
1.02783
1.0145
1.00209
0.990633
0.980183
0.970775
0.962445
0.955225
0.949142
0.944217
0.940467
0.937905
0.936536
0.93636
0.937371
0.939558
0.942904
0.947388
0.952983
0.959659
0.967382
0.976115
0.985817
0.996447
1.00796
1.02032
1.03347
1.04737
1.06198
1.07725
1.09313
1.1096
1.12659
1.14407
1.16201
1.18036
1.19909
1.21816
1.23753
1.25718
1.27707
1.29716
1.31744
1.33786
1.35841
1.37905
1.39976
1.42051
1.44128
1.46204
1.48278
1.50346
1.52407
1.54458
1.56498
1.58523
1.60534
1.62526
1.64499
1.66451
1.6838
1.70283
1.7216
1.74009
1.75827
1.77615
1.79369
1.81088
1.82772
1.84418
1.86026
1.87593
1.89119
1.90602
1.92041
1.93435
1.94784
1.96085
1.97338
1.98541
1.99695
2.00797
2.01848
2.02846
2.03791
2.04682
2.05518
2.06299
2.07024
2.07692
2.08303
2.08857
2.09354
2.09792
2.10172
2.10493
2.10755
2.10958
2.11103
2.11187
2.11213
2.11179
2.11086
2.10933
2.10722
2.10452
2.10123
2.09735
2.0929
2.08787
2.08226
2.07609
2.06935
2.06206
2.05421
2.04582
2.03688
2.02742
2.01743
2.00692
1.9959
1.98439
1.97238
1.9599
1.94694
1.93353
1.91967
1.90537
1.89065
1.87552
1.85998
1.84406
1.82777
1.81112
1.79412
1.7768
1.75915
1.74121
1.72298
1.70449
1.68574
1.66676
1.64756
1.62816
1.60858
1.58883
1.56893
1.54891
1.52879
1.50857
1.48829
1.46796
1.44761
1.42725
1.40691
1.38662
1.36639
1.34625
1.32623
1.30635
1.28664
1.26713
1.24784
1.2288
1.21004
1.1916
1.17351
1.1558
1.1385
1.12165
1.10528
1.08943
1.07414
1.05944
1.04538
1.03198
1.0193
1.00736
0.996199
0.985862
0.976379
0.967783
0.960106
0.953376
0.947619
0.942857
0.939111
0.936394
0.934718
0.934089
0.93451
0.935978
0.938486
0.942022
0.946571
0.952113
0.958624
0.966078
0.974443
0.983688
0.993777
1.00467
1.01634
1.02873
1.04181
1.05554
1.06988
1.08478
1.1002
1.11611
1.13246
1.14922
1.16634
1.18379
1.20154
1.21954
1.23777
1.25619
1.27476
1.29347
1.31227
1.33114
1.35006
1.36899
1.38791
1.40679
1.42562
1.44436
1.463
1.48151
1.49988
1.51809
1.53611
1.55392
1.57152
1.58888
1.60599
1.62283
1.63938
1.65564
1.67158
1.6872
1.70248
1.71742
1.73198
1.74618
1.75999
1.77341
1.78642
1.79902
1.81119
1.82294
1.83424
1.8451
1.85551
1.86545
1.87493
1.88393
1.89246
1.9005
1.90806
1.91513
1.9217
1.92777
1.93334
1.93841
1.94298
1.94704
1.95059
1.95364
1.95618
1.95822
1.95975
1.96078
1.96131
1.96134
1.96088
1.95992
1.95848
1.95656
1.95415
1.95128
1.94793
1.94413
1.93988
1.93517
1.93003
1.92446
1.91846
1.91206
1.90524
1.89803
1.89044
1.88247
1.87414
1.86545
1.85642
1.84706
1.83738
1.82739
1.81711
1.80654
1.79571
1.78461
1.77328
1.76171
1.74993
1.73795
1.72577
1.71343
1.70092
1.68826
1.67548
1.66258
1.64957
1.63648
1.62332
1.61011
1.59685
1.58357
1.57028
1.557
1.54374
1.53052
1.51731
1.50421
1.49121
1.47832
1.46556
1.45293
1.44047
1.42818
1.41608
1.40418
1.39252
1.38109
1.36992
1.35903
1.34843
1.33815
1.32819
1.31858
1.30933
1.30045
1.29197
1.28389
1.27623
1.26901
1.26223
1.25591
1.25006
1.24469
1.2398
1.23541
1.23152
1.22814
1.22527
1.22291
1.22108
1.21975
1.21895
1.21866
1.21889
1.21962
1.22085
1.22257
1.22478
1.22746
1.2306
1.23419
1.23821
1.24265
1.2475
1.25273
1.25833
1.26429
1.27058
1.27719
1.2841
1.29129
1.29874
1.30643
1.31435
1.32247
1.33078
1.33925
1.34787
1.35661
1.36547
1.37442
1.38345
1.39253
1.40165
1.41079
1.41994
1.42908
1.4382
1.44727
1.45629
1.46525
1.47412
1.4829
1.49157
1.50012
1.50854
1.51682
1.52494
1.53291
1.5407
1.54832
1.55575
1.56298
1.57002
1.57684
1.58345
1.58983
1.59599
1.60192
1.60761
1.61306
1.61827
1.62323
1.62794
1.6324
1.6366
1.64054
1.64423
1.64765
1.65082
1.65373
1.65638
1.65878
1.66091
1.66279
1.66442
1.6658
1.66693
1.66782
1.66847
1.66887
1.66905
1.669
1.66872
1.66823
1.66753
1.66661
1.6655
1.66419
1.6627
1.66102
1.65916
1.65714
1.65496
1.65263
1.65014
1.64752
1.64477
1.6419
1.63892
1.63582
1.63263
1.62935
1.62598
1.62254
1.61904
1.61548
1.61187
1.60821
1.60453
1.60082
1.59709
1.59336
1.58962
1.58589
1.58217
1.57848
1.57482
1.5712
1.56762
1.56409
1.56062
1.55721
1.55388
1.55063
1.54746
1.54438
1.5414
1.53851
1.53574
1.53308
1.53053
1.5281
1.5258
1.52363
1.52159
1.51968
1.51792
1.51629
1.51481
1.51347
1.51228
1.51124
1.51035
1.50961
1.50902
1.50858
1.50829
1.50814
1.50815
1.50831
1.5086
1.50905
1.50963
1.51035
1.51121
1.5122
1.51332
1.51456
1.51593
1.51741
1.519
1.5207
1.5225
1.5244
1.52639
1.52847
1.53062
1.53285
1.53515
1.53751
1.53992
1.54238
1.54488
1.54742
1.54998
1.55256
1.55516
1.55776
1.56036
1.56295
1.56553
1.56808
1.5706
1.57308
1.57552
1.5779
1.58023
1.58248
1.58466
1.58676
1.58876
1.59067
1.59248
1.59417
1.59575
1.5972
1.59852
1.5997
1.60074
1.60162
1.60235
1.60292
1.60331
1.60353
1.60357
1.60342
1.60308
1.60255
1.60181
1.60087
1.59972
1.59836
1.59679
1.59499
1.59297
1.59073
1.58826
1.58556
1.58262
1.57946
1.57606
1.57243
1.56856
1.56446
1.56013
1.55556
1.55077
1.54576
1.54052
1.53506
1.52938
1.52349
1.5174
1.51111
1.50462
1.49795
1.49109
1.48406
1.47687
1.46952
1.46202
1.45439
1.44663
1.43876
1.43079
1.42272
1.41458
1.40637
1.39812
1.38983
1.38151
1.3732
1.3649
1.35662
1.34839
1.34023
1.33214
1.32415
1.31628
1.30854
1.30095
1.29354
1.28631
1.2793
1.27251
1.26597
1.25969
1.25369
1.248
1.24262
1.23758
1.23289
1.22856
1.22461
1.22106
1.21791
1.21519
1.2129
1.21105
1.20964
1.2087
1.20822
1.20821
1.20867
1.20962
1.21103
1.21293
1.2153
1.21815
1.22147
1.22525
1.22949
1.23418
1.23932
1.24489
1.25088
1.25728
1.26409
1.27128
1.27884
1.28677
1.29504
1.30363
1.31255
1.32176
1.33125
1.341
1.35101
1.36125
1.3717
1.38235
1.39319
1.40419
1.41534
1.42662
1.43801
1.44951
1.46109
1.47273
1.48443
1.49617
1.50793
1.51969
1.53145
1.54319
1.55489
1.56654
1.57813
1.58964
1.60107
1.61239
1.6236
1.63468
1.64562
1.65642
1.66705
1.67751
1.6878
1.69788
1.70777
1.71744
1.72689
1.73611
1.74508
1.75381
1.76227
1.77047
1.77839
1.78603
1.79338
1.80042
1.80716
1.81358
1.81969
1.82546
1.8309
1.836
1.84074
1.84514
1.84918
1.85285
1.85614
1.85907
1.86161
1.86377
1.86553
1.86691
1.86788
1.86845
1.86861
1.86837
1.86771
1.86663
1.86513
1.86322
1.86088
1.85811
1.85491
1.85129
1.84723
1.84275
1.83783
1.83248
1.82669
1.82047
1.81382
1.80674
1.79923
1.79129
1.78292
1.77413
1.76491
1.75528
1.74523
1.73476
1.72389
1.71261
1.70093
1.68886
1.67641
1.66357
1.65035
1.63676
1.62281
1.6085
1.59385
1.57887
1.56357
1.54794
1.53202
1.51579
1.49929
1.48251
1.46547
1.44819
1.43068
1.41296
1.39503
1.37693
1.35866
1.34025
1.32171
1.30307
1.28435
1.26558
1.24677
1.22795
1.20914
1.19038
1.1717
1.15312
1.13467
1.11639
1.09832
1.08048
1.06293
1.04568
1.02879
1.01231
0.996261
0.980703
0.965681
0.951242
0.937433
0.924305
0.911907
0.900286
0.889491
0.879569
0.870565
0.862522
0.855478
0.849469
0.844529
0.840682
0.837952
0.836354
0.835899
0.83659
0.838426
0.841398
0.845492
0.850688
0.856961
0.86428
0.872611
0.881917
0.892156
0.903284
0.915257
0.928027
0.941548
0.955771
0.970649
0.986135
1.00218
1.01874
1.03578
1.05324
1.07109
1.08928
1.10778
1.12655
1.14555
1.16475
1.18412
1.20362
1.22323
1.24291
1.26264
1.28239
1.30214
1.32186
1.34153
1.36113
1.38063
1.40002
1.41928
1.43839
1.45733
1.47608
1.49463
1.51296
1.53105
1.5489
1.56649
1.5838
1.60082
1.61753
1.63394
1.65001
1.66575
1.68114
1.69618
1.71084
1.72512
1.73902
1.75251
1.7656
1.77827
1.79052
1.80234
1.81371
1.82464
1.83512
1.84513
1.85468
1.86375
1.87234
1.88045
1.88806
1.89518
1.9018
1.90792
1.91352
1.91861
1.92318
1.92724
1.93077
1.93377
1.93624
1.93819
1.9396
1.94047
1.94082
1.94062
1.93989
1.93862
1.93682
1.93447
1.93159
1.92818
1.92423
1.91976
1.91475
1.90921
1.90315
1.89657
1.88947
1.88185
1.87373
1.8651
1.85597
1.84634
1.83622
1.82562
1.81454
1.80299
1.79098
1.77851
1.76559
1.75223
1.73844
1.72423
1.7096
1.69457
1.67915
1.66335
1.64718
1.63065
1.61378
1.59657
1.57904
1.56121
1.54309
1.5247
1.50605
1.48715
1.46803
1.44871
1.4292
1.40952
1.38969
1.36974
1.34968
1.32955
1.30936
1.28914
1.26892
1.24873
1.22859
1.20854
1.1886
1.16882
1.14922
1.12984
1.11073
1.09192
1.07345
1.05536
1.0377
1.02052
1.00386
0.987763
0.972289
0.957483
0.943396
0.930077
0.917577
0.905944
0.895227
0.885469
0.876715
0.869004
0.862371
0.856847
0.852459
0.849226
0.847163
0.846278
0.846571
0.848039
0.850668
0.854442
0.859335
0.865319
0.872359
0.880417
0.889451
0.899415
0.910261
0.921941
0.934403
0.947598
0.961473
0.975978
0.991062
1.00668
1.02277
1.0393
1.05622
1.07349
1.09106
1.10889
1.12695
1.14519
1.16359
1.1821
1.2007
1.21935
1.23803
1.25671
1.27535
1.29395
1.31246
1.33087
1.34916
1.36731
1.38529
1.40309
1.42069
1.43806
1.45521
1.4721
1.48873
1.50508
1.52113
1.53688
1.55231
1.56741
1.58217
1.59658
1.61062
1.62429
1.63758
1.65047
1.66297
1.67506
1.68673
1.69799
1.70881
1.71919
1.72914
1.73863
1.74768
1.75626
1.76438
1.77203
1.77922
1.78592
1.79215
1.79789
1.80315
1.80793
1.81221
1.816
1.8193
1.8221
1.82441
1.82622
1.82753
1.82835
1.82867
1.8285
1.82782
1.82666
1.825
1.82285
1.82022
1.81709
1.81348
1.80939
1.80483
1.79978
1.79427
1.78829
1.78185
1.77496
1.76761
1.75981
1.75158
1.74291
1.73382
1.7243
1.71438
1.70405
1.69332
1.6822
1.6707
1.65884
1.64661
1.63404
1.62112
1.60788
1.59432
1.58046
1.5663
1.55187
1.53717
1.52222
1.50704
1.49163
1.47602
1.46023
1.44426
1.42814
1.41189
1.39552
1.37906
1.36252
1.34594
1.32932
1.31271
1.29611
1.27955
1.26307
1.24668
1.23042
1.21431
1.19839
1.18268
1.16722
1.15204
1.13717
1.12265
1.10851
1.09478
1.08151
1.06873
1.05647
1.04477
1.03366
1.02319
1.01338
1.00427
0.995883
0.98826
0.981425
0.975403
0.970217
0.965888
0.962432
0.959862
0.958189
0.957419
0.957554
0.958593
0.960529
0.963354
0.967056
0.971616
0.977017
0.983235
0.990246
0.998021
1.00653
1.01574
1.02563
1.03614
1.04726
1.05895
1.07116
1.08387
1.09704
1.11062
1.12459
1.13892
1.15356
1.16848
1.18366
1.19906
1.21464
1.23038
1.24626
1.26223
1.27828
1.29437
1.31049
1.32661
1.3427
1.35875
1.37473
1.39061
1.40639
1.42204
1.43753
1.45287
1.46801
1.48296
1.4977
1.5122
1.52645
1.54045
1.55417
1.5676
1.58074
1.59356
1.60606
1.61823
1.63005
1.64152
1.65262
1.66335
1.67369
1.68365
1.69321
1.70236
1.71109
1.71941
1.72729
1.73475
1.74176
1.74833
1.75444
1.76011
1.76531
1.77005
1.77432
1.77812
1.78145
1.7843
1.78667
1.78856
1.78996
1.79088
1.79131
1.79126
1.79071
1.78968
1.78816
1.78615
1.78365
1.78067
1.7772
1.77324
1.76881
1.76389
1.75849
1.75262
1.74628
1.73947
1.73219
1.72446
1.71626
1.70762
1.69853
1.68899
1.67902
1.66863
1.6578
1.64657
1.63492
1.62287
1.61043
1.5976
1.5844
1.57083
1.55691
1.54263
1.52802
1.51309
1.49784
1.48229
1.46645
1.45034
1.43396
1.41734
1.40048
1.38341
1.36614
1.34869
1.33107
1.31331
1.29542
1.27742
1.25934
1.2412
1.22303
1.20483
1.18666
1.16852
1.15045
1.13247
1.11463
1.09695
1.07945
1.06219
1.0452
1.0285
1.01215
0.996185
0.980642
0.965567
0.951004
0.936998
0.923595
0.91084
0.89878
0.887461
0.876926
