
Objective value: 
409224
95462.2
95291.1
95290.2
95287.4
95286.5
95288.6
95293.5
95298.2
95301
95301.2
95299.6
95297.3
95295
95293.3
95292.5
95292.7
95293.7
95295.1
95296.7
95298.2
95299.6
95300.8
95301.7
95302.2
95302.4
95302.4
95302.1
95301.8
95301.5
95301.2
95300.7
95300.3
95299.7
95299.2
95298.8
95298.4
95298.2
95297.9
95297.6
95297.4
95297.1
95296.7
95296.6
95296.5
95296.6
95296.9
95297.3
95297.9
95298.4
95298.7
95299.1
95299.5
95299.8
95300.1
95300.2
95300.2
95300.1
95299.9
95299.6
95299.4
95299.2
95299
95298.7
95298.5
95298.3
95298.1
95297.9
95297.7
95297.6
95297.5
95297.4
95297.3
95297.1
95297
95296.8
95296.6
95296.4
95296.1
95295.7
95295.3
95294.9
95294.4
95294
95293.7
95293.3
95293.1
95292.9
95292.8
95292.8
95292.7
95292.7
95292.7
95292.6
95292.5
95292.4
95292.2
95292.1
95291.9
95291.8
95291.6
95291.5
95291.5
95291.5
95291.6
95291.6
95291.8
95291.9
95292.1
95292.3
95292.5
95292.7
95293
95293.3
95293.5
95293.8
95294.1
95294.4
95294.6
95294.9
95295.1
95295.3
95295.5
95295.7
95295.7
95295.9
95296
95296.2
95296.4
95296.5
95296.7
95296.9
95297
95297.2
95297.3
95297.5
95297.7
95297.8
95297.9
95298.1
95298.2
95298.3
95298.5
95298.5
95298.6
95298.7
95298.8
95298.9
95298.9
95299
95299
95299
95299
95299
95299
95298.9
95298.8
95298.8
95298.7
95298.6
95298.4
95298.3
95298.1
95297.9
95297.8
95297.6
95297.4
95297.3
95297.2
95297
95296.9
95296.9
95296.8
95296.8
95296.8
95296.8
95296.9
95297
95297
95297.1
95297.3
95297.4
95297.5
95297.7
95297.8
95297.9
95298
95298.1
95298.2
95298.3
95298.3
95298.4
95298.4
95298.4
95298.4
95298.3
95298.3
95298.2
95298.1
95298
95297.8
95297.7
95297.5
95297.4
95297.2
95297
95296.8
95296.6
95296.5
95296.3
95296.1
95295.9
95295.8
95295.6
95295.5
95295.4
95295.3
95295.2
95295.2
95295.2
95295.2
95295.2
95295.2
95295.3
95295.3
95295.4
95295.5
95295.7
95295.8
95296
95296.1
95296.3
95296.5
95296.6
95296.8
95297
95297.2
95297.3
95297.5
95297.7
95297.8
95298
95298.1
95298.2
95298.4
95298.4
95298.5
95298.6
95298.6
95298.7
95298.7
95298.6
95298.6
95298.6
95298.5
95298.4
95298.3
95298.2
95298.1
95297.9
95297.8
95297.6
95297.4
95297.2
95297.1
95296.9
95296.7
95296.5
95296.2
95296
95295.8
95295.6
95295.4
95295.2
95294.9
95294.7
95294.5
95294.3
95294.1
95293.9
95293.7
95293.5
95293.3
95293.1
95292.9
95292.8
95292.6
95292.5
95292.3
95292.2
95292.1
95291.9
95291.8
95291.7
95291.6
95291.5
95291.5
95291.4
95291.3
95291.2
95291.2
95291.1
95291
95291
95290.9
95290.8
95290.7
95290.6
95290.5
95290.4
95290.3
95290.2
95290.1
95289.9
95289.8
95289.6
95289.4
95289.2
95289
95288.8
95288.6
95288.3
95288.1
95287.8
95287.6
95287.4
95287.1
95286.8
95286.6
95286.3
95286
95285.8
95285.5
95285.2
95285
95284.8
95284.5
95284.3
95284.1
95283.9
95283.7
95283.5
95283.3
95283.1
95282.9
95282.8
95282.6
95282.5
95282.4
95282.2
95282.1
95282
95281.9
95281.7
95281.6
95281.5
95281.4
95281.4
95281.3
95281.2
95281.1
95281
95281
95281
95280.9
95280.8
95280.7
95280.7
95280.6
95280.6
95280.5
95280.5
95280.5
95280.4
95280.4
95280.3
95280.3
95280.3
95280.3
95280.2
95280.1
95280.1
95280.1
95280
95280
95280
95279.9
95279.9
95279.9
95279.9
95279.9
95279.9
95280
95280
95280
95280
95280.1
95280.1
95280.2
95280.2
95280.3
95280.3
95280.4
95280.5
95280.5
95280.6
95280.7
95280.7
95280.8
95280.8
95280.9
95281
95281.1
95281.1
95281.2
95281.3
95281.4
95281.4
95281.5
95281.6
95281.6
95281.7
95281.7
95281.7
95281.8
95281.8
95281.8
95281.8
95281.8
95281.8
95281.7
95281.7
95281.7
95281.6
95281.6
95281.5
95281.5
95281.4
95281.3
95281.3
95281.2
95281.1
95281
95280.9
95280.8
95280.7
95280.6
95280.5
95280.4
95280.2
95280.1
95280
95279.9
95279.8
95279.7
95279.7
95279.6
95279.5
95279.5
95279.4
95279.3
95279.3
95279.3
95279.3
95279.2
95279.2
95279.2
95279.2
95279.2
95279.3
95279.3
95279.3
95279.3
95279.4
95279.4
95279.5
95279.5
95279.6
95279.6
95279.7
95279.7
95279.8
95279.8
95279.9
95279.9
95280
95280
95280.1
95280.1
95280.2
95280.2
95280.3
95280.3
95280.3
95280.4
95280.4
95280.4
95280.5
95280.5
95280.5
95280.5
95280.6
95280.6
95280.6
95280.6
95280.6
95280.7
95280.7
95280.7
95280.7
95280.7
95280.7
95280.7
95280.7
95280.8
95280.8
95280.8
95280.8
95280.9
95280.9
95280.9
95281
95281
95281.1
95281.1
95281.2
95281.3
95281.3
95281.4
95281.4
95281.5
95281.6
95281.6
95281.7
95281.8
95281.8
95281.9
95282
95282
95282.1
95282.1
95282.1
95282.2
95282.2
95282.3
95282.2
95282.3
95282.3
95282.3
95282.3
95282.3
95282.3
95282.3
95282.3
95282.3
95282.3
95282.3
95282.2
95282.2
95282.2
95282.1
95282
95282
95281.9
95281.8
95281.7
95281.7
95281.6
95281.5
95281.4
95281.3
95281.2
95281.1
95281
95280.9
95280.7
95280.6
95280.5
95280.4
95280.3
95280.1
95280.1
95279.9
95279.8
95279.7
95279.6
95279.5
95279.4
95279.3
95279.1
95279
95278.9
95278.8
95278.7
95278.6
95278.5
95278.4
95278.3
95278.2
95278
95277.9
95277.8
95277.7
95277.6
95277.5
95277.4
95277.3
95277.1
95277.1
95276.9
95276.8
95276.6
95276.5
95276.4
95276.2
95276.1
95276
95275.8
95275.7
95275.5
95275.4
95275.3
95275.1
95275
95274.8
95274.7
95274.6
95274.4
95274.3
95274.2
95274
95273.9
95273.7
95273.6
95273.5
95273.3
95273.2
95273.1
95273
95272.8
95272.7
95272.6
95272.5
95272.4
95272.2
95272.1
95272
95271.9
95271.8
95271.7
95271.6
95271.5
95271.4
95271.3
95271.2
95271.1
95271
95270.9
95270.8
95270.7
95270.6
95270.5
95270.4
95270.3
95270.2
95270.1
95270
95269.9
95269.8
95269.7
95269.6
95269.5
95269.4
95269.3
95269.2
95269.1
95269
95268.9
95268.7
95268.6
95268.5
95268.4
95268.3
95268.2
95268.1
95268
95267.9
95267.8
95267.7
95267.6
95267.5
95267.4
95267.3
95267.2
95267.1
95267
95266.9
95266.8
95266.7
95266.6
95266.5
95266.4
95266.3
95266.2
95266.1
95266
95266
95265.9
95265.8
95265.7
95265.6
95265.6
95265.5
95265.4
95265.4
95265.3
95265.2
95265.2
95265.1
95265.1
95265
95265
95264.9
95264.9
95264.8
95264.8
95264.7
95264.7
95264.7
95264.6
95264.6
95264.6
95264.6
95264.5
95264.5
95264.5
95264.5
95264.5
95264.4
95264.4
95264.4
95264.4
95264.4
95264.4
95264.4
95264.4
95264.4
95264.4
95264.4
95264.4
95264.4
95264.4
95264.4
95264.4
95264.4
95264.4
95264.4
95264.4
95264.4
95264.5
95264.5
95264.5
95264.5
95264.5
95264.5
95264.6
95264.6
95264.6
95264.6
95264.7
95264.7
95264.7
95264.8
95264.8
95264.8
95264.9
95264.9
95265
95265
95265
95265.1
95265.1
95265.2
95265.2
95265.3
95265.4
95265.4
95265.5
95265.5
95265.6
95265.6
95265.6
95265.7
95265.8
95265.8
95265.8
95265.9
95265.9
95265.9
95266
95266
95266.1
95266.1
95266.1
95266.2
95266.2
95266.2
95266.2
95266.2
95266.3
95266.3
95266.3
95266.3
95266.3
95266.4
95266.4
95266.4
95266.4
95266.4
95266.4
95266.4
95266.4
95266.4
95266.4
95266.4
95266.4
95266.4
95266.4
95266.4
95266.4
95266.4
95266.4
95266.4
95266.4
95266.3
95266.3
95266.3
95266.3
95266.3
95266.3
95266.3
95266.2
95266.2
95266.2
95266.2
95266.2
95266.1
95266.1
95266.1
95266.1
95266
95266
95266
95266
95265.9
95265.9
95265.9
95265.8
95265.8
95265.8
95265.7
95265.7
95265.7
95265.6
95265.6
95265.6
95265.5
95265.5
95265.5
95265.4
95265.4
95265.4
95265.3
95265.3
95265.3
95265.2
95265.2
95265.2
95265.1
95265.1
95265.1
95265.1
95265
95265
95265
95264.9
95264.9
95264.9
95264.8
95264.8
95264.8
95264.7
95264.7
95264.7
95264.7
95264.6
95264.6
95264.6
95264.5
95264.5
95264.5
95264.5
95264.4
95264.4
95264.4
95264.3
95264.3
95264.3
95264.2
95264.2
95264.2
95264.1
95264.1
95264.1
95264
95264
95263.9
95263.9
95263.9
95263.8
95263.8
95263.7
95263.7
95263.6
95263.6
95263.5
95263.4
95263.4
95263.3
95263.3
95263.2
95263.1
95263.1
95263
95262.9
95262.8
95262.8
95262.7
95262.6
95262.5
95262.4
95262.3
95262.2
95262.2
95262.1
95262
95261.9
95261.7
95261.6
95261.5
95261.4
95261.3
95261.2
95261.1
95260.9
95260.8
95260.7
95260.6
95260.4
95260.3
95260.2
95260
95259.9
95259.8
95259.6
95259.5
95259.3
95259.2
95259.1
95258.9
95258.8
95258.6
95258.5
95258.3
95258.2
95258
95257.9
95257.7
95257.6
95257.4
95257.3
95257.1
95256.9
95256.8
95256.6
95256.5
95256.3
95256.2
95256.1
95255.9
95255.8
95255.6
95255.5
95255.3
95255.2
95255
95254.9
95254.8
95254.6
95254.5
95254.4
95254.2
95254.1
95254
95253.8
95253.7
95253.6
95253.5
95253.3
95253.2
95253.1
95253
95252.9
95252.8
95252.6
95252.5
95252.4
95252.3
95252.2
95252.1
95252
95251.9
95251.9
95251.8
95251.7
95251.6
95251.5
95251.4
95251.4
95251.3
95251.2
95251.1
95251.1
95251
95250.9
95250.9
95250.8
95250.7
95250.7
95250.6
95250.6
95250.5
95250.5
95250.4
95250.4
95250.4
95250.3
95250.3
95250.2
95250.2
95250.2
95250.1
95250.1
95250.1
95250.1
95250
95250
95250
95250
95250
95250
95249.9
95249.9
95249.9
95249.9
95249.9
95249.9
95249.9
95249.9
95249.9
95249.9
95249.9
95249.9
95249.9
95250
95250
95250
95250
95250
95250
95250
95250.1
95250.1
95250.1
95250.1
95250.1
95250.1
95250.2
95250.2
95250.2
95250.2
95250.3
95250.3
95250.3
95250.3
95250.4
95250.4
95250.4
95250.4
95250.4
95250.5
95250.5
95250.5
95250.5
95250.6
95250.6
95250.6
95250.6
95250.7
95250.7
95250.7
95250.7
95250.8
95250.8
95250.8
95250.8
95250.9
95250.9
95250.9
95250.9
95250.9
95251
95251
95251
95251
95251
95251.1
95251.1
95251.1
95251.1
95251.1
95251.1
95251.2
95251.2
95251.2
95251.2
95251.2
95251.2
95251.2
95251.2
95251.2
95251.2
95251.2
95251.2
95251.3
95251.3
95251.3
95251.3
95251.3
95251.3
95251.3
95251.3
95251.3
95251.3
95251.3
95251.3
95251.3
95251.3
95251.3
95251.4
95251.4
95251.4
95251.4
95251.4
95251.4
95251.4
95251.4
95251.4
95251.4
95251.4
95251.4
95251.4
95251.4
95251.4
95251.4
95251.4
95251.4
95251.5
95251.5
95251.5
95251.5
95251.5
95251.5
95251.5
95251.5
95251.5
95251.5
95251.5
95251.5
95251.5
95251.5
95251.5
95251.5
95251.5
95251.5
95251.5
95251.5
95251.5
95251.4
95251.4
95251.4
95251.4
95251.4
95251.3
95251.3
95251.3
95251.3
95251.2
95251.2
95251.1
95251.1
95251.1
95251
95251
95250.9
95250.9
95250.8
95250.8
95250.7
95250.7
95250.6
95250.6
95250.5
95250.5
95250.4
95250.3
95250.3
95250.2
95250.2
95250.1
95250
95250
95249.9
95249.8
95249.7
95249.7
95249.6
95249.5
95249.5
95249.4
95249.3
95249.2
95249.1
95249.1
95249
95248.9
95248.8
95248.7
95248.6
95248.6
95248.5
95248.4
95248.3
95248.2
95248.1
95248
95247.9
95247.8
95247.8
95247.7
95247.6
95247.5
95247.4
95247.3
95247.2
95247.1
95247
95247
95246.9
95246.8
95246.7
95246.6
95246.5
95246.4
95246.3
95246.2
95246.2
95246.1
95246
95245.9
95245.8
95245.7
95245.6
95245.6
95245.5
95245.4
95245.3
95245.2
95245.1
95245
95245
95244.9
95244.8
95244.7
95244.6
95244.5
95244.4
95244.3
95244.2
95244.2
95244.1
95244
95243.9
95243.8
95243.7
95243.6
95243.5
95243.4
95243.3
95243.2
95243.1
95243
95242.9
95242.8
95242.7
95242.6
95242.5
95242.4
95242.3
95242.2
95242
95241.9
95241.8
95241.7
95241.6
95241.5
95241.4
95241.2
95241.1
95241
95240.9
95240.8
95240.7
95240.6
95240.5
95240.4
95240.3
95240.2
95240.1
95240
95239.9
95239.8
95239.7
95239.6
95239.5
95239.4
95239.3
95239.1
95239
95238.9
95238.8
95238.8
95238.7
95238.6
95238.5
95238.4
95238.3
95238.2
95238.1
95238
95237.9
95237.8
95237.7
95237.6
95237.6
95237.5
95237.4
95237.3
95237.2
95237.1
95237.1
95237
95236.9
95236.8
95236.8
95236.7
95236.6
95236.6
95236.5
95236.4
95236.4
95236.3
95236.3
95236.2
95236.1
95236.1
95236
95236
95236
95235.9
95235.8
95235.8
95235.8
95235.7
95235.7
95235.6
95235.6
95235.6
95235.5
95235.5
95235.5
95235.5
95235.4
95235.4
95235.4
95235.4
95235.3
95235.3
95235.3
95235.3
95235.3
95235.3
95235.3
95235.3
95235.3
95235.3
95235.3
95235.3
95235.3
95235.3
95235.3
95235.3
95235.3
95235.3
95235.3
95235.3
95235.4
95235.4
95235.4
95235.4
95235.4
95235.5
95235.5
95235.6
95235.6
95235.6
95235.6
95235.7
95235.7
95235.7
95235.8
95235.8
95235.8
95235.9
95235.9
95235.9
95236
95236
95236.1
95236.1
95236.1
95236.2
95236.2
95236.3
95236.3
95236.4
95236.4
95236.4
95236.5
95236.5
95236.6
95236.6
95236.7
95236.7
95236.7
95236.8
95236.8
95236.9
95236.9
95237
95237
95237.1
95237.1
95237.1
95237.2
95237.2
95237.3
95237.3
95237.3
95237.4
95237.4
95237.5
95237.5
95237.5
95237.6
95237.6
95237.6
95237.6
95237.7
95237.7
95237.7
95237.8
95237.8
95237.8
95237.8
95237.8
95237.9
95237.9
95237.9
95237.9
95237.9
95237.9
95237.9
95237.9
95238
95238
95238
95238
95238
95238
95238
95238
95238
95237.9
95237.9
95237.9
95237.9
95237.9
95237.9
95237.9
95237.9
95237.8
95237.8
95237.8
95237.8
95237.8
95237.7
95237.7
95237.7
95237.7
95237.6
95237.6
95237.6
95237.5
95237.5
95237.5
95237.4
95237.4
95237.4
95237.3
95237.3
95237.2
95237.2
95237.2
95237.1
95237.1
95237
95237
95236.9
95236.9
95236.8
95236.7
95236.7
95236.6
95236.6
95236.5
95236.4
95236.4
95236.3
95236.2
95236.2
95236.1
95236
95236
95235.9
95235.8
95235.7
95235.7
95235.6
95235.5
95235.4
95235.3
95235.2
95235.2
95235.1
95235
95234.9
95234.8
95234.7
95234.6
95234.5
95234.4
95234.3
95234.2
95234.1
95234
95234
95233.9
95233.8
95233.7
95233.6
95233.5
95233.4
95233.3
95233.2
95233.1
95233
95232.8
95232.7
95232.6
95232.5
95232.4
95232.3
95232.2
95232.1
95232
95231.9
95231.8
95231.7
95231.6
95231.5
95231.4
95231.3
95231.2
95231
95230.9
95230.8
95230.7
95230.6
95230.5
95230.4
95230.3
95230.1
95230
95229.9
95229.8
95229.7
95229.6
95229.5
95229.4
95229.3
95229.2
95229.1
95229
95228.8
95228.7
95228.6
95228.5
95228.4
95228.3
95228.2
95228.1
95228
95227.9
95227.8
95227.7
95227.7
95227.6
95227.5
95227.4
95227.3
95227.2
95227.1
95227
95226.9
95226.8
95226.7
95226.7
95226.6
95226.5
95226.4
95226.3
95226.2
95226.2
95226.1
95226
95225.9
95225.9
95225.8
95225.7
95225.6
95225.6
95225.5
95225.4
95225.3
95225.3
95225.2
95225.1
95225.1
95225
95224.9
95224.9
95224.8
95224.7
95224.7
95224.6
95224.6
95224.5
95224.4
95224.4
95224.3
95224.3
95224.2
95224.2
95224.1
95224.1
95224
95224
95223.9
95223.9
95223.8
95223.8
95223.7
95223.7
95223.6
95223.6
95223.5
95223.5
95223.5
95223.4
95223.4
95223.3
95223.3
95223.2
95223.2
95223.2
95223.2
95223.1
95223.1
95223.1
95223
95223
95222.9
95222.9
95222.9
95222.9
95222.8
95222.8
95222.8
95222.7
95222.7
95222.7
95222.7
95222.6
95222.6
95222.6
95222.6
95222.5
95222.5
95222.5
95222.5
95222.5
95222.4
95222.4
95222.4
95222.4
95222.4
95222.4
95222.3
95222.3
95222.3
95222.3
95222.3
95222.3
95222.3
95222.3
95222.3
95222.3
95222.3
95222.3
95222.3
95222.3
95222.3
95222.3
95222.3
95222.3
95222.3
95222.3
95222.3
95222.3
95222.4
95222.4
95222.4
95222.4
95222.4
95222.4
95222.4
95222.5
95222.5
95222.5
95222.5
95222.5
95222.5
95222.6
95222.6
95222.6
95222.6
95222.7
95222.7
95222.7
95222.7
95222.8
95222.8
95222.8
95222.9
95222.9
95222.9
95222.9
95223
95223
95223
95223.1
95223.1
95223.1
95223.2
95223.2
95223.2
95223.2
95223.3
95223.3
95223.3
95223.4
95223.4
95223.4
95223.5
95223.5
95223.5
95223.6
95223.6
95223.6
95223.6
95223.7
95223.7
95223.7
95223.8
95223.8
95223.8
95223.8
95223.9
95223.9
95223.9
95223.9
95223.9
95224
95224
95224
95224
95224
95224
95224.1
95224.1
95224.1
95224.1
95224.1
95224.1
95224.1
95224.1
95224.1
95224.1
95224.1
95224.1
95224.1
95224.1
95224.1
95224.1
95224.1
95224.1
95224.1
95224.1
95224.1
95224
95224
95224
95224
95224
95223.9
95223.9
95223.9
95223.9
95223.8
95223.8
95223.8
95223.7
95223.7
95223.6
95223.6
95223.6
95223.5
95223.5
95223.4
95223.4
95223.3
95223.3
95223.2
95223.1
95223.1
95223
95223
95222.9
95222.8
95222.8
95222.7
95222.6
95222.5
95222.5
95222.4
95222.3
95222.2
95222.2
95222.1
95222
95221.9
95221.8
95221.7
95221.6
95221.5
95221.5
95221.4
95221.3
95221.2
95221.1
95221
95220.9
95220.8
95220.7
95220.6
95220.5
95220.4
95220.3
95220.2
95220.1
95220
95219.9
95219.8
95219.7
95219.6
95219.5
95219.4
95219.2
95219.1
95219
95218.9
95218.8
95218.7
95218.6
95218.5
95218.3
95218.2
95218.1
95218
95217.9
95217.8
95217.7
95217.5
95217.4
95217.3
95217.2
95217.1
95217
95216.9
95216.7
95216.6
95216.5
95216.4
95216.3
95216.2
95216.1
95216
95215.8
95215.7
95215.6
95215.5
95215.4
95215.3
95215.2
95215.1
95215
95214.9
95214.8
95214.7
95214.6
95214.5
95214.4
95214.3
95214.2
95214.1
95214
95213.9
95213.8
95213.7
95213.6
95213.5
95213.4
95213.3
95213.2
95213.1
95213
95212.9
95212.8
95212.7
95212.7
95212.6
95212.5
95212.4
95212.3
95212.2
95212.2
95212.1
95212
95211.9
95211.8
95211.8
95211.7
95211.6
95211.5
95211.5
95211.4
95211.3
95211.3
95211.2
95211.1
95211.1
95211
95211
95210.9
95210.8
95210.8
95210.7
95210.7
95210.6
95210.6
95210.5
95210.5
95210.4
95210.4
95210.3
95210.3
95210.3
95210.2
95210.2
95210.1
95210.1
95210.1
95210.1
95210
95210
95210
95209.9
95209.9
95209.9
95209.9
95209.8
95209.8
95209.8
95209.8
95209.8
95209.8
95209.7
95209.7
95209.7
95209.7
95209.7
95209.7
95209.7
95209.7
95209.7
95209.7
95209.6
95209.6
95209.6
95209.6
95209.6
95209.6
95209.6
95209.6
95209.6
95209.6
95209.6
95209.6
95209.6
95209.6
95209.7
95209.7
95209.7
95209.7
95209.7
95209.7
95209.7
95209.7
95209.7
95209.7
95209.7
95209.7
95209.8
95209.8
95209.8
95209.8
95209.8
95209.8
95209.8
95209.9
95209.9
95209.9
95209.9
95209.9
95209.9
95209.9
95210
95210
95210
95210
95210
95210
95210.1
95210.1
95210.1
95210.1
95210.1
95210.1
95210.1
95210.2
95210.2
95210.2
95210.2
95210.2
95210.2
95210.2
95210.2
95210.3
95210.3
95210.3
95210.3
95210.3
95210.3
95210.3
95210.3
95210.4
95210.4
95210.4
95210.4
95210.4
95210.4
95210.4
95210.4
95210.4
95210.4
95210.4
95210.4
95210.4
95210.5
95210.5
95210.5
95210.5
95210.5
95210.5
95210.5
95210.5
95210.5
95210.5
95210.5
95210.5
95210.5
95210.5
95210.5
95210.5
95210.5
95210.5
95210.5
95210.5
95210.5
95210.5
95210.5
95210.5
95210.5
95210.5
95210.5
95210.5
95210.5
95210.4
95210.4
95210.4
95210.4
95210.4
95210.4
95210.4
95210.4
95210.4
95210.3
95210.3
95210.3
95210.3
95210.3
95210.3
95210.2
95210.2
95210.2
95210.2
95210.2
95210.1
95210.1
95210.1
95210.1
95210
95210
95210
95210
95209.9
95209.9
95209.9
95209.8
95209.8
95209.8
95209.7
95209.7
95209.7
95209.6
95209.6
95209.5
95209.5
95209.4
95209.4
95209.3
95209.3
95209.3
95209.2
95209.2
95209.1
95209
95209
95208.9
95208.9
95208.8
95208.8
95208.7
95208.6
95208.6
95208.5
95208.4
95208.4
95208.3
95208.2
95208.2
95208.1
95208
95207.9
95207.9
95207.8
95207.7
95207.6
95207.5
95207.5
95207.4
95207.3
95207.2
95207.1
95207
95206.9
95206.9
95206.8
95206.7
95206.6
95206.5
95206.4
95206.3
95206.2
95206.1
95206
95205.9
95205.8
95205.7
95205.6
95205.5
95205.4
95205.3
95205.2
95205.1
95205
95204.9
95204.8
95204.7
95204.6
95204.4
95204.3
95204.2
95204.1
95204
95203.9
95203.8
95203.7
95203.6
95203.5
95203.3
95203.2
95203.1
95203
95202.9
95202.8
95202.7
95202.6
95202.5
95202.4
95202.3
95202.2
95202.1
95201.9
95201.8
95201.7
95201.6
95201.5
95201.4
95201.3
95201.2
95201.1
95201
95200.9
95200.8
95200.7
95200.6
95200.5
95200.4
95200.4
95200.3
95200.2
95200.1
95200
95199.9
95199.8
95199.7
95199.6
95199.6
95199.5
95199.4
95199.3
95199.2
95199.2
95199.1
95199
95198.9
95198.9
95198.8
95198.7
95198.7
95198.6
95198.5
95198.5
95198.4
95198.3
95198.3
95198.2
95198.1
95198.1
95198
95198
95197.9
95197.9
95197.8
95197.8
95197.7
95197.7
95197.6
95197.6
95197.6
95197.5
95197.5
95197.4
95197.4
95197.4
95197.3
95197.3
95197.3
95197.2
95197.2
95197.2
95197.2
95197.1
95197.1
95197.1
95197.1
95197
95197
95197
95197
95197
95197
95196.9
95196.9
95196.9
95196.9
95196.9
95196.9
95196.9
95196.9
95196.9
95196.9
95196.9
95196.8
95196.8
95196.8
95196.8
95196.8
95196.8
95196.8
95196.8
95196.8
95196.8
95196.8
95196.8
95196.8
95196.9
95196.9
95196.9
95196.9
95196.9
95196.9
95196.9
95196.9
95196.9
95196.9
95196.9
95196.9
95197
95197
95197
95197
95197
95197
95197
95197
95197.1
95197.1
95197.1
95197.1
95197.1
95197.1
95197.2
95197.2
95197.2
95197.2
95197.2
95197.2
95197.3
95197.3
95197.3
95197.3
95197.3
95197.3
95197.4
95197.4
95197.4
95197.4
95197.4
95197.4
95197.5
95197.5
95197.5
95197.5
95197.5
95197.5
95197.6
95197.6
95197.6
95197.6
95197.6
95197.6
95197.6
95197.7
95197.7
95197.7
95197.7
95197.7
95197.7
95197.7
95197.7
95197.7
95197.8
95197.8
95197.8
95197.8
95197.8
95197.8
95197.8
95197.8
95197.8
95197.8
95197.8
95197.8
95197.8
95197.8
95197.8
95197.8
95197.8
95197.8
95197.8
95197.8
95197.8
95197.8
95197.8
95197.8
95197.8
95197.8
95197.8
95197.8
95197.8
95197.7
95197.7
95197.7
95197.7
95197.7
95197.7
95197.6
95197.6
95197.6
95197.6
95197.6
95197.5
95197.5
95197.5
95197.4
95197.4
95197.4
95197.4
95197.3
95197.3
95197.3
95197.2
95197.2
95197.1
95197.1
95197.1
95197
95197
95196.9
95196.9
95196.8
95196.8
95196.7
95196.7
95196.7
95196.6
95196.6
95196.5
95196.4
95196.4
95196.3
95196.3
95196.2
95196.2
95196.1
95196.1
95196
95195.9
95195.9
95195.8
95195.8
95195.7
95195.6
95195.6
95195.5
95195.4
95195.4
95195.3
95195.2
95195.2
95195.1
95195
95195
95194.9
95194.8
95194.8
95194.7
95194.6
95194.5
95194.5
95194.4
95194.3
95194.2
95194.2
95194.1
95194
95193.9
95193.8
95193.8
95193.7
95193.6
95193.5
95193.4
95193.4
95193.3
95193.2
95193.1
95193
95192.9
95192.9
95192.8
95192.7
95192.6
95192.5
95192.4
95192.3
95192.3
95192.2
95192.1
95192
95191.9
95191.8
95191.7
95191.6
95191.6
95191.5
95191.4
95191.3
95191.2
95191.1
95191
95190.9
95190.9
95190.8
95190.7
95190.6
95190.5
95190.4
95190.3
95190.3
95190.2
95190.1
95190
95189.9
95189.8
95189.7
95189.7
95189.6
95189.5
95189.4
95189.3
95189.2
95189.2
95189.1
95189
95188.9
95188.8
95188.7
95188.7
95188.6
95188.5
95188.4
95188.3
95188.3
95188.2
95188.1
95188
95188
95187.9
95187.8
95187.7
95187.7
95187.6
95187.5
95187.4
95187.4
95187.3
95187.2
95187.1
95187.1
95187
95186.9
95186.9
95186.8
95186.7
95186.7
95186.6
95186.5
95186.5
95186.4
95186.3
95186.3
95186.2
95186.2
95186.1
95186
95186
95185.9
95185.9
95185.8
95185.8
95185.7
95185.7
95185.6
95185.6
95185.5
95185.5
95185.4
95185.4
95185.3
95185.3
95185.2
95185.2
95185.2
95185.1
95185.1
95185
95185
95185
95184.9
95184.9
95184.9
95184.9
95184.8
95184.8
95184.8
95184.7
95184.7
95184.7
95184.7
95184.7
95184.6
95184.6
95184.6
95184.6
95184.6
95184.6
95184.5
95184.5
95184.5
95184.5
95184.5
95184.5
95184.5
95184.5
95184.5
95184.5
95184.5
95184.5
95184.5
95184.5
95184.4
95184.4
95184.5
95184.5
95184.5
95184.5
95184.5
95184.5
95184.5
95184.5
95184.5
95184.5
95184.5
95184.5
95184.5
95184.5
95184.5
95184.5
95184.6
95184.6
95184.6
95184.6
95184.6
95184.6
95184.6
95184.6
95184.7
95184.7
95184.7
95184.7
95184.7
95184.7
95184.7
95184.7
95184.8
95184.8
95184.8
95184.8
95184.8
95184.8
95184.9
95184.9
95184.9
95184.9
95184.9
95184.9
95184.9
95184.9
95185
95185
95185
95185
95185
95185
95185
95185.1
95185.1
95185.1
95185.1
95185.1
95185.1
95185.1
95185.1
95185.1
95185.1
95185.1
95185.2
95185.2
95185.2
95185.2
95185.2
95185.2
95185.2
95185.2
95185.2
95185.2
95185.2
95185.2
95185.2
95185.2
95185.2
95185.2
95185.2
95185.2
95185.2
95185.2
95185.2
95185.1
95185.1
95185.1
95185.1
95185.1
95185.1
95185.1
95185.1
95185.1
95185
95185
95185
95185
95185
95185
95184.9
95184.9
95184.9
95184.9
95184.9
95184.8
95184.8
95184.8
95184.8
95184.7
95184.7
95184.7
95184.6
95184.6
95184.6
95184.6
95184.5
95184.5
95184.5
95184.4
95184.4
95184.3
95184.3
95184.3
95184.2
95184.2
95184.2
95184.1
95184.1
95184
95184
95183.9
95183.9
95183.8
95183.8
95183.8
95183.7
95183.7
95183.6
95183.6
95183.5
95183.4
95183.4
95183.3
95183.3
95183.2
95183.2
95183.1
95183.1
95183
95182.9
95182.9
95182.8
95182.8
95182.7
95182.6
95182.6
95182.5
95182.4
95182.4
95182.3
95182.2
95182.2
95182.1
95182
95182
95181.9
95181.8
95181.7
95181.7
95181.6
95181.5
95181.4
95181.4
95181.3
95181.2
95181.1
95181.1
95181
95180.9
95180.8
95180.8
95180.7
95180.6
95180.5
95180.4
95180.4
95180.3
95180.2
95180.1
95180
95180
95179.9
95179.8
95179.7
95179.6
95179.5
95179.5
95179.4
95179.3
95179.2
95179.1
95179
95179
95178.9
95178.8
95178.7
95178.6
95178.6
95178.5
95178.4
95178.3
95178.2
95178.1
95178.1
95178
95177.9
95177.8
95177.7
95177.7
95177.6
95177.5
95177.4
95177.4
95177.3
95177.2
95177.1
95177
95177
95176.9
95176.8
95176.7
95176.7
95176.6
95176.5
95176.4
95176.4
95176.3
95176.2
95176.1
95176.1
95176
95175.9
95175.9
95175.8
95175.7
95175.7
95175.6
95175.5
95175.5
95175.4
95175.3
95175.3
95175.2
95175.1
95175.1
95175
95174.9
95174.9
95174.8
95174.8
95174.7
95174.6
95174.6
95174.5
95174.5
95174.4
95174.4
95174.3
95174.3
95174.2
95174.2
95174.1
95174.1
95174
95174
95173.9
95173.9
95173.8
95173.8
95173.7
95173.7
95173.6
95173.6
95173.5
95173.5
95173.5
95173.4
95173.4
95173.3
95173.3
95173.3
95173.2
95173.2
95173.2
95173.1
95173.1
95173.1
95173
95173
95173
95172.9
95172.9
95172.9
95172.9
95172.8
95172.8
95172.8
95172.8
95172.7
95172.7
95172.7
95172.7
95172.6
95172.6
95172.6
95172.6
95172.6
95172.5
95172.5
95172.5
95172.5
95172.5
95172.5
95172.5
95172.4
95172.4
95172.4
95172.4
95172.4
95172.4
95172.4
95172.4
95172.4
95172.4
95172.3
95172.3
95172.3
95172.3
95172.3
95172.3
95172.3
95172.3
95172.3
95172.3
95172.3
95172.3
95172.3
95172.3
95172.3
95172.3
95172.3
95172.3
95172.3
95172.3
95172.3
95172.3
95172.3
95172.3
95172.3
95172.3
95172.3
95172.3
95172.3
95172.3
95172.3
95172.3
95172.3
95172.3
95172.3
95172.3
95172.3
95172.3
95172.3
95172.3
95172.3
95172.3
95172.3
95172.4
95172.4
95172.4
95172.4
95172.4
95172.4
95172.4
95172.4
95172.4
95172.4
95172.4
95172.4
95172.4
95172.4
95172.4
95172.4
95172.4
95172.4
95172.4
95172.4
95172.4
95172.4
95172.4
95172.4
95172.4
95172.4
95172.4
95172.4
95172.4
95172.4
95172.4
95172.4
95172.3
95172.3
95172.3
95172.3
95172.3
95172.3
95172.3
95172.3
95172.3
95172.3
95172.2
95172.2
95172.2
95172.2
95172.2
95172.2
95172.2
95172.1
95172.1
95172.1
95172.1
95172.1
95172
95172
95172
95172
95171.9
95171.9
95171.9
95171.9
95171.8
95171.8
95171.8
95171.8
95171.7
95171.7
95171.7
95171.6
95171.6
95171.6
95171.5
95171.5
95171.5
95171.4
95171.4
95171.4
95171.3
95171.3
95171.2
95171.2
95171.2
95171.1
95171.1
95171
95171
95171
95170.9
95170.9
95170.8
95170.8
95170.7
95170.7
95170.6
95170.6
95170.5
95170.5
95170.4
95170.4
95170.3
95170.3
95170.2
95170.2
95170.1
95170
95170
95169.9
95169.9
95169.8
95169.8
95169.7
95169.6
95169.6
95169.5
95169.5
95169.4
95169.3
95169.3
95169.2
95169.1
95169.1
95169
95169
95168.9
95168.8
95168.8
95168.7
95168.6
95168.6
95168.5
95168.4
95168.4
95168.3
95168.2
95168.2
95168.1
95168.1
95168
95167.9
95167.9
95167.8
95167.7
95167.7
95167.6
95167.5
95167.5
95167.4
95167.3
95167.3
95167.2
95167.1
95167
95167
95166.9
95166.8
95166.8
95166.7
95166.6
95166.5
95166.5
95166.4
95166.3
95166.3
95166.2
95166.1
95166
95166
95165.9
95165.8
95165.8
95165.7
95165.6
95165.5
95165.5
95165.4
95165.3
95165.2
95165.2
95165.1
95165
95164.9
95164.9
95164.8
95164.7
95164.7
95164.6
95164.5
95164.4
95164.4
95164.3
95164.2
95164.2
95164.1
95164
95163.9
95163.9
95163.8
95163.7
95163.7
95163.6
95163.5
95163.4
95163.4
95163.3
95163.2
95163.2
95163.1
95163
95162.9
95162.9
95162.8
95162.7
95162.7
95162.6
95162.5
95162.5
95162.4
95162.3
95162.3
95162.2
95162.2
95162.1
95162
95162
95161.9
95161.8
95161.8
95161.7
95161.7
95161.6
95161.5
95161.5
95161.4
95161.4
95161.3
95161.3
95161.2
95161.1
95161.1
95161
95161
95160.9
95160.9
95160.8
95160.8
95160.7
95160.7
95160.6
95160.6
95160.6
95160.5
95160.5
95160.4
95160.4
95160.3
95160.3
95160.3
95160.2
95160.2
95160.2
95160.1
95160.1
95160
95160
95160
95160
95159.9
95159.9
95159.9
95159.8
95159.8
95159.8
95159.8
95159.7
95159.7
95159.7
95159.7
95159.7
95159.6
95159.6
95159.6
95159.6
95159.6
95159.6
95159.5
95159.5
95159.5
95159.5
95159.5
95159.5
95159.5
95159.5
95159.5
95159.5
95159.4
95159.4
95159.4
95159.4
95159.4
95159.4
95159.4
95159.4
95159.4
95159.4
95159.4
95159.4
95159.4
95159.4
95159.4
95159.5
95159.5
95159.5
95159.5
95159.5
95159.5
95159.5
95159.5
95159.5
95159.5
95159.5
95159.5
95159.5
95159.6
95159.6
95159.6
95159.6
95159.6
95159.6
95159.6
95159.6
95159.6
95159.7
95159.7
95159.7
95159.7
95159.7
95159.7
95159.7
95159.7
95159.8
95159.8
95159.8
95159.8
95159.8
95159.8
95159.8
95159.8
95159.9
95159.9
95159.9
95159.9
95159.9
95159.9
95159.9
95159.9
95159.9
95159.9
95159.9
95160
95159.9
95160
95160
95160
95160
95160
95160
95160
95160
95160
95160
95160
95160
95160
95160
95160
95160
95160
95160
95159.9
95159.9
95159.9
95159.9
95159.9
95159.9
95159.9
95159.9
95159.9
95159.9
95159.8
95159.8
95159.8
95159.8
95159.8
95159.7
95159.7
95159.7
95159.7
95159.7
95159.6
95159.6
95159.6
95159.6
95159.5
95159.5
95159.5
95159.4
95159.4
95159.4
95159.3
95159.3
95159.3
95159.2
95159.2
95159.2
95159.1
95159.1
95159
95159
95159
95158.9
95158.9
95158.8
95158.8
95158.7
95158.7
95158.6
95158.6
95158.5
95158.5
95158.4
95158.4
95158.3
95158.3
95158.2
95158.1
95158.1
95158
95158
95157.9
95157.8
95157.8
95157.7
95157.7
95157.6
95157.5
95157.5
95157.4
95157.3
95157.3
95157.2
95157.1
95157.1
95157
95156.9
95156.9
95156.8
95156.7
95156.6
95156.6
95156.5
95156.4
95156.4
95156.3
95156.2
95156.1
95156.1
95156
95155.9
95155.8
95155.8
95155.7
95155.6
95155.5
95155.5
95155.4
95155.3
95155.2
95155.2
95155.1
95155
95154.9
95154.8
95154.8
95154.7
95154.6
95154.5
95154.5
95154.4
95154.3
95154.2
95154.1
95154.1
95154
95153.9
95153.8
95153.8
95153.7
95153.6
95153.5
95153.4
95153.4
95153.3
95153.2
95153.1
95153.1
95153
95152.9
95152.8
95152.8
95152.7
95152.6
95152.5
95152.5
95152.4
95152.3
95152.2
95152.2
95152.1
95152
95152
95151.9
95151.8
95151.7
95151.7
95151.6
95151.5
95151.5
95151.4
95151.3
95151.3
95151.2
95151.1
95151.1
95151
95150.9
95150.9
95150.8
95150.7
95150.7
95150.6
95150.5
95150.5
95150.4
95150.4
95150.3
95150.2
95150.2
95150.1
95150.1
95150
95150
95149.9
95149.8
95149.8
95149.7
95149.7
95149.6
95149.6
95149.5
95149.5
95149.4
95149.4
95149.3
95149.3
95149.2
95149.2
95149.1
95149.1
95149
95149
95149
95148.9
95148.9
95148.8
95148.8
95148.8
95148.7
95148.7
95148.6
95148.6
95148.6
95148.5
95148.5
95148.5
95148.4
95148.4
95148.4
95148.3
95148.3
95148.3
95148.3
95148.2
95148.2
95148.2
95148.2
95148.1
95148.1
95148.1
95148.1
95148
95148
95148
95148
95148
95147.9
95147.9
95147.9
95147.9
95147.9
95147.9
95147.9
95147.8
95147.8
95147.8
95147.8
95147.8
95147.8
95147.8
95147.8
95147.8
95147.8
95147.8
95147.8
95147.7
95147.7
95147.7
95147.7
95147.7
95147.7
95147.7
95147.7
95147.7
95147.7
95147.7
95147.7
95147.7
95147.7
95147.7
95147.7
95147.7
95147.8
95147.8
95147.8
95147.8
95147.8
95147.8
95147.8
95147.8
95147.8
95147.8
95147.8
95147.8
95147.8
95147.8
95147.8
95147.8
95147.9
95147.9
95147.9
95147.9
95147.9
95147.9
95147.9
95147.9
95147.9
95147.9
95147.9
95147.9
95147.9
95148
95148
95148
95148
95148
95148
95148
95148
95148
95148
95148
95148
95148
95148
95148
95148
95148
95148
95148
95148
95148
95148
95148
95148
95148
95148
95148
95148
95148
95148
95148
95148
95148
95148
95148
95148
95148
95148
95148
95148
95147.9
95147.9
95147.9
95147.9
95147.9
95147.9
95147.9
95147.9
95147.8
95147.8
95147.8
95147.8
95147.8
95147.7
95147.7
95147.7
95147.7
95147.7
95147.6
95147.6
95147.6
95147.6
95147.5
95147.5
95147.5
95147.4
95147.4
95147.4
95147.3
95147.3
95147.3
95147.2
95147.2
95147.2
95147.1
95147.1
95147.1
95147
95147
95146.9
95146.9
95146.9
95146.8
95146.8
95146.7
95146.7
95146.6
95146.6
95146.5
95146.5
95146.4
95146.4
95146.3
95146.3
95146.2
95146.2
95146.1
95146.1
95146
95146
95145.9
95145.9
95145.8
95145.7
95145.7
95145.6
95145.6
95145.5
95145.5
95145.4
95145.3
95145.3
95145.2
95145.1
95145.1
95145
95145
95144.9
95144.8
95144.8
95144.7
95144.6
95144.6
95144.5
95144.4
95144.4
95144.3
95144.2
95144.1
95144.1
95144
95143.9
95143.9
95143.8
95143.7
95143.7
95143.6
95143.5
95143.4
95143.4
95143.3
95143.2
95143.2
95143.1
95143
95142.9
95142.9
95142.8
95142.7
95142.6
95142.6
95142.5
95142.4
95142.4
95142.3
95142.2
95142.1
95142.1
95142
95141.9
95141.8
95141.8
95141.7
95141.6
95141.6
95141.5
95141.4
95141.3
95141.3
95141.2
95141.1
95141.1
95141
95140.9
95140.8
95140.8
95140.7
95140.6
95140.6
95140.5
95140.4
95140.4
95140.3
95140.2
95140.2
95140.1
95140
95140
95139.9
95139.8
95139.8
95139.7
95139.6
95139.6
95139.5
95139.5
95139.4
95139.3
95139.3
95139.2
95139.1
95139.1
95139
95139
95138.9
95138.9
95138.8
95138.7
95138.7
95138.6
95138.6
95138.5
95138.5
95138.4
95138.4
95138.3
95138.3
95138.2
95138.2
95138.1
95138.1
95138
95138
95137.9
95137.9
95137.8
95137.8
95137.8
95137.7
95137.7
95137.6
95137.6
95137.5
95137.5
95137.5
95137.4
95137.4
95137.4
95137.3
95137.3
95137.3
95137.2
95137.2
95137.2
95137.1
95137.1
95137.1
95137
95137
95137
95136.9
95136.9
95136.9
95136.9
95136.8
95136.8
95136.8
95136.8
95136.7
95136.7
95136.7
95136.7
95136.7
95136.6
95136.6
95136.6
95136.6
95136.6
95136.5
95136.5
95136.5
95136.5
95136.5
95136.5
95136.5
95136.4
95136.4
95136.4
95136.4
95136.4
95136.4
95136.4
95136.4
95136.4
95136.4
95136.3
95136.3
95136.3
95136.3
95136.3
95136.3
95136.3
95136.3
95136.3
95136.3
95136.3
95136.3
95136.3
95136.3
95136.3
95136.3
95136.3
95136.3
95136.3
95136.3
95136.3
95136.3
95136.3
95136.3
95136.3
95136.3
95136.3
95136.3
95136.3
95136.3
95136.3
95136.3
95136.3
95136.3
95136.3
95136.3
95136.3
95136.3
95136.3
95136.3
95136.3
95136.3
95136.3
95136.3
95136.3
95136.3
95136.3
95136.3
95136.4
95136.4
95136.4
95136.4
95136.4
95136.4
95136.4
95136.4
95136.4
95136.4
95136.4
95136.4
95136.4
95136.4
95136.4
95136.4
95136.4
95136.4
95136.4
95136.4
95136.4
95136.4
95136.4
95136.4
95136.4
95136.4
95136.4
95136.4
95136.4
95136.4
95136.4
95136.4
95136.3
95136.3
95136.3
95136.3
95136.3
95136.3
95136.3
95136.3
95136.3
95136.3
95136.3
95136.2
95136.2
95136.2
95136.2
95136.2
95136.2
95136.2
95136.1
95136.1
95136.1
95136.1
95136.1
95136
95136
95136
95136
95136
95135.9
95135.9
95135.9
95135.9
95135.8
95135.8
95135.8
95135.7
95135.7
95135.7
95135.7
95135.6
95135.6
95135.6
95135.5
95135.5
95135.5
95135.4
95135.4
95135.3
95135.3
95135.3
95135.2
95135.2
95135.1
95135.1
95135.1
95135
95135
95134.9
95134.9
95134.8
95134.8
95134.7
95134.7
95134.6
95134.6
95134.5
95134.5
95134.4
95134.4
95134.3
95134.3
95134.2
95134.1
95134.1
95134
95134
95133.9
95133.9
95133.8
95133.7
95133.7
95133.6
95133.5
95133.5
95133.4
95133.4
95133.3
95133.2
95133.2
95133.1
95133
95133
95132.9
95132.8
95132.8
95132.7
95132.7
95132.6
95132.5
95132.4
95132.4
95132.3
95132.2
95132.2
95132.1
95132
95132
95131.9
95131.8
95131.8
95131.7
95131.6
95131.6
95131.5
95131.4
95131.4
95131.3
95131.2
95131.1
95131.1
95131
95130.9
95130.9
95130.8
95130.7
95130.7
95130.6
95130.5
95130.5
95130.4
95130.3
95130.3
95130.2
95130.1
95130.1
95130
95129.9
95129.9
95129.8
95129.7
95129.7
95129.6
95129.5
95129.5
95129.4
95129.3
95129.3
95129.2
95129.1
95129.1
95129
95129
95128.9
95128.8
95128.8
95128.7
95128.7
95128.6
95128.5
95128.5
95128.4
95128.4
95128.3
95128.2
95128.2
95128.1
95128.1
95128
95128
95127.9
95127.9
95127.8
95127.8
95127.7
95127.7
95127.6
95127.6
95127.5
95127.5
95127.4
95127.4
95127.3
95127.3
95127.2
95127.2
95127.1
95127.1
95127
95127
95127
95126.9
95126.9
95126.8
95126.8
95126.8
95126.7
95126.7
95126.6
95126.6
95126.6
95126.5
95126.5
95126.5
95126.4
95126.4
95126.4
95126.3
95126.3
95126.3
95126.2
95126.2
95126.2
95126.1
95126.1
95126.1
95126.1
95126
95126
95126
95126
95125.9
95125.9
95125.9
95125.9
95125.8
95125.8
95125.8
95125.8
95125.7
95125.7
95125.7
95125.7
95125.7
95125.7
95125.6
95125.6
95125.6
95125.6
95125.6
95125.6
95125.5
95125.5
95125.5
95125.5
95125.5
95125.5
95125.5
95125.5
95125.4
95125.4
95125.4
95125.4
95125.4
95125.4
95125.4
95125.4
95125.4
95125.4
95125.4
95125.4
95125.3
95125.3
95125.3
95125.3
95125.3
95125.3
95125.3
95125.3
95125.3
95125.3
95125.3
95125.3
95125.3
95125.3
95125.3
95125.3
95125.3
95125.3
95125.3
95125.3
95125.3
95125.3
95125.3
95125.3
95125.3
95125.3
95125.3
95125.3
95125.3
95125.2
95125.2
95125.2
95125.2
95125.2
95125.2
95125.2
95125.2
95125.2
95125.2
95125.2
95125.2
95125.2
95125.2
95125.2
95125.2
95125.2
95125.2
95125.2
95125.2
95125.2
95125.2
95125.2
95125.2
95125.2
95125.2
95125.2
95125.2
95125.2
95125.2
95125.1
95125.1
95125.1
95125.1
95125.1
95125.1
95125.1
95125.1
95125.1
95125.1
95125.1
95125.1
95125
95125
95125
95125
95125
95125
95125
95125
95125
95124.9
95124.9
95124.9
95124.9
95124.9
95124.9
95124.8
95124.8
95124.8
95124.8
95124.8
95124.8
95124.7
95124.7
95124.7
95124.7
95124.6
95124.6
95124.6
95124.6
95124.6
95124.5
95124.5
95124.5
95124.5
95124.4
95124.4
95124.4
95124.3
95124.3
95124.3
95124.3
95124.2
95124.2
95124.2
95124.1
95124.1
95124.1
95124
95124
95124
95123.9
95123.9
95123.8
95123.8
95123.8
95123.7
95123.7
95123.7
95123.6
95123.6
95123.5
95123.5
95123.4
95123.4
95123.4
95123.3
95123.3
95123.2
95123.2
95123.1
95123.1
95123
95123
95122.9
95122.9
95122.8
95122.8
95122.8
95122.7
95122.7
95122.6
95122.5
95122.5
95122.4
95122.4
95122.3
95122.3
95122.2
95122.2
95122.1
95122.1
95122
95122
95121.9
95121.8
95121.8
95121.7
95121.7
95121.6
95121.6
95121.5
95121.4
95121.4
95121.3
95121.3
95121.2
95121.1
95121.1
95121
95121
95120.9
95120.8
95120.8
95120.7
95120.7
95120.6
95120.5
95120.5
95120.4
95120.4
95120.3
95120.2
95120.2
95120.1
95120.1
95120
95119.9
95119.9
95119.8
95119.7
95119.7
95119.6
95119.6
95119.5
95119.4
95119.4
95119.3
95119.3
95119.2
95119.1
95119.1
95119
95119
95118.9
95118.8
95118.8
95118.7
95118.7
95118.6
95118.6
95118.5
95118.4
95118.4
95118.3
95118.3
95118.2
95118.2
95118.1
95118
95118
95117.9
95117.9
95117.8
95117.8
95117.7
95117.7
95117.6
95117.6
95117.5
95117.5
95117.4
95117.4
95117.3
95117.3
95117.2
95117.2
95117.1
95117.1
95117
95117
95116.9
95116.9
95116.8
95116.8
95116.7
95116.7
95116.6
95116.6
95116.6
95116.5
95116.5
95116.4
95116.4
95116.3
95116.3
95116.3
95116.2
95116.2
95116.1
95116.1
95116.1
95116
95116
95116
95115.9
95115.9
95115.9
95115.8
95115.8
95115.8
95115.7
95115.7
95115.7
95115.6
95115.6
95115.6
95115.5
95115.5
95115.5
95115.4
95115.4
95115.4
95115.4
95115.3
95115.3
95115.3
95115.2
95115.2
95115.2
95115.2
95115.1
95115.1
95115.1
95115.1
95115.1
95115
95115
95115
95115
95115
95114.9
95114.9
95114.9
95114.9
95114.9
95114.8
95114.8
95114.8
95114.8
95114.8
95114.8
95114.7
95114.7
95114.7
95114.7
95114.7
95114.7
95114.7
95114.6
95114.6
95114.6
95114.6
95114.6
95114.6
95114.6
95114.6
95114.5
95114.5
95114.5
95114.5
95114.5
95114.5
95114.5
95114.5
95114.5
95114.5
95114.5
95114.4
95114.4
95114.4
95114.4
95114.4
95114.4
95114.4
95114.4
95114.4
95114.4
95114.4
95114.4
95114.4
95114.4
95114.4
95114.4
95114.4
95114.3
95114.3
95114.3
95114.3
95114.3
95114.3
95114.3
95114.3
95114.3
95114.3
95114.3
95114.3
95114.3
95114.3
95114.3
95114.3
95114.3
95114.3
95114.3
95114.3
95114.3
95114.3
95114.3
95114.3
95114.3
95114.2
95114.2
95114.2
95114.2
95114.2
95114.2
95114.2
95114.2
95114.2
95114.2
95114.2
95114.2
95114.2
95114.2
95114.2
95114.2
95114.2
95114.1
95114.1
95114.1
95114.1
95114.1
95114.1
95114.1
95114.1
95114.1
95114.1
95114
95114
95114
95114
95114
95114
95114
95114
95113.9
95113.9
95113.9
95113.9
95113.9
95113.9
95113.8
95113.8
95113.8
95113.8
95113.8
95113.7
95113.7
95113.7
95113.7
95113.7
95113.6
95113.6
95113.6
95113.6
95113.5
95113.5
95113.5
95113.5
95113.4
95113.4
95113.4
95113.3
95113.3
95113.3
95113.3
95113.2
95113.2
95113.2
95113.1
95113.1
95113.1
95113
95113
95112.9
95112.9
95112.9
95112.8
95112.8
95112.7
95112.7
95112.7
95112.6
95112.6
95112.5
95112.5
95112.5
95112.4
95112.4
95112.3
95112.3
95112.2
95112.2
95112.1
95112.1
95112
95112
95111.9
95111.9
95111.8
95111.8
95111.7
95111.7
95111.6
95111.6
95111.5
95111.5
95111.4
95111.4
95111.3
95111.2
95111.2
95111.1
95111.1
95111
95111
95110.9
95110.8
95110.8
95110.7
95110.7
95110.6
95110.5
95110.5
95110.4
95110.4
95110.3
95110.2
95110.2
95110.1
95110.1
95110
95109.9
95109.9
95109.8
95109.8
95109.7
95109.6
95109.6
95109.5
95109.4
95109.4
95109.3
95109.3
95109.2
95109.1
95109.1
95109
95109
95108.9
95108.8
95108.8
95108.7
95108.7
95108.6
95108.5
95108.5
95108.4
95108.4
95108.3
95108.2
95108.2
95108.1
95108.1
95108
95107.9
95107.9
95107.8
95107.8
95107.7
95107.7
95107.6
95107.5
95107.5
95107.4
95107.4
95107.3
95107.3
95107.2
95107.2
95107.1
95107.1
95107
95107
95106.9
95106.9
95106.8
95106.8
95106.7
95106.7
95106.6
95106.6
95106.5
95106.5
95106.4
95106.4
95106.3
95106.3
95106.2
95106.2
95106.2
95106.1
95106.1
95106
95106
95106
95105.9
95105.9
95105.8
95105.8
95105.8
