
Primal Residual: 
940.388
46.1292
44.1505
6.27143
6.26265
5.06736
4.05782
3.62237
3.29767
2.89014
2.53427
2.33473
2.22606
2.10009
1.9197
1.71673
1.53902
1.40693
1.31254
1.23954
1.17668
1.12354
1.08927
1.07064
1.05523
1.02937
0.98412
0.918645
0.844364
0.775323
0.7239
0.695397
0.684956
0.680654
0.67236
0.654605
0.627184
0.594503
0.563528
0.54178
0.530558
0.523909
0.518039
0.509944
0.497481
0.480294
0.459948
0.43897
0.419645
0.402897
0.389286
0.377449
0.367422
0.359143
0.353143
0.349675
0.349277
0.352065
0.353431
0.350935
0.343732
0.331622
0.315347
0.296666
0.277739
0.26074
0.24757
0.239572
0.237175
0.239909
0.246461
0.255132
0.264367
0.272811
0.278645
0.281379
0.280851
0.277894
0.273737
0.269652
0.266797
0.265661
0.266343
0.268728
0.272478
0.276805
0.280821
0.283694
0.284788
0.283659
0.280005
0.2739
0.265695
0.255999
0.245564
0.235225
0.22578
0.217851
0.211768
0.207523
0.20482
0.203201
0.20219
0.201333
0.200505
0.199699
0.19902
0.19862
0.198606
0.199003
0.199745
0.20071
0.201731
0.202676
0.203462
0.20389
0.203909
0.203537
0.202828
0.201855
0.200726
0.199582
0.198595
0.197953
0.197839
0.198409
0.199763
0.201929
0.204843
0.208363
0.212272
0.216308
0.220185
0.223627
0.226396
0.228301
0.229211
0.229055
0.227814
0.225517
0.2222
0.217939
0.212872
0.207107
0.200754
0.193929
0.186765
0.179406
0.172025
0.164828
0.158051
0.151949
0.146795
0.142838
0.140287
0.139263
0.139774
0.141633
0.1446
0.148414
0.152865
0.157684
0.162624
0.16746
0.172042
0.176257
0.180013
0.18325
0.185953
0.188144
0.189863
0.191147
0.191994
0.192382
0.192341
0.191912
0.191115
0.189959
0.188445
0.186587
0.184408
0.181947
0.179256
0.176394
0.173423
0.170405
0.167396
0.16445
0.161617
0.158938
0.156445
0.154146
0.152062
0.150205
0.148572
0.147158
0.14595
0.144931
0.144087
0.1434
0.14286
0.142454
0.142177
0.142025
0.141996
0.142063
0.142226
0.142489
0.142868
0.143371
0.144
0.144746
0.145595
0.146523
0.1475
0.148484
0.149432
0.15029
0.151004
0.151514
0.151758
0.15168
0.151253
0.150452
0.149295
0.147911
0.146239
0.144299
0.142109
0.13969
0.13706
0.134239
0.131272
0.128233
0.125219
0.122336
0.119687
0.117364
0.115438
0.113965
0.11298
0.112498
0.112517
0.113012
0.113945
0.115261
0.116877
0.118707
0.120699
0.122774
0.124875
0.126954
0.12897
0.130886
0.132672
0.134285
0.135684
0.136863
0.137807
0.138497
0.138921
0.139064
0.138913
0.138469
0.137739
0.136734
0.135472
0.133974
0.132263
0.130366
0.128309
0.126121
0.123832
0.121472
0.119071
0.116658
0.114262
0.111912
0.109636
0.107462
0.10542
0.10354
0.101857
0.100405
0.099222
0.0983462
0.0978133
0.0976426
0.0978207
0.0983851
0.0993528
0.100719
0.102472
0.104571
0.106963
0.109579
0.112351
0.11521
0.118089
0.120923
0.123637
0.126178
0.128493
0.130538
0.132276
0.133678
0.134725
0.135403
0.135711
0.13565
0.135234
0.134479
0.133411
0.13206
0.130462
0.128657
0.126688
0.124601
0.122441
0.120256
0.118088
0.115979
0.113967
0.112084
0.110356
0.108805
0.107443
0.106277
0.105309
0.104532
0.103937
0.103511
0.103238
0.103102
0.103086
0.103175
0.103353
0.103608
0.103883
0.104137
0.1044
0.104681
0.104991
0.105331
0.105698
0.106087
0.106489
0.106893
0.107289
0.107639
0.107914
0.108091
0.108148
0.108068
0.107835
0.107438
0.106869
0.106124
0.105201
0.104104
0.102843
0.101433
0.0998957
0.0982604
0.0965616
0.0948399
0.0931408
0.0915138
0.0900104
0.0886823
0.087579
0.086745
0.0862172
0.0860223
0.0861746
0.0866749
0.0874891
0.0885881
0.089959
0.0915501
0.0933083
0.0951772
0.0970994
0.0990193
0.100885
0.10265
0.10427
0.105706
0.106923
0.107889
0.108578
0.10897
0.109033
0.108753
0.108121
0.107133
0.105789
0.104098
0.102074
0.0997349
0.0971051
0.0942136
0.0910947
0.0877885
0.0843412
0.0808062
0.0772442
0.0737242
0.0703237
0.0671283
0.0642304
0.0617257
0.0597074
0.0582579
0.057439
0.0572825
0.0577851
0.058908
0.0605839
0.062726
0.0652384
0.0680249
0.0709948
0.0740658
0.0771658
0.0802325
0.0832132
0.0860637
0.0887474
0.0912342
0.0934999
0.0955253
0.0972873
0.0987611
0.0999543
0.100871
0.101517
0.101883
0.101962
0.101761
0.101292
0.100567
0.0996035
0.0984198
0.0970364
0.0954753
0.0937611
0.0919209
0.0899845
0.0879844
0.0859563
0.0839388
0.0819733
0.0801029
0.0783718
0.0768232
0.075498
0.0744319
0.0736539
0.0731842
0.0730318
0.0731941
0.0736589
0.0744044
0.0754003
0.0766103
0.0779938
0.079508
0.0811099
0.0827578
0.0844119
0.0860357
0.0875958
0.0890629
0.0904115
0.0916199
0.0926704
0.0935493
0.0942462
0.0947542
0.0950699
0.0951925
0.0951243
0.0948702
0.0944375
0.0938358
0.0930765
0.0921733
0.0911414
0.0899977
0.0887604
0.087449
0.086084
0.0846869
0.0832796
0.0818845
0.0805239
0.0792199
0.0779936
0.0768648
0.0758517
0.0749859
0.0742496
0.0736439
0.0731766
0.0728522
0.0726679
0.0726149
0.0726836
0.0728659
0.0731536
0.0735372
0.0740042
0.0745394
0.075126
0.0757468
0.0763846
0.077023
0.0776463
0.0782396
0.0787891
0.0792819
0.0797062
0.0800514
0.080308
0.0804677
0.0805236
0.08047
0.0803029
0.0800195
0.0796137
0.0790836
0.0784291
0.0776526
0.0767589
0.0757551
0.0746502
0.0734552
0.072183
0.0708489
0.0694703
0.0680672
0.0666614
0.0652768
0.0639384
0.0626717
0.0615026
0.0604554
0.0595525
0.0588131
0.0582522
0.0578795
0.0576989
0.0577084
0.0579002
0.058261
0.0587733
0.0594161
0.0601662
0.060999
0.0618901
0.0628152
0.0637516
0.0646782
0.0655757
0.0664272
0.0672182
0.0679362
0.0685714
0.0691159
0.0695643
0.0699129
0.0701602
0.0703061
0.0703524
0.0703024
0.0701605
0.0699326
0.0696255
0.0692471
0.0688062
0.0683122
0.0677755
0.0672066
0.0666169
0.0660176
0.0654205
0.064837
0.0642783
0.0637551
0.0632775
0.0628386
0.0624069
0.0620278
0.0617072
0.0614537
0.0612749
0.0611746
0.061154
0.0612133
0.0613523
0.0615687
0.0618584
0.0622149
0.0626301
0.0630953
0.0635946
0.0641064
0.064621
0.0651283
0.0656194
0.0660861
0.066521
0.0669174
0.0672696
0.0675732
0.0678255
0.0680252
0.068173
0.0682712
0.068323
0.068333
0.0683065
0.0682493
0.0681677
0.0680685
0.0679585
0.0678449
0.0677348
0.0676352
0.0675527
0.0674933
0.0674619
0.0674622
0.0674965
0.0675656
0.0676688
0.0678037
0.0679669
0.0681538
0.0683589
0.0685758
0.068798
0.0690182
0.069229
0.0694231
0.0695931
0.0697317
0.0698321
0.0698879
0.0698935
0.0698441
0.0697356
0.069565
0.0693307
0.0690317
0.0686686
0.0682431
0.0677581
0.0672178
0.0666275
0.0659939
0.0653247
0.0646288
0.0639161
0.0631971
0.0624833
0.0617864
0.0611183
0.0604908
0.0599154
0.0594028
0.0589625
0.0586026
0.0583298
0.0581484
0.0580607
0.058067
0.0581648
0.0583496
0.0586147
0.0589517
0.0593504
0.0597993
0.0602858
0.0607969
0.061319
0.0618386
0.0623424
0.0628172
0.0632509
0.0636316
0.0639488
0.0641926
0.0643544
0.0644268
0.0644035
0.0642796
0.0640514
0.0637165
0.0632742
0.0627247
0.0620701
0.0613135
0.0604597
0.0595148
0.0584863
0.0573832
0.0562159
0.0549964
0.0537377
0.0524547
0.0511632
0.0498805
0.0486248
0.0474153
0.0462718
0.0452141
0.0442616
0.0434327
0.0427437
0.0422086
0.0418378
0.0416375
0.0416096
0.0417513
0.0420557
0.0425115
0.0431045
0.0438182
0.0446344
0.0455342
0.0464986
0.0475093
0.0485487
0.0496004
0.0506495
0.0516824
0.0526871
0.0536529
0.0545708
0.0554331
0.0562332
0.0569661
0.0576277
0.0582152
0.0587267
0.0591615
0.0595196
0.0598019
0.0600102
0.0601469
0.0602151
0.0602185
0.0601614
0.0600486
0.0598851
0.0596765
0.0594286
0.0591471
0.0588383
0.058508
0.0581622
0.0578068
0.0574474
0.057089
0.0567366
0.0563944
0.0560663
0.0557553
0.0554639
0.0551941
0.0549469
0.0547228
0.0545216
0.0543426
0.0541845
0.0540456
0.0539236
0.0538163
0.053721
0.053635
0.0535558
0.0534808
0.0534077
0.0533345
0.0532594
0.0531814
0.0530995
0.0530134
0.0529235
0.0528304
0.0527355
0.0526403
0.0525472
0.0524588
0.0523779
0.0523076
0.0522514
0.0522126
0.0521945
0.0522004
0.052233
0.0522949
0.0523882
0.052515
0.0526778
0.0528765
0.0531105
0.0533782
0.0536771
0.054004
0.054355
0.0547259
0.0551118
0.0555079
0.0559086
0.0563084
0.0567012
0.0570809
0.0574413
0.0577763
0.0580797
0.0583458
0.0585691
0.0587446
0.0588677
0.0589344
0.0589412
0.0588851
0.0587639
0.0585758
0.0583199
0.0579957
0.0576035
0.0571443
0.0566197
0.0560321
0.0553847
0.0546812
0.0539262
0.053125
0.0522835
0.0514085
0.0505072
0.0495877
0.0486585
0.0477286
0.0468076
0.0459052
0.0450316
0.0441965
0.0434099
0.0426812
0.0420189
0.041431
0.0409239
0.040503
0.0401718
0.039932
0.0397837
0.039725
0.0397522
0.0398601
0.0400421
0.0402907
0.0405971
0.0409525
0.0413475
0.0417728
0.0422193
0.0426783
0.0431416
0.0436017
0.0440517
0.0444856
0.044898
0.0452844
0.0456412
0.0459654
0.046255
0.0465085
0.0467253
0.0469053
0.0470492
0.0471583
0.0472343
0.0472794
0.0472965
0.0472886
0.0472592
0.0472045
0.0471281
0.047034
0.0469262
0.0468092
0.0466873
0.0465648
0.0464457
0.0463338
0.0462325
0.0461451
0.0460743
0.0460224
0.0459912
0.0459819
0.0459954
0.0460317
0.0460907
0.0461715
0.046273
0.0463935
0.0465311
0.0466836
0.0468484
0.0470232
0.0472051
0.0473916
0.0475801
0.0477683
0.0479538
0.0481348
0.0483095
0.0484767
0.0486351
0.0487842
0.0489233
0.0490523
0.0491714
0.0492809
0.0493813
0.0494735
0.0495584
0.0496371
0.0497108
0.0497808
0.0498485
0.0499151
0.0499819
0.05005
0.0501204
0.0501938
0.050271
0.0503521
0.0504374
0.0505265
0.0506192
0.0507146
0.0508118
0.0509097
0.0510068
0.0511015
0.0511922
0.051277
0.051354
0.0514214
0.0514772
0.0515198
0.0515474
0.0515585
0.0515517
0.051526
0.0514805
0.0514145
0.0513277
0.0512202
0.0510922
0.0509443
0.0507774
0.0505926
0.0503915
0.0501758
0.0499473
0.0497083
0.049461
0.0492078
0.0489513
0.0486939
0.048438
0.0481861
0.0479404
0.047703
0.0474756
0.0472598
0.0470568
0.0468674
0.0466919
0.0465305
0.0463828
0.0462479
0.0461247
0.0460115
0.0459066
0.0458075
0.045712
0.0456172
0.0455204
0.0454187
0.045309
0.0451885
0.0450543
0.0449036
0.0447339
0.0445429
0.0443284
0.0440887
0.0438222
0.043528
0.0432051
0.0428534
0.0424728
0.0420639
0.0416275
0.041165
0.0406781
0.040169
0.0396402
0.0390947
0.0385359
0.0379672
0.0373928
0.0368168
0.0362437
0.0356782
0.0351248
0.0345884
0.0340738
0.0335854
0.0331279
0.0327051
0.032321
0.0319787
0.0316811
0.03143
0.0312272
0.0310732
0.0309682
0.0309115
0.030902
0.0309378
0.0310166
0.0311357
0.031292
0.0314823
0.0317033
0.0319516
0.0322238
0.0325166
0.0328271
0.0331522
0.0334896
0.0338366
0.0341914
0.0345519
0.0349167
0.0352845
0.035654
0.0360244
0.036395
0.0367651
0.0371342
0.037502
0.0378682
0.0382323
0.0385942
0.0389535
0.0393099
0.0396629
0.0400121
0.040357
0.040697
0.0410314
0.0413594
0.0416802
0.041993
0.0422967
0.0425904
0.0428732
0.0431439
0.0434018
0.0436457
0.0438748
0.0440884
0.0442857
0.0444661
0.0446292
0.0447747
0.0449025
0.0450126
0.0451053
0.045181
0.0452405
0.0452847
0.0453146
0.0453315
0.0453371
0.045333
0.0453212
0.0453036
0.0452826
0.0452604
0.0452393
0.0452217
0.0452102
0.0452071
0.0452147
0.0452351
0.0452702
0.0453218
0.0453913
0.0454798
0.0455882
0.0457168
0.0458657
0.0460346
0.0462225
0.0464283
0.0466505
0.046887
0.0471357
0.0473939
0.0476587
0.0479273
0.0481962
0.0484623
0.0487221
0.0489722
0.0492091
0.0494295
0.0496302
0.0498081
0.0499611
0.0500861
0.0501802
0.0502411
0.0502663
0.0502539
0.0502024
0.0501105
0.0499775
0.0498026
0.0495857
0.0493275
0.0490323
0.0486964
0.0483203
0.0479058
0.0474547
0.0469685
0.0464484
0.0458962
0.0453143
0.0447057
0.0440734
0.043421
0.0427515
0.0420682
0.0413743
0.0406732
0.0399683
0.039263
0.0385607
0.0378647
0.0371783
0.0365048
0.0358472
0.0352084
0.034591
0.0339977
0.0334307
0.0328922
0.0323839
0.0319073
0.0314636
0.0310537
0.0306778
0.0303359
0.0300277
0.0297521
0.0295082
0.0292944
0.0291094
0.0289513
0.0288187
0.0287096
0.0286226
0.028556
0.0285082
0.0284778
0.0284633
0.0284636
0.0284772
0.0285032
0.0285406
0.0285884
0.0286379
0.0286867
0.0287336
0.0287774
0.028817
0.0288515
0.0288803
0.0289026
0.0289178
0.0289256
0.0289255
0.0289176
0.0289026
0.0288809
0.0288534
0.0288209
0.0287843
0.0287448
0.0287038
0.0286404
0.0285591
0.0284698
0.0283804
0.0282962
0.0282233
0.0281662
0.0281279
0.0281107
0.0281166
0.0281474
0.0282039
0.0282868
0.0283962
0.0285324
0.0286952
0.0288845
0.0291002
0.029342
0.0296097
0.0299029
0.0302211
0.0305635
0.0309292
0.0313165
0.0317224
0.032145
0.0325826
0.0330332
0.0334947
0.033965
0.0344421
0.0349239
0.0354088
0.0358949
0.0363806
0.0368642
0.0373442
0.0378189
0.0382867
0.0387463
0.0391963
0.0396353
0.0400624
0.0404766
0.040877
0.0412629
0.0416338
0.0419892
0.0423287
0.0426519
0.0429585
0.0432482
0.0435209
0.0437764
0.0440144
0.044235
0.0444381
0.0446237
0.0447918
0.0449427
0.0450765
0.0451934
0.0452936
0.0453775
0.0454454
0.0454975
0.0455341
0.0455555
0.0455621
0.0455541
0.0455321
0.0454963
0.0454472
0.0453854
0.0453113
0.0452256
0.0451291
0.0450217
0.0449031
0.0447745
0.0446374
0.0444931
0.0443425
0.0441864
0.0440256
0.0438608
0.0436926
0.0435217
0.0433487
0.0431742
0.0429986
0.0428222
0.0426451
0.0424674
0.0422889
0.0421097
0.0419295
0.0417479
0.0415643
0.0413781
0.0411887
0.040995
0.0407961
0.0405909
0.0403782
0.040157
0.0399257
0.0396833
0.0394284
0.0391599
0.0388764
0.038577
0.0382605
0.037926
0.0375729
0.0372003
0.0368079
0.0363952
0.0359623
0.0355091
0.0350359
0.0345433
0.0340319
0.0335028
0.0329572
0.0323965
0.0318226
0.0312373
0.030643
0.0300422
0.0294375
0.028832
0.028229
0.0276319
0.0270443
0.0264702
0.0259134
0.025378
0.0248682
0.024388
0.0239414
0.0235323
0.023164
0.0228398
0.0225623
0.0223336
0.022155
0.0220273
0.0219505
0.0219237
0.0219456
0.0220138
0.0221258
0.0222782
0.0224675
0.0226898
0.0229411
0.0232173
0.0235143
0.0238282
0.0241552
0.0244916
0.0248343
0.0251801
0.0255262
0.0258702
0.0262099
0.0265434
0.0268691
0.0271858
0.0274923
0.0277879
0.0280721
0.0283444
0.0286048
0.0288534
0.0290903
0.0293161
0.0295311
0.0297361
0.0299319
0.0301192
0.0302989
0.030472
0.0306395
0.0308024
0.0309615
0.0311179
0.0312725
0.0314261
0.0315796
0.0317337
0.0318891
0.0320463
0.032206
0.0323685
0.0325341
0.0327031
0.0328757
0.033052
0.0332319
0.0334155
0.0336026
0.0337931
0.0339866
0.0341831
0.034382
0.0345832
0.0347862
0.0349907
0.0351962
0.0354022
0.0356084
0.0358143
0.0360194
0.0362233
0.0364253
0.0366251
0.0368221
0.0370158
0.0372056
0.0373911
0.0375716
0.0377466
0.0379156
0.0380779
0.038233
0.0383803
0.0385192
0.0386492
0.0387708
0.0388826
0.0389806
0.0390656
0.0391384
0.0391986
0.0392445
0.0392746
0.0392881
0.0392852
0.0392666
0.0392326
0.0391835
0.0391194
0.0390406
0.0389472
0.0388399
0.0387193
0.0385861
0.0384412
0.0382853
0.0381193
0.0379439
0.0377598
0.0375678
0.0373686
0.037163
0.0369517
0.0367357
0.0365158
0.0362929
0.0360673
0.0358385
0.0356066
0.035372
0.0351351
0.0348965
0.0346569
0.0344169
0.034177
0.0339378
0.0337
0.0334642
0.033231
0.033001
0.0327749
0.0325533
0.0323367
0.0321255
0.0319201
0.0317209
0.0315279
0.0313413
0.0311612
0.0309873
0.0308196
0.0306579
0.030502
0.0303514
0.030206
0.0300654
0.0299291
0.0297968
0.029668
0.0295421
0.0294186
0.0292969
0.0291764
0.0290563
0.028936
0.0288148
0.0286919
0.0285667
0.0284385
0.0283067
0.0281708
0.0280303
0.0278849
0.0277343
0.0275786
0.0274176
0.0272515
0.0270808
0.0269058
0.0267272
0.0265457
0.0263624
0.0261782
0.0259944
0.0258123
0.0256333
0.025459
0.0252909
0.0251308
0.0249804
0.0248415
0.0247158
0.0246053
0.0245066
0.0244159
0.0243425
0.0242909
0.0242637
0.0242628
0.0242897
0.0243448
0.0244288
0.0245419
0.0246844
0.0248559
0.0250559
0.0252833
0.0255369
0.0258149
0.0261148
0.0264342
0.0267714
0.0271245
0.0274916
0.0278708
0.0282599
0.0286568
0.0290592
0.0294649
0.0298718
0.0302777
0.0306806
0.0310784
0.0314693
0.0318516
0.0322237
0.032584
0.0329314
0.0332645
0.0335825
0.0338842
0.034169
0.0344362
0.0346853
0.0349158
0.0351276
0.0353205
0.0354943
0.0356493
0.0357856
0.0359033
0.0360028
0.0360846
0.036149
0.0361969
0.0362287
0.0362453
0.0362475
0.0362362
0.0362123
0.0361768
0.0361307
0.0360749
0.0360105
0.0359385
0.0358599
0.0357756
0.0356865
0.0355936
0.0354976
0.0353993
0.0352995
0.0351987
0.0350977
0.0349968
0.0348965
0.0347972
0.0346992
0.0346025
0.0345074
0.0344139
0.0343218
0.0342305
0.0341397
0.0340496
0.0339599
0.0338704
0.0337806
0.03369
0.0335978
0.0335035
0.0334063
0.0333054
0.0332001
0.0330899
0.0329741
0.0328523
0.0327239
0.0325883
0.0324452
0.032294
0.0321344
0.031966
0.0317886
0.0316019
0.031406
0.0312007
0.0309861
0.0307624
0.0305298
0.0302886
0.0300393
0.0297823
0.0295183
0.0292477
0.0289714
0.0286899
0.0284043
0.0281152
0.0278236
0.0275305
0.0272369
0.0269437
0.0266522
0.0263634
0.0260784
0.0257985
0.0255247
0.0252583
0.0250003
0.024752
0.0245144
0.0242885
0.0240754
0.0238761
0.0236913
0.0235221
0.023369
0.0232328
0.023114
0.0230131
0.0229303
0.022866
0.0228202
0.0227929
0.022784
0.0227932
0.0228203
0.0228648
0.0229261
0.0230035
0.0230964
0.0232039
0.0233253
0.0234594
0.0236056
0.0237626
0.0239296
0.0241055
0.0242893
0.02448
0.0246767
0.0248784
0.0250842
0.0252931
0.0255045
0.0257175
0.0259314
0.0261455
0.0263592
0.026572
0.0267834
0.026993
0.0272002
0.0274049
0.0276067
0.0278054
0.0280009
0.0281929
0.0283813
0.0285661
0.0287473
0.0289248
0.0290987
0.0292689
0.0294356
0.0295989
0.0297588
0.0299154
0.0300689
0.0302194
0.030367
0.0305118
0.0306541
0.0307938
0.0309311
0.0310661
0.031199
0.0313297
0.0314583
0.0315849
0.0317095
0.031832
0.0319524
0.0320707
0.0321867
0.0323004
0.0324115
0.0325198
0.0326252
0.0327274
0.0328262
0.0329212
0.0330121
0.0330986
0.0331803
0.0332569
0.0333281
0.0333934
0.0334524
0.0335049
0.0335504
0.0335886
0.0336191
0.0336417
0.0336561
0.033662
0.0336591
0.0336473
0.0336265
0.0335964
0.033557
0.0335082
0.0334501
0.0333827
0.033306
0.0332202
0.0331254
0.0330219
0.0329098
0.0327895
0.0326612
0.0325254
0.0323823
0.0322323
0.0320759
0.0319135
0.0317455
0.0315725
0.0313947
0.0312128
0.0310271
0.0308382
0.0306464
0.0304522
0.0302561
0.0300583
0.0298593
0.0296594
0.029459
0.0292583
0.0290576
0.0288571
0.028657
0.0284576
0.0282588
0.0280609
0.027864
0.027668
0.027473
0.0272789
0.0270859
0.0268939
0.0267027
0.0265124
0.0263229
0.0261342
0.0259461
0.0257587
0.0255718
0.0253855
0.0251998
0.0250147
0.0248302
0.0246465
0.0244636
0.0242816
0.0241009
0.0239216
0.023744
0.0235685
0.0233954
0.0232252
0.0230584
0.0228954
0.0227368
0.0225832
0.0224353
0.0222937
0.0221603
0.0220374
0.0219219
0.021815
0.0217163
0.0216262
0.0215462
0.021477
0.0214196
0.0213744
0.0213421
0.0213231
0.0213178
0.0213264
0.0213491
0.0213861
0.0214373
0.0215026
0.0215821
0.0216755
0.0217826
0.021903
0.0220365
0.0221824
0.0223404
0.0225098
0.02269
0.0228804
0.0230804
0.0232893
0.0235068
0.023732
0.0239646
0.0242038
0.0244489
0.0246993
0.0249542
0.0252128
0.0254743
0.0257381
0.0260033
0.0262691
0.026535
0.0268001
0.0270641
0.0273262
0.027586
0.027843
0.0280968
0.0283469
0.028593
0.0288347
0.0290716
0.0293033
0.0295293
0.0297494
0.0299633
0.0301705
0.0303707
0.0305638
0.0307495
0.0309276
0.0310979
0.0312603
0.0314145
0.0315607
0.0316985
0.031828
0.0319491
0.0320618
0.0321661
0.0322619
0.0323493
0.0324283
0.0324991
0.0325616
0.0326159
0.0326623
0.0327008
0.0327315
0.0327546
0.0327704
0.0327789
0.0327804
0.032775
0.032763
0.0327446
0.03272
0.0326893
0.0326528
0.0326106
0.032563
0.0325102
0.0324522
0.0323893
0.0323216
0.0322492
0.0321723
0.0320909
0.0320051
0.0319151
0.0318207
0.0317222
0.0316195
0.0315125
0.0314012
0.0312857
0.0311657
0.0310412
0.0309122
0.0307783
0.0306396
0.0304958
0.0303468
0.0301924
0.0300324
0.0298667
0.029695
0.0295173
0.0293335
0.0291433
0.0289467
0.0287435
0.0285337
0.0283173
0.028094
0.0278641
0.0276274
0.0273841
0.0271342
0.026878
0.0266156
0.0263474
0.0260735
0.0257946
0.025511
0.0252232
0.0249319
0.0246378
0.0243415
0.0240438
0.0237456
0.023448
0.0231519
0.0228584
0.0225686
0.0222837
0.0220048
0.021733
0.0214698
0.0212162
0.0209735
0.020743
0.020526
0.0203235
0.0201367
0.0199667
0.0198137
0.0196798
0.0195654
0.0194708
0.0193963
0.0193421
0.0193083
0.0192947
0.0193011
0.0193269
0.0193717
0.0194347
0.0195152
0.0196122
0.0197248
0.0198519
0.0199923
0.0201449
0.0203086
0.0204821
0.0206642
0.0208538
0.0210497
0.0212509
0.0214563
0.021665
0.0218761
0.0220887
0.0223022
0.0225158
0.022729
0.0229413
0.0231523
0.0233615
0.0235688
0.0237738
0.0239765
0.0241767
0.0243745
0.0245697
0.0247624
0.0249527
0.0251408
0.0253266
0.0255104
0.0256922
0.0258721
0.0260503
0.0262272
0.0264028
0.0265774
0.0267509
0.0269234
0.0270949
0.0272655
0.0274352
0.0276038
0.0277715
0.0279382
0.0281037
0.0282679
0.0284308
0.0285921
0.0287516
0.028909
0.0290642
0.0292168
0.0293666
0.0295131
0.0296562
0.0297954
0.0299304
0.0300608
0.0301864
0.0303067
0.0304214
0.0305303
0.0306328
0.0307288
0.0308179
0.0308998
0.0309742
0.0310409
0.0310996
0.0311501
0.0311921
0.0312255
0.0312501
0.0312658
0.0312724
0.0312698
0.0312581
0.031237
0.0312066
0.0311669
0.0311178
0.0310595
0.0309919
0.0309152
0.0308294
0.0307347
0.0306312
0.0305191
0.0303985
0.0302696
0.0301326
0.0299878
0.0298354
0.0296757
0.0295089
0.0293353
0.0291552
0.0289689
0.0287768
0.0285791
0.0283763
0.0281686
0.0279564
0.0277402
0.0275203
0.0272969
0.0270707
0.0268419
0.0266108
0.026378
0.0261439
0.0259087
0.0256729
0.0254368
0.0252009
0.0249656
0.0247312
0.024498
0.0242664
0.0240368
0.0238095
0.0235848
0.023363
0.0231445
0.0229295
0.0227184
0.0225113
0.0223086
0.0221105
0.0219172
0.021729
0.0215462
0.0213688
0.0211972
0.0210316
0.0208721
0.020719
0.0205725
0.0204328
0.0203
0.0201745
0.0200565
0.019946
0.0198435
0.019749
0.0196629
0.0195853
0.0195166
0.0194568
0.0194064
0.0193654
0.0193342
0.0193128
0.0193017
0.0193008
0.0193105
0.0193308
0.0193618
0.0194038
0.0194567
0.0195206
0.0195955
0.0196813
0.0197781
0.0198856
0.0200038
0.0201325
0.0202714
0.0204203
0.0205789
0.0207468
0.0209237
0.0211092
0.0213028
0.0215041
0.0217126
0.0219278
0.0221492
0.0223762
0.0226084
0.022845
0.0230857
0.0233298
0.0235767
0.0238259
0.0240769
0.024329
0.0245818
0.0248347
0.0250872
0.0253388
0.025589
0.0258373
0.0260834
0.0263266
0.0265668
0.0268033
0.027036
0.0272643
0.0274881
0.027707
0.0279206
0.0281288
0.0283313
0.0285279
0.0287183
0.0289024
0.0290799
0.0292508
0.029415
0.0295722
0.0297223
0.0298654
0.0300013
0.0301299
0.0302512
0.0303652
0.0304717
0.0305708
0.0306625
0.0307465
0.0308231
0.0308924
0.0309543
0.0310088
0.0310557
0.0310952
0.0311272
0.0311516
0.0311685
0.0311778
0.0311796
0.0311738
0.0311605
0.0311397
0.0311113
0.0310754
0.0310319
0.0309809
0.0309224
0.0308563
0.0307825
0.0307012
0.0306121
0.0305153
0.0304108
0.0302985
0.0301784
0.0300505
0.0299147
0.029771
0.0296193
0.0294598
0.0292923
0.0291168
0.0289334
0.028742
0.0285427
0.0283354
0.0281203
0.0278973
0.0276665
0.0274279
0.0271817
0.0269279
0.0266667
0.0263982
0.0261225
0.0258398
0.0255504
0.0252544
0.0249521
0.0246438
0.0243296
0.0240101
0.0236854
0.023356
0.0230222
0.0226846
0.0223435
0.0219994
0.0216529
0.0213045
0.0209549
0.0206046
0.0202543
0.0199047
0.0195567
0.0192109
0.0188682
0.0185295
0.0181957
0.0178677
0.0175466
0.0172332
0.0169288
0.0166343
0.0163509
0.0160797
0.0158217
0.0155781
0.01535
0.0151384
0.0149443
0.0147687
0.0146124
0.0144762
0.0143608
0.0142667
0.0141944
0.014144
0.0141158
0.0141096
0.0141254
0.0141628
0.0142213
0.0143004
0.0143994
0.0145175
0.0146538
0.0148074
0.0149773
0.0151625
0.015362
0.0155748
0.0157997
0.0160359
0.0162824
0.0165381
0.0168023
0.0170741
0.0173527
0.0176372
0.0179271
0.0182221
0.0185207
0.018822
0.019126
0.0194324
0.0197406
0.0200504
0.0203612
0.0206727
0.0209847
0.0212966
0.0216082
0.0219193
0.0222294
0.0225385
0.0228464
0.0231527
0.0234573
0.0237599
0.0240605
0.0243587
0.0246544
0.0249474
0.0252375
0.0255245
0.0258082
0.0260883
0.0263647
0.0266372
0.0269054
0.0271693
0.0274285
0.0276828
0.027932
0.0281759
0.0284142
0.0286467
0.0288731
0.0290932
0.0293067
0.0295133
0.0297128
0.0299051
0.0300897
0.0302665
0.0304353
0.0305957
0.0307477
0.0308908
0.0310251
0.0311501
0.0312658
0.0313719
0.0314683
0.0315548
0.0316312
0.0316974
0.0317533
0.0317988
0.0318338
0.0318581
0.0318719
0.0318749
0.0318672
0.0318487
0.0318195
0.0317795
0.0317287
0.0316673
0.0315953
0.0315128
0.0314198
0.0313164
0.0312029
0.0310792
0.0309457
0.0308023
0.0306493
0.0304868
0.0303151
0.0301342
0.0299445
0.0297461
0.0295393
0.0293241
0.029101
0.02887
0.0286314
0.0283855
0.0281324
0.0278724
0.0276058
0.0273327
0.0270535
0.0267683
0.0264773
0.026181
0.0258794
0.0255728
0.0252614
0.0249455
0.0246253
0.0243011
0.023973
0.0236413
0.0233063
0.0229681
0.022627
0.0222833
0.0219371
0.0215888
0.0212385
0.0208867
0.0205334
0.020179
0.0198239
0.0194682
0.0191124
0.0187571
0.0184013
0.018046
0.0176918
0.0173393
0.016989
0.0166413
0.0162968
0.015956
0.0156196
0.0152883
0.0149628
0.0146438
0.0143323
0.0140292
0.0137355
0.0134521
0.0131802
0.0129209
0.0126753
0.0124449
0.0122307
0.0120341
0.0118562
0.0116983
0.0115615
0.011447
0.0113556
0.0112883
0.0112457
0.0112286
0.0112371
0.0112714
0.0113315
0.0114169
0.0115271
0.0116614
0.0118188
0.0119982
0.0121985
0.0124183
0.0126564
0.0129114
0.0131821
0.0134671
0.0137652
0.014075
0.0143956
0.0147256
0.015064
0.0154097
0.0157617
0.0161191
0.0164809
0.0168463
0.0172144
0.0175844
0.0179556
0.0183273
0.0186989
0.0190699
0.0194395
0.0198074
0.020173
0.020536
0.0208958
0.021252
0.0216044
0.0219526
0.0222962
0.022635
0.0229686
0.0232969
0.0236196
0.0239364
0.0242472
0.0245519
0.0248499
0.0251415
0.0254266
0.0257049
0.0259762
0.0262405
0.0264977
0.0267476
0.02699
0.027225
0.0274524
0.0276722
0.0278842
0.0280885
0.028285
0.0284735
0.0286541
0.0288268
0.0289915
0.0291482
0.0292968
0.0294374
0.0295699
0.0296943
0.0298107
0.029919
0.0300192
0.0301113
0.0301953
0.0302712
0.0303389
0.0303986
0.0304501
0.0304935
0.0305287
0.0305557
0.0305746
0.0305853
0.0305877
0.0305819
0.0305679
0.0305456
0.030515
0.0304762
0.030429
0.0303735
0.0303097
0.0302376
0.0301572
0.0300684
0.0299714
0.0298661
0.0297525
0.0296308
0.0295008
0.0293627
0.0292166
0.0290624
0.0289003
0.0287303
0.0285525
0.0283671
0.0281741
0.0279736
0.0277658
0.0275509
0.0273289
0.0271
0.0268645
0.0266224
0.0263741
0.0261197
0.0258595
0.0255936
0.0253224
0.0250462
0.0247652
0.0244797
0.0241901
0.0238967
0.0235998
0.0232998
0.0229971
0.0226921
0.0223852
0.0220769
0.0217675
0.0214576
0.0211475
0.0208379
0.0205292
0.0202219
0.0199166
0.0196138
0.019314
0.0190179
0.018726
0.018439
0.0181573
0.0178818
0.0176129
0.0173513
0.0170976
0.0168525
0.0166166
0.0163905
0.0161749
0.0159703
0.0157773
0.0155966
0.0154286
0.0152738
0.0151328
0.0150058
0.0148934
0.0147958
0.0147133
0.0146461
0.0145942
0.0145579
0.014537
0.0145314
0.0145411
0.0145658
0.0146052
0.014659
0.0147268
0.0148082
0.0149026
0.0150095
0.0151283
0.0152585
0.0153994
0.0155505
0.015711
0.0158803
0.0160578
0.0162429
0.0164349
0.0166331
0.0168371
0.0170462
0.0172598
0.0174773
0.0176983
0.0179222
0.0181485
0.0183767
0.0186064
0.0188372
0.0190685
0.0193001
0.0195315
0.0197623
0.0199923
0.0202211
0.0204484
0.0206738
0.0208971
0.0211181
0.0213364
0.0215519
0.0217643
0.0219734
0.0221789
0.0223808
0.0225788
0.0227727
0.0229624
0.0231477
0.0233286
0.0235048
0.023676
0.0238423
0.0240037
0.02416
0.0243111
0.024457
0.0245976
0.0247328
0.0248624
0.0249865
0.025105
0.0252178
0.025325
0.0254265
0.0255222
0.0256122
0.0256964
0.0257749
0.0258475
0.0259143
0.0259754
0.0260307
0.0260802
0.026124
0.026162
0.0261944
0.026221
0.0262421
0.0262575
0.0262674
0.0262717
0.0262706
0.026264
0.026252
0.0262347
0.0262122
0.0261844
0.0261514
0.0261133
0.0260702
0.0260221
0.0259691
0.0259113
0.0258486
0.0257813
0.0257094
0.0256328
0.0255519
0.0254665
0.0253767
0.0252827
0.0251846
0.0250823
0.0249761
0.024866
0.0247522
0.0246346
0.0245135
0.024389
0.0242611
0.02413
0.0239959
0.0238589
0.023719
0.0235766
0.0234317
0.0232845
0.0231353
0.0229841
0.0228312
0.0226769
0.0225212
0.0223645
0.022207
0.022049
0.0218907
0.0217323
0.0215742
0.0214166
0.0212598
0.0211042
0.02095
0.0207976
0.0206472
0.0204993
0.0203541
0.0202119
0.0200732
0.0199382
0.0198073
0.0196808
0.019559
0.0194422
0.0193308
0.019225
0.0191252
0.0190316
0.0189445
0.018864
0.0187905
0.0187241
0.018665
0.0186133
0.0185693
0.0185329
0.0185042
0.0184833
0.0184702
0.0184649
0.0184673
0.0184774
0.0184951
0.0185202
0.0185526
0.0185921
0.0186385
0.0186915
0.018751
0.0188166
0.018888
0.0189652
0.0190477
0.0191351
0.0192273
0.0193237
0.0194241
0.0195282
0.0196355
0.0197458
0.0198587
0.0199739
0.0200911
0.02021
0.0203303
0.0204517
0.020574
0.0206969
0.02082
0.0209432
0.0210662
0.0211887
0.0213105
0.0214313
0.0215511
0.0216696
0.0217865
0.0219019
0.0220154
0.022127
0.0222365
0.0223438
0.0224488
0.0225514
0.0226514
0.0227489
0.0228437
0.0229358
0.023025
0.0231113
0.0231947
0.023275
0.0233523
0.0234265
0.0234975
0.0235653
0.0236298
0.023691
0.0237488
0.0238033
0.0238543
0.0239018
0.0239457
0.0239861
0.0240228
0.0240558
0.0240851
0.0241105
0.0241321
0.0241497
0.0241633
0.0241728
0.0241782
0.0241793
0.0241762
0.0241686
0.0241567
0.0241402
0.0241192
0.0240935
0.0240632
0.024028
0.0239881
0.0239433
0.0238937
0.0238391
0.0237795
0.023715
0.0236455
0.0235709
0.0234912
0.0234069
0.0233178
0.0232236
0.0231241
0.0230197
0.0229104
0.0227965
0.0226782
0.0225557
0.0224289
0.0222981
0.0221634
0.0220249
0.0218829
0.0217376
0.0215891
0.0214376
0.0212835
0.0211271
0.0209685
0.0208081
0.0206463
0.0204834
0.0203197
0.0201557
0.0199917
0.0198281
0.0196655
0.0195041
0.0193445
0.0191871
0.0190324
0.0188808
0.0187328
0.0185889
0.0184494
0.0183148
0.0181856
0.018062
0.0179446
0.0178337
0.0177297
0.0176329
0.0175436
0.0174622
0.017389
0.0173241
0.0172678
0.0172203
0.0171817
0.0171522
0.0171318
0.0171206
0.0171185
0.0171255
0.0171416
0.0171666
0.0172005
0.0172429
0.0172938
0.017353
0.0174201
0.0174949
0.0175771
0.0176665
0.0177627
0.0178653
0.0179741
0.0180887
0.0182086
0.0183336
0.0184633
0.0185974
0.0187353
0.0188769
0.0190217
0.0191695
0.0193197
0.0194722
0.0196264
0.0197822
0.0199392
0.0200971
0.0202557
0.0204147
0.0205737
0.0207326
0.0208912
0.021049
0.0212061
0.021362
0.0215167
0.0216699
0.0218213
0.0219709
0.0221184
0.0222636
0.0224064
0.0225465
0.0226839
0.0228183
0.0229496
0.0230777
0.0232023
0.0233234
0.0234407
0.0235542
0.0236638
0.0237692
0.0238704
0.0239672
0.0240596
0.0241473
0.0242304
0.0243088
0.0243822
0.0244507
0.0245141
0.0245724
0.0246255
0.0246734
0.0247159
0.0247531
0.0247848
0.0248111
0.0248318
0.0248471
0.0248567
0.0248608
0.0248593
0.0248523
0.0248396
0.0248213
0.0247974
0.0247679
0.0247328
0.0246922
0.024646
0.0245943
0.0245372
0.0244745
0.0244065
0.024333
0.0242542
0.0241701
0.0240807
0.0239861
0.0238864
0.0237815
0.0236716
0.0235567
0.0234368
0.0233121
0.0231826
0.0230483
0.0229094
0.0227658
0.0226178
0.0224653
0.0223085
0.0221475
0.0219823
0.0218131
0.02164
0.021463
0.0212825
0.0210984
0.0209109
0.0207202
0.0205265
0.0203299
0.0201307
0.019929
0.019725
0.019519
0.0193112
0.0191019
0.0188914
0.0186799
0.0184677
0.0182551
0.0180426
0.0178304
0.0176188
0.0174084
0.0171994
0.0169922
0.0167874
0.0165853
0.0163863
0.016191
0.0159997
0.0158131
0.0156316
0.0154556
0.0152857
0.0151224
0.0149662
0.0148176
0.014677
0.0145451
0.0144222
0.0143088
0.0142054
0.0141123
0.0140299
0.0139586
0.0138987
0.0138504
0.013814
0.0137896
0.0137774
0.0137775
0.0137898
0.0138143
0.013851
0.0138997
0.0139602
0.0140322
0.0141154
0.0142096
0.0143143
0.0144294
0.0145542
0.0146885
0.0148318
0.0149836
0.0151435
0.0153109
0.0154855
0.0156667
0.015854
0.016047
0.0162451
0.0164479
0.0166549
0.0168658
0.0170799
0.017297
0.0175166
0.0177383
0.0179617
0.0181865
0.0184122
0.0186385
0.0188651
0.0190916
0.0193178
0.0195433
0.0197679
0.0199913
0.0202131
0.0204332
0.0206513
0.0208672
0.0210806
0.0212913
0.021499
0.0217036
0.0219049
0.0221026
0.0222966
0.0224867
0.0226726
0.0228544
0.0230317
0.0232045
0.0233726
0.0235358
0.023694
0.0238469
0.0239945
0.0241369
0.024274
0.0244054
0.0245311
0.024651
0.0247649
0.0248728
0.0249744
0.0250699
0.025159
0.0252418
0.0253182
0.0253882
0.0254518
0.025509
0.0255598
0.025604
0.0256418
0.025673
0.0256976
0.0257157
0.0257271
0.025732
0.0257301
0.0257216
0.0257065
0.0256846
0.0256561
0.0256209
0.025579
0.0255305
0.0254753
0.0254134
0.025345
0.02527
0.0251883
0.0251002
0.0250056
0.0249045
0.0247969
0.024683
0.0245628
0.0244362
0.0243034
0.0241645
0.0240195
0.0238685
0.0237116
0.0235489
0.0233805
0.0232065
0.023027
0.0228421
0.0226521
0.022457
0.0222569
0.0220521
0.0218426
0.0216288
0.0214107
0.0211885
0.0209625
0.0207329
0.0204998
0.0202636
0.0200244
0.0197826
0.0195383
0.0192919
0.0190437
0.0187939
0.0185429
0.018291
0.0180386
0.017786
0.0175336
0.0172817
0.0170308
0.0167812
0.0165335
0.016288
0.0160452
0.0158056
0.0155696
0.0153378
0.0151106
0.0148885
0.0146721
0.0144619
0.0142585
0.0140624
0.0138741
0.0136943
0.0135233
0.0133619
0.0132105
0.0130696
0.0129397
0.0128213
0.0127148
0.0126207
0.0125393
0.0124708
0.0124156
0.0123739
0.0123457
0.0123313
0.0123305
0.0123434
0.0123699
0.0124098
0.0124629
0.0125288
0.0126074
0.0126981
0.0128007
0.0129146
0.0130394
0.0131746
0.0133197
0.0134742
0.0136374
0.0138089
0.0139882
0.0141746
0.0143678
0.014567
0.0147719
0.014982
0.0151966
0.0154154
0.0156379
0.0158636
0.0160921
0.0163229
0.0165557
0.01679
0.0170255
0.0172618
0.0174984
0.0177351
0.0179716
0.0182074
0.0184423
0.018676
0.0189081
0.0191384
0.0193666
0.0195924
0.0198156
0.0200358
0.0202529
0.0204665
0.0206766
0.0208827
0.0210848
0.0212826
0.0214758
0.0216644
0.021848
0.0220266
0.0221999
0.0223678
0.0225301
0.0226866
0.0228372
0.0229818
0.0231203
0.0232524
0.0233782
0.0234974
0.02361
0.0237159
0.0238149
0.0239069
0.023992
0.0240701
0.0241412
0.0242051
0.024262
0.0243116
0.024354
0.0243892
0.0244171
0.0244378
0.0244512
0.0244574
0.0244564
0.0244483
0.0244331
0.0244107
0.0243814
0.0243451
0.0243018
0.0242517
0.0241949
0.0241313
0.024061
0.0239842
0.0239009
0.0238112
0.0237153
0.0236131
0.0235049
0.0233907
0.0232706
0.0231448
0.0230134
0.0228764
0.0227341
0.0225865
0.0224339
0.0222762
0.0221137
0.0219465
0.0217747
0.0215985
0.021418
0.0212335
0.0210451
0.020853
0.0206573
0.0204583
0.0202561
0.0200509
0.019843
0.0196326
0.0194198
0.019205
0.0189884
0.0187702
0.0185507
0.0183302
0.0181089
0.0178872
0.0176654
0.0174437
0.0172226
0.0170023
0.0167832
0.0165657
0.0163502
0.016137
0.0159265
0.0157192
0.0155156
0.015316
0.0151208
0.0149307
0.014746
0.0145673
0.0143949
0.0142295
0.0140715
0.0139213
0.0137796
0.0136468
0.0135232
0.0134095
0.0133059
0.013213
0.013131
0.0130604
0.0130014
0.0129543
0.0129192
0.0128964
0.0128859
0.0128878
0.0129021
0.0129288
0.0129677
0.0130187
0.0130816
0.013156
0.0132418
0.0133386
0.013446
0.0135636
0.0136909
0.0138276
0.0139731
0.0141269
0.0142887
0.0144578
0.0146337
0.014816
0.0150041
0.0151976
0.0153959
0.0155986
0.0158052
0.0160151
0.0162281
0.0164435
0.016661
0.0168801
0.0171005
0.0173217
0.0175434
0.0177651
0.0179865
0.0182073
0.0184271
0.0186456
0.0188625
0.0190775
0.0192902
0.0195005
0.0197079
0.0199124
0.0201136
0.0203112
0.0205051
0.020695
0.0208808
0.0210622
0.021239
0.0214111
0.0215782
0.0217403
0.0218971
0.0220486
0.0221946
0.0223349
0.0224694
0.0225981
0.0227208
0.0228374
0.022948
0.0230522
0.0231502
0.0232419
0.023327
0.0234057
0.0234779
0.0235435
0.0236024
0.0236548
0.0237004
0.0237394
0.0237717
0.0237973
0.0238163
0.0238285
0.0238341
0.0238329
0.0238252
0.0238108
0.0237897
0.0237621
0.0237279
0.0236872
0.0236399
0.0235862
0.023526
0.0234594
0.0233865
0.0233072
0.0232217
0.0231299
0.023032
0.0229279
0.0228178
0.0227018
0.0225797
0.0224518
0.0223182
0.0221786
0.0220334
0.0218828
0.0217266
0.0215649
0.0213978
0.0212255
0.0210482
0.0208658
0.0206787
0.0204869
0.0202905
0.0200897
0.0198846
0.0196754
0.0194621
0.0192449
0.0190241
0.0187997
0.0185719
0.018341
0.0181072
0.0178706
0.0176315
0.0173902
0.0171468
0.0169017
0.0166551
0.0164073
0.0161586
0.0159094
0.0156599
0.0154106
0.0151619
0.014914
0.0146674
0.0144225
0.0141799
0.0139399
0.013703
0.0134698
0.0132407
0.0130165
0.0127976
0.0125846
0.0123783
0.0121792
0.0119881
0.0118056
0.0116325
0.0114695
0.0113172
0.0111765
0.011048
0.0109323
0.0108302
0.0107421
0.0106687
0.0106104
0.0105676
0.0105407
0.0105298
0.0105352
0.0105569
0.0105948
0.0106488
0.0107186
0.010804
0.0109045
0.0110196
0.0111488
0.0112915
0.0114471
0.0116149
0.0117941
0.0119841
0.0121841
0.0123935
0.0126114
0.0128373
0.0130703
0.0133098
0.0135552
0.0138058
0.0140609
0.01432
0.0145825
0.0148479
0.0151155
0.0153849
0.0156557
0.0159272
0.0161992
0.0164711
0.0167425
0.017013
0.0172823
0.01755
0.0178157
0.0180792
0.01834
0.0185978
0.0188525
0.0191036
0.019351
0.0195943
0.0198334
0.0200679
0.0202977
0.0205226
0.0207423
0.0209567
0.0211655
0.0213687
0.021566
0.0217572
0.0219423
0.0221212
0.0222936
0.0224594
0.0226186
0.0227711
0.0229167
0.0230554
0.0231871
0.0233117
0.0234292
0.0235395
0.0236425
0.0237383
0.0238268
0.0239079
0.0239816
0.024048
0.024107
0.0241585
0.0242027
0.0242394
0.0242688
0.0242908
0.0243054
0.0243127
0.0243126
0.0243053
0.0242907
0.0242688
0.0242398
0.0242035
0.0241602
0.0241098
0.0240523
0.0239879
0.0239166
0.0238383
0.0237532
0.0236614
0.0235628
0.0234576
0.0233458
0.0232274
0.0231026
0.0229714
0.0228339
0.0226901
0.0225401
0.0223841
0.022222
0.0220539
0.02188
0.0217004
0.0215151
0.0213242
0.0211278
0.0209261
0.0207191
0.020507
0.0202898
0.0200677
0.0198409
0.0196094
0.0193733
0.019133
0.0188884
0.0186398
0.0183873
0.018131
0.0178713
0.0176082
0.017342
0.0170728
0.0168009
0.0165266
0.01625
0.0159714
0.0156911
0.0154094
0.0151266
0.0148429
0.0145588
0.0142745
0.0139906
0.0137072
0.013425
0.0131444
0.0128657
0.0125897
0.0123167
0.0120474
0.0117824
0.0115225
0.0112682
0.0110203
0.0107797
0.0105471
0.0103235
0.0101096
0.00990655
0.00971519
0.00953651
0.0093715
0.0092211
0.00908625
0.00896784
0.00886668
0.0087835
0.00871892
0.00867343
0.00864738
0.00864096
0.00865421
0.00868699
0.00873902
0.00880985
0.00889891
0.00900551
0.00912884
0.00926803
0.00942215
0.00959023
0.00977127
0.00996427
0.0101683
0.0103822
0.0106053
0.0108365
0.0110749
0.0113198
0.0115704
0.0118258
0.0120854
0.0123486
0.0126147
0.012883
0.0131531
0.0134244
0.0136964
0.0139688
0.0142412
0.014513
0.0147839
0.0150536
0.0153217
0.0155879
0.0158519
0.0161134
0.0163722
0.016628
0.0168807
0.0171299
0.0173756
0.0176175
0.0178555
0.0180894
0.018319
0.0185442
0.0187649
0.0189809
0.0191921
0.0193985
0.0195998
0.019796
0.019987
0.0201727
0.020353
0.0205279
0.0206973
0.020861
0.0210192
0.0211716
0.0213183
0.0214592
0.0215942
0.0217233
0.0218465
0.0219637
0.0220749
0.0221801
0.0222793
0.0223723
0.0224593
0.0225402
0.0226149
0.0226835
0.022746
0.0228023
0.0228525
0.0228965
0.0229344
0.0229662
0.0229918
0.0230113
0.0230248
0.0230321
0.0230334
0.0230287
0.0230179
0.0230012
0.0229785
0.0229498
0.0229153
0.022875
0.0228288
0.0227769
0.0227192
0.0226559
0.022587
0.0225126
0.0224326
0.0223473
0.0222565
0.0221606
0.0220594
0.0219531
0.0218417
0.0217254
0.0216043
0.0214784
0.0213479
0.0212127
0.0210732
0.0209293
0.0207812
0.020629
0.0204728
0.0203128
0.020149
0.0199817
0.019811
0.019637
0.0194598
0.0192797
0.0190968
0.0189113
0.0187233
0.018533
0.0183407
0.0181465
0.0179507
0.0177533
0.0175548
0.0173552
0.0171549
0.0169541
0.0167529
0.0165518
0.016351
0.0161506
0.0159511
0.0157528
0.0155558
0.0153607
0.0151676
0.0149769
0.0147889
0.0146041
0.0144228
0.0142452
0.0140719
0.0139032
0.0137394
0.0135809
0.0134282
0.0132816
0.0131415
0.0130083
0.0128823
0.0127639
0.0126534
0.0125511
0.0124574
0.0123725
0.0122967
0.0122303
0.0121733
0.012126
0.0120885
0.0120608
0.0120431
0.0120353
0.0120374
0.0120492
0.0120708
0.0121019
0.0121423
0.0121919
0.0122503
0.0123172
0.0123924
0.0124756
0.0125663
0.0126642
0.0127689
0.01288
0.0129971
0.0131198
0.0132477
0.0133804
0.0135175
0.0136585
0.0138031
0.0139508
0.0141014
0.0142544
0.0144094
0.0145661
0.0147242
0.0148833
0.0150432
0.0152034
0.0153637
0.0155239
0.0156836
0.0158425
0.0160006
0.0161574
0.0163127
0.0164665
0.0166183
0.0167682
0.0169157
0.0170609
0.0172034
0.0173433
0.0174802
0.0176141
0.0177448
0.0178722
0.0179962
0.0181166
0.0182334
0.0183465
0.0184558
0.0185611
0.0186625
0.0187598
0.018853
0.018942
0.0190268
0.0191073
0.0191834
0.0192551
0.0193223
0.019385
0.0194433
0.0194973
0.0195467
0.0195917
0.0196322
0.0196683
0.0196998
0.0197269
0.0197495
0.0197677
0.0197815
0.0197909
0.0197959
0.0197966
0.019793
0.0197851
0.0197731
0.0197569
0.0197367
0.0197124
0.0196841
0.019652
0.019616
0.0195762
0.0195327
0.0194857
0.0194351
0.0193811
0.0193237
0.0192632
0.0191995
0.0191327
0.0190631
0.0189906
0.0189155
0.0188378
0.0187576
0.0186752
0.0185906
0.0185039
0.0184153
0.018325
0.0182331
0.0181398
0.0180451
0.0179493
0.0178526
0.017755
0.0176567
0.017558
0.017459
0.0173598
0.0172606
0.0171617
0.0170631
0.0169651
0.0168678
0.0167715
0.0166763
0.0165824
0.01649
0.0163992
0.0163103
0.0162234
0.0161387
0.0160563
0.0159765
0.0158994
0.0158252
0.015754
0.015686
0.0156213
0.0155601
0.0155025
0.0154486
0.0153986
0.0153525
0.0153105
0.0152726
0.015239
0.0152097
0.0151847
0.0151641
0.015148
0.0151364
0.0151292
0.0151264
0.0151282
0.0151343
0.0151448
0.0151597
0.0151789
0.0152023
0.0152298
0.0152613
0.0152968
0.0153361
0.0153791
0.0154257
0.0154757
0.0155291
0.0155856
0.015645
0.0157074
0.0157723
0.0158398
0.0159096
0.0159816
0.0160556
0.0161313
0.0162087
0.0162875
0.0163676
0.0164488
0.0165308
0.0166136
0.016697
0.0167807
0.0168646
0.0169485
0.0170323
0.0171158
0.0171988
0.0172811
0.0173627
0.0174433
0.0175228
0.0176011
0.0176779
0.0177532
0.0178269
0.0178987
0.0179686
0.0180364
0.018102
0.0181653
0.0182262
0.0182845
0.0183402
0.0183932
0.0184433
0.0184905
0.0185347
0.0185758
0.0186136
0.0186483
0.0186795
0.0187074
0.0187317
0.0187526
0.0187698
0.0187835
0.0187934
0.0187996
0.018802
0.0188007
0.0187955
0.0187865
0.0187736
0.0187568
0.0187362
0.0187116
0.0186832
0.0186509
0.0186147
0.0185747
0.0185309
0.0184832
0.0184318
0.0183766
0.0183178
0.0182553
0.0181892
0.0181195
0.0180465
0.01797
0.0178902
0.0178072
0.017721
0.0176318
0.0175396
0.0174446
0.0173469
0.0172465
0.0171437
0.0170386
0.0169312
0.0168218
0.0167104
0.0165973
0.0164827
0.0163666
0.0162493
0.0161309
0.0160117
0.0158919
0.0157716
0.015651
0.0155304
0.01541
0.01529
0.0151707
0.0150522
0.0149349
0.0148189
0.0147046
0.0145921
0.0144817
0.0143738
0.0142684
0.0141659
0.0140666
0.0139707
0.0138785
0.0137901
0.0137059
0.0136261
0.013551
0.0134807
0.0134155
0.0133556
0.0133011
0.0132524
0.0132095
0.0131726
0.0131418
0.0131173
0.0130993
0.0130876
0.0130825
0.013084
0.0130922
0.0131069
0.0131283
0.0131563
0.0131908
0.0132317
0.0132791
0.0133327
0.0133925
0.0134583
0.01353
0.0136074
0.0136902
0.0137784
0.0138718
0.01397
0.0140729
0.0141802
0.0142918
0.0144074
0.0145266
0.0146494
0.0147755
0.0149045
0.0150362
0.0151705
0.015307
0.0154455
0.0155857
0.0157274
0.0158704
0.0160144
0.0161593
0.0163046
0.0164503
0.0165962
0.0167419
0.0168872
0.0170321
0.0171762
0.0173193
0.0174614
0.017602
0.0177412
0.0178786
0.0180141
0.0181476
0.0182789
0.0184077
0.018534
0.0186576
0.0187783
0.0188959
0.0190104
0.0191216
0.0192294
0.0193336
0.0194341
0.0195308
0.0196235
0.0197122
0.0197968
0.019877
0.0199529
0.0200243
0.0200912
0.0201534
0.0202109
0.0202636
0.0203114
0.0203542
0.020392
0.0204246
0.0204522
0.0204745
0.0204915
0.0205032
0.0205096
0.0205106
0.0205061
0.0204961
0.0204807
0.0204597
0.0204332
0.0204011
0.0203635
0.0203203
0.0202715
0.0202171
0.0201572
0.0200916
0.0200206
0.019944
0.0198618
0.0197742
0.0196812
0.0195827
0.0194788
0.0193696
0.0192551
0.0191354
0.0190105
0.0188804
0.0187453
0.0186052
0.0184603
0.0183104
0.0181559
0.0179966
0.0178328
0.0176646
0.017492
0.0173151
0.0171341
0.0169491
0.0167602
0.0165676
0.0163714
0.0161717
0.0159687
0.0157625
0.0155534
0.0153415
0.0151269
0.01491
0.0146908
0.0144696
0.0142466
0.0140221
0.0137963
0.0135694
0.0133418
0.0131137
0.0128854
0.0126572
0.0124295
0.0122027
0.011977
0.0117529
0.0115309
0.0113112
0.0110945
0.0108812
0.0106718
0.0104668
0.0102668
0.0100725
0.0098843
0.00970296
0.00952913
0.00936346
0.00920665
0.00905939
0.00892236
0.00879625
0.00868174
0.00857946
0.00849001
0.00841395
0.00835176
0.00830387
0.00827062
0.00825225
0.0082489
0.00826065
0.00828742
0.00832907
0.00838535
0.00845592
0.00854037
0.00863822
0.0087489
0.00887184
0.00900639
0.00915191
0.00930772
0.00947315
0.0096475
0.00983012
0.0100203
0.0102175
0.0104211
0.0106303
0.0108448
0.0110639
0.011287
0.0115138
0.0117436
0.0119762
0.0122109
0.0124475
0.0126855
0.0129247
0.0131645
0.0134047
0.013645
0.013885
0.0141246
0.0143634
0.0146011
0.0148375
0.0150724
0.0153056
0.0155368
0.0157658
0.0159924
0.0162164
0.0164377
0.0166561
0.0168713
0.0170833
0.0172919
0.0174968
0.017698
0.0178953
0.0180887
0.0182779
0.0184629
0.0186434
0.0188195
0.0189908
0.0191574
0.0193191
0.0194759
0.0196275
0.019774
0.0199152
0.0200511
0.0201816
0.0203065
0.0204259
0.0205396
0.0206476
0.0207498
0.0208462
0.0209366
0.021021
0.0210994
0.0211716
0.0212377
0.0212976
0.0213513
0.0213987
0.0214398
0.0214746
0.021503
0.021525
0.0215406
0.0215497
0.0215525
0.0215488
0.0215386
0.021522
0.021499
0.0214695
0.0214336
0.0213912
0.0213425
0.0212874
0.0212259
0.021158
0.0210839
0.0210034
0.0209168
0.020824
0.020725
0.0206199
0.0205088
0.0203917
0.0202686
0.0201397
0.0200051
0.0198646
0.0197186
0.019567
0.0194098
0.0192473
0.0190795
0.0189064
0.0187282
0.0185449
0.0183568
0.0181638
0.0179661
0.0177638
0.0175571
0.017346
0.0171307
0.0169114
0.0166881
0.016461
0.0162303
0.0159961
0.0157586
0.0155179
0.0152743
0.0150279
0.0147789
0.0145275
0.014274
0.0140184
0.0137612
0.0135025
0.0132425
0.0129816
0.01272
0.012458
0.012196
0.0119343
0.0116732
0.0114132
0.0111547
0.010898
0.0106437
0.0103923
0.0101442
0.00990019
0.00966075
0.00942655
0.0091983
0.00897674
0.00876265
0.00855687
0.00836024
0.00817368
0.0079981
0.00783447
0.00768371
0.00754679
0.00742461
0.00731804
0.00722788
0.00715483
0.00709948
0.00706228
0.00704354
0.00704337
0.00706176
0.00709849
0.00715319
0.00722534
0.00731431
0.00741932
0.00753955
0.00767408
0.00782196
0.00798223
0.00815391
0.00833605
0.00852771
0.00872798
0.00893599
0.00915092
0.00937198
0.00959843
0.00982957
0.0100648
0.0103034
0.0105449
0.0107887
0.0110343
0.0112813
0.0115292
0.0117777
0.0120263
0.0122746
0.0125224
0.0127694
0.0130151
0.0132594
0.013502
0.0137426
0.0139809
0.0142169
0.0144502
0.0146806
0.0149079
0.0151321
0.0153528
0.0155699
0.0157833
0.0159928
0.0161983
0.0163995
0.0165965
0.016789
0.0169769
0.0171602
0.0173386
0.0175122
0.0176807
0.0178442
0.0180024
0.0181554
0.018303
0.0184451
0.0185818
0.0187128
0.0188382
0.0189579
0.0190718
0.0191799
0.0192821
0.0193784
0.0194687
0.019553
0.0196313
0.0197035
0.0197696
0.0198296
0.0198834
0.019931
0.0199725
0.0200078
0.0200369
0.0200599
0.0200766
0.0200872
0.0200916
0.0200898
0.0200819
0.0200679
0.0200478
0.0200217
0.0199895
0.0199513
0.0199072
0.0198571
0.0198012
0.0197395
0.0196721
0.0195989
0.0195201
0.0194358
0.019346
0.0192508
0.0191502
0.0190444
0.0189335
0.0188175
0.0186965
0.0185707
0.0184401
0.0183049
0.0181652
0.018021
0.0178726
0.0177201
0.0175635
0.0174031
0.0172389
0.0170712
0.0169001
0.0167258
0.0165484
0.0163681
0.0161852
0.0159997
0.0158119
0.0156221
0.0154304
0.015237
0.0150422
0.0148463
0.0146494
0.0144519
0.014254
0.014056
0.0138582
0.0136609
0.0134644
0.0132691
0.0130753
0.0128833
0.0126935
0.0125063
0.0123221
0.0121413
0.0119643
0.0117914
0.0116232
0.0114601
0.0113026
0.011151
0.0110058
0.0108675
0.0107365
0.0106133
0.0104983
0.0103919
0.0102946
0.0102065
0.0101282
0.0100599
0.010002
0.00995447
0.00991769
0.00989174
0.00987671
0.00987263
0.00987947
0.00989717
0.00992558
0.00996455
0.0100138
0.0100732
0.0101423
0.0102208
0.0103084
0.0104046
0.010509
0.0106212
0.0107408
0.0108672
0.0110001
0.0111389
0.0112833
0.0114327
0.0115867
0.0117449
0.0119069
0.0120721
0.0122403
0.012411
0.0125839
0.0127585
0.0129346
0.0131117
0.0132896
0.0134679
0.0136464
0.0138247
0.0140027
0.0141799
0.0143562
0.0145313
0.0147049
0.014877
0.0150471
0.0152153
0.0153811
0.0155445
0.0157053
0.0158634
0.0160184
0.0161704
0.0163191
0.0164643
0.016606
0.016744
0.0168783
0.0170088
0.0171352
0.0172574
0.0173755
0.0174892
0.0175985
0.0177032
0.0178033
0.0178988
0.0179894
0.0180753
0.0181563
0.0182323
0.0183034
0.0183695
0.0184305
0.0184864
0.0185372
0.0185828
0.0186232
0.0186584
0.0186883
0.0187129
0.0187323
0.0187463
0.018755
0.0187584
0.0187565
0.0187493
0.0187368
0.0187189
0.0186959
0.0186675
0.018634
0.0185952
0.0185513
0.0185022
0.0184481
0.0183888
0.0183246
0.0182555
0.0181814
0.0181024
0.0180187
0.0179303
0.0178372
0.0177395
0.0176374
0.0175308
0.0174199
0.0173048
0.0171855
0.0170622
0.0169349
0.0168038
0.016669
0.0165306
0.0163887
0.0162435
0.016095
0.0159435
0.015789
0.0156317
0.0154718
0.0153094
0.0151447
0.0149779
0.0148091
0.0146386
0.0144665
0.014293
0.0141184
0.0139428
0.0137665
0.0135898
0.0134128
0.0132359
0.0130593
0.0128833
0.0127081
0.0125341
0.0123616
0.0121909
0.0120222
0.0118561
0.0116927
0.0115325
0.0113758
0.011223
0.0110744
0.0109306
0.0107918
0.0106585
0.0105311
0.0104099
0.0102954
0.0101879
0.0100879
0.00999564
0.00991154
0.00983591
0.00976904
0.00971122
0.00966268
0.00962362
0.00959421
0.00957458
0.0095648
0.00956491
0.00957491
0.00959473
0.00962429
0.00966343
0.00971199
0.00976974
0.00983644
0.00991179
0.00999549
0.0100872
0.0101866
0.0102932
0.0104068
0.0105269
0.0106531
0.0107851
0.0109224
0.0110646
0.0112113
0.0113622
0.0115169
0.011675
0.0118361
0.0119998
0.012166
0.0123341
0.0125039
0.0126751
0.0128474
0.0130204
0.013194
0.0133678
0.0135416
0.0137151
0.0138881
0.0140604
0.0142317
0.0144019
0.0145707
0.0147379
0.0149034
0.0150669
0.0152283
0.0153874
0.0155441
0.0156982
0.0158496
0.0159981
0.0161435
0.0162858
0.0164248
0.0165605
0.0166925
0.016821
0.0169457
0.0170666
0.0171836
0.0172965
0.0174052
0.0175098
0.0176101
0.017706
0.0177974
0.0178843
0.0179667
0.0180444
0.0181174
0.0181856
0.018249
0.0183076
0.0183612
0.0184099
0.0184536
0.0184923
0.0185259
0.0185545
0.018578
0.0185963
0.0186095
0.0186175
0.0186204
0.0186181
0.0186106
0.018598
0.0185802
0.0185572
0.018529
0.0184957
0.0184573
0.0184138
0.0183652
0.0183116
0.0182529
0.0181892
