
Primal Residual: 
841.494
44.7886
42.7732
6.1082
6.05666
4.94915
4.03824
3.61133
3.25763
2.85444
2.52583
2.33993
2.22767
2.09256
1.90433
1.6949
1.51251
1.3847
1.3037
1.2428
1.18874
1.14275
1.10844
1.08203
1.05351
1.0135
0.95858
0.892468
0.823952
0.763536
0.720868
0.698116
0.690133
0.687681
0.681268
0.664346
0.636352
0.602015
0.56897
0.541969
0.523268
0.512947
0.50675
0.500366
0.491499
0.479858
0.466323
0.451996
0.437632
0.423384
0.40791
0.391904
0.377403
0.366847
0.362151
0.363165
0.367398
0.370826
0.371381
0.367685
0.359537
0.347519
0.332709
0.31663
0.301162
0.288454
0.278526
0.270915
0.265781
0.262878
0.26138
0.260448
0.259779
0.259342
0.259266
0.259937
0.261492
0.26381
0.266618
0.269727
0.273157
0.277059
0.281602
0.28684
0.292628
0.298466
0.303661
0.307399
0.30888
0.307476
0.302847
0.295031
0.284439
0.27182
0.258113
0.244891
0.233431
0.224649
0.218954
0.216168
0.215648
0.216524
0.217936
0.219192
0.219888
0.219904
0.219356
0.218512
0.217688
0.217154
0.217055
0.217379
0.217976
0.218582
0.21889
0.218673
0.217819
0.216356
0.214424
0.212279
0.210216
0.208543
0.207544
0.207437
0.208336
0.210239
0.213031
0.216499
0.22037
0.22435
0.228153
0.231528
0.234274
0.236247
0.237368
0.237616
0.237022
0.235661
0.233635
0.23106
0.228051
0.224708
0.221106
0.217294
0.213292
0.209105
0.204703
0.200137
0.195344
0.190307
0.185122
0.179969
0.175062
0.170619
0.166844
0.163926
0.161986
0.161156
0.16148
0.162911
0.165302
0.168496
0.172286
0.176433
0.180704
0.184895
0.188838
0.192398
0.195473
0.198
0.199939
0.201277
0.202029
0.202234
0.201947
0.201235
0.200174
0.19884
0.19731
0.195657
0.193943
0.192222
0.190532
0.18884
0.187183
0.185576
0.18403
0.182544
0.181104
0.17969
0.178293
0.17691
0.17555
0.174222
0.17294
0.171706
0.170528
0.169425
0.168404
0.167445
0.166543
0.165691
0.164889
0.164134
0.163421
0.162742
0.162087
0.161448
0.160819
0.1602
0.159594
0.159007
0.158445
0.157913
0.157413
0.156944
0.156504
0.156086
0.155683
0.155287
0.154889
0.154481
0.154055
0.153603
0.153121
0.152604
0.15205
0.151461
0.150841
0.150199
0.149545
0.148873
0.148224
0.147562
0.146906
0.146308
0.145803
0.145356
0.144945
0.144574
0.144247
0.144058
0.144029
0.144154
0.144432
0.144852
0.145393
0.146024
0.146714
0.14743
0.148146
0.148835
0.149475
0.15005
0.150545
0.150946
0.151227
0.151358
0.151321
0.151102
0.150688
0.150073
0.149258
0.148247
0.147046
0.145669
0.144123
0.142416
0.140561
0.13858
0.136496
0.134333
0.132118
0.129878
0.127641
0.125438
0.123304
0.121231
0.11926
0.117432
0.1158
0.114412
0.113305
0.112508
0.112047
0.111946
0.112224
0.112892
0.11395
0.115376
0.117149
0.11924
0.121609
0.124205
0.126971
0.129846
0.132768
0.135679
0.138517
0.14122
0.143737
0.146019
0.14802
0.1497
0.151027
0.151979
0.152539
0.152702
0.152467
0.151844
0.150846
0.149495
0.14782
0.145854
0.143634
0.1412
0.138599
0.13588
0.133093
0.130291
0.127523
0.124839
0.12228
0.119886
0.117688
0.115713
0.11398
0.112502
0.111288
0.110342
0.109664
0.10925
0.109096
0.109194
0.109533
0.110107
0.110901
0.111893
0.113054
0.114356
0.115772
0.117267
0.118797
0.12032
0.121797
0.12319
0.124466
0.125588
0.126525
0.127246
0.127726
0.127942
0.12788
0.12753
0.126889
0.125959
0.124751
0.12328
0.121568
0.119642
0.11754
0.115301
0.112972
0.1106
0.108239
0.105946
0.103779
0.101796
0.100053
0.0986011
0.0974855
0.0967403
0.0963884
0.0964385
0.096885
0.0977073
0.0988715
0.100332
0.102014
0.103867
0.10584
0.107867
0.109887
0.111841
0.113678
0.11535
0.116819
0.118049
0.119
0.119648
0.119974
0.119959
0.119589
0.118867
0.117795
0.116381
0.114638
0.112585
0.110249
0.107659
0.104855
0.10188
0.098784
0.0956212
0.0924522
0.0893514
0.0863995
0.0836439
0.0811573
0.0790046
0.0772407
0.0759133
0.0750597
0.0747014
0.074842
0.0754665
0.0765416
0.0780186
0.0798366
0.0819291
0.0842255
0.086658
0.0891667
0.0916993
0.094211
0.0966628
0.0990205
0.101254
0.103338
0.10525
0.106972
0.108488
0.109788
0.110862
0.111706
0.112317
0.112696
0.112846
0.112775
0.112489
0.112001
0.111322
0.110468
0.109462
0.108315
0.10704
0.105659
0.104203
0.102703
0.101194
0.0997087
0.0982784
0.0969357
0.0957105
0.0946292
0.0937146
0.0929854
0.0924549
0.0921304
0.0920152
0.0921074
0.0923998
0.0928792
0.0935274
0.0943219
0.0952376
0.0962471
0.0973225
0.0984358
0.0995601
0.10067
0.101743
0.102757
0.103694
0.104538
0.105276
0.105897
0.106394
0.10676
0.106992
0.107089
0.107051
0.106881
0.106584
0.106167
0.105636
0.105
0.104271
0.103457
0.102571
0.101624
0.100627
0.0995922
0.0985319
0.0974574
0.0963802
0.0953113
0.0942615
0.0932404
0.0922652
0.0913192
0.090409
0.0895445
0.0887331
0.0879759
0.0872712
0.0866204
0.0860297
0.0855075
0.0850611
0.0846949
0.0844104
0.0842073
0.0840845
0.0840402
0.084072
0.0841758
0.0843458
0.0845745
0.0848522
0.0851682
0.0855109
0.0858684
0.0862289
0.0865812
0.0869147
0.0872146
0.0874672
0.0876616
0.087788
0.0878389
0.0878084
0.0876921
0.087487
0.0871913
0.0868047
0.0863292
0.0857685
0.0851287
0.0844183
0.0836477
0.0828294
0.0819773
0.0811064
0.0802327
0.0793722
0.0785406
0.077753
0.0770231
0.0763628
0.0757818
0.0752875
0.0748845
0.0745747
0.0743575
0.0742295
0.0741851
0.0742166
0.0743147
0.0744687
0.074667
0.0748974
0.0751476
0.0754053
0.0756587
0.075897
0.0761099
0.0762885
0.076425
0.0765132
0.076548
0.076526
0.0764449
0.0763043
0.0761048
0.0758484
0.0755387
0.0751802
0.0747787
0.0743413
0.0738759
0.0733914
0.0728976
0.0724049
0.0719243
0.071467
0.071044
0.0706663
0.0703442
0.070087
0.0699028
0.0697982
0.0697776
0.0698439
0.0699975
0.0702368
0.0705579
0.070955
0.0714207
0.0719457
0.0725199
0.0731321
0.0737706
0.0744235
0.075068
0.0756915
0.0762826
0.0768299
0.0773236
0.0777625
0.0781449
0.0784675
0.0787281
0.0789263
0.0790626
0.0791381
0.0791543
0.0791139
0.0790204
0.078879
0.0786958
0.0784782
0.0782349
0.0779749
0.077708
0.0774441
0.0771928
0.0769634
0.0767644
0.0766035
0.0764872
0.0764208
0.0764083
0.0764526
0.0765551
0.076716
0.0769341
0.0772067
0.0775294
0.0778965
0.078301
0.0787345
0.0791879
0.0796516
0.0801158
0.0805708
0.0810069
0.0814151
0.081787
0.0821147
0.0823835
0.0825857
0.0827261
0.0828004
0.0828066
0.082744
0.0826132
0.0824096
0.0821346
0.0817911
0.0813818
0.0809096
0.0803785
0.0797939
0.0791625
0.078492
0.0777905
0.077067
0.0763303
0.0755894
0.0748533
0.0741304
0.0734291
0.072757
0.0721212
0.0715278
0.0709821
0.0704885
0.0700601
0.0696896
0.0693669
0.0690865
0.0688461
0.0686436
0.0684763
0.0683401
0.0682294
0.0681374
0.0680563
0.0679777
0.0678934
0.0677953
0.0676762
0.0675298
0.0673497
0.0671315
0.0668716
0.066568
0.0662197
0.0658268
0.0653905
0.0649128
0.0643969
0.0638467
0.0632674
0.0626649
0.0620463
0.0614194
0.0607927
0.060175
0.0595755
0.0590031
0.0584666
0.0579744
0.0575343
0.0571536
0.0568387
0.0565937
0.0564233
0.0563304
0.0563159
0.056379
0.056517
0.0567261
0.0570011
0.0573357
0.0577229
0.0581551
0.0586242
0.0591222
0.0596408
0.0601717
0.0607067
0.0612381
0.0617582
0.0622602
0.0627375
0.0631845
0.0635961
0.0639679
0.0642966
0.0645792
0.0648139
0.0649994
0.065135
0.0652211
0.0652584
0.0652483
0.065193
0.0650951
0.0649576
0.0647843
0.0645789
0.0643459
0.0640898
0.0638152
0.0635272
0.0632305
0.0629302
0.0626309
0.0623374
0.0620572
0.0617903
0.0615399
0.0613101
0.0611036
0.0609227
0.060769
0.0606435
0.0605466
0.060479
0.0604405
0.0604309
0.0604496
0.0604956
0.0605674
0.0606636
0.0607823
0.0609224
0.0610811
0.0612545
0.0614394
0.0616332
0.0618342
0.0620406
0.0622509
0.0624639
0.0626782
0.062893
0.0631074
0.063321
0.0635333
0.0637443
0.0639539
0.0641623
0.0643698
0.0645768
0.0647837
0.0649909
0.0651987
0.0654076
0.0656166
0.0658269
0.0660385
0.0662512
0.0664649
0.0666795
0.066895
0.0671114
0.0673284
0.0675456
0.0677625
0.0679783
0.0681918
0.0684017
0.0686064
0.0688041
0.0689927
0.0691699
0.0693332
0.06948
0.0696073
0.0697131
0.0697952
0.0698499
0.0698729
0.0698608
0.0698111
0.0697223
0.0695931
0.0694223
0.0692089
0.0689518
0.0686503
0.0683041
0.0679132
0.0674782
0.0670002
0.0664809
0.0659222
0.065327
0.0646982
0.0640394
0.0633545
0.0626478
0.0619238
0.0611873
0.0604435
0.0596977
0.0589551
0.0582214
0.0575019
0.0568019
0.0561265
0.0554806
0.0548687
0.0542945
0.0537617
0.0532729
0.0528301
0.0524347
0.0520874
0.0517878
0.0515352
0.0513279
0.0511637
0.0510398
0.0509528
0.0508991
0.0508745
0.0508749
0.050896
0.0509333
0.0509827
0.05104
0.0511012
0.0511628
0.0512214
0.0512741
0.0513185
0.0513523
0.0513741
0.0513825
0.0513769
0.0513571
0.0513231
0.0512757
0.0512159
0.0511451
0.0510652
0.0509782
0.0508866
0.0507931
0.0507004
0.0506114
0.0505291
0.0504564
0.0503961
0.050351
0.0503235
0.0503156
0.0503292
0.0503656
0.0504258
0.0505103
0.0506191
0.0507516
0.050907
0.0510839
0.0512805
0.0514947
0.0517241
0.051966
0.0522177
0.0524762
0.0527386
0.0530018
0.0532631
0.0535196
0.0537689
0.0540086
0.0542366
0.054451
0.0546505
0.0548337
0.055
0.0551486
0.0552795
0.0553927
0.0554888
0.0555683
0.0556322
0.0556819
0.0557186
0.055744
0.0557598
0.0557678
0.0557701
0.0557684
0.0557647
0.0557609
0.0557589
0.0557602
0.0557664
0.055779
0.0557991
0.0558278
0.0558658
0.0559138
0.0559721
0.0560409
0.0561202
0.0562095
0.0563096
0.0564211
0.0565418
0.056669
0.0568011
0.0569375
0.0570777
0.0572209
0.0573662
0.0575127
0.0576595
0.0578056
0.05795
0.0580918
0.0582301
0.058364
0.0584924
0.0586144
0.0587291
0.0588355
0.0589326
0.0590196
0.0590957
0.0591599
0.0592116
0.05925
0.0592743
0.059284
0.0592783
0.0592567
0.0592186
0.0591634
0.0590905
0.0589992
0.058889
0.0587592
0.0586093
0.0584392
0.0582482
0.0580361
0.0578025
0.0575475
0.0572709
0.0569729
0.0566537
0.0563136
0.0559533
0.0555735
0.0551749
0.0547584
0.054325
0.0538755
0.0534115
0.0529343
0.052445
0.0519449
0.0514354
0.050918
0.0503943
0.0498662
0.0493354
0.0488039
0.0482736
0.0477466
0.0472248
0.0467102
0.0462049
0.0457106
0.0452293
0.0447627
0.0443125
0.0438804
0.0434677
0.0430757
0.0427055
0.0423585
0.0420355
0.0417375
0.041465
0.0412188
0.040999
0.0408059
0.0406396
0.0404999
0.0403867
0.0402995
0.0402378
0.040201
0.0401883
0.0401988
0.0402315
0.0402853
0.0403589
0.0404512
0.0405607
0.040686
0.0408258
0.0409786
0.0411429
0.0413172
0.0415
0.0416899
0.0418854
0.0420851
0.0422877
0.0424918
0.0426961
0.0428996
0.0431012
0.0432997
0.0434943
0.0436842
0.0438687
0.0440471
0.0442189
0.0443836
0.044541
0.0446909
0.0448331
0.0449676
0.0450946
0.0452141
0.0453266
0.0454323
0.0455318
0.0456256
0.0457143
0.0457987
0.0458796
0.0459578
0.0460342
0.0461099
0.0461857
0.0462629
0.0463425
0.0464256
0.0465133
0.0466068
0.0467072
0.0468157
0.0469333
0.047061
0.0472
0.0473511
0.0475152
0.0476932
0.0478857
0.0480933
0.0483166
0.0485559
0.0488114
0.0490833
0.0493708
0.0496704
0.0499837
0.0503113
0.050653
0.0510081
0.0513757
0.0517542
0.0521426
0.0525394
0.0529433
0.0533526
0.0537654
0.0541808
0.0545964
0.0550087
0.0554149
0.0558131
0.0562015
0.0565783
0.0569415
0.0572889
0.0576181
0.0579269
0.058213
0.0584744
0.0587092
0.0589158
0.0590923
0.0592373
0.0593502
0.0594295
0.0594736
0.0594803
0.0594494
0.0593806
0.0592739
0.0591292
0.0589469
0.0587273
0.0584707
0.0581781
0.0578505
0.0574893
0.0570961
0.056673
0.056222
0.0557455
0.055246
0.0547264
0.0541895
0.0536384
0.053076
0.0525055
0.05193
0.0513526
0.0507765
0.0502044
0.0496393
0.0490837
0.0485401
0.0480108
0.0474976
0.0470023
0.0465262
0.0460703
0.0456354
0.0452217
0.0448294
0.0444579
0.0441067
0.0437748
0.0434609
0.0431637
0.0428814
0.0426124
0.0423547
0.0421066
0.0418659
0.0416309
0.0413998
0.0411709
0.0409426
0.0407135
0.0404826
0.0402488
0.0400115
0.0397703
0.039525
0.0392758
0.039023
0.0387673
0.0385096
0.0382509
0.0379926
0.0377362
0.0374833
0.0372355
0.0369948
0.0367629
0.0365417
0.0363104
0.0360713
0.0358274
0.0355843
0.0353421
0.0351105
0.0348987
0.0347105
0.034547
0.0344094
0.0342981
0.0342131
0.0341535
0.034118
0.0341047
0.0341113
0.0341356
0.0341753
0.0342296
0.0342914
0.03436
0.0344347
0.0345153
0.0346025
0.0346964
0.0347966
0.0349026
0.0350135
0.0351288
0.0352481
0.0353712
0.0354982
0.0356297
0.0357667
0.03591
0.0360611
0.0362209
0.0363906
0.0365709
0.0367628
0.0369668
0.0371838
0.0374147
0.0376606
0.0379226
0.038202
0.0385001
0.0388178
0.0391557
0.0395144
0.0398935
0.0402927
0.0407109
0.0411466
0.0415983
0.0420637
0.0425408
0.0430272
0.0435205
0.0440184
0.0445187
0.0450192
0.0455179
0.0460129
0.0465023
0.046984
0.0474564
0.0479174
0.0483653
0.0487981
0.0492143
0.0496122
0.0499904
0.0503473
0.0506819
0.0509933
0.0512809
0.0515442
0.0517828
0.0519965
0.0521852
0.0523489
0.0524878
0.0526021
0.0526922
0.0527586
0.052802
0.052823
0.0528225
0.0528015
0.0527609
0.0527016
0.0526248
0.0525315
0.0524228
0.0522996
0.0521629
0.0520138
0.0518531
0.0516815
0.0514999
0.0513088
0.0511088
0.0509004
0.0506839
0.0504596
0.0502277
0.0499884
0.0497416
0.0494873
0.0492255
0.048956
0.0486785
0.048393
0.0480991
0.0477965
0.047485
0.0471642
0.046834
0.0464936
0.0461456
0.0457876
0.045416
0.0450304
0.0446314
0.0442205
0.043799
0.043368
0.0429286
0.0424818
0.0420286
0.0415697
0.0411062
0.040639
0.0401694
0.0396986
0.0392281
0.0387596
0.0382948
0.0378354
0.0373832
0.0369399
0.0365072
0.0360864
0.035679
0.0352863
0.0349093
0.0345493
0.0342073
0.0338844
0.0335813
0.0332984
0.0330365
0.0327958
0.0325763
0.0323776
0.0321996
0.0320414
0.0319027
0.0317826
0.0316803
0.0315948
0.0315253
0.0314704
0.0314289
0.0313996
0.0313811
0.0313721
0.0313714
0.0313778
0.0313904
0.0314081
0.0314302
0.031456
0.0314849
0.0315163
0.03155
0.0315856
0.0316231
0.0316624
0.0317037
0.0317471
0.0317931
0.031842
0.0318944
0.0319507
0.0320117
0.0320779
0.0321502
0.0322292
0.0323156
0.0324103
0.0325138
0.0326268
0.03275
0.0328838
0.0330288
0.0331853
0.0333536
0.033534
0.0337266
0.0339313
0.0341481
0.0343767
0.034617
0.0348686
0.0351306
0.0354001
0.0356754
0.0359583
0.0362494
0.0365482
0.0368539
0.0371655
0.0374818
0.0378017
0.0381243
0.0384488
0.038774
0.0390994
0.039424
0.0397473
0.0400688
0.0403878
0.0407038
0.0410163
0.0413247
0.0416285
0.0419272
0.0422203
0.0425072
0.0427876
0.043061
0.0433271
0.0435855
0.043836
0.0440785
0.0443127
0.0445384
0.0447556
0.044964
0.0451637
0.0453544
0.0455361
0.0457086
0.045872
0.0460262
0.0461713
0.0463071
0.0464337
0.0465512
0.0466596
0.0467589
0.0468492
0.0469303
0.0470023
0.0470652
0.0471186
0.0471626
0.0471968
0.047221
0.0472349
0.0472381
0.0472302
0.047211
0.0471801
0.0471372
0.0470819
0.047014
0.0469331
0.0468389
0.046731
0.0466094
0.0464736
0.0463236
0.0461592
0.0459803
0.0457868
0.0455787
0.0453562
0.0451194
0.0448684
0.0446037
0.0443255
0.0440342
0.0437305
0.0434148
0.0430879
0.0427505
0.0424034
0.0420475
0.0416837
0.041313
0.0409365
0.0405552
0.0401703
0.0397828
0.0393941
0.0390051
0.0386172
0.0382315
0.0378491
0.0374712
0.0370987
0.0367328
0.0363744
0.0360244
0.0356835
0.0353526
0.0350322
0.034723
0.0344254
0.0341396
0.0338661
0.0336051
0.0333565
0.0331204
0.0328967
0.0326854
0.0324862
0.0322989
0.0321232
0.0319589
0.0318051
0.0316641
0.0315341
0.0314117
0.0312956
0.0311859
0.0310831
0.0309879
0.0309009
0.0308224
0.0307524
0.0306912
0.0306386
0.0305947
0.0305595
0.0305331
0.0305158
0.0305078
0.0305093
0.0305207
0.0305422
0.0305739
0.0306161
0.0306687
0.0307319
0.0308055
0.0308895
0.0309837
0.0310879
0.0312019
0.0313255
0.0314583
0.0315998
0.0317495
0.0319067
0.0320707
0.0322405
0.0324154
0.0325944
0.0327768
0.0329617
0.0331483
0.0333359
0.0335238
0.0337112
0.033897
0.0340809
0.0342624
0.0344409
0.0346158
0.0347867
0.0349533
0.0351153
0.0352728
0.0354256
0.0355741
0.0357183
0.0358584
0.0359948
0.0361279
0.036258
0.0363857
0.0365115
0.0366361
0.03676
0.036884
0.0370087
0.0371349
0.0372632
0.0373943
0.0375289
0.0376675
0.0378107
0.0379589
0.0381126
0.038272
0.0384373
0.0386087
0.0387862
0.0389698
0.0391592
0.0393542
0.0395544
0.0397593
0.0399684
0.0401809
0.0403963
0.0406136
0.040832
0.0410505
0.0412682
0.041484
0.0416969
0.0419058
0.0421095
0.042307
0.0424971
0.0426788
0.0428509
0.0430124
0.0431623
0.0432995
0.0434228
0.0435313
0.0436243
0.0437008
0.0437599
0.0438009
0.0438235
0.0438275
0.0438124
0.043778
0.0437239
0.04365
0.043556
0.0434418
0.0433073
0.0431526
0.0429776
0.0427825
0.0425675
0.0423329
0.042079
0.0418063
0.0415152
0.0412062
0.04088
0.0405373
0.0401788
0.0398052
0.0394175
0.0390165
0.0386032
0.0381786
0.0377436
0.0372994
0.0368471
0.0363878
0.0359228
0.0354532
0.0349802
0.0345053
0.0340296
0.0335546
0.0330816
0.0326121
0.0321475
0.0316893
0.0312389
0.0307978
0.0303676
0.0299496
0.0295453
0.0291562
0.0287835
0.0284285
0.0280925
0.0277765
0.0274816
0.0272088
0.0269587
0.0267321
0.0265295
0.0263513
0.0261977
0.0260688
0.0259645
0.0258845
0.0258285
0.0257957
0.0257856
0.0257973
0.0258299
0.0258823
0.0259534
0.0260421
0.0261472
0.0262674
0.0264015
0.0265483
0.0267065
0.0268749
0.0270525
0.0272381
0.0274309
0.0276298
0.0278341
0.028043
0.0282558
0.0284721
0.0286913
0.0289131
0.0291371
0.029363
0.0295907
0.0298201
0.0300511
0.0302837
0.0305179
0.0307538
0.0309915
0.0312311
0.0314727
0.0317165
0.0319625
0.0322111
0.0324622
0.032716
0.0329726
0.0332322
0.0334947
0.0337601
0.0340286
0.0343
0.0345743
0.0348513
0.035131
0.035413
0.0356972
0.0359832
0.0362708
0.0365597
0.0368493
0.0371394
0.0374293
0.0377188
0.0380071
0.0382939
0.0385784
0.0388605
0.03914
0.0394159
0.0396868
0.0399519
0.0402108
0.0404631
0.0407087
0.0409472
0.0411782
0.041401
0.0416153
0.0418204
0.0420157
0.042201
0.0423756
0.0425392
0.0426914
0.042832
0.0429606
0.0430771
0.0431812
0.0432727
0.0433517
0.0434178
0.0434711
0.0435115
0.0435389
0.0435535
0.0435551
0.0435439
0.04352
0.0434834
0.0434344
0.0433729
0.0432993
0.0432136
0.0431161
0.043007
0.0428865
0.0427548
0.0426121
0.0424588
0.042295
0.0421211
0.0419373
0.0417439
0.0415411
0.0413292
0.0411084
0.0408791
0.0406415
0.0403957
0.0401422
0.039881
0.0396125
0.0393368
0.0390542
0.0387649
0.0384692
0.0381671
0.0378591
0.0375452
0.0372257
0.0369007
0.0365706
0.0362355
0.0358957
0.0355514
0.0352029
0.0348503
0.0344941
0.0341345
0.0337717
0.0334063
0.0330383
0.0326684
0.0322968
0.0319208
0.0315428
0.0311641
0.0307858
0.0304082
0.0300319
0.0296571
0.0292845
0.0289145
0.0285479
0.0281855
0.0278281
0.0274765
0.0271316
0.0267942
0.0264652
0.0261455
0.025836
0.0255374
0.0252506
0.0249763
0.0247155
0.0244687
0.0242368
0.0240203
0.0238199
0.0236363
0.02347
0.0233216
0.0231916
0.0230804
0.0229883
0.0229155
0.0228621
0.0228281
0.0228134
0.0228177
0.0228407
0.0228821
0.0229414
0.0230182
0.0231119
0.0232219
0.0233477
0.0234886
0.023644
0.0238132
0.0239956
0.0241904
0.0243969
0.0246143
0.0248419
0.0250789
0.0253246
0.0255782
0.025839
0.0261063
0.0263796
0.0266582
0.0269415
0.027229
0.0275201
0.0278145
0.0281117
0.0284113
0.0287129
0.0290222
0.029333
0.0296402
0.0299428
0.0302418
0.0305387
0.0308348
0.0311309
0.0314274
0.0317243
0.0320212
0.0323177
0.032613
0.0329066
0.033198
0.033487
0.0337732
0.0340566
0.0343372
0.0346151
0.0348902
0.0351628
0.0354327
0.0356999
0.0359642
0.0362253
0.036483
0.036737
0.0369871
0.037233
0.0374747
0.0377116
0.0379435
0.0381697
0.0383899
0.0386033
0.0388096
0.0390083
0.0391989
0.0393811
0.0395546
0.039719
0.0398739
0.0400191
0.040154
0.0402781
0.040391
0.0404922
0.0405811
0.0406573
0.0407205
0.0407702
0.0408062
0.0408281
0.0408356
0.0408285
0.0408066
0.0407694
0.040717
0.040649
0.0405654
0.0404661
0.0403511
0.0402203
0.040074
0.0399121
0.0397349
0.0395425
0.0393354
0.0391138
0.038878
0.0386284
0.0383655
0.0380898
0.0378019
0.0375024
0.0371918
0.0368709
0.0365403
0.0362003
0.0358509
0.0354929
0.0351271
0.0347546
0.0343764
0.0339934
0.0336069
0.0332179
0.0328275
0.0324368
0.0320469
0.031659
0.0312742
0.0308935
0.0305181
0.0301491
0.0297875
0.0294343
0.0290906
0.0287572
0.0284349
0.0281245
0.0278267
0.027542
0.0272709
0.0270137
0.0267707
0.026542
0.0263277
0.0261276
0.0259416
0.0257694
0.0256107
0.025465
0.0253319
0.0252107
0.025101
0.0250021
0.0249133
0.024834
0.0247635
0.0247011
0.0246464
0.0245985
0.0245571
0.0245216
0.0244916
0.0244666
0.0244464
0.0244308
0.0244195
0.0244126
0.0244099
0.0244116
0.0244178
0.0244287
0.0244446
0.0244657
0.0244926
0.0245255
0.0245649
0.0246114
0.0246653
0.0247271
0.0247974
0.0248766
0.0249651
0.0250634
0.0251718
0.0252906
0.0254201
0.0255605
0.0257119
0.0258744
0.0260481
0.0262327
0.0264283
0.0266345
0.0268511
0.0270778
0.027314
0.0275595
0.0278136
0.0280758
0.0283456
0.0286223
0.0289053
0.029194
0.0294876
0.0297856
0.0300872
0.0303919
0.0306989
0.0310076
0.0313175
0.0316279
0.0319381
0.0322478
0.0325563
0.032863
0.0331676
0.0334696
0.0337684
0.0340636
0.0343549
0.0346418
0.034924
0.035201
0.0354725
0.0357382
0.0359979
0.0362513
0.0364978
0.036737
0.0369687
0.0371925
0.0374081
0.0376155
0.0378143
0.0380044
0.0381854
0.038357
0.038519
0.0386712
0.0388134
0.0389452
0.0390664
0.039177
0.0392765
0.039365
0.0394422
0.0395079
0.0395621
0.0396046
0.0396353
0.0396541
0.039661
0.0396558
0.0396387
0.0396095
0.0395682
0.039515
0.0394498
0.0393728
0.0392839
0.0391834
0.0390714
0.038948
0.0388134
0.0386678
0.0385114
0.0383446
0.0381674
0.0379802
0.0377834
0.0375771
0.0373618
0.0371377
0.0369052
0.0366647
0.0364165
0.0361611
0.0358987
0.0356298
0.0353548
0.0350741
0.0347881
0.0344972
0.0342018
0.0339024
0.0335993
0.0332931
0.0329842
0.0326729
0.0323597
0.0320451
0.0317294
0.0314133
0.031097
0.0307811
0.030466
0.0301522
0.0298401
0.0295302
0.0292221
0.0289155
0.0286118
0.0283125
0.0280183
0.0277295
0.0274466
0.0271698
0.0268998
0.0266372
0.0263827
0.0261369
0.0259005
0.0256739
0.0254577
0.0252522
0.0250579
0.0248751
0.0247041
0.0245452
0.0243987
0.0242649
0.024144
0.0240362
0.0239417
0.0238607
0.0237932
0.0237393
0.0236989
0.023672
0.0236583
0.0236576
0.0236697
0.0236942
0.0237306
0.0237786
0.0238377
0.0239073
0.0239871
0.0240764
0.0241747
0.0242815
0.0243963
0.0245185
0.0246476
0.0247831
0.0249244
0.025071
0.0252225
0.0253783
0.0255381
0.0257014
0.0258679
0.0260371
0.0262087
0.0263825
0.0265581
0.0267353
0.026914
0.0270938
0.0272747
0.0274564
0.0276389
0.0278221
0.0280058
0.0281901
0.0283748
0.0285599
0.0287453
0.0289311
0.0291173
0.0293038
0.0294905
0.0296776
0.029865
0.0300525
0.0302403
0.0304283
0.0306163
0.030804
0.0309913
0.0311781
0.0313643
0.0315495
0.0317336
0.0319163
0.0320972
0.0322762
0.0324529
0.0326271
0.0327984
0.0329664
0.0331309
0.0332915
0.0334479
0.0335998
0.0337468
0.0338887
0.0340252
0.034156
0.0342809
0.0343996
0.0345119
0.0346176
0.0347165
0.0348084
0.0348932
0.0349706
0.0350405
0.0351028
0.0351574
0.035204
0.0352426
0.0352731
0.0352954
0.0353094
0.0353149
0.035312
0.0353003
0.0352823
0.0352557
0.0352183
0.0351695
0.0351101
0.0350409
0.0349628
0.0348762
0.0347814
0.0346787
0.0345679
0.0344487
0.0343208
0.034184
0.0340381
0.0338833
0.0337195
0.0335471
0.0333663
0.0331776
0.0329813
0.0327776
0.0325671
0.0323498
0.032126
0.0318961
0.0316602
0.0314188
0.0311722
0.0309208
0.030665
0.0304051
0.0301416
0.0298748
0.0296049
0.0293324
0.0290578
0.0287814
0.028504
0.0282261
0.0279484
0.0276716
0.0273962
0.027123
0.0268524
0.026585
0.0263215
0.0260623
0.0258079
0.025559
0.0253161
0.0250798
0.0248508
0.0246296
0.0244167
0.0242128
0.0240182
0.0238334
0.0236589
0.0234951
0.0233423
0.0232009
0.0230712
0.0229535
0.022848
0.0227549
0.0226744
0.0226066
0.0225518
0.02251
0.0224813
0.0224658
0.0224634
0.0224741
0.0224979
0.0225346
0.0225842
0.0226465
0.0227212
0.0228081
0.022907
0.0230176
0.0231395
0.0232725
0.0234161
0.0235698
0.0237334
0.0239064
0.0240882
0.0242785
0.0244768
0.0246825
0.0248952
0.0251145
0.0253396
0.0255703
0.025806
0.0260462
0.0262905
0.0265382
0.0267891
0.0270425
0.0272981
0.0275554
0.0278139
0.0280733
0.0283331
0.0285929
0.0288522
0.0291108
0.0293681
0.0296239
0.0298778
0.0301295
0.0303785
0.0306247
0.0308675
0.0311069
0.0313424
0.0315739
0.031801
0.0320235
0.0322412
0.0324538
0.0326613
0.0328634
0.0330599
0.0332507
0.0334357
0.0336147
0.0337877
0.0339545
0.0341152
0.0342696
0.0344176
0.0345593
0.0346946
0.0348234
0.0349458
0.0350619
0.0351717
0.035275
0.0353717
0.0354616
0.0355448
0.0356215
0.0356916
0.0357551
0.0358122
0.0358626
0.0359065
0.0359438
0.0359743
0.0359981
0.0360151
0.0360251
0.0360282
0.0360243
0.0360133
0.0359951
0.0359696
0.0359374
0.035897
0.0358492
0.0357939
0.0357308
0.0356594
0.0355793
0.0354904
0.0353929
0.0352869
0.0351726
0.0350502
0.0349198
0.0347812
0.0346345
0.0344795
0.034316
0.034144
0.0339632
0.0337738
0.0335757
0.0333688
0.0331534
0.0329296
0.0326975
0.0324573
0.0322092
0.0319535
0.0316905
0.0314204
0.0311435
0.0308601
0.0305706
0.0302752
0.0299744
0.0296684
0.0293577
0.0290427
0.0287237
0.0284014
0.0280761
0.0277484
0.0274189
0.027088
0.0267564
0.0264248
0.0260936
0.0257637
0.0254357
0.0251103
0.0247882
0.0244703
0.0241573
0.02385
0.0235493
0.0232561
0.0229711
0.0226953
0.0224294
0.0221744
0.0219311
0.0217002
0.0214825
0.0212787
0.0210895
0.0209155
0.0207572
0.020615
0.0204894
0.0203807
0.0202892
0.020215
0.0201582
0.0201189
0.0200969
0.0200923
0.0201046
0.0201338
0.0201794
0.020241
0.0203181
0.0204103
0.0205169
0.0206373
0.020771
0.0209172
0.0210752
0.0212444
0.021424
0.0216132
0.0218114
0.0220178
0.0222318
0.0224526
0.0226796
0.0229121
0.0231495
0.0233914
0.023637
0.0238859
0.0241377
0.0243918
0.0246479
0.0249056
0.0251645
0.0254244
0.0256849
0.0259457
0.0262067
0.0264676
0.0267282
0.0269883
0.0272478
0.0275065
0.0277642
0.0280209
0.0282763
0.0285304
0.028783
0.029034
0.0292832
0.0295305
0.0297757
0.0300187
0.0302592
0.0304972
0.0307324
0.0309646
0.0311937
0.0314194
0.0316415
0.0318598
0.032073
0.0322811
0.0324839
0.0326811
0.0328726
0.0330582
0.0332377
0.0334109
0.0335776
0.0337376
0.0338908
0.0340369
0.0341758
0.0343073
0.0344312
0.0345473
0.0346556
0.0347558
0.0348479
0.0349316
0.035007
0.035074
0.0351323
0.035182
0.0352229
0.035255
0.0352781
0.0352922
0.0352972
0.0352931
0.0352797
0.035257
0.0352251
0.0351837
0.035133
0.0350729
0.0350034
0.0349244
0.0348361
0.0347384
0.0346315
0.0345153
0.0343899
0.0342554
0.034112
0.0339597
0.0337988
0.0336294
0.0334516
0.0332657
0.0330719
0.0328705
0.0326616
0.0324456
0.0322228
0.0319933
0.0317577
0.031516
0.0312688
0.0310162
0.0307587
0.0304966
0.0302303
0.02996
0.0296862
0.0294093
0.0291295
0.0288473
0.0285629
0.0282769
0.0279895
0.0277011
0.0274121
0.0271228
0.0268335
0.0265447
0.0262566
0.0259697
0.0256842
0.0254005
0.0251189
0.0248398
0.0245635
0.0242904
0.0240208
0.023755
0.0234934
0.0232364
0.0229843
0.0227374
0.0224963
0.0222613
0.0220327
0.021811
0.0215967
0.0213901
0.0211916
0.0210018
0.0208211
0.0206498
0.0204885
0.0203376
0.0201974
0.0200685
0.0199512
0.0198459
0.0197529
0.0196726
0.0196052
0.019551
0.0195101
0.0194829
0.0194692
0.0194693
0.0194831
0.0195105
0.0195515
0.019606
0.0196737
0.0197543
0.0198476
0.0199533
0.020071
0.0202002
0.0203405
0.0204915
0.0206527
0.0208235
0.0210035
0.0211921
0.0213888
0.0215931
0.0218044
0.0220223
0.0222461
0.0224755
0.0227099
0.0229488
0.0231919
0.0234386
0.0236885
0.0239412
0.0241964
0.0244537
0.0247126
0.024973
0.0252344
0.0254966
0.0257593
0.0260222
0.026285
0.0265476
0.0268095
0.0270707
0.0273309
0.0275899
0.0278475
0.0281035
0.0283576
0.0286098
0.0288599
0.0291076
0.0293526
0.0295946
0.0298335
0.0300687
0.0303002
0.0305279
0.0307519
0.0309718
0.0311873
0.0313979
0.0316035
0.0318037
0.0319987
0.0321882
0.0323722
0.0325507
0.0327235
0.0328903
0.0330508
0.0332048
0.0333519
0.0334919
0.0336244
0.0337492
0.033866
0.0339747
0.034075
0.0341669
0.0342501
0.0343246
0.0343902
0.0344467
0.0344941
0.0345322
0.034561
0.0345803
0.0345901
0.0345902
0.0345807
0.0345615
0.0345325
0.0344937
0.0344451
0.0343867
0.0343186
0.0342407
0.0341532
0.0340562
0.0339496
0.0338338
0.0337087
0.0335745
0.0334314
0.0332796
0.0331194
0.0329508
0.0327743
0.03259
0.0323983
0.0321994
0.0319937
0.0317815
0.0315631
0.031339
0.0311093
0.0308746
0.0306351
0.0303913
0.0301435
0.0298922
0.0296376
0.0293802
0.0291204
0.0288586
0.0285952
0.0283306
0.0280652
0.0277994
0.0275336
0.0272684
0.027004
0.026741
0.0264797
0.0262206
0.0259642
0.0257107
0.0254606
0.0252144
0.0249724
0.0247351
0.0245026
0.0242755
0.0240541
0.0238386
0.0236295
0.0234269
0.0232311
0.0230424
0.0228611
0.0226873
0.0225213
0.0223633
0.0222133
0.0220717
0.0219386
0.021814
0.0216981
0.0215911
0.021493
0.0214039
0.0213239
0.0212531
0.0211916
0.0211393
0.0210964
0.0210629
0.0210388
0.0210241
0.0210189
0.021023
0.0210366
0.0210595
0.0210918
0.0211333
0.0211839
0.0212437
0.0213124
0.02139
0.0214763
0.0215712
0.0216744
0.0217859
0.0219053
0.0220325
0.0221672
0.0223092
0.0224582
0.022614
0.0227762
0.0229445
0.0231184
0.0232967
0.023479
0.023665
0.0238543
0.0240466
0.0242415
0.0244387
0.0246379
0.0248389
0.0250412
0.0252446
0.0254488
0.0256537
0.0258588
0.0260641
0.0262692
0.0264741
0.0266784
0.0268821
0.0270849
0.0272868
0.0274875
0.0276868
0.0278846
0.0280807
0.0282749
0.0284669
0.0286565
0.0288431
0.029025
0.029204
0.0293801
0.029553
0.0297222
0.0298874
0.0300481
0.030204
0.0303547
0.0304994
0.030638
0.0307702
0.0308959
0.0310146
0.0311261
0.0312301
0.0313262
0.0314143
0.031494
0.0315652
0.0316277
0.0316814
0.031726
0.0317615
0.0317877
0.0318046
0.0318119
0.0318097
0.031798
0.0317767
0.0317459
0.0317057
0.0316561
0.0315972
0.0315292
0.0314522
0.0313664
0.031272
0.0311691
0.0310581
0.030939
0.0308123
0.030678
0.0305365
0.0303881
0.0302329
0.0300713
0.0299035
0.0297298
0.0295505
0.0293658
0.0291761
0.0289815
0.0287824
0.0285791
0.0283718
0.0281607
0.0279462
0.0277285
0.0275078
0.0272846
0.0270589
0.0268312
0.0266017
0.0263707
0.0261385
0.0259055
0.025672
0.0254382
0.0252047
0.0249717
0.0247397
0.0245091
0.0242804
0.0240539
0.0238302
0.0236099
0.0233933
0.023181
0.0229737
0.0227701
0.02257
0.0223739
0.0221822
0.0219956
0.0218143
0.0216388
0.0214692
0.0213061
0.0211498
0.0210007
0.0208593
0.0207261
0.0206014
0.0204857
0.0203794
0.0202828
0.0201963
0.0201201
0.0200544
0.0199993
0.0199551
0.0199216
0.0198988
0.0198866
0.0198847
0.019893
0.0199113
0.0199391
0.0199763
0.0200226
0.0200777
0.0201412
0.0202129
0.0202926
0.0203798
0.0204743
0.0205758
0.0206839
0.0207984
0.0209189
0.0210452
0.0211771
0.0213143
0.0214566
0.0216039
0.0217559
0.0219124
0.0220734
0.0222386
0.0224078
0.0225808
0.0227575
0.0229377
0.0231212
0.0233078
0.0234974
0.0236898
0.0238849
0.0240823
0.0242821
0.024484
0.0246878
0.0248934
0.0251005
0.0253089
0.0255185
0.025729
0.0259402
0.0261517
0.0263633
0.0265748
0.0267859
0.0269964
0.0272059
0.027414
0.0276202
0.0278236
0.0280243
0.0282224
0.0284176
0.0286096
0.028798
0.0289823
0.0291622
0.0293376
0.0295084
0.0296745
0.0298358
0.0299921
0.0301432
0.0302889
0.030429
0.0305631
0.0306911
0.0308126
0.0309275
0.0310355
0.0311365
0.0312303
0.0313169
0.031396
0.0314677
0.0315319
0.0315883
0.0316369
0.0316776
0.0317103
0.031735
0.0317515
0.0317598
0.0317598
0.0317514
0.0317347
0.0317096
0.0316761
0.0316341
0.0315837
0.0315249
0.0314578
0.0313822
0.0312984
0.0312063
0.031106
0.0309975
0.030881
0.0307564
0.0306239
0.0304836
0.0303356
0.03018
0.0300169
0.0298465
0.0296688
0.0294841
0.0292926
0.0290943
0.0288895
0.0286785
0.0284613
0.0282382
0.0280095
0.0277754
0.0275361
0.0272919
0.0270431
0.02679
0.0265328
0.026272
0.0260077
0.0257404
0.0254704
0.0251982
0.024924
0.0246483
0.0243715
0.0240941
0.0238165
0.0235392
0.0232627
0.0229873
0.0227137
0.0224424
0.0221739
0.0219086
0.0216471
0.0213899
0.0211375
0.0208905
0.0206494
0.0204147
0.0201868
0.0199662
0.0197536
0.0195493
0.0193537
0.0191674
0.0189909
0.0188244
0.0186684
0.0185233
0.0183895
0.0182672
0.0181568
0.0180586
0.0179728
0.0178997
0.0178393
0.0177918
0.0177574
0.0177361
0.0177278
0.0177326
0.0177503
0.0177809
0.0178242
0.01788
0.017948
0.0180279
0.0181195
0.0182223
0.018336
0.0184602
0.0185944
0.0187382
0.0188912
0.0190528
0.0192226
0.0194
0.0195846
0.0197759
0.0199733
0.0201764
0.0203823
0.0205874
0.0207972
0.0210113
0.0212292
0.0214505
0.0216748
0.0219018
0.0221308
0.0223614
0.0225933
0.0228259
0.0230589
0.0232876
0.023508
0.0237199
0.0239296
0.0241354
0.0243349
0.0245276
0.0247139
0.0248949
0.0250717
0.0252458
0.0254182
0.02559
0.0257618
0.0259343
0.0261078
0.0262828
0.0264594
0.0266373
0.0268163
0.0269958
0.027175
0.027353
0.027529
0.0277023
0.0278721
0.028038
0.0281988
0.0283536
0.0285025
0.0286461
0.0287844
0.0289169
0.029043
0.0291615
0.0292712
0.0293711
0.0294604
0.0295384
0.0296048
0.02966
0.0297043
0.0297386
0.0297638
0.0297809
0.0297909
0.0297945
0.0297923
0.0297847
0.0297717
0.0297532
0.029729
0.0296988
0.0296625
0.0296197
0.0295705
0.0295148
0.0294526
0.0293841
0.0293092
0.0292279
0.0291402
0.0290457
0.0289444
0.0288358
0.0287199
0.0285965
0.0284653
0.0283264
0.02818
0.0280261
0.0278651
0.0276971
0.0275225
0.0273416
0.0271546
0.0269617
0.026763
0.0265588
0.026349
0.0261338
0.0259133
0.0256877
0.0254572
0.0252219
0.0249823
0.0247385
0.0244909
0.0242398
0.0239857
0.0237289
0.0234699
0.023209
0.0229467
0.0226835
0.0224199
0.0221566
0.0218941
0.0216331
0.0213743
0.0211183
0.0208658
0.0206175
0.0203739
0.0201356
0.0199032
0.019677
0.0194575
0.0192452
0.0190405
0.0188436
0.0186549
0.0184747
0.0183034
0.0181413
0.0179885
0.0178455
0.0177123
0.0175894
0.0174767
0.0173745
0.0172831
0.0172024
0.0171326
0.0170738
0.0170262
0.0169896
0.0169643
0.0169501
0.0169469
0.0169549
0.0169737
0.0170032
0.0170433
0.0170936
0.017154
0.017224
0.0173034
0.0173918
0.0174887
0.0175939
0.0177069
0.0178272
0.0179546
0.0180885
0.0182286
0.0183745
0.0185259
0.0186823
0.0188434
0.0190089
0.0191784
0.0193518
0.0195285
0.0197084
0.0198912
0.0200765
0.0202642
0.0204538
0.0206453
0.0208382
0.0210324
0.0212276
0.0214237
0.0216203
0.0218173
0.0220146
0.0222119
0.0224091
0.022606
0.0228025
0.0229985
0.0231939
0.0233886
0.0235824
0.0237753
0.0239672
0.0241579
0.0243474
0.0245355
0.0247221
0.0249071
0.0250904
0.0252718
0.0254512
0.0256284
0.0258032
0.0259755
0.0261451
0.0263118
0.0264754
0.0266358
0.0267928
0.0269461
0.0270957
0.0272413
0.0273828
0.02752
0.0276528
0.0277809
0.0279043
0.0280228
0.0281361
0.0282443
0.0283471
0.0284444
0.028536
0.028622
0.0287021
0.0287762
0.028844
0.0289055
0.0289605
0.0290089
0.0290508
0.0290861
0.0291148
0.0291367
0.0291519
0.0291603
0.0291617
0.0291563
0.0291438
0.0291245
0.0290982
0.0290649
0.0290247
0.0289776
0.0289237
0.0288629
0.0287954
0.0287212
0.0286403
0.0285528
0.0284588
0.0283584
0.0282517
0.0281387
0.0280196
0.0278945
0.0277635
0.0276268
0.0274844
0.0273366
0.0271835
0.0270253
0.0268621
0.0266941
0.0265216
0.0263447
0.0261636
0.0259785
0.0257897
0.0255974
0.0254018
0.0252031
0.0250016
0.0247976
0.0245913
0.0243829
0.0241727
0.0239611
0.0237482
0.0235343
0.0233198
0.0231048
0.0228898
0.022675
0.0224607
0.0222472
0.0220347
0.0218237
0.0216144
0.021407
0.0212019
0.0209994
0.0207997
0.0206032
0.0204101
0.0202207
0.0200352
0.0198539
0.0196771
0.019505
0.0193379
0.0191759
0.0190193
0.0188683
0.0187231
0.0185839
0.0184509
0.0183243
0.0182042
0.0180908
0.0179843
0.0178847
0.0177923
0.0177071
0.0176292
0.0175587
0.0174958
0.0174405
0.0173928
0.0173529
0.0173207
0.0172963
0.0172797
0.0172708
0.0172698
0.0172766
0.0172911
0.0173132
0.0173431
0.0173805
0.0174253
0.0174776
0.0175372
0.0176039
0.0176776
0.0177583
0.0178456
0.0179395
0.0180398
0.0181463
0.0182588
0.0183771
0.0185009
0.01863
0.0187642
0.0189033
0.0190469
0.0191949
0.0193469
0.0195028
0.0196621
0.0198247
0.0199902
0.0201583
0.0203289
0.0205015
0.020676
0.020852
0.0210292
0.0212073
0.0213862
0.0215654
0.0217448
0.021924
0.0221028
0.022281
0.0224582
0.0226343
0.0228089
0.022982
0.0231531
0.0233222
0.0234889
0.0236531
0.0238145
0.023973
0.0241284
0.0242804
0.0244289
0.0245737
0.0247147
0.0248516
0.0249843
0.0251126
0.0252364
0.0253555
0.0254699
0.0255793
0.0256835
0.0257826
0.0258764
0.0259647
0.0260474
0.0261244
0.0261957
0.0262611
0.0263206
0.0263741
0.0264214
0.0264626
0.0264976
0.0265263
0.0265487
0.0265647
0.0265744
0.0265777
0.0265746
0.0265651
0.0265493
0.026527
0.0264985
0.0264637
0.0264226
0.0263754
0.026322
0.0262626
0.0261973
0.0261261
0.0260491
0.0259665
0.0258784
0.025785
0.0256862
0.0255824
0.0254737
0.0253602
0.025242
0.0251195
0.0249927
0.0248619
0.0247273
0.024589
0.0244473
0.0243023
0.0241544
0.0240038
0.0238506
0.0236951
0.0235376
0.0233784
0.0232175
0.0230555
0.0228923
0.0227285
0.0225641
0.0223996
0.0222351
0.0220709
0.0219074
0.0217447
0.0215832
0.0214232
0.0212649
0.0211086
0.0209546
0.0208032
0.0206547
0.0205093
0.0203673
0.0202289
0.0200946
0.0199644
0.0198386
0.0197176
0.0196014
0.0194905
0.0193848
0.0192848
0.0191905
0.0191022
0.0190199
0.018944
0.0188744
0.0188113
0.0187548
0.018705
0.018662
0.0186258
0.0185964
0.0185738
0.0185582
0.0185493
0.0185473
0.018552
0.0185633
0.0185813
0.0186057
0.0186365
0.0186736
0.0187167
0.0187658
0.0188207
0.0188812
0.0189472
0.0190185
0.0190948
0.019176
0.0192619
0.0193522
0.0194468
0.0195455
0.0196481
0.0197542
0.0198638
0.0199766
0.0200924
0.020211
0.0203321
0.0204557
0.0205814
0.020709
0.0208384
0.0209694
0.0211017
0.0212353
0.0213698
0.0215051
0.021641
0.0217773
0.0219139
0.0220506
0.0221872
0.0223235
0.0224595
0.0225948
0.0227294
0.0228631
0.0229958
0.0231273
0.0232574
0.0233861
0.0235131
0.0236384
0.0237618
0.0238832
0.0240025
0.0241194
0.024234
0.024346
0.0244554
0.0245621
0.0246659
0.0247667
0.0248644
0.024959
0.0250502
0.0251381
0.0252225
0.0253033
0.0253804
0.0254538
0.0255233
0.0255888
0.0256504
0.0257078
0.0257611
0.0258101
0.0258549
0.0258953
0.0259314
0.0259629
0.0259897
0.0260118
0.0260291
0.0260417
0.0260495
0.0260525
0.0260507
0.026044
0.0260325
0.0260161
0.0259947
0.0259684
0.0259371
0.0259009
0.0258596
0.0258134
0.0257622
0.025706
0.0256449
0.025579
0.0255082
0.0254325
0.0253521
0.025267
0.0251772
0.0250828
0.0249839
0.0248805
0.0247728
0.0246609
0.0245447
0.0244246
0.0243005
0.0241726
0.024041
0.0239059
0.0237674
0.0236257
0.0234809
0.0233332
0.0231829
0.02303
0.0228747
0.0227174
0.0225582
0.0223973
0.0222349
0.0220714
0.0219068
0.0217416
0.0215759
0.02141
0.0212441
0.0210787
0.0209138
0.0207499
0.0205872
0.0204261
0.0202667
0.0201095
0.0199548
0.0198027
0.0196538
0.0195082
0.0193663
0.0192284
0.0190948
0.0189657
0.0188416
0.0187226
0.0186091
0.0185014
0.0183996
0.018304
0.0182149
0.0181325
0.0180569
0.0179885
0.0179273
0.0178734
0.0178271
0.0177884
0.0177574
0.0177342
0.0177188
0.0177112
0.0177114
0.0177194
0.0177351
0.0177585
0.0177895
0.0178279
0.0178736
0.0179265
0.0179864
0.018053
0.0181263
0.0182059
0.0182917
0.0183833
0.0184806
0.0185833
0.0186911
0.0188037
0.0189209
0.0190424
0.0191679
0.0192971
0.0194298
0.0195656
0.0197043
0.0198456
0.0199893
0.020135
0.0202824
0.0204315
0.0205817
0.020733
0.0208851
0.0210378
0.0211907
0.0213437
0.0214965
0.021649
0.0218009
0.0219521
0.0221023
0.0222513
0.0223989
0.022545
0.0226894
0.022832
0.0229724
0.0231107
0.0232466
0.02338
0.0235108
0.0236387
0.0237637
0.0238857
0.0240044
0.0241198
0.0242318
0.0243402
0.0244449
0.0245459
0.0246429
0.0247359
0.0248249
0.0249096
0.02499
0.0250661
0.0251377
0.0252047
0.0252671
0.0253248
0.0253777
0.0254257
0.0254688
0.0255069
0.02554
0.025568
0.0255907
0.0256083
0.0256207
0.0256277
0.0256294
0.0256257
0.0256166
0.0256021
0.0255822
0.0255568
0.0255259
0.0254896
0.0254478
0.0254005
0.0253478
0.0252896
0.025226
0.025157
0.0250826
0.0250029
0.0249179
0.0248276
0.0247322
0.0246316
0.024526
0.0244154
0.0242999
0.0241795
0.0240544
0.0239247
0.0237905
0.0236519
0.0235089
0.0233619
0.0232107
0.0230557
0.022897
0.0227347
0.0225689
0.0224
0.0222279
0.022053
0.0218754
0.0216953
0.021513
0.0213287
0.0211425
0.0209547
0.0207657
0.0205755
0.0203845
0.020193
0.0200013
0.0198095
0.0196181
0.0194273
0.0192374
0.0190488
0.0188618
0.0186766
0.0184937
0.0183134
0.0181361
0.017962
0.0177916
0.0176251
0.017463
0.0173057
0.0171534
0.0170066
0.0168655
0.0167306
0.0166022
0.0164805
0.016366
0.0162589
0.0161596
0.0160682
0.015985
0.0159104
0.0158444
0.0157873
0.0157392
0.0157003
0.0156706
0.0156503
0.0156393
0.0156378
0.0156456
0.0156627
0.0156891
0.0157247
0.0157692
0.0158226
0.0158846
0.0159551
0.0160338
0.0161205
0.0162148
0.0163166
0.0164255
0.0165413
0.0166635
0.0167918
0.0169261
0.0170658
0.0172107
0.0173604
0.0175146
0.017673
0.0178352
0.0180009
0.0181698
0.0183415
0.0185158
0.0186923
0.0188708
0.0190509
0.0192323
0.0194149
0.0195983
0.0197823
0.0199665
0.0201509
0.0203351
0.0205189
0.020702
0.0208844
0.0210657
0.0212458
0.0214245
0.0216017
0.021777
0.0219504
0.0221217
0.0222908
0.0224575
0.0226216
0.0227831
0.0229417
0.0230974
0.0232501
0.0233996
0.0235458
0.0236887
0.0238282
0.0239641
0.0240962
0.0242246
0.0243491
0.0244695
0.024586
0.0246984
0.0248067
0.0249108
0.0250107
0.0251062
0.0251973
0.0252841
0.0253664
0.0254441
0.0255173
0.0255859
0.0256498
0.0257091
0.0257636
0.0258135
0.0258585
0.0258988
0.0259343
0.025965
0.0259909
0.0260119
0.026028
0.0260393
0.0260458
0.0260474
0.0260441
0.026036
0.026023
0.0260053
0.0259827
0.0259553
0.0259231
0.0258862
0.0258445
0.0257982
0.0257472
0.0256916
0.0256313
0.0255666
0.0254973
0.0254236
0.0253455
0.025263
0.0251763
0.0250853
0.0249902
0.0248911
0.0247879
0.0246808
0.0245698
0.0244551
0.0243367
0.0242147
0.0240892
0.0239604
0.0238283
0.023693
0.0235546
0.0234134
0.0232693
0.0231226
0.0229733
0.0228215
0.0226676
0.0225114
0.0223534
0.0221935
0.0220319
0.0218688
0.0217043
0.0215386
0.0213721
0.0212048
0.021037
0.0208687
0.0207002
0.0205315
0.0203629
0.0201947
0.020027
0.0198602
0.0196944
0.0195299
0.0193669
0.0192057
0.0190465
0.0188894
0.0187348
0.0185829
0.0184339
0.018288
0.0181456
0.0180069
0.0178721
0.0177415
0.0176153
0.0174938
0.0173771
0.0172656
0.0171593
0.0170585
0.0169634
0.0168742
0.0167911
0.016714
0.0166433
0.016579
0.0165212
0.0164701
0.0164256
0.0163879
0.0163571
0.016333
0.0163158
0.0163055
0.0163019
0.0163052
0.0163152
0.0163319
0.0163552
0.016385
0.0164211
0.0164635
0.0165121
0.0165666
0.0166269
0.0166929
0.0167643
0.016841
0.0169228
0.0170095
0.0171008
0.0171965
0.0172965
0.0174005
0.0175082
0.0176194
0.0177339
0.0178515
0.017972
0.018095
0.0182203
0.0183478
0.0184772
0.0186083
0.0187407
0.0188744
0.0190091
0.0191445
0.0192805
0.0194167
0.0195531
0.0196894
0.0198254
0.0199608
0.0200955
0.0202294
0.0203621
0.0204935
0.0206234
0.0207517
0.0208781
0.0210026
0.021125
0.021245
0.0213626
0.0214777
0.02159
0.0216996
0.0218061
0.0219097
0.0220101
0.0221073
0.0222011
0.0222915
0.0223784
0.0224618
0.0225415
0.0226176
0.0226899
0.0227584
0.0228231
0.0228839
0.0229408
0.0229938
0.0230427
0.0230877
0.0231287
0.0231656
0.0231985
0.0232273
0.023252
0.0232727
0.0232893
0.0233018
0.0233103
0.0233147
0.0233151
0.0233115
0.0233039
0.0232924
0.0232769
0.0232575
0.0232342
0.0232071
0.0231763
0.0231417
0.0231034
0.0230615
0.0230161
0.0229671
0.0229147
0.022859
0.0227999
0.0227377
0.0226723
0.0226039
0.0225326
0.0224584
0.0223814
0.0223018
0.0222197
0.0221351
0.0220482
0.0219591
0.021868
0.0217749
0.0216799
0.0215832
0.021485
0.0213854
0.0212844
0.0211823
0.0210792
0.0209752
0.0208705
0.0207652
0.0206595
0.0205535
0.0204475
0.0203414
0.0202355
0.02013
0.020025
0.0199207
0.0198172
0.0197147
0.0196133
0.0195132
0.0194147
0.0193177
0.0192225
0.0191293
0.0190382
0.0189493
0.0188628
0.0187789
0.0186978
0.0186194
0.0185441
0.018472
0.0184031
0.0183376
0.0182756
0.0182174
0.0181628
0.0181122
0.0180655
0.0180229
0.0179845
0.0179503
0.0179204
0.0178948
0.0178737
0.0178571
0.0178449
0.0178372
0.0178341
0.0178355
0.0178415
0.0178519
0.0178668
0.0178862
0.01791
0.0179381
0.0179705
0.0180071
0.0180478
0.0180926
0.0181414
0.0181939
0.0182502
0.0183101
0.0183735
0.0184402
0.0185102
0.0185832
0.0186591
0.0187379
0.0188192
0.018903
0.0189892
0.0190774
0.0191677
0.0192598
0.0193535
0.0194488
0.0195453
0.019643
0.0197417
0.0198413
0.0199414
0.0200421
0.0201432
0.0202445
0.0203458
0.020447
0.0205479
0.0206482
0.020748
0.0208469
0.020945
0.0210421
0.0211381
0.0212329
0.0213263
0.0214183
0.0215086
0.0215972
0.0216839
0.0217687
0.0218514
0.021932
0.0220103
0.0220863
0.0221599
0.0222309
0.0222994
0.0223653
0.0224284
0.0224888
0.0225463
0.0226009
0.0226526
0.0227013
0.0227469
0.0227894
0.0228289
0.0228652
0.0228983
0.0229282
0.0229549
0.0229784
0.0229986
0.0230156
0.0230292
0.0230397
0.0230468
0.0230507
0.0230513
0.0230487
0.0230429
0.0230339
0.0230217
0.0230063
0.0229877
0.0229661
0.0229414
0.0229136
0.0228829
0.0228491
0.0228125
0.022773
0.0227307
0.0226856
0.0226377
0.0225872
0.0225342
0.0224785
0.0224204
0.0223599
0.0222971
0.022232
0.0221647
0.0220953
0.0220239
0.0219504
0.0218751
0.0217981
0.0217194
0.0216393
0.0215576
0.0214745
0.02139
0.0213041
0.0212171
0.0211289
0.0210398
0.0209499
0.0208592
0.020768
0.0206763
0.0205843
0.020492
0.0203995
0.020307
0.0202147
0.0201226
0.0200308
0.0199395
0.0198489
0.0197591
0.0196702
0.0195824
0.0194958
0.0194105
0.0193267
0.0192445
0.019164
0.0190854
0.0190088
0.0189344
0.0188622
0.0187923
0.018725
0.0186602
0.0185981
0.0185389
0.0184826
0.0184294
0.0183792
0.0183322
0.0182885
0.0182481
0.0182112
0.0181778
0.0181479
0.0181216
0.0180989
0.0180799
0.0180647
0.0180531
0.0180453
0.0180413
0.018041
0.0180445
0.0180517
0.0180626
0.0180772
0.0180954
0.0181172
0.0181426
0.0181714
0.0182036
0.0182392
0.0182779
0.0183199
0.0183648
0.0184127
0.0184635
0.0185169
0.018573
0.0186315
0.0186923
0.0187553
0.0188204
0.0188873
0.0189561
0.0190264
0.0190982
0.0191713
0.0192455
0.0193206
0.0193966
0.0194732
0.0195503
0.0196277
0.0197052
0.0197828
0.0198601
0.0199372
0.0200137
0.0200896
0.0201648
0.020239
0.0203122
0.0203842
0.0204549
0.0205241
0.0205918
0.0206578
0.020722
0.0207843
0.0208446
0.0209028
0.0209588
0.0210126
0.0210641
0.0211131
0.0211597
0.0212037
0.0212452
0.021284
0.0213201
0.0213535
0.0213841
0.0214119
0.0214368
0.0214589
0.021478
0.0214943
0.0215076
0.0215179
0.0215253
0.0215297
0.0215311
0.0215295
0.0215249
0.0215174
0.0215069
0.0214934
0.0214769
0.0214575
0.0214352
0.02141
0.0213819
0.0213509
0.0213171
0.0212806
0.0212412
0.0211992
0.0211545
0.0211071
0.0210572
0.0210048
0.0209499
0.0208926
0.0208329
0.020771
0.0207069
0.0206407
0.0205724
0.0205022
0.02043
0.0203561
0.0202805
0.0202033
0.0201246
0.0200445
0.0199631
0.0198806
0.0197969
0.0197123
0.0196269
0.0195407
0.0194539
0.0193667
0.0192791
0.0191913
0.0191034
0.0190156
0.0189279
0.0188406
0.0187537
0.0186674
0.0185818
0.0184971
0.0184134
0.0183309
0.0182496
0.0181698
0.0180916
0.0180151
0.0179404
0.0178678
0.0177973
0.017729
0.0176632
0.0175999
0.0175393
0.0174815
0.0174266
0.0173748
0.0173261
0.0172807
0.0172387
0.0172002
0.0171652
0.0171339
0.0171064
0.0170827
0.0170628
0.017047
0.0170351
0.0170273
0.0170236
0.017024
0.0170285
0.0170371
0.0170499
0.0170669
0.017088
0.0171131
0.0171423
0.0171755
0.0172127
0.0172538
0.0172987
0.0173474
0.0173998
0.0174557
0.0175152
0.017578
0.0176441
0.0177133
0.0177856
0.0178609
0.0179389
0.0180195
0.0181028
0.0181883
0.0182762
0.0183661
0.018458
0.0185517
0.0186471
0.018744
0.0188422
0.0189417
0.0190422
0.0191437
0.0192459
0.0193487
0.019452
0.0195556
0.0196594
0.0197633
0.019867
0.0199705
0.0200735
0.0201761
0.020278
0.0203791
0.0204793
0.0205785
0.0206765
0.0207731
0.0208684
0.0209622
0.0210543
0.0211447
0.0212332
0.0213198
0.0214043
0.0214867
0.0215668
0.0216446
0.02172
0.0217928
0.0218631
0.0219307
0.0219956
0.0220577
0.0221169
0.0221732
0.0222265
0.0222768
0.0223239
0.0223679
0.0224087
0.0224463
0.0224806
0.0225116
0.0225395
0.022564
0.0225851
0.0226026
0.0226166
0.0226269
0.0226338
0.0226372
0.0226372
0.0226338
0.022627
0.0226169
0.0226033
0.0225862
0.0225658
0.0225419
0.0225147
0.022484
0.02245
0.0224127
0.0223722
0.0223284
0.0222815
0.0222314
0.0221782
0.0221219
0.0220627
0.0220005
0.0219354
0.0218675
0.0217968
0.0217234
0.0216474
0.0215688
0.0214878
0.0214043
0.0213184
0.0212304
0.0211401
0.0210478
0.0209535
0.0208573
0.0207592
0.0206595
0.0205582
0.0204554
0.0203512
0.0202457
0.020139
0.0200313
0.0199226
0.0198131
0.0197029
0.0195921
0.0194808
0.0193691
0.0192573
0.0191453
0.0190334
0.0189217
0.0188102
0.0186992
0.0185887
0.018479
0.0183701
0.0182622
0.0181554
0.0180499
0.0179458
0.0178432
0.0177423
0.0176432
0.0175461
0.017451
0.0173582
0.0172677
0.0171797
0.0170944
0.0170118
0.016932
0.0168553
0.0167816
0.0167112
0.0166441
0.0165804
0.0165203
0.0164638
0.016411
0.016362
0.0163169
0.0162758
0.0162387
0.0162057
0.0161768
0.0161521
0.0161316
0.0161154
0.0161034
0.0160957
0.0160922
0.016093
0.0160981
0.0161073
0.0161208
0.0161384
0.0161601
0.0161858
0.0162154
0.016249
0.0162863
0.0163274
0.0163721
0.0164203
0.0164718
0.0165267
0.0165848
0.0166459
0.0167099
0.0167767
0.0168461
0.0169181
0.0169924
0.0170689
0.0171475
0.017228
0.0173103
0.0173942
0.0174796
0.0175664
0.0176543
0.0177432
0.017833
0.0179236
0.0180147
0.0181063
0.0181981
0.0182902
0.0183822
0.0184742
0.0185659
0.0186572
0.018748
0.0188382
0.0189276
0.0190161
0.0191037
0.0191901
0.0192754
0.0193593
0.0194418
0.0195228
0.0196021
0.0196797
0.0197556
0.0198295
0.0199015
0.0199714
0.0200392
0.0201049
0.0201682
0.0202292
0.0202878
0.020344
0.0203977
0.0204488
0.0204974
0.0205433
0.0205865
0.020627
0.0206647
0.0206997
0.0207319
0.0207613
0.0207878
0.0208115
0.0208323
0.0208503
0.0208654
0.0208776
0.020887
0.0208934
0.0208971
0.0208979
0.0208959
0.0208911
0.0208835
0.0208731
0.0208601
0.0208443
0.0208259
0.0208048
0.0207812
0.0207551
0.0207264
0.0206953
0.0206619
0.020626
0.020588
0.0205476
0.0205052
0.0204606
0.0204139
0.0203654
0.0203149
0.0202626
0.0202085
0.0201527
0.0200953
0.0200364
0.0199761
0.0199144
0.0198513
0.0197871
0.0197218
0.0196554
0.019588
0.0195198
0.0194508
0.0193811
0.0193108
0.01924
0.0191688
0.0190972
0.0190254
0.0189534
0.0188814
0.0188094
0.0187375
0.0186659
0.0185945
0.0185235
0.018453
0.0183831
0.0183139
0.0182454
0.0181777
0.018111
0.0180453
0.0179807
0.0179173
0.0178552
0.0177944
0.0177351
0.0176773
0.017621
0.0175665
0.0175137
0.0174627
0.0174136
0.0173664
0.0173213
0.0172782
